   2.6284789e-01  -2.9895340e-01  -1.1524362e-01   1.0122174e+00   4.6821497e-01  -1.4025513e+00  -1.5553495e+00  -1.5732160e+00  -1.6708585e+00  -1.1784430e+00  -1.1665821e+00  -1.6653911e+00  -1.9363557e+00  -1.9158858e+00  -1.8460156e+00  -1.6284140e+00
   6.8000133e-03  -1.6244452e-01   1.7136159e-02   3.5105321e-01  -3.5348952e-01  -1.3845201e+00  -1.1491789e+00  -1.5578041e+00  -1.8543260e+00  -1.5098587e+00  -1.0135601e+00  -1.6527796e+00  -1.6682089e+00  -1.6225622e+00  -1.4071586e+00  -1.5825969e+00
   9.3909584e-01   2.8415255e-01   5.1152654e-02   7.5294929e-01   1.5020751e-02  -1.6299201e+00  -1.4954369e+00  -1.6900416e+00  -1.8132517e+00  -1.5634612e+00  -1.1025590e+00  -1.7217143e+00  -1.4423185e+00  -1.4022391e+00  -1.4004631e+00  -1.3558064e+00
   4.4247846e-01  -1.3867890e-01   5.3085887e-03   3.6250551e-01  -9.4621396e-02  -1.1014094e+00  -1.6506635e+00  -1.5320585e+00  -1.6723277e+00  -1.6302467e+00  -1.1967856e+00  -1.9472266e+00  -1.6981459e+00  -1.6182111e+00  -1.4204236e+00  -1.2533602e+00
   2.6515977e-02   2.0932618e-01   8.8312806e-02  -1.5216851e-01  -2.3631123e-01  -1.1638243e+00  -1.3291994e+00  -1.6918846e+00  -1.6808213e+00  -1.4442854e+00  -1.0146662e+00  -1.8543291e+00  -1.6380063e+00  -1.4204406e+00  -1.3100836e+00  -1.1313790e+00
   9.4652353e-01   1.2385042e-02  -9.6268253e-02   5.6142615e-01   1.5810497e-01  -5.6866659e-01  -8.8155042e-01  -1.7749631e+00  -2.0979183e+00  -1.6089722e+00  -7.8536850e-01  -1.9310927e+00  -1.8547410e+00  -1.4821731e+00  -1.2258575e+00  -1.1263396e+00
   5.8331614e-01   1.5190378e-01  -4.1239502e-01   1.0230293e+00   5.0284731e-02  -8.8388527e-01  -1.2933628e+00  -1.7618757e+00  -1.8156188e+00  -1.5100951e+00  -8.4522587e-01  -1.6062114e+00  -1.6976321e+00  -1.8000026e+00  -1.4617096e+00  -1.1307267e+00
   7.4948979e-01   4.0718458e-01  -6.5882705e-02   4.5396140e-01  -7.9156744e-01  -1.1122382e+00  -1.0255604e+00  -1.9228325e+00  -2.0672056e+00  -1.6204024e+00  -1.1828059e+00  -1.8257933e+00  -2.0329841e+00  -1.4084912e+00  -1.5807359e+00  -1.2741051e+00
  -2.9248696e-02  -5.8998286e-01  -7.1470706e-01   6.3319572e-01   1.0315616e-01  -8.6664376e-01  -1.3682724e+00  -1.7435987e+00  -1.5240029e+00  -1.3146128e+00  -8.5061203e-01  -1.8587260e+00  -1.9207208e+00  -1.5226270e+00  -1.4032750e+00  -1.2691399e+00
  -7.3214099e-01   1.6084264e-01  -4.6983209e-01   2.6749456e-01   5.7347896e-02  -1.0458015e+00  -1.5602891e+00  -1.9079864e+00  -1.7240942e+00  -1.4691666e+00  -1.0518257e+00  -2.1716291e+00  -1.9195340e+00  -1.5171410e+00  -1.2607739e+00  -1.3220983e+00
   3.6013517e-01  -2.0839937e-01  -4.6075787e-01  -1.6732748e-01  -6.6609321e-01  -1.2983153e+00  -1.4661545e+00  -1.7632503e+00  -1.6764826e+00  -1.4166024e+00  -9.3321192e-01  -1.9798045e+00  -1.7052332e+00  -1.4439164e+00  -1.5330832e+00  -1.3523087e+00
   7.2886407e-01   6.2302244e-02  -8.2955042e-01   4.1992190e-01   1.0307733e-01  -1.1367796e+00  -1.3993026e+00  -1.4822401e+00  -1.6475137e+00  -1.5109338e+00  -1.0422807e+00  -2.1484420e+00  -1.4846588e+00  -1.4250382e+00  -1.0973190e+00  -1.1690550e+00
   1.8158382e-01  -6.4171608e-02   5.9228663e-03  -2.1226525e-01  -6.7386946e-01  -1.4827881e+00  -1.0635889e+00  -1.2617494e+00  -1.6857642e+00  -1.4701898e+00  -9.5974280e-01  -1.7239457e+00  -1.6383177e+00  -1.6790780e+00  -1.4257374e+00  -1.3176998e+00
   1.8356986e-01  -8.6906513e-02  -6.3952761e-01   5.4547201e-01   1.2141604e-01  -1.8537944e+00  -1.1085440e+00  -1.5275249e+00  -1.8489352e+00  -1.2002777e+00  -1.0138426e+00  -1.9914304e+00  -1.8895983e+00  -1.7892569e+00  -1.6661454e+00  -1.5407735e+00
   1.6217158e-01  -1.1624298e-01   2.7969107e-01   8.9764317e-01   3.9691435e-01  -6.6769275e-01  -1.3205642e+00  -1.5558814e+00  -1.7834748e+00  -1.0798352e+00  -9.1019794e-01  -1.9229629e+00  -1.8051172e+00  -1.6613501e+00  -1.7720824e+00  -1.3724502e+00
   4.3777790e-01  -2.0163544e-01  -1.4643260e-01   5.7042881e-02  -3.3585797e-01  -1.2594094e+00  -1.1326485e+00  -1.6226001e+00  -1.7729648e+00  -1.3460723e+00  -1.0340151e+00  -1.9533292e+00  -1.9060105e+00  -1.7567338e+00  -1.5205519e+00  -1.1405097e+00
   1.2415009e+00   4.1056887e-01   9.0004011e-02   3.6740964e-01  -5.6005202e-02  -1.0726279e+00  -1.3447838e+00  -1.8905901e+00  -1.6095128e+00  -1.3526813e+00  -1.1073756e+00  -2.0032874e+00  -1.6446530e+00  -1.6296287e+00  -1.2527073e+00  -1.0950211e+00
   4.3575155e-01   2.2637514e-01  -2.7106320e-01   1.0635648e+00   2.5626572e-01  -1.0301890e+00  -1.5434091e+00  -1.9553300e+00  -1.4207950e+00  -1.3357777e+00  -1.0597834e+00  -1.8561944e+00  -1.7166090e+00  -1.5009021e+00  -1.5289281e+00  -1.1354794e+00
  -6.4374596e-02   2.5880409e-01  -2.7676206e-01   1.3421827e-01  -6.0722020e-01  -1.1048777e+00  -1.2972984e+00  -1.4928242e+00  -1.5864020e+00  -1.6537533e+00  -1.2611008e+00  -1.8797489e+00  -1.7689146e+00  -1.4980434e+00  -1.5963043e+00  -1.1297214e+00
   9.2992036e-02  -4.5581917e-01  -6.7100197e-01   1.7892396e-01  -1.7273769e-01  -7.8861925e-01  -1.6270864e+00  -1.7341853e+00  -1.6058303e+00  -1.7007320e+00  -1.3964974e+00  -1.9514072e+00  -1.8057385e+00  -1.5626961e+00  -1.6261582e+00  -1.1757749e+00
   7.0427186e-01  -2.2101284e-01  -3.1340231e-01   7.6489087e-01   1.2498874e-01  -9.5441963e-01  -1.7300580e+00  -1.8186490e+00  -1.6252572e+00  -1.2382063e+00  -1.2003444e+00  -2.0353115e+00  -1.6111015e+00  -1.5096081e+00  -1.7101386e+00  -1.2976105e+00
   2.2705384e-01  -2.9781474e-01  -3.6565175e-01   4.7402466e-01  -4.7813810e-03  -8.3163863e-01  -1.3048584e+00  -1.6819510e+00  -1.9306862e+00  -1.3624745e+00  -9.5376296e-01  -1.8475184e+00  -2.0252251e+00  -1.8215315e+00  -1.5840362e+00  -1.3703687e+00
  -1.3127565e-01  -1.0201045e+00  -4.2219886e-01   1.8147190e-01  -5.7037985e-01  -7.9721991e-01  -1.6624679e+00  -1.7957641e+00  -2.1944107e+00  -1.1103495e+00  -1.0267786e+00  -2.0153049e+00  -2.0229823e+00  -1.7396268e+00  -1.7333263e+00  -1.3087020e+00
  -2.7471913e-02  -2.1507333e-01  -4.9347463e-01   3.7369709e-01  -4.7192603e-01  -9.7111271e-01  -1.6406283e+00  -1.8993102e+00  -1.8306584e+00  -1.2913593e+00  -9.5944310e-01  -1.6413767e+00  -1.7264728e+00  -1.6526604e+00  -1.5381434e+00  -1.1207181e+00
   6.7988148e-02   2.4355688e-01   2.9989715e-02   6.3612877e-02  -7.4949479e-02  -6.8482879e-01  -1.0139503e+00  -1.9223625e+00  -1.8803494e+00  -1.4600572e+00  -9.6425360e-01  -1.3728495e+00  -1.4659017e+00  -1.7952174e+00  -1.6699049e+00  -1.2893048e+00
   5.4516529e-01   5.2045709e-01   7.6672406e-02   3.7589701e-01  -2.4699105e-02  -7.7003551e-01  -1.5960793e+00  -1.6337446e+00  -1.8181996e+00  -1.3847759e+00  -9.1939796e-01  -1.7149899e+00  -1.6619312e+00  -1.5148577e+00  -1.3854248e+00  -1.4430770e+00
   6.7937969e-01   4.8035061e-01   1.9399621e-01   3.4000780e-01  -1.9811804e-01  -1.4505674e+00  -1.4007563e+00  -1.8519921e+00  -1.8477370e+00  -1.2721279e+00  -9.7615059e-01  -1.5998340e+00  -1.6230999e+00  -1.4950849e+00  -1.1771390e+00  -1.3040089e+00
   3.4835572e-01  -1.4442052e-01  -2.0491778e-01   5.2509646e-01   8.4804115e-02  -1.3732506e+00  -1.5369426e+00  -1.5560245e+00  -1.5963568e+00  -1.2819430e+00  -1.0366249e+00  -1.8577416e+00  -1.8546638e+00  -1.8183369e+00  -1.2181778e+00  -1.1826424e+00
   6.2065177e-01  -6.7787624e-02  -7.6311937e-01   2.1852690e-01   1.5627823e-01  -1.2871939e+00  -1.3961477e+00  -1.5691793e+00  -1.4248143e+00  -1.3054214e+00  -1.1244256e+00  -1.8318126e+00  -1.7498304e+00  -1.7339789e+00  -1.5960779e+00  -1.1370761e+00
   4.9952620e-02   5.6916166e-01   4.0340259e-03   4.8687749e-01   1.0871929e-01  -1.0820164e+00  -1.3616071e+00  -1.4302919e+00  -1.4544512e+00  -1.4249938e+00  -9.3218757e-01  -1.4215726e+00  -1.8145283e+00  -1.3310745e+00  -1.2059841e+00  -9.2430151e-01
   2.9798168e-01   6.1262616e-02  -1.1721336e-02   6.8000113e-01   2.9696737e-01  -6.7085779e-01  -6.9440368e-01  -6.6194210e-01  -2.7050077e-01  -5.0092379e-01   3.4082649e-02   5.9518350e-02  -2.6778847e-01  -2.5756939e-02   5.0206803e-01   5.6422789e-01
   3.1956343e-01  -3.3422070e-01  -2.4195537e-01   3.4533754e-01  -7.2046794e-02  -1.1020388e+00  -1.0162124e+00  -9.6696176e-01  -9.2164262e-01  -6.6032348e-01  -1.9687244e-01  -3.1407243e-01  -9.2415609e-01  -5.4635607e-01   2.5673312e-01   3.5905249e-01
   3.2471541e-01   1.1710324e+00   8.2335140e-01   5.6011094e-01  -6.9212358e-01  -9.5262895e-01  -1.0934374e+00  -1.1709430e+00  -1.5212621e+00  -1.2587960e+00  -7.1267698e-01  -9.1267857e-02  -3.4761850e-01  -9.5535397e-01  -4.1324679e-01  -2.9065275e-01
   1.2304479e+00   1.5931459e+00   7.2275404e-01   7.7687600e-01   2.8823298e-01  -8.7238208e-01  -1.2704689e+00  -1.2163925e+00  -1.3064857e+00  -1.0012457e+00  -2.8839966e-01   8.4440334e-01   4.1785731e-01  -6.0676936e-02   4.2856158e-01  -7.2841255e-01
   7.9291989e-01   1.6008677e+00   1.2269064e+00   1.1156909e+00   3.9665327e-01  -5.8344205e-01  -1.2453382e+00  -1.3199605e+00  -1.3738623e+00  -8.7452757e-01  -1.5408690e-01   1.0608606e+00   7.9461398e-01   4.4402681e-01   9.2273379e-01  -8.0842347e-01
   9.9894134e-01   1.8062590e+00   1.2829251e+00   1.0668496e+00   1.4788739e-02  -8.7901507e-01  -9.9310051e-01  -1.4288066e+00  -1.2735332e+00  -9.0237214e-01  -3.0681792e-01   1.1189469e+00   9.4014422e-01   6.6051984e-01   1.1465140e+00  -7.0955963e-01
   8.0845375e-01   1.6725473e+00   1.3348586e+00   1.2111300e+00   1.6462308e-01  -7.6408097e-01  -1.0898712e+00  -1.6984700e+00  -1.7751357e+00  -1.2172624e+00  -4.3819166e-01   1.2303349e+00   1.0220192e+00   8.3914262e-01   1.2426389e+00  -4.8394105e-01
   1.0503842e+00   1.7798794e+00   1.4650855e+00   8.1967133e-01  -3.1658772e-01  -9.7367593e-01  -1.0333674e+00  -1.5125519e+00  -1.1845834e+00  -1.2103282e+00  -4.7808641e-01   1.1364373e+00   1.1554619e+00   8.1565409e-01   1.0596620e+00  -3.0564873e-01
   1.1517011e+00   1.7879181e+00   1.4062237e+00   9.4070574e-01  -2.8931141e-01  -6.4784197e-01  -1.4769010e+00  -1.7293283e+00  -1.4078295e+00  -1.1696336e+00  -3.6936446e-01   1.2705777e+00   1.3816433e+00   9.6156709e-01   1.2723780e+00  -5.1634328e-01
   7.8559091e-01   1.5869296e+00   1.2332708e+00   7.0521800e-01  -2.2862313e-01  -7.0667145e-01  -1.7161560e+00  -1.6013129e+00  -1.0110755e+00  -1.1518319e+00  -3.5929872e-01   1.2614465e+00   1.4489351e+00   9.7334481e-01   1.1787187e+00  -4.8183333e-01
   9.2656939e-01   1.4279840e+00   1.2385671e+00   7.7663273e-01  -7.6141838e-02  -7.7396831e-01  -1.1379197e+00  -1.5993176e+00  -1.2278157e+00  -1.1526085e+00  -2.2464634e-01   1.3936677e+00   1.4989804e+00   1.1131960e+00   1.3176234e+00  -5.7193429e-01
   8.3374204e-01   1.5841449e+00   1.3668390e+00   1.2963356e+00  -9.7888785e-02  -5.9572927e-01  -1.0020964e+00  -1.2567999e+00  -1.4144597e+00  -1.1373260e+00  -4.0467281e-01   1.3299858e+00   1.3785719e+00   1.0388465e+00   1.1750193e+00  -5.4006117e-01
   1.1274001e+00   1.7703367e+00   1.3515368e+00   1.2694441e+00  -1.0644384e-01  -6.4778115e-01  -1.3260369e+00  -9.8970978e-01  -9.0484738e-01  -9.4074317e-01  -3.9693874e-01   1.2596486e+00   1.4099344e+00   1.0303961e+00   1.0192197e+00  -4.7460088e-01
   8.6148741e-01   1.6968575e+00   1.3543777e+00   9.5560711e-01   1.9395143e-01  -8.7955128e-01  -7.9732629e-01  -9.7972342e-01  -7.2657805e-01  -8.1550340e-01  -3.6614672e-01   1.2683502e+00   1.3935712e+00   8.8337876e-01   9.3578434e-01  -5.0428003e-01
   9.6057970e-01   1.7005633e+00   1.2753952e+00   1.0909865e+00   4.3115553e-01  -9.1929648e-01  -7.5123783e-01  -7.8476896e-01  -6.2382570e-01  -9.8718915e-01  -4.2918060e-01   1.3181713e+00   1.4400894e+00   9.9243967e-01   1.0666918e+00  -5.6672363e-01
   9.9699215e-01   1.6739968e+00   1.4779496e+00   1.2287918e+00   2.9930703e-01  -6.1541273e-01  -1.6480540e+00  -1.1080293e+00  -4.1399228e-01  -7.7482414e-01  -1.9615273e-01   1.2212199e+00   1.3297331e+00   1.0324868e+00   1.1691304e+00  -5.4135828e-01
   1.0506125e+00   1.9170524e+00   1.2472627e+00   8.2960581e-01  -1.9232325e-01  -5.6909735e-01  -9.7029540e-01  -9.0791132e-01  -7.0978096e-01  -7.7898868e-01  -3.3898955e-01   1.2534703e+00   1.2993720e+00   7.8173065e-01   8.6206449e-01  -5.2667693e-01
   7.9967405e-01   1.7815618e+00   1.2600038e+00   7.6703071e-01   8.3921036e-02  -8.2880508e-01  -1.1903160e+00  -1.2642627e+00  -6.3515154e-01  -7.2765182e-01  -4.5480705e-01   1.1769879e+00   1.2354004e+00   9.3942563e-01   1.0374447e+00  -3.1759927e-01
   9.9601268e-01   1.7318092e+00   1.2180288e+00   9.5412413e-01  -3.3826478e-01  -9.0058872e-01  -1.3785579e+00  -1.6498722e+00  -1.3277903e+00  -1.0513896e+00  -5.6256982e-01   1.2500406e+00   1.2663946e+00   8.6343288e-01   9.8328486e-01  -4.7612445e-01
   8.8788054e-01   1.7536310e+00   1.2206448e+00   1.0027218e+00  -2.2505554e-01  -6.7049798e-01  -1.2136352e+00  -1.7096271e+00  -1.5203232e+00  -1.3544958e+00  -6.8184943e-01   9.6535206e-01   8.0845512e-01   6.8966975e-01   9.4678841e-01  -5.3608021e-01
   1.1276809e+00   1.6711490e+00   1.2331705e+00   9.3866211e-01  -1.3018998e-01  -1.2043819e+00  -1.3142249e+00  -1.3514583e+00  -1.5140291e+00  -1.3692709e+00  -7.0958798e-01   1.0392058e+00   1.0997276e+00   7.1793808e-01   1.0397378e+00  -5.4546135e-01
   8.0172753e-01   1.5806969e+00   9.0865512e-01   8.8060284e-01  -2.8025686e-01  -1.3553532e+00  -1.5095010e+00  -1.2945804e+00  -1.2309682e+00  -1.1032107e+00  -5.7703098e-01   8.0310042e-01   8.9142625e-01   3.9560764e-01   7.9897381e-01  -6.3411223e-01
   4.7189529e-01   1.4356131e+00   8.5716482e-01   6.9897263e-01   2.0063115e-01  -5.9883896e-01  -9.8492360e-01  -9.7840319e-01  -7.8519779e-01  -9.4172349e-01  -4.7645627e-01   5.8045234e-01   7.8986491e-01   9.4871698e-02   3.5425932e-01  -6.4092938e-01
   1.0619846e+00   1.6755220e+00   9.4412153e-01   9.9418717e-01   3.7883646e-01  -7.1342864e-01  -1.2820860e+00  -1.2189616e+00  -1.3104218e+00  -1.3738004e+00  -7.1481104e-01   6.3771147e-01   5.5410013e-01  -2.9356028e-01   2.0329413e-01  -6.2923768e-01
   6.4559467e-01   1.6757921e+00   7.9628111e-01   9.0439861e-01   1.6408027e-01  -1.1639819e+00  -1.6611293e+00  -2.0896583e+00  -1.4826905e+00  -1.4093258e+00  -8.8123786e-01   1.4779676e-01   6.2566156e-03  -8.2608385e-01  -2.3390686e-02  -8.2669424e-01
   3.8831054e-01   1.4668086e+00   6.3525202e-01   1.2287594e+00   7.8246391e-01  -8.5088333e-01  -8.5628186e-01  -1.4870686e+00  -1.6283507e+00  -1.2631709e+00  -1.1224561e+00  -1.9646740e-01  -3.5536575e-01  -9.4259386e-01  -2.6860098e-01  -1.0724756e+00
   3.8997768e-01   1.1942959e+00   6.6334418e-01   9.2016761e-01   5.9809619e-01  -6.8640256e-01  -1.0177228e+00  -1.3289126e+00  -1.8543661e+00  -1.2798267e+00  -9.7888712e-01  -7.2690323e-01  -5.8669928e-01  -1.0090763e+00  -1.9167926e-01  -1.2036735e+00
   8.7111924e-01   1.3264237e+00   3.4634090e-01   6.9863817e-01   2.3780241e-01  -9.2573713e-01  -7.9274780e-01  -1.4094733e+00  -1.7312638e+00  -1.1209170e+00  -1.1291427e+00  -9.6150652e-01  -9.3372193e-01  -1.2027116e+00  -6.0812596e-01  -1.1307616e+00
   8.2517860e-01   1.1736062e+00   2.3249872e-01   8.0510895e-01   1.3560269e-02  -1.0937175e+00  -9.8048789e-01  -1.6722520e+00  -1.7015442e+00  -1.3152884e+00  -1.0318666e+00  -1.1534612e+00  -1.1101860e+00  -1.1385076e+00  -7.3717874e-01  -1.2341579e+00
   5.2020627e-01   1.1356341e+00  -1.9046045e-01   5.9515378e-01   1.0395496e-01  -8.0788923e-01  -1.0813913e+00  -1.4342346e+00  -1.9508625e+00  -1.3180691e+00  -1.0828155e+00  -1.2508751e+00  -1.3789520e+00  -1.4325965e+00  -1.5027008e+00  -1.4699617e+00
   8.6925540e-01   9.3708488e-01   1.6617478e-01   9.7418973e-01   2.8839609e-01  -1.1139134e+00  -1.0668330e+00  -1.6387005e+00  -1.9271090e+00  -1.1652720e+00  -1.1316417e+00  -1.6015005e+00  -1.7985423e+00  -1.6934905e+00  -1.2332907e+00  -1.2216486e+00
   5.4668045e-01   5.0681127e-01   5.9477777e-01   8.7880069e-01   1.1463016e-01  -1.4154350e+00  -1.2199591e+00  -1.1743974e+00  -1.5054841e+00  -1.3813685e+00  -1.0943853e+00  -1.8465439e+00  -1.8024938e+00  -1.7440351e+00  -1.5320176e+00  -1.0972353e+00
   8.6673676e-01   3.9095649e-01   5.0492628e-01   4.3669679e-01  -3.3040685e-01  -1.4974752e+00  -1.1751162e+00  -1.5012711e+00  -1.5629052e+00  -1.4106771e+00  -1.0236894e+00  -1.6734332e+00  -1.7638245e+00  -1.9182132e+00  -1.4718437e+00  -1.3404402e+00
   2.5040942e-01   6.7861291e-01  -3.4409990e-02   7.2882011e-01   3.3323982e-01  -1.0408638e+00  -1.3082953e+00  -1.7583055e+00  -1.9047116e+00  -1.4470636e+00  -1.0033435e+00  -1.7534177e+00  -1.7721852e+00  -1.6728924e+00  -1.6810681e+00  -1.1634869e+00
   4.0303111e-01   3.5443653e-01   2.3579992e-03   9.4757823e-01   3.5527476e-01  -1.0731070e+00  -1.2167491e+00  -1.7525646e+00  -1.5433603e+00  -1.3353683e+00  -9.9579956e-01  -1.9094918e+00  -1.3741246e+00  -1.5426191e+00  -1.2756941e+00  -1.3078474e+00
   5.3614202e-01   4.2800513e-02  -4.1549797e-01   6.3022362e-01   2.4356424e-01  -1.2302989e+00  -8.6043556e-01  -9.8855212e-01  -1.1553412e+00  -1.3406498e+00  -9.5928726e-01  -2.0304713e+00  -1.6881054e+00  -1.3300085e+00  -1.3074567e+00  -1.2927150e+00
  -1.5509626e-01  -3.8925659e-01   1.0234256e-01  -4.7766733e-03  -5.9108570e-01  -1.5101427e+00  -1.5457497e+00  -1.7735038e+00  -1.7725690e+00  -1.3549207e+00  -9.9163538e-01  -1.6459933e+00  -1.6959266e+00  -1.5674497e+00  -1.3591866e+00  -1.3472599e+00
   5.1601216e-01   5.1385709e-01   3.4697471e-02   6.2398014e-01   5.9769926e-02  -1.0214459e+00  -1.5400206e+00  -1.5123288e+00  -1.5333453e+00  -1.1650050e+00  -9.4576240e-01  -1.5486385e+00  -1.4826313e+00  -1.2605267e+00  -1.2570722e+00  -1.1596985e+00
   5.3252155e-01   1.1181502e-01   5.6190660e-02   5.2623629e-01   5.7051811e-02  -1.0209506e+00  -1.3784452e+00  -1.3117068e+00  -9.0360878e-01  -9.7085391e-01  -9.1352041e-01  -1.0966772e+00  -7.9153191e-01  -5.4350725e-01  -6.8931545e-01   9.9156884e-02
   3.1461498e-01   3.4208600e-01  -2.9232115e-01  -2.1378176e-01  -1.9854535e-01  -9.5239908e-01  -1.3150124e+00  -1.2972586e+00  -1.2357136e+00  -1.1207248e+00  -9.0503641e-01  -1.1937350e+00  -8.7602248e-01  -7.5762929e-01  -8.5823253e-01  -2.7625478e-01
   3.3219489e-01   1.5028415e-01  -3.7410233e-01   5.2759514e-01  -1.1242335e-01  -9.0336788e-01  -1.6418771e+00  -1.6866840e+00  -1.4733129e+00  -1.3326223e+00  -1.0099500e+00  -1.7564654e+00  -1.3361322e+00  -1.1652711e+00  -1.1764091e+00  -1.1122908e+00
   4.4926310e-01   2.3991152e-01   3.5345690e-01   3.1088412e-01  -5.2832860e-01  -7.5498071e-01  -1.3297421e+00  -1.9948377e+00  -1.2293744e+00  -8.3043629e-01  -6.4441721e-01  -9.3130516e-01  -6.4388553e-01  -5.5293282e-01  -1.2900313e+00  -1.1688961e+00
   9.6196909e-01   4.4578942e-01  -3.5740918e-01   7.1560997e-01   8.5374992e-03  -9.6731471e-01  -1.1544791e+00  -1.5594436e+00  -1.7026537e+00  -1.3401114e+00  -1.0686027e+00  -1.5952835e+00  -1.3790369e+00  -1.3720084e+00  -1.4374154e+00  -1.3166588e+00
   4.6180761e-01  -1.3898471e-01  -2.0808872e-01   5.1645595e-01   3.0541571e-02  -1.5077628e+00  -1.3478973e+00  -1.6022456e+00  -1.4461416e+00  -1.6692348e+00  -1.1571118e+00  -1.7972421e+00  -1.5896126e+00  -1.8215655e+00  -1.3864149e+00  -1.2387951e+00
   4.5888056e-01   4.0469354e-01  -1.9890325e-01   7.4916035e-01  -1.4369529e-03  -1.0123414e+00  -1.1081452e+00  -1.3046758e+00  -1.5002934e+00  -1.3514098e+00  -1.0535130e+00  -1.6380121e+00  -1.4212700e+00  -1.4353059e+00  -1.2507084e+00  -1.6401424e+00
   2.8288575e-01   5.7127940e-01   7.2551668e-02   4.9678732e-01   2.1586760e-01  -1.1623080e+00  -1.2953308e+00  -1.4909609e+00  -1.7580119e+00  -1.2306508e+00  -1.0984433e+00  -2.2261142e+00  -1.7361139e+00  -1.5806877e+00  -1.4499532e+00  -1.2520552e+00
   6.3481342e-01  -2.5175517e-01  -1.0060879e-01   8.3315329e-01   2.3510483e-01  -1.0045642e+00  -1.5739751e+00  -1.5848575e+00  -1.9160912e+00  -1.3664859e+00  -1.2057065e+00  -2.0619366e+00  -1.4146447e+00  -1.5395864e+00  -1.4759406e+00  -1.2169865e+00
   4.7101466e-02  -1.5258721e-02  -1.2763957e-01   5.8926445e-01  -2.4522733e-01  -1.2321100e+00  -1.1135485e+00  -1.8271325e+00  -1.7955881e+00  -1.4194308e+00  -1.1244797e+00  -1.9307952e+00  -1.7790880e+00  -1.3610235e+00  -1.3134628e+00  -9.6123851e-01
   5.2132241e-01   4.4138789e-02  -1.8222986e-01  -4.0850587e-01  -2.6412464e-01  -1.2168378e+00  -1.1073030e+00  -1.6303399e+00  -1.8102756e+00  -1.5917903e+00  -1.3036758e+00  -1.8491839e+00  -1.8418469e+00  -1.6497196e+00  -1.3750542e+00  -1.3948076e+00
   6.3160456e-01   4.3037192e-01   1.6936049e-01   3.1759448e-01  -6.2053444e-02  -1.1857383e+00  -1.6792881e+00  -1.7681288e+00  -1.7997957e+00  -1.5486342e+00  -9.6464739e-01  -1.8512355e+00  -1.5730590e+00  -1.5218707e+00  -1.4506277e+00  -1.3006771e+00
   5.3689425e-01   1.2590138e-01   3.0017989e-02   5.0158204e-01   1.2748097e-01  -1.0966216e+00  -1.2757500e+00  -1.9332843e+00  -1.9846135e+00  -1.4227645e+00  -1.1663670e+00  -1.7057612e+00  -1.7899259e+00  -1.7614442e+00  -1.2181375e+00  -1.4268869e+00
   6.1664252e-01   1.8706641e-01   9.4382216e-02   3.8125466e-01  -2.3099256e-01  -1.1396945e+00  -1.2430682e+00  -2.0499582e+00  -2.1273123e+00  -1.6780111e+00  -1.1896443e+00  -1.6873376e+00  -1.7405917e+00  -1.6874692e+00  -1.3614629e+00  -1.3923941e+00
   3.8415446e-01  -3.6364576e-01  -1.8973475e-01   6.9794325e-01   1.4357090e-01  -1.1198565e+00  -1.6035473e+00  -1.5460259e+00  -2.0581259e+00  -1.5033990e+00  -1.1395935e+00  -1.6221817e+00  -1.4780999e+00  -1.5845598e+00  -1.4664138e+00  -1.4409346e+00
   4.0962339e-01   3.2740310e-01  -3.3853896e-02   3.2378868e-01  -3.4579067e-01  -1.0474047e+00  -1.1686469e+00  -1.5532776e+00  -2.2346783e+00  -1.5373254e+00  -1.0687921e+00  -1.7732717e+00  -1.7899588e+00  -1.5157128e+00  -1.4225262e+00  -1.4762885e+00
   9.2276873e-01   2.7668236e-01   4.2562234e-01   6.0385961e-01  -3.0893405e-01  -1.1954463e+00  -1.5718696e+00  -1.5333779e+00  -1.7856660e+00  -1.2583621e+00  -1.1317489e+00  -1.8941909e+00  -1.6409088e+00  -1.7410520e+00  -1.4187197e+00  -1.2113835e+00
   5.7092185e-01   1.3489537e-01   2.1995417e-01   5.4659462e-01  -2.3479155e-01  -1.3075525e+00  -1.2286537e+00  -1.5748538e+00  -1.4226887e+00  -1.2484669e+00  -9.7820780e-01  -1.9674889e+00  -1.3770579e+00  -1.2968586e+00  -1.4019365e+00  -1.1357137e+00
