   2.8997373e+00   3.1235074e+00   2.8470278e+00   2.4378026e+00   2.2092829e+00   2.2621907e+00   1.7999082e+00   1.8429209e+00   1.5939405e+00   1.6845351e+00   1.9129472e+00   1.5127651e+00   9.5809656e-01   7.6409802e-01   1.1329082e+00   9.0826928e-01
   2.4970838e+00   2.2824849e+00   2.4572335e+00   2.7363943e+00   2.1793745e+00   2.1770807e+00   2.0156375e+00   1.9745370e+00   1.4722984e+00   1.4796329e+00   1.4798838e+00   1.6792313e+00   1.5268805e+00   1.0430396e+00   1.0611205e+00   9.8495252e-01
   2.8526019e+00   3.0227601e+00   2.1080970e+00   2.9050114e+00   2.6159517e+00   2.0252278e+00   2.1969017e+00   2.0770277e+00   1.5637526e+00   2.1108729e+00   2.0313601e+00   1.7346345e+00   1.4505602e+00   1.1058073e+00   1.2378149e+00   1.1005513e+00
   3.2863853e+00   2.9387479e+00   2.4033335e+00   2.5138350e+00   2.6950660e+00   2.3561056e+00   1.9735843e+00   1.9798441e+00   1.7722228e+00   1.7841649e+00   1.7135837e+00   1.8278678e+00   1.5665544e+00   1.4473250e+00   1.4812217e+00   1.1666077e+00
   3.4087530e+00   2.8191256e+00   2.0323607e+00   2.1626937e+00   2.1336025e+00   2.1403728e+00   1.5734270e+00   1.5832345e+00   1.6901313e+00   1.9612448e+00   1.8643581e+00   1.9338232e+00   1.6629232e+00   1.2903792e+00   1.1548275e+00   9.4236187e-01
   3.4077238e+00   3.2711263e+00   3.1190289e+00   2.3389902e+00   2.0321803e+00   2.0074472e+00   1.7797532e+00   1.7600080e+00   1.8446051e+00   2.0625527e+00   2.2577758e+00   1.9293348e+00   1.2867680e+00   1.1238173e+00   1.2861370e+00   1.1602406e+00
   3.1864989e+00   3.2950674e+00   3.0193322e+00   3.1678811e+00   2.1870851e+00   2.4531370e+00   2.4214964e+00   1.8326304e+00   1.6793140e+00   2.2722218e+00   2.0359092e+00   1.9138032e+00   1.5105554e+00   1.3129736e+00   1.2143797e+00   1.4640446e+00
   3.0430806e+00   2.9033556e+00   2.6455286e+00   2.4893268e+00   2.4609561e+00   2.4022638e+00   2.0265958e+00   1.8021906e+00   1.9218394e+00   2.4300487e+00   2.3702172e+00   1.9820352e+00   1.8395010e+00   1.5632845e+00   1.4038348e+00   1.3001466e+00
   3.1031684e+00   3.1195061e+00   2.6999161e+00   2.6724583e+00   2.7188637e+00   1.7950508e+00   2.0115952e+00   1.9517237e+00   1.5280129e+00   1.7510185e+00   2.0134356e+00   1.8339821e+00   1.4604061e+00   8.3616076e-01   1.1166300e+00   1.1652608e+00
   3.2190290e+00   3.6600617e+00   3.2216560e+00   3.4147171e+00   2.5834866e+00   2.2815263e+00   1.9973440e+00   2.0967720e+00   1.4389408e+00   1.5355801e+00   1.9454152e+00   1.7270589e+00   1.3997956e+00   1.0760639e+00   1.2112042e+00   1.1589989e+00
   2.7498327e+00   3.6313538e+00   3.4939335e+00   3.2991617e+00   2.5496880e+00   2.2861447e+00   1.7589504e+00   1.9434370e+00   1.3645578e+00   1.9584751e+00   2.0370023e+00   1.8559616e+00   1.6210015e+00   1.0185949e+00   1.3285494e+00   1.3563469e+00
   2.8917038e+00   2.8228112e+00   2.6291822e+00   2.8842277e+00   2.6243064e+00   2.5063628e+00   1.7277664e+00   1.4357355e+00   1.4224226e+00   1.8679590e+00   1.9121680e+00   1.4075491e+00   1.5843663e+00   1.2349982e+00   1.4872594e+00   1.5676531e+00
   3.1727558e+00   3.5026728e+00   2.8937568e+00   2.7334123e+00   2.2521660e+00   1.3674571e+00   1.9944830e+00   1.6945913e+00   1.6880500e+00   1.7058145e+00   1.7926521e+00   1.8103380e+00   1.4639080e+00   1.1724511e+00   1.3290859e+00   1.1446532e+00
   2.8715740e+00   3.4031863e+00   2.8370308e+00   2.4363841e+00   1.9419214e+00   1.7133888e+00   2.0487204e+00   1.5962723e+00   1.7058841e+00   2.2278823e+00   2.2959156e+00   2.1600066e+00   1.7818094e+00   1.1781524e+00   1.4880174e+00   1.3364492e+00
   2.5749441e+00   2.3415403e+00   2.2209427e+00   2.8593795e+00   2.2684673e+00   2.2385895e+00   1.8176305e+00   1.9130628e+00   2.0300171e+00   1.8558136e+00   1.8997076e+00   1.9134074e+00   1.1437932e+00   9.9429976e-01   1.3980833e+00   1.3091335e+00
   2.8927688e+00   2.7496525e+00   2.7440282e+00   2.7874677e+00   2.0235485e+00   1.7897815e+00   2.0127603e+00   2.0057157e+00   1.8111353e+00   1.8255695e+00   1.8036682e+00   1.8338678e+00   1.3523990e+00   1.3342331e+00   1.5574585e+00   1.4101445e+00
   2.7923768e+00   3.1926112e+00   3.0416760e+00   2.5975304e+00   2.2827422e+00   1.7539053e+00   2.0326087e+00   1.7240681e+00   1.7524567e+00   2.1003321e+00   1.7986245e+00   1.7445723e+00   1.4105922e+00   1.1768463e+00   1.3468494e+00   1.2612993e+00
   2.8484923e+00   3.2245106e+00   2.6951017e+00   2.6030345e+00   2.1715872e+00   2.3508145e+00   2.0190848e+00   1.9628917e+00   1.9724162e+00   2.1879395e+00   2.0340603e+00   1.8969848e+00   1.5003593e+00   1.2168550e+00   1.3561416e+00   1.2950842e+00
   3.2197276e+00   3.2492182e+00   3.2585066e+00   2.8262325e+00   2.3033673e+00   2.4428611e+00   2.0300204e+00   1.9320564e+00   1.4204554e+00   1.9623877e+00   2.1648683e+00   1.9883682e+00   1.6920911e+00   1.6152683e+00   1.4065236e+00   1.4426795e+00
   3.6508093e+00   3.3720295e+00   3.5308608e+00   3.0543994e+00   2.4457885e+00   2.4712365e+00   2.0464297e+00   2.2363927e+00   1.9386771e+00   2.2813276e+00   1.9838868e+00   1.7907099e+00   1.6171991e+00   1.5364719e+00   1.5408995e+00   1.5990158e+00
   3.2600965e+00   3.4306786e+00   3.1211499e+00   2.4905524e+00   2.3287995e+00   1.9826978e+00   1.6874310e+00   1.8341210e+00   1.7670274e+00   1.7018886e+00   1.8850743e+00   1.4958111e+00   1.4807743e+00   1.4070572e+00   1.4253354e+00   1.1746499e+00
   2.9857849e+00   3.0176608e+00   3.1324237e+00   2.7396159e+00   1.9609328e+00   1.9855159e+00   2.0503423e+00   1.7900722e+00   1.7057380e+00   1.7600066e+00   1.9378674e+00   1.7044267e+00   1.5666020e+00   1.4637872e+00   1.5377163e+00   1.4641399e+00
   2.8827319e+00   3.0049429e+00   2.8809965e+00   3.0859591e+00   2.6943518e+00   2.4718374e+00   1.5462884e+00   1.8403980e+00   1.7736791e+00   2.2553152e+00   2.1476803e+00   1.8450678e+00   1.3240208e+00   1.4015193e+00   1.3335010e+00   1.1912412e+00
   2.5846853e+00   3.1621175e+00   2.4504558e+00   2.7683672e+00   2.5145710e+00   2.4149604e+00   1.9558948e+00   1.8051073e+00   1.7864995e+00   2.0692639e+00   1.6908938e+00   1.7486896e+00   1.2740922e+00   1.2091159e+00   1.4485888e+00   1.2487591e+00
   3.3725569e+00   3.1558008e+00   2.4265788e+00   2.8857502e+00   1.7500010e+00   2.2526748e+00   1.9042002e+00   1.6529286e+00   1.8376952e+00   2.1707668e+00   2.1172373e+00   1.7682793e+00   1.5807970e+00   1.3708638e+00   1.6614502e+00   1.0562739e+00
   2.5449856e+00   2.8926651e+00   2.6115816e+00   2.3536647e+00   2.0803218e+00   1.9316913e+00   1.5832939e+00   1.6449508e+00   1.6586754e+00   1.8198692e+00   1.8464571e+00   1.7368745e+00   1.2769164e+00   1.4302335e+00   1.5265728e+00   1.0145628e+00
   2.6687927e+00   2.6252654e+00   2.3443610e+00   2.7051265e+00   2.4240366e+00   1.7507755e+00   1.6947423e+00   1.7336615e+00   1.8262761e+00   1.7604293e+00   1.8701761e+00   1.8324362e+00   1.5098595e+00   1.4673428e+00   1.6376890e+00   1.4573781e+00
   2.7705558e+00   3.0973531e+00   2.5875696e+00   2.3379386e+00   1.8581889e+00   1.9393960e+00   1.6032185e+00   1.9214160e+00   1.5441708e+00   2.1507991e+00   1.9775824e+00   1.7394439e+00   1.6996841e+00   1.9721249e+00   1.8867850e+00   1.4458294e+00
   3.5499381e+00   3.7839715e+00   3.3546806e+00   3.4462329e+00   2.9470631e+00   2.1877742e+00   1.4555383e+00   1.7750586e+00   1.3184624e+00   1.7682149e+00   2.0501624e+00   1.8380296e+00   1.6016817e+00   2.1204189e+00   1.8119628e+00   1.9908716e+00
   3.8551581e+00   3.9432506e+00   3.9605773e+00   3.4615050e+00   2.8743062e+00   2.2602775e+00   1.9480647e+00   2.2881764e+00   1.3591322e+00   1.5914915e+00   2.3295322e+00   1.9989432e+00   1.8019498e+00   2.2188613e+00   2.2652866e+00   2.0759368e+00
   3.6032536e+00   3.0930739e+00   3.3903783e+00   2.9894800e+00   2.4118196e+00   2.1747428e+00   2.3357495e+00   2.3565762e+00   1.9020419e+00   1.5957015e+00   2.0039049e+00   2.0815741e+00   1.9118070e+00   2.1488016e+00   2.1267134e+00   1.9631057e+00
   3.0656253e+00   3.2391589e+00   2.4909210e+00   2.2675453e+00   1.8254747e+00   1.7690688e+00   2.1756552e+00   1.6852922e+00   1.8296780e+00   1.9102978e+00   2.0174092e+00   2.0640197e+00   1.8105822e+00   2.0093210e+00   1.9077059e+00   1.9366036e+00
   3.2508396e+00   3.2498892e+00   2.9747011e+00   2.5808024e+00   3.0915138e+00   2.7029559e+00   2.2795932e+00   1.7647830e+00   1.8847645e+00   2.2717230e+00   1.8572035e+00   2.0114638e+00   1.9990078e+00   2.1534116e+00   1.7852143e+00   1.7226528e+00
   3.4979743e+00   3.5572983e+00   2.7530383e+00   3.1989761e+00   2.6358731e+00   2.3223748e+00   2.1557054e+00   1.9207240e+00   1.7297796e+00   2.0270219e+00   2.2913961e+00   2.3776792e+00   1.7105428e+00   2.0574195e+00   1.7051681e+00   1.7565238e+00
   3.4093136e+00   2.8749025e+00   2.4821639e+00   3.2061245e+00   2.5772679e+00   2.0652658e+00   2.1354800e+00   2.2093835e+00   1.7031541e+00   1.9919063e+00   2.5220701e+00   2.7184834e+00   2.1899184e+00   1.7378800e+00   1.8275948e+00   1.6055668e+00
   3.4028030e+00   2.9842964e+00   2.4424916e+00   2.9948367e+00   2.2568987e+00   1.9961583e+00   1.8107674e+00   1.8861564e+00   1.7173830e+00   2.3649543e+00   2.4960148e+00   2.8289015e+00   2.5243453e+00   2.2342423e+00   2.2050375e+00   1.4775567e+00
   3.3643067e+00   2.6529817e+00   2.8477747e+00   2.8544653e+00   2.3260527e+00   1.8316273e+00   2.1436842e+00   2.1947252e+00   1.7902191e+00   1.9771924e+00   2.7048163e+00   3.0102033e+00   2.4595101e+00   2.4064890e+00   2.4787277e+00   1.6880475e+00
   2.8315932e+00   3.1039706e+00   2.9350816e+00   3.3625018e+00   2.5791689e+00   1.8678975e+00   1.7566742e+00   1.7237645e+00   1.5511050e+00   1.7447545e+00   2.5439119e+00   3.1417066e+00   2.4023184e+00   2.3726077e+00   2.7114829e+00   1.9206419e+00
   3.7509853e+00   3.3365641e+00   2.9810509e+00   4.0225414e+00   3.1855995e+00   2.2005041e+00   2.0394441e+00   1.6746914e+00   1.7797086e+00   1.9463519e+00   2.5476212e+00   3.0752682e+00   2.2738120e+00   2.4620135e+00   2.6999870e+00   1.6913496e+00
   2.6941070e+00   2.9071094e+00   2.9141029e+00   3.1233676e+00   2.0233035e+00   2.1564379e+00   1.9145994e+00   1.7928330e+00   1.7294032e+00   2.4035601e+00   2.2339186e+00   3.0779601e+00   2.3107552e+00   2.5108385e+00   2.7942252e+00   1.6198487e+00
   3.2382947e+00   2.8619282e+00   2.2421469e+00   3.0223059e+00   2.0938974e+00   2.4653669e+00   1.8318577e+00   1.9029242e+00   2.0308217e+00   2.3070564e+00   2.3818520e+00   3.1584485e+00   2.4929892e+00   2.5477443e+00   2.9321522e+00   1.8800490e+00
   3.4907896e+00   2.8960953e+00   2.6190774e+00   3.3131311e+00   2.2263955e+00   2.5030922e+00   2.4749102e+00   1.9316095e+00   1.8260766e+00   2.0824906e+00   2.5495313e+00   3.1283565e+00   2.4261269e+00   2.5737677e+00   2.9893021e+00   1.9404895e+00
   2.8777131e+00   3.2911444e+00   2.9623157e+00   2.4421824e+00   2.0063259e+00   1.7922353e+00   2.1013449e+00   1.6348590e+00   1.5402555e+00   1.9787812e+00   2.5735818e+00   3.1980922e+00   2.4928603e+00   2.5542855e+00   2.9335817e+00   1.6913715e+00
   3.7981656e+00   3.6538397e+00   3.3236761e+00   2.9159952e+00   2.2099222e+00   1.8978685e+00   2.0657175e+00   1.6604945e+00   1.9974125e+00   2.0526639e+00   2.4694442e+00   3.0926435e+00   2.5743892e+00   2.6187722e+00   2.9809848e+00   1.7595899e+00
   3.5640646e+00   3.6252152e+00   3.1373887e+00   2.6070682e+00   2.8297006e+00   2.0568466e+00   1.8832836e+00   2.0763251e+00   1.9475467e+00   2.2227447e+00   2.4995439e+00   3.1603715e+00   2.5479541e+00   2.5509052e+00   2.9550222e+00   1.6142763e+00
   3.2033146e+00   3.4788441e+00   2.8916854e+00   3.1106195e+00   2.4337930e+00   1.8889676e+00   1.6722750e+00   2.1401933e+00   1.9747765e+00   1.8072110e+00   2.3801509e+00   3.0532876e+00   2.4233398e+00   2.5363190e+00   3.0063349e+00   1.5779260e+00
   3.8331827e+00   3.8072719e+00   2.6505565e+00   3.1874069e+00   2.3897779e+00   2.0188187e+00   2.5281613e+00   2.4457632e+00   1.7987452e+00   2.0379977e+00   2.3364949e+00   3.0196410e+00   2.5510654e+00   2.4737774e+00   2.9379928e+00   1.6283078e+00
   3.5675603e+00   3.4886644e+00   2.7093951e+00   2.8883194e+00   2.8872618e+00   2.6500311e+00   2.3347790e+00   2.1776558e+00   1.7246113e+00   2.0845990e+00   2.5643081e+00   3.0790063e+00   2.4667030e+00   2.2298336e+00   2.8778039e+00   1.5382288e+00
   3.4674415e+00   3.9071572e+00   3.3375057e+00   3.2953644e+00   2.7300115e+00   3.1464124e+00   2.2120184e+00   2.1816600e+00   2.0740069e+00   1.8455122e+00   2.3386848e+00   3.0262842e+00   2.4156915e+00   2.3647661e+00   2.9068895e+00   1.6687294e+00
   3.6136874e+00   4.1979161e+00   4.2193853e+00   4.2715187e+00   3.7431911e+00   2.7944419e+00   2.1509160e+00   2.0891675e+00   2.1063854e+00   2.0256732e+00   2.6782893e+00   3.1753703e+00   2.5995473e+00   2.4362239e+00   2.9347891e+00   1.8836941e+00
   3.6966575e+00   3.1696207e+00   3.2580559e+00   3.5176487e+00   2.5704272e+00   2.3012064e+00   2.1463219e+00   1.9711609e+00   2.1394170e+00   2.2146244e+00   2.6138090e+00   3.1325157e+00   2.4408435e+00   2.4785739e+00   3.0187070e+00   1.8193558e+00
   3.5107129e+00   3.3634035e+00   3.0875277e+00   3.0875640e+00   2.5638334e+00   2.2765689e+00   1.7578728e+00   2.0102511e+00   2.0211302e+00   2.1782629e+00   2.5587290e+00   3.0249589e+00   2.4024629e+00   2.4142560e+00   2.9376420e+00   1.7994402e+00
   3.5424244e+00   3.2428266e+00   3.2084520e+00   3.0716803e+00   2.2683761e+00   2.2819579e+00   1.9195325e+00   1.6137620e+00   1.7857091e+00   2.4922979e+00   2.6353731e+00   3.0395913e+00   2.5502367e+00   2.5581232e+00   3.0780013e+00   1.8038067e+00
   3.5216521e+00   3.4446521e+00   2.7104634e+00   3.0808752e+00   2.5771113e+00   2.2419240e+00   2.0264981e+00   2.2620492e+00   1.8642501e+00   1.6455253e+00   2.1539781e+00   3.0016534e+00   2.6661095e+00   2.5169743e+00   3.1111478e+00   1.6636265e+00
   3.5022620e+00   3.2614190e+00   2.6235260e+00   3.0658259e+00   2.6668206e+00   2.5099690e+00   2.3726387e+00   2.3126127e+00   1.8100826e+00   1.9277213e+00   2.5498963e+00   3.1159609e+00   2.7107810e+00   2.5046634e+00   3.2647573e+00   1.6688758e+00
   3.7210860e+00   3.6197927e+00   3.6998230e+00   4.2887725e+00   4.0053801e+00   3.6981096e+00   2.6024318e+00   2.2617123e+00   1.9747463e+00   1.6770544e+00   2.5233742e+00   3.1429236e+00   2.7140522e+00   2.5018915e+00   3.2115503e+00   1.8051938e+00
   2.9305581e+00   3.6461049e+00   3.4051642e+00   3.6094615e+00   3.3336614e+00   2.8805771e+00   2.2652144e+00   2.0835306e+00   1.5894457e+00   2.1514762e+00   2.2842132e+00   3.0981001e+00   2.8519302e+00   2.3990108e+00   3.1139220e+00   1.8361516e+00
   2.7305276e+00   3.4143669e+00   2.8191712e+00   3.0384909e+00   2.4468146e+00   2.3221720e+00   2.0803801e+00   2.0468924e+00   1.9262181e+00   2.3980490e+00   2.2157258e+00   2.9463241e+00   2.4882030e+00   2.1768683e+00   2.7625693e+00   1.6699757e+00
   3.1869072e+00   2.7498068e+00   2.3514973e+00   2.7398599e+00   2.0670241e+00   1.9016047e+00   2.3178899e+00   1.8100020e+00   1.7200674e+00   1.6486941e+00   1.9540744e+00   2.6498229e+00   2.2274625e+00   1.8000640e+00   2.3508750e+00   1.7373998e+00
   3.6899699e+00   3.2175576e+00   2.9912788e+00   2.8927573e+00   2.2201874e+00   1.6652964e+00   2.1254224e+00   1.9999504e+00   1.8456332e+00   2.6513051e+00   2.2910125e+00   2.4373571e+00   1.9440828e+00   1.6795966e+00   2.2218100e+00   1.5726473e+00
   3.5016581e+00   3.1027358e+00   3.1346795e+00   2.7980454e+00   2.3379334e+00   2.2680216e+00   1.8548658e+00   1.6873958e+00   1.8167084e+00   2.2045412e+00   2.2976351e+00   1.8204224e+00   1.7353057e+00   1.4947592e+00   1.8655276e+00   1.6386561e+00
   2.9716955e+00   2.8438308e+00   3.0151623e+00   2.8813581e+00   2.6343936e+00   2.4128890e+00   1.6623529e+00   1.7116135e+00   2.1288467e+00   2.4084227e+00   2.6288110e+00   2.0068608e+00   1.5906491e+00   1.4877109e+00   1.6551586e+00   1.7149864e+00
   3.0583992e+00   2.7836772e+00   2.5699683e+00   2.6870619e+00   2.4085233e+00   2.4676043e+00   1.8900923e+00   1.9077812e+00   2.0238595e+00   2.4471310e+00   2.4663980e+00   2.1152839e+00   1.5838124e+00   1.2745772e+00   1.7325829e+00   1.7487919e+00
   2.6451624e+00   2.4846977e+00   2.7853491e+00   2.8779621e+00   2.1737065e+00   2.4046585e+00   2.3275126e+00   2.2617799e+00   1.6890326e+00   2.0750295e+00   2.2734600e+00   1.9086756e+00   1.6939170e+00   1.4620181e+00   1.9152139e+00   1.6598335e+00
   3.9831600e+00   3.0190428e+00   2.7632552e+00   3.2583850e+00   2.2434096e+00   2.3634583e+00   2.0568946e+00   2.1756846e+00   1.9445281e+00   1.9931884e+00   2.2433484e+00   2.1519110e+00   1.7295794e+00   1.2694531e+00   1.6998463e+00   1.5139404e+00
   3.8388806e+00   3.5204683e+00   2.8629714e+00   2.5139700e+00   2.3095861e+00   2.1975159e+00   2.2115349e+00   1.9144868e+00   1.5619806e+00   1.7539926e+00   2.0876819e+00   2.1096272e+00   1.7700869e+00   1.4156349e+00   1.4078516e+00   1.5595357e+00
   3.4028324e+00   3.4369326e+00   3.1636456e+00   2.7727101e+00   2.8130566e+00   2.1861652e+00   2.2185015e+00   2.0663134e+00   1.7944921e+00   2.0518556e+00   2.0967909e+00   1.7166543e+00   1.5469669e+00   1.3773059e+00   1.5971544e+00   1.4296255e+00
   3.5916950e+00   3.5245375e+00   3.1174235e+00   3.2125978e+00   2.7996740e+00   2.6946095e+00   2.2127413e+00   2.0774114e+00   1.8582783e+00   1.9054168e+00   2.3241440e+00   2.0624050e+00   1.6750480e+00   1.3193610e+00   1.4252177e+00   1.2531593e+00
   3.4138334e+00   3.1700529e+00   3.5312199e+00   3.0329698e+00   2.7413628e+00   2.5135009e+00   2.3597408e+00   1.8627486e+00   1.8449093e+00   1.8969481e+00   1.8862933e+00   2.0737359e+00   1.6356003e+00   1.5266057e+00   1.4662831e+00   1.2435530e+00
   3.0052726e+00   3.0800696e+00   3.7284852e+00   3.5491085e+00   3.1767757e+00   2.2200120e+00   2.1651345e+00   1.7550060e+00   1.7744399e+00   1.7371561e+00   2.0142835e+00   1.6015383e+00   1.6985674e+00   1.1742441e+00   1.2188380e+00   1.1075324e+00
   3.0582023e+00   2.7920707e+00   3.1286845e+00   3.0009086e+00   2.2364226e+00   2.0005772e+00   1.9288893e+00   1.4180058e+00   1.6150758e+00   2.0953498e+00   1.9605505e+00   1.6576236e+00   1.4837999e+00   1.3524446e+00   1.6379529e+00   1.3284795e+00
   3.3818909e+00   3.4745263e+00   3.7032495e+00   3.7149801e+00   2.5209383e+00   1.9067602e+00   1.9222464e+00   1.8398588e+00   2.2847670e+00   2.1582719e+00   1.6709231e+00   1.4164664e+00   1.6448395e+00   1.2642700e+00   1.4187224e+00   1.3548997e+00
   3.0835640e+00   2.4241485e+00   2.9126827e+00   3.2162448e+00   2.2675549e+00   9.7752180e-01   1.8314210e+00   2.0324801e+00   1.9653937e+00   2.1470805e+00   2.0974349e+00   1.9172466e+00   1.2104718e+00   1.3129843e+00   1.4620352e+00   1.5511362e+00
   3.3491958e+00   3.1420162e+00   2.5502232e+00   2.6560075e+00   2.3139985e+00   1.8772258e+00   2.0032290e+00   1.9319972e+00   1.7598985e+00   2.0219117e+00   1.7211242e+00   1.6504791e+00   1.4378546e+00   1.4217022e+00   1.5336615e+00   1.4078536e+00
   3.5826353e+00   3.6495100e+00   3.0748270e+00   2.6111711e+00   1.8071558e+00   2.2181268e+00   2.0354351e+00   1.8054233e+00   1.7845631e+00   1.5721796e+00   2.1314891e+00   1.8495773e+00   1.3316366e+00   1.3692661e+00   1.4135619e+00   1.2344878e+00
   3.0006493e+00   3.0036697e+00   3.1209023e+00   2.8657450e+00   2.3563830e+00   2.5271794e+00   2.0517767e+00   2.2721694e+00   1.8087874e+00   2.0917243e+00   2.2855866e+00   1.9368352e+00   1.7551765e+00   1.4024443e+00   1.4688859e+00   1.2043465e+00
   3.0517060e+00   3.0203991e+00   3.2453483e+00   3.2401372e+00   2.0691965e+00   2.1494458e+00   1.8977724e+00   1.9424118e+00   2.0523579e+00   2.5960486e+00   2.1527953e+00   1.7838054e+00   1.5529429e+00   1.1903383e+00   1.0896800e+00   1.3417237e+00
   2.7823285e+00   2.4642180e+00   2.6513877e+00   2.8299216e+00   2.2043414e+00   2.3156209e+00   1.5895679e+00   2.0672463e+00   1.9454378e+00   2.0699534e+00   2.1062948e+00   1.6641261e+00   1.6749830e+00   1.5063703e+00   1.4266300e+00   1.5264231e+00
   3.5667328e+00   3.1405831e+00   3.1410552e+00   2.6431008e+00   2.7648424e+00   2.2412375e+00   1.8296272e+00   2.0648240e+00   1.7625432e+00   2.2900741e+00   2.0235868e+00   1.9734358e+00   1.9797755e+00   1.5572149e+00   1.4301498e+00   1.4448326e+00
   4.2371978e+00   4.0118437e+00   3.9610676e+00   3.6671136e+00   2.9062062e+00   2.0946867e+00   1.9487105e+00   1.8802713e+00   1.6922589e+00   2.1337163e+00   1.8363139e+00   1.7533807e+00   1.6015592e+00   1.3733048e+00   1.5803671e+00   1.4072219e+00
   3.7777922e+00   3.4291884e+00   2.7668356e+00   3.2569609e+00   2.2980755e+00   1.5575031e+00   2.1155441e+00   2.2446212e+00   1.6667788e+00   1.9619265e+00   2.1390223e+00   1.5849300e+00   1.4872977e+00   1.1747832e+00   1.7153594e+00   1.4824209e+00
   3.0617036e+00   2.9473333e+00   2.4005452e+00   3.0927834e+00   2.3045217e+00   1.7921799e+00   2.1589415e+00   2.0746412e+00   1.8380158e+00   1.5480639e+00   2.0859474e+00   1.7944659e+00   1.3191474e+00   9.9196797e-01   1.6591654e+00   1.5326849e+00
   3.7620070e+00   3.3165568e+00   2.9721474e+00   2.5636437e+00   2.1498183e+00   2.1952377e+00   1.9305637e+00   2.1223029e+00   1.7696318e+00   1.9345356e+00   2.0412888e+00   1.8312204e+00   1.4867715e+00   1.3736189e+00   1.5676535e+00   1.5262118e+00
   3.1581263e+00   2.4450522e+00   2.8911063e+00   2.7483886e+00   2.4508691e+00   2.0504061e+00   1.9347397e+00   2.0191419e+00   1.8515763e+00   2.1552506e+00   2.3046516e+00   1.9318789e+00   1.3979268e+00   1.3634549e+00   1.7229890e+00   1.5231495e+00
   3.2822316e+00   2.9585571e+00   3.1879209e+00   2.5835461e+00   2.7251372e+00   1.8948650e+00   2.2399192e+00   1.9717797e+00   2.0566491e+00   1.9038610e+00   2.2773663e+00   2.1811375e+00   1.9566932e+00   1.1854719e+00   1.3054423e+00   1.3185401e+00
   3.2707579e+00   3.4881018e+00   2.9487923e+00   3.0853189e+00   2.2408603e+00   1.4207313e+00   2.3256656e+00   2.2262935e+00   1.9626851e+00   2.0623386e+00   1.8979160e+00   1.7987290e+00   1.7505068e+00   1.3996716e+00   1.3742148e+00   1.6942277e+00
   3.0077297e+00   3.5617142e+00   2.9941689e+00   3.3353647e+00   2.1274575e+00   1.9288445e+00   1.8843110e+00   1.8480582e+00   2.0539006e+00   2.1569466e+00   2.0422600e+00   1.6961096e+00   1.6870029e+00   1.3067656e+00   1.4587939e+00   1.2969064e+00
   2.9956587e+00   2.7062310e+00   2.8678597e+00   3.2657559e+00   2.5680261e+00   2.3298116e+00   2.1104031e+00   1.8845690e+00   1.9524894e+00   2.0599870e+00   1.9999111e+00   2.0172164e+00   1.6636590e+00   1.2603206e+00   1.4506706e+00   1.2755676e+00
   3.1413439e+00   3.1383018e+00   2.5432089e+00   2.8870909e+00   2.4190934e+00   2.0901765e+00   1.7823712e+00   1.7353845e+00   1.8648183e+00   2.1127754e+00   1.9364739e+00   2.0409429e+00   1.5526673e+00   1.3608110e+00   1.3196353e+00   1.3168650e+00
   2.7983282e+00   3.6073517e+00   3.6091902e+00   3.7919762e+00   3.4377620e+00   2.6790410e+00   1.6544154e+00   1.9713645e+00   1.7336509e+00   1.4662652e+00   2.0628082e+00   2.0004645e+00   1.3503768e+00   1.1630810e+00   1.2282755e+00   1.0544923e+00
   2.7547944e+00   3.1247641e+00   3.2015493e+00   3.3927661e+00   2.9324944e+00   2.3710505e+00   1.6541359e+00   1.9948134e+00   1.5605072e+00   1.8097914e+00   1.9819499e+00   1.8674551e+00   1.5135532e+00   1.2075089e+00   1.3701962e+00   1.2410645e+00
   2.7150794e+00   3.2236154e+00   3.3464789e+00   2.8594801e+00   2.1432019e+00   2.0825165e+00   2.3689344e+00   1.9379002e+00   1.7248289e+00   1.9975047e+00   2.1154363e+00   1.7230966e+00   1.6645381e+00   1.0676199e+00   1.2261789e+00   1.2144329e+00
