   1.0550878e+00   2.7647623e-01  -5.8300948e-02   7.8995388e-01   1.3919829e-01  -1.0232262e+00  -1.7229692e+00  -1.2672112e+00  -1.3210055e+00  -1.5991898e+00  -8.3240100e-01  -1.7218040e+00  -1.2501623e+00  -1.3988591e+00  -1.6381077e+00  -1.1599384e+00
   1.0158928e+00   1.2910460e-01  -6.0788085e-01   1.5895291e-01  -2.1321756e-02  -1.4413069e+00  -2.1174603e+00  -2.3734026e+00  -1.4009053e+00  -1.5373640e+00  -1.2700961e+00  -1.2631281e+00  -1.4195458e+00  -1.5445254e+00  -1.3793413e+00  -1.2221573e+00
   1.0514806e+00  -2.4441860e-01  -4.8648074e-01   2.9802089e-02  -1.2767382e-01  -1.0195926e+00  -1.3460048e+00  -1.4402782e+00  -1.4186163e+00  -1.2707798e+00  -1.0664241e+00  -1.7669480e+00  -1.5566357e+00  -1.6697202e+00  -1.4773407e+00  -1.3328949e+00
   5.5306668e-01  -3.3219080e-02   2.9210872e-01   4.3656064e-01   1.8433894e-01  -1.0594505e+00  -1.4595591e+00  -1.3857461e+00  -1.5606686e+00  -1.5719463e+00  -1.0532057e+00  -1.7090152e+00  -1.4925298e+00  -1.4194460e+00  -1.3499120e+00  -1.2812494e+00
   4.5925324e-01  -3.7517957e-01  -2.9143128e-01   3.6011236e-01   2.3134908e-01  -1.1354236e+00  -1.1714331e+00  -1.7802327e+00  -1.5922707e+00  -1.4663608e+00  -7.8141929e-01  -1.5346616e+00  -1.4920502e+00  -1.3572579e+00  -1.2448712e+00  -1.3751995e+00
   8.7129298e-01   1.2206999e-02  -6.4065957e-01  -2.0832210e-01  -2.1132451e-01  -6.9102264e-01  -1.1526396e+00  -1.7450416e+00  -1.9378695e+00  -1.2902525e+00  -1.0478570e+00  -1.7992886e+00  -1.7305161e+00  -1.5014645e+00  -1.2488956e+00  -1.3380066e+00
   6.9513477e-01  -2.8017598e-01  -1.8873522e-01   4.2395156e-01  -9.6584901e-02  -1.2367150e+00  -1.4702249e+00  -1.5479677e+00  -1.3480859e+00  -1.2598975e+00  -7.8468284e-01  -1.8251880e+00  -1.8242932e+00  -1.6613849e+00  -1.4241817e+00  -1.3390330e+00
   1.0720122e+00   1.4436661e-01  -9.1298706e-01   2.5809310e-01  -2.3921696e-01  -1.0701814e+00  -1.2201330e+00  -1.7826887e+00  -1.6274521e+00  -1.2406521e+00  -9.7897263e-01  -1.7795554e+00  -2.0265145e+00  -1.8864097e+00  -1.4218657e+00  -1.3960327e+00
   1.5039195e+00   5.9263146e-01  -2.7962454e-02   1.0143532e-01  -6.8947667e-01  -1.0796599e+00  -1.1666464e+00  -1.2575984e+00  -1.4927859e+00  -1.4950002e+00  -1.0010123e+00  -1.8733142e+00  -1.4324427e+00  -1.1579830e+00  -1.3390786e+00  -1.2374240e+00
   1.0118613e+00   2.5817714e-01  -4.3267418e-02   8.3359160e-02  -3.5882784e-01  -1.2883088e+00  -1.5676521e+00  -1.8053787e+00  -1.6169203e+00  -1.4703487e+00  -1.0482746e+00  -1.7295583e+00  -1.3502442e+00  -1.2251125e+00  -1.2633797e+00  -1.1732207e+00
   1.0614936e+00   1.9108054e-02  -4.3920110e-01   4.7629625e-01   4.5032574e-02  -7.4269305e-01  -1.4808231e+00  -1.7357510e+00  -1.8735217e+00  -1.2801274e+00  -1.0366110e+00  -1.6666208e+00  -1.2662648e+00  -1.2099688e+00  -1.1358948e+00  -9.6550642e-01
   7.6951851e-01   2.0367274e-02  -6.3587339e-01   5.0673274e-01  -4.3057865e-02  -1.0152219e+00  -1.0721974e+00  -1.8193681e+00  -1.6277024e+00  -1.0315869e+00  -9.1196165e-01  -1.8039755e+00  -1.7998677e+00  -1.5047860e+00  -1.4225233e+00  -1.2738415e+00
   1.3000583e+00   5.5655416e-01   9.1344915e-02   1.5193368e-01   1.6810689e-01  -1.2320294e+00  -1.2308488e+00  -1.8503126e+00  -1.6794255e+00  -1.4835832e+00  -8.5776018e-01  -1.6636775e+00  -1.4517158e+00  -1.6115626e+00  -1.4664239e+00  -1.2986975e+00
   1.4822782e+00   4.9911470e-01  -1.2008122e-01   1.9561305e-01   2.5162823e-02  -8.5802506e-01  -1.2074493e+00  -1.9959162e+00  -1.5423406e+00  -1.4423533e+00  -9.2646310e-01  -1.5354899e+00  -1.4853315e+00  -1.2848550e+00  -1.2182709e+00  -1.4682300e+00
   1.1827869e+00   1.4672790e-01   1.2248300e-01   3.4384889e-01  -1.5450056e-01  -7.5063392e-01  -1.5494058e+00  -1.8146165e+00  -1.4258517e+00  -1.3531449e+00  -9.5271911e-01  -1.4886899e+00  -1.5081996e+00  -1.3184280e+00  -1.3750017e+00  -1.4674127e+00
   1.2313557e+00   3.9603569e-01  -5.1164616e-01   7.2861915e-01   5.4156212e-01  -8.2337729e-01  -1.6029290e+00  -1.5059112e+00  -1.0468692e+00  -1.4047774e+00  -1.0509493e+00  -1.4989219e+00  -1.2480691e+00  -1.3141946e+00  -1.1807536e+00  -1.2375077e+00
   7.1505150e-01   5.2703646e-01  -8.7283376e-01   5.6617565e-01  -4.3700135e-02  -1.4136558e+00  -1.3531622e+00  -1.7660357e+00  -1.3937424e+00  -1.2083059e+00  -8.2548719e-01  -1.5267263e+00  -1.4130879e+00  -1.4395196e+00  -1.2662705e+00  -1.3625101e+00
   5.7888784e-01   4.0418687e-01  -1.5280168e-01   9.6256822e-01  -1.6398024e-01  -1.1502336e+00  -1.3393360e+00  -1.8554554e+00  -1.2970343e+00  -1.2722894e+00  -8.5577818e-01  -1.4125584e+00  -1.3710416e+00  -1.5831612e+00  -1.4109670e+00  -1.1965883e+00
   5.4151528e-01   2.7065994e-01  -1.0693409e-01   2.9250581e-01  -1.2161634e-01  -1.0331067e+00  -1.1740671e+00  -1.7304734e+00  -1.6521260e+00  -1.4111275e+00  -9.7043900e-01  -1.4293003e+00  -1.6155983e+00  -1.8862302e+00  -1.3421139e+00  -1.0899827e+00
   4.9875118e-01  -1.1759696e-01  -4.7890353e-01   5.3459831e-01   3.1830509e-01  -1.0185907e+00  -1.2443618e+00  -1.4723329e+00  -1.5638862e+00  -1.5107224e+00  -7.9640011e-01  -1.8921652e+00  -1.6429077e+00  -1.4609413e+00  -1.1738743e+00  -1.0509689e+00
   1.2135166e+00   4.0003609e-01  -9.4559920e-01   2.1964466e-01  -5.8446890e-02  -9.8922968e-01  -1.4290753e+00  -1.4582182e+00  -1.3752855e+00  -1.3750082e+00  -9.8497235e-01  -1.5505909e+00  -1.3550793e+00  -1.2693505e+00  -1.3891652e+00  -1.2394683e+00
   3.3995134e-01  -8.9926933e-02  -2.8441526e-01   6.6712630e-01  -1.1902893e-01  -9.5217937e-01  -1.5529072e+00  -1.5998524e+00  -1.6082040e+00  -1.6664201e+00  -1.2856120e+00  -1.9996245e+00  -1.9449263e+00  -1.4281665e+00  -1.3079870e+00  -1.2205838e+00
   8.5713418e-01  -5.2933530e-02  -1.3210779e-01   5.1256392e-01  -3.6010210e-01  -9.2655654e-01  -1.4883243e+00  -1.2685383e+00  -1.6158973e+00  -1.4782465e+00  -9.5688141e-01  -1.7498323e+00  -1.5606537e+00  -1.6825646e+00  -1.4617714e+00  -1.2020091e+00
   9.8106315e-01  -4.0893962e-02  -6.2032395e-03   6.5344974e-01  -6.2508091e-01  -1.2853196e+00  -1.6842586e+00  -1.5374969e+00  -1.5214606e+00  -1.6356992e+00  -1.1760754e+00  -1.6356279e+00  -1.7694996e+00  -1.5954135e+00  -1.3934010e+00  -1.2518602e+00
   1.0956685e+00   7.6499457e-02  -3.3011271e-01   4.3980835e-02  -6.7345340e-01  -1.5157984e+00  -1.2681037e+00  -1.9934649e+00  -1.5495593e+00  -1.4743706e+00  -9.2482605e-01  -1.1950781e+00  -1.3322008e+00  -7.6651814e-01  -6.7702801e-01  -5.0194711e-01
   1.7020328e+00   9.9921278e-01  -7.5141604e-03   5.7133605e-01   1.6910517e-01  -1.4012925e+00  -1.5457345e+00  -1.7285977e+00  -1.0926378e+00  -1.3135472e+00  -8.8115463e-01  -1.5265838e+00  -1.3186651e+00  -1.4349981e+00  -1.2197440e+00  -9.0041149e-01
   1.5180938e+00   1.4994604e+00   1.6083267e-02   1.0807294e-01  -3.1725954e-02  -8.8565416e-01  -1.6199955e+00  -1.6718953e+00  -1.3080412e+00  -1.1351473e+00  -1.2211684e+00  -1.5803283e+00  -1.3485284e+00  -1.4576498e+00  -1.6345404e+00  -1.2386951e+00
   1.5992679e+00   1.4579182e+00  -3.5788709e-02   5.9456536e-01   1.0273103e-01  -1.1964972e+00  -1.6367755e+00  -1.8451637e+00  -1.4355501e+00  -1.3976461e+00  -9.4630205e-01  -1.5349116e+00  -1.4494013e+00  -1.3445731e+00  -1.1608548e+00  -1.1588261e+00
   8.3830751e-01   1.4248397e+00   5.9934697e-01   5.0219761e-01  -4.7006121e-03  -8.0236295e-01  -8.7395611e-01  -1.1724267e+00  -8.8537318e-01  -8.3905520e-01  -7.3305280e-01  -9.6690013e-01  -1.3327619e+00  -1.0017766e+00  -9.8570646e-01  -1.1603119e+00
   1.1233886e+00   1.3992344e+00   3.4466898e-01   2.0101229e-01   2.6635309e-01  -8.2396446e-01  -1.3965819e+00  -1.5545073e+00  -1.2185786e+00  -9.8032790e-01  -8.9413031e-01  -9.9609983e-01  -9.7820285e-01  -7.2390582e-01  -9.7436805e-01  -1.0055337e+00
   1.2538131e+00   1.4814783e+00   6.9170985e-01   6.8056865e-01   2.2802957e-01  -7.3267018e-01  -9.3948799e-01  -1.5079623e+00  -1.6387612e+00  -1.0925160e+00  -6.2097744e-01  -5.2658751e-01  -7.9791101e-01  -6.4841508e-01  -4.5671052e-01  -7.2846348e-01
   1.2210870e+00   1.6055773e+00   9.6980869e-01   1.0455752e+00   3.2865047e-01  -1.1391265e+00  -1.3472005e+00  -1.3090936e+00  -1.2158395e+00  -1.3197297e+00  -2.0007682e-01  -4.7897953e-02  -4.4048006e-01  -3.3449932e-01  -4.4962233e-01  -7.7448263e-01
   9.5382586e-01   1.6302588e+00   1.0498067e+00   7.4608072e-01  -2.8047763e-01  -1.1654142e+00  -1.1181993e+00  -1.2758945e+00  -1.3926288e+00  -1.1985378e+00   1.0983624e-01   5.7328828e-01   9.3647285e-02   2.3869658e-01   2.7426355e-01  -8.6694921e-01
   1.3765931e+00   1.9729393e+00   1.2479423e+00   8.5057308e-01  -3.8749514e-01  -9.3537041e-01  -1.2018005e+00  -1.4650608e+00  -1.2880416e+00  -1.2307832e+00   1.4714225e-01   9.0559292e-01   4.7659884e-01   5.3882162e-01   5.9032609e-01  -8.4815823e-01
   1.3947286e+00   1.8919386e+00   1.4885292e+00   1.2078303e+00   1.2454919e-01  -7.1777228e-01  -9.8696707e-01  -1.5618265e+00  -1.3874929e+00  -1.2054332e+00   1.0853084e-02   1.0768314e+00   7.6092966e-01   6.1683495e-01   8.8384659e-01  -6.6075172e-01
   1.3190869e+00   1.7708842e+00   1.3649876e+00   9.8185667e-01   3.0336982e-01  -7.1490618e-01  -7.4828611e-01  -1.0758130e+00  -1.1439135e+00  -1.0400563e+00  -2.5012498e-01   1.1560639e+00   9.9900598e-01   6.9946879e-01   8.9563359e-01  -6.0485705e-01
   1.2857540e+00   1.9013904e+00   1.5797056e+00   1.0360660e+00   3.1941102e-01  -1.4753063e-01  -8.8944473e-01  -1.0559949e+00  -1.2381523e+00  -1.0572282e+00  -1.6160655e-01   1.1396144e+00   1.1124698e+00   6.5571947e-01   8.9436574e-01  -5.5613262e-01
   1.5820928e+00   1.8304842e+00   1.2856361e+00   7.0064284e-01   1.2930268e-01  -5.2692520e-01  -1.0911262e+00  -1.3840049e+00  -1.0596482e+00  -1.2581445e+00  -3.8818224e-01   9.7396496e-01   1.1327921e+00   7.5578320e-01   9.0514220e-01  -6.1776190e-01
   1.2024457e+00   1.7825963e+00   1.3402019e+00   9.4209241e-01   2.8264881e-01  -6.0431672e-01  -5.8829777e-01  -7.8100480e-01  -9.0873507e-01  -1.1748324e+00  -4.1736909e-01   9.5813124e-01   1.0317421e+00   7.2772947e-01   8.9128897e-01  -7.3996472e-01
   1.6115358e+00   1.6670102e+00   1.1740136e+00   5.3002720e-01  -1.3329690e-01  -3.7582223e-01  -7.8236327e-01  -1.4207221e+00  -1.2899704e+00  -1.1521785e+00  -3.3219248e-01   1.2605582e+00   1.2113320e+00   7.7189606e-01   9.4013741e-01  -8.0912305e-01
   9.4719594e-01   1.5250592e+00   9.1906281e-01   6.2084755e-02   1.9414648e-01  -5.0895221e-01  -1.1735784e+00  -1.3984922e+00  -1.9235949e+00  -1.1600062e+00  -6.0054501e-01   9.4622542e-01   1.1286598e+00   7.2145045e-01   9.0029409e-01  -7.3927988e-01
   1.2150995e+00   1.4323964e+00   1.0111195e+00   4.7269717e-01   6.4393831e-01  -9.0622573e-01  -9.3550431e-01  -1.4371070e+00  -1.1567700e+00  -1.0134053e+00  -8.8703318e-01   1.0013012e+00   1.2049493e+00   7.3746444e-01   8.5564865e-01  -4.7834125e-01
   1.1166463e+00   1.2267161e+00   1.0951624e+00   1.0308653e+00   8.4747823e-01  -6.9178903e-01  -9.1034286e-01  -1.3829942e+00  -8.9242432e-01  -7.2756816e-01  -5.4646224e-01   1.0684625e+00   1.2191827e+00   6.4337252e-01   8.2935841e-01  -5.3449573e-01
   8.9360146e-01   8.3760404e-01   1.0454256e+00   5.3810312e-01   3.2403147e-01  -5.4495970e-01  -1.1594665e+00  -1.3568889e+00  -1.3138363e+00  -1.0949609e+00  -4.4806759e-01   9.6958813e-01   1.0248539e+00   5.3771420e-01   8.4751355e-01  -5.4232078e-01
   7.7774778e-01   1.0209710e+00   1.0901115e+00   1.0484265e+00   3.3366875e-01  -7.0324288e-01  -1.1324753e+00  -1.4111337e+00  -1.6880408e+00  -1.1856837e+00  -2.1629011e-01   6.9204127e-01   8.2771054e-01   4.5244604e-01   6.7234568e-01  -6.8427260e-01
   8.3025914e-01   4.3858792e-01   9.0513463e-01   6.0644344e-01   2.5066828e-01  -8.4608254e-01  -1.0985891e+00  -1.5649369e+00  -1.5487464e+00  -1.1412775e+00  -3.9153961e-01   6.7150899e-01   7.2987165e-01   7.5790144e-02   2.9365122e-01  -8.0792788e-01
   1.1978024e+00   8.0264706e-01   9.6300618e-01   1.2401533e+00   3.4925585e-01  -1.1614138e+00  -1.4743478e+00  -1.6647752e+00  -1.7107118e+00  -1.3530057e+00  -7.0538322e-01   3.9528783e-01   4.5281753e-01  -2.5650907e-01  -5.9737230e-02  -1.1683611e+00
   5.6292325e-01   9.7428448e-01   5.6222507e-01   7.1814038e-01   5.0835867e-01  -9.4040215e-01  -1.3492959e+00  -1.5989886e+00  -1.3178129e+00  -1.5342719e+00  -5.5051166e-01   2.7582174e-01   2.0397680e-01  -4.1851099e-01   4.3000253e-03  -9.9880864e-01
   6.2882683e-01   6.1332813e-01   6.1864674e-01   4.0836675e-01   1.0635017e-01  -1.0189654e+00  -1.2959165e+00  -1.6922196e+00  -1.8701523e+00  -1.5893408e+00  -9.2377078e-01  -2.1364486e-01  -1.2911596e-01  -4.6809104e-01  -2.2722286e-01  -9.7578629e-01
   6.6098574e-01   4.6056094e-01   7.0237096e-01   6.9252711e-01   2.9207631e-01  -7.4556429e-01  -1.3306574e+00  -1.3015070e+00  -1.6416458e+00  -1.4916204e+00  -9.6075923e-01  -3.0141315e-01  -3.0042047e-01  -9.2228533e-01  -7.0866969e-01  -1.3687652e+00
   1.1989286e+00   8.9676614e-01  -4.0415849e-01   2.8124013e-01   5.9274538e-04  -1.0682749e+00  -1.1762768e+00  -1.6569165e+00  -1.4883988e+00  -1.1155795e+00  -7.3687507e-01  -6.1973166e-01  -5.2861263e-01  -9.1476985e-01  -9.8598934e-01  -1.3304689e+00
   1.3698702e+00   1.3620495e+00  -1.3812760e-01   8.6694040e-01   3.1680389e-01  -1.1296687e+00  -1.4965028e+00  -1.7441332e+00  -1.4565264e+00  -1.2036512e+00  -8.4274947e-01  -1.2639899e+00  -1.2232386e+00  -1.1837710e+00  -1.3970166e+00  -1.2406914e+00
   1.0468639e+00   1.6169206e+00   5.7337594e-01   9.3255265e-01   3.0052022e-01  -1.0837107e+00  -1.6685883e+00  -1.8027238e+00  -1.5933100e+00  -1.3051063e+00  -1.2487725e+00  -1.3643151e+00  -1.2865784e+00  -1.2529355e+00  -1.1268707e+00  -1.2784783e+00
   1.3713033e+00   1.3438735e+00   1.4139797e-01   1.9660716e-01  -1.8416851e-01  -1.1202646e+00  -1.3852488e+00  -1.6572114e+00  -1.9344591e+00  -1.4709115e+00  -1.1511585e+00  -1.2185498e+00  -1.1229305e+00  -1.0796326e+00  -1.1309363e+00  -1.1390846e+00
   1.2345798e+00   1.0306272e+00  -2.6651035e-01   1.3897407e-01  -3.3751530e-01  -1.1796235e+00  -1.6120524e+00  -1.5967825e+00  -2.0682150e+00  -1.3017419e+00  -9.7079916e-01  -1.3109664e+00  -1.3074911e+00  -1.1921457e+00  -1.2436414e+00  -8.9299290e-01
   1.1216243e+00   8.3753852e-01  -7.2152071e-01   2.0292867e-01   2.9248434e-03  -1.1593772e+00  -1.3033747e+00  -1.4440664e+00  -1.7411384e+00  -1.6570433e+00  -1.3545680e+00  -1.5968065e+00  -1.7092177e+00  -1.1830670e+00  -1.2507521e+00  -1.0976142e+00
   1.1791480e+00   9.6403471e-01   1.0627180e-01   5.1189612e-01   8.9623581e-02  -6.8704273e-01  -6.5000202e-01  -1.0168645e+00  -1.5715657e+00  -1.6110106e+00  -7.4904813e-01  -1.4315862e+00  -1.6572512e+00  -1.2776445e+00  -1.1631829e+00  -1.2243823e+00
   1.4363262e+00   1.0033845e+00   2.7530796e-01   9.7497512e-01   4.3644941e-01  -5.8306263e-01  -9.9734745e-01  -1.5410421e+00  -1.4409031e+00  -1.7476951e+00  -9.8085792e-01  -1.3079312e+00  -1.3694500e+00  -1.4104455e+00  -1.1564433e+00  -1.2685486e+00
   1.2797280e+00   2.0785681e-01  -5.4334635e-01   1.6512588e-01  -2.8162359e-01  -8.4639904e-01  -1.2597351e+00  -1.6034001e+00  -1.7488309e+00  -1.4203091e+00  -8.2109827e-01  -1.6246286e+00  -1.4343742e+00  -1.2390623e+00  -1.0437250e+00  -1.1382202e+00
   8.9224538e-01  -3.3892660e-01  -5.9450248e-01  -3.3401414e-02  -7.7266254e-01  -1.2389728e+00  -1.0874485e+00  -1.6180214e+00  -1.4259773e+00  -1.1121036e+00  -8.3119187e-01  -1.4214370e+00  -1.2499516e+00  -1.4676144e+00  -1.5027286e+00  -1.1813435e+00
   1.1368017e+00   6.0379624e-01  -1.1460666e-01   4.6110422e-01   3.3712590e-03  -9.9720083e-01  -1.1952521e+00  -1.9296832e+00  -1.5637976e+00  -1.2386886e+00  -6.5372400e-01  -1.1466054e+00  -1.2366665e+00  -1.4077415e+00  -1.6471907e+00  -1.5366665e+00
   7.5218931e-01  -7.4977944e-02  -5.2632724e-01   6.2372842e-01   4.3196606e-01  -1.1250709e+00  -1.5417939e+00  -1.5984727e+00  -1.5366815e+00  -1.3682420e+00  -8.7752942e-01  -1.4600919e+00  -1.5152364e+00  -1.3591947e+00  -1.0586276e+00  -1.0753583e+00
   8.9530138e-01   6.5570688e-01  -2.4879663e-01   3.8882757e-01   3.2023584e-01  -6.0594827e-01  -1.4865254e+00  -1.6732248e+00  -1.3072416e+00  -1.4983962e+00  -1.0390620e+00  -1.5375253e+00  -1.4934740e+00  -1.4990061e+00  -1.2483255e+00  -1.0045885e+00
   5.6143740e-01   3.5207679e-01   8.1563875e-02   4.2668183e-01   1.4793343e-01  -1.1212636e+00  -1.5421372e+00  -1.2882310e+00  -1.6503233e+00  -1.2424611e+00  -7.1204941e-01  -1.4233881e+00  -1.4608649e+00  -1.2993436e+00  -1.2210942e+00  -1.3642758e+00
   4.0953798e-01   2.6764657e-01  -5.7204407e-01   6.5712648e-01   3.1437459e-01  -1.0848131e+00  -1.5243723e+00  -1.3237039e+00  -1.1505124e+00  -1.1341796e+00  -7.3502507e-01  -1.1963765e+00  -1.3825628e+00  -1.1226118e+00  -1.2320980e+00  -1.0243936e+00
   6.1632434e-01  -1.1014866e-01  -3.5631548e-01   5.9554870e-01   3.0684395e-02  -8.9379135e-01  -1.3535917e+00  -1.1566512e+00  -1.7616122e+00  -1.3591272e+00  -7.0967081e-01  -1.3682986e+00  -1.5990004e+00  -1.4087156e+00  -1.5866351e+00  -1.1342842e+00
   1.3118004e-01  -2.5115762e-01  -5.6378070e-01   5.2051584e-01  -1.9198446e-01  -5.3570085e-01  -1.2571370e+00  -1.2798096e+00  -1.1917078e+00  -1.2604019e+00  -6.8048311e-01  -1.6274324e+00  -1.2871323e+00  -1.0972415e+00  -1.1490827e+00  -1.1066259e+00
   5.8874969e-01   3.4811417e-01  -4.2947274e-01   4.9328415e-01   3.8842840e-02  -9.2928828e-01  -1.3850373e+00  -1.4840353e+00  -1.4486681e+00  -1.4550006e+00  -1.1779482e+00  -1.7772873e+00  -1.3643395e+00  -1.2535205e+00  -1.1210697e+00  -9.5929772e-01
   5.1043293e-01  -1.6956707e-01   4.7592748e-02   5.3693807e-01  -2.2687291e-01  -1.1109572e+00  -1.3728582e+00  -1.3786377e+00  -1.0175681e+00  -1.2215580e+00  -8.9423302e-01  -1.5179322e+00  -9.3509441e-01  -9.8907168e-01  -9.9597528e-01  -7.1441119e-01
   8.3540282e-01   3.4690088e-01  -2.2507772e-02  -1.4919813e-01  -2.7691289e-01  -4.7018428e-01  -5.1158188e-01  -3.7507157e-01   8.9390810e-01   6.8057509e-01   3.5528959e-01  -2.1965906e-01   1.5721628e-01  -2.3359838e-01  -2.2615192e-01   3.6171962e-01
   9.0425712e-01  -3.1853073e-01  -6.3816799e-01  -2.1130285e-01  -5.1829938e-03  -5.4430383e-01  -1.0035218e+00  -9.7896197e-01  -1.3153824e-02  -5.4450310e-02  -1.5823737e-01  -5.0929095e-01  -6.8307878e-01  -8.3177684e-01  -6.9467018e-01  -5.0204908e-01
   3.2341263e-01   2.6371673e-01  -3.5580111e-01   3.6996796e-01  -1.3202920e-01  -1.1113743e+00  -1.1148599e+00  -1.5321410e+00  -1.2408712e+00  -7.0327224e-01  -5.6224313e-01  -1.2972837e+00  -9.8865809e-01  -7.1542174e-01  -8.4751052e-01  -9.8979879e-01
   7.3550627e-01   6.6596464e-02   1.3123126e-01   2.3295519e-01  -7.5460527e-01  -1.7408663e+00  -1.0998429e+00  -1.5183203e+00  -1.1621400e+00  -7.2941030e-01  -5.5946760e-01  -8.9615331e-01  -6.6337688e-01  -5.9763320e-01  -3.7671563e-01  -7.2959312e-01
   7.8859725e-01   1.6510483e-01   7.0564364e-02   6.7992167e-01   9.1826567e-02  -1.3581545e+00  -1.4516535e+00  -1.5136183e+00  -1.3247533e+00  -1.4479761e+00  -8.0530807e-01  -1.4266621e+00  -1.6207089e+00  -1.5628338e+00  -1.3866308e+00  -1.4107714e+00
   5.9874807e-02   6.3020113e-02  -1.7962536e-01   3.6442244e-01  -1.6638896e-02  -1.2285145e+00  -1.3138058e+00  -1.7557628e+00  -1.4012933e+00  -1.1867731e+00  -1.0087126e+00  -1.7296488e+00  -1.6655861e+00  -1.4209231e+00  -1.4027468e+00  -1.0803245e+00
  -2.0811716e-01  -7.5237976e-02   8.2972480e-02   2.2134894e-01  -7.2742218e-02  -1.0675622e+00  -1.5761140e+00  -2.2426321e+00  -1.7665594e+00  -1.3506702e+00  -9.1362768e-01  -1.7921485e+00  -1.4709880e+00  -1.4736424e+00  -1.3353984e+00  -1.1467066e+00
   7.7464906e-01   2.3492023e-01  -6.0741279e-01  -7.0102586e-02  -7.6149317e-01  -9.0555133e-01  -1.4578445e+00  -1.9232743e+00  -1.4209627e+00  -1.2589390e+00  -8.8406734e-01  -1.6892060e+00  -1.3721161e+00  -1.4220316e+00  -1.4692817e+00  -1.3217658e+00
   1.0694340e+00   1.0211044e-01  -3.7317474e-01  -2.5988293e-02  -7.2947042e-01  -1.2368635e+00  -1.4970826e+00  -1.6465869e+00  -6.2186820e-01  -7.6154582e-01  -6.4773403e-01  -7.9859253e-01  -1.1703978e+00  -9.7267128e-01  -5.8708691e-01  -3.4602942e-01
   1.4497970e+00   4.8561374e-01   2.3026395e-01   3.7270848e-01  -3.5543474e-01  -1.0710623e+00  -1.4818578e+00  -1.1769674e+00   2.9984676e-02  -2.0538587e-01  -1.5541617e-01  -3.1255296e-01  -6.9465493e-01  -8.2049256e-01  -4.0977397e-01  -2.5690825e-01
   9.3904701e-01   3.5085268e-01   9.5973976e-02   3.1560585e-01   1.6904688e-01  -1.0193414e+00  -1.2503484e+00  -1.4276100e+00  -1.5366248e+00  -1.1323792e+00  -6.6084225e-01  -1.2683440e+00  -1.5346094e+00  -1.4389540e+00  -1.4240952e+00  -1.1865968e+00
