   2.7790180e+00   1.7233732e+00   4.5056351e-01   7.5303482e-02  -7.1337479e-01  -7.9847711e-01  -1.1616916e+00  -1.5745036e+00  -1.5814091e+00  -1.8499662e+00  -1.7088900e+00  -1.9715689e+00  -1.9684651e+00  -1.8782338e+00  -1.9767508e+00  -1.8258578e+00
   2.6929200e+00   1.3035014e+00   4.4836147e-01  -5.1074105e-02  -7.7637088e-01  -7.8657781e-01  -1.0698408e+00  -1.3490776e+00  -1.4160257e+00  -1.5647244e+00  -1.7489262e+00  -1.8762074e+00  -1.8810624e+00  -1.8963392e+00  -1.8342239e+00  -1.7158148e+00
   2.6096931e+00   1.5624759e+00   1.5160734e-01   1.9866815e-01  -2.1428044e-01  -6.3325825e-01  -1.1159542e+00  -1.3081738e+00  -1.5631455e+00  -1.9304442e+00  -2.3129424e+00  -2.4315667e+00  -2.4532529e+00  -2.2071035e+00  -2.0497286e+00  -2.1898135e+00
   2.7783159e+00   1.4317721e+00   3.6977203e-01  -1.1977536e-01  -1.4497056e-01  -4.5903114e-01  -1.0560287e+00  -1.2539249e+00  -1.2047983e+00  -1.5236202e+00  -1.6291823e+00  -1.6762563e+00  -1.7234861e+00  -1.7444175e+00  -1.6643333e+00  -1.6515347e+00
   1.7625766e+00   1.8867250e+00   8.0366820e-01  -2.8305610e-01  -4.6720373e-01  -5.1453665e-01  -7.7995920e-01  -1.3063166e+00  -1.5071394e+00  -1.8845860e+00  -2.0113397e+00  -2.2145919e+00  -2.2829034e+00  -2.3412716e+00  -2.1577655e+00  -2.1254904e+00
   2.6511224e+00   1.0887813e+00   3.4261566e-01   3.7672996e-01  -1.1049171e-01  -3.5251027e-01  -4.8307838e-01  -1.5871175e+00  -1.5815372e+00  -1.9696034e+00  -2.1352392e+00  -2.3412088e+00  -2.1704942e+00  -2.1255223e+00  -2.1378423e+00  -2.3101339e+00
   2.7406473e+00   1.7581918e+00   4.0589912e-01   7.1641262e-02  -2.1358674e-01  -5.1962234e-02  -5.9417705e-01  -1.6550145e+00  -1.8753506e+00  -1.8144622e+00  -1.8367306e+00  -2.1772239e+00  -1.9863914e+00  -1.9979037e+00  -1.9516251e+00  -2.0042581e+00
   2.7051721e+00   1.7415504e+00   5.9390279e-01   6.3253874e-02  -4.3611746e-01  -2.1585571e-01  -4.5253573e-01  -1.2431567e+00  -1.2411357e+00  -1.5398601e+00  -1.8613573e+00  -2.0512065e+00  -2.0252050e+00  -1.9565165e+00  -2.0352933e+00  -2.0300251e+00
   2.3524574e+00   1.2671871e+00   4.0079468e-01  -1.2322673e-01  -6.1235313e-01  -2.2713253e-01  -6.3303179e-01  -1.4363956e+00  -1.5883258e+00  -1.4233559e+00  -1.6784192e+00  -1.8845016e+00  -1.8592815e+00  -1.7667152e+00  -1.9106507e+00  -1.8314633e+00
   1.8484431e+00   1.8844903e+00   6.4415065e-01   1.6431809e-01  -2.0897720e-01  -3.5831519e-01  -1.1273620e+00  -1.3698093e+00  -1.4621277e+00  -1.6056046e+00  -1.6705891e+00  -2.0960100e+00  -2.0302909e+00  -2.1330997e+00  -2.0496710e+00  -2.0245550e+00
   2.5593519e+00   1.5978298e+00   7.2254417e-01   3.4633564e-01  -4.8618696e-01  -1.0542704e+00  -1.0558838e+00  -1.4713260e+00  -1.6112144e+00  -1.8901814e+00  -1.7955710e+00  -2.1077374e+00  -2.2999967e+00  -2.2544331e+00  -2.1674150e+00  -2.1406720e+00
   2.0375437e+00   1.6788357e+00   2.5649327e-01   6.7699599e-02  -9.8547234e-02  -3.4833528e-01  -5.9970663e-01  -8.8043659e-01  -9.4936561e-01  -1.0421591e+00  -1.0650946e+00  -1.1181326e+00  -1.1183908e+00  -1.1009958e+00  -1.1014247e+00  -1.0798377e+00
   3.3131274e+00   2.1852807e+00   8.4136735e-01   5.3966752e-02  -3.8413200e-01  -5.3039818e-01  -8.7767598e-01  -1.4656387e+00  -1.8562458e+00  -1.8939473e+00  -2.2124633e+00  -2.3600408e+00  -2.2497157e+00  -2.2066018e+00  -2.1141649e+00  -2.1308344e+00
   3.0742067e+00   1.8699857e+00   3.8506010e-01  -2.6251063e-01  -2.3291813e-01  -5.6466815e-01  -9.0844514e-01  -1.0477254e+00  -1.3543926e+00  -1.5480893e+00  -1.5192147e+00  -1.5938324e+00  -1.5504889e+00  -1.6174417e+00  -1.5836617e+00  -1.6013459e+00
   2.9491132e+00   1.4158740e+00   4.2649208e-01  -7.5839634e-01  -6.0015994e-01  -4.3532698e-01  -7.5553482e-01  -1.4002815e+00  -1.6930257e+00  -2.1372697e+00  -2.1189563e+00  -2.2215054e+00  -2.3117923e+00  -2.3771886e+00  -2.3465596e+00  -2.1609407e+00
   2.4098791e+00   1.0189930e+00   4.7411963e-01   1.8188831e-01   2.8618811e-02   1.3403878e-01  -2.9582051e-01  -5.2792329e-01  -6.7765813e-01  -7.2010863e-01  -7.6325033e-01  -7.8948784e-01  -7.9951589e-01  -8.0898425e-01  -7.8215909e-01  -7.6543908e-01
   2.9338102e+00   1.7455491e+00   5.1547159e-01   2.5151264e-02  -1.5952889e-01  -6.0217202e-03  -4.3750614e-01  -7.9715070e-01  -1.4534206e+00  -1.8535211e+00  -2.1129327e+00  -2.1772979e+00  -2.5546699e+00  -2.2791494e+00  -2.4255923e+00  -2.1683362e+00
   2.9758506e+00   1.9992553e+00   1.0395753e+00   5.4074150e-01  -3.7886208e-01  -2.4863578e-01  -4.7107603e-01  -9.2816959e-01  -1.0733858e+00  -1.4235340e+00  -1.5402433e+00  -1.5843233e+00  -1.6445687e+00  -1.5597536e+00  -1.5649169e+00  -1.4884527e+00
   2.7776393e+00   1.5625659e+00   5.9347491e-01   3.6248448e-01   9.8119547e-02  -1.3109783e-01  -8.4189483e-01  -1.6824849e+00  -1.7595337e+00  -1.7681474e+00  -1.9605202e+00  -2.0821460e+00  -2.3192086e+00  -2.5334766e+00  -2.4325124e+00  -2.2342555e+00
   2.6204780e+00   1.5254535e+00   1.8825213e-01   1.6885363e-01   1.5107329e-01  -3.8740564e-01  -5.1838498e-01  -9.2396520e-01  -1.2404279e+00  -1.7988208e+00  -1.9330931e+00  -1.8881694e+00  -2.1928886e+00  -2.1774065e+00  -2.0227803e+00  -2.0015788e+00
   3.1065769e+00   1.7252966e+00   2.4695120e-01  -8.3561478e-02   6.7781848e-02   5.9966270e-02  -5.7686013e-01  -1.2202196e+00  -1.4375665e+00  -1.9161677e+00  -2.3080899e+00  -2.3847863e+00  -2.1263642e+00  -2.1214272e+00  -2.2534871e+00  -2.1953854e+00
   3.2342544e+00   1.3570398e+00   5.4217826e-01   3.6952279e-01   3.9428857e-01  -4.8601508e-02  -4.5934214e-01  -9.0943039e-01  -1.0462275e+00  -1.1136061e+00  -1.0873770e+00  -1.1470496e+00  -1.1661923e+00  -1.1674493e+00  -1.1577854e+00  -1.0824556e+00
   3.1251790e+00   1.4059708e+00   7.3250986e-01   1.8419771e-01   4.7782625e-02  -6.7499098e-01  -9.7363536e-01  -1.1485323e+00  -1.6569321e+00  -1.7811711e+00  -1.7908030e+00  -2.2067368e+00  -2.3441953e+00  -2.2946242e+00  -2.3049004e+00  -2.0559569e+00
   3.0735330e+00   1.5878747e+00   4.3146730e-01   4.8854144e-01  -1.6198902e-01  -4.5476668e-01  -5.1011673e-01  -7.6156986e-01  -1.0103076e+00  -1.0689564e+00  -1.1354190e+00  -1.1781115e+00  -1.1891969e+00  -1.1810014e+00  -1.1812725e+00  -1.1270472e+00
   2.5407699e+00   2.1977841e+00   7.5647219e-01   1.8704341e-01  -4.0349689e-01  -6.6115102e-01  -7.2531599e-01  -1.0499699e+00  -1.2207564e+00  -1.2707439e+00  -1.2870338e+00  -1.4284656e+00  -1.4373303e+00  -1.4173929e+00  -1.4143407e+00  -1.3594818e+00
   2.9628620e+00   1.6026504e+00  -1.3732653e-01   5.7578205e-02  -4.5551204e-01  -4.0323886e-01  -1.0351950e+00  -9.8077885e-01  -1.2496570e+00  -1.5443608e+00  -1.5835487e+00  -1.6961661e+00  -1.7068187e+00  -1.6448569e+00  -1.6746445e+00  -1.6167567e+00
   2.9485978e+00   1.4697122e+00   3.7062851e-01   2.8101421e-01  -2.2798190e-01  -5.4905053e-01  -5.9655984e-01  -1.1741929e+00  -1.4422886e+00  -1.9152860e+00  -2.1041725e+00  -1.9165876e+00  -2.1385130e+00  -2.3273070e+00  -2.2021610e+00  -1.9904808e+00
   2.5294782e+00   1.3590543e+00   4.2540512e-01   4.2552218e-01  -3.8548347e-01  -3.5261368e-01  -1.1769066e+00  -1.2729529e+00  -1.5638476e+00  -1.5894462e+00  -1.5538316e+00  -1.8248745e+00  -1.8311190e+00  -1.8763833e+00  -1.7974492e+00  -1.7179820e+00
   2.1494315e+00   1.1399196e+00   2.2315252e-01   2.6968885e-01  -2.8865997e-01  -5.4022505e-01  -5.9469290e-01  -1.1613455e+00  -1.9678561e+00  -1.8200549e+00  -1.6680350e+00  -2.0414122e+00  -1.7066876e+00  -1.7328521e+00  -2.0973057e+00  -2.0810621e+00
   2.6544229e+00   1.4151141e+00   3.8933976e-01  -3.4924747e-02  -6.4996724e-01  -9.5519675e-01  -8.1946890e-01  -1.3128847e+00  -1.2722353e+00  -1.5762770e+00  -1.5500185e+00  -1.5673287e+00  -1.1815219e+00  -1.2473586e+00  -1.5815027e+00  -1.6995661e+00
   2.7445015e+00   1.3893199e+00   3.7687851e-01   4.8713816e-01  -3.4183289e-01  -9.8487608e-01  -1.1106589e+00  -1.5177667e+00  -1.6296411e+00  -1.6912628e+00  -1.7675059e+00  -2.0156082e+00  -2.1157393e+00  -2.0575590e+00  -2.1219984e+00  -1.9586079e+00
   2.6544375e+00   1.3230342e+00   7.4145949e-01   3.0177285e-01  -6.7228975e-02  -7.0237841e-01  -1.0492634e+00  -1.6313394e+00  -1.9038301e+00  -1.7575404e+00  -1.7648889e+00  -1.8360540e+00  -1.1858596e+00  -1.4956491e+00  -1.8869706e+00  -2.0811833e+00
   2.5562418e+00   1.1219340e+00   3.6794265e-02   2.1150043e-01  -1.6122473e-01  -1.8157205e-01  -6.2481978e-01  -9.1220331e-01  -1.0009216e+00  -1.1075912e+00  -1.3631254e+00  -6.8988058e-01   3.9846391e-01   2.7806281e-02  -9.9885826e-01  -2.0956972e+00
   2.9498587e+00   1.7626730e+00   1.2694068e-01   1.2082920e-01  -5.8293704e-02  -2.8200978e-01  -7.2620144e-01  -7.4321482e-01  -9.3370492e-01  -7.9812316e-01  -1.1991270e+00  -8.3227487e-01  -7.1146644e-02  -5.1413180e-01  -1.2342923e+00  -1.4682547e+00
   3.0738679e+00   1.6609914e+00   1.1837698e-01   5.6858600e-01   4.6967787e-01   6.3313206e-01  -1.0677286e-01  -3.9390212e-01  -6.6676835e-01  -2.9981254e-01  -8.2504228e-01  -2.4734899e-01   7.2344563e-01   1.1935416e-01  -9.5625163e-01  -1.5328132e+00
   2.8465864e+00   1.5922679e+00   9.3605380e-02   2.6929240e-01   8.4053870e-01   6.8668439e-01  -4.2473836e-01  -3.8284105e-01  -2.6799634e-01   1.3371428e-01  -6.4891202e-01  -2.7944874e-01   9.2657790e-01   2.6731916e-01  -8.3031103e-01  -1.7629799e+00
   2.6999270e+00   1.9749054e+00   8.7268522e-01   6.3440381e-01   9.1674158e-01   3.7832312e-01  -4.2254551e-01  -8.1035584e-02  -4.1851030e-01  -1.2615111e-01  -7.2421732e-01  -4.4448322e-01   4.4753312e-01  -1.5446687e-01  -7.3198792e-01  -1.1241280e+00
   3.2455852e+00   1.6924952e+00   5.4309673e-01   6.3703497e-01   7.7278306e-01   3.5395465e-01  -3.2250984e-01  -3.4954887e-01  -5.0139442e-01  -1.9486138e-01  -7.3056377e-01  -2.1777110e-01   8.0740786e-01   2.6607086e-01  -8.9651370e-01  -1.5525823e+00
   2.7269240e+00   1.8240354e+00   4.3717391e-01   7.8255606e-01   1.1261784e+00   4.1639925e-01  -3.3565798e-01  -2.3211179e-01  -6.3104832e-01  -4.5242803e-01  -9.3801755e-01  -8.1664638e-01   1.3192869e-01  -3.6215226e-01  -1.3749293e+00  -1.9130329e+00
   2.6959747e+00   1.8626645e+00   5.1385329e-01   6.8878661e-01   9.5007443e-01   1.6035732e-01  -2.5486604e-01  -5.2272839e-01  -8.0410166e-01  -7.9515194e-01  -1.6365100e+00  -9.5906129e-01   3.0134041e-01  -3.2038275e-01  -1.3958271e+00  -1.9898100e+00
   2.5846432e+00   1.9701254e+00   1.2305973e-01   1.3679909e-02   1.0178503e+00  -2.3255474e-02  -2.5994250e-01  -9.2788727e-01  -9.2221299e-01  -6.1326698e-01  -1.0375424e+00  -4.5715811e-01   7.1667124e-01  -2.5265548e-01  -1.1262393e+00  -1.4799789e+00
   2.8547399e+00   1.9820646e+00   1.6696153e-01   1.4961748e-01   1.0028278e+00   1.8506210e-01  -3.5342651e-01  -7.2471582e-01  -1.2777275e+00  -1.0793900e+00  -1.2665159e+00  -7.0653843e-01   8.5825031e-02  -8.2951626e-01  -1.3983671e+00  -1.7687176e+00
   2.5316261e+00   1.9117567e+00   6.3764264e-01   4.7724678e-01   6.6428084e-01   8.3780043e-02  -3.6471483e-01  -9.3688179e-01  -1.4995962e+00  -1.1812053e+00  -1.7891314e+00  -1.3511941e+00  -5.9432524e-01  -8.9280225e-01  -1.5432688e+00  -2.2133597e+00
   3.0009898e+00   2.5099084e+00   8.3142179e-01   4.3666562e-01   9.1999227e-01  -9.3000182e-02  -4.6450869e-01  -9.0224844e-01  -1.3971246e+00  -1.7483109e+00  -1.9532146e+00  -1.4793502e+00  -6.4049852e-01  -1.2157225e+00  -1.4944279e+00  -1.8515292e+00
   2.9123959e+00   2.2267946e+00   6.2194008e-01   1.7617626e-01   2.5214949e-01   1.7254111e-01  -4.7985189e-01  -9.3718233e-01  -1.5638283e+00  -1.4575126e+00  -1.8266920e+00  -1.6043762e+00  -9.2629645e-01  -1.4816525e+00  -1.9164862e+00  -2.1725458e+00
   3.3925507e+00   2.0560273e+00   5.9710074e-01   4.7572057e-01   5.2172391e-01  -1.4434960e-01  -5.7483615e-01  -6.5585555e-01  -8.2728647e-01  -8.6598108e-01  -9.6209474e-01  -8.9663256e-01  -8.2482300e-01  -9.6248330e-01  -9.4893585e-01  -9.2432111e-01
   3.2678017e+00   1.3105761e+00   4.5594380e-01  -3.3366860e-02   4.1385762e-01  -6.5283221e-01  -1.0004125e+00  -1.1239059e+00  -1.6026280e+00  -1.6032748e+00  -1.8974530e+00  -1.7246639e+00  -1.3799357e+00  -1.8285341e+00  -2.1088344e+00  -1.9941931e+00
   3.3923438e+00   1.4089722e+00   3.8322692e-01  -1.4566263e-02   3.2583409e-01  -8.1113123e-01  -1.0495344e+00  -1.0204689e+00  -1.2907961e+00  -1.3813839e+00  -1.8148242e+00  -1.9767368e+00  -1.6172956e+00  -1.9282844e+00  -2.0844320e+00  -1.9713948e+00
   3.5910676e+00   1.6480248e+00   3.6530424e-01  -7.4198197e-02   3.1193177e-01  -4.0428715e-01  -6.9653729e-01  -7.2761627e-01  -1.2148565e+00  -1.6033593e+00  -1.6879018e+00  -2.0621125e+00  -1.6591215e+00  -1.8966673e+00  -1.9426974e+00  -2.0600663e+00
   3.0837359e+00   1.5906525e+00   7.5269838e-01  -2.5738445e-01  -1.4706474e-01  -7.0470644e-01  -6.6488980e-01  -9.0296930e-01  -9.2343766e-01  -1.1120185e+00  -1.1838299e+00  -1.1895817e+00  -1.1003108e+00  -1.1852384e+00  -1.1712188e+00  -1.1850249e+00
   2.5835293e+00   1.0996231e+00   1.0892203e-01  -1.9994850e-01  -6.5837236e-01  -5.5320680e-01  -1.0748921e+00  -1.4846089e+00  -1.4349302e+00  -1.6448408e+00  -1.7178060e+00  -1.7130288e+00  -1.6468559e+00  -1.8437492e+00  -1.8507781e+00  -1.8265080e+00
   2.2162725e+00   1.5701883e+00  -3.3208256e-02  -1.0548696e-02  -2.8952907e-01  -2.9895741e-01  -7.9111463e-01  -1.2803220e+00  -1.5138010e+00  -1.7822329e+00  -1.7609183e+00  -1.8367489e+00  -1.7990269e+00  -1.9044410e+00  -1.8255646e+00  -1.8480304e+00
   2.4858094e+00   1.4787996e+00  -1.1539364e-01  -3.5542090e-02  -2.4814487e-01  -3.7825597e-01  -1.0037388e+00  -1.4554873e+00  -1.5120482e+00  -1.7952570e+00  -2.0337249e+00  -1.8630645e+00  -1.5416723e+00  -2.2018377e+00  -1.7693598e+00  -1.4653003e+00
   2.0689840e+00   1.9713971e+00   5.3937123e-01  -2.1217773e-01  -3.8624033e-01  -6.1791472e-01  -1.1219744e+00  -1.4067747e+00  -1.3842997e+00  -1.7309821e+00  -1.9271367e+00  -1.8758172e+00  -1.6501429e+00  -2.0362940e+00  -1.8902922e+00  -1.4264876e+00
   3.1238701e+00   1.4394677e+00   4.8358147e-02  -3.6737100e-01  -3.9967267e-01  -2.6023119e-01  -7.1639212e-01  -1.2608165e+00  -1.4903527e+00  -1.8664008e+00  -1.8288725e+00  -1.7631825e+00  -1.8751921e+00  -1.9673319e+00  -1.9782678e+00  -1.1589411e+00
   2.2789602e+00   1.2447000e+00   5.9968421e-01  -1.3178036e-02  -5.3951293e-01  -8.1102029e-01  -1.2766925e+00  -1.4355036e+00  -1.5482675e+00  -1.9975696e+00  -1.8435708e+00  -2.3583418e+00  -2.1388920e+00  -1.8116027e+00  -2.1666539e+00  -1.4188655e+00
   2.4921763e+00   9.1152402e-01   1.0265734e-01   1.7013357e-01  -8.0152292e-02  -4.3641409e-01  -9.1935424e-01  -1.1145631e+00  -1.4853385e+00  -1.6991810e+00  -1.8260046e+00  -1.8355686e+00  -1.7697336e+00  -1.8212657e+00  -1.8094001e+00  -1.3504774e+00
   2.5797138e+00   1.1805407e+00   3.2202414e-01   2.9190328e-01  -4.9184316e-02  -5.5554278e-01  -6.8748454e-01  -1.0411988e+00  -1.2290125e+00  -1.4001701e+00  -1.4449504e+00  -1.5249406e+00  -1.5018095e+00  -1.5046137e+00  -1.4074161e+00  -1.2459566e+00
   3.0637556e+00   1.4437914e+00   3.0596630e-02  -1.6721034e-01  -3.0068045e-01  -5.1046366e-01  -9.8183036e-01  -1.3650931e+00  -1.2299228e+00  -1.4836535e+00  -1.6467825e+00  -1.6618779e+00  -1.6004155e+00  -1.6112861e+00  -1.5029706e+00  -1.3547963e+00
   3.1725319e+00   1.2175081e+00   2.8402659e-01  -7.4752599e-02  -5.6262705e-01  -6.4189488e-01  -7.0016656e-01  -1.0743427e+00  -1.2773522e+00  -1.3260248e+00  -1.2817514e+00  -1.3591445e+00  -1.4167571e+00  -1.4035310e+00  -1.3668790e+00  -1.1642547e+00
   3.0537688e+00   1.3829639e+00   3.8762461e-01   5.6092649e-01  -2.1132367e-01  -4.4721556e-01  -6.8187011e-01  -1.4977769e+00  -1.4508666e+00  -1.5751207e+00  -1.7828572e+00  -1.8133804e+00  -1.6274618e+00  -1.6177351e+00  -1.6021032e+00  -1.3094418e+00
   2.9795915e+00   1.3435878e+00   2.3763180e-01   3.9082074e-01   7.9066979e-02  -5.4097276e-01  -9.2281279e-01  -1.1864697e+00  -1.3593781e+00  -1.4059552e+00  -1.5638263e+00  -1.6413589e+00  -1.4837015e+00  -1.5299059e+00  -1.4635056e+00  -1.1080827e+00
   1.8102104e+00   1.5292345e+00   7.9846497e-01  -2.4959453e-01   3.4720352e-02   1.1733173e-01  -5.0496592e-01  -1.1286399e+00  -1.6457072e+00  -2.2252788e+00  -2.1983127e+00  -2.0193930e+00  -1.8062419e+00  -2.3059540e+00  -1.9250246e+00  -1.5275448e+00
   3.1181794e+00   1.4787429e+00   8.5892891e-01   2.6397670e-01   1.5923767e-01   3.3820088e-01  -2.1548178e-01  -1.0011281e+00  -1.1479278e+00  -1.3090862e+00  -1.2781314e+00  -1.3260084e+00  -1.3711836e+00  -1.3411483e+00  -1.2993594e+00  -1.1130310e+00
   3.1574770e+00   1.2711605e+00   5.2701027e-01   5.4920943e-01   1.9921200e-01  -3.4548862e-01  -1.1566954e+00  -1.4368399e+00  -1.4421516e+00  -1.5120489e+00  -1.6417253e+00  -1.7871900e+00  -1.7110860e+00  -1.6474235e+00  -1.7050354e+00  -1.2484695e+00
   3.1603033e+00   1.6840489e+00   6.0195677e-01  -1.3675619e-01  -1.0964424e-01  -2.0836136e-01  -1.2410916e+00  -1.8927778e+00  -1.8917578e+00  -2.0282361e+00  -2.0982833e+00  -2.2925293e+00  -2.1381699e+00  -2.2638531e+00  -2.1598685e+00  -1.4658342e+00
   3.0884151e+00   1.2153289e+00   4.5497570e-01  -1.2345878e-01  -4.9766911e-01  -5.2419743e-01  -1.1968554e+00  -1.3159791e+00  -1.4251770e+00  -1.8796128e+00  -1.6731080e+00  -2.1667463e+00  -1.8484573e+00  -1.8269644e+00  -2.2798305e+00  -1.7145190e+00
   2.2601682e+00   1.4805032e+00   8.5224781e-01   1.5974117e-01  -2.2263423e-01  -7.7945329e-01  -9.1825565e-01  -1.0391682e+00  -9.4326160e-01  -1.1439492e+00  -1.1952009e+00  -1.2497230e+00  -1.2113225e+00  -1.2360726e+00  -1.2429454e+00  -1.0858464e+00
   2.2147416e+00   1.6146749e+00   3.1490123e-01   3.6764302e-03  -2.3170945e-01  -1.0431676e+00  -9.4317250e-01  -1.3131453e+00  -1.4263378e+00  -1.5285717e+00  -1.4894541e+00  -1.6113281e+00  -1.7601647e+00  -1.7144543e+00  -1.6491863e+00  -1.2407374e+00
   2.6438322e+00   1.5506694e+00   3.7032369e-01  -3.6291261e-01  -2.6642016e-01  -9.3260433e-01  -7.3996372e-01  -1.2155975e+00  -1.6046413e+00  -1.6986052e+00  -1.7863086e+00  -1.9108741e+00  -1.8592741e+00  -1.9282725e+00  -1.7719578e+00  -1.5327527e+00
   2.8364729e+00   1.5426520e+00   3.6183183e-01   3.6358808e-01  -4.0792219e-01  -7.2546313e-01  -1.0412130e+00  -1.4935802e+00  -1.7635190e+00  -2.1151326e+00  -2.1245248e+00  -1.9532053e+00  -2.0576841e+00  -1.8858264e+00  -1.7945464e+00  -1.5245862e+00
   2.8632863e+00   1.6574950e+00   4.9579581e-01   6.4128139e-01  -2.8982792e-01  -4.7361030e-01  -8.2425653e-01  -1.3696645e+00  -1.4292918e+00  -1.5759593e+00  -1.6377442e+00  -1.7370934e+00  -1.7307431e+00  -1.6193057e+00  -1.7299285e+00  -1.2224614e+00
   2.3955613e+00   9.8650039e-01  -1.0005287e-01   4.5562828e-02  -3.8769884e-01  -5.9002692e-01  -7.6334009e-01  -1.5038319e+00  -1.7632687e+00  -2.0965843e+00  -2.2283674e+00  -2.2768776e+00  -2.1718032e+00  -1.8938952e+00  -2.1475941e+00  -1.1892047e+00
   3.0008547e+00   1.6309919e+00   6.0779983e-01   4.4667519e-02  -9.9057030e-01  -4.9447949e-01  -8.5977154e-01  -1.6687432e+00  -1.7397175e+00  -2.1028517e+00  -2.3098608e+00  -2.2975641e+00  -2.1409289e+00  -2.1101669e+00  -2.3392208e+00  -1.4951382e+00
   2.2799156e+00   9.6079796e-01   2.1517681e-01  -7.8089250e-02  -4.4761135e-01  -7.3143229e-01  -4.6250558e-01  -1.3257289e+00  -1.6145344e+00  -2.1162946e+00  -2.0589734e+00  -2.1993756e+00  -2.0033167e+00  -2.2803808e+00  -2.2867022e+00  -1.6359473e+00
   2.5848434e+00   1.0817885e+00   3.6789866e-01  -1.0769485e-02  -2.9701649e-01  -2.2005409e-01  -4.4914130e-01  -1.3091595e+00  -1.6172373e+00  -1.8079640e+00  -1.8193357e+00  -1.9055075e+00  -2.1339241e+00  -2.1893852e+00  -2.0190873e+00  -1.6614392e+00
   3.1360477e+00   1.6776648e+00   3.5386884e-01  -1.7098207e-01  -5.7613643e-01  -9.3515667e-01  -1.0431745e+00  -1.3513153e+00  -1.2323548e+00  -1.8979077e+00  -2.0519356e+00  -2.2866077e+00  -2.0378674e+00  -2.1167696e+00  -1.8448581e+00  -1.6904579e+00
