   8.7369678e-01  -6.3141016e-01  -1.2856556e+00  -3.2444706e-01  -1.4590442e+00  -1.8988696e+00  -2.2218642e+00  -2.1260022e+00  -2.0949924e+00  -2.6776980e+00  -2.3062533e+00  -2.6494825e+00  -2.5979542e+00  -2.5415608e+00  -2.4132516e+00  -2.0356918e+00
   6.7229633e-01  -9.7177399e-01  -1.0843164e+00  -3.1217821e-01  -1.3025519e+00  -2.4402616e+00  -2.4731840e+00  -1.9770660e+00  -2.3302877e+00  -2.2846442e+00  -2.2056606e+00  -2.5191986e+00  -2.5440193e+00  -2.2445749e+00  -2.3689380e+00  -2.1077264e+00
   6.4957482e-01  -6.2053863e-01  -1.1606979e+00  -8.4857659e-01  -1.5297159e+00  -2.4146065e+00  -2.5093218e+00  -2.2590654e+00  -2.4359982e+00  -2.2731854e+00  -2.1116139e+00  -2.0604780e+00  -2.5852313e+00  -2.3613260e+00  -2.4261642e+00  -2.2826528e+00
   9.4487870e-01  -4.2286492e-01  -1.1466796e+00  -3.3342181e-01  -8.9465015e-01  -2.8192683e+00  -2.1995478e+00  -2.2359871e+00  -2.3317153e+00  -2.4226344e+00  -2.0848604e+00  -2.4091785e+00  -2.7829202e+00  -2.4318363e+00  -2.4506001e+00  -2.2633844e+00
   6.0671470e-01  -3.6098958e-01  -1.0422277e+00  -6.9180353e-01  -1.2653041e+00  -2.3679183e+00  -2.1131636e+00  -2.2544528e+00  -2.0267785e+00  -2.1047749e+00  -2.0917443e+00  -2.4472072e+00  -2.5316509e+00  -2.2788556e+00  -2.4381179e+00  -2.1735464e+00
   6.2013593e-01  -3.7619967e-01  -1.1765081e+00  -5.9340719e-01  -1.7955646e+00  -2.5185792e+00  -2.4542505e+00  -2.2386019e+00  -2.1796881e+00  -2.2658940e+00  -2.4154228e+00  -2.6849519e+00  -2.2496026e+00  -2.3361737e+00  -2.1885428e+00  -2.1033589e+00
   1.1454223e+00  -3.0544635e-01  -1.7934735e+00  -8.5747591e-01  -1.3440181e+00  -2.0240017e+00  -2.3876499e+00  -2.3737276e+00  -2.2124353e+00  -2.5334654e+00  -2.1517766e+00  -2.3096085e+00  -1.8044134e+00  -2.2052705e+00  -2.6055737e+00  -2.2975897e+00
   6.7380151e-01  -1.0327319e+00  -1.2234763e+00  -1.0248532e+00  -1.4303304e+00  -1.4768881e+00  -2.1975163e+00  -2.2337574e+00  -2.5155209e+00  -2.6687169e+00  -2.1150669e+00  -2.1498536e+00  -2.0714463e+00  -2.3261569e+00  -2.3911315e+00  -2.1733788e+00
   8.0973444e-01  -3.4426798e-01  -1.1528657e+00  -1.0709817e+00  -9.8571651e-01  -1.8909057e+00  -2.5228892e+00  -2.4778631e+00  -2.2549282e+00  -2.0404285e+00  -1.8150419e+00  -1.8350652e+00  -1.3843408e+00  -2.0320471e+00  -2.4476105e+00  -2.0642195e+00
   1.2661961e+00   3.4913053e-02  -1.4364746e+00  -7.0997943e-01  -1.4510117e+00  -1.8884911e+00  -2.3207042e+00  -2.2174382e+00  -2.2195708e+00  -2.2821255e+00  -1.8222388e+00  -2.1572157e+00  -2.2178740e+00  -2.2210079e+00  -2.3189076e+00  -2.1544086e+00
   5.4784071e-01  -1.0917269e+00  -1.5201217e+00  -8.7653428e-01  -1.3917987e+00  -1.6622390e+00  -2.2172927e+00  -2.0775381e+00  -2.4548280e+00  -2.3499091e+00  -2.1029956e+00  -2.3644854e+00  -2.7373805e+00  -2.3526279e+00  -2.7039711e+00  -2.2533146e+00
   1.3010924e+00  -1.5358593e-01  -1.0538851e+00  -5.8768606e-01  -1.1634526e+00  -1.7502436e+00  -2.1891265e+00  -2.2046575e+00  -2.5880975e+00  -2.5518676e+00  -2.1836932e+00  -2.4937195e+00  -2.5997306e+00  -2.5388267e+00  -2.5720980e+00  -2.2608932e+00
   5.5077350e-01   3.0666154e-02  -8.2507180e-01  -5.8288285e-01  -1.2958645e+00  -1.7788554e+00  -2.2056281e+00  -1.7180209e+00  -2.2409314e+00  -2.4655528e+00  -2.0518296e+00  -2.3365044e+00  -2.2872087e+00  -2.3476168e+00  -2.4009460e+00  -2.2583922e+00
   5.2651200e-01  -1.3126437e-01  -8.6539658e-01  -8.0983170e-01  -1.5108822e+00  -1.7870586e+00  -2.5980415e+00  -2.2613803e+00  -2.3978209e+00  -2.4096106e+00  -2.1126376e+00  -2.4191956e+00  -2.7075998e+00  -2.6433041e+00  -2.7366356e+00  -2.2253319e+00
   1.0146843e+00  -6.8222164e-01  -9.6410918e-01  -4.2647103e-01  -1.0904877e+00  -2.5469490e+00  -2.6101959e+00  -1.9633704e+00  -2.4607160e+00  -2.2909267e+00  -2.1341761e+00  -2.4342044e+00  -2.5888647e+00  -2.5949858e+00  -2.5716076e+00  -2.1866366e+00
   6.1203491e-01  -4.6915255e-01  -1.2089338e+00  -6.8421132e-01  -1.2877561e+00  -2.2966301e+00  -2.4494427e+00  -2.2554859e+00  -2.2133771e+00  -2.2930148e+00  -1.9942044e+00  -2.4245751e+00  -2.5724842e+00  -2.4563673e+00  -2.4786308e+00  -2.1331830e+00
   1.0062568e+00   5.5806212e-02  -9.9569619e-01  -5.0418716e-01  -9.5343901e-01  -2.3637046e+00  -2.8191241e+00  -2.5644295e+00  -2.6222015e+00  -2.3416225e+00  -1.9794562e+00  -2.6229009e+00  -2.7127017e+00  -2.5425692e+00  -2.5311731e+00  -2.3751778e+00
   6.4512997e-01  -4.3690579e-01  -1.2971201e+00  -4.7463628e-01  -1.2010520e+00  -2.0908715e+00  -2.2154372e+00  -2.5316547e+00  -2.4972428e+00  -2.4816423e+00  -2.1035133e+00  -2.4744271e+00  -2.5802657e+00  -2.6267749e+00  -2.4081310e+00  -2.2249219e+00
   4.2890361e-01  -5.8021582e-01  -9.7533443e-01  -7.7420635e-01  -1.7347738e+00  -2.4330403e+00  -2.1926666e+00  -2.0288146e+00  -2.4353778e+00  -2.1313902e+00  -2.0541870e+00  -2.8139208e+00  -2.5946289e+00  -2.5356742e+00  -2.3584593e+00  -2.1374888e+00
   8.4466376e-01  -1.0593533e+00  -1.3846146e+00  -6.4317518e-01  -1.4802378e+00  -2.3942931e+00  -2.2676773e+00  -2.2326852e+00  -2.6852864e+00  -2.4311964e+00  -1.9747594e+00  -2.5294311e+00  -2.7422614e+00  -2.4537344e+00  -2.2370122e+00  -2.1846216e+00
   8.6077106e-01  -4.4780861e-01  -1.1110822e+00  -8.9305403e-01  -1.4792483e+00  -2.3142430e+00  -2.4367804e+00  -2.2089728e+00  -2.4283364e+00  -2.5177980e+00  -2.1353372e+00  -2.3109493e+00  -2.6341551e+00  -2.3233099e+00  -2.2636384e+00  -2.1759194e+00
  -1.0874084e-01  -5.2347345e-01  -8.6595953e-01  -3.7620491e-01  -8.2117258e-01  -2.4406241e+00  -2.4844210e+00  -2.4131514e+00  -2.4418131e+00  -2.6941382e+00  -2.5709329e+00  -2.5607832e+00  -2.5597214e+00  -2.4685831e+00  -2.5732312e+00  -2.2698234e+00
   6.7632634e-01  -1.0387059e+00  -1.1923841e+00  -8.9093522e-02  -6.9944205e-01  -1.9032023e+00  -2.5512291e+00  -2.6739678e+00  -2.7133421e+00  -2.5025474e+00  -2.0269756e+00  -2.3046688e+00  -2.3755099e+00  -2.5064274e+00  -2.5465708e+00  -2.2661100e+00
   4.1967290e-01  -4.1398754e-01  -1.2169915e+00  -8.1898709e-01  -1.2631587e+00  -2.1199835e+00  -2.4862050e+00  -2.5858016e+00  -2.7395223e+00  -2.5293117e+00  -2.4477388e+00  -2.4390785e+00  -2.4907619e+00  -2.1652544e+00  -2.2412682e+00  -2.2582078e+00
   4.5465939e-01  -8.7684436e-01  -1.3972728e+00  -1.6303129e+00  -1.8700624e+00  -2.3621399e+00  -2.3779913e+00  -2.0780572e+00  -2.3568254e+00  -2.2734741e+00  -2.2322609e+00  -2.5927661e+00  -2.7737838e+00  -2.3507212e+00  -2.1928165e+00  -2.0685820e+00
   1.1705633e+00  -5.8714507e-01  -1.3883627e+00  -1.8259720e+00  -2.1152727e+00  -2.1447941e+00  -2.3800518e+00  -2.2453451e+00  -3.1052383e+00  -2.4190725e+00  -2.4218356e+00  -2.7486023e+00  -2.5474959e+00  -2.3863396e+00  -2.1008053e+00  -2.1330228e+00
   6.6500624e-01  -4.6175491e-01  -1.2565437e+00  -7.7234496e-01  -1.4468099e+00  -2.2988627e+00  -2.3722680e+00  -2.2704268e+00  -2.1673948e+00  -2.3900283e+00  -2.3221275e+00  -2.4301737e+00  -2.2038826e+00  -2.2753681e+00  -2.3242122e+00  -2.1190424e+00
   9.6015491e-01  -4.6730097e-01  -1.0634938e+00  -2.6860666e-01  -1.0261242e+00  -1.9331427e+00  -2.2177446e+00  -2.0340542e+00  -1.9518386e+00  -2.2971582e+00  -2.0850066e+00  -2.4368439e+00  -2.7666392e+00  -2.5683333e+00  -2.4278398e+00  -2.1200403e+00
   6.2823388e-01  -4.0136410e-01  -9.1140597e-01  -8.7765650e-01  -1.3459103e+00  -1.9795016e+00  -2.4106725e+00  -2.0766241e+00  -2.1295837e+00  -2.2617721e+00  -2.1767464e+00  -2.3637506e+00  -2.4839991e+00  -2.4798460e+00  -2.1768993e+00  -2.1380119e+00
   4.1878938e-01  -6.3655433e-03  -9.6112815e-01  -5.4254160e-01  -1.0095540e+00  -2.1648707e+00  -2.8394356e+00  -2.4952226e+00  -2.1954566e+00  -2.4963616e+00  -1.9684812e+00  -2.1479792e+00  -2.3597780e+00  -2.6973598e+00  -2.3468909e+00  -2.2589376e+00
   1.6393681e-01  -1.9984489e-01  -8.5104442e-01  -1.0043300e+00  -9.0571830e-01  -1.3256982e+00  -1.3998935e+00  -1.4696595e+00  -1.7354294e+00  -1.9391508e+00  -1.8418636e+00  -2.1604571e+00  -2.4903063e+00  -2.5601131e+00  -2.3859629e+00  -1.9933119e+00
   1.3289913e+00   7.0965660e-01  -3.2234555e-01  -2.9552267e-01   4.1096423e-01   4.0333187e-01   8.0430342e-02   3.6988970e-02  -1.4191820e-01  -1.5773292e-01  -6.0522548e-01  -2.4233505e-01  -6.8840355e-01  -6.1797290e-01  -1.0763317e+00  -2.1694898e+00
   1.0568406e+00   7.1956135e-01   1.3936902e-02   1.4619402e-01   4.3425166e-01   4.8739252e-01   1.6096058e-01   2.6483409e-01   1.9029540e-01  -1.1497713e-01  -4.1782410e-01  -1.6780398e-02  -5.6396949e-01  -7.0537823e-01  -1.0966185e+00  -2.2279232e+00
   1.3493852e+00   1.1944187e+00  -7.3921404e-02   2.2906985e-01   6.8669422e-01   7.4582247e-01   5.8894922e-01   6.9401785e-01   5.5768672e-01   1.0133264e-01  -3.0044022e-02   3.9112445e-01  -1.9012168e-01  -1.8498159e-01  -7.3916965e-01  -1.9806426e+00
   1.3364226e+00   1.2309007e+00  -3.0253141e-01   1.1521834e-01   7.6838446e-01   8.5795163e-01   3.9792784e-01   5.5994363e-01   5.8505888e-01   6.0648004e-01   6.0923569e-02   3.9784626e-01  -5.5387789e-02  -3.9384843e-01  -8.1799436e-01  -1.8918032e+00
   8.7795586e-01   1.3870344e+00  -3.3238163e-01  -6.1993123e-02   7.2425691e-01   8.9056780e-01   2.3421193e-01   4.4520869e-01   7.2190984e-01   4.8196496e-01   5.8113255e-02   3.8399163e-01   3.4352869e-02  -2.9505582e-01  -8.6842802e-01  -1.9758965e+00
   1.2045975e+00   1.3678961e+00  -6.2305408e-01  -3.8218360e-01   6.3129260e-01   8.7987515e-01   2.3496440e-01   2.4605885e-01   3.4883032e-01   3.3426871e-01  -3.3422285e-01  -4.8239792e-02  -3.4202878e-01  -8.6890486e-01  -1.6319179e+00  -1.9093651e+00
   9.7927996e-01   1.3365734e+00  -2.5297688e-01   3.7656136e-01   8.8322550e-01   9.8375719e-01   2.4876974e-01   4.4490244e-01   5.7040944e-01   4.9602425e-01  -2.5039779e-01   1.7544253e-02  -5.0335513e-01  -1.1908155e+00  -1.8110484e+00  -2.0983129e+00
   6.7868287e-01   1.4198040e+00  -2.3088111e-01   1.5146556e-01   9.4416593e-01   1.0318478e+00   1.1636580e-01   4.2050811e-01   5.7208565e-01   5.6772537e-01  -2.0024708e-01   3.1831058e-02  -5.4603856e-01  -1.3561224e+00  -1.9106763e+00  -1.9468405e+00
   1.2245102e+00   1.3071096e+00  -5.1869551e-01   1.0915314e-01   1.0342912e+00   1.2279413e+00   1.6833176e-02   2.4655884e-01   5.5336029e-01   5.5106760e-01  -3.5607608e-01  -8.9960533e-02  -4.7931276e-01  -1.0635707e+00  -1.7221047e+00  -2.0808145e+00
   1.1774061e+00   1.2252264e+00  -5.3968584e-01   2.5340450e-01   1.0028439e+00   1.2597148e+00  -9.2614354e-02   3.6805832e-01   7.3617347e-01   5.6506894e-01  -3.4279294e-01   6.6491001e-02  -2.2576607e-01  -7.5148493e-01  -1.5659715e+00  -1.9749242e+00
   1.2940281e+00   1.3629885e+00  -3.8786081e-01   1.9999571e-01   1.0873266e+00   1.3775286e+00  -2.2739669e-01   4.2987729e-01   8.5403399e-01   7.2001943e-01  -1.5478656e-01   3.0670485e-01   8.7563819e-02  -3.3892735e-01  -1.1187977e+00  -2.1239287e+00
   1.3676986e+00   1.1807149e+00  -3.5742429e-01   2.5688862e-01   1.1846253e+00   1.4491759e+00  -2.6703886e-01   4.5511914e-01   8.8004341e-01   7.4236937e-01  -1.0116702e-01   3.5923013e-01   1.4073250e-01  -1.3990773e-01  -8.2268336e-01  -1.7880050e+00
   1.1892403e+00   1.0325236e+00  -6.1597446e-01   4.0538871e-01   1.3012955e+00   1.4381298e+00  -4.8080260e-01   2.3441304e-01   7.7932373e-01   6.8684863e-01  -5.8506611e-02   2.3623123e-01   2.7802762e-02  -2.0570042e-01  -7.7514288e-01  -1.7978592e+00
   1.2629200e+00   1.2007056e+00  -6.4718008e-01   1.9980102e-01   1.1978766e+00   1.2583786e+00  -5.3315237e-01  -1.8977876e-01   4.1627158e-01   4.6924976e-01  -3.9542030e-01  -1.5165771e-01  -1.3785822e-01  -3.8539843e-01  -9.6714676e-01  -1.9819221e+00
   1.0348757e+00   1.1362704e+00  -3.0547729e-01   7.5237061e-02   1.2015126e+00   7.5463931e-01  -4.2798390e-01  -6.5616210e-01  -3.6280685e-01   9.7958598e-02  -6.9155285e-01  -4.5184853e-01  -2.0488958e-01  -5.9191429e-01  -1.0439803e+00  -1.8497195e+00
   5.5071839e-01   1.2421562e+00  -1.7068654e-01   2.4753082e-01   1.3105273e+00  -1.7702005e-01  -4.7740429e-01  -7.2627973e-01  -2.5018999e-01   3.2009466e-01  -8.4247538e-01  -7.1521503e-01  -7.1705515e-01  -1.3196734e+00  -1.7638244e+00  -2.2576924e+00
   9.7867132e-01   1.1846546e+00  -2.4717478e-01   2.6463084e-02   1.3739042e+00   7.1502741e-02  -4.6269031e-01  -8.8684670e-01  -6.4552479e-01  -4.1357767e-01  -1.0559650e+00  -1.0265080e+00  -1.2184753e+00  -1.8196633e+00  -1.7950369e+00  -2.0352230e+00
   8.1400334e-01   9.7933486e-01  -4.2962582e-01  -4.2746158e-02   1.0309740e+00  -5.0229246e-01  -9.6863515e-01  -1.0656651e+00  -1.2438139e+00  -1.2654727e+00  -1.7131460e+00  -1.9120150e+00  -1.9135327e+00  -2.0604061e+00  -2.1902375e+00  -1.9550686e+00
   8.5681615e-01   9.1805583e-01  -5.0342075e-01  -6.8551993e-01  -1.0070002e-01  -1.3582192e+00  -2.0939006e+00  -1.7891125e+00  -1.4889017e+00  -1.3980061e+00  -1.7878535e+00  -1.9521448e+00  -2.0938313e+00  -2.1884158e+00  -1.9721797e+00  -1.9763595e+00
   9.5105148e-01   5.7007342e-01  -7.9140669e-01  -8.9380107e-01  -1.0765766e+00  -1.5396150e+00  -2.1862603e+00  -2.0515024e+00  -2.0076343e+00  -1.5139719e+00  -1.7791859e+00  -1.8981654e+00  -2.2917193e+00  -2.3981388e+00  -2.0253512e+00  -2.2514832e+00
   5.5562640e-01  -7.2180563e-02  -9.7584285e-01  -6.8900146e-01  -1.0504087e+00  -1.9585372e+00  -2.2790902e+00  -2.2554362e+00  -2.1167782e+00  -1.9874541e+00  -1.9809643e+00  -2.3352607e+00  -2.3541008e+00  -2.3001912e+00  -2.1264009e+00  -1.8441647e+00
   1.0161928e+00  -6.6444455e-01  -1.1142212e+00  -5.7210072e-01  -6.1760509e-01  -1.6148046e+00  -1.9413652e+00  -1.9079300e+00  -2.1010347e+00  -1.8356141e+00  -2.0604557e+00  -1.9729150e+00  -2.1727639e+00  -2.0053194e+00  -2.0424271e+00  -2.0808916e+00
   9.7319100e-01  -3.8729326e-01  -7.9243065e-01  -7.4472830e-01  -1.3331990e+00  -1.7813876e+00  -2.3225941e+00  -2.3386231e+00  -2.4236626e+00  -2.3909296e+00  -1.9721241e+00  -1.8578906e+00  -2.0530103e+00  -1.4992124e+00  -1.4797909e+00  -2.0448786e+00
   1.0565814e+00  -1.0713620e-01  -8.5119418e-01  -6.0634007e-01  -1.2281084e+00  -2.0219182e+00  -2.1611933e+00  -2.2420379e+00  -2.4733930e+00  -2.1955626e+00  -2.0835148e+00  -2.0476849e+00  -2.0205741e+00  -1.4348887e+00  -9.6754133e-01  -1.2986104e+00
   5.0890173e-01  -1.8068630e-01  -1.1431412e+00  -8.3982145e-01  -9.6943263e-01  -1.8575267e+00  -1.8675603e+00  -1.7526763e+00  -2.0361820e+00  -2.0535295e+00  -1.9995073e+00  -2.0728138e+00  -1.8741566e+00  -1.4770611e+00  -9.8279422e-01  -8.9308531e-01
   5.9305348e-01  -1.0586040e+00  -1.3818395e+00  -3.3946088e-01  -9.4397899e-01  -1.6528603e+00  -2.0848173e+00  -1.9998919e+00  -2.3352137e+00  -1.9760837e+00  -1.6655508e+00  -1.9493337e+00  -1.8730690e+00  -1.1398028e+00  -7.3650808e-01  -6.8175470e-01
   2.6741394e-01  -9.2909982e-01  -9.5411812e-01  -8.1806010e-01  -1.3907909e+00  -1.7833067e+00  -1.7986065e+00  -2.1309088e+00  -1.9799204e+00  -1.9886531e+00  -1.9710984e+00  -2.3116744e+00  -1.9254843e+00  -1.1980646e+00  -7.4821024e-01  -8.5161516e-01
   1.0833987e+00  -2.9329005e-01  -1.2342780e+00  -8.5826704e-01  -1.2622834e+00  -1.6342358e+00  -2.0384575e+00  -2.1788641e+00  -2.2384767e+00  -1.9525812e+00  -2.2291253e+00  -2.1787359e+00  -2.2472531e+00  -1.1885833e+00  -7.8851545e-01  -8.7772072e-01
   1.0397922e+00  -5.2024022e-01  -1.4129342e+00  -5.1585438e-01  -1.1642363e+00  -2.1588023e+00  -2.4988576e+00  -2.0400146e+00  -2.2340391e+00  -2.4916096e+00  -2.1112161e+00  -2.2093646e+00  -2.2971866e+00  -1.1373036e+00  -8.9059994e-01  -7.3323668e-01
   1.0258765e+00  -5.4792544e-01  -1.0680010e+00  -1.1288372e+00  -1.4347434e+00  -2.2493132e+00  -2.1186525e+00  -1.8430298e+00  -2.0913142e+00  -2.3269108e+00  -1.9779734e+00  -2.4116852e+00  -2.3152401e+00  -1.4398848e+00  -1.1755880e+00  -9.0767445e-01
   5.0539319e-01  -8.3328222e-01  -1.6799100e+00  -6.1959753e-01  -1.0750240e+00  -2.2240178e+00  -2.1579244e+00  -1.7051481e+00  -1.8280456e+00  -2.2082555e+00  -2.0507632e+00  -2.1845575e+00  -2.5059656e+00  -1.6479197e+00  -1.1219764e+00  -9.4317324e-01
   1.0965805e+00  -1.1696172e-01  -1.3606291e+00  -1.0069670e+00  -1.5084825e+00  -2.1412102e+00  -2.5553256e+00  -2.2217958e+00  -2.1944430e+00  -2.5766867e+00  -1.9879971e+00  -2.1062596e+00  -2.2683283e+00  -1.8463816e+00  -1.5052035e+00  -9.1736816e-01
   3.8067153e-01  -5.6380828e-01  -1.2427330e+00  -9.0912646e-01  -1.1863811e+00  -1.8248386e+00  -2.5283877e+00  -2.3884827e+00  -2.4384696e+00  -2.5370392e+00  -1.9157085e+00  -2.1520769e+00  -2.2292899e+00  -2.1697548e+00  -1.5338746e+00  -1.0515027e+00
   4.6631083e-01  -5.8409413e-01  -1.7861878e+00  -6.5520659e-01  -8.0609304e-01  -2.0168302e+00  -2.3390408e+00  -2.6022675e+00  -2.4377102e+00  -2.3220940e+00  -2.2562395e+00  -2.6033507e+00  -2.3171019e+00  -1.9232879e+00  -1.7268677e+00  -1.1900519e+00
   3.7347536e-01  -5.2995843e-01  -1.5232080e+00  -8.4346800e-01  -1.2468713e+00  -2.0117541e+00  -2.2238995e+00  -2.3365683e+00  -2.2601541e+00  -2.2610115e+00  -2.4668924e+00  -2.5884600e+00  -2.5818630e+00  -2.1248590e+00  -1.7601441e+00  -1.0187891e+00
   8.0661936e-01  -4.1087860e-01  -1.2084412e+00  -4.3681399e-01  -7.8463719e-01  -1.8461003e+00  -2.3040786e+00  -2.4555089e+00  -2.1596919e+00  -2.1497624e+00  -1.9562912e+00  -2.3441595e+00  -2.5686285e+00  -1.8957469e+00  -1.7136160e+00  -1.2779402e+00
   1.0590052e+00  -3.2171415e-01  -9.5201744e-01  -7.3502578e-01  -1.1265173e+00  -2.4289275e+00  -2.6514862e+00  -2.7499462e+00  -2.5984236e+00  -2.4305367e+00  -1.7730246e+00  -2.3243137e+00  -2.3884663e+00  -2.0450011e+00  -1.8512462e+00  -1.2187614e+00
   9.0821300e-01   5.1551334e-02  -9.0417845e-01  -3.0787384e-01  -1.1479444e+00  -2.5114058e+00  -2.6093553e+00  -2.3360979e+00  -2.5175214e+00  -2.4036041e+00  -2.1750348e+00  -2.3456076e+00  -2.2471422e+00  -1.9998038e+00  -2.0034058e+00  -1.2847329e+00
   1.0965431e+00  -2.9874008e-01  -1.4211779e+00  -5.4569081e-01  -8.5359428e-01  -2.2767244e+00  -2.5225926e+00  -2.2811833e+00  -2.5903652e+00  -2.5119135e+00  -1.8121640e+00  -2.3588866e+00  -2.4811423e+00  -2.1853688e+00  -1.8301568e+00  -1.4811794e+00
   1.0862566e+00  -1.3082675e-01  -1.4969854e+00  -2.2456699e-01  -7.2274275e-01  -1.8012739e+00  -2.1354075e+00  -2.2372234e+00  -2.2740884e+00  -2.2640971e+00  -1.9451033e+00  -2.3226521e+00  -2.3345033e+00  -2.2264647e+00  -1.9275618e+00  -1.2686032e+00
   2.6788556e-01  -9.7859823e-01  -1.6661300e+00  -8.2634757e-01  -1.2154877e+00  -1.9743585e+00  -2.4272577e+00  -2.3041452e+00  -2.5005075e+00  -2.2177195e+00  -1.9212838e+00  -2.2626881e+00  -2.1591600e+00  -1.7604137e+00  -1.5599614e+00  -1.2984993e+00
   7.7409642e-01  -2.1599274e-01  -1.2735668e+00  -5.0091671e-01  -1.4155726e+00  -1.9217530e+00  -2.5307626e+00  -2.1106799e+00  -2.3175636e+00  -2.2674003e+00  -2.0028867e+00  -2.2980278e+00  -2.3389094e+00  -2.1885255e+00  -1.7428203e+00  -1.1064120e+00
   1.1327473e+00   7.6205751e-02  -1.0256523e+00  -8.4093053e-01  -1.3124488e+00  -1.9192479e+00  -2.5150718e+00  -2.2944806e+00  -2.3933286e+00  -2.2221568e+00  -1.9033071e+00  -2.1797837e+00  -2.5741508e+00  -2.0544578e+00  -1.8455299e+00  -1.3219493e+00
   9.2035894e-01   7.5664022e-02  -1.1456125e+00  -1.1249542e+00  -1.4083147e+00  -1.8782173e+00  -2.4667140e+00  -2.2934199e+00  -2.6607972e+00  -2.2876380e+00  -2.1460243e+00  -2.2607755e+00  -2.4139757e+00  -2.0688098e+00  -2.1646300e+00  -1.4191097e+00
   9.9979933e-01  -2.8784750e-03  -1.3209168e+00  -1.1455541e+00  -1.0944962e+00  -2.2173334e+00  -2.5784755e+00  -2.3595203e+00  -2.5329869e+00  -2.2340297e+00  -2.1795127e+00  -2.4915178e+00  -2.5049033e+00  -2.1774851e+00  -1.9280200e+00  -1.3683804e+00
   9.7676636e-01  -6.9541255e-02  -1.0696793e+00  -9.2594143e-01  -1.2874267e+00  -2.3660828e+00  -2.1254430e+00  -2.2303989e+00  -2.3062180e+00  -2.4025561e+00  -2.1640239e+00  -2.2932010e+00  -2.3895407e+00  -2.1151242e+00  -1.7615430e+00  -1.4919096e+00
   1.1036500e+00  -4.7865733e-01  -1.3677502e+00  -1.2526420e+00  -1.0413280e+00  -2.0371093e+00  -2.5092440e+00  -2.5387642e+00  -2.5569093e+00  -2.2140801e+00  -2.3540306e+00  -2.2201682e+00  -2.1254588e+00  -2.1157999e+00  -1.9373467e+00  -1.6881970e+00
   6.9628763e-01  -1.0382206e+00  -1.5510394e+00  -5.7786991e-01  -8.9765649e-01  -1.8721773e+00  -2.1183051e+00  -2.2299451e+00  -2.2700042e+00  -2.3184684e+00  -2.2741899e+00  -2.4338866e+00  -2.3435388e+00  -2.1883093e+00  -2.0604195e+00  -1.5573947e+00
