   2.4304468e+00   5.7358456e-01   6.5786286e-01   6.9784659e-01  -3.0358353e-01   8.8656290e-02   1.3295220e-01  -2.0587415e-03  -4.1681717e-01  -6.4411561e-01  -7.1886574e-01  -7.3653176e-01  -1.2123858e+00  -1.2844838e+00  -1.2464528e+00  -1.0731309e+00
   2.9155398e+00   7.8145290e-01   5.9372672e-01   5.4180101e-01   2.2654180e-01   5.7709311e-01   3.4399979e-01  -2.1229440e-01  -2.9466128e-01  -2.6344372e-01  -3.7210099e-01  -8.4764253e-01  -1.1681806e+00  -1.0149826e+00  -8.0783889e-01  -7.6209321e-01
   3.2986816e+00   1.5742847e+00   5.5800429e-01   5.6476884e-01   8.9458581e-02   2.0710267e-01   5.0197381e-01  -1.2235426e-01  -2.7998283e-01  -3.0719271e-01  -4.6408343e-01  -1.1320625e+00  -1.2645978e+00  -9.9509366e-01  -1.0307343e+00  -1.0526457e+00
   3.0468026e+00   1.4768915e+00   4.5666343e-01   8.6847086e-02  -1.4113267e-01   5.0593516e-01   7.7223005e-01   4.7159553e-01   5.5754442e-02  -1.6638589e-01  -4.9920083e-01  -8.6678617e-01  -1.2521888e+00  -9.4991612e-01  -1.0235333e+00  -1.1606923e+00
   2.9365649e+00   1.7560457e+00   7.4828106e-01   6.4961306e-01   5.8009950e-01   2.4767642e-01   1.0057617e-01   3.0358552e-01  -1.0267902e-01  -2.6502906e-01  -4.4159832e-02  -7.9442569e-01  -1.3814501e+00  -8.4769799e-01  -8.7081766e-01  -1.0571597e+00
   2.4306197e+00   1.8531002e+00   7.9859771e-01   5.9889250e-01   5.8246326e-01   2.1932604e-01  -2.1175230e-01   1.3770125e-01  -3.2992929e-01  -3.9899326e-01  -5.3064157e-01  -7.2649224e-01  -1.0907905e+00  -1.0674440e+00  -1.2111426e+00  -9.6004186e-01
   2.5103609e+00   1.2807524e+00   5.1200569e-01   3.5439720e-01   3.4394295e-01   6.6553351e-01   6.1737567e-01   3.4711677e-01   6.1204428e-02  -5.3324139e-01  -6.1663249e-01  -1.0614977e+00  -1.2141969e+00  -1.1965282e+00  -1.1826574e+00  -1.0742365e+00
   2.1948563e+00   1.3965463e+00   1.0242958e+00   1.5502535e-01  -1.5221088e-01   2.6853888e-01   5.6929606e-01   5.0989649e-01   2.3336456e-01  -3.9007503e-01  -2.7855715e-01  -7.1835055e-01  -9.9860006e-01  -9.5141063e-01  -8.7608692e-01  -8.5050287e-01
   2.4823003e+00   9.4596641e-01   7.1392731e-01   4.3461635e-01  -4.4267502e-01   4.0327618e-01   6.1803408e-01   3.2532258e-01  -1.3987195e-01  -3.6780376e-01  -2.8244203e-01  -5.7707518e-01  -1.1439215e+00  -1.2356329e+00  -1.2615424e+00  -1.1987642e+00
   2.7856329e+00   1.3929286e+00   7.0460535e-01   6.4672241e-01   8.6563279e-02   5.5026632e-01   4.3761719e-01   2.3223714e-01   2.0190972e-01  -1.0278893e-01  -5.3502974e-01  -5.0491947e-01  -8.3293494e-01  -9.7219619e-01  -1.1647782e+00  -9.9244426e-01
   2.9403662e+00   1.0122132e+00   7.0396103e-01   6.8115870e-01   4.1002856e-01   5.2719271e-01   7.8808232e-01   2.3498076e-01   2.0420636e-01  -8.4889249e-02  -4.8636767e-01  -5.3840374e-01  -1.1203169e+00  -1.1556207e+00  -1.3983507e+00  -1.2792892e+00
   2.1528974e+00   6.7302199e-01   7.0849718e-01   8.3757853e-01   1.5375436e-01   3.9499796e-01   9.2381443e-02  -9.9779132e-02  -1.7700438e-01  -3.2985034e-01  -2.8928200e-01  -4.6514559e-01  -8.4344716e-01  -1.0084336e+00  -1.0943018e+00  -1.0717430e+00
   1.8818787e+00   9.4271673e-01   2.1942649e-01   7.3910176e-01   1.0040802e+00   9.5614893e-01   1.8832049e-01  -2.3270030e-02  -1.5871756e-01  -3.9294928e-01  -4.7705217e-01  -6.0254150e-01  -1.0710576e+00  -9.7515295e-01  -1.4062361e+00  -1.2591639e+00
   2.3148977e+00   1.6112860e+00   7.9177952e-01   2.5281712e-01   1.1620141e+00   1.3419613e+00   2.7720847e-01   2.9000172e-01   3.6738196e-01  -1.6432972e-01  -2.9110289e-01  -3.1873469e-01  -1.0431914e+00  -1.3445973e+00  -1.2790032e+00  -1.3560629e+00
   3.1274574e+00   2.3768079e+00   1.0709178e+00   3.5468798e-01   1.2279533e+00   8.9380085e-01   3.4019363e-01  -5.6223175e-02   3.3860194e-01  -2.0163886e-04  -2.9734034e-01  -3.8617621e-01  -1.0390170e+00  -9.7937437e-01  -1.0328837e+00  -1.2532887e+00
   3.2481657e+00   1.8737394e+00   1.3934462e+00   4.8049727e-01   7.3858967e-01   2.1706567e-01   2.5749536e-01   1.1905317e-01  -9.1620575e-02  -2.6923439e-01  -2.4507952e-01  -6.7961288e-01  -1.1062647e+00  -8.1684858e-01  -1.1064371e+00  -1.0736803e+00
   3.1804998e+00   1.3862486e+00   1.1442377e+00   7.3238494e-01   4.3384915e-01   1.6647741e-01   1.1087985e-01   1.2190953e-02   3.5217829e-01   1.1140808e-01  -9.8161105e-04  -2.4394443e-01  -7.1038441e-01  -6.5190437e-01  -6.6986881e-01  -6.9749490e-01
   3.1497189e+00   1.6762395e+00   5.0012998e-01   2.3046805e-01   3.3472103e-01  -2.3489719e-01  -1.6004730e-01   1.1149923e-01   4.3878733e-01   2.5116321e-01  -3.0698749e-02  -4.1676583e-01  -8.6852759e-01  -1.0203614e+00  -9.0637247e-01  -1.0836443e+00
   3.2441309e+00   1.9548893e+00   7.2733770e-01   1.0272197e+00   4.8027160e-01  -1.8067251e-01   2.3942937e-01   4.3513716e-02  -1.0035547e-01  -3.9276430e-02   1.8443191e-01  -4.2426868e-01  -8.7391324e-01  -9.7028057e-01  -1.0651761e+00  -1.0414452e+00
   2.5789340e+00   1.2873734e+00   5.4253893e-01   8.1736383e-01   3.5786224e-01   5.5089163e-01   8.3713465e-02  -4.8037220e-02   1.2254825e-01  -3.1124914e-01  -1.9663172e-01  -5.8167321e-01  -9.1329528e-01  -8.2150840e-01  -9.9155813e-01  -8.9787614e-01
   2.5810646e+00   1.9617573e+00   3.8778168e-01   4.3710197e-01   6.2005643e-01   9.6435614e-02   6.6397077e-01   2.4305539e-01   6.4507239e-02  -3.0457501e-01  -6.0669318e-01  -9.7596888e-01  -1.1921082e+00  -1.5580725e+00  -1.2400341e+00  -1.2477125e+00
   2.9729574e+00   2.0596139e+00   9.3516094e-01   1.0999629e+00   6.9392927e-01   3.1819023e-01   3.1038816e-01   3.9517147e-01   4.6134183e-01  -8.0242024e-02  -5.7283101e-01  -9.4741204e-01  -9.3977895e-01  -9.9335677e-01  -9.2088207e-01  -9.2662072e-01
   2.5910860e+00   1.6259070e+00   9.3536961e-01   1.2347350e+00   3.7916880e-01   4.2809834e-01   3.4584278e-01   2.2892704e-01   5.8934647e-01  -4.0315982e-02  -2.9455767e-01  -5.5117287e-01  -9.6032980e-01  -4.7890109e-01  -7.1361556e-01  -6.9866619e-01
   1.8929665e+00   1.4691143e+00   7.1605351e-01   6.2210769e-01   2.8025587e-01   4.2549738e-01   3.4325392e-01   5.2086761e-01   4.4769508e-01  -5.1442361e-02  -2.2267901e-01  -5.4667190e-01  -4.4907825e-01   1.0775526e-01  -2.3945636e-01  -5.2214246e-02
   1.7882242e+00   1.3525759e+00   6.9992375e-01   6.8616034e-01  -7.0585939e-03   6.0080223e-01   2.5900012e-01   2.1923177e-01   1.1085070e-01   1.5842925e-01  -9.8635853e-02  -1.8000785e-01  -2.1867439e-01   9.8691406e-02   1.1806469e-01   3.3901804e-02
   2.2654906e+00   1.9186651e+00   6.9105145e-01   3.6566528e-01   3.9836514e-01   2.1099385e-01   4.9748989e-01   4.5282724e-01   4.1281290e-01  -1.7804683e-02  -3.0997535e-01  -3.6561976e-01  -2.6797581e-01   6.0445087e-02   1.3066844e-01   2.3581592e-01
   2.4440258e+00   1.4430544e+00   5.8263157e-01   1.0715048e+00   1.1765232e-01   2.4008390e-01   7.2754131e-02   3.4037627e-01   6.4458027e-01   2.5891579e-01   4.9117718e-02  -8.0487637e-02  -5.0012871e-01   2.8998125e-01  -3.3410408e-03   1.1841772e-01
   2.1126276e+00   1.5177186e+00   1.2060408e+00   1.3532223e+00   1.2321238e+00   1.3101577e+00   7.8212847e-01   6.3428919e-01   3.2605109e-01   1.4417072e-01  -2.5668851e-01  -1.6815005e-01  -2.2056304e-01   1.4238530e-01  -3.6847521e-02   8.4536253e-03
   2.0428556e+00   2.4724132e+00   1.3838155e+00   1.1586235e+00   1.8037566e+00   1.8940355e+00   1.2666816e+00   7.9276216e-01  -1.5440355e-02  -7.8269616e-02   2.2114114e-02  -2.8139089e-01  -4.6399863e-01   2.2063937e-04  -8.9669642e-02  -1.4137332e-01
   3.1377074e+00   2.2696584e+00   1.5523527e+00   1.3859255e+00   1.2592588e+00   1.5592224e+00   4.3216927e-01   2.1399984e-01   6.9140689e-01   1.6624447e-01  -9.4517570e-02   3.2077996e-01   1.5435454e-02  -2.6703595e-01  -5.4405648e-01  -7.1136770e-01
   2.3555923e+00   2.2762734e+00   1.5455618e+00   1.7534155e+00   7.1583818e-01   5.6676229e-01  -4.1139787e-02   2.3341764e-01   5.8907411e-01   8.1052664e-02  -5.7283347e-02   6.5753481e-01   1.0052254e+00   1.1960424e+00   6.0022143e-01  -1.0372900e+00
   2.7019193e+00   1.9932575e+00   1.2295723e+00   1.2797773e+00   1.2352327e-01   7.7444973e-01   3.5837902e-01   4.5786820e-01   6.1047055e-01   3.3352887e-01   5.0174211e-02   1.1235924e+00   1.5603894e+00   1.9722110e+00   1.4588727e+00  -2.6889568e-01
   3.2121952e+00   1.7779384e+00   1.0453119e+00   1.2341331e+00   7.0920633e-01   7.1250863e-01   2.6270319e-01   7.0312307e-01   4.0126399e-01   2.1772255e-01   1.8105267e-01   1.2547529e+00   1.6748628e+00   2.1602463e+00   1.6338080e+00  -3.1747754e-01
   2.9041782e+00   1.9867116e+00   8.7527738e-01   8.7474211e-01   6.0616652e-01   5.3004131e-01   4.2052830e-01  -2.1169704e-02   6.5513979e-02   2.0256992e-01   1.2152656e-01   1.1416739e+00   1.7137463e+00   2.1379661e+00   1.7394945e+00  -5.6225614e-01
   3.7849668e+00   2.1245525e+00   1.0066267e+00   1.3999606e+00   5.7744214e-01   5.5706971e-01   9.0276012e-01   2.8083296e-01   2.0664920e-01   2.9030180e-01   1.0350995e-01   1.0702273e+00   1.6767686e+00   2.2373860e+00   1.8695231e+00  -2.6563671e-01
   3.6008096e+00   1.8228894e+00   8.3119681e-01   1.4209159e+00   5.8600639e-01   5.7891356e-01   4.4477380e-01   2.0268220e-01   2.6564137e-01   1.3508445e-02   3.8625053e-01   1.1018095e+00   1.5406032e+00   2.1991604e+00   1.8720537e+00  -1.9145719e-01
   3.2240042e+00   1.5728596e+00   1.1000950e+00   1.5162980e+00   4.0847001e-01   4.5987984e-01   7.4076447e-02   4.1734076e-01   4.0477646e-01  -1.0369741e-01  -1.2123922e-01   1.1285455e+00   1.4702211e+00   2.0725622e+00   1.8258761e+00  -1.8282279e-01
   2.8201333e+00   1.9377409e+00   8.4273951e-01   1.5125824e+00   7.6283143e-01   5.3031765e-01   3.2662130e-01   5.9849490e-02   1.0991951e-01  -2.8718531e-02   2.4018996e-02   9.7748131e-01   1.1909774e+00   1.8652816e+00   1.6089349e+00  -2.6272529e-01
   2.5248163e+00   1.4761884e+00   4.2244895e-01   9.7934202e-01   9.6710651e-01   8.4289927e-01   4.5766417e-01   4.1787078e-01   9.3535714e-02  -1.1288532e-01   2.3737304e-01   9.9578872e-01   1.2843399e+00   1.8293281e+00   1.6726704e+00  -2.5979191e-01
   2.7184876e+00   8.9642320e-01   9.8093115e-01   1.3424101e+00   5.0342448e-01   7.9490192e-01   4.1961672e-01   2.9681408e-01   8.9414016e-02   2.5733810e-01   2.9503895e-02   8.7622564e-01   1.3143798e+00   1.8295382e+00   1.7143863e+00  -2.2858812e-01
   2.7213617e+00   1.6641869e+00   1.2776581e+00   1.7238104e+00   4.4067366e-01   4.9364212e-01   6.2586397e-01   6.1355197e-01   5.0336072e-01   3.4111301e-01  -9.5894725e-02   9.2299595e-01   1.3767363e+00   1.8672274e+00   1.7260680e+00  -2.8139103e-01
   1.9845945e+00   2.1481359e+00   1.3904372e+00   1.7214730e+00   5.2472229e-01   6.7999188e-01   2.6394160e-01   4.5703824e-01   6.7648596e-01   3.0926056e-01   5.4187464e-02   9.4986977e-01   1.4054445e+00   1.8772007e+00   1.7835324e+00  -4.4859532e-01
   2.5499859e+00   1.5147374e+00   1.1167017e+00   9.9325182e-01   1.3372908e-02   9.9686338e-01   5.4326515e-01   2.7403011e-01   2.3531439e-01   1.5913336e-01   1.6998484e-01   9.1316041e-01   1.3532403e+00   1.6740478e+00   1.6654188e+00  -5.0480116e-01
   2.9763792e+00   1.8559405e+00   1.0205777e+00   1.4506900e+00   4.6611611e-01   3.1376547e-01   5.6566200e-01   1.0783637e-01   7.8913419e-02  -9.3595304e-02   2.1588222e-02   1.0501859e+00   1.4427799e+00   1.7289685e+00   1.7443916e+00  -5.0281587e-01
   2.3974528e+00   2.1695684e+00   1.1646214e+00   1.1159134e+00   1.2537024e-01   5.0276244e-01   2.1886643e-01   3.4766891e-01   2.7714464e-01   2.6873675e-02  -1.7616358e-02   8.0729408e-01   1.4862827e+00   1.5963051e+00   1.5467755e+00  -4.7824215e-01
   2.6818272e+00   1.8972323e+00   1.1220117e+00   1.0486415e+00   2.9571061e-01   2.1149103e-01   4.1229066e-02   4.8227667e-02   1.4464037e-01  -3.9805354e-02  -2.7303238e-01   9.0887260e-01   1.4528161e+00   1.6997586e+00   1.6589070e+00  -6.2169668e-01
   2.4480644e+00   1.2558570e+00   6.3055584e-01   1.2880907e+00   7.6895039e-01   7.4820324e-01   4.3317740e-01  -4.8526493e-02   1.1547856e-01  -7.6635867e-02  -1.3752488e-01   8.8309133e-01   1.3200354e+00   1.5101470e+00   1.5116062e+00  -4.2388158e-01
   2.3468318e+00   2.0518380e+00   1.4481873e+00   1.5305317e+00   1.3435975e+00   1.6368749e+00   9.8272539e-01   4.9325694e-01   5.5155539e-02   2.1534545e-01   5.1278396e-02   1.0826028e+00   1.2310982e+00   1.3408023e+00   1.3703697e+00  -3.8015173e-01
   2.7654615e+00   2.3085999e+00   1.3494196e+00   8.9244167e-01   1.2818050e+00   1.6607701e+00   8.6883992e-01   1.7142830e-01  -1.1023338e-02   3.1331329e-01   2.4349405e-01   1.0648646e+00   1.2588818e+00   1.3454392e+00   1.3111031e+00  -5.7819738e-01
   2.9196148e+00   1.9869446e+00   9.8423528e-01   8.8834880e-01   8.7263391e-01   9.2295165e-01   4.5392839e-01   2.8787664e-01   2.6500320e-01   6.5473734e-02   2.9793910e-01   1.3118814e+00   1.1628740e+00   1.4805651e+00   1.3399847e+00  -3.7835427e-01
   2.9107690e+00   2.1367048e+00   1.2227476e+00   1.1816350e+00   5.9455778e-01   8.0468399e-01   4.7902048e-01   3.3794757e-01   1.4258361e-01  -9.6521361e-02   1.8574740e-01   1.0166049e+00   1.1832800e+00   1.2438649e+00   1.2133955e+00  -3.7935595e-01
   3.5122626e+00   2.1865830e+00   1.2872663e+00   1.4010352e+00   1.0168329e-01   4.5051075e-02   1.9776905e-01   4.1805704e-01   4.6177290e-02  -2.2193648e-01   7.4205238e-02   1.0138974e+00   1.3140793e+00   1.2618475e+00   1.1728370e+00  -4.8825858e-01
   3.1348475e+00   1.9291842e+00   1.1357284e+00   1.1893063e+00   6.5282584e-02   1.0362658e+00   6.3880580e-01   2.8322966e-01   9.6654802e-02  -5.7983212e-02   2.0616349e-01   9.7525524e-01   1.3412937e+00   1.4297665e+00   1.2527840e+00  -4.2586031e-01
   2.4876675e+00   1.6441851e+00   1.3020233e+00   1.3675175e+00   2.1613418e-01   6.7081201e-01   2.9432666e-01   2.6446640e-01   4.7778678e-01   1.3690103e-01   3.4738029e-01   1.0263703e+00   1.1301960e+00   1.3430895e+00   1.0995759e+00  -4.1363875e-01
   2.3895270e+00   1.6530757e+00   1.3611777e+00   1.4836491e+00   3.5565762e-01   1.4426021e-01   8.8545429e-02   5.5263822e-02   6.1556427e-01   3.8993006e-01   1.3510445e-01   9.3086072e-01   9.6405413e-01   1.3467947e+00   1.0748852e+00  -5.0072456e-01
   2.6460250e+00   1.4629402e+00   9.0155079e-01   1.2803147e+00  -1.3438325e-02   1.1149884e-01   2.3959418e-01   4.5434376e-01  -5.2301957e-02  -1.0484932e-01   1.5792548e-01   8.0655332e-01   9.9133404e-01   1.2457730e+00   9.4917240e-01  -4.4908450e-01
   2.7959542e+00   1.5114180e+00   1.2578719e+00   1.7187822e+00   9.9591006e-01   2.7421767e-02   2.3599685e-01   2.1699067e-01  -2.1811205e-01  -4.1712362e-02   3.1211417e-01   9.3124020e-01   1.1694207e+00   1.2819592e+00   9.8852307e-01  -5.6394352e-01
   3.0332208e+00   2.1354365e+00   1.0939792e+00   1.6334928e+00   5.2646974e-01   5.5028369e-01   6.1999306e-01   2.6661842e-01   2.5426552e-01   3.4733251e-01   5.7086070e-01   1.2642219e+00   1.2442509e+00   1.2686856e+00   1.1022819e+00  -7.6992455e-01
   2.1474582e+00   2.2088096e+00   1.2020126e+00   1.7804527e+00   5.3544802e-01   6.1757312e-01   7.1487291e-01   6.3658691e-01   2.7505193e-01  -2.8176872e-02   4.8294106e-01   1.1848076e+00   9.4115628e-01   9.3254460e-01   7.5186653e-01  -5.2533396e-01
   2.3415363e+00   2.3768488e+00   1.5725187e+00   1.7922881e+00   1.4102527e-01   5.6790792e-01   5.0832059e-01  -8.7152728e-04  -1.0945631e-02   1.0580169e-01   7.6233114e-01   1.2554905e+00   6.3609184e-01   9.4086342e-01   6.7607769e-01  -4.3599891e-01
   2.5224895e+00   2.3124243e+00   1.3613691e+00   1.6007389e+00   1.7846209e-01   6.2021578e-01   5.2411612e-01   4.3709874e-01   4.2985439e-01   1.3279118e-02   5.7252923e-01   1.2282998e+00   4.1111828e-01   7.2926741e-01   4.6363430e-01  -6.9977795e-01
   2.1893544e+00   2.1445112e+00   1.5704635e+00   1.7131275e+00   9.8323068e-02   9.2651214e-01   3.8066899e-01   1.5483899e-01  -5.2485213e-02  -9.1438869e-02   5.8776471e-01   1.2362257e+00   2.0896342e-01   4.9019176e-01   3.0983011e-01  -4.5196575e-01
   2.2809790e+00   1.7409008e+00   1.2116956e+00   1.8978517e+00   4.1197200e-01   2.8296471e-01   1.3294989e-02  -1.3938895e-02   2.6275110e-01  -5.2536018e-02   1.4789810e-01   9.0562029e-01   3.3009159e-01   4.4780129e-01   2.9447012e-01  -6.8389016e-01
   1.9808457e+00   1.5519339e+00   1.1128627e+00   1.4275950e+00   3.1088418e-01   5.1569433e-01   4.9979695e-01  -1.7367729e-01   2.1879492e-01   1.1442211e-01   3.1477054e-01   8.6415639e-01   5.3726114e-01   4.9079271e-01   1.3887546e-01  -8.9258511e-01
   1.4167944e+00   1.7530060e+00   1.0417534e+00   1.2872544e+00   4.9856291e-01   6.1341450e-01   2.3500172e-01   6.4800066e-01   1.3190874e-01  -1.2550467e-01   6.4284891e-01   8.3873046e-01   4.1974667e-01   3.1666531e-01  -1.7979808e-01  -7.1432806e-01
   2.2236374e+00   2.1718543e+00   1.2155564e+00   1.2977402e+00   7.6411425e-01   4.7219573e-01   2.7222924e-01   9.9825839e-02   3.0898908e-02   1.0533146e-01   6.0873624e-01   8.4379062e-01   1.1608913e-01   2.2070650e-01  -6.2984684e-02  -4.6784380e-01
   2.6959625e+00   1.5860009e+00   1.1901065e+00   1.2832288e+00   1.0311817e+00   3.2985824e-01   5.6488531e-01   3.2303975e-01   4.9332742e-01   1.5223183e-02   6.6431784e-01   5.2300122e-01  -1.7464426e-01   1.3632327e-01  -2.3250246e-01  -6.7405121e-01
   2.8088372e+00   2.5570984e+00   1.6821967e+00   1.3857596e+00   6.4068317e-01   1.0429329e+00   6.7723029e-01   7.7027715e-02   3.9886754e-01  -1.3926276e-01   1.1480558e-01  -2.7236220e-01  -7.7211873e-01  -2.3853173e-01  -6.9616545e-01  -1.3125762e+00
   3.2904634e+00   2.4486304e+00   1.3694281e+00   1.0203929e+00   4.4970032e-01   9.8053864e-01   5.2683911e-01   2.6060489e-01   3.3311580e-01  -2.6358214e-01  -6.3795286e-02  -2.4088265e-01  -6.0137782e-01  -5.9286615e-01  -8.6741236e-01  -8.9104972e-01
   2.5263684e+00   2.8182900e+00   1.5533958e+00   1.0406447e+00   2.9264954e-01   7.0342089e-01   4.6247356e-01   2.0257476e-01   3.0310421e-01   9.1173675e-02  -6.9618022e-02  -3.4624027e-01  -6.4466051e-01  -6.9187632e-01  -7.1881425e-01  -7.2473964e-01
   3.0197838e+00   1.7331807e+00   6.8407102e-01   2.9325825e-01  -3.8981180e-02   8.3524817e-01   3.2600337e-01  -3.7895841e-02   2.9787714e-02  -4.3748497e-02   6.7884964e-02   5.4216893e-02  -1.0188377e+00  -9.0004685e-01  -1.0264165e+00  -8.5795865e-01
   3.1465520e+00   2.4382853e+00   1.4909126e+00   5.1388489e-01   5.6276849e-02   9.6863561e-02   1.2112720e-01   1.2242901e-01   6.6668175e-02   1.5016308e-01   7.2990195e-02   2.0664787e-01  -5.3767144e-01  -3.2533721e-01  -6.1416969e-01  -6.5727528e-01
   3.1482960e+00   1.8774401e+00   1.2424768e+00   4.7155035e-01   4.4481152e-01   7.5698064e-01   6.0064268e-01   3.6041364e-01   4.2616681e-01   2.5985512e-01   1.4677497e-02  -1.8920866e-02  -4.3088263e-01  -5.3367598e-01  -7.7956726e-01  -7.0845199e-01
   2.0625055e+00   2.1397475e+00   1.1866115e+00   6.5102589e-03   2.9659631e-01   7.6606032e-01   2.9118589e-01   2.0101645e-01   2.6441736e-01   7.0528483e-02  -1.1823440e-01  -1.3745197e-01  -8.8227996e-01  -5.9336630e-01  -7.2874926e-01  -5.6358185e-01
   1.8707739e+00   1.6651905e+00   8.5587034e-01   4.4089643e-01   1.6247434e-01   3.5276057e-01   7.5977111e-01   5.2838143e-01   4.2528542e-01  -1.7319792e-01  -5.2137165e-01  -2.8370448e-01  -8.4160713e-01  -6.2878629e-01  -8.7415211e-01  -6.4558374e-01
   2.0074386e+00   2.1659067e+00   9.5073574e-01   6.4926069e-01   8.2213462e-01   3.1734348e-01   1.9226017e-02   2.1570634e-01   5.3762994e-01  -1.2505699e-01  -4.1671729e-01  -4.3526594e-01  -8.5247898e-01  -6.2422974e-01  -8.9995139e-01  -8.0228510e-01
   2.1838173e+00   1.7260371e+00   1.3114714e+00   8.9886383e-01   6.4488937e-01   8.0342873e-01  -1.2375039e-02  -2.5655017e-01   4.1404954e-02  -1.0349237e-01  -3.4698912e-01  -5.3075415e-01  -8.8507032e-01  -1.8229064e-01  -4.5154358e-01  -6.8745867e-01
   2.6605839e+00   2.1244289e+00   1.5070512e+00   8.2876944e-01  -1.7711257e-01  -1.9853574e-01  -1.0903527e-01   4.6453332e-01   5.2978238e-01   3.1676189e-01  -2.1691105e-01  -3.0731485e-01  -6.7407031e-01  -2.0637917e-01  -6.2502051e-01  -7.2843523e-01
   2.6308690e+00   1.8803118e+00   9.1300520e-01   7.5665632e-01   5.4471762e-01   3.0370466e-01   2.4845582e-01   1.7075119e-01   1.9224705e-01  -2.2363003e-01  -3.1995462e-01  -5.9259807e-01  -6.7296383e-01  -8.0175331e-01  -9.3845477e-01  -7.7070354e-01
   2.5325173e+00   1.6794726e+00   6.7979105e-01   8.0857867e-01   5.8007119e-01   6.0671997e-01   6.3918455e-01   3.6824577e-01   5.4936809e-01  -5.0335195e-02  -2.7962936e-01  -4.0257024e-01  -8.9632123e-01  -3.5361800e-01  -6.6508903e-01  -7.4216126e-01
   2.7361218e+00   1.7451259e+00   7.3806127e-01   1.2175790e+00   5.2753007e-01   3.0491888e-01   7.1678943e-02   2.2631558e-01  -1.7102807e-01  -5.3118122e-01  -3.7197523e-01  -5.0791046e-01  -9.2136740e-01  -7.5774750e-01  -1.0485383e+00  -9.4512152e-01
   2.6389253e+00   9.9967044e-01   7.7734845e-01   5.0067524e-01   4.0387377e-01   1.6172571e-01   3.8847101e-02   3.4156517e-01   1.4808154e-01  -2.0534748e-01  -2.3180276e-01  -5.4933910e-01  -9.3680494e-01  -9.4203061e-01  -7.2069532e-01  -7.9405489e-01
   2.8406653e+00   1.6072726e+00   8.1457844e-01   8.5148102e-01   3.7737523e-01   8.1339369e-01   5.3774102e-01   3.4765702e-01   2.1535914e-02  -1.1936697e-01  -4.4230243e-01  -4.0928761e-01  -8.2236488e-01  -8.0081645e-01  -1.0586888e+00  -9.9142035e-01
   2.5716048e+00   1.5656211e+00   6.6548638e-01   8.4741545e-01   1.9411494e-01   1.0990519e+00   6.1343946e-01   4.5433079e-01   1.8846042e-01  -1.6348569e-02  -1.7174642e-01  -5.4310313e-01  -1.0544540e+00  -1.0631356e+00  -1.1081373e+00  -8.3410118e-01
   2.6556870e+00   1.8137486e+00   1.4072268e+00   1.1945656e+00   6.2297923e-01   7.6542933e-01   2.1480115e-01   1.9480364e-01  -1.5488075e-01  -1.6433498e-01  -4.7213708e-01  -6.8318319e-01  -1.1538514e+00  -1.0457518e+00  -1.0666821e+00  -1.0846534e+00
   2.5557090e+00   1.7576266e+00   1.0467841e+00   5.6901138e-01   1.0918919e+00   1.2641456e+00   5.5144031e-01   4.0583144e-01  -1.6110281e-02  -2.9643934e-02  -1.8050080e-01  -3.6028278e-01  -8.3438923e-01  -6.8236820e-01  -6.4509148e-01  -7.0701940e-01
   2.6981277e+00   2.3897643e+00   1.1108943e+00   1.1303823e+00   1.0236454e+00   1.8236429e+00   9.1043157e-01   2.3447016e-01   1.7535632e-01  -1.3522009e-01  -1.9050762e-02  -4.2814041e-01  -1.1511182e+00  -8.2559139e-01  -6.3141044e-01  -8.0903831e-01
   2.4232367e+00   2.6328172e+00   1.0851906e+00   1.7744032e-01   8.0828897e-01   7.3912934e-01   1.6353630e-01   1.5706334e-01   5.0219542e-03  -4.6652057e-01  -2.6842969e-01  -1.8312838e-01  -1.0031619e+00  -9.6779678e-01  -9.2575052e-01  -8.1434909e-01
   2.9065348e+00   2.0791575e+00   7.0505653e-01   9.5112541e-01   5.3980829e-01   7.0502563e-01   6.7956835e-01   3.4133193e-01   3.5896686e-01  -1.3041523e-01  -6.3005734e-01  -2.1593442e-01  -8.5358204e-01  -1.0282198e+00  -7.0373637e-01  -9.5363410e-01
   2.8985484e+00   1.7405002e+00   1.1857593e+00   7.1536923e-01  -1.4529276e-01  -1.5049587e-01   1.7206566e-01   4.6575048e-01  -2.8129216e-02  -1.9886472e-01  -2.9183772e-01  -2.7105519e-01  -8.1802518e-01  -7.5522929e-01  -8.0487778e-01  -7.7760005e-01
   2.5812038e+00   2.2110059e+00   2.8144811e-01   3.6866182e-01   2.5964316e-02   2.3697437e-01   4.7306930e-01   1.5818376e-01  -1.2429334e-01   1.4943185e-01  -1.5885607e-01  -1.9044401e-01  -8.5389070e-01  -9.8073525e-01  -8.7205297e-01  -6.9560835e-01
   3.0585227e+00   1.9456383e+00   5.7951781e-01   6.0342156e-01   1.3852231e-01   4.4993256e-01   7.0725482e-01   2.9278143e-01   2.3837138e-01   1.1574742e-01  -5.7831845e-03   9.5721290e-03  -4.3622611e-01  -7.0976182e-01  -6.4796567e-01  -4.1957699e-01
   3.4111615e+00   1.4684116e+00   1.1297248e+00   6.2675442e-01   1.3638682e-03   9.4203481e-02   6.6837932e-01   2.1247900e-01   1.5079217e-01   1.2642532e-01  -2.4308385e-01  -3.3674823e-01  -7.6701252e-01  -6.2306405e-01  -8.0612786e-01  -5.6554478e-01
   3.4966974e+00   1.7799596e+00   7.2468617e-01   8.8409998e-01   5.2811798e-01   3.1339627e-01   4.4343838e-01   3.1500249e-01   3.6516554e-01   3.6877590e-02  -1.8271934e-01  -3.2055954e-01  -7.7667100e-01  -6.8119790e-01  -5.9500775e-01  -6.6898595e-01
   2.9279090e+00   1.1536759e+00   9.1958305e-01   1.3212040e+00   7.0925399e-01   5.2830700e-01   4.2287020e-01   2.3152433e-01   2.2928482e-01   8.7074175e-02   2.6021636e-02  -2.8120528e-01  -7.6957560e-01  -6.8728460e-01  -7.8750767e-01  -8.5563821e-01
