   4.2862722e-01  -3.3898208e-01  -1.2830759e+00  -6.3827018e-01  -7.0775565e-01  -2.0281042e+00  -2.6797636e+00  -2.2000114e+00  -2.2631422e+00  -2.3474604e+00  -2.2767018e+00  -2.1071548e+00  -2.2933708e+00  -2.2941368e+00  -2.1681766e+00  -2.2053397e+00
   1.0438043e+00  -4.7870782e-01  -1.5812627e+00  -1.6765869e+00  -1.2681818e+00  -2.1708698e+00  -2.6359849e+00  -2.1737110e+00  -2.2481132e+00  -2.3761774e+00  -2.3333864e+00  -2.3296125e+00  -2.3387398e+00  -2.4896276e+00  -2.3662978e+00  -2.0357384e+00
   4.3526600e-01  -9.0334359e-01  -1.4172977e+00  -9.0598051e-01  -1.0877109e+00  -1.8325952e+00  -2.9739720e+00  -2.7036804e+00  -2.4290557e+00  -2.3275394e+00  -2.4543612e+00  -2.6128310e+00  -2.6425735e+00  -2.5408992e+00  -2.3139901e+00  -2.0715233e+00
   5.5398434e-01  -5.6847631e-01  -1.1485929e+00  -1.2760566e+00  -1.8137336e+00  -2.2667879e+00  -2.0338395e+00  -2.2866192e+00  -2.2444677e+00  -2.6383648e+00  -2.3654101e+00  -2.6504983e+00  -2.7980010e+00  -2.2278379e+00  -2.0246471e+00  -2.3134780e+00
   5.4271191e-01  -3.9955249e-01  -1.5554207e+00  -6.2302472e-01  -1.1479936e+00  -2.2269363e+00  -2.2662189e+00  -2.3571056e+00  -2.3034304e+00  -2.4140886e+00  -2.0456839e+00  -2.6903302e+00  -2.5704026e+00  -2.3490533e+00  -2.3936797e+00  -2.1426708e+00
   5.8433652e-01  -3.7741847e-01  -1.0007054e+00  -5.1760980e-01  -1.5665284e+00  -2.6349565e+00  -2.5411747e+00  -2.4595937e+00  -2.8356960e+00  -2.3585541e+00  -2.1768205e+00  -2.6529220e+00  -2.3642806e+00  -2.3515759e+00  -2.4542571e+00  -2.0043199e+00
   6.2584958e-01  -2.9504572e-01  -8.6940466e-01  -4.4896931e-01  -1.1160739e+00  -2.0276253e+00  -2.2576303e+00  -2.3304141e+00  -2.1468381e+00  -2.4763706e+00  -2.2135275e+00  -2.3217926e+00  -2.1432486e+00  -2.3441980e+00  -2.5456611e+00  -2.1477976e+00
   1.0286917e+00  -3.5217063e-01  -1.4272729e+00  -4.7167717e-01  -9.9747140e-01  -2.1759328e+00  -2.1769509e+00  -2.1276595e+00  -2.2146149e+00  -2.1325993e+00  -2.0518059e+00  -2.4006365e+00  -2.2416021e+00  -2.3238602e+00  -2.4375826e+00  -2.1283241e+00
   8.2297200e-01  -2.5326230e-01  -1.0759611e+00  -6.3235284e-01  -7.4995776e-01  -1.5983173e+00  -2.3246698e+00  -2.3168716e+00  -2.1245682e+00  -2.3204819e+00  -1.9833231e+00  -2.5119575e+00  -2.6243880e+00  -2.3376424e+00  -2.5293559e+00  -2.0130261e+00
   1.0557718e+00  -2.5841378e-01  -9.5279267e-01  -3.0920188e-01  -8.3982102e-01  -2.2205447e+00  -2.3814520e+00  -2.3575979e+00  -2.0979250e+00  -2.1059531e+00  -2.0483555e+00  -2.4645800e+00  -2.5059479e+00  -2.5023096e+00  -2.1866243e+00  -1.9284067e+00
   6.1013958e-01  -1.9259253e-01  -9.7781744e-01  -7.5057424e-01  -1.4185039e+00  -2.1757441e+00  -2.6016672e+00  -2.1280751e+00  -2.2730541e+00  -2.4848772e+00  -2.1927451e+00  -2.5814847e+00  -2.4562021e+00  -2.6899901e+00  -2.3830489e+00  -2.1042882e+00
   4.9086734e-01  -4.5293451e-01  -1.1419578e+00  -7.1185709e-01  -1.3494995e+00  -2.1412485e+00  -2.2280530e+00  -2.2983545e+00  -2.7015689e+00  -2.4443512e+00  -2.0814487e+00  -2.5613843e+00  -2.7136931e+00  -2.7666373e+00  -2.4007181e+00  -2.2196499e+00
   3.7291381e-01  -5.1321847e-01  -9.3509985e-01  -6.0713326e-01  -1.1962177e+00  -1.7704621e+00  -2.2738584e+00  -1.9207879e+00  -2.1717623e+00  -2.1200910e+00  -2.5075864e+00  -2.4790446e+00  -2.3467750e+00  -2.5686414e+00  -2.4785691e+00  -1.9843415e+00
   3.9822695e-01  -1.7411496e-01  -1.6336058e+00  -1.1389398e+00  -1.3108481e+00  -1.6632133e+00  -2.5075171e+00  -1.8151232e+00  -2.6399043e+00  -2.7804411e+00  -2.4343739e+00  -2.4158419e+00  -2.4568990e+00  -2.4116550e+00  -2.4287861e+00  -2.2526458e+00
   5.1701236e-01  -7.7175999e-01  -1.3771170e+00  -1.1426618e+00  -1.5226090e+00  -1.8632051e+00  -2.7594844e+00  -2.2411414e+00  -2.4761599e+00  -2.5444007e+00  -2.4863748e+00  -2.8033587e+00  -2.7221944e+00  -2.4191585e+00  -2.4890336e+00  -2.1663716e+00
   5.5827363e-01  -5.0176977e-01  -1.4114529e+00  -1.0731813e+00  -1.4692772e+00  -2.5810205e+00  -2.5764130e+00  -2.5065155e+00  -2.2377731e+00  -2.5885450e+00  -2.4842323e+00  -2.4780518e+00  -2.3913780e+00  -2.4152291e+00  -2.3913392e+00  -2.0996794e+00
   3.6180007e-01  -6.9492595e-01  -1.3112514e+00  -4.9593153e-01  -1.0111948e+00  -2.1405993e+00  -2.1818160e+00  -2.4804957e+00  -2.4937768e+00  -2.8190366e+00  -2.7129149e+00  -2.7216729e+00  -2.6199054e+00  -2.5927453e+00  -2.5085206e+00  -2.2851725e+00
   4.4982697e-01  -1.0581171e-01  -9.7937431e-01  -2.9346591e-01  -1.1027800e+00  -2.4836527e+00  -2.3790539e+00  -2.4205706e+00  -2.3564434e+00  -2.3544740e+00  -2.4954462e+00  -2.8367099e+00  -2.4698314e+00  -2.4141086e+00  -2.3806453e+00  -2.0165580e+00
   3.6824956e-01  -5.2507965e-01  -1.1532433e+00   1.4151697e-01  -8.8050299e-01  -2.4130750e+00  -2.3313358e+00  -1.8976648e+00  -2.1392051e+00  -2.4552102e+00  -2.1376042e+00  -2.2342083e+00  -2.3291820e+00  -2.4562095e+00  -2.3018397e+00  -2.1922098e+00
   7.5965699e-01  -6.1689910e-02  -1.1584319e+00  -8.1857087e-01  -1.1695134e+00  -2.2622608e+00  -2.4054331e+00  -2.3661155e+00  -2.3198899e+00  -2.5403150e+00  -2.1996601e+00  -2.4440384e+00  -2.5035417e+00  -2.6449419e+00  -2.4952186e+00  -2.1146841e+00
   4.9845436e-01  -5.8630401e-02  -1.5068400e+00  -6.3422542e-01  -6.8444339e-01  -1.7893556e+00  -2.2533177e+00  -1.9166661e+00  -2.2911694e+00  -2.4454046e+00  -2.0691837e+00  -2.2988969e+00  -2.6238693e+00  -2.6603676e+00  -2.3834319e+00  -2.0239997e+00
   6.3002648e-01  -1.2628732e-01  -8.4926905e-01  -3.4271522e-01  -7.6926584e-01  -2.3005646e+00  -2.0246575e+00  -1.9978132e+00  -2.0918312e+00  -2.2987107e+00  -2.3094984e+00  -2.5668992e+00  -2.6748276e+00  -2.5531210e+00  -2.3243658e+00  -2.1465696e+00
   4.5504794e-01  -7.4998906e-01  -1.9280674e+00  -7.2090522e-01  -8.1553308e-01  -2.1013479e+00  -2.1372905e+00  -2.1432305e+00  -2.5552129e+00  -2.7632108e+00  -2.3690702e+00  -2.4881437e+00  -2.5559798e+00  -2.6297852e+00  -2.4009496e+00  -2.1737028e+00
   8.2310521e-01  -2.2720548e-01  -1.0131735e+00  -1.9643634e-01  -6.5093437e-01  -2.3188866e+00  -2.3385710e+00  -2.2654989e+00  -2.1888345e+00  -2.8015951e+00  -2.2298371e+00  -2.6017005e+00  -2.3305249e+00  -2.6131282e+00  -2.4765791e+00  -2.1265760e+00
   2.4101666e-01  -1.2038563e+00  -1.2334473e+00  -5.4939986e-01  -9.2516652e-01  -2.5852910e+00  -3.0343037e+00  -1.9662798e+00  -2.1452887e+00  -2.5178605e+00  -2.2969496e+00  -2.4804566e+00  -2.3438425e+00  -2.1411311e+00  -2.2825887e+00  -2.1446369e+00
   2.8371806e-01  -1.6248200e+00  -1.0170120e+00  -1.0493482e-01  -6.8095148e-01  -1.9022524e+00  -1.9495787e+00  -2.1428703e+00  -2.2663097e+00  -1.9473979e+00  -2.0259448e+00  -2.3431117e+00  -2.3895101e+00  -2.1230578e+00  -2.2458382e+00  -2.0471401e+00
   7.0372729e-01  -1.0042128e+00  -1.6734012e+00  -3.0035121e-01  -4.0154788e-01  -1.9096175e+00  -2.1196805e+00  -2.0226036e+00  -2.0885788e+00  -2.0340019e+00  -1.2757720e+00  -1.7840688e+00  -2.3243641e+00  -1.8076532e+00  -2.0498764e+00  -1.7597011e+00
   6.3180430e-01  -2.5802301e-01  -8.8932412e-01  -3.5819517e-01  -6.3657565e-01  -1.8667445e+00  -2.3659589e+00  -2.2901319e+00  -2.1180313e+00  -2.1086360e+00  -7.2973576e-01  -1.2277761e+00  -1.6204834e+00  -1.1394933e+00  -1.6558332e+00  -1.5132472e+00
   3.1313933e-01  -7.5189440e-01  -1.4885903e+00  -8.2584915e-01  -1.3960914e+00  -1.7636303e+00  -2.2789471e+00  -2.2882698e+00  -2.1919362e+00  -2.1576965e+00  -1.3810084e+00  -1.2682061e+00  -8.9210396e-01  -6.1489231e-01  -1.2504429e+00  -9.5332568e-01
   2.4715847e-02  -6.5675943e-01  -1.6206000e+00  -8.7794049e-01  -1.6940303e+00  -2.0880891e+00  -2.4532271e+00  -2.4953856e+00  -2.3152845e+00  -2.1771028e+00  -1.9154649e+00  -1.2516602e+00  -1.0462208e+00  -5.2949797e-01  -1.0127563e+00  -8.3218689e-01
   4.7864227e-01  -1.9847506e-01  -9.7730032e-01  -6.7836654e-01  -8.7894748e-01  -2.4179868e+00  -2.5101431e+00  -2.2939122e+00  -2.2770913e+00  -2.2513634e+00  -2.0890400e+00  -1.2205270e+00  -1.3081631e+00  -9.1433574e-01  -1.0651896e+00  -1.0854575e+00
   7.4524829e-01  -3.2834673e-01  -1.1513898e+00  -5.3385009e-01  -8.6258565e-01  -2.0905331e+00  -2.4267558e+00  -2.2151633e+00  -2.2517700e+00  -2.2046914e+00  -2.1792514e+00  -1.9641627e+00  -1.4254330e+00  -1.0676146e+00  -1.3967293e+00  -1.3506803e+00
   7.8618474e-01  -6.3867234e-01  -1.3745807e+00  -1.0153358e+00  -1.2734018e+00  -1.9725838e+00  -2.3351774e+00  -2.1164613e+00  -2.1137374e+00  -2.2866300e+00  -2.2539894e+00  -2.3411539e+00  -1.7485090e+00  -1.3978138e+00  -1.7400806e+00  -1.8859339e+00
   7.7244589e-01   4.3863022e-01  -1.4358847e-01  -5.2374927e-01  -1.1513141e+00  -2.2083989e+00  -2.3319805e+00  -2.4511065e+00  -2.1841209e+00  -2.1834555e+00  -2.0449946e+00  -1.8246290e+00  -1.5967382e+00  -1.3596739e+00  -1.9835757e+00  -1.9268366e+00
   7.7424073e-01   1.2189996e+00   5.6106320e-01   3.7186860e-02  -9.3027046e-01  -1.7941281e+00  -1.6864765e+00  -1.8862172e+00  -2.3733947e+00  -2.2985919e+00  -1.6092669e+00  -5.0278996e-01  -3.5125462e-01  -3.0010659e-01  -1.0062261e+00  -2.0031277e+00
   1.0403400e+00   1.1789600e+00   5.9328904e-01  -1.0909559e-01  -1.1649347e+00  -1.9641198e+00  -2.1357179e+00  -2.1768986e+00  -2.4739949e+00  -2.2581245e+00  -1.6324048e+00  -2.7263027e-01   2.3499984e-01   3.6713411e-01  -2.8032362e-01  -1.6083842e+00
   6.7643141e-01   1.0777382e+00   6.6955246e-01   3.4552926e-01  -4.9029914e-01  -1.6893977e+00  -2.2079658e+00  -2.3427994e+00  -2.0792621e+00  -2.2402769e+00  -1.7177232e+00  -2.6557851e-01   2.8536783e-01   5.0769352e-01  -1.8277555e-01  -1.7841070e+00
   4.7231818e-01   1.1284252e+00   6.5972540e-01   8.6764313e-02  -6.4584030e-01  -1.7713207e+00  -2.1864344e+00  -1.7881205e+00  -2.2129880e+00  -2.2703346e+00  -1.5647991e+00  -1.0100464e-01   3.1853037e-01   6.5177971e-01  -1.5720094e-02  -1.7153610e+00
   1.5767821e-01   9.6856801e-01   8.5895487e-01   6.1936919e-01  -8.0472015e-02  -1.5269337e+00  -1.6943027e+00  -1.4548282e+00  -1.7697513e+00  -2.3227472e+00  -1.4749719e+00   6.2533212e-02   3.1876446e-01   5.7340296e-01   2.7042370e-02  -1.6159865e+00
   8.0963912e-01   1.1696167e+00   9.2763696e-01   3.8913284e-01  -4.3551177e-01  -1.6991169e+00  -1.9175712e+00  -1.6532342e+00  -1.9145261e+00  -2.0890764e+00  -1.3932364e+00  -3.2546993e-02   4.3642261e-01   6.5153864e-01  -4.5507879e-02  -1.7587790e+00
   8.1326787e-01   1.2899634e+00   1.0178200e+00   6.3997374e-01  -3.4447005e-01  -1.4715787e+00  -2.2642983e+00  -1.9576717e+00  -2.0427523e+00  -2.0381381e+00  -1.4110151e+00   4.7095289e-02   5.2092488e-01   7.2167923e-01   8.9996541e-02  -1.5742834e+00
   6.5187006e-01   1.2418531e+00   1.0459198e+00   6.3069617e-01  -1.8171202e-01  -1.7459779e+00  -1.8966757e+00  -1.8756400e+00  -2.2871732e+00  -2.2121034e+00  -1.5977303e+00  -5.7623662e-02   4.2648772e-01   6.1315052e-01   3.5612463e-02  -1.5985008e+00
   1.2757561e+00   1.5105100e+00   1.0231156e+00   3.9178910e-01  -6.2662097e-01  -2.1200880e+00  -1.9557914e+00  -1.9694640e+00  -2.3470821e+00  -2.4296484e+00  -1.4740484e+00  -1.0617583e-01   4.8283897e-01   5.9000252e-01   1.6077125e-02  -1.7356168e+00
   6.9364797e-01   1.3248369e+00   9.2776365e-01   3.7451096e-01  -7.0517456e-01  -2.0046838e+00  -2.3524875e+00  -1.7025123e+00  -1.9815157e+00  -1.9561148e+00  -1.4649053e+00  -2.1095086e-01   3.4046751e-01   4.2934882e-01  -5.6851242e-03  -1.6342591e+00
   3.7838032e-01   1.3830883e+00   6.7666185e-01   2.8732849e-01  -6.4970156e-01  -1.6368654e+00  -2.1249828e+00  -1.6672725e+00  -2.0464570e+00  -2.2250698e+00  -1.5013431e+00  -7.9878477e-02   3.4145071e-01   2.6351134e-01  -4.0448252e-01  -1.8889105e+00
   5.4178678e-01   1.3191924e+00   4.7400751e-01  -6.5509752e-02  -7.8902988e-01  -2.0811433e+00  -2.3805058e+00  -1.8584676e+00  -1.8426049e+00  -2.4249746e+00  -1.5057035e+00  -7.5425808e-02   3.9110286e-01   2.1527205e-01  -3.4526241e-01  -1.7708382e+00
   8.2144195e-01   1.3584342e+00  -2.1234673e-01  -6.2320959e-01  -8.8667193e-01  -1.6480567e+00  -2.3878295e+00  -2.1937327e+00  -2.4129597e+00  -2.6364216e+00  -1.6431595e+00  -1.5380959e-01   3.7692865e-01   3.7156916e-01  -8.0742408e-02  -1.4855118e+00
   2.2528980e-02   1.1148583e+00  -1.9449492e-01  -1.4336878e-01  -5.7995672e-01  -1.9461665e+00  -2.4270809e+00  -2.2374739e+00  -2.2344334e+00  -2.2905984e+00  -1.4107960e+00  -9.2026162e-02   2.4784190e-01   3.0280708e-01  -2.8897996e-01  -1.7348715e+00
   7.0848542e-01   1.2910278e+00  -8.3096592e-02  -3.4828360e-01  -8.6137409e-01  -1.7591205e+00  -2.2460384e+00  -1.8593403e+00  -2.0009124e+00  -2.1736088e+00  -1.4288303e+00  -2.2396073e-01  -5.4416560e-02   1.6802256e-01  -2.8339866e-01  -1.6599940e+00
   1.2804775e+00   1.2602478e+00  -1.2128764e-01  -2.3068085e-01  -1.0893770e+00  -1.9644122e+00  -2.0280065e+00  -1.8539841e+00  -2.0085389e+00  -2.3596878e+00  -1.3722167e+00  -1.2459358e-01   1.6238980e-01   2.9571727e-01  -2.7876731e-01  -1.7508076e+00
   1.0320336e+00   1.3977698e+00  -1.8422936e-01  -5.2573988e-01  -1.1409936e+00  -2.0635105e+00  -1.5365888e+00  -1.8558375e+00  -2.1370422e+00  -2.3323704e+00  -1.3077896e+00  -3.7873271e-01   1.5150985e-01   1.8953425e-01  -3.8065734e-01  -1.8364564e+00
   5.4897451e-01   1.1503756e+00  -2.0187593e-01  -2.4839133e-01  -8.8446257e-01  -1.7745800e+00  -1.6157045e+00  -1.8714245e+00  -1.8623863e+00  -1.9014243e+00  -1.5661530e+00  -4.8469361e-01  -1.5710910e-01  -9.8670428e-02  -6.7638935e-01  -1.8172406e+00
   6.0945609e-01   1.2514725e+00   9.7951957e-02  -8.2812227e-02  -9.4821800e-01  -1.8802594e+00  -2.2016809e+00  -2.5253457e+00  -2.3247146e+00  -2.2966473e+00  -1.3415690e+00  -1.9470171e-01   1.3517334e-01   1.8485504e-01  -4.2940015e-01  -1.8587651e+00
   4.4283475e-01   1.3000570e+00  -2.7497291e-02  -2.1557542e-01  -5.4541735e-01  -1.6808143e+00  -2.0895142e+00  -2.2643733e+00  -2.1720558e+00  -2.2089885e+00  -1.7374847e+00  -3.8229772e-01  -3.4749194e-02  -7.3554224e-02  -7.3741968e-01  -1.9181975e+00
   9.4137584e-01   1.3725275e+00  -2.3698771e-01  -3.1394791e-01  -9.8378783e-01  -1.8312537e+00  -1.9729759e+00  -2.0363209e+00  -2.3018178e+00  -2.6991252e+00  -1.6431631e+00  -3.7310038e-01  -3.9872850e-01  -3.8087557e-01  -9.5876473e-01  -2.0239099e+00
   1.0516659e+00   1.3497483e+00   1.1831967e-02  -7.4613649e-01  -1.5338267e+00  -2.1974866e+00  -1.9410996e+00  -2.1296726e+00  -2.3654286e+00  -2.2966691e+00  -1.7941089e+00  -2.9614615e-01  -2.0950528e-01  -2.7432667e-01  -8.9324291e-01  -1.8991961e+00
   6.0248954e-01   1.2296017e+00  -1.2936338e-01  -2.9129664e-01  -7.7291155e-01  -1.9233322e+00  -2.0794736e+00  -2.0807358e+00  -2.0045494e+00  -2.2324303e+00  -1.8823146e+00  -3.6113853e-01  -2.3194554e-01  -3.3642397e-01  -9.2622112e-01  -2.0246073e+00
   3.0251353e-01   1.3412742e+00  -2.9888853e-01  -3.9951499e-01  -6.4192831e-01  -2.0495033e+00  -1.7403190e+00  -1.9590115e+00  -1.8926684e+00  -2.1135619e+00  -1.6675777e+00  -4.1778782e-01  -3.1293249e-01  -4.3633331e-01  -9.2604380e-01  -1.9458305e+00
   6.2128535e-01   1.1075197e+00  -3.3033184e-01  -1.9748462e-01  -5.8477467e-01  -2.0323218e+00  -1.4824279e+00  -1.7530882e+00  -2.2095693e+00  -2.3577828e+00  -1.6868569e+00  -2.4727539e-01  -3.3600381e-01  -5.2578949e-01  -9.1733190e-01  -1.8580517e+00
   9.1220111e-01   1.1960935e+00   2.4419971e-01   7.5022234e-02  -3.6072288e-01  -1.5793066e+00  -1.7821939e+00  -1.8861055e+00  -2.1654878e+00  -2.1155855e+00  -1.3531678e+00  -7.5797684e-02  -4.0467193e-01  -4.8659651e-01  -7.4783041e-01  -1.8473245e+00
   4.5431286e-01   1.2423782e+00   4.8570710e-01  -3.9500663e-01  -6.8663729e-01  -2.0333379e+00  -2.1481472e+00  -1.7789422e+00  -2.0501907e+00  -2.4014460e+00  -1.5691244e+00  -4.4154589e-01  -9.6103523e-01  -8.9696908e-01  -1.0666865e+00  -1.9638490e+00
   4.9836811e-01   1.1915886e+00   3.0499453e-01  -3.3543929e-01  -7.9338885e-01  -2.1996540e+00  -2.0930740e+00  -1.8781024e+00  -1.9779772e+00  -2.4207921e+00  -1.4929602e+00  -7.4932286e-01  -1.5832294e+00  -1.2650269e+00  -1.4260016e+00  -2.2465565e+00
   3.1348276e-01   1.2687099e+00   2.4524853e-01  -1.9457114e-01  -5.2982749e-01  -1.9680770e+00  -1.7879977e+00  -2.0059634e+00  -2.3713061e+00  -2.4445247e+00  -1.5558286e+00  -7.5081239e-01  -1.2706635e+00  -1.6175717e+00  -2.0866864e+00  -2.1841942e+00
   6.5988100e-01   1.2303010e+00   5.8951391e-02  -7.4110789e-01  -8.7065229e-01  -2.1616115e+00  -2.0277352e+00  -1.7253107e+00  -2.0910726e+00  -2.2108785e+00  -1.3402242e+00  -9.3924551e-01  -1.6853182e+00  -1.7995376e+00  -2.0951146e+00  -1.9386195e+00
   1.1882649e+00   1.1979674e+00  -1.6441835e-02  -6.5111910e-02  -8.8763393e-01  -2.0338392e+00  -1.7722470e+00  -1.8572918e+00  -2.0380290e+00  -2.4080097e+00  -1.2522107e+00  -8.5855428e-01  -1.7346428e+00  -1.8728036e+00  -2.1652518e+00  -2.1322734e+00
   7.9088983e-01   9.0226223e-01  -6.1018796e-02   1.0703399e-01  -5.1210817e-01  -1.8038934e+00  -2.0798041e+00  -1.9303507e+00  -2.0717143e+00  -2.1808054e+00  -1.6311099e+00  -1.4203049e+00  -2.1329046e+00  -2.0936350e+00  -2.2826929e+00  -2.0612574e+00
   9.3397617e-01   6.6441049e-01  -3.8651724e-01  -8.1841486e-01  -8.5563890e-01  -1.7773797e+00  -2.7021629e+00  -2.3756827e+00  -1.6335579e+00  -1.8150666e+00  -1.8196328e+00  -1.5762202e+00  -2.3844112e+00  -1.9909581e+00  -2.1418740e+00  -2.0740363e+00
   1.0334397e+00   7.5145180e-01  -2.9070456e-01  -2.4003464e-01  -5.2352558e-01  -2.2554037e+00  -2.3345165e+00  -1.6877457e+00  -1.2034362e+00  -1.2413675e+00  -1.6635925e+00  -1.8435700e+00  -2.3428706e+00  -1.6106999e+00  -2.1205888e+00  -2.0722171e+00
   8.7470051e-01   6.5970771e-01  -4.4785143e-01  -4.6865260e-01  -9.0050550e-01  -2.7284420e+00  -2.5548984e+00  -2.2504392e+00  -2.1770759e+00  -2.1445270e+00  -2.1150863e+00  -1.9625043e+00  -2.2252672e+00  -2.2921844e+00  -2.3378762e+00  -2.0789871e+00
   6.9315454e-01   2.3282536e-01  -6.1130122e-01  -7.1394690e-01  -1.0590710e+00  -1.8161228e+00  -2.3366553e+00  -1.9753227e+00  -2.2402229e+00  -2.4486023e+00  -2.1602548e+00  -2.1094490e+00  -2.4348642e+00  -2.1152030e+00  -2.4320841e+00  -2.4131020e+00
   6.9618191e-01   2.3393994e-01  -7.9572974e-01  -7.8535291e-01  -1.0651469e+00  -1.8177387e+00  -2.4373684e+00  -2.6249176e+00  -2.4003455e+00  -2.2811071e+00  -2.3436721e+00  -2.1941978e+00  -2.4679902e+00  -2.2722202e+00  -2.3895274e+00  -2.3112984e+00
   7.8384795e-01   1.9616577e-01  -1.0469124e+00  -5.2812351e-01  -1.1486597e+00  -1.9915407e+00  -2.8441281e+00  -2.2191454e+00  -2.2120938e+00  -2.0302300e+00  -2.0341978e+00  -1.9739001e+00  -2.4105110e+00  -2.1185123e+00  -2.1920971e+00  -2.0331033e+00
   7.1755401e-01   1.5947667e-01  -1.0637124e+00  -3.6583324e-01  -1.0189234e+00  -2.3187360e+00  -2.2751335e+00  -1.9437220e+00  -2.1259960e+00  -2.2103492e+00  -2.1232087e+00  -2.0428023e+00  -2.3401516e+00  -2.1945209e+00  -2.0170161e+00  -2.0402143e+00
   3.1841191e-01  -3.6207963e-01  -1.1811129e+00  -9.9388394e-01  -1.1665967e+00  -2.1702002e+00  -1.6085476e+00  -1.9893740e+00  -2.1987508e+00  -2.1075495e+00  -2.0647031e+00  -1.8409150e+00  -2.3122276e+00  -2.0173879e+00  -1.9020934e+00  -2.0563931e+00
   5.2193748e-01  -2.8017948e-01  -1.5999947e+00  -9.5751939e-01  -1.4708711e+00  -2.1448530e+00  -1.5460436e+00  -1.6185848e+00  -1.7180814e+00  -2.0125643e+00  -2.1320094e+00  -2.2054849e+00  -2.3946341e+00  -2.0868266e+00  -1.9218066e+00  -2.0435424e+00
   6.5094319e-01  -3.1832088e-01  -1.5508268e+00  -9.4462218e-01  -1.0440225e+00  -2.1940797e+00  -2.3385148e+00  -1.9315867e+00  -1.6916038e+00  -1.4497744e+00  -2.2454431e+00  -2.0885284e+00  -2.1539297e+00  -2.1943060e+00  -2.1983392e+00  -2.1787623e+00
   5.6653229e-01  -5.4707815e-01  -1.0342016e+00  -6.7099748e-01  -8.5801294e-01  -1.9894058e+00  -2.2386449e+00  -2.1356970e+00  -2.1708998e+00  -1.8130466e+00  -1.9031345e+00  -1.9487570e+00  -2.1393031e+00  -2.0039371e+00  -1.8419045e+00  -2.1090022e+00
   8.1104328e-01  -3.2623471e-01  -1.4135707e+00  -6.0701991e-01  -6.0939938e-01  -2.0123620e+00  -2.7307627e+00  -2.0526397e+00  -1.9803524e+00  -2.3311034e+00  -2.1871669e+00  -2.2780667e+00  -2.3085234e+00  -2.0727025e+00  -2.1166238e+00  -1.9071667e+00
   6.0109877e-01   6.2586118e-02  -9.3900417e-01  -9.3331655e-01  -1.1222628e+00  -1.6284519e+00  -2.3145279e+00  -2.5650266e+00  -1.8662638e+00  -1.6707108e+00  -2.1561863e+00  -2.1487325e+00  -2.3515679e+00  -2.4850221e+00  -2.4855104e+00  -2.1363733e+00
   3.3815062e-01  -6.0641593e-01  -1.3643347e+00  -3.2259945e-01  -1.6061636e+00  -2.1672784e+00  -2.4558989e+00  -2.1203779e+00  -2.0499852e+00  -1.9478734e+00  -2.2267043e+00  -2.2884605e+00  -2.3521687e+00  -2.4670387e+00  -2.5955024e+00  -2.3029140e+00
   4.3696027e-01  -1.0060685e+00  -1.3752033e+00  -7.9344361e-01  -1.3069879e+00  -2.0536105e+00  -2.1473101e+00  -1.7314380e+00  -2.0265994e+00  -2.2385542e+00  -2.2586748e+00  -2.8677172e+00  -2.3779724e+00  -2.1003704e+00  -2.2558304e+00  -2.2163222e+00
   9.8256600e-01  -2.4538282e-01  -1.0637806e+00  -4.5266510e-01  -1.0930203e+00  -1.6844782e+00  -2.1558911e+00  -2.2607138e+00  -2.2263573e+00  -2.3450783e+00  -1.9281332e+00  -2.2258790e+00  -2.5056690e+00  -2.4464764e+00  -2.3779187e+00  -2.0054487e+00
   4.7189124e-01  -5.4712247e-01  -8.9576653e-01  -5.3805239e-01  -8.5741767e-01  -2.1313120e+00  -2.4516747e+00  -2.1739915e+00  -2.0998105e+00  -2.1937141e+00  -2.2858297e+00  -2.2899287e+00  -2.5443213e+00  -2.2394110e+00  -2.4317648e+00  -2.3412579e+00
   1.0880884e+00   3.5617959e-02  -1.1158336e+00  -7.0490168e-01  -1.2150594e+00  -1.6672682e+00  -2.3426466e+00  -2.2459453e+00  -2.1369223e+00  -2.1234026e+00  -2.3228957e+00  -2.5752575e+00  -2.3572115e+00  -2.3044005e+00  -2.2512471e+00  -1.9557103e+00
   6.5761961e-01  -2.0812924e-01  -1.2439236e+00  -9.9546997e-01  -1.2468536e+00  -2.1161336e+00  -2.5506585e+00  -2.4844813e+00  -2.3400981e+00  -2.4265193e+00  -2.2053547e+00  -2.2217065e+00  -2.3125288e+00  -2.5180284e+00  -2.4442027e+00  -2.0059134e+00
   4.1209716e-01  -1.0022762e+00  -9.8553053e-01  -4.9852449e-01  -9.8317263e-01  -2.1090771e+00  -2.6446337e+00  -2.7610462e+00  -2.4849139e+00  -2.5911949e+00  -2.0389789e+00  -2.5816524e+00  -2.5073571e+00  -2.4893593e+00  -2.3762599e+00  -2.1624645e+00
   7.1934901e-01  -2.9275247e-01  -9.5354764e-01  -6.1481250e-01  -7.8827642e-01  -1.9529370e+00  -2.5632485e+00  -2.3750296e+00  -2.1837904e+00  -2.6377530e+00  -2.3117975e+00  -2.2287089e+00  -2.2531558e+00  -2.1025112e+00  -2.2060414e+00  -2.2172443e+00
   8.6699848e-01   1.3612302e-01  -7.2285151e-01  -3.7920030e-01  -9.8499920e-01  -1.8547176e+00  -2.2519830e+00  -2.4417377e+00  -2.6685094e+00  -2.6577022e+00  -2.6557797e+00  -2.2186415e+00  -2.1937394e+00  -2.0255755e+00  -2.1154227e+00  -1.9760762e+00
   5.0515813e-01  -4.5515423e-01  -1.1860962e+00  -9.6664636e-01  -1.3234541e+00  -2.1677753e+00  -2.3491302e+00  -2.3425790e+00  -2.2874509e+00  -2.4943779e+00  -2.3720155e+00  -2.4455567e+00  -2.5996721e+00  -2.2837850e+00  -2.1159317e+00  -2.0174664e+00
   1.0548183e+00  -7.7661151e-02  -8.5263345e-01  -7.1515666e-01  -1.5241602e+00  -2.5360098e+00  -2.2407600e+00  -2.1280124e+00  -2.4390883e+00  -2.5194545e+00  -2.5060723e+00  -2.5290764e+00  -2.4205030e+00  -2.2860861e+00  -2.0947149e+00  -2.2421787e+00
   4.4173307e-01  -2.5033770e-01  -1.2282517e+00  -1.0400103e+00  -1.6893530e+00  -2.6328784e+00  -2.2330517e+00  -2.1309491e+00  -2.3105896e+00  -2.4131927e+00  -2.4491670e+00  -2.6553575e+00  -2.6784399e+00  -2.1808342e+00  -2.2559570e+00  -2.2552461e+00
   1.2882331e-01  -6.8810702e-01  -1.3870854e+00  -4.0369908e-01  -1.2960464e+00  -2.4422299e+00  -2.1178869e+00  -2.0779759e+00  -2.1142470e+00  -2.5369509e+00  -2.4670070e+00  -2.7838018e+00  -2.5939546e+00  -2.3936577e+00  -2.2259087e+00  -2.3309319e+00
   8.4350138e-01  -3.8160023e-01  -9.1091427e-01  -6.9740596e-01  -1.8303348e+00  -2.1112047e+00  -2.2521868e+00  -2.1263273e+00  -2.5761611e+00  -2.4255488e+00  -2.3300094e+00  -2.4666102e+00  -2.3125817e+00  -2.2247385e+00  -2.2243196e+00  -2.0837590e+00
