   8.2123588e-01  -6.9267428e-01  -1.3888538e+00  -6.6365603e-01  -1.0041248e+00  -2.0936593e+00  -2.4854241e+00  -2.3132506e+00  -2.2086098e+00  -2.0864172e+00  -2.4544945e+00  -2.4774039e+00  -1.9508364e+00  -1.8582978e+00  -2.2941086e+00  -2.0905649e+00
   8.5229414e-01  -6.4968163e-01  -1.5841617e+00  -7.3173952e-02  -8.0249771e-01  -1.7443764e+00  -2.3377452e+00  -1.9336039e+00  -2.3136776e+00  -2.7043542e+00  -2.1313428e+00  -2.4026051e+00  -2.2451029e+00  -2.2879898e+00  -2.2955725e+00  -1.7831993e+00
   3.5768498e-01  -1.5120236e-01  -1.0575533e+00  -1.9024034e-01  -1.1079508e+00  -2.3684380e+00  -2.8535186e+00  -2.7619616e+00  -2.2724652e+00  -2.3835679e+00  -1.7843281e+00  -2.2313278e+00  -1.5921411e+00  -1.7854671e+00  -2.3289453e+00  -2.2302133e+00
   7.8847980e-01  -4.6098756e-01  -8.4446971e-01  -2.8154975e-01  -9.4853608e-01  -1.9519986e+00  -2.3116036e+00  -2.5002128e+00  -2.3740554e+00  -2.6640337e+00  -2.1855408e+00  -2.5883176e+00  -2.0544853e+00  -2.0647796e+00  -2.4306916e+00  -2.3126620e+00
   1.1076587e+00  -3.4062477e-01  -1.5883043e+00  -3.3432853e-01  -8.5764267e-01  -1.9842112e+00  -1.8542076e+00  -2.3543741e+00  -2.3385300e+00  -2.3391470e+00  -2.1445306e+00  -2.4862950e+00  -2.3709022e+00  -2.3495193e+00  -2.4348200e+00  -2.0508981e+00
   1.7197723e-01  -7.8563047e-01  -1.6417265e+00  -8.2038888e-01  -1.3947680e+00  -1.7420269e+00  -2.2173624e+00  -2.0377819e+00  -2.0966125e+00  -2.2855372e+00  -1.9727047e+00  -2.7344010e+00  -2.7091727e+00  -2.5358521e+00  -2.4230171e+00  -2.1632694e+00
   5.5668900e-01  -1.2583277e+00  -1.8188525e+00  -5.1581186e-01  -1.3508887e+00  -2.1028632e+00  -2.3379569e+00  -2.0468954e+00  -2.2931164e+00  -2.2971914e+00  -1.9894173e+00  -2.6597582e+00  -2.5880212e+00  -2.4512346e+00  -2.5672338e+00  -2.3185801e+00
   1.2393344e+00  -4.3185902e-01  -1.1015519e+00  -8.0893319e-01  -1.4090044e+00  -2.0473884e+00  -2.6967259e+00  -2.1663887e+00  -2.2029948e+00  -2.2900941e+00  -2.2307192e+00  -2.5193413e+00  -2.7302970e+00  -2.6193575e+00  -2.3852952e+00  -2.1670241e+00
   8.2690731e-01  -9.7269750e-01  -1.3727879e+00  -4.3000393e-01  -1.2002832e+00  -1.9229860e+00  -2.2360144e+00  -1.9388749e+00  -2.1477960e+00  -2.3414993e+00  -2.0542761e+00  -2.5688979e+00  -2.4682291e+00  -2.3014018e+00  -2.5206806e+00  -2.2762975e+00
   9.5525212e-01  -7.1664697e-01  -1.1698774e+00  -1.4077717e+00  -1.6609893e+00  -1.9235618e+00  -2.4190821e+00  -2.0647361e+00  -2.2321184e+00  -2.8668393e+00  -1.9900342e+00  -2.1844743e+00  -2.5496200e+00  -2.6151206e+00  -2.4777020e+00  -2.4417249e+00
   1.1692445e+00  -6.5800082e-01  -1.2563645e+00  -1.7198678e+00  -1.6570361e+00  -2.2234029e+00  -2.5059810e+00  -2.2895854e+00  -2.5008591e+00  -2.3761063e+00  -2.0838255e+00  -2.4308555e+00  -2.5406760e+00  -2.4882903e+00  -2.2944896e+00  -2.2346655e+00
   6.8178122e-01  -2.5488695e-01  -1.2378189e+00  -5.8571316e-01  -1.3890069e+00  -2.0446886e+00  -2.4825835e+00  -2.8265152e+00  -2.6026875e+00  -2.2164738e+00  -2.3347551e+00  -2.7232742e+00  -2.6760834e+00  -2.7549586e+00  -2.4154160e+00  -2.2123458e+00
   1.2018074e+00  -5.5978651e-01  -1.2799109e+00  -4.6505325e-02  -1.1365503e+00  -2.4145762e+00  -2.5063871e+00  -2.4572049e+00  -2.1533712e+00  -2.1810276e+00  -2.2739193e+00  -2.2098452e+00  -2.3988536e+00  -2.6754484e+00  -2.4842699e+00  -2.0908185e+00
   1.0753453e+00  -2.4399031e-01  -1.1146894e+00  -4.9553083e-01  -8.4936656e-01  -1.9525495e+00  -2.4368255e+00  -2.3417875e+00  -2.3870901e+00  -2.4722276e+00  -2.3755920e+00  -2.3201657e+00  -2.4176130e+00  -2.5628549e+00  -2.4883899e+00  -2.3301232e+00
   1.1820807e+00  -3.2027449e-01  -1.4582529e+00  -8.0068076e-01  -1.2333083e+00  -2.1102552e+00  -2.7256320e+00  -2.4536263e+00  -2.5095849e+00  -2.4915948e+00  -2.1160656e+00  -2.7112538e+00  -2.5028337e+00  -2.4215242e+00  -2.2252776e+00  -2.2257957e+00
   7.8722819e-01  -7.7800069e-01  -1.1759350e+00  -6.8017365e-01  -9.0764427e-01  -1.8344379e+00  -2.2979930e+00  -2.1341812e+00  -2.1295616e+00  -2.2817889e+00  -2.2287417e+00  -2.6033558e+00  -2.5260068e+00  -2.3631195e+00  -2.3706526e+00  -2.3424957e+00
   6.0355288e-01  -4.6432852e-01  -9.8771444e-01  -8.0249716e-01  -1.6080030e+00  -2.3511273e+00  -2.2931129e+00  -2.2190836e+00  -2.3686751e+00  -2.4938767e+00  -2.5142417e+00  -2.6887210e+00  -2.5147635e+00  -2.4331934e+00  -2.3625299e+00  -2.3035323e+00
   6.4600109e-01  -4.5937142e-01  -1.1953452e+00  -4.8230913e-01  -1.3515253e+00  -2.4283354e+00  -2.3571512e+00  -2.2852086e+00  -2.6630804e+00  -2.6477485e+00  -1.8982865e+00  -2.6287062e+00  -2.5448974e+00  -2.6786967e+00  -2.4904877e+00  -2.1590671e+00
   1.4297944e+00  -2.5999960e-01  -9.4574802e-01  -1.8579367e-01  -1.4939398e+00  -2.4836950e+00  -2.5857469e+00  -2.1552671e+00  -2.2655350e+00  -2.5406596e+00  -2.4585148e+00  -2.7749619e+00  -2.6775386e+00  -2.7572886e+00  -2.3628228e+00  -2.1612517e+00
   6.7903083e-01  -7.9096324e-01  -9.6259985e-01  -3.1796544e-01  -1.0745715e+00  -2.3031434e+00  -2.1861577e+00  -2.2605922e+00  -2.2131046e+00  -2.2899338e+00  -2.4738421e+00  -2.5329862e+00  -2.3027079e+00  -2.4096879e+00  -2.2744431e+00  -2.2366994e+00
   9.9242256e-01  -7.2191185e-01  -1.6033767e+00  -1.0879901e+00  -1.1771400e+00  -2.2702145e+00  -2.5227091e+00  -2.1921595e+00  -2.1620713e+00  -2.4301368e+00  -2.2981100e+00  -2.6893503e+00  -2.4959852e+00  -2.5375081e+00  -2.2730918e+00  -2.2775520e+00
   1.1235121e+00   1.1187879e-01  -9.2002886e-01  -7.5926933e-01  -1.3798443e+00  -2.2279917e+00  -2.7467568e+00  -2.6040454e+00  -2.6940456e+00  -2.5616122e+00  -2.4461725e+00  -2.9063091e+00  -2.5366384e+00  -2.1798055e+00  -2.2087084e+00  -2.2191427e+00
   6.7363836e-01  -4.7581080e-01  -1.2576391e+00  -1.3245525e+00  -1.7626515e+00  -2.6804865e+00  -2.7014304e+00  -2.1885908e+00  -2.5882007e+00  -2.3630011e+00  -2.7361590e+00  -2.7967043e+00  -2.5436603e+00  -2.3946292e+00  -2.2927372e+00  -2.2475794e+00
   8.3226082e-01  -3.9688818e-01  -8.5619691e-01  -1.1194498e+00  -1.7898706e+00  -1.7622761e+00  -2.5096804e+00  -2.1188656e+00  -2.3425567e+00  -2.4258313e+00  -2.3148852e+00  -2.4509803e+00  -2.5708716e+00  -2.2228441e+00  -2.3582497e+00  -2.3327996e+00
   1.0339823e+00  -3.1065887e-01  -1.5036235e+00  -1.2515727e+00  -1.2867239e+00  -1.6916637e+00  -2.5641231e+00  -2.4649116e+00  -2.4036519e+00  -2.5503934e+00  -2.1126736e+00  -2.2589416e+00  -2.4666450e+00  -2.3272101e+00  -2.4005160e+00  -2.2196509e+00
   9.9058936e-01  -1.8644419e-02  -1.1513383e+00  -1.0788515e+00  -1.2330026e+00  -1.6348084e+00  -2.3181278e+00  -2.3101860e+00  -2.1934362e+00  -2.1781862e+00  -2.3055676e+00  -2.4422218e+00  -2.8251294e+00  -2.5588516e+00  -2.6997649e+00  -2.2811156e+00
   1.0924212e+00  -3.2833282e-01  -1.4532854e+00  -1.1953335e+00  -1.8887242e+00  -2.1735141e+00  -2.6698783e+00  -2.5924133e+00  -2.2999496e+00  -2.4088548e+00  -2.2233490e+00  -2.5961567e+00  -2.6657362e+00  -2.4963247e+00  -2.5585444e+00  -2.2415517e+00
   6.0516798e-01  -1.0864414e+00  -1.4690522e+00  -1.4186013e+00  -2.1615813e+00  -2.1856048e+00  -2.4607763e+00  -2.2942600e+00  -2.0101607e+00  -2.4894073e+00  -2.1778445e+00  -2.4194122e+00  -2.8079715e+00  -2.6458198e+00  -2.2470944e+00  -2.0129221e+00
   8.5662245e-01  -5.0259861e-01  -8.5210622e-01  -9.0576043e-01  -1.1017040e+00  -1.7405831e+00  -2.3069138e+00  -2.4522382e+00  -2.5011166e+00  -2.6484411e+00  -2.1344964e+00  -2.4604947e+00  -2.7991402e+00  -2.4228615e+00  -2.3831553e+00  -2.2566500e+00
   6.4693228e-01  -6.5230304e-01  -9.4921851e-01  -1.1838438e+00  -1.5206085e+00  -1.8793701e+00  -2.2778567e+00  -2.3724272e+00  -2.1544665e+00  -2.3222525e+00  -2.0445625e+00  -2.3021493e+00  -2.6780453e+00  -2.5511876e+00  -2.2831279e+00  -2.0899840e+00
   7.5145926e-01   1.5696359e-01  -9.7889950e-01  -7.0532317e-01  -3.8956099e-01  -7.3872162e-01  -1.1053907e+00  -1.2407284e+00  -1.2749188e+00  -1.6026812e+00  -1.8329455e+00  -1.6973758e+00  -1.9353519e+00  -1.8724334e+00  -2.1182452e+00  -2.2802555e+00
   8.0508848e-01   1.0015529e+00  -3.8620055e-01  -4.4327751e-02   6.2775330e-01   1.2615542e-01  -1.9175151e-01  -2.4573865e-01  -2.8627270e-02  -5.4654881e-01  -1.0827902e+00  -1.0663837e+00  -1.2837057e+00  -1.3407750e+00  -1.6330379e+00  -2.1922923e+00
   1.2221481e+00   1.1717002e+00  -3.6734839e-01   9.7906545e-02   8.6081707e-01   7.1954533e-01   2.8796443e-02  -8.2035814e-02  -1.5170186e-01  -7.0507923e-01  -9.9069929e-01  -9.3663606e-01  -1.3289253e+00  -1.4010590e+00  -1.8142343e+00  -2.3136288e+00
   8.4971953e-01   1.4354636e+00  -5.3883124e-01  -3.9209345e-01   5.3084128e-01   8.8118277e-01  -2.2215881e-01   9.5875759e-02   1.8823165e-01  -5.1261441e-01  -1.0875301e+00  -9.8306756e-01  -1.2101182e+00  -1.4972327e+00  -1.6965497e+00  -2.1327228e+00
   1.0879665e+00   1.3058136e+00  -4.7437902e-01  -1.9756372e-01   6.0066676e-01   9.1148209e-01  -3.9327404e-01   1.5347410e-01   3.4549664e-01  -5.4149037e-01  -1.2346048e+00  -1.1166606e+00  -1.4613348e+00  -1.6775358e+00  -1.8277897e+00  -2.0592970e+00
   8.0388775e-01   1.4217020e+00  -4.5166983e-01   3.7512129e-01   8.2417377e-01   8.7446354e-01  -3.6704431e-01   1.7140225e-01   4.1538569e-01  -1.0111476e+00  -1.3712474e+00  -1.2797804e+00  -1.3170066e+00  -1.5853922e+00  -1.9838453e+00  -2.2457480e+00
   1.2866794e+00   1.4467320e+00  -5.0549585e-01   1.4170634e-03   7.3720561e-01   9.2179904e-01  -3.0685463e-01   3.3343143e-01   5.4257879e-01  -8.7626614e-01  -1.1994767e+00  -9.8408525e-01  -1.2404483e+00  -1.6017073e+00  -2.0109275e+00  -2.0233099e+00
   9.6051313e-01   1.4546913e+00  -4.3477611e-01   1.2118779e-02   7.8441236e-01   9.7058198e-01  -2.9351717e-01   3.1750747e-01   6.9298386e-01  -6.3533436e-01  -1.3737559e+00  -1.2336400e+00  -1.3239758e+00  -1.8049746e+00  -2.1598530e+00  -2.1600777e+00
   7.6783396e-01   1.3674175e+00  -6.5159099e-01  -1.5816346e-01   7.4004714e-01   1.0156759e+00  -2.8010031e-01   3.7714849e-01   6.8698078e-01  -8.8630510e-01  -1.4289321e+00  -1.4702260e+00  -1.5201626e+00  -1.8710929e+00  -2.3462327e+00  -2.4042026e+00
   1.3103834e+00   1.4542105e+00  -4.2722604e-01   1.5412088e-01   8.3826209e-01   1.0519423e+00  -2.5133162e-01   4.7721412e-01   6.6071740e-01  -1.1987571e+00  -1.3692345e+00  -1.3897323e+00  -1.6763341e+00  -2.0349552e+00  -2.0240754e+00  -1.9993698e+00
   1.2449842e+00   1.5188136e+00  -1.3079447e-01   3.7377483e-02   9.0187011e-01   1.0710414e+00   7.1032547e-03   6.5780614e-01   6.5379277e-01  -1.4661565e+00  -1.4000690e+00  -1.5668128e+00  -1.7810988e+00  -1.9584066e+00  -2.2224798e+00  -2.3297457e+00
   1.1700114e+00   1.3916409e+00  -1.2806351e-01   4.1424284e-01   1.0708950e+00   1.1199262e+00   2.0588508e-02   7.5624363e-01   7.3208478e-01  -1.5834932e+00  -1.2185494e+00  -1.2318313e+00  -1.2558126e+00  -1.5108595e+00  -1.9655078e+00  -2.2753096e+00
   8.3092438e-01   1.3177873e+00  -2.0733033e-01   6.2211510e-02   9.5405514e-01   1.1452927e+00   8.2791434e-02   7.8868170e-01   7.0830894e-01  -1.5132972e+00  -1.4434222e+00  -1.2243667e+00  -1.0644346e+00  -1.3710003e+00  -1.7378638e+00  -2.1550529e+00
   1.0862290e+00   1.4781202e+00  -2.4321536e-01   3.9172228e-01   1.0291465e+00   1.0903536e+00   2.5718754e-01   9.2038096e-01   7.8376430e-01  -1.4384821e+00  -1.4186804e+00  -1.3489341e+00  -7.6555277e-01  -9.3479374e-01  -1.4029093e+00  -2.1133420e+00
   3.7206040e-01   1.2895355e+00  -1.9093031e-01   1.4974113e-01   1.0329001e+00   1.0800679e+00   3.0529396e-01   8.8733202e-01   5.1913526e-01  -1.4975916e+00  -1.6881015e+00  -1.5053780e+00  -1.0487109e+00  -9.2038258e-01  -1.3848423e+00  -2.2614297e+00
   7.2346947e-01   1.3656841e+00  -2.6454575e-01   6.6889523e-02   9.9817539e-01   1.0602140e+00   2.0901992e-01   8.3262628e-01   3.1612744e-01  -1.5572479e+00  -1.9787021e+00  -1.6136928e+00  -9.3792032e-01  -1.0363576e+00  -1.5339269e+00  -2.3707915e+00
   1.3147860e+00   1.3476228e+00  -1.6640066e-01   1.2943044e-01   9.8938583e-01   9.8304577e-01   1.5892431e-01   8.2760409e-01   1.4191579e-01  -1.7336738e+00  -1.3439011e+00  -1.4262972e+00  -8.5351311e-01  -7.7131396e-01  -1.3517499e+00  -1.8762646e+00
   1.0536467e+00   1.2262925e+00  -2.0745851e-01   5.2934619e-02   9.2935091e-01   9.8644410e-01   9.0570853e-02   9.1950192e-01  -2.6539795e-02  -1.6871424e+00  -1.6646927e+00  -1.5153642e+00  -8.3774710e-01  -9.3720098e-01  -1.5995308e+00  -1.9364947e+00
   9.6603377e-01   9.4220420e-01  -2.8325244e-01   3.4209164e-01   1.0156669e+00   9.5072588e-01   1.7149877e-01   9.7483025e-01  -1.2065207e-01  -1.7706769e+00  -1.7768070e+00  -1.5940387e+00  -6.4692273e-01  -4.8567052e-01  -1.2246984e+00  -2.0636864e+00
   1.1479050e+00   1.2209514e+00  -3.0796476e-01   4.0160064e-01   9.8874107e-01   8.1653737e-01   2.1452245e-01   7.2782740e-01  -4.4802895e-01  -1.6791512e+00  -1.7293223e+00  -1.7300966e+00  -6.8926797e-01  -3.8873520e-01  -9.2262162e-01  -1.9719005e+00
   8.0312990e-01   1.2871433e+00  -3.3514648e-01  -1.9159415e-01   9.2011431e-01   7.0839674e-01   1.4547464e-01   7.9377036e-01  -4.3936144e-01  -1.8401288e+00  -1.6144399e+00  -1.4851526e+00  -7.9855121e-01  -4.3910003e-01  -1.1031227e+00  -2.0292722e+00
   1.3149884e+00   1.2573825e+00  -5.2018040e-01   9.4402706e-02   1.0141644e+00   6.6421880e-01   1.9306352e-01   8.1935862e-01  -3.6754775e-01  -1.5960262e+00  -1.6509417e+00  -1.6971980e+00  -6.3154933e-01  -4.9038040e-01  -1.2025459e+00  -2.2945541e+00
   9.7055276e-01   1.1461224e+00  -4.4459454e-01   4.6746164e-01   1.1459863e+00   7.1179483e-01   2.5705160e-01   1.0241762e+00  -3.0959449e-01  -1.5837803e+00  -1.5779959e+00  -1.6091155e+00  -6.0756001e-01  -4.1488253e-01  -1.1269756e+00  -2.2606508e+00
   9.0425247e-01   1.3019930e+00  -1.7490668e-01   4.1966829e-01   1.0185787e+00   5.8507420e-01   2.4686333e-01   9.0114595e-01  -7.4256267e-01  -1.6099724e+00  -1.7842021e+00  -1.6380594e+00  -7.4476257e-01  -4.8002315e-01  -1.1722833e+00  -2.0749796e+00
   9.2109349e-01   1.2433322e+00  -2.9894175e-01   2.9332341e-01   8.9855448e-01   4.8510087e-01   1.6427088e-01   9.1835828e-01  -8.3659907e-01  -1.6449646e+00  -1.7005022e+00  -1.7996349e+00  -9.2683235e-01  -6.7692328e-01  -1.2708548e+00  -2.3939509e+00
   1.0382714e+00   1.2334939e+00  -2.6488921e-01   4.4437350e-01   7.3170968e-01   3.8515621e-01   1.3745747e-01   7.8563048e-01  -1.2079831e+00  -1.8877531e+00  -1.8000689e+00  -1.8100131e+00  -1.0137908e+00  -6.9322748e-01  -1.3711396e+00  -2.1669457e+00
   1.0142815e+00   1.3291916e+00  -2.2158247e-01   2.3887268e-01   6.3914080e-01   2.1823681e-01   3.0853193e-02   5.3875231e-01  -1.2350123e+00  -1.9418177e+00  -2.0126364e+00  -1.8467934e+00  -1.1011663e+00  -8.8941636e-01  -1.5247248e+00  -2.1937104e+00
   1.3182000e+00   1.2889136e+00  -3.6030291e-01   4.4885728e-01   7.2390065e-01   8.6056819e-02  -1.4811548e-01   9.3166511e-02  -1.2798117e+00  -1.8897885e+00  -1.9354661e+00  -2.1789707e+00  -1.2671832e+00  -1.0796651e+00  -1.5478028e+00  -1.9870560e+00
   7.5323076e-01   1.1582791e+00  -4.5010212e-01   5.6334199e-01   7.2667905e-01   5.3927337e-02  -1.9524119e-01  -1.2330870e-01  -1.4593580e+00  -1.7227697e+00  -2.1200153e+00  -2.3283893e+00  -1.4371466e+00  -1.3062001e+00  -1.6835084e+00  -1.9942720e+00
   1.1590145e+00   1.3980812e+00  -1.9797738e-01   3.0130488e-01   5.6591907e-01   5.6302090e-03  -8.2431696e-02  -1.9766808e-01  -1.4645422e+00  -2.2318882e+00  -2.0048663e+00  -2.5930586e+00  -1.4278105e+00  -1.3034797e+00  -1.8420346e+00  -2.0884745e+00
   1.1857223e+00   1.2907996e+00  -6.6036257e-01   1.2667835e-01   4.5879855e-01  -1.5303961e-01  -8.0317156e-02  -3.0519469e-01  -1.6795238e+00  -2.1326887e+00  -1.9601892e+00  -2.4737439e+00  -1.5697811e+00  -1.2448775e+00  -1.7800188e+00  -2.1410954e+00
   7.9393949e-01   1.2981939e+00  -4.8619215e-01   4.0523270e-01   6.4149570e-01  -3.3485380e-01   4.2009282e-02  -2.9271615e-01  -1.4948427e+00  -2.3777649e+00  -2.1479974e+00  -2.1776484e+00  -1.6255415e+00  -1.4632077e+00  -1.8113911e+00  -2.1163047e+00
   1.0240974e+00   1.2798784e+00  -3.6903975e-01   5.8618880e-01   6.3373201e-01  -4.4064245e-01   2.9458824e-02  -3.2974691e-01  -1.6267686e+00  -2.3796995e+00  -2.1067696e+00  -2.2012020e+00  -1.7849881e+00  -1.6993226e+00  -1.9005548e+00  -1.9614967e+00
   1.1781232e+00   1.3267486e+00  -2.6158929e-01   3.8218131e-01   6.0600099e-01  -5.1808581e-01  -1.1616763e-01  -4.0797554e-01  -1.5229792e+00  -2.2762856e+00  -1.9346333e+00  -2.0792324e+00  -1.7539451e+00  -1.9512952e+00  -2.0315823e+00  -1.9058349e+00
   9.1245392e-01   1.1270888e+00  -5.3132761e-01   2.2435137e-01   4.4211244e-01  -9.2913454e-01  -4.3482327e-01  -5.8085341e-01  -1.8124411e+00  -2.3404837e+00  -2.0794497e+00  -2.3655616e+00  -1.9637811e+00  -1.8996427e+00  -2.2161379e+00  -2.2907940e+00
   1.0768005e+00   1.1291771e+00  -3.3682510e-01   3.5888501e-01   5.6157208e-01  -1.0006061e+00  -7.5243740e-01  -9.1955751e-01  -1.6650306e+00  -2.3411301e+00  -2.0790358e+00  -2.6031168e+00  -2.2059112e+00  -1.9352304e+00  -2.1956911e+00  -2.4153508e+00
   8.1826140e-01   1.3916429e+00  -4.5676772e-01   3.8752791e-01   5.5055055e-01  -8.8397563e-01  -8.5470368e-01  -1.0430534e+00  -1.6567274e+00  -2.5093017e+00  -1.9318696e+00  -2.2329632e+00  -2.3789421e+00  -2.0414636e+00  -2.2120264e+00  -2.3028409e+00
   1.2425887e+00   1.2388255e+00  -3.6212243e-01   1.4131483e-01   4.4850047e-01  -7.9251490e-01  -1.1102198e+00  -1.2201894e+00  -1.9277101e+00  -2.2964372e+00  -2.2384843e+00  -2.4744987e+00  -2.4614755e+00  -2.1562368e+00  -2.1135162e+00  -2.3716368e+00
   1.0292396e+00   1.1001289e+00  -6.7977040e-01  -7.9329693e-02   2.5138314e-01  -1.1738707e+00  -1.2571120e+00  -1.2542196e+00  -1.8963038e+00  -2.3323053e+00  -2.1178156e+00  -2.3121847e+00  -2.3133779e+00  -2.4354056e+00  -2.2326759e+00  -2.1669249e+00
   7.7379602e-01   1.2104747e+00  -5.3584338e-01  -2.3307404e-01  -6.3391114e-02  -1.1525162e+00  -1.2591568e+00  -1.2305098e+00  -1.8722429e+00  -2.3312233e+00  -2.1843554e+00  -2.6127207e+00  -2.3361913e+00  -2.4057513e+00  -2.4737112e+00  -2.2491642e+00
   1.4235675e+00   1.0178790e+00  -7.7355158e-01  -2.1441214e-01  -1.0288344e-03  -1.2538005e+00  -1.3401942e+00  -1.4456574e+00  -2.3308864e+00  -2.2734735e+00  -1.9086923e+00  -2.3625624e+00  -2.4745978e+00  -2.3320612e+00  -2.5436630e+00  -2.1971608e+00
   7.0294304e-01   9.4534960e-01  -8.7705558e-01  -5.7646196e-01  -6.9678852e-01  -2.1017935e+00  -1.8433169e+00  -2.1813259e+00  -2.6320998e+00  -2.4579370e+00  -2.0323999e+00  -2.5000582e+00  -2.3140594e+00  -2.3574165e+00  -2.3568912e+00  -2.2044518e+00
   6.5158631e-01   1.1175922e+00  -5.4204907e-01  -5.4081405e-01  -9.1048213e-01  -2.1739310e+00  -1.9225281e+00  -2.2646627e+00  -2.3851059e+00  -2.3169857e+00  -2.5211854e+00  -2.8281448e+00  -2.6339185e+00  -2.4373097e+00  -2.2342972e+00  -2.3413742e+00
   5.6989208e-01   7.7270556e-01  -9.0748277e-01  -7.9942094e-01  -1.0798517e+00  -1.8073730e+00  -2.0677010e+00  -2.0120683e+00  -2.3621930e+00  -2.3050314e+00  -2.2237975e+00  -2.7829156e+00  -2.6442587e+00  -2.5438136e+00  -2.2841731e+00  -2.2190239e+00
   1.0476254e+00   7.1273988e-01  -1.2632105e+00  -1.3367020e+00  -7.0728213e-01  -1.8314254e+00  -2.1739869e+00  -1.9722227e+00  -2.5714297e+00  -2.1411628e+00  -1.8328696e+00  -2.4063544e+00  -2.5390677e+00  -2.6007179e+00  -2.4395686e+00  -2.2836393e+00
   7.9649885e-01   5.4776711e-01  -6.0689464e-01  -7.6146550e-01  -1.4353185e+00  -1.9586588e+00  -2.1725266e+00  -2.2643453e+00  -2.7956426e+00  -2.0812390e+00  -2.0524412e+00  -2.2910894e+00  -2.3496614e+00  -2.3668600e+00  -2.3493239e+00  -1.9977507e+00
   7.6775810e-01   1.2932605e-01  -8.9620589e-01  -5.5728245e-01  -1.0732968e+00  -2.3177318e+00  -2.0683106e+00  -2.0730926e+00  -2.4137428e+00  -2.3592156e+00  -2.4455576e+00  -2.4760459e+00  -2.5349652e+00  -2.3296544e+00  -2.1121135e+00  -2.1560296e+00
   5.4116634e-01   1.8173006e-01  -9.6188010e-01  -1.1936645e+00  -1.7867750e+00  -2.2150116e+00  -2.1659690e+00  -1.8334382e+00  -1.9551917e+00  -2.2472480e+00  -2.2579712e+00  -2.4655594e+00  -2.5041587e+00  -2.1717639e+00  -1.8926145e+00  -2.2112609e+00
   4.4932350e-01  -4.3416435e-01  -1.2538335e+00  -1.2671125e+00  -1.7620390e+00  -2.7205302e+00  -2.0911716e+00  -2.1727136e+00  -2.0424850e+00  -2.4720328e+00  -2.6892052e+00  -2.6190268e+00  -2.2311674e+00  -2.1387305e+00  -2.1714292e+00  -2.2676487e+00
   6.6695789e-01  -6.7090870e-01  -1.1175889e+00  -7.8081866e-01  -1.1363586e+00  -2.3122929e+00  -2.1525972e+00  -2.4631094e+00  -2.2153717e+00  -2.4581034e+00  -2.1532937e+00  -2.4477127e+00  -2.4845599e+00  -2.3497912e+00  -1.9993770e+00  -2.3206699e+00
   5.5555619e-01  -9.5307609e-01  -1.4441379e+00  -7.5505765e-01  -1.0343484e+00  -1.9450775e+00  -2.3233214e+00  -1.8115029e+00  -1.7448843e+00  -2.2196020e+00  -2.3595081e+00  -2.6218006e+00  -2.3841339e+00  -2.3522221e+00  -1.6225207e+00  -2.1929768e+00
   7.5009438e-01  -9.0289383e-01  -1.4336642e+00  -2.2244527e-01  -7.0041175e-01  -1.9211499e+00  -2.4476229e+00  -2.0113498e+00  -1.8978021e+00  -2.3341312e+00  -1.9884665e+00  -2.0168578e+00  -2.2978066e+00  -2.5164761e+00  -2.0776525e+00  -2.2193860e+00
   4.5305875e-01  -8.0184823e-01  -5.9517104e-01  -5.5566302e-01  -9.5892242e-01  -1.9741643e+00  -2.0367854e+00  -2.1644076e+00  -2.5921289e+00  -2.3315755e+00  -2.0949973e+00  -2.4628074e+00  -2.5419420e+00  -2.3140313e+00  -2.0556996e+00  -2.0285638e+00
   2.3499212e-01  -9.3254416e-01  -1.5581686e+00  -6.1046322e-01  -1.1982286e+00  -1.6323007e+00  -2.1388747e+00  -2.3715952e+00  -2.9130817e+00  -2.8299528e+00  -2.1047398e+00  -2.1323970e+00  -2.6196664e+00  -2.5140647e+00  -1.7684071e+00  -2.0235670e+00
   6.7882636e-01  -1.2997620e+00  -1.3821603e+00  -3.6149198e-01  -8.3916966e-01  -2.0611539e+00  -2.3673772e+00  -2.7073525e+00  -2.8402306e+00  -2.4912748e+00  -2.0721447e+00  -2.4370987e+00  -2.4668413e+00  -2.2257618e+00  -2.1316190e+00  -2.2674270e+00
   8.7050983e-01  -3.8818905e-01  -1.2426408e+00  -4.8289359e-01  -8.0967440e-01  -2.0184064e+00  -2.4783634e+00  -2.7881515e+00  -2.4255289e+00  -2.4747051e+00  -2.0858880e+00  -2.4060857e+00  -2.3897766e+00  -2.3272705e+00  -2.0522589e+00  -2.1637102e+00
   9.7655098e-01  -2.6434576e-01  -1.4481895e+00  -6.3462193e-01  -1.2450715e+00  -1.9342088e+00  -2.4147900e+00  -2.5345065e+00  -2.5766047e+00  -2.0606915e+00  -2.1346148e+00  -2.5360556e+00  -2.6170133e+00  -2.2376381e+00  -2.0592943e+00  -2.0970663e+00
   7.2627505e-01  -4.3819860e-01  -1.0375732e+00  -9.7145231e-01  -1.4778445e+00  -1.8346548e+00  -2.7528547e+00  -2.5909647e+00  -2.3509557e+00  -2.4791578e+00  -2.2823409e+00  -2.5071276e+00  -2.3957694e+00  -2.2131897e+00  -2.1259146e+00  -2.3237157e+00
   4.4346482e-01  -7.1544458e-01  -1.5329620e+00  -1.0658822e+00  -1.5513155e+00  -1.8020883e+00  -2.3545201e+00  -2.5905946e+00  -2.5549359e+00  -2.9301349e+00  -2.1195710e+00  -2.3791213e+00  -2.5302591e+00  -2.4253930e+00  -2.3272441e+00  -2.2234340e+00
   4.4742085e-01  -1.8849769e-01  -9.9834749e-01  -8.2529051e-01  -1.3279687e+00  -1.9381949e+00  -2.1345506e+00  -2.6594851e+00  -2.5805860e+00  -2.7857811e+00  -2.4377928e+00  -2.8751554e+00  -2.4128061e+00  -2.3731076e+00  -2.3657841e+00  -2.2436542e+00
   7.4459456e-01  -1.0218115e-01  -1.2221857e+00  -2.1547908e-01  -1.2164081e+00  -1.8300227e+00  -2.8606469e+00  -2.5181360e+00  -2.1192782e+00  -2.6602185e+00  -2.1825193e+00  -2.4097330e+00  -2.3995420e+00  -2.3438772e+00  -2.2256561e+00  -2.1000773e+00
   8.1608854e-01  -4.4010344e-01  -2.0571632e+00  -7.5030070e-01  -1.0391858e+00  -1.9754148e+00  -2.3704473e+00  -2.3779749e+00  -2.1502303e+00  -2.2166755e+00  -2.3602339e+00  -2.7885087e+00  -2.5293111e+00  -2.4696444e+00  -2.4226424e+00  -2.1747153e+00
   1.0676115e+00  -1.7315309e-01  -1.6745823e+00  -4.6471897e-01  -1.3123851e+00  -2.3116878e+00  -2.9290520e+00  -2.5940094e+00  -2.5962164e+00  -2.3412204e+00  -2.1188314e+00  -2.5262563e+00  -2.3466532e+00  -2.2467534e+00  -2.4388109e+00  -1.9603319e+00
