   1.0944005e+00   3.4461493e-01  -4.9181737e-01  -7.6083746e-02  -6.0710190e-01  -5.8764357e-01  -1.5461276e+00  -1.6537952e+00  -1.7878015e+00  -1.4458628e+00  -1.5109714e+00  -1.8017453e+00  -1.8986176e+00  -1.8685119e+00  -1.5304399e+00  -1.2204535e+00
   1.1253659e+00   6.8721142e-01  -2.3070634e-01   1.3096072e-01  -4.7990553e-01  -1.0195573e+00  -1.7293386e+00  -1.6102204e+00  -1.7090673e+00  -1.4365033e+00  -1.3936655e+00  -1.6418360e+00  -1.5968921e+00  -1.7851192e+00  -1.4109030e+00  -1.3858929e+00
   9.4323758e-01   5.7055864e-01  -5.4378808e-01  -4.9214762e-01  -2.3688647e-01  -7.8692116e-01  -1.9339230e+00  -1.5466792e+00  -1.9436419e+00  -1.4989343e+00  -1.4796307e+00  -1.3683186e+00  -1.6164313e+00  -1.5723011e+00  -1.7656461e+00  -1.5443010e+00
   7.3325195e-01   1.4458261e-02  -3.5419282e-01   1.0477237e-01  -3.9907912e-02  -5.9826732e-01  -1.6901984e+00  -1.7201245e+00  -1.5176896e+00  -1.1080298e+00  -1.6148418e+00  -1.6843664e+00  -1.7186170e+00  -1.4047166e+00  -1.2587999e+00  -1.4496530e+00
   9.7563944e-01  -1.4322291e-01  -1.1293683e-01   2.1551709e-01  -2.8660802e-01  -7.2978667e-01  -1.8230821e+00  -1.8504636e+00  -1.9252496e+00  -1.3293267e+00  -1.3102271e+00  -1.6204974e+00  -1.6803364e+00  -1.5299953e+00  -1.5002670e+00  -1.4790073e+00
   6.9420573e-01  -1.8611150e-01  -3.0026219e-01   1.2259801e-01  -2.0343838e-02  -6.9495331e-01  -1.4994164e+00  -1.8629103e+00  -1.7771614e+00  -1.4822616e+00  -1.5507314e+00  -1.7520661e+00  -1.6946442e+00  -1.7377970e+00  -1.6558294e+00  -1.4631715e+00
   6.5939688e-01  -5.8951919e-01  -6.3943008e-01  -3.6185004e-01  -3.1140677e-01  -7.2973292e-01  -1.6816282e+00  -1.8307151e+00  -1.4718471e+00  -1.5728520e+00  -1.5415823e+00  -1.7202726e+00  -1.7113983e+00  -1.4152145e+00  -1.4331668e+00  -1.3168352e+00
   4.7867567e-01   2.9393142e-01  -2.7152077e-01  -3.9912807e-01  -2.8358209e-01  -6.9557091e-01  -1.4627418e+00  -1.6127746e+00  -1.7451747e+00  -1.0863129e+00  -1.2762530e+00  -1.5908002e+00  -1.4947965e+00  -1.2282562e+00  -1.3461556e+00  -1.2781978e+00
   2.8950376e-01  -1.8538099e-01  -1.8823648e-01  -2.5974990e-01  -2.7042587e-01  -1.2897216e+00  -2.0923006e+00  -1.3868098e+00  -1.3248931e+00  -1.5597285e+00  -1.5996162e+00  -2.0744154e+00  -1.7735858e+00  -1.4995706e+00  -1.5742830e+00  -1.2967051e+00
   9.9522683e-02  -1.8839597e-01  -7.6606757e-01  -4.8061245e-01  -3.5096526e-01  -1.3954438e+00  -1.9967176e+00  -1.6687768e+00  -1.7714798e+00  -1.8783219e+00  -1.5048419e+00  -1.7854690e+00  -1.5828844e+00  -1.4331993e+00  -1.5983553e+00  -1.2833090e+00
   5.8360786e-01   2.0504868e-01  -1.7240125e-01   6.9727937e-01   1.0010346e-01  -1.0144170e+00  -1.6069780e+00  -2.0295935e+00  -1.7242944e+00  -1.6939314e+00  -1.5290543e+00  -1.7255772e+00  -1.5153462e+00  -1.5710462e+00  -1.6419521e+00  -1.3681714e+00
   4.9195449e-01  -8.1255915e-01  -4.1332602e-01   2.4640276e-01  -3.3188953e-01  -8.5685102e-01  -1.6195869e+00  -1.6752120e+00  -1.6709286e+00  -1.4669714e+00  -1.5953474e+00  -2.1325345e+00  -1.7027066e+00  -1.7640928e+00  -1.5601845e+00  -1.4818711e+00
   6.8284947e-01   2.2476106e-01  -3.5693649e-01  -2.0044903e-01  -1.0550647e+00  -1.0021628e+00  -1.8079908e+00  -1.7614995e+00  -1.9107808e+00  -1.8239837e+00  -1.6763392e+00  -1.5719988e+00  -1.6658617e+00  -1.6067942e+00  -1.2484535e+00  -1.3555065e+00
   6.9265413e-01   2.1288825e-01  -4.3754562e-01   4.1699468e-02  -5.4240930e-01  -8.2932611e-01  -1.6630745e+00  -1.7587156e+00  -1.9304635e+00  -1.5992717e+00  -1.4809205e+00  -1.7919935e+00  -1.8272560e+00  -1.7874306e+00  -1.2405008e+00  -1.2370359e+00
   1.2136465e+00   4.3922223e-01  -7.2335371e-01  -1.1458264e-01  -7.2966581e-01  -9.5820895e-01  -2.0035996e+00  -2.0620714e+00  -1.6395272e+00  -1.3092682e+00  -1.4344283e+00  -1.8095546e+00  -1.7979737e+00  -1.5440010e+00  -1.4725720e+00  -1.2656459e+00
   8.7077940e-01  -1.6551557e-01  -6.0815532e-01   4.8161038e-01  -2.3108950e-01  -8.7847783e-01  -1.5852407e+00  -1.7058153e+00  -1.3092880e+00  -1.1233885e+00  -1.3793255e+00  -1.7965308e+00  -1.7590371e+00  -1.5032503e+00  -1.4566040e+00  -1.2777954e+00
   6.9487727e-01  -4.6676322e-01  -3.1891673e-01   2.3594854e-01  -9.7576370e-02  -8.3508475e-01  -1.5981914e+00  -2.0819074e+00  -1.4193232e+00  -1.1331752e+00  -1.3785889e+00  -1.8309779e+00  -1.8949544e+00  -1.5807858e+00  -1.4567312e+00  -1.5424533e+00
   1.1113528e+00   5.1417340e-01  -5.4642664e-01   2.0600085e-01  -1.2370435e-01  -1.1189709e+00  -1.6663876e+00  -1.7284938e+00  -1.6548090e+00  -1.5684353e+00  -1.4748779e+00  -1.4959856e+00  -1.6454122e+00  -1.3441487e+00  -1.3894895e+00  -1.1543454e+00
   9.3163857e-01   5.9326243e-02  -6.3729973e-01  -3.0565514e-01  -1.2773167e-01  -6.9321025e-01  -1.6665060e+00  -1.5083753e+00  -1.8608065e+00  -2.1262841e+00  -1.8290046e+00  -1.6920824e+00  -1.6358065e+00  -1.6583663e+00  -1.6442233e+00  -1.3509425e+00
   9.9782257e-01   4.3553624e-01  -7.2370479e-01  -3.6091014e-01  -6.3237192e-01  -1.0925942e+00  -1.6856484e+00  -1.7699103e+00  -2.0571435e+00  -1.3938043e+00  -1.5129727e+00  -1.9090294e+00  -1.8417550e+00  -1.3595231e+00  -1.3517155e+00  -1.1715260e+00
   9.1432761e-01  -1.0652608e-01  -6.7714247e-01  -3.6619029e-01  -5.3030759e-01  -1.2184450e+00  -1.7055435e+00  -1.4686616e+00  -2.0539380e+00  -1.5124089e+00  -1.5313761e+00  -1.6793192e+00  -1.5811757e+00  -1.5917456e+00  -1.6903578e+00  -1.3827592e+00
   2.5420962e-01   2.3029863e-01  -5.5163785e-01  -1.8166288e-01  -6.2202700e-01  -1.3757247e+00  -1.5203174e+00  -1.4872144e+00  -1.8957116e+00  -1.6443170e+00  -1.3435187e+00  -2.1110222e+00  -1.7255637e+00  -1.6163242e+00  -1.5315096e+00  -1.2764695e+00
   1.4756449e+00   6.7890906e-01  -3.9359892e-01   3.9325210e-01  -1.0021349e-01  -9.9620706e-01  -1.4391119e+00  -1.7810434e+00  -2.1776855e+00  -1.2992957e+00  -1.3578792e+00  -1.5486324e+00  -1.4636024e+00  -1.1907447e+00  -1.1025401e+00  -1.3149839e+00
   1.1833575e+00   4.3556521e-01  -8.7283779e-01  -4.3082017e-01  -7.3136521e-01  -1.0903342e+00  -1.3540463e+00  -1.5891624e+00  -1.8290840e+00  -1.4919036e+00  -1.5996288e+00  -1.7716580e+00  -1.5577944e+00  -1.5006297e+00  -1.4533297e+00  -1.5331761e+00
   1.8669955e-01  -4.9843553e-02  -3.4265426e-01   3.2175994e-01  -2.7203395e-01  -8.6065908e-01  -1.5604042e+00  -1.6528630e+00  -1.8414259e+00  -1.4359906e+00  -1.5866534e+00  -1.7949146e+00  -1.5206275e+00  -1.3355484e+00  -1.5567609e+00  -1.3070445e+00
   1.0018452e+00   4.5871319e-02  -6.6255020e-01   1.2628285e-01  -8.1403368e-01  -1.0527954e+00  -2.1447049e+00  -2.3776877e+00  -1.6656914e+00  -1.6505339e+00  -1.2640282e+00  -1.7971117e+00  -1.7363334e+00  -1.6394547e+00  -1.4361632e+00  -1.1337241e+00
   5.4315328e-01  -4.5400182e-01  -4.6106735e-01   2.3102403e-01  -7.8449308e-01  -1.0664475e+00  -1.8582411e+00  -2.1971138e+00  -1.5202110e+00  -1.4103468e+00  -1.3022706e+00  -1.7602778e+00  -1.8160893e+00  -1.7117710e+00  -1.4631459e+00  -1.1418250e+00
   3.9575562e-01  -4.0231848e-01  -6.3402025e-01   1.3704266e-01  -3.3827305e-01  -8.5770006e-01  -1.5870266e+00  -1.9467726e+00  -1.5683599e+00  -1.3084965e+00  -1.4002355e+00  -2.0873125e+00  -2.2071107e+00  -1.7610653e+00  -1.4227907e+00  -1.1971337e+00
  -4.0604017e-01  -2.6075117e-01  -4.1265086e-01  -5.8078426e-02  -6.1290563e-01  -1.0055258e+00  -1.7727398e+00  -2.3200332e+00  -1.8431684e+00  -1.4595244e+00  -1.4446518e+00  -1.8123593e+00  -1.6606658e+00  -1.6756336e+00  -1.3729471e+00  -1.4638363e+00
   2.9046779e-01   3.6668390e-02  -2.6023970e-01   1.7333710e-01  -2.2873049e-01  -5.4073383e-01  -1.4846216e+00  -1.6893676e+00  -1.4730704e+00  -1.7162400e+00  -1.5026328e+00  -1.1752902e+00  -3.8274001e-01  -4.2906766e-01  -6.7213274e-01  -4.9562184e-01
   3.7965523e-01  -2.6596817e-02   1.8166233e-01   5.5534981e-01   1.2304487e-01  -4.6858740e-01  -1.0290646e+00  -5.6203045e-01  -7.3944503e-01  -7.0308866e-01  -1.4856709e-01  -1.6307741e-01  -4.5004939e-01  -5.9145172e-01  -6.5497773e-01  -6.1867928e-01
   1.2086386e+00   6.4408291e-01   1.7851213e-01   1.7456544e+00   1.8777770e+00   5.0074817e-01   8.6279924e-04   8.5152356e-01   1.5497657e+00   9.0526488e-01   1.3879022e+00   1.2195305e+00   7.0038253e-01   7.2785833e-01  -1.9790796e-01  -4.1025561e-01
   1.6360622e+00   1.3865062e+00   6.4291345e-01   2.3678768e+00   2.7845040e+00   1.4303945e+00   7.6360105e-01   1.5794225e+00   2.3361303e+00   1.6910045e+00   2.1216248e+00   1.9373556e+00   1.6270956e+00   1.4885098e+00   9.0772227e-02  -2.6572183e-01
   1.1859971e+00   1.2330668e+00   1.0265698e+00   2.5649564e+00   2.9670311e+00   1.8176916e+00   1.0394866e+00   1.9436210e+00   2.6858747e+00   2.1650758e+00   2.6446181e+00   2.3410094e+00   2.2005303e+00   1.8429600e+00  -1.2390899e-02   1.5274477e-02
   1.6570509e+00   1.1830588e+00   9.6843217e-01   2.6582423e+00   3.1528609e+00   1.8398066e+00   1.0358219e+00   2.0826985e+00   3.0394640e+00   2.2400033e+00   2.5256179e+00   2.5236751e+00   2.4677526e+00   1.8647178e+00  -2.1419781e-01  -5.0715650e-01
   1.7203215e+00   1.2211420e+00   8.5385109e-01   2.6012509e+00   3.1714832e+00   1.8566485e+00   1.1631274e+00   2.1151321e+00   2.9775153e+00   2.4058435e+00   2.8042535e+00   2.6426060e+00   2.3797162e+00   1.8367894e+00  -4.7849325e-01  -4.9777613e-01
   1.4512717e+00   1.3250701e+00   9.1295170e-01   2.5694226e+00   3.2876999e+00   1.8292803e+00   1.0979878e+00   2.1853407e+00   3.1309894e+00   2.3972964e+00   2.6714789e+00   2.7188827e+00   2.4874200e+00   1.7733394e+00  -6.8889586e-01  -5.0397808e-01
   1.6612469e+00   1.2391252e+00   8.8120947e-01   2.5692720e+00   3.3062198e+00   1.8568672e+00   1.2403754e+00   2.2211099e+00   3.2538848e+00   2.4878012e+00   2.8073623e+00   2.7791734e+00   2.4406828e+00   1.7570298e+00  -1.1387821e-01   2.6232054e-01
   1.3612024e+00   1.2591451e+00   1.0123885e+00   2.4155610e+00   3.2589286e+00   2.0920481e+00   1.4952294e+00   2.3950309e+00   3.2042965e+00   2.4793442e+00   2.7190684e+00   2.7220299e+00   2.3631271e+00   1.7513814e+00   3.5025335e-01   6.4243570e-01
   1.3505556e+00   1.2007677e+00   8.2437785e-01   2.1697315e+00   3.0621553e+00   2.3701510e+00   1.7508674e+00   2.4037988e+00   3.2290702e+00   2.4999896e+00   2.6212916e+00   2.5485244e+00   2.0284491e+00   1.6604171e+00   3.6012162e-01   5.0634111e-01
   1.8148401e+00   1.3152447e+00   1.1223472e+00   2.1859753e+00   3.0499421e+00   2.3665093e+00   1.7994567e+00   2.3610330e+00   3.0535076e+00   2.1182846e+00   2.5764008e+00   2.2622844e+00   1.8385946e+00   1.4798047e+00  -9.7152027e-02   3.3251583e-01
   1.7674793e+00   1.5373678e+00   1.4307615e+00   2.3361119e+00   3.0489917e+00   2.1691151e+00   1.6399883e+00   2.3199102e+00   2.9608820e+00   1.9966335e+00   2.3546844e+00   2.0761138e+00   1.3272300e+00   1.0774803e+00   5.8711062e-02   2.8086939e-01
   1.7317502e+00   1.3303850e+00   1.4003268e+00   2.4216212e+00   3.0215041e+00   2.1771644e+00   1.1101652e+00   1.9289234e+00   2.6282269e+00   1.6953987e+00   1.6145634e+00   9.6716365e-01   9.9678142e-01   8.0786265e-01  -4.3507041e-01  -1.2270296e-01
   1.5490459e+00   1.3509278e+00   1.5329232e+00   2.4848733e+00   2.8870158e+00   2.1346070e+00   6.1834451e-01   1.3946957e+00   1.9814697e+00   8.9351502e-01   1.0221920e+00   9.0150610e-01   5.9853539e-01   6.4429734e-01  -5.2715310e-01  -2.4503311e-01
   1.8980273e+00   1.3097360e+00   1.5382133e+00   2.4115084e+00   2.6749585e+00   1.8858488e+00   4.6970353e-01   6.0932044e-01   1.1668390e+00   5.8349710e-01   1.0473258e+00   6.9967620e-01  -7.8520881e-02  -2.8639031e-01  -1.1595737e+00  -4.7667884e-01
   1.6098496e+00   1.2911031e+00   1.4492643e+00   2.1493357e+00   2.3317349e+00   1.4641533e+00   5.1800226e-02   1.6048245e-01   1.0586637e+00   6.5645851e-01   7.7174161e-01  -3.9933137e-02  -6.6591813e-01  -8.9485832e-01  -1.1399872e+00  -7.6742292e-01
   1.7073240e+00   1.1429817e+00   8.4408999e-01   1.7356862e+00   1.7559991e+00   1.0225011e+00   1.0669597e-01   8.0996920e-01   1.0299680e+00  -1.6058512e-01   7.0553197e-01  -2.6069635e-02  -6.5097174e-01  -6.3873439e-01  -1.2582518e+00  -8.5374619e-01
   1.5503017e+00   5.7530079e-01   2.8311910e-01   7.0064524e-01   5.0354855e-01   4.0648512e-01  -3.7701055e-01  -3.0676411e-01   2.8573918e-01  -1.3682402e-01   9.1072077e-02  -5.4787879e-01  -1.1581322e+00  -1.3701447e+00  -1.5703116e+00  -1.2848729e+00
   1.5685923e+00   4.2418650e-01  -8.9171670e-02   6.7598398e-01   1.6889369e-01   1.3934882e-02  -7.4913979e-01  -4.0339654e-01   9.6267305e-02  -5.7084108e-01  -3.6611329e-01  -8.3911415e-01  -1.2750688e+00  -1.1943036e+00  -1.0753655e+00  -1.0469068e+00
   7.6081557e-01  -4.4836262e-02  -2.2532389e-01   1.5657643e-01   3.0013546e-01   6.5215439e-01  -6.3817059e-01  -2.9378824e-01   2.6350720e-01  -5.3431893e-01  -7.0822127e-01  -9.8039015e-01  -1.4687205e+00  -1.2439657e+00  -1.2123017e+00  -1.4473364e+00
   1.0329696e+00  -2.3908424e-01  -5.3183009e-01   2.2725165e-01   2.8639890e-01  -1.0195109e-01  -8.7733436e-01  -6.6369469e-01  -8.2273050e-02  -6.2135783e-01  -7.4583758e-01  -9.4215340e-01  -1.0187185e+00  -1.1146815e+00  -8.5393546e-01  -1.3518668e+00
   6.7942189e-01  -2.1671413e-01  -5.3366461e-01  -2.7060323e-01  -2.5190503e-01  -1.8057970e-01  -8.8040646e-01  -1.5063397e+00  -4.9320588e-01  -6.1365429e-01  -7.0480838e-01  -7.7030820e-01  -9.3275259e-01  -6.8061843e-01  -1.8641344e-01  -4.7853814e-01
   5.1820484e-01   2.4764077e-01  -7.1663034e-01   2.5168774e-01  -4.3933731e-01  -9.3453114e-01  -9.9208616e-01  -9.7854123e-01  -6.7390622e-01  -4.5837954e-01  -7.7201742e-01  -6.8760486e-01  -5.4480736e-01   8.2278624e-02   3.9653669e-01  -1.3540136e-01
   8.6556575e-01   9.7650373e-02  -4.4915464e-01   1.9694411e-01  -1.7642542e-01  -1.2183149e+00  -1.1570123e+00  -1.0454305e+00  -1.4103915e-01  -8.9557548e-02  -8.5507828e-02  -3.5012547e-01  -3.6225075e-01   1.0104508e-01   4.5301957e-01   4.1679412e-02
   8.8956919e-01  -5.4611863e-01  -4.9718220e-01   2.5924224e-01   8.0553731e-02  -5.7166550e-01  -9.5858091e-01  -1.1317900e+00   2.9945396e-01   4.1508897e-01  -1.4009420e-01  -1.9663945e-02  -8.5022564e-02   4.8957350e-01   6.3226937e-01   5.2023781e-01
   2.4081342e-01   1.2395555e-01  -1.9565057e-01   1.0405905e-01  -1.2768067e-01  -6.9716968e-01  -9.4481114e-01  -9.7800214e-01  -4.8727280e-01   1.0516818e-01  -4.5683337e-01  -2.0105439e-01  -2.0177653e-01   3.1902746e-01   9.5481223e-01   5.5687162e-01
   8.0919317e-01   2.3111882e-01  -1.9828326e-01  -1.1679771e-02  -2.3850633e-01  -8.2771211e-01  -9.3691528e-01  -7.9420362e-01  -8.7441912e-01  -5.9569534e-01  -6.7991275e-01  -1.8624294e-01  -1.1795580e-01  -2.9749285e-02   3.2195695e-01   1.8344462e-01
   1.0339870e+00  -2.3688118e-01  -7.6228332e-01  -1.7251498e-02  -4.8402576e-01  -9.4891777e-01  -1.1701135e+00  -1.3540640e+00  -8.0651382e-01  -5.4500443e-01  -1.0108470e+00  -5.0085539e-01  -4.7119902e-01  -2.9293356e-01  -4.3776370e-03   3.7763653e-02
   6.2994514e-01   1.0265616e-01  -5.6070054e-01   2.8032989e-01  -3.3522979e-01  -1.2794689e+00  -1.2312962e+00  -1.4381484e+00  -8.3171352e-01  -9.4919540e-01  -7.8177278e-01  -3.9511423e-01  -7.8824682e-01   5.4926656e-02   2.6286034e-01   9.1804812e-02
   1.1319005e+00   1.0544093e-01  -1.5295647e-01  -5.4110333e-02  -9.5706822e-01  -1.4633377e+00  -1.3574294e+00  -7.8616730e-01  -7.2528794e-01  -1.1027079e+00  -2.8600799e-01  -2.5034378e-01  -4.0869919e-01  -2.1585960e-01   4.4298678e-01  -5.3710737e-02
   7.4214096e-02   1.2803558e-01  -3.8795083e-01   4.1719192e-02  -7.0546373e-01  -1.0450759e+00  -1.3689300e+00  -8.4571838e-01  -8.0729673e-01  -9.6221192e-01  -8.9896788e-01  -5.8726573e-01  -8.1824945e-01  -3.8223067e-01   2.6613163e-01  -3.5851544e-04
   2.7499227e-01  -6.9540696e-01  -1.9351282e-01  -4.7455898e-02  -1.1752386e+00  -1.0003310e+00  -9.4879065e-01  -1.0278012e+00  -9.7612993e-01  -7.6866449e-01  -7.0963274e-01  -6.9916465e-01  -6.8311229e-01  -2.9626563e-01   1.6302971e-01  -1.6428629e-01
   6.8997703e-01   3.0152508e-02   8.7396043e-02   1.9866000e-01  -2.4137091e-01  -1.0636693e+00  -1.8879012e+00  -9.0362468e-01  -6.0961255e-01  -6.5456895e-01  -1.0895251e+00  -6.2751915e-01  -6.1300868e-01  -1.9105068e-01   2.5645630e-02  -5.5491118e-01
   8.4379605e-01   4.4341182e-01  -5.0886774e-01   1.7555753e-01  -5.0525116e-01  -9.3169647e-01  -9.4225616e-01  -9.5560317e-01  -1.2497127e+00  -9.7689022e-01  -7.3103360e-01  -3.9941067e-01  -8.6956940e-01  -2.0818462e-01   1.7731535e-01  -4.8710943e-01
   1.1429993e-01   3.2527197e-02   1.1442315e-01  -1.4285454e-01  -8.5476019e-01  -1.2733941e+00  -1.3059948e+00  -9.7647515e-01  -1.1428987e+00  -1.3056915e+00  -6.4360330e-01  -5.2936943e-01  -1.0297577e+00  -5.3548016e-01   4.8002060e-02  -3.5267176e-01
   1.1394493e+00   1.6097949e-01  -5.3988048e-01   1.6053979e-01  -7.4100462e-01  -1.3822866e+00  -1.4440509e+00  -1.4954613e+00  -1.2607843e+00  -1.1146285e+00  -1.1277529e+00  -8.5470546e-01  -8.6686875e-01  -6.0461523e-01  -1.3050360e-01  -4.9755602e-01
   2.7755241e-01  -3.6313444e-01  -1.8044473e-01   3.1730978e-01  -4.8099216e-01  -9.4395322e-01  -1.4957788e+00  -1.0847152e+00  -1.0400369e+00  -7.2093494e-01  -9.0897441e-01  -9.9245134e-01  -1.2476645e+00  -7.9504485e-01  -2.1681432e-01  -4.0234878e-01
   6.1807079e-01  -2.6491679e-01  -5.3404045e-01  -1.1527642e-01  -3.1480103e-01  -7.2516865e-01  -1.3124588e+00  -1.1188184e+00  -9.3375362e-01  -6.5228860e-01  -7.2217494e-01  -7.6528521e-01  -1.0047228e+00  -6.5880197e-01  -4.1210769e-01  -2.9577721e-01
   3.5462202e-01  -3.2529296e-01  -3.3796910e-01   2.2126616e-01  -4.2546907e-01  -6.0117153e-01  -1.1969963e+00  -1.2077332e+00  -1.3559292e+00  -1.1282770e+00  -8.6365711e-01  -7.6859316e-01  -6.9739985e-01  -3.9446578e-01  -2.9468970e-01  -6.9610717e-01
   1.4895819e-01  -4.9412304e-02  -2.3919585e-01  -2.3803516e-01  -3.2717474e-01  -6.6633653e-01  -1.8014642e+00  -1.5241983e+00  -1.2021698e+00  -1.1949619e+00  -8.7031496e-01  -8.2546594e-01  -8.5141283e-01  -9.0189654e-01  -2.1979871e-01  -5.4489563e-01
  -7.2357283e-02  -3.9119451e-02  -1.0619528e-01  -2.6920186e-01  -4.9546723e-01  -1.0357520e+00  -1.4003221e+00  -1.1057693e+00  -1.1778234e+00  -1.3618212e+00  -1.1369144e+00  -8.5714552e-01  -9.3517673e-01  -8.6259313e-01  -2.4086599e-01  -6.3982290e-01
   7.6152349e-01   1.5045177e-01  -5.0169222e-01   3.1421981e-01  -4.2895136e-01  -1.5719025e+00  -1.4214817e+00  -1.3027308e+00  -9.7704544e-01  -1.0234215e+00  -1.4294640e+00  -8.1852758e-01  -9.1587573e-01  -1.0815671e+00  -4.5149075e-01  -8.1382860e-01
   4.1515428e-01   6.3822956e-02  -5.0039030e-01  -1.7059972e-01  -5.8598327e-01  -1.2565480e+00  -1.9669730e+00  -1.4865605e+00  -1.1822309e+00  -1.4016334e+00  -1.2495187e+00  -1.1648124e+00  -1.2851189e+00  -1.2557656e+00  -7.5261812e-01  -1.3468045e+00
   4.9967581e-01  -6.2466564e-02  -2.2265924e-01  -8.3083777e-02  -5.4646119e-01  -1.2292898e+00  -1.3793767e+00  -1.6535820e+00  -1.6701260e+00  -1.3193784e+00  -8.3237290e-01  -1.4202290e+00  -1.4485443e+00  -1.5124844e+00  -9.3342543e-01  -1.1888974e+00
   4.5372524e-01   2.2016725e-01  -5.0135469e-02   2.0286262e-01  -6.4374995e-01  -1.3145887e+00  -2.0113634e+00  -2.2400392e+00  -1.5818070e+00  -1.2036379e+00  -1.1355369e+00  -1.7024880e+00  -1.6757475e+00  -1.5281135e+00  -1.3926441e+00  -1.4104884e+00
   5.0981834e-01  -7.8565785e-02  -1.5684395e-01   2.1772863e-01  -4.9198734e-01  -1.3917713e+00  -1.9562164e+00  -1.9598243e+00  -1.0950134e+00  -1.0923989e+00  -1.2752116e+00  -1.5026077e+00  -1.3170064e+00  -1.0450251e+00  -1.0428264e+00  -1.3415638e+00
   5.8793025e-01  -3.2316467e-02  -1.2887650e-01   2.5297848e-01  -7.8966254e-01  -1.4162003e+00  -1.3161698e+00  -1.6227047e+00  -1.0752391e+00  -1.2202885e+00  -1.4007506e+00  -1.4822630e+00  -1.3537761e+00  -1.1661118e+00  -9.7559774e-01  -1.5364388e+00
