   1.2123341e+00  -1.2279675e-02  -1.4569540e-01   4.2173778e-01  -1.7745524e-01  -1.3777663e+00  -1.5545466e+00  -1.5557679e+00  -1.7476375e+00  -1.1753780e+00  -1.3230043e+00  -1.7757027e+00  -1.5321999e+00  -1.4596935e+00  -1.2524805e+00  -1.1948614e+00
   1.0107388e+00   2.2868207e-01  -3.3508850e-01   5.5891586e-01   7.2016608e-03  -6.6113400e-01  -1.6935778e+00  -1.8839077e+00  -1.8870649e+00  -1.2514269e+00  -1.3466666e+00  -1.5755913e+00  -1.0671974e+00  -1.2691516e+00  -9.7916304e-01  -9.6112275e-01
   3.1705063e-01   3.0834708e-01  -5.2354314e-01   3.3299160e-01  -3.8217956e-01  -7.7776566e-01  -1.5472812e+00  -1.8383403e+00  -1.9009874e+00  -1.2580866e+00  -1.0721351e+00  -1.3208120e+00  -1.5199132e+00  -1.2555848e+00  -1.3774905e+00  -9.9495974e-01
   4.5571586e-01   1.3125983e-01  -4.3160530e-01  -5.5539376e-01  -3.1994257e-01  -8.2472498e-01  -1.5960952e+00  -2.0320559e+00  -1.9172272e+00  -1.2285342e+00  -1.3653953e+00  -1.2901063e+00  -1.5058633e+00  -1.4564535e+00  -1.3422612e+00  -9.3274582e-01
   1.2672932e+00   2.6063547e-01  -1.3159790e-01   5.7417138e-01   1.0912535e-01  -5.3298465e-01  -1.2889725e+00  -2.0259471e+00  -2.1891059e+00  -1.0739884e+00  -1.3326656e+00  -1.1783112e+00  -1.4369200e+00  -1.3280177e+00  -1.2089276e+00  -1.2816180e+00
   4.1718917e-02   2.5341021e-01   1.9183937e-01   8.0663202e-01   3.5324056e-02  -6.5152750e-01  -1.4958983e+00  -1.6009472e+00  -2.0821228e+00  -1.4385582e+00  -1.0735099e+00  -1.6653156e+00  -1.2034124e+00  -1.3858532e+00  -1.2839973e+00  -1.3961425e+00
   3.0283435e-01   3.1183696e-01   3.7056752e-01   1.6521539e-01  -1.9833094e-01  -1.2050384e+00  -1.6645011e+00  -1.6181368e+00  -1.7789434e+00  -1.2466434e+00  -9.3066287e-01  -1.3904516e+00  -1.3574656e+00  -1.2148544e+00  -9.8264522e-01  -1.0908170e+00
   8.9335387e-01   5.1096508e-01  -9.7879232e-02  -3.8386534e-02  -3.0727703e-01  -9.2342119e-01  -1.6653007e+00  -1.6238795e+00  -1.5000089e+00  -1.3472923e+00  -1.2306654e+00  -1.5664684e+00  -1.3901747e+00  -1.3768268e+00  -1.3885032e+00  -1.1034889e+00
   7.5389178e-01  -1.6225688e-01  -1.6407232e-01   4.5104321e-01  -1.5146154e-01  -7.2548278e-01  -1.8075882e+00  -1.3467144e+00  -1.8035624e+00  -1.4675657e+00  -1.3464386e+00  -1.6429812e+00  -1.4024131e+00  -1.4084906e+00  -1.3463091e+00  -1.0962872e+00
   9.1006010e-01   2.1614090e-01  -1.9641337e-01   2.9136789e-01   1.7620076e-01  -6.9037966e-01  -1.3078469e+00  -1.7864082e+00  -1.7298550e+00  -1.2018486e+00  -1.2362805e+00  -1.6480339e+00  -1.6581397e+00  -1.3529371e+00  -1.1464020e+00  -1.0347421e+00
   1.6768255e+00   3.7415503e-01  -6.2659125e-01  -8.2820285e-02  -5.6962986e-01  -8.1816280e-01  -1.6909151e+00  -1.6224269e+00  -1.7688444e+00  -1.3545177e+00  -1.2395996e+00  -1.3121551e+00  -1.7103246e+00  -1.4187528e+00  -1.1280205e+00  -1.0575814e+00
   1.5213754e+00   1.3642951e-01  -3.5223403e-01   8.7681895e-02  -3.0443099e-01  -1.0455858e+00  -1.8322982e+00  -1.5648552e+00  -1.7328246e+00  -1.2283174e+00  -1.0055653e+00  -1.7684775e+00  -1.7119858e+00  -1.2411896e+00  -1.1072542e+00  -1.1940375e+00
   9.0427479e-01   6.4521798e-01   1.3986685e-02   2.1760414e-02  -3.7554630e-01  -1.0132175e+00  -1.7155648e+00  -1.9196355e+00  -1.6690436e+00  -1.3861681e+00  -1.1629917e+00  -1.6933737e+00  -1.2797868e+00  -9.4457516e-01  -1.2484900e+00  -1.0228233e+00
   8.1543943e-01   3.4360725e-01  -4.4060357e-01   4.3310042e-01  -5.8177929e-01  -7.6269716e-01  -1.3371593e+00  -2.1697637e+00  -1.7618954e+00  -1.2957257e+00  -1.2716049e+00  -1.7295280e+00  -1.1717010e+00  -1.1545699e+00  -1.2543076e+00  -1.1196822e+00
   1.0196876e+00   4.1065378e-01   3.7555074e-02   2.8046410e-01  -3.3689636e-01  -1.0833925e+00  -1.8190006e+00  -1.9364833e+00  -1.9917436e+00  -1.3740229e+00  -1.4170263e+00  -1.5108806e+00  -1.3080161e+00  -1.3716682e+00  -1.2860946e+00  -1.0499773e+00
  -3.6843969e-02  -4.7421762e-01  -5.9045930e-01   4.0576098e-02   3.8327699e-02  -9.7007102e-01  -1.6150172e+00  -2.0492041e+00  -2.0395559e+00  -1.4416181e+00  -1.3319149e+00  -1.3382694e+00  -1.1415273e+00  -1.1011514e+00  -1.1281171e+00  -1.0570970e+00
   1.4277374e+00   5.0781647e-01  -4.9134423e-01   1.4320478e-01  -4.3743090e-01  -1.4882093e+00  -1.8757023e+00  -1.8272478e+00  -2.0198389e+00  -1.1707208e+00  -1.1454482e+00  -1.6247498e+00  -1.5642641e+00  -1.5260258e+00  -1.1204437e+00  -1.0533174e+00
   8.0772617e-01   1.4552221e-01   8.7464776e-02   8.8064456e-01   3.9410812e-02  -8.6918457e-01  -1.3274494e+00  -1.7426065e+00  -1.7415815e+00  -1.1888452e+00  -1.0784355e+00  -1.4594165e+00  -1.5640447e+00  -1.3694695e+00  -1.3622025e+00  -1.1695896e+00
   6.5071189e-01  -1.4135824e-01   2.0107540e-01   4.9228833e-01   2.2282688e-01  -8.6921764e-01  -1.7081772e+00  -1.5691112e+00  -1.7725038e+00  -1.2359259e+00  -1.2726447e+00  -1.6098816e+00  -1.4681052e+00  -1.2513433e+00  -1.2359556e+00  -9.1613393e-01
   1.2207375e+00   4.0100273e-01  -1.1112077e-01   4.3102051e-01  -6.0549013e-01  -1.1881887e+00  -1.5251547e+00  -1.6941034e+00  -1.8387734e+00  -1.3449157e+00  -1.2419325e+00  -1.3234775e+00  -1.4790980e+00  -1.1069402e+00  -1.2493636e+00  -8.4582957e-01
   9.6757526e-01   5.0196622e-01  -3.7610969e-01   5.2124272e-01  -1.7819984e-01  -1.3011822e+00  -1.5665448e+00  -2.0631862e+00  -1.8426205e+00  -1.3380891e+00  -1.3827772e+00  -1.4304866e+00  -1.2979742e+00  -1.2812168e+00  -1.1841279e+00  -1.0235346e+00
   9.0077840e-01   1.6925590e-01   5.0761942e-02   2.2791949e-01  -5.0236992e-01  -1.0953411e+00  -1.3779973e+00  -2.0678137e+00  -2.1048325e+00  -1.4461831e+00  -1.1908594e+00  -1.5933103e+00  -1.6557534e+00  -1.3317215e+00  -1.0711480e+00  -9.5736178e-01
   1.2882689e+00   2.1797485e-01   2.7512558e-01   2.2407044e-01  -3.8828579e-01  -1.3422892e+00  -2.1930518e+00  -1.8496066e+00  -1.7631212e+00  -1.0062384e+00  -1.0293743e+00  -1.4931916e+00  -1.4485131e+00  -1.2135334e+00  -1.5537437e+00  -1.1612710e+00
   1.3643909e+00   4.0920554e-01  -2.3394409e-01   6.9465633e-01   2.1775878e-01  -6.5261336e-01  -1.1404510e+00  -2.2897133e+00  -1.6704868e+00  -1.4149431e+00  -1.3904338e+00  -1.5432158e+00  -1.5347427e+00  -1.1969045e+00  -1.2999021e+00  -1.1807222e+00
   6.7527779e-01   1.0933401e-01  -7.1989292e-01   7.3171776e-01   1.6632472e-01  -1.0770219e+00  -1.4878967e+00  -1.8821751e+00  -2.1469670e+00  -1.4353314e+00  -1.4048400e+00  -1.1272858e+00  -1.2066520e+00  -1.3077243e+00  -1.2882155e+00  -1.1070786e+00
   8.0726456e-01   3.5037932e-01  -9.4864609e-02   2.4335928e-01  -1.0453631e-01  -1.0099275e+00  -1.1800780e+00  -1.6495635e+00  -1.4890903e+00  -1.1555721e+00  -1.2603054e+00  -1.6039750e+00  -1.1722284e+00  -1.4015105e+00  -1.1444173e+00  -1.0671085e+00
   1.1125962e+00   5.4314531e-01  -3.7431851e-01   2.2542809e-01   1.4033220e-01  -1.1768938e+00  -1.7840783e+00  -1.9732941e+00  -1.6386225e+00  -1.1800217e+00  -1.2844377e+00  -1.2636997e+00  -1.2849626e+00  -1.6767643e+00  -1.1807395e+00  -8.6803638e-01
   1.1764325e+00   6.1828681e-01  -1.8455000e-01   5.8725765e-01   6.5024332e-02  -8.5183247e-01  -1.2849092e+00  -1.8997906e+00  -1.9658001e+00  -1.2521504e+00  -1.2279829e+00  -1.5971177e+00  -1.6221520e+00  -1.2972275e+00  -1.2210801e+00  -1.0173403e+00
   5.5610231e-01  -5.9159130e-02  -1.4481483e-01   2.8558279e-01  -7.3047952e-02  -1.0568266e+00  -1.7919945e+00  -1.9171982e+00  -1.5121989e+00  -1.1243699e+00  -1.0305636e+00  -1.4140460e+00  -1.3876291e+00  -1.3076348e+00  -1.1223155e+00  -9.9562200e-01
  -5.4063242e-01   2.8394799e-02  -1.6420232e-01   3.1518272e-03  -7.6738122e-02  -8.9708299e-01  -1.7538156e+00  -1.7080002e+00  -1.5036830e+00  -1.3134576e+00  -1.2347042e+00  -1.7658355e+00  -1.6568269e+00  -1.6766174e+00  -1.3504487e+00  -1.4666538e+00
   2.7791866e-01   8.3113431e-02  -3.8263974e-01  -2.2824623e-01  -3.0111139e-01  -1.3331074e+00  -1.7530383e+00  -1.8460893e+00  -1.6531237e+00  -1.1116768e+00  -1.1486086e+00  -1.4806470e+00  -1.4904350e+00  -1.5613006e+00  -1.4042893e+00  -1.0915194e+00
   1.1241699e+00   4.8104124e-01  -5.0544980e-01   3.4973458e-01  -4.5624925e-01  -1.1343653e+00  -1.9950338e+00  -1.9691327e+00  -1.5151003e+00  -1.2289663e+00  -1.1700039e+00  -1.3406301e+00  -1.2901924e+00  -9.0564171e-01  -8.4472597e-01  -9.9938828e-01
   8.7164716e-01   3.0262455e-01  -3.6520519e-01   2.8753103e-01   1.5176130e-01  -1.4686715e-01  -4.8439422e-02  -6.0266186e-01  -3.4474812e-01   7.1505124e-01  -8.3672848e-02   2.1764995e-02   2.0564412e-01   1.6070447e+00   2.3398051e+00   1.9625332e+00
   4.0019595e-01  -4.8369459e-01   9.0269755e-02   7.0892611e-01   2.7814031e-02  -2.2098397e-01   1.3087927e-01  -3.3253508e-02  -4.4884468e-01   6.8413465e-01   6.7545773e-02   1.4892686e-01   5.7492369e-01   1.9034367e+00   3.1363551e+00   3.1031601e+00
   1.3664321e+00   5.3538065e-01  -4.5326128e-01   3.5695375e-01  -2.9034749e-01  -5.7886324e-01  -9.0604208e-01  -1.0644939e+00  -9.2765374e-01   7.6572351e-01  -9.0110336e-06  -2.5322423e-01   3.2459632e-01   1.9548550e+00   3.2193803e+00   3.6769834e+00
   8.2705744e-01   2.4553649e-01  -3.2924658e-01  -1.3674521e-01  -2.4220626e-01  -7.0903070e-01  -9.4057617e-01  -1.3323520e+00  -1.2651755e+00   3.3304889e-01  -3.2953988e-01  -8.4353247e-02   1.1212867e+00   2.4337214e+00   3.2889306e+00   3.6927709e+00
   5.5991435e-01   1.2123233e-01   1.5465949e-01  -1.4765081e-02  -1.2495671e-01  -5.6680650e-01  -9.0245997e-01  -1.2740254e+00  -1.0264716e+00   6.3548546e-01   1.0072770e-01   5.4575088e-01   8.6519844e-01   2.1492557e+00   3.2110821e+00   3.6419995e+00
   4.3488634e-01   4.5622149e-01  -2.4622007e-01   3.8924434e-01   1.2403118e-01  -9.3074437e-01  -1.2378523e+00  -1.0407600e+00  -7.3969191e-01   4.8745036e-01   1.8658533e-01   1.1120930e+00   5.4048570e-01   1.6800712e+00   2.7491559e+00   2.8324250e+00
   8.6450961e-01   4.8620892e-01  -2.4759580e-01   3.6228786e-01   2.4368721e-02  -1.1249468e+00  -1.8204233e+00  -5.7155605e-01  -6.2517943e-01   5.4895362e-01   8.2459534e-02   4.5738179e-01   3.8363641e-01   1.3298232e+00   2.3192783e+00   2.4628136e+00
   6.9703822e-01   3.4536105e-01   2.9929195e-01   6.6837694e-01   4.5380369e-01  -6.3493457e-01  -1.8854736e+00  -6.7937886e-01  -5.2367708e-01   7.0740820e-01   2.2376676e-01   6.8754145e-01   1.5360835e-01   1.1388740e+00   1.9319578e+00   1.8617949e+00
   4.7067068e-02   1.0027417e-01   3.0325463e-01   4.4683704e-01  -2.1617408e-01  -7.7518820e-02  -9.7668027e-01  -1.5028469e+00  -8.5676216e-01   4.6843046e-01   2.4409215e-01   8.8451619e-01   3.7053531e-01   9.7280295e-01   1.6961046e+00   1.4430614e+00
   9.4211118e-01  -1.2516963e-01  -5.2812769e-02   1.8666985e-01  -5.6707209e-01  -9.0676221e-01  -9.0319040e-01  -1.4449109e+00  -1.1781834e+00   3.2548212e-02   1.1917038e-01   8.1812969e-01   6.7853051e-02   6.6970175e-01   1.1472625e+00   4.6733059e-01
   1.2586583e+00   1.3813974e+00   6.2546641e-01   4.3662364e-01  -1.8744100e-01  -8.6697714e-01  -1.4500249e+00  -9.2659304e-01  -9.0972232e-01  -2.3805611e-01   7.1150752e-02   5.7728042e-01  -2.0638676e-01   4.3638674e-02   3.8638858e-01   1.3207609e-01
   1.0283526e+00   1.4145003e+00   1.2290478e+00   9.5676479e-01   3.0344126e-01  -4.4342988e-01  -7.2844746e-01  -6.7314699e-01   1.0398307e-01   7.2171107e-01   9.5549421e-01   6.1743591e-01   3.5216762e-01   6.6588026e-01   2.5110909e-01   6.6878328e-02
   1.5274302e+00   1.6444278e+00   1.6150909e+00   1.0798173e+00   2.6103279e-01  -3.6984296e-01  -8.9319540e-01  -2.0409635e-01  -2.8365686e-02   1.0167648e+00   1.5618748e+00   1.3534583e+00   6.7416045e-01   4.3186766e-01   7.5499094e-01   4.4474305e-01
   1.9837175e+00   1.5868714e+00   1.6579877e+00   1.2688966e+00   4.2196515e-02  -6.6577806e-01  -6.9371176e-01  -4.6870458e-01  -3.5361713e-01   8.6113828e-01   1.4885692e+00   1.2954153e+00   3.4709574e-01  -3.6682944e-01   4.4291919e-01   3.9474276e-02
   1.6001316e+00   1.8646433e+00   1.9402841e+00   1.2675639e+00   7.1240582e-03  -6.4447340e-01  -1.0187226e+00  -6.9433917e-01  -6.1180444e-01   4.3416314e-01   1.2522542e+00   1.3287198e+00  -4.7249563e-02  -6.5289975e-01   2.6317641e-01  -3.3278142e-01
   1.1969873e+00   1.5442056e+00   1.8698995e+00   1.3811547e+00  -5.3479794e-02  -7.5155841e-01  -8.0303336e-01  -4.3418578e-01  -4.6482242e-01   3.5624363e-01   9.6572648e-01   1.0636686e+00  -1.3330553e-01  -6.3695616e-01   3.7631825e-01  -1.6321025e-01
   1.3559885e+00   1.5878316e+00   1.9048534e+00   1.5495680e+00  -3.4843172e-02  -6.2597051e-01  -7.5911162e-01  -3.0423101e-01   1.3539491e-01   3.3746409e-01   8.1562213e-01   7.7297773e-01   3.8555189e-01   4.5013700e-01   7.1576309e-01   9.3627987e-01
   1.7098511e+00   1.7546833e+00   1.8319757e+00   1.3465352e+00  -2.7354691e-02  -1.1328680e+00  -1.1168751e+00  -8.4321947e-01  -5.6879072e-01   1.2788800e-01   8.1711767e-01   1.0362712e+00   3.2931176e-01  -1.2516472e-01   7.0972342e-01   8.3290814e-02
   1.5463309e+00   1.7706727e+00   1.8302670e+00   1.2714651e+00   2.9847422e-01  -3.4741913e-01  -1.1362271e+00  -8.5053258e-01  -5.2858532e-01  -9.6194824e-02   5.9930438e-01   4.4854091e-01  -2.5860922e-01  -4.3775631e-01   2.6489562e-01  -4.1362076e-01
   2.0640215e+00   1.9338639e+00   1.6733212e+00   1.2841247e+00   3.1635882e-01  -6.6903591e-01  -6.5166506e-01  -7.6171594e-01  -7.4927745e-01  -1.6015729e-01   7.9427349e-01   8.3547666e-01  -3.3462820e-02  -1.3964085e-01   7.4449815e-01  -2.3939440e-01
   1.6797501e+00   1.9029979e+00   1.2491418e+00   1.0811838e+00  -2.8958043e-01  -1.1222978e+00  -1.0267353e+00  -8.5542463e-01  -5.7613282e-01   6.8512872e-03   7.8678354e-01   8.9503859e-01   2.4846275e-01   6.9455120e-02   8.2811100e-01  -4.3371018e-01
   1.6393183e+00   1.9760366e+00   1.3565859e+00   1.1728114e+00   9.2398530e-02  -1.1972436e+00  -1.1233446e+00  -7.5264639e-01  -1.1099529e+00  -1.3798444e-01   8.8963193e-01   9.3683634e-01   2.1342271e-01  -1.3622657e-01   7.9178638e-01  -1.9752717e-01
   1.6519002e+00   1.7201517e+00   1.4618985e+00   1.3146399e+00   2.3062817e-01  -9.7751662e-01  -1.0246923e+00  -7.1635799e-01  -1.0445715e+00  -1.3141055e-01   6.7283873e-01   9.8404520e-01   1.4490133e-01  -2.7519471e-01   7.8708323e-01  -1.6741707e-01
   1.6682946e+00   1.7461729e+00   1.2953420e+00   1.2304870e+00   2.9521630e-01  -1.2209169e+00  -1.1472882e+00  -8.5990975e-01  -8.5943904e-01  -2.4603941e-01   8.0158326e-01   1.1621583e+00   3.0648456e-01  -1.6979393e-01   6.8260774e-01  -1.6125750e-01
   1.7783250e+00   1.7879179e+00   1.3856487e+00   1.0033538e+00   1.0938736e-01  -9.0581323e-01  -1.0367967e+00  -7.6934212e-01  -8.5173202e-01  -1.1303502e-01   1.0700500e+00   1.1840728e+00   4.3862510e-01  -1.7305144e-01   8.4612090e-01  -8.5934208e-02
   1.3962239e+00   1.7303256e+00   1.5398406e+00   7.7768971e-01  -2.0350993e-02  -1.2165621e+00  -1.1552920e+00  -8.2913152e-01  -7.6031840e-01  -1.6466262e-01   9.6115379e-01   1.0407540e+00   3.2349961e-01  -1.6575318e-01   8.6399183e-01  -1.1029358e-01
   1.8917794e+00   1.9497168e+00   1.5423734e+00   1.0944202e+00   1.6325765e-01  -7.0891259e-01  -1.2819783e+00  -9.0060752e-01  -8.8926225e-01  -2.7478663e-01   9.6151511e-01   1.2984584e+00   2.5406647e-01  -9.4727756e-02   1.0048563e+00  -1.0086992e-01
   1.4127734e+00   1.9456264e+00   1.5856267e+00   1.1083373e+00   3.9610316e-01  -4.9051254e-01  -9.4824337e-01  -1.0441299e+00  -1.1525540e+00  -3.2378474e-01   9.1788689e-01   1.2208080e+00   2.0243262e-01  -1.6252277e-01   1.0572349e+00  -9.6393134e-02
   1.5088288e+00   1.8996038e+00   1.6026899e+00   8.9142400e-01   1.1043869e-01  -9.5522501e-01  -1.3021206e+00  -1.0382121e+00  -1.2856544e+00  -4.2481592e-02   9.9136347e-01   1.0206558e+00   7.4970686e-02  -1.1526749e-01   9.9128879e-01  -1.5656424e-01
   1.4976841e+00   1.7785690e+00   1.6588162e+00   8.0926250e-01   1.6458761e-01  -7.3646365e-01  -1.3839030e+00  -1.1223039e+00  -1.2030664e+00  -2.1954353e-01   7.5560895e-01   8.3357963e-01  -7.9511801e-02  -2.8291732e-01   7.1895371e-01  -1.8420534e-01
   1.2042514e+00   1.6233156e+00   1.3301304e+00   1.3023422e+00   3.7538090e-01  -5.4592634e-01  -1.5366351e+00  -1.0016571e+00  -1.2040683e+00  -2.1528468e-01   6.0533389e-01   6.6226675e-01  -4.2308713e-03  -4.0942799e-01   6.4124508e-01  -3.2546079e-01
   1.2104577e+00   1.8745470e+00   1.5179758e+00   1.1300828e+00   2.6605396e-01  -6.6388485e-01  -1.5279311e+00  -1.2172889e+00  -1.3962721e+00  -4.8453907e-01   4.5046927e-01   6.3113963e-01  -2.1407350e-01  -3.1379673e-01   5.4690930e-01  -3.3281846e-01
   1.0004681e+00   1.4402534e+00   1.3051412e+00   9.2898245e-01  -7.4486472e-03  -1.0448622e+00  -1.3386660e+00  -1.2166486e+00  -1.1324143e+00  -7.6852533e-01   1.2590272e-01   4.8863925e-01  -1.9650293e-01  -6.0961974e-01   2.9206108e-01  -3.1858163e-01
   8.4993004e-01   1.4921802e+00   1.2603120e+00   9.4443340e-01  -1.0413475e-02  -6.8103954e-01  -8.8448046e-01  -1.2483839e+00  -1.4071912e+00  -1.0417635e+00  -1.6856732e-01   2.6812325e-01  -3.1345709e-01  -7.3653583e-01   2.2499596e-01  -3.4565698e-01
   8.1179891e-01   1.5442558e+00   1.1832588e+00   8.3284849e-01  -5.5700671e-02  -4.9821690e-01  -1.2573250e+00  -1.2585637e+00  -1.3340268e+00  -8.1163339e-01  -1.3031533e-01   6.8925770e-02  -5.0135529e-01  -7.3057852e-01   1.3899021e-01  -3.5717562e-01
   1.1662778e+00   1.4402174e+00   9.0784789e-01   6.4164645e-01  -1.8707465e-01  -8.6830137e-01  -1.7589458e+00  -1.2931993e+00  -1.4348270e+00  -8.2771733e-01  -1.6333342e-01  -7.5353359e-03  -7.7379667e-01  -9.0554602e-01  -8.7406968e-02  -5.7354459e-01
   1.2048810e+00   1.4428830e+00   8.2322795e-01   4.2986736e-01   6.0620991e-02  -9.8410414e-01  -1.3499578e+00  -1.2162321e+00  -1.7177646e+00  -9.8345731e-01  -1.1378220e-01  -7.5000310e-02  -5.5219355e-01  -1.0306651e+00  -3.1506233e-01  -4.9206392e-01
   1.5208219e+00   1.1570073e+00   5.7246593e-02   3.4182102e-01  -2.5567621e-01  -1.1570100e+00  -1.1351008e+00  -9.1859342e-01  -1.8441020e+00  -1.3164297e+00  -3.6902065e-01  -1.8844598e-01  -6.6046469e-01  -9.6302924e-01  -3.2969548e-01  -6.5998024e-01
   1.1627626e+00   1.0744734e+00   1.1284698e-01  -8.4433917e-04  -6.4781805e-01  -1.0689061e+00  -1.2018009e+00  -1.2319957e+00  -1.4411507e+00  -1.3445473e+00  -6.3842956e-01  -6.1346332e-01  -1.0742089e+00  -1.1585702e+00  -8.4439524e-01  -7.8001381e-01
   1.0325079e+00   8.9366518e-01  -5.1208384e-02   2.9092031e-01  -7.8526596e-02  -7.1147054e-01  -1.2051825e+00  -1.0818434e+00  -1.3569933e+00  -1.1248206e+00  -5.1168110e-01  -2.7711727e-01  -9.1002118e-01  -1.0951408e+00  -1.0090995e+00  -9.8659735e-01
   1.1858452e+00   1.4397901e+00   1.1926013e-01  -3.2056372e-02  -2.8108674e-01  -6.6482956e-01  -1.6195822e+00  -1.0639222e+00  -1.3516070e+00  -1.3689752e+00  -6.3458003e-01  -3.9602697e-01  -7.4871814e-01  -9.7849271e-01  -1.0356733e+00  -9.4880127e-01
   1.0644968e+00   1.2195154e+00  -1.2039119e-01   6.3591337e-01  -2.8537454e-01  -1.3218108e+00  -1.4302265e+00  -1.2512161e+00  -1.5490278e+00  -1.0658071e+00  -1.8760422e-01   4.4830968e-02  -8.1811212e-01  -7.3742482e-01  -6.8210568e-01  -6.5488971e-01
   9.4961258e-01   1.1208632e+00  -1.8779067e-01   9.8229040e-01   9.4323305e-02  -1.3917957e+00  -1.6280816e+00  -1.5882001e+00  -1.2245772e+00  -9.3134772e-01  -3.2959944e-01  -1.6279870e-01  -8.7203213e-01  -8.3505986e-01  -9.6548124e-01  -9.7739135e-01
   8.2548323e-01   1.0200320e+00   9.8487375e-02   9.1246459e-01   2.2195985e-02  -8.5450971e-01  -1.7499201e+00  -1.5488445e+00  -1.4325619e+00  -1.0847531e+00  -5.7285483e-01  -6.0234652e-01  -1.2315719e+00  -1.3683894e+00  -9.5478720e-01  -9.0151371e-01
   3.0662551e-01   7.8064284e-01  -5.5475220e-01   5.6789966e-03  -2.3673044e-01  -1.2190724e+00  -1.7392924e+00  -1.6105955e+00  -1.8491765e+00  -1.0330723e+00  -6.6464879e-01  -8.5031331e-01  -1.2730990e+00  -1.4774887e+00  -1.1995805e+00  -1.1340493e+00
   1.0551482e+00   3.2295657e-01  -2.2762361e-01   7.3692189e-01   4.2851442e-01  -1.0456947e+00  -1.4050657e+00  -1.2701728e+00  -1.7223040e+00  -1.0301755e+00  -6.6729002e-01  -6.0167470e-01  -8.8299382e-01  -1.1088355e+00  -1.1261544e+00  -1.1455511e+00
   7.1857745e-01   6.0221675e-01   1.3673489e-01   5.9036098e-01   1.0637689e-01  -1.2175489e+00  -1.4006271e+00  -9.2050058e-01  -1.4960492e+00  -1.2999209e+00  -9.9805877e-01  -9.8968401e-01  -1.3821812e+00  -1.1462359e+00  -1.1875127e+00  -1.0931561e+00
   1.5114813e+00   9.3038167e-01  -6.0616588e-01   3.1760965e-02  -2.2442194e-01  -1.4290578e+00  -1.6628823e+00  -1.3127688e+00  -1.7871262e+00  -1.4157227e+00  -1.1027588e+00  -8.8382556e-01  -1.4542643e+00  -1.3409101e+00  -1.3130383e+00  -1.1903421e+00
   1.3255587e+00   5.4981164e-01  -1.8612272e-01   3.1532601e-01   2.2167982e-01  -9.6685678e-01  -1.4744485e+00  -1.6383300e+00  -1.8739549e+00  -1.1851215e+00  -1.0688099e+00  -7.0677440e-01  -1.2570681e+00  -1.1903705e+00  -1.3194137e+00  -9.2296748e-01
   1.4921917e+00   2.7838305e-01  -4.2496571e-02   5.8972876e-01   6.0461792e-02  -7.3634336e-01  -1.4707138e+00  -1.6959216e+00  -1.4975200e+00  -9.9457779e-01  -1.0907160e+00  -8.2474174e-01  -1.5776092e+00  -1.3513429e+00  -1.0731922e+00  -1.0773047e+00
   1.1399400e+00   5.1815230e-01   1.7836880e-01   1.5205055e-01  -1.6965670e-01  -4.2482236e-01  -1.5198241e+00  -1.6044917e+00  -1.5489790e+00  -1.5779897e+00  -1.1300478e+00  -1.2883107e+00  -1.4341868e+00  -1.3967083e+00  -1.1805665e+00  -9.1466140e-01
  -8.9881521e-02   1.8553199e-01   1.0649152e-01   3.6616297e-01  -3.8460582e-01  -6.7936921e-01  -1.6335466e+00  -1.6625696e+00  -1.7985891e+00  -1.3134660e+00  -1.0013348e+00  -1.4864440e+00  -1.5225683e+00  -1.7817474e+00  -1.2708386e+00  -9.5989583e-01
   4.6462894e-01   2.8636539e-01  -7.3542863e-02   8.0266526e-01   2.3347188e-01  -7.9194783e-01  -1.6530125e+00  -1.9052048e+00  -1.8430291e+00  -1.2891797e+00  -1.1726251e+00  -1.4009289e+00  -1.5880640e+00  -1.5249293e+00  -1.1195916e+00  -8.0082040e-01
   1.3961104e+00   4.3490412e-01   1.3775210e-01   3.6847176e-01  -1.4523518e-01  -1.4804841e+00  -1.9187485e+00  -1.8158496e+00  -1.8710941e+00  -1.2052811e+00  -1.1749103e+00  -1.2482114e+00  -1.5231787e+00  -1.3304896e+00  -1.1421158e+00  -1.0381361e+00
   1.1542994e+00   4.0430926e-01  -2.7553418e-01   1.7677937e-01  -4.2629851e-01  -9.8178671e-01  -1.3523189e+00  -1.7984745e+00  -1.7686429e+00  -1.3463774e+00  -1.1544317e+00  -1.3549447e+00  -1.6182929e+00  -1.3664021e+00  -1.2604323e+00  -1.1377553e+00
   7.6637950e-01   6.1491882e-01   3.1226595e-01   1.0373681e-01  -2.3160133e-01  -7.2222321e-01  -1.5036694e+00  -1.8488029e+00  -1.9032154e+00  -1.3347736e+00  -1.2109506e+00  -1.2420426e+00  -1.3622337e+00  -1.2823774e+00  -1.1758116e+00  -1.2123058e+00
   6.5425822e-01   2.6031903e-01   2.5082584e-01  -1.8876223e-01  -4.8865103e-01  -9.3446558e-01  -1.8233256e+00  -1.9628635e+00  -1.6723328e+00  -1.2559438e+00  -1.1143452e+00  -1.3180749e+00  -1.2944786e+00  -1.3058047e+00  -1.3798824e+00  -1.1145135e+00
   1.0324355e+00   8.3361112e-01  -6.8958002e-02   2.0162825e-01   1.6347412e-02  -8.0908210e-01  -1.3495968e+00  -1.4654435e+00  -1.3750518e+00  -1.1332362e+00  -1.1973215e+00  -1.4561977e+00  -1.6376283e+00  -1.7670006e+00  -1.1394718e+00  -1.2840318e+00
   7.0943202e-01   6.2909547e-01  -1.1779533e-01   4.7127837e-01   7.5146619e-02  -9.4368552e-01  -1.2120328e+00  -1.9246797e+00  -1.8233267e+00  -1.1472538e+00  -1.3440894e+00  -1.7446995e+00  -1.5540660e+00  -1.5909712e+00  -9.6009324e-01  -1.1309495e+00
   7.2629314e-01   3.6148880e-01   5.5040412e-01   4.8469276e-01  -1.3931974e-01  -5.7046400e-01  -1.5759809e+00  -1.6923849e+00  -1.9153867e+00  -1.3415228e+00  -1.2214975e+00  -1.4796407e+00  -1.2207370e+00  -1.3514793e+00  -1.1598302e+00  -9.5996718e-01
   1.1879155e+00   4.0981589e-01  -3.2555086e-02   9.2242490e-02  -6.8267186e-02  -5.8631716e-01  -1.4102529e+00  -1.4833957e+00  -1.5349145e+00  -1.1829558e+00  -1.2810957e+00  -1.7456135e+00  -1.5571757e+00  -1.4798216e+00  -1.2136372e+00  -9.3800168e-01
   1.2205411e+00   1.0680240e-01  -5.3837158e-02   8.6354272e-01   1.8828362e-01  -1.1038397e+00  -1.2483779e+00  -1.5861654e+00  -1.6966375e+00  -1.4135330e+00  -1.5127456e+00  -1.6018559e+00  -1.6012345e+00  -1.1552890e+00  -1.0728479e+00  -1.1813951e+00
   1.2560077e+00   8.4258021e-04  -2.8138918e-01   6.2803794e-01  -7.3966097e-02  -1.5051691e+00  -1.5099523e+00  -1.4437804e+00  -1.6876962e+00  -1.3579918e+00  -1.3714856e+00  -1.5099507e+00  -1.3892556e+00  -1.1741535e+00  -1.0174255e+00  -7.6991350e-01
   9.0999978e-01   3.4511357e-01   2.1945318e-01   5.1815173e-01  -3.7388549e-01  -7.5017335e-01  -1.2944004e+00  -1.3215999e+00  -1.7211441e+00  -1.0797007e+00  -1.1633716e+00  -1.3395051e+00  -1.5135075e+00  -1.4069392e+00  -1.0399635e+00  -1.0121395e+00
