   3.7070099e+00   2.2148463e+00   1.7403437e+00   1.9830460e+00   1.1183674e+00   8.0721455e-01   1.8609788e-01  -4.7526743e-02  -6.1670230e-01  -4.1818803e-01  -7.0124851e-01  -9.3031582e-01  -9.8677921e-01  -1.1242110e+00  -1.1270199e+00  -1.0454712e+00
   4.1575761e+00   2.5907353e+00   2.3205906e+00   1.8182513e+00   1.1431688e+00   7.1518617e-01   1.7518080e-01  -1.0837153e-02  -3.5881512e-01  -4.4661007e-01  -5.5876147e-01  -8.1399385e-01  -7.9705814e-01  -7.1463083e-01  -8.0630855e-01  -7.7776101e-01
   4.4162405e+00   2.3607053e+00   2.0538957e+00   1.6192307e+00   1.0463050e+00   8.0424609e-01   3.1764655e-01  -4.1397444e-01  -4.5855539e-01  -2.8542052e-01  -6.8312876e-01  -1.0577765e+00  -1.0119659e+00  -1.1270225e+00  -1.0048354e+00  -9.5231645e-01
   4.4923555e+00   2.1773672e+00   2.0766820e+00   2.3507815e+00   1.0811618e+00   7.4714327e-01   4.6753432e-01  -1.0624133e-02  -5.2366880e-01  -6.3063842e-01  -6.6076639e-01  -7.6504823e-01  -9.4409618e-01  -9.7405850e-01  -9.3379356e-01  -8.9261971e-01
   4.3012617e+00   2.2823003e+00   1.6775089e+00   2.1022988e+00   1.1517696e+00   1.0977883e+00   2.5683717e-01  -4.5158989e-01  -5.2683426e-01  -5.9099659e-01  -9.4696875e-01  -1.1914845e+00  -1.1212440e+00  -1.0883383e+00  -1.1045926e+00  -1.0120283e+00
   4.1955878e+00   2.3896622e+00   1.8274870e+00   2.0814931e+00   1.0923704e+00   5.5776418e-01   7.3941738e-02  -4.5933583e-01  -3.5075349e-01  -4.8392738e-01  -5.9677799e-01  -8.5062950e-01  -9.1347081e-01  -7.3726952e-01  -9.5032242e-01  -7.7228806e-01
   3.8831958e+00   2.8450668e+00   2.6041961e+00   1.8254355e+00   1.4216815e+00   9.7388271e-01   1.8484766e-01  -3.4679618e-01  -3.9118769e-01  -9.0089053e-01  -9.7868600e-01  -1.1914890e+00  -9.8334385e-01  -8.7453201e-01  -9.0104818e-01  -8.2474622e-01
   4.1176795e+00   2.9846513e+00   2.0565913e+00   1.2664184e+00   1.1122324e+00   1.0942136e+00   3.3413394e-01   7.5852769e-02  -3.5446610e-01  -6.0396435e-01  -8.5209666e-01  -1.1897565e+00  -1.0417049e+00  -1.0492857e+00  -8.5706058e-01  -7.0239568e-01
   4.0068496e+00   3.0363081e+00   1.9217683e+00   1.6517438e+00   6.4399828e-01   3.8167443e-01   3.4905064e-01   6.4609323e-02  -1.2599403e-01  -1.7075053e-01  -2.0407102e-01  -3.5513986e-01  -4.0027517e-01  -3.5005160e-01  -3.0288942e-01  -2.3241776e-01
   3.8593205e+00   2.5058236e+00   2.6325737e+00   1.7036049e+00   7.1930970e-01   6.9831156e-01   2.6797799e-01  -2.9718445e-01  -3.7114032e-01  -3.6904076e-01  -5.0449090e-01  -6.6150142e-01  -5.9867991e-01  -6.4993207e-01  -6.6080729e-01  -4.5531008e-01
   4.4065064e+00   2.4320274e+00   2.3155910e+00   1.9602898e+00   1.1851568e+00   6.3243483e-01   1.6748433e-01  -3.1367704e-01  -8.7103658e-02  -2.4331912e-01  -6.0851346e-01  -7.4478215e-01  -7.8152794e-01  -7.0865370e-01  -7.6223505e-01  -5.5093509e-01
   4.5955735e+00   2.9184558e+00   1.9489935e+00   1.3121388e+00   1.0264510e+00   7.2395105e-01   4.8933847e-01   3.5193643e-01   2.1312385e-01   1.6165229e-01   1.2513931e-01   1.2343140e-01   6.4073630e-02   7.5740313e-02   9.7040809e-02   1.4701812e-01
   4.4233887e+00   2.5824627e+00   2.6715481e+00   1.4753270e+00   1.3185696e+00   9.3879606e-01   5.0527076e-01   1.1042855e-01  -1.0736704e-01  -1.1612030e-01  -1.3986183e-01  -2.5924821e-01  -2.5011842e-01  -2.0714233e-01  -1.5935893e-01  -1.9782044e-01
   3.9732059e+00   2.8837740e+00   2.1181279e+00   1.2611020e+00   1.0945620e+00   6.6811313e-01   2.2926098e-01  -4.5887228e-01  -5.4714013e-01  -3.7119126e-01  -5.8904565e-01  -9.4453425e-01  -9.1422061e-01  -6.5934142e-01  -5.8304226e-01  -6.1685075e-01
   3.5440816e+00   2.6736535e+00   2.1546706e+00   1.8631843e+00   1.2961804e+00   9.8811181e-01   4.8742109e-01  -9.8693931e-02  -4.1786092e-01  -7.9903691e-01  -8.5674984e-01  -7.0422540e-01  -6.4745392e-01  -6.7865722e-01  -8.0344202e-01  -8.0842176e-01
   3.1614264e+00   2.7037689e+00   2.3159233e+00   1.9583477e+00   1.3851051e+00   8.1657489e-01   9.3761147e-02   8.1266438e-04  -8.6750363e-03  -3.9939068e-01  -5.9628281e-01  -7.6659616e-01  -8.1145981e-01  -8.9945328e-01  -7.3676033e-01  -7.5682385e-01
   4.0770319e+00   2.1538466e+00   1.8685338e+00   1.6993785e+00   1.1573523e+00   7.5556135e-01   4.9137660e-01  -1.4714287e-01  -7.5223545e-02  -1.5698280e-01  -4.2258555e-01  -5.8185236e-01  -5.3749895e-01  -4.1845394e-01  -5.1185501e-01  -4.1965602e-01
   4.2752903e+00   2.0199316e+00   1.8803091e+00   1.7193754e+00   4.9775412e-01   6.1653911e-01   2.2592468e-01  -1.3299351e-01  -1.1387709e-01   1.1536777e-01  -1.5961079e-01  -2.7654497e-01  -3.0351946e-01  -3.1786390e-01  -3.3185368e-01  -2.7664430e-01
   3.9877828e+00   2.0027709e+00   2.3884382e+00   2.1728068e+00   1.1162441e+00   6.6728537e-01   1.4474777e-01  -6.3815247e-02  -2.1319495e-01  -8.2891922e-02  -3.0279549e-01  -6.1104635e-01  -6.1266433e-01  -6.2001378e-01  -5.8467884e-01  -5.1937609e-01
   3.5444982e+00   2.7179311e+00   1.9393581e+00   1.4605743e+00   1.4754939e+00   1.1659489e+00   5.1727945e-01   8.5748302e-03  -2.7584003e-01  -2.1981668e-01  -4.2299529e-01  -5.1885420e-01  -5.4232899e-01  -5.8244103e-01  -4.8738329e-01  -3.4669626e-01
   3.2548932e+00   2.7751451e+00   2.1697403e+00   1.3906656e+00   1.0098047e+00   7.4320234e-01   2.9982201e-01  -1.2559548e-01  -3.1809484e-01  -5.2085333e-01  -4.3320394e-01  -5.0576159e-01  -5.7301111e-01  -6.0545145e-01  -6.3454465e-01  -6.4644728e-01
   3.3209316e+00   2.7813074e+00   2.0417056e+00   1.4484515e+00   7.1330715e-01   4.8047686e-01   5.0430223e-02  -2.0569263e-01  -3.5015564e-01  -4.1429544e-01  -2.6711820e-01  -5.0096805e-01  -5.8922098e-01  -5.5525903e-01  -4.8346842e-01  -4.8746526e-01
   3.8360259e+00   2.7809928e+00   2.5563214e+00   1.6733168e+00   5.4832222e-01   6.7673500e-01   2.9240862e-01  -4.9348427e-01  -5.4239998e-01  -6.5898850e-01  -6.1366502e-01  -7.8103399e-01  -8.8061568e-01  -8.6793830e-01  -9.4152753e-01  -7.2863088e-01
   4.0016168e+00   2.3306788e+00   2.5515799e+00   1.6911989e+00   8.6492338e-01   7.2273678e-01   2.0648855e-01  -3.8828456e-01  -8.5137504e-01  -3.8852161e-01  -8.8758260e-01  -9.2857860e-01  -7.5890226e-01  -8.0698468e-01  -8.3846196e-01  -8.5500830e-01
   3.8551530e+00   2.5773939e+00   2.2485942e+00   1.6801242e+00   7.6692730e-01   3.0311520e-01   3.2150305e-01   1.6057129e-01   1.5470179e-01  -4.6873311e-02  -1.3841774e-01  -2.8794844e-01  -3.4682861e-01  -3.6057646e-01  -2.8120560e-01  -2.6630899e-01
   3.6973884e+00   2.6892460e+00   1.9706439e+00   1.5568196e+00   9.2077048e-01  -3.5170955e-01   2.4804986e-02  -1.1853274e-01  -3.2199548e-01  -2.6973364e-01  -6.7183902e-01  -8.7014323e-01  -7.7476536e-01  -1.0094011e+00  -8.7575480e-01  -8.8120570e-01
   3.6627300e+00   1.9066997e+00   1.6703172e+00   1.6655950e+00   1.1899565e+00   1.0543548e+00  -6.0814224e-02  -6.5512260e-01  -2.3694266e-01  -1.8026614e-01  -7.1032088e-01  -6.5039496e-01  -1.0151930e+00  -9.8829585e-01  -7.2099607e-01  -6.9090054e-01
   4.3914548e+00   2.6118284e+00   1.9208243e+00   1.4096816e+00   9.9577362e-01   1.0394305e+00   2.0043804e-01  -4.2214235e-02   4.8181343e-02  -2.6939965e-02  -1.5866230e-01  -1.6448981e-01  -1.5196221e-01  -1.9556546e-01  -1.3746825e-01  -1.2524804e-02
   4.1584259e+00   2.2722200e+00   1.2999784e+00   1.8306000e+00   1.5342493e+00   8.0947464e-01  -8.5556342e-03  -3.3083178e-01  -3.0477745e-01  -2.1115534e-01  -5.6229797e-01  -7.4702726e-01  -6.3125280e-01  -4.3991500e-01  -5.7560642e-01  -1.6098133e-01
   3.1306013e+00   2.1907396e+00   1.8849002e+00   1.3779773e+00   1.2600192e+00   1.1949049e+00   3.8203156e-01   4.2802650e-02  -1.6087341e-01  -2.3345348e-01  -5.0128890e-01  -4.8973782e-01  -4.2842603e-01  -6.1130555e-02  -2.6750561e-01  -1.9368888e-01
   3.1073688e+00   2.4402729e+00   2.2255752e+00   2.0639250e+00   1.2848021e+00   9.2362285e-01   3.5102575e-01  -2.2300955e-01  -1.6143971e-01   3.7850525e-01   1.7773976e-01  -5.3656447e-01  -3.4033830e-01   1.7528120e-01  -9.3479997e-03  -3.5969059e-01
   3.2630127e+00   2.4843829e+00   1.8831095e+00   1.6719819e+00   1.2220149e+00   9.6021025e-01   3.6207083e-01   1.2637965e-01   2.3274301e-01   8.3152283e-01   1.1344567e+00   1.6711836e-01  -1.4673601e-01   1.0011911e+00   7.3663197e-01   1.6404236e-01
   4.0120471e+00   1.8575000e+00   1.5536321e+00   1.7369851e+00   1.2382953e+00   1.0660895e+00   2.2886604e-01  -1.4313303e-01  -4.4372158e-02   7.4352507e-01   1.3646365e+00   8.5960032e-01   1.7882828e-01   1.3677298e+00   1.1059832e+00   3.7552758e-01
   3.6829562e+00   2.8506632e+00   2.9299409e+00   2.0425695e+00   1.4158660e+00   4.9959710e-01   1.8030842e-01   9.3744853e-02   2.7043333e-02   9.1371663e-01   1.6182220e+00   1.5741388e+00   7.9194818e-01   1.9579719e+00   1.8935285e+00   4.7767418e-01
   4.2209339e+00   3.3611300e+00   2.5541434e+00   2.0600653e+00   9.4393039e-01   1.0559858e-01  -1.2972418e-01  -5.6802074e-01   7.9438534e-02   6.6904839e-01   1.7965183e+00   2.2591182e+00   1.2662187e+00   2.3123067e+00   2.4475345e+00   5.4083559e-01
   3.4960089e+00   2.6899327e+00   2.4278163e+00   1.7010572e+00   7.1344727e-01   5.2007267e-01   2.2256649e-01  -3.9278762e-01  -7.2823985e-02   4.6746768e-01   1.5688491e+00   2.3543161e+00   1.6290662e+00   2.3122772e+00   2.6192920e+00   7.1572742e-01
   4.0799043e+00   2.9244274e+00   2.1633343e+00   1.9299289e+00   7.4794728e-01   7.2384924e-01   5.7667146e-01   1.0131588e-01  -7.2102267e-02   3.7410364e-01   1.6797641e+00   2.2289625e+00   1.6398078e+00   2.5074552e+00   2.8478019e+00   9.5815762e-01
   3.6210540e+00   2.7985042e+00   2.4708142e+00   1.7447960e+00   1.1976528e+00   9.3835714e-01   6.6127189e-01  -1.9455269e-01  -1.8575929e-01   2.5032867e-01   1.5748174e+00   1.9909172e+00   1.6718595e+00   2.5299834e+00   2.8843878e+00   8.7049807e-01
   3.5564451e+00   2.6234787e+00   2.4995430e+00   1.8002510e+00   1.3537989e+00   5.3726300e-01   2.9475274e-01  -4.5679685e-02  -1.7546850e-01   4.3436621e-01   1.7837393e+00   2.0715544e+00   1.6742502e+00   2.5397983e+00   2.9013856e+00   6.5406107e-01
   3.4769928e+00   2.9977745e+00   2.1084301e+00   1.4757595e+00   9.1933108e-01   6.3162940e-01   2.5096624e-01   7.7269962e-03   6.8355477e-02   4.5739574e-01   1.7992969e+00   2.1471970e+00   1.5737701e+00   2.3644991e+00   2.8454686e+00   8.1872179e-01
   3.0326282e+00   2.3347621e+00   2.6511087e+00   1.5296416e+00   9.7840621e-01   6.7390384e-01   3.3239895e-01   1.1386406e-01  -4.5923171e-02   4.4944639e-01   1.9113924e+00   2.2568922e+00   1.8069115e+00   2.3561420e+00   2.8470513e+00   9.0521537e-01
   3.1064920e+00   3.2312763e+00   3.0318858e+00   2.1746784e+00   1.2226407e+00   8.3639026e-01   1.1291450e-01  -1.4359368e-01  -1.6558714e-01   5.2817964e-01   2.0281546e+00   2.2903337e+00   1.8003744e+00   2.3828385e+00   2.8990538e+00   9.2510265e-01
   3.0386166e+00   3.1488572e+00   2.7748883e+00   2.2592506e+00   8.4580716e-01   6.9524178e-01   3.2747256e-01  -1.3450847e-01  -2.1501013e-01   4.0801039e-01   2.1640098e+00   2.1988391e+00   1.7400942e+00   2.3087763e+00   2.8577338e+00   9.6233182e-01
   3.6980653e+00   2.5327099e+00   2.1390997e+00   1.5984231e+00   1.1712474e+00   3.6731608e-01   2.2129810e-01   9.6077960e-02  -5.9576773e-02   2.5135386e-01   2.0434970e+00   1.9808421e+00   1.6518777e+00   2.2056496e+00   2.7703155e+00   1.0091021e+00
   3.5817937e+00   2.9777407e+00   2.1169086e+00   1.3882907e+00   7.2719112e-01   7.0212686e-01   1.3173072e-01  -1.0993047e-01  -1.2166077e-01   1.7252748e-01   1.9303387e+00   1.9897143e+00   1.7097186e+00   2.0718336e+00   2.7397814e+00   8.9226222e-01
   4.2040165e+00   3.1116862e+00   2.7324564e+00   1.7159584e+00   9.1573432e-01   7.3888560e-01  -1.4614761e-01  -1.8835684e-01  -1.0358751e-01   3.5089589e-01   1.7756490e+00   1.8834401e+00   1.4869041e+00   1.9638336e+00   2.4859663e+00   6.1003621e-01
   4.1023222e+00   2.8499419e+00   2.7037977e+00   1.7351663e+00   9.7867097e-01   1.0444284e+00   3.1347297e-01   3.1944422e-01   2.4386166e-01   4.0196888e-01   1.6567907e+00   2.0047544e+00   1.5747786e+00   2.0016061e+00   2.4706792e+00   8.1533234e-01
   3.5079102e+00   2.7725986e+00   2.7436252e+00   1.6257632e+00   7.3827133e-01   7.6204165e-01   4.6834167e-01   4.6948116e-02  -6.8896952e-02   3.6490595e-01   1.8170735e+00   1.9520082e+00   1.6202076e+00   1.7942640e+00   2.4383966e+00   5.9207852e-01
   3.2206933e+00   2.3873501e+00   2.1050103e+00   1.2911148e+00   1.0561211e+00   8.3586624e-01   2.6082965e-01  -1.9110364e-01  -1.5962401e-01   4.2228693e-01   1.8647771e+00   1.8638775e+00   1.4867639e+00   1.8185867e+00   2.4142226e+00   5.3973981e-01
   3.0554326e+00   2.4746148e+00   2.0865880e+00   1.2935819e+00   1.1402375e+00   1.1816686e+00   7.7780342e-02   2.7615358e-02  -1.9296452e-01  -5.0699293e-03   1.7329721e+00   1.8900905e+00   1.3717619e+00   1.9448687e+00   2.5824700e+00   7.5504638e-01
   3.4906088e+00   2.0886206e+00   1.5096537e+00   1.6607007e+00   1.3159541e+00   6.2575763e-01  -4.9001775e-02  -1.7270729e-01  -4.0679629e-02   1.8116295e-01   1.7483018e+00   1.8964768e+00   1.3903192e+00   1.9186545e+00   2.5898450e+00   8.7390219e-01
   3.3271797e+00   2.1052496e+00   1.6346640e+00   1.6295696e+00   1.2631503e+00   1.0501900e+00   2.9761199e-01   1.6906505e-01  -4.7486025e-02   2.2841191e-01   1.9186399e+00   1.8199793e+00   1.4067525e+00   1.7337093e+00   2.3942380e+00   7.1883369e-01
   4.0557610e+00   2.6335704e+00   1.8040752e+00   1.3375734e+00   9.4539176e-01   6.8336553e-01  -2.4257142e-01  -4.0822047e-01  -2.8784977e-01  -9.1860920e-02   1.6236393e+00   1.7858732e+00   1.1934050e+00   1.6457735e+00   2.2570553e+00   6.8586794e-01
   3.7198391e+00   2.6846576e+00   2.1725621e+00   1.8866085e+00   1.2715348e+00   8.8738512e-01   1.2567264e-01  -3.5445517e-01  -3.4727829e-01   7.1506790e-02   1.6643148e+00   1.8068504e+00   1.0840107e+00   1.6547073e+00   2.2329200e+00   5.9644609e-01
   3.6759762e+00   2.6340093e+00   2.2787645e+00   2.0016905e+00   1.0931050e+00   6.2115243e-01   1.4923320e-01  -1.2445891e-01  -2.9062991e-01   7.1493159e-02   1.6077054e+00   1.7292565e+00   1.1026808e+00   1.4398419e+00   1.9496320e+00   4.2779740e-01
   3.4506293e+00   2.6655207e+00   1.8363762e+00   1.7720898e+00   1.1998879e+00   7.2387354e-01   1.9245891e-01   5.4207680e-02  -2.1379854e-01   1.9038495e-02   1.4911007e+00   1.5923172e+00   8.9895691e-01   1.4049829e+00   1.8576701e+00   5.4202106e-01
   4.0024870e+00   2.7978406e+00   2.3456760e+00   1.5896740e+00   1.1678662e+00   2.2632794e-01  -6.9976821e-02  -3.6697055e-01  -2.9036173e-01  -1.4549223e-01   1.3366900e+00   1.6609516e+00   9.1582470e-01   1.2711445e+00   1.7255965e+00   3.8880107e-01
   4.0219516e+00   2.5443739e+00   2.4323043e+00   1.7341827e+00   1.2848684e+00   2.3428950e-01   3.9727976e-01  -4.3290787e-01  -5.8559463e-01  -2.2185305e-01   1.2762607e+00   1.5710440e+00   7.9297290e-01   1.0914060e+00   1.5021610e+00   3.2816602e-01
   3.1412733e+00   2.2413134e+00   1.8098441e+00   1.5435551e+00   1.3835925e+00   7.7008656e-01   5.8953059e-01   1.9110435e-01  -4.8397063e-02   3.7366242e-01   1.2631875e+00   1.4414775e+00   6.8129830e-01   1.0014016e+00   1.3914528e+00   6.0922153e-01
   3.8353475e+00   2.7392371e+00   2.3097393e+00   1.2397652e+00   6.5684608e-01   6.6266144e-01  -7.0592921e-02  -3.3145888e-01  -7.4541973e-02   2.6035951e-01   1.3648222e+00   1.4489664e+00   5.3286848e-01   8.8426134e-01   1.2984109e+00   4.3158104e-01
   3.7903737e+00   2.4716595e+00   2.5205758e+00   1.2807076e+00   6.6247767e-01   7.6777927e-01   1.6794496e-01  -6.6832885e-02  -4.2093764e-01  -2.0818057e-01   5.7608786e-01   8.2038853e-01  -2.4907557e-01  -1.4627405e-01  -1.0836355e-01  -9.4209493e-02
   3.4744402e+00   2.7101666e+00   2.2021319e+00   1.3759184e+00   9.5182666e-01   1.4551238e-01   3.2672004e-02  -1.4214599e-02   1.3657238e-02  -1.2539732e-01   3.7344555e-01   4.1012593e-01  -2.0699032e-02  -1.6669539e-01  -3.0903748e-01   2.3587461e-01
   3.1129737e+00   2.5923989e+00   1.9737093e+00   1.6801524e+00   1.2834359e+00   4.7517613e-01  -5.0989768e-02  -1.6270110e-01  -1.1335481e-02   2.0920116e-01   2.0590037e-01  -2.0023184e-01   5.4879551e-02   7.2311544e-02   4.1684823e-01   6.4254302e-01
   2.8074363e+00   2.3026080e+00   2.1956944e+00   1.2110156e+00   9.3506115e-01   6.0314276e-01   4.8163549e-01   5.5450222e-02  -1.4886723e-01  -1.4294500e-01  -3.0665405e-02  -4.5696581e-02  -2.7468685e-02   2.0285973e-01   3.4085590e-01   6.1217862e-01
   2.9975100e+00   2.0076506e+00   1.8678556e+00   1.3205504e+00   8.9296459e-01   6.1581358e-01   3.1586030e-02  -1.2996652e-01  -2.6426004e-01  -4.7408043e-01  -7.8876336e-02  -1.5501438e-01  -7.2809302e-01  -4.9648173e-01  -3.3620815e-01  -2.6322594e-01
   3.3174360e+00   2.6520792e+00   2.5621066e+00   1.5696331e+00   9.3223195e-01   7.6521789e-01   1.4517130e-01  -1.8119067e-01  -3.5491859e-01  -1.5115821e-01  -2.8136032e-01  -1.8621846e-02  -7.0241264e-01  -7.5690506e-01  -2.1190813e-01  -2.8103656e-01
   3.5176644e+00   2.5807066e+00   2.1823985e+00   7.5688363e-01   1.0793923e+00   7.8709176e-01  -2.0235647e-01  -8.8669720e-01  -5.9378252e-01  -4.4587912e-01  -4.3080151e-01  -6.1631310e-03  -5.6651029e-01  -5.0462538e-01  -4.8580328e-01  -4.7753962e-01
   2.9354849e+00   2.7600319e+00   2.3851234e+00   8.5030672e-01   1.1758592e+00   7.6588290e-01   1.9896132e-01  -2.4509017e-01  -5.2210688e-01  -1.5478499e-01  -4.7921723e-01  -6.2453573e-01  -7.9720214e-01  -5.9150248e-01  -7.5291567e-01  -8.6356031e-01
   2.7452962e+00   2.5312341e+00   2.5473071e+00   1.5986133e+00   1.1332392e+00   4.3927369e-01  -1.5662670e-01  -2.2957841e-01  -2.9465917e-01  -3.0949072e-01  -2.8799426e-01  -3.2536801e-01  -8.6485810e-01  -7.6290329e-01  -6.9737775e-01  -8.9575389e-01
   2.8328239e+00   2.6342509e+00   2.5381881e+00   1.7744485e+00   1.1831903e+00   4.8215985e-01  -4.3312636e-02  -1.6195485e-01  -5.0104671e-01  -8.0230602e-01  -8.8028515e-01  -8.9676533e-01  -7.7280075e-01  -8.2943661e-01  -1.0797901e+00  -1.0619675e+00
   2.8419132e+00   2.0799212e+00   1.6665844e+00   1.1688544e+00   6.3073853e-01   1.0147546e+00   2.3950419e-01  -1.8254888e-01  -4.5226050e-01  -6.1575719e-01  -7.7521798e-01  -7.1967433e-01  -4.7751381e-01  -6.9706279e-01  -8.2625335e-01  -6.3824471e-01
   3.9826975e+00   2.2407861e+00   1.8805747e+00   1.5392174e+00   9.6958943e-01   9.8782598e-01   6.1738448e-01   5.9029438e-02  -3.4306821e-01  -4.4617554e-01  -6.5286412e-01  -7.0031501e-01  -7.5677539e-01  -8.3771862e-01  -7.7399524e-01  -7.7842742e-01
   3.3730764e+00   2.2588207e+00   2.0240391e+00   1.9699995e+00   1.0038643e+00   7.6557955e-01   4.5446595e-01   8.2906653e-02  -1.4330190e-01  -4.1749721e-01  -7.0681694e-01  -6.1521335e-01  -5.0938144e-01  -6.7113521e-01  -5.3495454e-01  -5.3588998e-01
   3.6553227e+00   2.5542085e+00   1.7176548e+00   1.5442171e+00   1.0394351e+00   5.7189497e-01   2.6494611e-01  -1.6729942e-01  -3.4001042e-01  -4.4655189e-01  -6.3075124e-01  -6.5512783e-01  -6.7933279e-01  -7.0354210e-01  -6.3901852e-01  -5.8100978e-01
   3.6659723e+00   2.8100115e+00   2.0340267e+00   1.8306437e+00   6.3023984e-01   7.5294271e-01   4.9063702e-01  -2.0236287e-01  -1.9391274e-01  -2.6410608e-01  -3.9974053e-01  -5.1834054e-01  -6.8163544e-01  -8.4569260e-01  -7.4980289e-01  -7.2292340e-01
   3.4892437e+00   2.0508876e+00   2.1723373e+00   2.0554164e+00   5.3492694e-01   5.9729757e-01  -1.0464476e-03  -1.3496534e-01  -4.1861141e-01  -6.0306001e-01  -8.4646093e-01  -6.9749215e-01  -1.0006554e+00  -1.1926168e+00  -9.6236679e-01  -1.0715303e+00
   3.8499047e+00   2.1343473e+00   1.8307049e+00   8.6268056e-01   5.6503150e-01   9.6389259e-01   1.1875645e-01  -3.8697067e-01  -3.8399778e-01  -2.0467257e-01  -4.8337471e-01  -6.6025124e-01  -6.9622373e-01  -7.2225894e-01  -7.0778700e-01  -6.4563519e-01
   3.4079927e+00   2.1652794e+00   2.3494864e+00   1.5194737e+00   1.3843327e+00   5.0149458e-01  -1.5135466e-01  -4.1965430e-01  -1.8436649e-01  -3.6474868e-01  -5.4831769e-01  -7.8397182e-01  -7.6876130e-01  -6.3234774e-01  -7.6475244e-01  -6.7211644e-01
   3.5972434e+00   1.6145804e+00   1.8432529e+00   1.8462267e+00   1.0027173e+00   6.8680728e-01   3.5322127e-01  -2.0974804e-01  -6.2658378e-01  -4.5494508e-01  -6.7532048e-01  -7.9441249e-01  -9.7642302e-01  -8.0211493e-01  -1.0088449e+00  -8.8674273e-01
   4.0130218e+00   2.6143807e+00   1.7231430e+00   1.3636598e+00   7.3527674e-01   5.5519617e-01   2.9865809e-01   1.4289247e-01  -4.9004600e-01  -1.6242130e-01  -3.8653519e-01  -9.0252858e-01  -1.0019069e+00  -1.0483515e+00  -7.8942710e-01  -8.2729183e-01
   4.1561697e+00   2.5757854e+00   1.9537105e+00   1.1616079e+00   7.1161216e-01   4.8537210e-01   1.7781983e-01  -1.8441408e-01  -2.8375873e-01  -3.0246795e-01  -3.8453420e-01  -5.7576516e-01  -6.7725688e-01  -5.1976625e-01  -6.1108835e-01  -5.7138415e-01
   3.9472765e+00   2.6095954e+00   1.7095007e+00   1.3690138e+00   1.0164004e+00   9.0786327e-01   2.7287568e-01   2.1611764e-02  -2.3431189e-01  -1.0559195e-01  -3.6155626e-01  -4.3694731e-01  -5.4313617e-01  -4.5506706e-01  -3.4599979e-01  -3.3694143e-01
   3.2075103e+00   2.2488063e+00   1.5928843e+00   1.6518273e+00   1.0740703e+00   6.0194653e-01   1.4455454e-01   7.7049174e-02  -5.5225550e-01  -2.7451729e-01  -4.3856910e-01  -7.9205485e-01  -9.4033823e-01  -7.5958420e-01  -5.3792763e-01  -6.5563955e-01
   3.5921877e+00   2.3437934e+00   2.1992915e+00   1.6216844e+00   7.9063787e-01   8.4704605e-01   1.6801089e-01  -3.8603698e-01  -4.3622701e-01  -6.1682603e-01  -7.3784568e-01  -7.4971204e-01  -6.4143930e-01  -5.2956672e-01  -8.1016910e-01  -8.0099253e-01
   3.2699543e+00   2.4224873e+00   1.8931330e+00   1.4413259e+00   3.3207739e-01   5.6229121e-01   4.7257373e-01  -9.0062949e-02   3.4906997e-01   4.6629541e-01   8.5718114e-01   6.3045078e-01   5.4791030e-01   8.5555025e-01   5.0304269e-01   8.5664774e-01
   3.4810481e+00   2.2034960e+00   1.0830070e+00   9.3606893e-01   1.1582587e+00   1.1568146e+00   6.1750684e-01   3.2439018e-01   3.9244930e-01   5.9337379e-01   8.4712435e-01   6.0787823e-01   4.7907298e-01   8.2668426e-01   3.6419861e-01   6.4377534e-01
   4.4278622e+00   2.9889371e+00   2.0705385e+00   1.1758480e+00   1.1863962e+00   6.6640992e-01   3.7525194e-01   4.1257661e-02   7.3843776e-01   1.2337777e+00   8.7370457e-01   1.1999900e-01   2.1998293e-01   6.1480582e-01   1.4991282e-01  -8.4675458e-02
   3.8672763e+00   3.3545245e+00   2.2507478e+00   1.3466771e+00   1.0234376e+00   5.7253678e-01   3.3145420e-01   2.6445256e-01   6.2777080e-01   1.0917346e+00   1.1511413e+00   2.4622846e-01   3.2444031e-01   6.3421742e-01   2.6667508e-01   7.4156213e-02
   3.8004472e+00   2.6366943e+00   2.2581491e+00   1.2709000e+00   1.0667671e+00   6.8293018e-01   5.1383246e-01   5.2046270e-01   3.6384215e-01   2.9067739e-01   2.8572644e-01   2.4946546e-01   2.7007032e-01   3.3287631e-01   3.0386476e-01   2.9982326e-01
   4.6143873e+00   2.7779842e+00   2.7335817e+00   1.9130423e+00   9.4063644e-01   7.1428889e-01  -1.8168392e-01  -4.7638858e-01  -2.1997230e-01  -5.6561679e-01  -5.5180021e-01  -8.0665865e-01  -8.1121489e-01  -7.8970753e-01  -9.6839187e-01  -1.0333528e+00
   3.6066756e+00   2.3652553e+00   2.5104318e+00   2.0853200e+00   9.2557613e-01   1.1794113e+00   6.1285930e-01   3.9340024e-01   3.4193184e-01   3.1303209e-01   2.9308201e-01   2.2158595e-01   1.7235824e-01   1.8248371e-01   1.9407754e-01   2.2530664e-01
