   4.2799008e+00   2.4933090e+00   2.5651087e+00   2.0430100e+00   1.1158705e+00   6.7752337e-01   3.3146270e-01  -1.2500881e-01  -2.9403393e-01  -3.6498277e-01  -4.1827155e-01  -6.1003755e-01  -6.1183380e-01  -3.9788788e-01  -3.2204295e-01  -3.1073146e-01
   3.9734393e+00   2.5901788e+00   2.4209705e+00   1.8638536e+00   1.1711106e+00   8.9907267e-01   1.7340605e-01  -1.8676589e-01  -2.2959122e-01  -3.5271690e-01  -4.8982142e-01  -5.1356990e-01  -4.3192057e-01  -5.4553348e-01  -5.7135851e-01  -5.2416718e-01
   4.0134669e+00   2.5306297e+00   2.1936222e+00   1.4736290e+00   1.1008942e+00   8.9150012e-01   5.9517902e-01   1.2928685e-01  -2.1912973e-01  -2.4469319e-01  -5.4171214e-01  -5.3204623e-01  -4.9680172e-01  -5.9392660e-01  -5.7424083e-01  -4.9174470e-01
   3.3978504e+00   2.5035828e+00   2.0953664e+00   1.6090870e+00   1.1541871e+00   5.5765435e-01   6.8074021e-01   1.2617239e-01  -8.7827795e-02  -2.0879422e-01  -2.6450192e-01  -3.1248204e-01  -3.2721346e-01  -2.7678886e-01  -2.7441562e-01  -2.4734739e-01
   3.5125066e+00   2.1649298e+00   2.3487794e+00   1.8084122e+00   9.4610050e-01   6.1369618e-01   2.5085230e-01  -4.2759549e-01  -4.5626167e-01  -3.5353850e-01  -7.4578690e-01  -9.1778688e-01  -1.0932379e+00  -1.3650343e+00  -1.0963111e+00  -1.0622838e+00
   4.3518871e+00   2.9305070e+00   2.6649949e+00   1.8499690e+00   1.1158371e+00   5.4430265e-01   3.1310210e-01   4.0033703e-01  -1.7164906e-01  -2.8475915e-01  -4.3010384e-01  -4.7493263e-01  -4.5879431e-01  -4.5394441e-01  -4.9378971e-01  -3.8088496e-01
   4.2229421e+00   2.6390006e+00   2.2285446e+00   1.9544492e+00   7.8606764e-01   6.3255979e-01   4.2992514e-01  -1.0843821e-01  -6.4539331e-01  -9.9086988e-01  -9.2890692e-01  -1.0736595e+00  -1.0250852e+00  -1.1836417e+00  -1.2353521e+00  -1.0501197e+00
   4.2918315e+00   2.7540823e+00   2.5343402e+00   1.9972716e+00   4.1774348e-01   7.8676733e-01   5.1630302e-01   1.7183258e-01  -2.8579264e-01  -3.2445651e-01  -6.2764814e-01  -6.1970319e-01  -6.8747675e-01  -7.4789186e-01  -7.2623426e-01  -5.6772269e-01
   4.1429235e+00   3.0192501e+00   2.6526823e+00   2.0707183e+00   1.0888227e+00   1.5789780e-01  -4.1024749e-01  -3.1758987e-01  -6.2989290e-01  -3.1911594e-01  -8.0599396e-01  -1.0961696e+00  -1.1463870e+00  -1.3506236e+00  -1.2734447e+00  -1.1421255e+00
   3.7256517e+00   2.9276629e+00   1.9324092e+00   1.4375597e+00   1.4069212e+00   5.7601880e-01   1.3975749e-01  -4.7257161e-02  -1.3283308e-01  -2.8930166e-01  -4.7631163e-01  -5.1638142e-01  -5.5910324e-01  -6.7700672e-01  -5.8281353e-01  -5.5899442e-01
   3.2993835e+00   2.2965633e+00   1.8932209e+00   1.3166136e+00   1.0745144e+00   7.5856016e-01   1.2767571e-01  -1.6095537e-01  -6.5916497e-01  -6.6349613e-01  -8.0875134e-01  -1.0100015e+00  -1.0759137e+00  -1.1122565e+00  -1.0186363e+00  -9.5624535e-01
   3.7240358e+00   2.2650309e+00   2.2215763e+00   1.7703231e+00   1.3380167e+00   9.1466440e-01   7.3618223e-01   4.7741518e-01   4.5783291e-01   3.8209476e-01   3.6772439e-01   3.3356473e-01   3.1832379e-01   2.9389829e-01   3.2062059e-01   3.4897274e-01
   4.7907966e+00   2.5046412e+00   1.6485771e+00   1.2314464e+00   1.0881571e+00   6.8446416e-01   5.4370061e-01  -6.0668931e-01  -6.5776033e-01  -7.6702651e-01  -8.2433732e-01  -8.9892805e-01  -1.1043871e+00  -1.0656826e+00  -1.0437307e+00  -8.5625048e-01
   4.4074398e+00   2.6853807e+00   2.0835287e+00   1.8725461e+00   1.3288751e+00   7.1998038e-01   4.2489163e-01  -5.7978944e-02  -2.5291383e-01  -4.2599859e-01  -7.1969718e-01  -8.2201666e-01  -8.2569034e-01  -7.7165856e-01  -8.2885237e-01  -6.9237469e-01
   3.6481028e+00   2.2696131e+00   2.0799814e+00   1.7919779e+00   1.2136912e+00   9.2060054e-01   3.3319844e-01  -3.2657039e-02  -4.1667124e-01  -3.2553621e-01  -8.2769313e-01  -9.5634156e-01  -9.8078519e-01  -9.1626045e-01  -9.0559027e-01  -8.9392844e-01
   4.4918150e+00   2.5270155e+00   1.9824565e+00   1.4084260e+00   7.5984320e-01   4.5442516e-01   3.3078269e-01  -3.1502052e-01  -6.2857104e-01  -5.1709116e-01  -8.7667024e-01  -1.0580878e+00  -1.1930376e+00  -1.2055550e+00  -1.1211676e+00  -1.2858935e+00
   4.2359931e+00   2.8294728e+00   2.3144721e+00   1.9809792e+00   1.3441839e+00   5.5556674e-01   2.1316974e-01   7.1518997e-02  -3.8121523e-01  -3.4728121e-01  -5.1526595e-01  -7.6396864e-01  -8.6459325e-01  -8.7169592e-01  -8.8325596e-01  -8.0196943e-01
   3.6551363e+00   3.0916677e+00   2.0877583e+00   1.3725005e+00   1.3105232e+00   7.6444300e-01   6.0921413e-01  -3.6038597e-01  -2.8409864e-01  -5.3838963e-01  -8.1816180e-01  -8.0897326e-01  -1.0232696e+00  -9.6335895e-01  -1.0024281e+00  -9.4689163e-01
   3.5385776e+00   2.7178015e+00   2.0376832e+00   1.2954787e+00   7.5740942e-01   9.5255703e-01   3.4583081e-01  -1.9604332e-01  -3.7294288e-01  -6.7571749e-01  -7.2653311e-01  -7.3481803e-01  -9.8513051e-01  -8.9333514e-01  -9.9059600e-01  -9.6024648e-01
   2.5626311e+00   2.9516460e+00   2.5321313e+00   1.8594978e+00   1.1426585e+00   8.2069819e-01   3.2076867e-01  -1.8367885e-01  -1.2168136e-01  -4.1651621e-01  -5.4918548e-01  -6.0319761e-01  -7.3146021e-01  -7.0387021e-01  -6.3981504e-01  -6.1037432e-01
   2.9202663e+00   2.4751653e+00   2.0844026e+00   1.9133534e+00   8.5912706e-01   4.2349048e-01   1.0438908e-01  -2.4865295e-01  -2.0856800e-01  -6.5546741e-01  -8.3086933e-01  -9.4982382e-01  -8.4484655e-01  -8.0550317e-01  -7.9118067e-01  -7.8736386e-01
   4.0106041e+00   2.8550794e+00   2.1176143e+00   1.2310278e+00   6.7366568e-01   5.7342415e-01   3.7925229e-01  -1.3833551e-01  -5.5416191e-01  -4.8181520e-01  -5.8556758e-01  -8.0089138e-01  -8.7201021e-01  -8.2398612e-01  -7.3044552e-01  -7.5327234e-01
   4.2709164e+00   2.7585337e+00   1.9278305e+00   1.4202307e+00   1.0652210e+00   1.0128725e+00   5.1271499e-01   6.0897034e-02   3.1873674e-02  -8.4310057e-03  -1.5893098e-01  -1.9371301e-01  -1.6478464e-01  -1.8944981e-01  -1.7702294e-01  -1.3074064e-01
   4.0047460e+00   2.8165582e+00   1.7995356e+00   1.4485407e+00   1.1374394e+00   1.0332363e+00   4.6174637e-01   6.4046089e-02  -2.0563775e-01  -2.0412033e-01  -3.0984259e-01  -3.7605723e-01  -3.6745003e-01  -4.0303346e-01  -4.0671259e-01  -3.6236425e-01
   3.8671916e+00   2.5135667e+00   1.9825924e+00   1.5789437e+00   1.2929332e+00   6.0859641e-01   1.3068673e-01  -5.2739535e-01  -6.7737804e-01  -4.2950288e-01  -8.6636861e-01  -9.1488827e-01  -1.1716866e+00  -1.0759069e+00  -1.3125643e+00  -8.7893808e-01
   3.3017386e+00   2.3901457e+00   2.1035220e+00   1.8904136e+00   6.3358894e-01   4.7910065e-01   4.1831290e-01   7.0094234e-02  -5.2817603e-01  -3.9748284e-01  -8.2447378e-01  -7.6548494e-01  -9.4189161e-01  -9.3957253e-01  -9.1032284e-01  -5.6629868e-01
   3.4457848e+00   2.5661411e+00   2.0966162e+00   1.5214505e+00   1.2529218e+00   1.0052774e+00   1.0128733e-01  -2.9438199e-01  -3.8063356e-01  -5.1471279e-01  -5.2041803e-01  -4.5501141e-01  -6.0865773e-01  -4.9172686e-01  -4.1739385e-01   2.6548018e-01
   4.2927402e+00   3.0042274e+00   2.2885298e+00   1.9321183e+00   1.2921247e+00   1.0987922e+00   6.4689203e-01   3.2220838e-01   2.1227920e-01   2.0857515e-01   1.8966887e-01   1.7021601e-01   1.0716101e-01   2.0568256e-01   3.1192919e-01   1.1519075e+00
   4.7990538e+00   3.2839549e+00   2.5073539e+00   2.1327726e+00   9.6093991e-01   6.0590802e-01  -2.5552189e-02  -3.9946776e-02  -1.4090710e-01  -9.8112045e-02  -2.1014754e-01  -3.2695943e-01  -5.1991502e-01  -2.8039930e-01   3.2032139e-01   1.1747884e+00
   4.5047772e+00   2.7759507e+00   2.4021871e+00   1.6645478e+00   9.1475549e-01   3.1914214e-01   1.7990148e-01   5.7881724e-02   1.1750537e-02   2.6406347e-01   4.1613264e-02  -1.1150741e-01  -1.5889707e-01   3.7536246e-01   4.9616686e-01   1.2348281e+00
   4.2928505e+00   2.9942747e+00   2.5838231e+00   2.3441543e+00   1.3847846e+00   2.1394579e-01  -4.0568716e-01  -1.7846548e-01  -2.0057980e-01   3.2583747e-01   1.2286959e-01  -7.6326975e-03  -2.8958999e-01   3.8987199e-01   4.3802883e-01   1.5580407e+00
   3.7536920e+00   2.5795205e+00   1.7949219e+00   1.7364931e+00   8.3804034e-01   8.3847018e-01   4.3672669e-01   6.0595546e-02   1.2792092e-01   4.9097191e-01   5.1305272e-01   3.8181786e-01   1.0120986e-01   6.3623357e-01   7.9326797e-01   1.4893690e+00
   3.9957638e+00   2.8005835e+00   1.5536114e+00   1.5806839e+00   8.5788851e-01   1.0178369e+00   6.3922705e-01   2.2457643e-01   9.7549738e-02   6.3670564e-01   6.0561848e-01   5.8313296e-01   3.9081910e-01   7.4282755e-01   1.1299838e+00   1.6827359e+00
   3.8667781e+00   2.7779327e+00   2.1951505e+00   1.9419166e+00   1.3872404e+00   1.0205513e+00   6.4111473e-01   5.5831245e-01   7.8435249e-01   1.2636824e+00   1.0805559e+00   1.1222085e+00   5.9234104e-01   1.0516460e+00   1.7246389e+00   1.9931481e+00
   4.1614390e+00   2.9778559e+00   2.3957664e+00   1.6566495e+00   1.2398409e+00   8.5684670e-01   4.1586987e-01   1.6565943e-01   3.6411789e-01   1.4364930e+00   1.4008961e+00   1.3364721e+00   8.5055691e-01   1.3077055e+00   1.9686458e+00   1.8771526e+00
   3.9540207e+00   3.1882975e+00   2.5778598e+00   1.9013918e+00   4.8965720e-01   9.0385171e-01   7.9166519e-01   6.2006400e-01   8.3123770e-01   1.6605951e+00   1.9003514e+00   2.0050874e+00   1.0698092e+00   1.3471819e+00   2.0192622e+00   1.8617835e+00
   3.8947061e+00   3.3872484e+00   2.6673757e+00   1.9216509e+00   9.8258197e-01   7.8931517e-01   3.9869164e-01   6.3861909e-01   8.9802506e-01   1.8860361e+00   1.9820049e+00   2.2534523e+00   1.3128721e+00   1.6513762e+00   2.0701286e+00   1.6417791e+00
   3.2825932e+00   3.0036583e+00   3.1335309e+00   2.1558438e+00   1.1578786e+00   1.1306186e+00   6.3071163e-01   6.8038784e-01   7.2173118e-01   1.7456013e+00   1.8237016e+00   2.1488147e+00   1.5537829e+00   1.9745685e+00   2.3438909e+00   9.9819355e-01
   3.9677643e+00   3.4979676e+00   3.1708260e+00   2.6324998e+00   1.0383211e+00   5.8317186e-01   5.7213577e-02   2.3500958e-01   5.1344816e-01   1.4722268e+00   2.0668943e+00   2.4324294e+00   1.5793323e+00   2.1053228e+00   2.4493553e+00   8.6840419e-01
   3.9565985e+00   3.0315947e+00   3.1404305e+00   2.4830293e+00   1.0710819e+00   6.7372661e-01  -4.7741998e-02   2.2378344e-02   6.2334539e-01   1.6202415e+00   2.0717337e+00   2.4458858e+00   1.6307979e+00   2.0770192e+00   2.5463614e+00   1.0126597e+00
   3.3764507e+00   2.9192114e+00   2.8797643e+00   2.6366168e+00   1.2519672e+00   1.0221593e+00   1.1264159e+00   8.1120684e-01   7.5584895e-01   1.6144065e+00   2.1770890e+00   2.5586794e+00   1.7436859e+00   2.2312877e+00   2.6088143e+00   1.1691685e+00
   4.2241055e+00   3.4074263e+00   3.0125750e+00   2.7414119e+00   1.4470642e+00   8.8909475e-01   8.4727969e-01   3.1780758e-01   3.4050695e-01   1.4638747e+00   2.3250024e+00   2.5868034e+00   1.8424117e+00   2.2562771e+00   2.6340991e+00   8.8461748e-01
   3.9711484e+00   2.9086098e+00   2.8146087e+00   2.3663743e+00   1.4687408e+00   7.7561371e-01   5.3837705e-01   2.2570395e-01   6.6538434e-02   1.3252014e+00   2.3620637e+00   2.6455423e+00   2.0390793e+00   2.4112692e+00   2.7637272e+00   8.5296149e-01
   4.2739762e+00   3.1580122e+00   2.9067628e+00   2.0229265e+00   1.4014981e+00   5.1234501e-01   2.9792298e-01   1.8971045e-01   1.1675233e-01   1.1631476e+00   2.0839670e+00   2.3474431e+00   1.9020238e+00   2.3014703e+00   2.7434604e+00   7.9485137e-01
   3.8620663e+00   3.1304077e+00   2.6982163e+00   2.3710484e+00   1.5707199e+00   5.6453114e-01  -3.1215681e-01   1.5405606e-01   1.7517893e-01   1.1298600e+00   2.1045501e+00   2.1681726e+00   1.7532791e+00   2.3282221e+00   2.7086987e+00   8.0322046e-01
   3.1200920e+00   3.1293545e+00   2.8859508e+00   2.2808944e+00   1.3161283e+00   6.7089174e-01   3.4339396e-01   1.8734822e-01  -2.5517992e-02   9.6818184e-01   2.0078560e+00   2.2124991e+00   1.8339593e+00   2.3865108e+00   2.7334417e+00   6.3666897e-01
   3.4693108e+00   2.5884451e+00   2.8042047e+00   2.6540001e+00   1.1372993e+00   7.6475796e-01   6.2485148e-01   6.7752475e-02   4.5211263e-02   9.4792844e-01   2.2000265e+00   2.4166021e+00   1.9991206e+00   2.4467861e+00   2.8848873e+00   9.5497709e-01
   4.3672350e+00   3.0673492e+00   2.8089064e+00   2.0567923e+00   1.1040189e+00   6.4398845e-01   3.1784068e-01   1.0876114e-01  -4.3520681e-02   6.8337418e-01   2.2800828e+00   2.3277752e+00   1.9534872e+00   2.5508316e+00   2.8953097e+00   1.0833516e+00
   4.4901267e+00   3.4012983e+00   2.5539427e+00   1.8803187e+00   1.1029371e+00   9.0324158e-01   2.9950870e-01   7.6248049e-02   2.5387898e-02   7.5491590e-01   2.1456714e+00   2.2287658e+00   1.8052635e+00   2.2452281e+00   2.6666345e+00   7.2606925e-01
   4.2868642e+00   3.4777379e+00   2.8802592e+00   1.8526336e+00   9.6161729e-01   8.4790306e-01   2.3434144e-01  -1.6171857e-01   4.6758593e-02   8.1419464e-01   2.2126637e+00   2.3080428e+00   1.6857563e+00   2.1939556e+00   2.6316090e+00   4.5612264e-01
   3.8532866e+00   2.7046105e+00   2.7053161e+00   1.5901831e+00   8.8229443e-01   2.4046479e-01  -1.8621654e-01   3.4386191e-01   2.2556261e-01   5.9143117e-01   2.0724339e+00   2.1008588e+00   1.5519441e+00   2.1443037e+00   2.5709889e+00   5.8106799e-01
   3.6551284e+00   2.6690951e+00   2.3267999e+00   1.5148776e+00   8.7010064e-01   7.1694858e-01   3.6224310e-01   3.2899719e-01  -1.5991618e-01   5.6948697e-01   2.1223386e+00   2.1823051e+00   1.5559593e+00   2.0739737e+00   2.5544017e+00   7.2471188e-01
   3.7346733e+00   2.8956833e+00   2.2354289e+00   1.1509748e+00   9.2366648e-01   8.6856187e-01   4.3538632e-01   1.3940454e-01  -9.5528247e-02   4.3410497e-01   1.9448678e+00   2.0260954e+00   1.4820320e+00   1.8010857e+00   2.3166709e+00   5.4143388e-01
   3.9990627e+00   2.6922735e+00   2.2180054e+00   1.9005483e+00   1.1499417e+00   8.7255867e-01   4.4581441e-01  -3.7860420e-02  -2.9827301e-02   1.6592204e-01   1.7185904e+00   2.0064260e+00   1.3345239e+00   1.6780119e+00   2.1151628e+00   4.3885017e-01
   3.5705779e+00   2.7847038e+00   2.0852519e+00   2.0997441e+00   1.3616897e+00   6.3010743e-01   2.8805903e-01  -2.3498685e-02   6.1165918e-02   2.6469284e-01   1.7927359e+00   1.9629195e+00   1.1951777e+00   1.6646180e+00   2.1139527e+00   5.0512872e-01
   3.6373053e+00   2.3668624e+00   2.2354797e+00   2.1908784e+00   7.8768884e-01   5.6371842e-01   5.6609439e-02  -1.6807919e-02  -2.8010336e-02   3.1371573e-01   1.8691228e+00   1.8271424e+00   1.0552746e+00   1.5809995e+00   2.0435382e+00   4.5430090e-01
   4.1156738e+00   2.8783072e+00   2.4326019e+00   2.3076642e+00   1.2673365e+00   7.0524319e-01   1.6364688e-02  -2.9388454e-01  -4.5226069e-01  -5.6963365e-02   1.3195270e+00   1.5253188e+00   8.5355874e-01   1.3343580e+00   1.7261908e+00   7.8616865e-02
   4.1249843e+00   3.0870981e+00   2.4891754e+00   2.4544344e+00   1.2638925e+00   9.8749097e-01   4.3721544e-01  -1.9867961e-02  -4.2900583e-01   4.9961137e-02   1.5017840e+00   1.6207217e+00   9.2674389e-01   1.3006737e+00   1.7269817e+00   9.0780091e-02
   4.2556960e+00   2.4462914e+00   2.1154209e+00   2.1720097e+00   1.0121418e+00   7.9940893e-01   3.8288923e-01  -4.9228042e-02  -4.4544435e-01   1.7791633e-02   1.5117509e+00   1.7889652e+00   9.6670896e-01   1.2154164e+00   1.6060855e+00   1.2162150e-01
   3.7958347e+00   2.7386638e+00   2.3179610e+00   1.5473754e+00   1.2433197e+00   1.3466675e+00   6.0616897e-01   3.9295093e-01   3.9820582e-01   6.9479732e-01   1.5738070e+00   1.8446044e+00   1.0307337e+00   1.2983895e+00   1.5768642e+00   6.7768662e-01
   4.2700106e+00   3.2016231e+00   2.8012206e+00   2.0695164e+00   6.8966779e-01   3.9265662e-01  -2.5542265e-01  -5.1344162e-01  -5.8877773e-01   4.6902080e-01   1.5416412e+00   1.8258334e+00   8.3511157e-01   1.1083582e+00   1.4533005e+00   3.1909695e-01
   3.9387892e+00   2.6471829e+00   2.3095861e+00   2.2201400e+00   1.0454253e+00   6.6860465e-01   3.8805679e-01   3.0222104e-01   2.7745871e-01   4.6093997e-01   1.4886731e+00   1.5493883e+00   7.0177786e-01   1.0291893e+00   1.3098383e+00   4.5857329e-01
   4.0192484e+00   2.2372774e+00   2.1238127e+00   1.7716898e+00   1.0937007e+00   9.1786113e-01   2.7032932e-01  -7.8154268e-02   8.3711653e-02   5.4385936e-01   1.7214454e+00   1.9389154e+00   6.4297706e-01   1.0997663e+00   1.3226855e+00   1.3901989e-01
   3.9640560e+00   2.9084449e+00   2.3196666e+00   2.0373168e+00   8.2366001e-01   8.0006405e-01  -1.1625674e-01  -2.3833802e-01  -1.2312828e-02   3.5944958e-01   1.3986570e+00   1.7233131e+00   5.0240873e-01   1.0487856e+00   1.1237105e+00   3.4376387e-01
   3.8069751e+00   2.5379878e+00   2.3388825e+00   1.6818095e+00   1.2905680e+00   1.0645998e+00   7.8996086e-01   6.9118468e-01   6.2391423e-01   6.3709112e-01   9.6493802e-01   1.3058168e+00   5.8847660e-01   5.1727385e-01   6.7434501e-01   6.5689925e-01
   4.5927466e+00   3.0301426e+00   2.1978557e+00   1.2005574e+00   8.8595512e-01   6.6780452e-01   2.8072358e-01   2.3608156e-01  -3.7029154e-02   1.7428078e-02   4.1346920e-01   7.6094613e-01  -4.2810848e-02  -4.4796093e-02  -4.4703775e-02  -6.7764434e-02
   4.4852364e+00   2.7082985e+00   2.1245172e+00   1.6324817e+00   8.0376924e-01   1.0377281e+00   6.3546178e-01  -6.9766980e-03  -2.5712126e-01  -3.5474294e-01  -2.3115173e-01   2.4303325e-01  -3.3225268e-01  -3.7608600e-01  -3.9390303e-01  -4.3467290e-01
   4.4182559e+00   2.8008924e+00   2.4158503e+00   2.3108257e+00   1.5244881e+00   1.2178727e+00   5.8870332e-01   5.1938508e-02  -8.1490184e-02  -2.3136321e-01  -2.7966461e-01  -2.4312094e-01  -3.6319593e-01  -2.4368468e-01  -3.3435255e-01  -3.2294590e-01
   4.0022286e+00   2.9037776e+00   2.1480863e+00   1.7873940e+00   1.0693360e+00   1.2080885e+00   5.2530639e-01  -1.0953190e-01  -3.6878084e-01  -3.3184091e-01  -6.3849084e-01  -5.2433249e-01  -9.5612331e-01  -1.0482106e+00  -1.0373271e+00  -9.3528026e-01
   3.5376153e+00   3.0142305e+00   2.2738146e+00   1.7655657e+00   4.9930663e-01   7.2966881e-01   6.4583757e-01  -3.8664889e-01  -4.3944389e-01  -4.6742883e-01  -5.4844184e-01  -6.3049447e-01  -9.9244975e-01  -8.9320321e-01  -1.0368406e+00  -9.9251826e-01
   3.8179678e+00   2.9399508e+00   2.2636044e+00   7.9589066e-01   3.6461758e-01   6.1462218e-01  -2.0719263e-01   1.5662602e-01  -3.1241190e-01  -4.5177777e-01  -5.7495240e-01  -1.0709764e+00  -1.1869030e+00  -1.0506494e+00  -1.0945661e+00  -1.0562359e+00
   3.4144822e+00   2.0077747e+00   1.7363224e+00   1.1388286e+00   9.8205863e-01   5.8050160e-01   1.5126895e-01  -2.8731486e-01  -4.4504530e-01  -5.7677474e-01  -4.8370037e-01  -7.5226488e-01  -1.2759635e+00  -1.2370883e+00  -1.1740811e+00  -1.1645153e+00
   3.3806148e+00   3.0004266e+00   2.0730888e+00   1.5804390e+00   1.5956810e+00   5.6903510e-01   1.3300120e-01  -3.4393138e-01  -3.1634370e-01  -3.4353678e-01  -3.5595809e-01  -5.1329480e-01  -7.7937510e-01  -7.8135949e-01  -8.2917954e-01  -7.9124956e-01
   3.2661352e+00   2.6042337e+00   2.2124555e+00   1.8748785e+00   1.4309816e+00   5.9824286e-01   2.4407003e-01  -1.2015550e-02  -8.8751658e-02  -9.5897347e-02  -1.8539595e-01  -3.1790232e-01  -4.4359128e-01  -3.8128184e-01  -4.0898732e-01  -3.7940829e-01
   4.1449112e+00   3.1088636e+00   2.8098505e+00   2.0487543e+00   9.6417894e-01   6.5145656e-01   5.0364504e-01  -1.1763085e-01  -4.2144816e-01  -6.1555165e-01  -5.5943923e-01  -6.8208684e-01  -1.1442989e+00  -9.0244686e-01  -1.1123705e+00  -9.6238126e-01
   4.0286538e+00   2.7242770e+00   2.7139711e+00   1.8317985e+00   1.0765039e+00   8.3185109e-01   2.4086283e-01  -2.1071280e-01  -6.2059293e-01  -4.2285729e-01  -4.8198524e-01  -6.3401419e-01  -8.9173053e-01  -1.0387727e+00  -1.0016175e+00  -1.0337552e+00
   4.0482447e+00   2.6557711e+00   2.5223995e+00   2.1068078e+00   1.3344471e+00   1.1515312e+00   7.2592575e-01   4.8017813e-01   4.2330514e-01   8.2531065e-01   3.5716490e-01   6.9124045e-01   4.3785966e-01   3.6159860e-01   4.4408646e-01   1.5457643e-01
   4.5927831e+00   2.5006050e+00   1.6656727e+00   1.3811487e+00   9.6756063e-01   9.4665013e-01   6.5043220e-01   3.7384605e-01   4.8580748e-02  -2.0812930e-01  -3.6092657e-01  -6.4739327e-02  -2.3599350e-01  -2.0038228e-01  -2.8610690e-01  -2.4857588e-01
   4.0636607e+00   2.1033849e+00   2.0593328e+00   1.8737664e+00   1.2415267e+00   9.0056790e-01   5.5417168e-01   3.8493447e-01   3.4023357e-01   1.4708230e-03  -8.6381555e-02  -1.3552792e-01   1.4881903e-02  -7.8111113e-02  -1.2224852e-01  -7.8839138e-02
   3.5417338e+00   2.2867720e+00   2.2783107e+00   2.3771613e+00   1.4131755e+00   6.8825583e-01   2.3656862e-01   8.8384785e-02   3.1513561e-01  -1.3914669e-01  -2.2057873e-01  -6.1794180e-01  -4.5844475e-01  -4.7045783e-01  -4.9668129e-01  -6.7398264e-01
   3.5891540e+00   2.3129011e+00   2.5007908e+00   1.8000342e+00   1.5266520e+00   1.1146184e+00   1.1700817e+00   6.4374149e-01  -9.5856790e-02   5.4592683e-01   7.0185569e-01   3.7489504e-01   2.4472960e-02   2.0436916e-01  -1.7817473e-01  -1.5296707e-01
   4.4368516e+00   2.5625815e+00   2.7771244e+00   2.1974563e+00   1.1942256e+00   1.0904309e+00   1.1030732e+00   9.5719964e-01   4.4669152e-01   1.0241483e+00   9.2546464e-01   4.0701583e-01   1.2954395e-01   3.7292094e-01  -6.5801583e-02  -2.5262612e-01
   4.2397186e+00   2.8306783e+00   2.5753812e+00   2.1328673e+00   1.3682485e+00   8.5483138e-01   4.2035806e-01   3.5121696e-01   1.2562353e-02  -3.5347306e-01  -1.7798560e-01  -2.6770838e-01  -6.3042639e-01  -5.9741652e-01  -4.2029140e-01  -3.6295808e-01
   4.2855598e+00   3.2519645e+00   2.4832779e+00   1.7247737e+00   1.0744085e+00   9.4235727e-01   4.5101384e-01   3.9825302e-01   4.2386705e-01   3.0404462e-01   3.2423192e-01   8.1342225e-02   8.1726771e-02   2.0185992e-01   2.3023015e-01   2.0280781e-01
