   2.6726390e+00   2.3447153e+00   2.3799479e+00   2.2346773e+00   1.9504274e+00   1.5809848e+00   1.7051745e+00   1.5664887e+00   1.1163860e+00   1.4783304e+00   1.5111532e+00   1.5657276e+00   1.2733198e+00   8.6007259e-01   1.0328093e+00   7.9901478e-01
   2.3436849e+00   1.7703725e+00   2.2897973e+00   1.9287402e+00   1.2759205e+00   1.7421674e+00   1.2292462e+00   1.2075873e+00   1.3249441e+00   1.2311831e+00   1.2912978e+00   1.4298416e+00   1.0916744e+00   7.1452189e-01   9.2746828e-01   7.8700167e-01
   2.7837794e+00   2.2525808e+00   2.5655761e+00   2.8265595e+00   1.8343631e+00   1.5598600e+00   1.3764475e+00   1.6267316e+00   1.3955530e+00   1.2314238e+00   1.0301453e+00   1.1104330e+00   8.1626032e-01   6.3813075e-01   5.6615954e-01   3.3433896e-01
   2.8147255e+00   2.6662573e+00   2.3029934e+00   2.0827974e+00   1.3066214e+00   1.2116383e+00   1.7494843e+00   1.6042845e+00   1.5045196e+00   1.5871165e+00   1.7574413e+00   1.4258908e+00   1.0481780e+00   4.1267856e-01   5.8441933e-01   3.8801685e-01
   2.8336969e+00   2.2544399e+00   2.1468956e+00   2.1993543e+00   1.3991597e+00   1.4464749e+00   1.5797998e+00   1.3987719e+00   1.5478497e+00   1.4581942e+00   1.0205912e+00   1.5103694e+00   9.6666389e-01   6.8027988e-01   9.1597167e-01   8.3476064e-01
   3.4378775e+00   2.7992133e+00   2.0404672e+00   2.0309231e+00   1.6294681e+00   1.5245769e+00   1.5479456e+00   1.6367692e+00   1.7154803e+00   1.2770167e+00   1.2602918e+00   1.3148384e+00   1.1233424e+00   7.7598734e-01   9.8238122e-01   8.8201246e-01
   2.3697761e+00   2.2840348e+00   2.0629644e+00   2.2091092e+00   2.1171619e+00   1.5484673e+00   1.4803981e+00   1.3078462e+00   1.1997100e+00   9.4291116e-01   1.3077972e+00   1.2341266e+00   1.1094396e+00   9.5212796e-01   9.6433555e-01   7.9635237e-01
   2.2244339e+00   2.1321301e+00   1.5457736e+00   2.0575442e+00   1.8526297e+00   1.6207586e+00   1.2551436e+00   1.4251196e+00   1.3361699e+00   1.0866722e+00   1.4637886e+00   1.2884073e+00   1.3060426e+00   9.4474731e-01   9.3963819e-01   5.6488655e-01
   1.2471738e+00   1.7146674e+00   1.8853809e+00   2.1789326e+00   1.8472545e+00   1.0607393e+00   1.0507627e+00   1.5761408e+00   1.0251392e+00   1.2428544e+00   1.4935261e+00   1.6960585e+00   1.3187165e+00   7.9147322e-01   8.8763233e-01   7.8221682e-01
   2.5825108e+00   1.6195006e+00   1.5758908e+00   2.1617830e+00   1.7192779e+00   1.4147978e+00   1.1091001e+00   9.0560773e-01   8.5217035e-01   1.0476908e+00   1.2559712e+00   1.6086857e+00   9.7143119e-01   7.4443477e-01   7.2564229e-01   4.7151424e-01
   2.9266904e+00   2.6235699e+00   1.6812428e+00   2.2409348e+00   1.3591268e+00   1.5037781e+00   1.0833508e+00   1.5878042e+00   1.7391119e+00   1.3108034e+00   1.4146113e+00   1.8991824e+00   1.1692820e+00   7.0674165e-01   7.1296258e-01   5.5694149e-01
   2.1238343e+00   2.1177949e+00   2.0902023e+00   2.1325474e+00   1.8373240e+00   1.3421624e+00   1.0953174e+00   1.3773991e+00   1.1808861e+00   5.7378392e-01   1.4284221e+00   1.7028146e+00   1.1211503e+00   6.2289539e-01   9.1611876e-01   6.3254462e-01
   2.1129737e+00   2.3762781e+00   1.8726919e+00   1.9692729e+00   1.7442875e+00   7.6506231e-01   9.8038145e-01   1.5469032e+00   1.2927088e+00   9.5371990e-01   8.8022799e-01   1.3763722e+00   8.7195211e-01   8.7168701e-01   9.3568274e-01   8.5157276e-01
   2.9271911e+00   2.5016937e+00   2.4561505e+00   2.1434336e+00   1.8321293e+00   1.4628159e+00   1.3882733e+00   1.4337168e+00   1.3097527e+00   1.1447800e+00   1.1877236e+00   1.2590220e+00   7.2587220e-01   5.0116714e-01   7.3575833e-01   6.1633736e-01
   2.6607547e+00   2.0528317e+00   1.6478963e+00   2.2110886e+00   2.2531104e+00   1.8245072e+00   1.2162155e+00   1.6404796e+00   1.8192482e+00   1.5501072e+00   1.5011690e+00   1.4669220e+00   1.0226790e+00   8.9392769e-01   8.5866818e-01   5.3898761e-01
   2.6071392e+00   2.1176893e+00   1.6479699e+00   2.5435017e+00   2.3567118e+00   1.8550636e+00   1.1109884e+00   1.7122865e+00   1.8509594e+00   1.1854626e+00   1.3235601e+00   1.4336688e+00   1.0351096e+00   1.0246093e+00   8.6650023e-01   4.8188349e-01
   2.3995142e+00   1.9159144e+00   1.9347188e+00   2.6036032e+00   2.6885033e+00   1.8892397e+00   1.4946237e+00   1.4877665e+00   1.6328572e+00   1.2330435e+00   1.1145928e+00   1.3579710e+00   1.1195754e+00   9.2362682e-01   1.2105992e+00   8.9568415e-01
   2.5663120e+00   2.1061557e+00   1.9487459e+00   2.3688097e+00   2.7025401e+00   1.8948721e+00   1.5517266e+00   1.7042743e+00   2.0913691e+00   1.3894105e+00   1.1009661e+00   1.4673985e+00   9.7690246e-01   8.1802910e-01   7.6101881e-01   8.3513978e-01
   2.4306295e+00   2.3255891e+00   1.8497644e+00   2.2614810e+00   2.6934408e+00   2.3863127e+00   1.7368413e+00   1.7682454e+00   1.7412022e+00   1.3217946e+00   1.2461927e+00   1.2380952e+00   8.2561807e-01   1.0162561e+00   8.5217823e-01   6.0265676e-01
   1.9036211e+00   2.0041679e+00   1.9650159e+00   2.5792850e+00   2.8683551e+00   2.3603676e+00   1.7439096e+00   1.9275704e+00   2.2568574e+00   1.5276110e+00   1.2021564e+00   1.5062096e+00   1.3171498e+00   8.6252716e-01   7.9712004e-01   8.0790133e-01
   2.4336764e+00   2.4828832e+00   1.9650428e+00   1.9463110e+00   2.7351720e+00   2.5046850e+00   1.9678709e+00   2.1935538e+00   2.7450341e+00   1.7867851e+00   1.7439409e+00   1.5917626e+00   1.2382968e+00   1.1323100e+00   9.8737043e-01   8.8872985e-01
   2.2162000e+00   2.6700894e+00   2.2250838e+00   2.3263770e+00   2.9706384e+00   2.3888325e+00   1.4381752e+00   2.1305980e+00   2.7546187e+00   1.7741468e+00   1.7035178e+00   1.3528378e+00   1.0522438e+00   8.6201476e-01   7.2615425e-01   5.7403065e-01
   2.5902660e+00   2.2006372e+00   1.5291559e+00   2.2360146e+00   2.7750352e+00   2.4688855e+00   1.8816389e+00   2.3452516e+00   2.8793929e+00   1.8027427e+00   2.0674136e+00   1.7009127e+00   1.6075963e+00   1.2941058e+00   7.2877122e-01   7.5914038e-01
   2.9640772e+00   2.8866047e+00   2.5576893e+00   2.4017187e+00   2.7292171e+00   2.5300459e+00   1.9559782e+00   2.3801400e+00   2.8836203e+00   1.7606446e+00   2.2161790e+00   1.8521128e+00   1.6862796e+00   1.6055801e+00   1.0974743e+00   8.3184340e-01
   2.2884573e+00   2.7937736e+00   2.0585964e+00   2.1972780e+00   2.9262588e+00   2.6449876e+00   1.8873233e+00   2.5713496e+00   2.7823001e+00   1.7585605e+00   2.1564870e+00   1.7109765e+00   1.9312290e+00   1.5245154e+00   9.5221988e-01   9.4223732e-01
   2.7095269e+00   1.9618582e+00   2.0197211e+00   2.3114454e+00   2.7302702e+00   2.7130976e+00   2.2281018e+00   2.6089824e+00   2.9181921e+00   1.8808218e+00   2.1422209e+00   1.6680698e+00   1.8465460e+00   1.6423144e+00   9.0047362e-01   8.5946232e-01
   2.9542994e+00   2.0758043e+00   2.1984396e+00   2.2983988e+00   2.7000525e+00   2.2439141e+00   1.9029511e+00   2.5961599e+00   2.8669137e+00   1.9247808e+00   1.6973746e+00   1.4416053e+00   1.8192723e+00   1.7539169e+00   8.8274635e-01   1.0138280e+00
   3.1791718e+00   2.4482375e+00   1.8059500e+00   1.8751851e+00   2.6414036e+00   2.4102607e+00   1.7329842e+00   2.7419088e+00   2.9158175e+00   1.9064927e+00   1.9463467e+00   1.7318872e+00   2.0262947e+00   1.8630628e+00   9.2970500e-01   8.7685799e-01
   2.6443504e+00   2.5845710e+00   1.9489916e+00   2.2128149e+00   2.6241795e+00   2.4879866e+00   2.0848078e+00   2.7680768e+00   2.8089825e+00   1.7771591e+00   2.0376529e+00   1.6958851e+00   2.0183487e+00   1.6818612e+00   7.1855145e-01   6.9961407e-01
   2.5504254e+00   2.3766062e+00   1.8763640e+00   2.4015345e+00   2.7802011e+00   2.7105420e+00   1.9234417e+00   2.8370213e+00   2.7632013e+00   1.6349343e+00   2.1272791e+00   1.8257378e+00   1.7979041e+00   1.4757965e+00   6.1631924e-01   6.4853382e-01
   2.6910032e+00   2.7057359e+00   2.4459329e+00   2.3415018e+00   2.5418044e+00   2.4562146e+00   1.7116392e+00   2.5929165e+00   2.2256177e+00   1.3702712e+00   1.7929000e+00   1.2960178e+00   1.4771830e+00   1.0193961e+00   2.5200659e-01   7.5490755e-01
   2.6994603e+00   1.8510231e+00   1.8002799e+00   2.4723998e+00   2.5633901e+00   2.0704338e+00   1.6431139e+00   2.7079177e+00   2.1797853e+00   1.5010711e+00   1.5995527e+00   1.4029301e+00   1.4763829e+00   8.3877128e-01   5.3838466e-01   7.9573174e-01
   2.5376790e+00   1.8354802e+00   1.9221848e+00   2.2417180e+00   1.8635192e+00   1.4709475e+00   1.9357967e+00   2.4429266e+00   1.9752413e+00   1.3451671e+00   1.5224698e+00   1.2288864e+00   1.0245300e+00   6.8100468e-01   4.8924089e-01   9.0721453e-01
   2.3870277e+00   2.4824054e+00   2.2532713e+00   1.9421661e+00   1.7431834e+00   1.3183773e+00   1.2783296e+00   9.5515690e-01   9.3246008e-01   1.2759231e+00   1.5387474e+00   1.4430928e+00   9.7235044e-01   8.2573675e-01   6.9311325e-01   5.7211885e-01
   2.4329899e+00   1.6550025e+00   2.0492877e+00   2.5226141e+00   1.5853942e+00   1.4650649e+00   1.5367649e+00   1.2796960e+00   1.1536520e+00   1.0954152e+00   9.6382713e-01   1.0836818e+00   8.6032819e-01   7.0994646e-01   4.7137008e-01   4.3858724e-01
   2.7100626e+00   2.0767801e+00   1.5255274e+00   2.2329365e+00   1.6766264e+00   1.1625504e+00   1.3351455e+00   9.9434526e-01   1.0530907e+00   1.0227101e+00   8.0340328e-01   1.0936345e+00   5.2071170e-01   2.7424349e-01   5.3856112e-01   4.5554071e-01
   2.5940380e+00   2.2889855e+00   1.4994946e+00   2.0462994e+00   1.7836968e+00   1.5443985e+00   1.6328787e+00   1.4424481e+00   1.0096882e+00   8.9113550e-01   1.2206176e+00   1.2801704e+00   1.1502470e+00   4.8306912e-01   9.1974573e-01   8.0571133e-01
   2.6440410e+00   2.1289810e+00   2.2216912e+00   2.3245985e+00   1.8841424e+00   1.5494078e+00   8.2479444e-01   1.1348619e+00   1.1534228e+00   9.6792962e-01   1.4814563e+00   1.6894219e+00   1.2599450e+00   7.4856160e-01   9.7206849e-01   7.5729701e-01
   3.0067351e+00   2.7678200e+00   1.9347846e+00   2.3289573e+00   1.8385073e+00   1.3979770e+00   1.1125869e+00   1.2087438e+00   1.2805794e+00   1.1288569e+00   1.3725868e+00   1.5411198e+00   1.1002569e+00   9.0590663e-01   6.8149967e-01   6.9977573e-01
   2.8761742e+00   2.7938364e+00   2.4226406e+00   2.1405559e+00   1.5194273e+00   1.0979984e+00   1.2533172e+00   1.2073175e+00   1.3090145e+00   1.6570495e+00   1.4141852e+00   1.5058869e+00   1.3308155e+00   1.0977010e+00   8.4512810e-01   5.3325398e-01
   2.0297892e+00   2.2503098e+00   1.8651972e+00   1.7741851e+00   1.2199562e+00   1.3230224e+00   1.4668647e+00   1.3337625e+00   8.6573200e-01   1.0396870e+00   1.0474876e+00   9.0744640e-01   9.3677108e-01   7.4853970e-01   6.8689339e-01   4.4611108e-01
   2.5130619e+00   2.4617255e+00   1.6009988e+00   2.2435099e+00   1.4472674e+00   1.6686466e+00   1.3980400e+00   1.0555215e+00   1.4482210e+00   1.4353082e+00   1.1483512e+00   1.8570397e+00   1.3042693e+00   7.3349426e-01   6.0282200e-01   7.3432789e-01
   2.6260209e+00   2.7022925e+00   2.1896910e+00   1.8272021e+00   1.4759981e+00   1.5541312e+00   1.3091905e+00   1.2175210e+00   1.4993824e+00   1.1365753e+00   1.2677070e+00   1.9686986e+00   1.3154438e+00   8.6330648e-01   7.2130763e-01   7.3277839e-01
   2.5435807e+00   2.3629280e+00   2.0494358e+00   2.3151231e+00   1.7877465e+00   1.5230677e+00   1.3490332e+00   1.7957889e+00   1.5408408e+00   1.3136649e+00   1.3367734e+00   1.3116180e+00   1.0166179e+00   1.0744205e+00   7.9002108e-01   6.2031861e-01
   1.9724551e+00   2.4981261e+00   2.0405738e+00   1.6337942e+00   1.3494098e+00   1.5835602e+00   1.2294863e+00   1.4901186e+00   1.1156385e+00   1.4228665e+00   1.3119617e+00   1.8436513e+00   1.1937738e+00   1.2572234e+00   9.2774891e-01   6.1062567e-01
   2.3243240e+00   2.6122001e+00   2.0543563e+00   1.6607706e+00   1.4706765e+00   1.7179095e+00   1.1287536e+00   1.1957573e+00   1.1955926e+00   1.2928288e+00   1.4544240e+00   1.6067143e+00   1.3031561e+00   1.1204386e+00   1.2119223e+00   1.0597858e+00
   2.1317640e+00   2.1138794e+00   2.2641362e+00   2.3764419e+00   1.9641925e+00   9.7916458e-01   1.3681096e+00   1.8550509e+00   1.6004726e+00   1.4413566e+00   1.3021053e+00   1.2326425e+00   1.2002477e+00   7.2039887e-01   7.5678050e-01   6.8021590e-01
   2.3868739e+00   2.1684931e+00   2.0071664e+00   2.0620580e+00   1.5274545e+00   1.5912020e+00   1.1599276e+00   1.3583104e+00   1.2124545e+00   9.2506643e-01   8.1088212e-01   8.3487737e-01   7.0190725e-01   6.3402349e-01   4.4739674e-01   6.6649483e-01
   2.5092873e+00   2.1832503e+00   1.5680644e+00   1.4304263e+00   1.5884922e+00   1.4596243e+00   1.1496629e+00   9.5713361e-01   1.5045056e+00   1.1970452e+00   1.0972374e+00   1.2027597e+00   6.9352717e-01   6.8037598e-01   3.7472383e-01   5.2495495e-01
   2.5907493e+00   2.1366822e+00   1.8467788e+00   2.0065328e+00   1.5205067e+00   1.1691561e+00   1.0934345e+00   1.1959166e+00   1.0194517e+00   7.7478126e-01   9.0638436e-01   9.5112097e-01   5.4968840e-01   3.8395723e-01   3.2829265e-01   3.3467235e-01
   2.2394690e+00   2.1659892e+00   2.0052454e+00   2.4239354e+00   1.8498848e+00   1.6148835e+00   1.6126890e+00   1.4500923e+00   1.1708462e+00   1.0282867e+00   1.1442622e+00   1.2521244e+00   9.6116912e-01   4.6052119e-01   9.6496820e-01   6.5095713e-01
   1.8562297e+00   2.0276666e+00   1.8118155e+00   2.0404561e+00   1.6965166e+00   8.7983918e-01   8.9072553e-01   1.0733696e+00   1.0892305e+00   1.0356237e+00   9.8810617e-01   9.2712511e-01   5.7703418e-01   4.3586367e-01   7.9899411e-01   4.9475967e-01
   2.4714989e+00   2.5677871e+00   1.8991716e+00   1.3371271e+00   1.6397050e+00   1.3233378e+00   1.5094270e+00   1.3092630e+00   1.3087335e+00   8.6829068e-01   1.0984983e+00   1.4875022e+00   1.2127938e+00   4.2868975e-01   5.8717123e-01   5.2382802e-01
   2.6317296e+00   2.3705713e+00   2.1187929e+00   1.6494372e+00   1.3725056e+00   1.1799392e+00   1.2464543e+00   8.4193447e-01   1.1542347e+00   9.8311292e-01   8.9706357e-01   1.3417028e+00   9.1978357e-01   6.7478689e-01   6.2216656e-01   4.5517022e-01
   2.8350952e+00   2.3388553e+00   1.3032377e+00   1.9658874e+00   1.6950887e+00   1.4682583e+00   1.4123307e+00   1.2079478e+00   1.0062931e+00   9.7223249e-01   1.4434037e+00   1.4837394e+00   1.0320030e+00   5.6910500e-01   5.0278195e-01   5.2256849e-01
   2.3265998e+00   2.3632309e+00   1.9175787e+00   1.4646743e+00   1.8764557e+00   1.4378435e+00   1.3734939e+00   1.3323517e+00   6.9985575e-01   1.0247196e+00   1.2046324e+00   1.0869129e+00   7.7477233e-01   5.3332923e-01   3.7451515e-01   5.1916002e-01
   2.4967012e+00   2.3988736e+00   2.0161050e+00   1.7242288e+00   1.3399348e+00   6.2156819e-01   1.0603363e+00   1.0244641e+00   7.5199824e-01   8.0946363e-01   8.3237986e-01   1.1547003e+00   8.5150261e-01   5.2543381e-01   6.6138798e-01   3.0909228e-01
   2.0188625e+00   2.6432005e+00   1.8968396e+00   1.4153615e+00   7.3667889e-01   6.8196477e-01   9.7050444e-01   1.1011180e+00   1.3081341e+00   1.0387651e+00   1.0295616e+00   1.1972693e+00   8.0304787e-01   4.5676195e-01   6.2682553e-01   4.9155309e-01
   2.4673045e+00   2.5882940e+00   2.5257990e+00   2.1732141e+00   2.1227444e+00   1.2158602e+00   9.5627261e-01   1.3925511e+00   1.4139674e+00   1.1677220e+00   1.0004350e+00   1.1232199e+00   9.1063542e-01   8.0176590e-01   7.3613427e-01   6.7192315e-01
   2.5049139e+00   2.4844712e+00   1.8879318e+00   2.5059690e+00   2.0169912e+00   2.0561029e+00   1.7260670e+00   1.0869862e+00   1.2125186e+00   1.5473829e+00   1.9078196e+00   1.8672349e+00   1.4100069e+00   9.7860859e-01   8.7929238e-01   6.6956262e-01
   2.0311761e+00   2.1828766e+00   2.2922154e+00   2.1911077e+00   1.9474081e+00   1.5844152e+00   1.5189923e+00   1.1318327e+00   1.1209252e+00   1.4018436e+00   1.5838402e+00   1.6765392e+00   9.9141901e-01   7.6820047e-01   7.5706807e-01   5.5712213e-01
   2.2065005e+00   2.4603704e+00   2.0233476e+00   1.4818364e+00   1.5415228e+00   1.8055564e+00   1.4333597e+00   1.7836375e+00   1.4264949e+00   1.4092872e+00   1.3536443e+00   1.1584327e+00   7.0436410e-01   7.5471284e-01   7.8238979e-01   7.0312271e-01
   2.1719411e+00   2.0661071e+00   2.2304663e+00   2.1871787e+00   1.7120968e+00   1.7072961e+00   1.2193465e+00   1.3836004e+00   1.1497335e+00   1.2303008e+00   1.3174565e+00   1.0038335e+00   1.0325783e+00   9.4399182e-01   8.0813390e-01   9.0589907e-01
   2.6121277e+00   2.7793850e+00   2.3511714e+00   2.4087833e+00   1.7573918e+00   1.1624119e+00   7.6079580e-01   1.6328185e+00   1.5440821e+00   1.0885634e+00   1.2812327e+00   1.2538714e+00   9.4663797e-01   5.0825346e-01   6.5086623e-01   5.7217391e-01
