   3.9653118e+00   2.5808663e+00   9.3361684e-01   7.4923069e-01   1.6509063e-01   1.9267951e-01  -7.5622696e-01  -1.0117967e+00  -1.1777452e+00  -1.4081966e+00  -1.5867917e+00  -1.4658980e+00  -1.2015336e+00  -1.3952203e+00  -1.1145229e+00  -1.2242839e+00
   4.1529240e+00   2.4691729e+00   1.3429880e+00   6.3436428e-01   2.7847726e-01  -1.0165686e-02  -1.6865022e-01  -2.8700229e-01  -4.2016597e-01  -4.6559913e-01  -4.8393402e-01  -4.6149658e-01  -5.6268231e-01  -5.4995745e-01  -4.7231583e-01  -4.6418760e-01
   4.8809626e+00   2.5821516e+00   1.1530957e+00   8.9170316e-01   2.8305661e-01  -2.2493825e-01  -2.7483827e-01  -7.7607825e-01  -6.9418869e-01  -8.8012392e-01  -1.0191070e+00  -1.1009129e+00  -1.0860740e+00  -9.9674157e-01  -9.7133382e-01  -9.5186225e-01
   4.5523106e+00   2.7344793e+00   9.4108206e-01   9.6752290e-01   4.3996389e-01   4.1742109e-02  -6.6336083e-01  -1.0367630e+00  -7.9293847e-01  -1.2086551e+00  -1.4650954e+00  -1.2579239e+00  -1.4295060e+00  -1.4785210e+00  -1.4929533e+00  -1.5240248e+00
   4.0614233e+00   2.0976028e+00   7.0904198e-01   3.7800937e-01   7.2340919e-02   4.0494312e-02  -4.7843184e-01  -8.5959933e-01  -1.1356272e+00  -1.3897018e+00  -1.5847311e+00  -1.5903487e+00  -1.7345126e+00  -1.7050673e+00  -1.6238017e+00  -1.7234507e+00
   4.0158075e+00   2.7138348e+00   1.3685228e+00   6.9773735e-01   3.2382738e-01   1.4660276e-01  -1.9070655e-01  -5.6340736e-01  -4.0827838e-01  -6.6668740e-01  -7.6532244e-01  -8.6043858e-01  -9.2080547e-01  -9.0660489e-01  -7.7185333e-01  -8.0945187e-01
   4.5818774e+00   2.2971701e+00   1.6064563e+00   8.0624598e-01   2.6848971e-01   1.4253002e-01  -2.0318922e-01  -7.4190107e-01  -8.4994138e-01  -8.6617955e-01  -9.7763833e-01  -1.0644578e+00  -1.1868048e+00  -1.0848478e+00  -3.7972909e-01  -5.6522333e-01
   3.9481128e+00   2.1126503e+00   1.2419471e+00   7.6233917e-01   7.7270583e-01   2.5174538e-01  -1.0956868e-01  -2.7821157e-01  -3.2352519e-01  -3.5071304e-01  -4.1599990e-01  -4.3459202e-01  -4.5786461e-01  -4.6251788e-01  -3.6188147e-01  -3.2426004e-01
   4.2033193e+00   1.5514101e+00   1.0049544e+00   1.0537194e+00   6.3744683e-01  -1.7626163e-04  -4.8030267e-01  -7.7518185e-01  -7.4861935e-01  -8.3134465e-01  -1.2150626e+00  -1.2928628e+00  -1.3069321e+00  -1.1297676e+00  -9.3240321e-01  -9.9981152e-01
   4.0721494e+00   1.4822792e+00   7.4387344e-01   8.4145776e-01   5.1918856e-01   3.8662485e-01   2.9133406e-01   2.2894081e-01   1.3017091e-01  -2.9966711e-03  -2.5476776e-03  -4.3623328e-02  -7.0152139e-02  -7.5635193e-02  -4.5149394e-02  -1.1165617e-02
   4.1917151e+00   2.1048150e+00   9.8570435e-01   9.7715571e-01   7.3405467e-01   5.5921643e-01   3.1067815e-01   2.9841546e-01   1.8699766e-01   1.4555541e-01   1.0866512e-01   7.7794676e-02   7.5371372e-02   6.1084125e-02   6.9353510e-02   9.9398153e-02
   4.4113563e+00   1.9116860e+00   1.0876842e+00   1.0331072e+00   9.4041973e-01   3.8782336e-01   1.7920246e-01   1.0094116e-01   4.9425518e-02  -2.6635969e-02  -9.1857654e-02  -1.1045232e-01  -1.1341336e-01  -1.1525338e-01  -1.1040069e-01  -6.3553770e-02
   4.7448804e+00   2.7465035e+00   1.1953197e+00   6.8704418e-01   5.9141348e-01  -2.9308663e-02  -1.4153402e-01  -2.6501897e-01  -3.2727200e-01  -3.6561531e-01  -3.8386972e-01  -4.5150121e-01  -4.6293775e-01  -4.5393373e-01  -4.7954546e-01  -4.4153430e-01
   4.1768695e+00   2.2116375e+00   1.4371747e+00   5.4819897e-01   2.6032101e-01   2.5113225e-01  -1.9408005e-01  -3.5298616e-01  -3.8443882e-01  -4.2996648e-01  -4.1060547e-01  -5.1154311e-01  -5.4023582e-01  -5.3713760e-01  -5.3410387e-01  -4.9744844e-01
   3.8918346e+00   2.6983330e+00   1.1189037e+00   2.7724363e-01   9.5135808e-02   5.2542436e-02  -3.4314707e-01  -9.7828872e-01  -1.1003020e+00  -1.2914791e+00  -1.2298771e+00  -1.2110103e+00  -1.2576876e+00  -1.5148367e+00  -9.1600618e-01  -9.9586070e-01
   4.0552359e+00   3.0146451e+00   1.5236681e+00   7.5096500e-01   1.9194464e-01  -7.0203339e-02  -4.5240622e-01  -8.2320295e-01  -7.7616074e-01  -7.5729956e-01  -8.6104640e-01  -9.9864480e-01  -1.0205302e+00  -1.0169815e+00  -5.4719124e-01  -6.0860611e-01
   4.3327093e+00   3.0013979e+00   1.5041115e+00   6.7624494e-01   1.5040123e-01   2.3336069e-01  -1.2085349e-01  -4.1748611e-01  -5.3834390e-01  -6.0515330e-01  -6.0530210e-01  -6.3185386e-01  -6.6300103e-01  -6.8168204e-01  -4.7443498e-01  -4.7455575e-01
   4.4359861e+00   2.9158851e+00   1.6984142e+00   4.9856922e-01   3.1341282e-01   2.0298724e-02  -7.5213485e-02  -2.8430240e-01  -3.1589526e-01  -3.9969155e-01  -3.7302866e-01  -3.6031328e-01  -4.7819040e-01  -4.8008985e-01  -3.2004946e-01  -3.1777111e-01
   4.4800504e+00   2.9350368e+00   1.3746167e+00   7.8300882e-01   4.4811580e-01   3.2278913e-01   8.9541250e-02  -2.5020072e-01  -2.3991647e-01  -2.1687630e-01  -3.1346575e-01  -2.6892566e-01  -3.6822879e-01  -3.7543824e-01  -3.4770994e-01  -3.2352941e-01
   4.4456986e+00   2.7406295e+00   1.0385494e+00   7.0558849e-01   5.9921898e-01   1.6863360e-01  -1.4498763e-01  -2.4382371e-01  -3.6270815e-01  -4.6332541e-01  -5.3281166e-01  -5.5532357e-01  -6.3341960e-01  -6.4390211e-01  -6.1960581e-01  -5.7528102e-01
   3.9734934e+00   2.7623583e+00   1.2521447e+00   6.5538510e-01   5.6223856e-01   4.0866398e-01   5.1997830e-02   1.0721598e-02  -2.5940965e-02  -1.1726814e-01  -1.3449467e-01  -1.5955288e-01  -1.8966319e-01  -1.8250023e-01  -1.7175706e-01  -1.5346609e-01
   4.3086559e+00   2.7329941e+00   1.5126222e+00   3.9878233e-01   3.9464206e-01   4.6775807e-01  -2.4480251e-01  -6.8832609e-01  -7.1492822e-01  -8.0351652e-01  -8.3718618e-01  -9.6817965e-01  -9.7707022e-01  -9.4063054e-01  -9.5220175e-01  -8.7606663e-01
   3.7987268e+00   2.2282630e+00   1.2348027e+00   9.4339397e-01   4.2158266e-01   3.6118830e-01  -1.3488392e-02  -1.2207253e-01  -2.6981604e-01  -2.7390729e-01  -3.4561988e-01  -3.2651018e-01  -4.0765160e-01  -3.9135000e-01  -2.7831958e-01  -2.9632983e-01
   3.5032855e+00   1.9648947e+00   9.9483408e-01   4.2530240e-01   2.9859098e-01  -2.2710802e-01  -8.2166325e-01  -8.2439539e-01  -8.2338476e-01  -1.1475416e+00  -8.6326004e-01  -7.9359934e-01  -1.1659114e+00  -1.0998763e+00  -7.2793703e-01  -9.3918083e-01
   3.9117767e+00   2.3070563e+00   1.2869144e+00   5.2037504e-01   2.7148271e-01  -4.6604845e-01  -1.4897300e+00  -1.5725658e+00  -1.0240223e+00  -1.2555060e+00  -1.1873809e+00  -1.1341870e+00  -1.6207000e+00  -1.5442065e+00  -1.1665347e+00  -1.1750661e+00
   3.9251622e+00   2.4086299e+00   9.7054713e-01   3.7961560e-01   1.2233226e-01  -6.3755619e-02  -9.5989467e-01  -1.1501019e+00  -1.0507949e+00  -1.1715721e+00  -1.3140868e+00  -1.1858422e+00  -1.4994706e+00  -1.5775932e+00  -1.1332363e+00  -1.3053867e+00
   4.4265108e+00   2.3503977e+00   8.0174215e-01   6.3801155e-01   2.0262979e-02  -1.7765104e-01  -4.2320584e-01  -9.7185236e-01  -9.4131595e-01  -9.3117606e-01  -9.2048928e-01  -8.6588359e-01  -1.3776095e+00  -1.4487403e+00  -1.4161424e+00  -1.3650938e+00
   4.3142723e+00   2.1694849e+00   1.2830698e+00   9.0183875e-01  -7.7535586e-02  -1.2853941e-01  -6.9442471e-01  -6.5304953e-01  -8.4953039e-01  -1.2272473e+00  -1.4025124e+00  -1.2743791e+00  -1.6803520e+00  -1.3789902e+00  -1.4791825e+00  -1.3649018e+00
   3.9674492e+00   2.8806976e+00   7.8577393e-01   6.9911892e-01  -2.6682555e-02   7.4614714e-02  -1.0008062e+00  -1.0221868e+00  -8.0696134e-01  -1.4154992e+00  -1.3785149e+00  -1.4236094e+00  -1.6840670e+00  -1.4267108e+00  -1.2752588e+00  -1.1619629e+00
   4.2797044e+00   2.5151353e+00   1.3406674e+00   1.1414176e+00   4.1613344e-01   4.1092112e-02  -3.5550821e-01  -8.5135679e-01  -1.0033354e+00  -1.1808184e+00  -1.4623308e+00  -1.3351748e+00  -1.4304852e+00  -1.4103785e+00  -5.6350538e-01  -7.9835811e-01
   4.3723383e+00   3.0161397e+00   1.5973881e+00   1.4027204e+00   1.3856532e-01  -1.9432521e-01  -3.6354132e-01  -7.6618416e-01  -7.3776494e-01  -8.0226938e-01  -7.0788682e-01  -6.1092717e-01  -8.1783411e-01  -6.4816717e-01  -4.2240203e-02  -3.6329230e-01
   4.4011850e+00   2.7219159e+00   1.2265003e+00   1.0344013e+00   2.9661311e-01  -2.4278045e-01  -6.4756600e-01  -9.7755044e-01  -1.1026020e+00  -1.1977728e+00  -9.4148261e-01  -6.9241906e-01  -8.4787913e-01  -7.8270092e-01  -1.1555531e-02  -3.3392727e-01
   4.3531085e+00   2.4436809e+00   1.4617964e+00   1.2947464e+00   2.0983708e-01  -8.1387739e-01  -6.9194391e-01  -8.6559848e-01  -1.1181856e+00  -1.2648571e+00  -8.2698826e-01  -7.4385504e-01  -9.3327362e-01  -7.5180576e-01  -8.1820633e-02  -1.7161962e-01
   4.6509070e+00   2.7021624e+00   1.5296505e+00   1.0038816e+00  -1.0365287e-01  -1.8549118e-01  -2.5692785e-01  -8.3796164e-01  -1.1500875e+00  -1.0046467e+00  -8.7118300e-01  -4.3659871e-01  -9.3379289e-01  -7.9340467e-01   7.9258325e-02  -1.4497585e-01
   3.9921285e+00   2.7089612e+00   1.1344025e+00   8.7005378e-01   5.3938029e-01   3.4512214e-01   1.5283240e-01   6.9931691e-02   3.4797956e-02  -1.4647213e-02   7.4104148e-02   7.6854896e-02  -2.1379900e-02  -7.4427373e-02   9.5593566e-02   6.7943330e-02
   4.4234525e+00   2.3715336e+00   1.2045338e+00   6.9666495e-01   5.2490235e-01   5.7231732e-01   8.3139643e-02   2.7621788e-02  -9.9092342e-02  -1.5148077e-01  -7.4609201e-02   1.5350175e-01  -1.9174367e-01  -2.3156765e-01  -4.2216550e-02  -1.1002988e-01
   4.6663067e+00   2.5670544e+00   1.4131723e+00   7.7416723e-01   6.1108231e-01   5.5372833e-01   2.8452923e-01   1.9756129e-01   3.9896695e-02   1.1685802e-02   7.0789338e-02   3.5665999e-01   1.4290206e-02  -5.2389318e-02   8.3890108e-02   3.0433765e-02
   4.5383695e+00   2.9125365e+00   1.8472632e+00   1.0149161e+00   7.6104506e-01   5.1313169e-01   3.1891707e-01   1.8155256e-01   2.0080701e-01   1.0298296e-01   2.1717793e-01   5.4187085e-01   2.3015889e-01   4.3036830e-02   1.1103377e-01   8.9519150e-02
   3.9747979e+00   2.3931234e+00   1.3779635e+00   9.5046894e-01   5.4662620e-01   3.5674335e-01  -5.6657637e-01  -9.2118926e-01  -7.7261627e-01  -8.2850892e-01  -3.4431287e-01   3.5373299e-01  -2.4586895e-01  -8.0853680e-01  -3.3969938e-01  -6.0966835e-01
   4.1502114e+00   2.4728948e+00   7.4179898e-01   9.2310572e-01   4.1227467e-01   1.2002352e-01  -6.6180911e-01  -1.5402328e+00  -1.0066448e+00  -9.3982073e-01  -6.4278822e-01   1.9286391e-01  -4.2787161e-01  -1.2220307e+00  -9.4917086e-02  -7.9267248e-01
   4.2967527e+00   2.5561896e+00   1.6142163e+00   9.3412157e-01   4.0581497e-01   2.4371757e-01   2.9374432e-02  -9.3880001e-02  -2.0139509e-01  -2.0270624e-01  -1.6847396e-01   2.0548603e-01   6.1979536e-02  -2.2778398e-01   2.1489441e-01  -1.2371047e-01
   4.4267789e+00   2.3688378e+00   1.5132575e+00   1.0567046e+00   7.1675439e-01   5.2914966e-01   1.4321411e-01  -1.8979577e-02  -4.3198791e-02  -8.0484517e-02  -1.1198379e-01   2.4225945e-01   1.7388505e-01  -1.5073331e-01   3.1491778e-01  -2.0721911e-02
   4.4733091e+00   3.0754454e+00   1.6320789e+00   8.6408649e-01   5.4556407e-01   2.9700706e-01  -1.0687185e-01  -3.2878915e-01  -3.6245531e-01  -4.2289407e-01  -3.5446368e-01   4.7208294e-02  -1.9118959e-01  -3.4852750e-01   1.4348271e-01  -3.6864468e-01
   4.4097959e+00   3.0814077e+00   1.5528471e+00   8.8280339e-01   6.2301587e-01   1.8320816e-01  -2.5933281e-01  -3.3852599e-01  -3.6925282e-01  -3.6883932e-01  -3.7823668e-01  -1.1772713e-02  -5.3999421e-02  -3.3957636e-01   8.6119901e-02  -3.8274740e-01
   4.1541195e+00   2.8713582e+00   1.2485132e+00   1.2258205e+00   5.4028654e-01   4.8684936e-01   2.5963507e-01   2.0740028e-01   1.6059448e-01   9.6239201e-02   6.2691293e-02   1.3135867e-01   1.2852716e-01   3.6613915e-02   2.5825616e-01   7.1625394e-02
   4.1710339e+00   2.2039633e+00   1.0173058e+00   9.2432046e-01   1.2093745e-01   3.1408363e-01  -4.1814511e-01  -5.8379868e-01  -5.9016711e-01  -6.7686718e-01  -6.2015871e-01  -2.5804586e-01  -5.1906233e-01  -6.1168043e-01  -5.2731158e-02  -5.1895920e-01
   3.8805495e+00   2.2080795e+00   1.7635824e+00   9.6754731e-01   3.6111122e-01   1.2336359e-01  -5.1215732e-01  -5.3825803e-01  -5.7628319e-01  -6.4909869e-01  -7.3046657e-01  -6.0537897e-01  -5.2290700e-01  -6.1604496e-01   4.9470901e-02  -5.7351983e-01
   3.4905758e+00   1.7583119e+00   1.4074513e+00   1.2140551e+00   4.9772636e-01   8.8115601e-02  -3.3091402e-01  -3.8315077e-01  -3.2242170e-01  -5.1498555e-01  -6.1981529e-01  -3.4483560e-01  -3.3709142e-01  -4.7431158e-01  -4.0383633e-02  -4.7986512e-01
   2.8714409e+00   2.2080737e+00   9.2961835e-01   7.4132177e-01   3.4069048e-01  -4.4113894e-02  -9.4760058e-01  -8.7751908e-01  -1.1633610e+00  -9.1324115e-01  -1.2797861e+00  -7.7781574e-01  -7.6604752e-01  -9.2177684e-01  -3.0653625e-01  -8.0214583e-01
   4.2509651e+00   2.5442811e+00   1.3877379e+00   1.0161745e+00   1.9016438e-02   1.1837003e-01  -4.6586698e-01  -9.5442275e-01  -9.1254414e-01  -1.1303736e+00  -1.2426839e+00  -5.3629388e-01  -7.2684866e-01  -9.9889682e-01  -2.0876776e-02  -4.8638917e-01
   4.3440731e+00   2.5597935e+00   1.4342064e+00   8.6538133e-01  -2.1528956e-02   2.4449869e-02  -8.5479675e-01  -8.3296411e-01  -8.7332284e-01  -1.0582427e+00  -1.4173772e+00  -6.2761229e-01  -5.0205368e-01  -1.0743154e+00   1.6047530e-02  -5.5290358e-01
   3.7447557e+00   2.4749171e+00   1.4026571e+00   1.3634746e+00   2.1402835e-01  -2.1763293e-01  -4.7646462e-01  -9.3503840e-01  -1.0106691e+00  -9.2961163e-01  -1.0289514e+00  -4.4865220e-01  -3.1741226e-01  -8.9260237e-01  -1.5126075e-01  -7.3717871e-01
   4.1253008e+00   2.5405940e+00   1.5594969e+00   1.1253242e+00   2.9598173e-01   3.8791809e-01   2.8302232e-02  -5.4551201e-01  -6.6392403e-01  -7.6881634e-01  -8.0957744e-01  -3.1731881e-01  -2.0802004e-01  -7.8042394e-01  -3.0754559e-01  -7.2018864e-01
   4.3191441e+00   2.1701256e+00   1.2728303e+00   9.3131112e-01  -1.1256109e-01   1.2955409e-01  -3.7703913e-01  -6.7711163e-01  -9.9383445e-01  -1.2155394e+00  -1.1159381e+00  -4.4023432e-01  -2.7437534e-01  -8.4377823e-01  -2.0613638e-01  -8.1951626e-01
   4.0827946e+00   2.3455853e+00   1.0775612e+00   9.5375561e-01   5.3245468e-01   3.5113312e-01  -3.3313472e-01  -9.3019699e-01  -1.3455964e+00  -1.2556104e+00  -1.1321106e+00  -4.0358620e-01  -3.1990960e-01  -1.0125533e+00  -3.3384301e-01  -6.2624616e-01
   4.2067901e+00   2.5650207e+00   1.0711316e+00   8.5477016e-01   5.0844121e-01  -3.2526034e-01  -4.2011598e-01  -7.9296761e-01  -9.2722143e-01  -1.2261334e+00  -1.1480731e+00  -3.8385298e-01  -2.2530259e-01  -1.1150483e+00  -1.6424593e-01  -5.8836077e-01
   3.9642697e+00   2.9592337e+00   1.6207837e+00   1.0570416e+00   2.8374108e-01   3.5629027e-01  -3.3598890e-01  -4.0856263e-01  -5.4872749e-01  -7.3590386e-01  -7.0614412e-01  -4.1436559e-01  -3.3024887e-01  -7.3669560e-01  -1.7300873e-01  -5.2194585e-01
   3.9947758e+00   2.9663737e+00   1.4421678e+00   9.7949665e-01   1.9408046e-01  -4.1173469e-01  -3.6666210e-01  -7.6797233e-01  -9.1650469e-01  -1.2665816e+00  -1.2678535e+00  -5.8225242e-01  -5.2701096e-01  -1.4791871e+00  -8.5681272e-01  -1.2568671e+00
   3.7004749e+00   2.2956995e+00   1.4107072e+00   8.3301322e-01   1.3174208e-01  -1.0182125e-01  -2.8243998e-01  -3.2606525e-01  -7.8487874e-01  -7.5888930e-01  -8.1155276e-01  -6.5049075e-01  -6.1311274e-01  -9.5068425e-01  -5.0675062e-01  -7.7184680e-01
   4.1018343e+00   2.5306128e+00   1.5793142e+00   1.2763331e-01   3.9403618e-02   1.7490783e-01  -1.9832638e-02  -3.6680046e-01  -8.8333593e-01  -9.0719097e-01  -9.9222920e-01  -8.2225105e-01  -7.4413984e-01  -1.1515795e+00  -7.6404192e-01  -1.0267240e+00
   4.0056724e+00   2.6788498e+00   1.5058840e+00   2.7797899e-01   4.1171645e-01   3.4816151e-01  -2.0620450e-01  -4.8847388e-01  -4.8310317e-01  -4.5907433e-01  -5.5849416e-01  -6.3177355e-01  -5.6195655e-01  -7.0187120e-01  -6.6512841e-01  -5.0896155e-01
   4.2042820e+00   2.5557030e+00   8.4858559e-01   3.4986373e-01   6.6360756e-01  -9.9712659e-02  -3.4644874e-01  -6.7440970e-01  -8.2611538e-01  -1.0317970e+00  -1.0187508e+00  -8.7597631e-01  -8.4391697e-01  -1.0887872e+00  -6.4480390e-01  -8.1652019e-01
   4.3546620e+00   2.6589516e+00   1.3467569e+00   7.9998914e-01   6.0313702e-01   5.6650002e-02  -2.4081669e-01  -4.9680191e-01  -4.7572682e-01  -5.5350866e-01  -5.3993939e-01  -5.1773790e-01  -4.7973995e-01  -5.5384812e-01  -2.0148340e-01  -2.8785923e-01
   4.1304312e+00   2.7163733e+00   1.5001121e+00   9.1312716e-01   8.8635157e-01   1.9196590e-01  -2.0138648e-01  -2.2529338e-01  -3.7334358e-01  -4.2553219e-01  -4.3285940e-01  -3.9849326e-01  -4.0610786e-01  -4.7683878e-01  -2.2134087e-01  -2.4781017e-01
   3.9131697e+00   2.3427485e+00   1.2646839e+00   8.8086838e-01   1.6902431e-01   1.7161725e-01  -3.7421220e-01  -5.7167545e-01  -7.8342309e-01  -8.0803341e-01  -7.9728023e-01  -8.5502634e-01  -8.6372677e-01  -9.3696750e-01  -7.5257676e-01  -6.8540540e-01
   3.8540371e+00   2.2586833e+00   9.4546058e-01   1.2247514e+00   4.0640991e-02   8.3471713e-02  -3.9616284e-01  -1.0148004e+00  -1.0664109e+00  -1.4809236e+00  -1.3861331e+00  -1.2526178e+00  -1.3111718e+00  -1.4476440e+00  -1.1337248e+00  -1.2021416e+00
   3.5929829e+00   2.2065818e+00   1.2487232e+00   9.9047337e-01   2.7289629e-01   8.7088001e-02  -2.5840431e-01  -6.4549122e-01  -5.3119677e-01  -7.4436148e-01  -8.3014453e-01  -8.5066753e-01  -8.6637106e-01  -8.9744499e-01  -8.0502820e-01  -7.9779873e-01
   4.0913407e+00   2.4493074e+00   1.1035162e+00   9.5832279e-01   4.3829717e-01   2.4391684e-01  -3.1506072e-02  -1.2945553e-01  -1.7082598e-01  -2.3051977e-01  -2.6136452e-01  -2.7708888e-01  -2.9685464e-01  -3.1932055e-01  -2.9845282e-01  -2.7681260e-01
   4.3627838e+00   2.9710672e+00   1.0407137e+00   7.2016869e-01   4.9537005e-01   3.7286652e-01   3.5089609e-02  -8.9107557e-02  -5.6947078e-02  -9.9413349e-02  -1.8819650e-01  -2.1406879e-01  -2.0957610e-01  -2.6514780e-01  -1.7618807e-01  -1.9199421e-01
   4.0355269e+00   2.7044344e+00   9.4122032e-01   7.4949123e-01   6.1515050e-01   1.8823247e-01   1.0488233e-01  -2.8279016e-02  -4.8344213e-02  -1.2239746e-01  -1.7366950e-01  -1.7090975e-01  -1.6100197e-01  -2.0845458e-01  -2.0227421e-01  -1.5940736e-01
   4.2225185e+00   2.5624369e+00   1.1734792e+00   9.0892604e-01   6.1238176e-01   2.4092340e-01  -1.6783264e-02  -1.7442152e-01  -2.3769364e-01  -2.4634991e-01  -3.3212090e-01  -3.0672243e-01  -3.0606460e-01  -3.5693098e-01  -9.4750350e-02  -1.8634147e-01
   4.3311821e+00   2.7562592e+00   1.0480279e+00   1.0125480e+00   5.5289831e-01   3.5074570e-01  -9.5835400e-02  -1.9733446e-01  -2.4099996e-01  -2.7222493e-01  -3.2705603e-01  -3.2886234e-01  -3.5690749e-01  -3.6528970e-01  -1.2629414e-01  -1.6844256e-01
   4.2818880e+00   2.4307792e+00   9.1051561e-01   2.9645137e-01  -3.2591139e-01   6.2404140e-02  -3.7639410e-01  -1.2551944e+00  -1.2192660e+00  -1.4308060e+00  -1.5158696e+00  -1.3713039e+00  -1.1424869e+00  -1.3494077e+00  -7.9121278e-01  -1.0465564e+00
   3.9339094e+00   2.8467656e+00   1.5283347e+00   6.8105826e-01   1.5548495e-01  -1.6255209e-02  -3.3973243e-01  -7.1303245e-01  -7.6334980e-01  -1.2323090e+00  -1.7756233e+00  -1.1059041e+00  -1.0253725e+00  -1.0495187e+00  -3.4236462e-01  -7.2617322e-01
   2.9854044e+00   2.1488160e+00   8.3913198e-01   6.7078155e-01   3.4731283e-01   6.0509917e-02  -5.4693494e-02  -3.4935567e-01  -5.0386719e-01  -6.2765618e-01  -6.7489204e-01  -7.2487145e-01  -7.4319944e-01  -7.6408283e-01  -6.0891422e-01  -6.7437484e-01
   3.2023337e+00   2.3628502e+00   8.8835983e-01   1.3683160e-01  -8.3454076e-02   1.9128882e-01  -3.5772235e-01  -9.9198282e-01  -1.0020222e+00  -1.1626488e+00  -1.3242660e+00  -1.1903405e+00  -1.2473239e+00  -1.2847415e+00  -1.2567323e+00  -1.2321879e+00
   3.8387397e+00   2.2125401e+00   5.4944896e-01   5.3716126e-01   1.9106952e-01   2.7524358e-01  -4.8842950e-01  -8.9044893e-01  -1.1221243e+00  -1.3207787e+00  -1.5871848e+00  -1.2698374e+00  -1.3361107e+00  -1.5025496e+00  -1.2041704e+00  -1.2783073e+00
   4.1365308e+00   2.6040906e+00   1.3851404e+00   7.3848639e-01   2.6553362e-01  -2.3891352e-01  -3.5714616e-01  -3.6386794e-01  -5.3412363e-01  -6.7812860e-01  -7.4388580e-01  -6.6837926e-01  -7.2153682e-01  -7.4192745e-01  -6.9230701e-01  -7.4320896e-01
   4.0834391e+00   2.7423789e+00   1.3409660e+00   8.8172383e-01   3.2916747e-01   2.1779204e-01  -5.8862345e-02  -1.5127578e-01  -3.2684615e-02  -1.6247382e-01  -2.9250489e-01  -3.4039418e-01  -3.2686549e-01  -3.4690960e-01  -2.0138356e-01  -2.2505819e-01
   3.6593580e+00   2.5521787e+00   1.4728858e+00   6.3799976e-01   1.3830913e-01  -1.0867058e-01  -2.8645447e-01  -3.4949693e-01  -3.6407875e-01  -3.6867527e-01  -5.5211444e-01  -5.7359536e-01  -5.5891399e-01  -5.8181437e-01  -4.2329573e-01  -4.2972523e-01
