   4.4742680e+00   3.8222612e+00   2.7110510e+00   1.5118450e+00   8.5055434e-01   1.1183595e+00   7.1886736e-01   8.7405158e-01   2.8419453e-01  -1.0151707e-01   3.7670993e-01   2.2645939e-01  -2.7862435e-01  -1.8277035e-01  -3.2933143e-01  -3.3241540e-01
   4.7458031e+00   4.0917141e+00   2.3870028e+00   1.5329377e+00   5.5083663e-01   1.2567523e+00   8.3685606e-01   6.2012909e-01   4.8464029e-01   1.7498063e-01   2.6516491e-01   5.5658886e-01   2.2807241e-01   5.3740446e-02   1.1976858e-01   7.0724578e-02
   4.0913731e+00   3.5615574e+00   1.3853346e+00   1.3491655e+00   1.2120358e+00   6.3257163e-01   5.9565126e-01   2.6106529e-01   6.3445740e-01   1.7780236e-02   1.0947471e-02   2.8775087e-02  -4.2178661e-01  -5.0640356e-01   1.9243463e-02  -1.3923490e-01
   4.6680348e+00   3.8361908e+00   1.7954926e+00   1.0830962e+00   1.1032858e+00   1.1258765e+00   1.2589511e+00   7.1853952e-01   4.7112647e-01   3.5164941e-01   1.5959936e-01   5.9348098e-03  -1.5330587e-01  -3.7033169e-01   4.4245969e-01   1.2161267e-01
   4.4440262e+00   3.1322098e+00   1.8563666e+00   1.1836949e+00   9.3873210e-01   1.1124601e+00   1.1820311e+00   6.4438289e-01   2.0253417e-01   9.9567634e-02   2.0082607e-01  -3.0341223e-02  -2.1424430e-01  -2.4684168e-01   2.8468986e-02  -7.3964868e-02
   3.7329452e+00   3.5597498e+00   2.2461916e+00   1.7732616e+00   1.4948212e+00   1.4821804e+00   7.4516361e-01   4.5407695e-01   2.6062870e-01   5.3957423e-02   1.5571297e-01  -1.1653029e-01  -4.3855675e-01  -5.3770893e-01  -3.8557757e-01  -3.5586934e-01
   4.1874307e+00   2.9980300e+00   2.2720685e+00   1.6992979e+00   1.0335661e+00   1.3921519e+00   8.8391778e-01   2.5410518e-01   1.4974980e-01  -1.0510647e-02   2.5950288e-01   1.7400730e-01   9.3090749e-02  -4.6597944e-01  -2.2330862e-01  -4.0005243e-01
   4.1355782e+00   2.6673052e+00   1.8394251e+00   1.8251269e+00   1.7513961e+00   1.5838955e+00   1.1352133e+00   2.7437312e-01  -1.0103108e-01   9.5721650e-02   1.6040524e-01   5.6171745e-02  -4.6458734e-02  -3.0503947e-01  -3.7962625e-01  -4.3678109e-01
   4.2427121e+00   3.7359753e+00   2.5012815e+00   1.5413630e+00   1.1851683e+00   1.2757055e+00   1.0809505e+00   3.4272559e-01   2.9869283e-01   3.6457313e-02  -9.7203107e-02  -1.8795074e-01  -1.2777755e-01  -1.4469872e-01  -4.8881179e-01  -4.7645132e-01
   4.5666841e+00   4.2766281e+00   3.2794007e+00   2.2885860e+00   1.5866366e+00   1.2392993e+00   8.4308943e-01   3.6579419e-01   1.5718881e-01  -1.1767883e-02  -2.1944962e-01  -4.4033591e-03  -2.8301551e-01  -1.7249136e-01  -3.6094412e-01  -4.6417516e-01
   4.4568743e+00   3.8686196e+00   2.7781343e+00   1.7331320e+00   1.1538149e+00   1.1487529e+00   8.1661429e-01   7.7891699e-01   4.6074345e-01  -3.1087544e-01  -2.5389269e-01   1.2410369e-02   8.9184303e-02  -4.8807743e-01  -5.6082883e-01  -6.2548617e-01
   4.0343118e+00   3.2795118e+00   1.7928467e+00   1.1297351e+00   1.5369380e+00   1.2784241e+00   5.3158384e-01   3.8914985e-01   5.1485051e-01   7.7762525e-02   3.3801938e-01   2.6446508e-01   8.9365596e-02  -2.0781097e-01  -3.0166184e-02  -1.0968380e-01
   4.2235341e+00   3.2548944e+00   1.8848684e+00   9.7666424e-01   1.1378306e+00   1.4173332e+00   1.1430861e+00   5.8759357e-01   2.1047212e-01  -3.1811517e-02   4.6401150e-01   2.9963795e-01  -8.4473705e-02  -2.2930573e-01  -2.4643169e-01  -4.9113119e-01
   3.8561208e+00   3.2622029e+00   1.4427591e+00   1.3068859e+00   1.3944018e+00   9.4473535e-01   5.8320516e-01   3.0714046e-01   3.3844182e-01   3.8838956e-01   3.1766331e-01   5.3536762e-01   1.1607857e-01   4.4098685e-02  -7.1392996e-04   1.2667279e-02
   3.9723431e+00   3.4249641e+00   1.8395684e+00   1.3810616e+00   1.0448877e+00   1.2833729e+00   1.2183839e+00   7.9741130e-01   2.0519379e-01   2.5539890e-01   3.5818210e-01   2.7222825e-01  -9.4918940e-02  -3.3007383e-01  -1.6645386e-01  -2.5265722e-01
   4.2020120e+00   3.2533773e+00   2.0481128e+00   1.5525366e+00   9.4770544e-01   1.1510686e+00   1.0443779e+00   5.6021107e-01   4.0770757e-01   2.5738258e-01   2.0072045e-01   2.5224110e-01  -1.4504743e-01  -1.5981618e-01  -2.3603598e-01  -3.6075689e-01
   4.5707825e+00   3.2595906e+00   2.1156290e+00   1.5591705e+00   8.8649311e-01   1.6434732e+00   1.2066473e+00   2.0052467e-01   3.3969063e-01   2.8387192e-01   2.8122373e-01   2.2416663e-01   1.7589205e-03  -4.6632502e-01  -4.3992677e-01  -3.6714545e-01
   4.4574523e+00   3.3033644e+00   1.9796973e+00   9.8044286e-01   9.9710995e-01   1.4732589e+00   1.0261721e+00   7.1279855e-01   6.9361163e-01   5.8880799e-01   2.0506069e-01   5.4703424e-02   4.6924557e-02  -1.6807856e-01  -1.7435126e-01  -1.1042612e-01
   4.0480156e+00   3.4309145e+00   2.3227567e+00   1.7539217e+00   1.5208974e+00   1.5374950e+00   1.3658799e+00   6.6612076e-01   7.1130754e-01   7.6199449e-01   3.8473805e-01   1.5067967e-01  -6.2812591e-02  -9.6489831e-02   1.1438496e-02  -1.4382331e-01
   3.8194517e+00   3.1253010e+00   1.4697787e+00   1.0451169e+00   1.0173853e+00   1.7669641e+00   8.5220387e-01   3.9114315e-01   4.7195447e-01   5.7949741e-01   6.9800725e-01   5.1493804e-01   2.0016825e-01  -2.4398070e-02   2.1235444e-01  -1.6809178e-01
   3.3477653e+00   3.2823502e+00   2.0393218e+00   1.5235231e+00   1.2979385e+00   1.5420620e+00   1.0634713e+00   3.1812370e-01   1.8669091e-01   8.2189892e-01   6.8965218e-01   4.6547145e-01   3.8473570e-01   2.6798366e-02   1.8665751e-01   3.9929367e-02
   4.1101855e+00   3.3236674e+00   1.8442812e+00   1.5871200e+00   1.4477102e+00   1.8085859e+00   1.3270916e+00   7.4112815e-01   2.3063297e-01   1.0113930e+00   8.2574897e-01   9.1745900e-01   6.1178839e-01   2.3133985e-01   6.3846224e-01  -7.3788378e-02
   4.0610497e+00   3.3371926e+00   2.1910489e+00   1.7418901e+00   1.7679196e+00   2.2812936e+00   1.1259929e+00   8.4991707e-01   7.5619102e-01   1.3757908e+00   1.5435016e+00   1.1947838e+00   1.1417389e+00   3.6708908e-01   8.7404313e-01   2.0822205e-01
   4.3556231e+00   3.0819161e+00   1.8042397e+00   1.7828250e+00   2.1553870e+00   2.4805817e+00   1.5830744e+00   1.1626424e+00   9.4777765e-01   1.7774629e+00   1.8706265e+00   1.7185491e+00   1.2135751e+00   7.8826939e-01   1.3531061e+00   4.4033601e-01
   4.9011505e+00   3.2944391e+00   2.0096467e+00   1.6974674e+00   2.1198576e+00   2.2481182e+00   1.4411891e+00   1.1804400e+00   1.2645378e+00   1.9567105e+00   2.0958981e+00   1.6867981e+00   1.5077338e+00   9.5832664e-01   1.4416827e+00   5.0725617e-01
   4.4001400e+00   3.0812668e+00   1.9952579e+00   1.9345272e+00   2.2550955e+00   2.9624186e+00   2.0797186e+00   1.3295906e+00   1.2917725e+00   2.0374376e+00   2.1603208e+00   1.9603576e+00   1.6684156e+00   1.1938938e+00   1.7274310e+00   9.5826913e-01
   4.4960728e+00   3.2168541e+00   1.5191208e+00   1.7530437e+00   1.8603016e+00   2.4964892e+00   2.1143222e+00   1.4227022e+00   1.4066065e+00   2.0275032e+00   2.1129574e+00   2.0823122e+00   1.8788293e+00   1.2876827e+00   1.6939920e+00   5.2569606e-01
   4.1448282e+00   2.6675686e+00   1.1077520e+00   1.9398553e+00   2.1167964e+00   2.5479490e+00   2.4151985e+00   1.6162269e+00   1.5457612e+00   2.2219821e+00   2.2328780e+00   2.0496006e+00   1.8246769e+00   1.4356618e+00   1.7220512e+00   7.5329088e-01
   3.4918511e+00   2.6592423e+00   1.9966788e+00   2.3281787e+00   1.9924434e+00   2.3568682e+00   2.4449112e+00   1.4598875e+00   1.4853221e+00   2.1919855e+00   2.2706020e+00   2.0221461e+00   1.8695518e+00   1.4218614e+00   1.4107110e+00   5.6503972e-01
   4.4937171e+00   3.8741509e+00   2.6996942e+00   2.1843227e+00   2.2603285e+00   2.7002582e+00   2.6074025e+00   1.4835778e+00   1.5174900e+00   2.3036243e+00   2.2682391e+00   1.9303200e+00   1.9678361e+00   1.4793950e+00   1.7370618e+00   6.7928849e-01
   4.9968844e+00   3.9206417e+00   2.0891541e+00   2.0051019e+00   2.1664992e+00   2.6653865e+00   2.4551997e+00   1.8082340e+00   1.4284239e+00   2.1745844e+00   2.2678009e+00   1.9437042e+00   1.9214372e+00   1.3197922e+00   1.6794026e+00   8.7402882e-01
   4.4133781e+00   3.2234471e+00   2.3385029e+00   1.8251357e+00   2.0721248e+00   2.6036928e+00   2.2679511e+00   1.7689422e+00   1.4950526e+00   2.1416610e+00   2.2620551e+00   1.9963964e+00   1.8974665e+00   1.4479727e+00   1.6110818e+00   5.6064892e-01
   4.2669793e+00   2.6747286e+00   1.7549551e+00   1.5625067e+00   1.9056229e+00   2.6692778e+00   2.1277856e+00   1.8295639e+00   1.5617215e+00   2.0685401e+00   2.2758069e+00   1.9627342e+00   1.7936093e+00   1.5227125e+00   1.6731407e+00   7.8507124e-01
   4.2514467e+00   2.8800260e+00   2.0390228e+00   1.4815248e+00   2.0271017e+00   2.8393540e+00   2.2813346e+00   1.7039938e+00   1.5366957e+00   1.9881459e+00   2.1769327e+00   1.8543135e+00   1.7273360e+00   1.4401348e+00   1.5790888e+00   3.6537876e-01
   3.0807616e+00   2.7180460e+00   2.1473370e+00   1.5044778e+00   1.8849944e+00   2.6768940e+00   2.2949808e+00   1.6947946e+00   1.4814092e+00   2.0282770e+00   2.1581721e+00   1.9306273e+00   1.8247035e+00   1.5606785e+00   1.7570875e+00   5.2050086e-01
   3.6521295e+00   2.7851271e+00   2.0744789e+00   1.5217145e+00   2.0082707e+00   2.9090915e+00   1.8738467e+00   1.8423318e+00   1.4557689e+00   1.9268276e+00   2.1381075e+00   1.8811588e+00   2.0652923e+00   1.6096882e+00   1.7173667e+00   5.2923963e-01
   4.1864322e+00   3.1781819e+00   1.9936271e+00   1.4351502e+00   1.9890411e+00   2.7657829e+00   1.9376302e+00   1.6754106e+00   1.2536191e+00   1.9125829e+00   2.1011841e+00   1.8511086e+00   2.0323062e+00   1.6001154e+00   1.7408600e+00   6.0137198e-01
   3.8702665e+00   2.9928198e+00   1.6860009e+00   1.7580850e+00   2.1751577e+00   2.9881720e+00   1.6488028e+00   1.4348855e+00   1.4071901e+00   1.9378520e+00   2.0165631e+00   1.6390629e+00   1.9734312e+00   1.5463363e+00   1.5953218e+00   8.2010735e-01
   3.8794757e+00   2.6984658e+00   1.8122385e+00   2.0719609e+00   2.1881757e+00   3.0661756e+00   1.8371492e+00   1.3867526e+00   1.4490734e+00   1.8568131e+00   1.9704520e+00   1.8293104e+00   1.9309394e+00   1.6304697e+00   1.6460306e+00   8.2251066e-01
   4.0077401e+00   3.2024277e+00   2.0466811e+00   2.0011900e+00   2.1500565e+00   3.0584839e+00   2.0518504e+00   1.3862597e+00   1.1943838e+00   1.8106667e+00   1.8724441e+00   1.7127774e+00   1.9417251e+00   1.5699062e+00   1.5535293e+00   7.7241956e-01
   4.1063655e+00   2.9985915e+00   1.8424807e+00   1.7611962e+00   2.2128186e+00   3.1539518e+00   1.8941362e+00   1.3449800e+00   9.9809528e-01   1.8432633e+00   1.8385451e+00   1.7433158e+00   1.9224499e+00   1.4178018e+00   1.5708501e+00   6.5861969e-01
   3.7428916e+00   2.9161966e+00   1.9556883e+00   1.8142805e+00   1.9991198e+00   2.8452388e+00   1.8479120e+00   1.3427772e+00   1.3658077e+00   1.6406898e+00   1.8538419e+00   1.7762041e+00   1.8705337e+00   1.3154867e+00   1.6102882e+00   6.4460701e-01
   4.4746907e+00   3.3759500e+00   2.3936302e+00   2.0506728e+00   2.0757408e+00   2.4150945e+00   1.6835961e+00   1.0054547e+00   1.2052005e+00   1.6534483e+00   1.7470063e+00   1.4858806e+00   1.8014643e+00   1.3824119e+00   1.6816876e+00   6.5879604e-01
   4.7639987e+00   4.1761464e+00   2.7602289e+00   2.1621823e+00   2.0830064e+00   2.4233582e+00   1.5317959e+00   9.6745620e-01   1.2628438e+00   1.7757316e+00   1.8865290e+00   1.4263549e+00   1.7510938e+00   1.2734345e+00   1.6264279e+00   5.3111015e-01
   4.0926347e+00   3.8580330e+00   1.7529526e+00   1.7626036e+00   1.9987158e+00   2.1701724e+00   1.4204285e+00   9.2248306e-01   1.1781950e+00   1.5366478e+00   1.9982647e+00   1.1385511e+00   1.7297196e+00   1.2483843e+00   1.5283081e+00   4.5693821e-01
   4.0275064e+00   3.5834546e+00   1.6041980e+00   2.1214391e+00   2.0906950e+00   2.1294474e+00   1.2257669e+00   6.2057285e-01   1.1694300e+00   1.6086841e+00   1.8947519e+00   1.0554710e+00   1.6230369e+00   1.1269399e+00   1.4421233e+00   6.1784365e-01
   3.1740684e+00   2.6566315e+00   2.2174331e+00   1.9779032e+00   2.0232532e+00   1.7669914e+00   1.1036570e+00   8.5647931e-01   8.4853563e-01   1.2124231e+00   1.5468538e+00   1.0270004e+00   1.3582574e+00   6.9013923e-01   1.2061892e+00   4.5181313e-01
   3.8549674e+00   3.1659950e+00   2.1073747e+00   1.9065404e+00   1.8719970e+00   1.3390792e+00   8.7939388e-01   6.1224933e-01   6.2210618e-01   1.2832630e+00   1.4433426e+00   9.1984897e-01   9.6019256e-01   5.2109519e-01   1.4151371e+00   5.1236938e-01
   4.3953320e+00   3.5077080e+00   1.9622933e+00   1.9570355e+00   1.8071909e+00   1.0317209e+00   9.6667902e-01   9.4556274e-01   6.8088152e-01   9.7938068e-01   1.1493965e+00   8.1968647e-01   9.2108410e-01   5.2742643e-01   1.4476270e+00   6.0181429e-01
   4.4861546e+00   4.1162640e+00   3.2710769e+00   2.1374639e+00   1.9712000e+00   1.3094050e+00   1.0037500e+00   7.1224724e-01   8.9232430e-03   6.4802974e-01   1.2509994e+00   6.5947765e-01   5.8892280e-01   4.9808493e-01   1.3012632e+00   4.3990226e-01
   4.6357148e+00   3.9067075e+00   2.8439213e+00   1.8742933e+00   1.7990030e+00   1.5584511e+00   1.5655576e+00   8.8060358e-01   2.6682955e-01   7.1219976e-01   1.1294476e+00   7.2664606e-01   5.2592121e-01   4.9477878e-01   8.6871349e-01   1.9561247e-01
   3.2007560e+00   2.1716253e+00   2.0748516e+00   1.5668975e+00   1.5692811e+00   1.3366391e+00   1.1009119e+00   4.3238906e-01   2.9942606e-01   5.8217199e-01   8.4207287e-01   8.0364373e-01   5.4086671e-01   3.7552194e-01   7.0547969e-01   3.7823238e-01
   4.1872933e+00   3.1050848e+00   2.4799856e+00   1.2322960e+00   1.6603011e+00   1.6325063e+00   1.4003198e+00   1.0421447e+00   4.4694624e-01   5.5929252e-01   8.4369167e-01   1.0667756e+00   8.5148872e-01   2.9030915e-01   8.2110219e-01   1.6824118e-01
   3.6327259e+00   3.0497872e+00   2.9296650e+00   1.1550628e+00   1.7622298e+00   1.3629968e+00   8.9163255e-01   6.0626406e-01   6.1836348e-01   5.6839138e-01   9.0162740e-01   6.6478115e-01   6.6768692e-01   2.9410937e-02   5.9186393e-01   3.8837934e-01
   3.9477201e+00   2.6712102e+00   2.7512618e+00   1.6160326e+00   1.2195154e+00   1.5951588e+00   1.0253015e+00   3.3050386e-01   1.1699536e-01   2.4201922e-01   6.5950876e-01   5.1973851e-01   1.2853877e-01   2.8149195e-02   5.0021135e-01   8.5184544e-03
   4.2647722e+00   2.8567790e+00   2.4557555e+00   1.6453217e+00   9.1696508e-01   1.0867423e+00   1.0967017e+00   9.0988382e-01   4.8296808e-01   5.2585009e-01   8.4756177e-01   4.4078173e-01   1.2380191e-01   6.4508795e-02   1.5289201e-01  -1.2605893e-01
   4.4548082e+00   3.3730461e+00   2.7283000e+00   1.4993787e+00   1.1305392e+00   1.0025872e+00   8.4006800e-01   9.3458452e-01   6.1018733e-01   6.6863013e-01   1.0846243e+00   8.9047698e-01   4.9306235e-01   2.4163932e-01   2.6349150e-01   2.2219442e-01
   4.9739435e+00   3.5197563e+00   2.5014002e+00   1.7358269e+00   1.5957182e+00   1.2982307e+00   1.2032746e+00   1.0810895e+00   6.7752273e-01   6.2622133e-01   8.9007688e-01   5.2567738e-01   2.2057743e-01   6.7443713e-02  -6.9545181e-02  -1.9733830e-01
   4.4984437e+00   3.6640011e+00   2.5978968e+00   1.4191637e+00   1.2963433e+00   1.5804196e+00   1.1423104e+00   1.0339229e+00   5.4256925e-01   5.5438614e-01   6.6236646e-01   8.4245538e-01   5.0243203e-01   3.5355952e-01   5.3150181e-01   4.5301479e-01
   3.7024284e+00   3.4372264e+00   2.8167773e+00   1.8328170e+00   1.2416477e+00   1.5672900e+00   1.0464564e+00   5.5236918e-01   7.3120948e-01   5.2403133e-01   6.1498377e-01   5.1948301e-01   1.2551962e-01  -1.5308300e-01   8.7320833e-02  -1.6151392e-01
   4.2431982e+00   3.5522916e+00   2.6147757e+00   1.3906176e+00   1.1652534e+00   1.8067065e+00   1.3027001e+00   8.2626221e-01   6.6577677e-01   3.2453410e-01   6.1112028e-01   7.6496885e-01   2.5133575e-01  -3.2152239e-01  -2.5266352e-01  -8.8650057e-02
   3.8240690e+00   2.9891917e+00   2.3764750e+00   1.6916177e+00   1.3607918e+00   1.4308329e+00   1.0367509e+00   7.2266081e-01   7.1844664e-01   4.1419695e-01   6.0884117e-01   4.2962053e-01   1.5430449e-01   2.1537633e-01   1.4817270e-01   1.7061658e-01
   3.9296255e+00   2.3488212e+00   2.4781384e+00   1.6718863e+00   1.4079272e+00   1.1141644e+00   6.1965625e-01   6.6773131e-01   9.2313995e-01   3.1428551e-01   5.6884365e-01   3.5722851e-01  -2.0650218e-02  -3.0475508e-02   1.0744975e-01  -5.7738920e-03
   3.9362828e+00   2.1202058e+00   2.3062111e+00   1.6695007e+00   1.3726548e+00   1.2549795e+00   1.0053841e+00   5.8220545e-01   6.3020706e-01   5.7936406e-01   3.5943533e-01   3.1800763e-01   1.9878701e-01  -3.5616224e-02  -9.0912350e-02  -1.1904086e-01
   4.1229592e+00   2.5166049e+00   1.9537326e+00   1.6160226e+00   1.2527114e+00   1.5714292e+00   9.8136651e-01   7.2175768e-01   3.8814641e-01   3.0815587e-01   2.3391565e-01   4.7404521e-01   2.6393348e-01   1.6384844e-01   1.2018550e-01  -1.9998838e-03
   3.7007641e+00   2.7074807e+00   2.4451931e+00   1.6126572e+00   1.3393158e+00   1.4981584e+00   1.1339141e+00   7.9324529e-01   5.7921852e-01   5.4931685e-01   8.5138758e-01   9.1761454e-01   6.1967888e-01   4.6360814e-01   4.6635730e-01   4.6583352e-01
   3.7684240e+00   2.7442189e+00   2.1354850e+00   2.0464346e+00   1.3498467e+00   1.4970552e+00   8.7868125e-01   4.6209134e-01  -3.3373690e-02  -1.3089348e-01   5.4945090e-01   5.3792987e-01   3.9087059e-03   1.5183787e-01  -8.3729397e-02  -1.8282755e-01
   4.7646784e+00   3.6460818e+00   2.5689893e+00   1.6944487e+00   1.1383408e+00   1.6489789e+00   6.6919870e-01   5.6531744e-01   4.8759079e-01   4.9042547e-01   3.8737879e-01   2.9463714e-01   2.4484797e-01   1.1796364e-01   3.8361727e-01   2.3890049e-01
   4.0575270e+00   3.2371101e+00   2.2545683e+00   1.5187650e+00   1.3069617e+00   1.1164600e+00   8.8540750e-01   7.7653934e-01   8.1923191e-01   7.0086604e-01   5.5604595e-01   6.5223651e-01   4.1513503e-01   2.8997256e-01   4.3519957e-01   3.6282450e-01
   4.4221186e+00   3.5355490e+00   1.8257460e+00   1.2500331e+00   1.4318146e+00   1.4767626e+00   9.2957361e-01   5.6555187e-01   5.3168157e-01   1.3413958e-01   4.7480609e-01   2.1263120e-01  -1.0258837e-01  -1.9792478e-01  -1.8233403e-01  -2.4032956e-01
   4.7658833e+00   3.7639252e+00   2.4640545e+00   1.3782203e+00   1.4645379e+00   1.2232213e+00   8.0346654e-01   1.9027003e-01   4.8054891e-01   1.2632177e-01   1.6325564e-01   1.7833161e-01  -1.0144242e-01  -4.0972932e-01  -1.1253238e-01  -1.9061013e-01
   3.8491604e+00   3.2997479e+00   1.9610947e+00   1.5759962e+00   1.2875577e+00   1.3394742e+00   1.0336496e+00   4.7342920e-01   5.7563101e-01   2.7326687e-01   4.3504808e-01   2.4443234e-01   1.1758863e-01   9.7883200e-02   1.6389239e-02  -9.5592228e-02
   3.8599147e+00   3.0718805e+00   2.2848755e+00   2.0080586e+00   1.0305136e+00   1.3390480e+00   7.1707573e-01   4.7288151e-01   5.4279370e-01   6.7754057e-01   4.3052443e-01   3.6351075e-01  -2.0351817e-01  -2.8321699e-01  -9.7752803e-02  -4.4834497e-01
   3.8698570e+00   3.5649758e+00   2.3763942e+00   1.1421311e+00   8.1043072e-01   1.4851273e+00   1.1414833e+00   4.3746880e-01   4.6991158e-01   6.1635418e-01   1.5732984e-01   2.8664340e-01   1.6796879e-01  -1.2988960e-01  -1.2386451e-01  -2.3606109e-01
   3.8403341e+00   3.4478300e+00   1.7891921e+00   1.5348872e+00   9.0978736e-01   1.1747319e+00   1.0511793e+00   2.8630829e-01   3.7708566e-01   2.3963578e-01   3.4287414e-01   3.6947274e-01   2.0340556e-01   2.0909577e-02  -3.9904657e-02  -1.9687630e-01
   3.6029750e+00   2.6549270e+00   1.3545714e+00   1.2080353e+00   9.9513052e-01   8.8142332e-01   7.2828437e-01   6.2515701e-01   3.0190241e-01   1.1624110e-01   4.7543531e-01   6.0081540e-01  -3.5182355e-02  -2.3433711e-01  -1.6859485e-01  -3.0418657e-01
   4.0930707e+00   2.5169967e+00   1.3591359e+00   1.1329420e+00   1.1098314e+00   1.4330591e+00   7.6806928e-01   6.6345709e-01   5.3802557e-01   3.4258601e-01   3.7626988e-01   3.9708539e-01  -3.6143020e-01  -3.7622287e-01  -1.5747520e-01  -1.9264943e-01
   3.2951363e+00   2.8607685e+00   1.8340943e+00   1.2387110e+00   9.3453891e-01   1.3068139e+00   1.2048972e+00   4.9045457e-01   6.6549998e-01   3.8149553e-01   2.9739101e-01   3.7420222e-01   9.2821650e-02  -2.3834995e-01  -1.8655947e-02  -3.1754905e-01
   3.1776598e+00   2.4406696e+00   2.0924294e+00   1.2703055e+00   1.1221088e+00   9.0055298e-01   5.2235526e-01   5.2117727e-01   4.5925324e-01   3.9356521e-01   3.2013620e-01   4.5809666e-01   1.2508790e-01  -2.9923101e-01  -1.2687074e-01  -1.8338445e-01
