   3.1736914e+00   1.8973711e+00   1.0752219e+00   8.8751347e-01   1.2350010e+00   7.4561919e-01   6.1546590e-01   4.7917774e-01   2.8828147e-01  -1.3197570e-01   1.2245900e-01   1.4804002e-02  -1.8644874e-01  -3.8678965e-01   4.6331076e-02  -2.0517464e-01
   2.4339445e+00   1.5899356e+00   1.3345030e+00   6.2313063e-01   9.7426304e-01   1.3796906e+00   6.7777180e-01   5.6460553e-01   5.1101086e-01   4.3705714e-01   2.3208664e-01  -8.1397649e-02  -1.3628181e-01  -1.4525498e-01  -9.3330276e-02  -5.2576781e-01
   2.4725705e+00   1.9037560e+00   6.0976088e-01   3.8315144e-01   3.5641306e-01   1.3687714e+00   1.3388682e+00   3.5967404e-01   4.0464313e-01   4.3386552e-01   3.2855653e-01   4.4958484e-01  -3.6590782e-02  -3.1922346e-01  -1.2442742e-01  -3.3474429e-01
   2.6301332e+00   1.6668417e+00   6.0486023e-01   2.1655978e-01   7.7992338e-01   3.5454258e-01   6.3750017e-01   6.4826966e-01   5.1495443e-01   1.9140853e-01   4.1984775e-01   2.1109403e-01  -3.8769136e-01  -2.9260090e-01  -1.6841721e-01  -3.4213916e-01
   2.2567036e+00   1.9293675e+00   3.5030042e-01   8.5653707e-01   7.3873308e-01   8.2652110e-01   6.6396597e-01   6.9781335e-01   7.7238249e-01   5.0413918e-01   5.1054678e-01   1.5063506e-01  -3.7264101e-01   8.1718210e-03  -3.0599444e-02  -2.4713550e-03
   2.4316976e+00   1.3320988e+00   3.6420104e-01   6.9315754e-01   3.5738581e-01   9.3177103e-01   9.9311253e-01   6.3662021e-01   3.9754395e-01   6.1546264e-01   4.2007151e-01   5.0586169e-02  -2.3318421e-01  -2.6933651e-01  -8.7413327e-02  -3.5120765e-01
   3.2598454e+00   1.9503252e+00   8.4097319e-01   6.2050382e-01   2.9150616e-01   1.1693992e+00   7.8416153e-01   8.2040955e-01   6.2656707e-01   1.0418985e+00   2.2624042e-01   3.7009647e-02  -2.1709082e-01  -3.8597213e-01  -3.3130672e-01  -3.7748590e-01
   3.0340247e+00   1.5732310e+00   3.5312479e-01   4.8037946e-01   6.5391631e-01   1.0041535e+00   1.1802042e+00   9.0572515e-01   7.4155790e-01   6.6750335e-01   3.4606595e-01   1.4572605e-01  -1.1170043e-01  -3.9381891e-01  -1.2405551e-01  -4.0427160e-01
   2.6438175e+00   1.2858009e+00   8.3413076e-01   9.5019702e-01   5.1878580e-01   1.3399721e+00   8.1435412e-01   6.4538807e-01   4.6850939e-01   7.7726385e-01   6.7051120e-01   7.0421596e-02  -2.9810210e-01  -1.4015402e-01   5.0361332e-02  -4.2471842e-01
   2.5629349e+00   1.4824065e+00   1.1706512e+00   1.2238647e+00   1.0067880e+00   8.5321086e-01   7.5932170e-01   6.4733113e-01   7.8748988e-01   6.2682327e-01   6.2447544e-01   4.7959723e-03  -3.1603613e-01  -5.3910109e-01  -3.4130738e-01  -4.4173646e-02
   2.4340261e+00   1.2668224e+00   1.0661136e+00   7.1698840e-01   5.2561461e-01   8.1400846e-01   8.8538618e-01   5.9211391e-01   3.7349723e-01   5.4611549e-01   2.9281019e-01  -1.8550636e-01  -2.6244072e-01  -3.9038210e-01  -4.4788885e-01  -3.4749452e-01
   3.1719221e+00   1.5809554e+00   7.8655537e-01   3.1784781e-01   8.4541956e-02   2.0217609e-01   7.6425382e-01   3.9513830e-01   1.7643314e-01   2.3807253e-01  -1.0798191e-02   1.2080283e-01  -5.9116197e-01  -7.2695374e-01  -3.5798881e-01  -4.6911552e-01
   3.1185720e+00   1.4174447e+00   4.2024298e-01   6.9586654e-01   6.6912714e-01   7.3739155e-01   5.9720822e-01   6.2245064e-01   6.9873492e-01   3.6379822e-01   3.5185572e-01   1.0302450e-01  -4.0581164e-01  -2.5446107e-01  -3.2570003e-01  -3.6416515e-01
   3.4264362e+00   1.5312248e+00   6.9184933e-01   4.7541803e-01   6.1896125e-01   1.0309447e+00   1.1567842e+00   2.8216210e-01  -4.0280542e-02   2.8707417e-01   5.3092608e-01  -1.5373347e-01  -2.1028295e-01  -2.6792275e-01  -1.8307286e-01  -4.7985495e-01
   3.1701998e+00   2.2767841e+00   1.1511160e+00   8.3820457e-01   4.8610600e-01   9.9799347e-01   6.9032550e-01   1.9839104e-01   1.4731746e-01  -2.9128445e-02  -1.0627148e-01  -9.7502117e-02  -3.2573971e-01  -3.6908517e-01  -1.7623698e-01  -5.7677816e-01
   3.3998234e+00   1.9846622e+00   1.0749168e+00   9.8272494e-01   5.6501923e-01   7.7550197e-01   4.0807757e-01   2.0926376e-01   7.2902527e-01   3.9017072e-01  -2.8375020e-01  -8.0724062e-02  -4.7039182e-01  -4.3599280e-01  -1.8940584e-01  -3.1737856e-02
   2.6856419e+00   1.4850809e+00   7.6459108e-01   7.5842368e-01   2.4324561e-01   8.8601855e-01   8.4367768e-01   4.3912335e-01   5.0199669e-01   6.7259582e-01   1.1982388e-01   1.7221093e-01   1.3594608e-01  -2.7138493e-01  -1.5743794e-01  -1.4647197e-01
   2.2310936e+00   9.6145670e-01   1.1498653e+00   1.1080443e+00   7.6572135e-01   5.6084392e-01   7.1455196e-01   6.0167086e-01   3.4018346e-01   3.2404224e-01   1.9886600e-01   1.8799765e-01  -5.6559651e-02  -1.3680128e-02   1.4001339e-01  -3.0868721e-01
   3.1267310e+00   1.4837305e+00   8.5564857e-01   9.9810624e-01   2.2386432e-01   6.3364883e-01   4.5826861e-01   1.4002446e-01   5.1752601e-01   2.3152320e-01   6.5938788e-02   7.1561963e-02  -5.4031627e-01  -2.5797832e-01   1.2407095e-02  -1.6930790e-01
   2.4142517e+00   1.1356433e+00   7.8957175e-01   7.7741738e-01   4.5335709e-01   9.7618994e-01   4.3096288e-01   4.3464598e-01   3.6173548e-01   1.8487980e-01  -3.7201818e-01  -2.8424968e-01  -3.9408145e-01  -1.9083812e-01  -5.5195571e-03  -1.6242503e-01
   2.8914397e+00   1.9324308e+00   1.0360903e+00   1.0556920e+00   5.4844542e-01   5.7730614e-01   9.2841147e-02   2.0954847e-01   1.5913052e-01  -3.7980099e-02  -3.1358920e-01  -2.2330298e-01  -4.1240664e-01  -9.8290009e-02  -6.6992711e-02  -1.3431539e-01
   2.9023288e+00   1.5844421e+00   5.5957175e-01   8.6409869e-01   7.8395084e-01   8.3928623e-01   3.1907177e-01   4.7681670e-01   5.1561303e-01  -2.8842909e-02  -1.5214561e-01   3.5178572e-02  -1.9154905e-01  -6.5073604e-02   1.0600684e-01  -3.2127512e-01
   3.4453705e+00   1.4818595e+00   8.2294108e-01   5.0888010e-01   8.0829547e-01   1.0330889e+00   5.6075907e-01   3.0716114e-01   2.4382927e-01  -3.2003769e-02  -3.7993424e-01  -1.9368177e-01  -3.5928508e-01  -4.3036655e-01  -5.5332308e-02  -4.8591527e-01
   3.2574398e+00   2.1016102e+00   8.1487631e-01   7.3839080e-01   9.7084274e-01   1.5292329e+00   7.1743032e-01   6.2988227e-01   1.5750454e-01  -2.3248553e-03  -1.6999200e-02   3.1478291e-01  -2.0590455e-02   3.1072647e-02   3.2223623e-01   1.0429682e-01
   2.9971413e+00   1.6906377e+00   1.3366806e+00   1.2736889e+00   1.0816717e+00   1.4905760e+00   1.2322669e+00   5.7828818e-01   3.2851305e-01  -3.4373407e-01  -1.1288823e-01   1.5452750e-01  -3.3629093e-02  -2.9665901e-01   3.1532583e-01  -3.0874797e-04
   3.3971735e+00   1.6331338e+00   8.4493945e-01   1.1181537e+00   1.1043471e+00   1.5294673e+00   1.2092069e+00   3.4326795e-01   2.2675697e-01   1.1872060e-01   9.2283850e-02   9.7602148e-02  -2.5801744e-01  -4.0207669e-01   1.0866454e-01   5.6569008e-03
   2.7941947e+00   2.0532739e+00   1.2158118e+00   9.8702858e-01   9.3916976e-01   9.6263096e-01   6.5610916e-01   3.0192545e-01   7.4827012e-01   4.7493129e-02  -3.4147914e-01  -2.0857435e-01  -1.4059971e-01   1.1401978e-03   2.2331843e-01  -7.0709983e-02
   3.4513238e+00   2.0535842e+00   7.8012853e-01   4.3939346e-01   5.8021925e-01   7.0366788e-01   6.6924670e-01   4.6778575e-01   2.8237194e-01   2.5873353e-01   1.9807838e-01  -8.7601050e-02  -1.2036941e-01   1.3100029e-01   4.9467466e-01   2.8162666e-01
   3.4550843e+00   2.4267577e+00   1.0951602e+00   8.0532012e-01   7.9385003e-01   1.2156176e+00   7.9026419e-01   3.4522908e-01   6.1550417e-01   3.5718988e-01   1.3719833e-01   1.5233708e-01  -1.0625882e-01   2.7143336e-01   4.7338626e-01   4.5416082e-01
   3.1444636e+00   1.8396159e+00   1.5649108e+00   1.3091840e+00   1.0660433e+00   1.2108930e+00   8.1373483e-01   7.2882950e-01   8.3401247e-01   4.7641708e-01   7.4762709e-01   6.1842143e-01   8.5258793e-01   4.4786109e-01   9.3957115e-01   2.6092859e-01
   2.8594622e+00   2.2772993e+00   1.5431619e+00   8.3455042e-01   8.7609113e-01   1.1909080e+00   8.0638679e-01   4.8489975e-01   4.9338640e-01   8.2971069e-01   4.0734375e-01   1.3039336e+00   1.6922267e+00   1.5285610e+00   2.1581754e+00   8.9920510e-01
   2.4539353e+00   2.1940840e+00   1.9874863e+00   1.2763593e+00   1.1519769e+00   1.0002147e+00   9.3203954e-01   7.4209127e-01   7.2551902e-01   9.9039885e-01   9.4443807e-01   1.7737803e+00   1.9934570e+00   1.8517934e+00   2.4528472e+00   1.2607716e+00
   1.6726454e+00   1.9451685e+00   1.9140132e+00   1.0777473e+00   1.0710032e+00   1.3962697e+00   7.7829061e-01   9.0620766e-01   7.2551238e-01   9.9148051e-01   1.4359598e+00   1.6190838e+00   1.8669606e+00   1.6574159e+00   2.1374685e+00   1.2257882e+00
   1.9206139e+00   1.8056187e+00   1.7605447e+00   1.5625686e+00   9.4863517e-01   9.4994764e-01   5.5071601e-01   1.0277191e+00   6.9050150e-01   8.0452500e-01   1.4255736e+00   1.7523570e+00   1.8815824e+00   1.6897202e+00   2.0934995e+00   9.9671043e-01
   2.9142965e+00   1.7719593e+00   1.9333913e+00   1.7183542e+00   1.2690570e+00   7.0460595e-01   1.2741418e+00   6.8969127e-01   4.5012656e-01   4.3392880e-01   1.1743408e+00   1.8651662e+00   2.0163275e+00   1.8278804e+00   2.2011713e+00   9.9400928e-01
   2.5541989e+00   1.9198693e+00   1.7017479e+00   1.6976320e+00   1.3338846e+00   1.2560038e+00   9.4165283e-01   7.0820179e-01   3.6313335e-01   4.7409563e-01   1.1087392e+00   2.0659007e+00   2.1502005e+00   1.9117520e+00   2.3184358e+00   1.0742224e+00
   3.3043151e+00   2.3739755e+00   1.9029516e+00   1.3427818e+00   1.5127404e+00   1.4976441e+00   9.9817559e-01   4.8032381e-01   5.5919231e-01   3.8659344e-01   1.3283246e+00   2.2973548e+00   2.3302686e+00   2.0710198e+00   2.5400489e+00   1.1926290e+00
   2.7988491e+00   2.8356705e+00   1.8400853e+00   1.5272666e+00   1.3366357e+00   1.6439429e+00   1.2106869e+00   5.0094939e-01   5.2969439e-01   5.4312748e-01   1.4047623e+00   2.4115310e+00   2.5062289e+00   2.2613402e+00   2.7598527e+00   1.4317089e+00
   3.3200017e+00   2.1829022e+00   1.4239217e+00   1.2772166e+00   1.6915836e+00   1.8310234e+00   9.9777269e-01   4.7081069e-01   2.2351600e-01   4.1723980e-01   1.2203327e+00   2.4346063e+00   2.5956374e+00   2.4463926e+00   2.9169366e+00   1.6016083e+00
   2.9929577e+00   2.3077094e+00   2.0712376e+00   1.6720614e+00   1.1043370e+00   1.3790818e+00   1.2126716e+00   6.7579467e-01   1.3427629e-01   5.5936211e-01   9.8848965e-01   2.4857741e+00   2.7923460e+00   2.5342638e+00   2.9851494e+00   1.7496367e+00
   3.2241800e+00   2.2095948e+00   1.5362817e+00   1.4357799e+00   1.0570178e+00   8.6783281e-01   7.4659082e-01   5.0246301e-01   4.6531432e-01   3.4297368e-01   1.0620772e+00   2.5727023e+00   2.9026335e+00   2.5805308e+00   3.0225102e+00   1.8048926e+00
   2.7921048e+00   2.0228156e+00   1.6052639e+00   1.1965000e+00   1.0145061e+00   8.7080210e-01   1.1387282e+00   3.2814782e-01   6.6689718e-01   1.2735950e-01   9.2976256e-01   2.5610956e+00   2.9598738e+00   2.4945921e+00   2.9494241e+00   1.9935925e+00
   3.0332053e+00   2.4382321e+00   1.6221349e+00   1.3315951e+00   7.4121143e-01   1.1684484e+00   8.2598971e-01   1.5006012e-01   4.9856650e-01   7.9068283e-01   8.0915065e-01   2.4457920e+00   2.9522179e+00   2.4969055e+00   3.0071405e+00   2.1774988e+00
   3.1832962e+00   1.9246304e+00   1.4863097e+00   1.4457199e+00   1.1446891e+00   9.3202228e-01   6.2659207e-01  -4.4159615e-03   1.7579152e-01   4.1877824e-01   5.9041897e-01   2.1530478e+00   2.9725501e+00   2.5914205e+00   3.0341976e+00   2.1777250e+00
   3.3256782e+00   2.3408744e+00   1.6482133e+00   1.6951978e+00   1.1537355e+00   1.0446663e+00   9.4098756e-01   6.5553862e-01   5.8970856e-01   2.9672326e-01   8.6428675e-01   2.2110290e+00   3.0328948e+00   2.6023635e+00   3.0137195e+00   2.0983081e+00
   3.5729964e+00   2.2712908e+00   1.4058064e+00   1.5055236e+00   8.2794612e-01   7.3039513e-01   6.6144139e-01   5.5994742e-01   5.8226908e-01   2.7988074e-01   6.1440799e-01   2.1199221e+00   2.9018889e+00   2.5727258e+00   2.8951246e+00   1.7692364e+00
   3.5833794e+00   2.2613512e+00   1.7988673e+00   1.8177738e+00   1.0057431e+00   1.0456982e+00   7.7786234e-01   6.5374918e-01   2.2052869e-01   5.9535255e-01   5.9605615e-01   2.2438380e+00   2.7319287e+00   2.5678764e+00   2.9489815e+00   1.8514056e+00
   2.7460013e+00   2.1838396e+00   1.6664385e+00   1.8617528e+00   8.7201341e-01   7.9086766e-01   5.9155579e-01   5.4502159e-01   5.8998233e-01   5.0810759e-01   4.7586824e-01   2.2799559e+00   2.5599312e+00   2.3696460e+00   2.7842067e+00   1.7749304e+00
   2.4218048e+00   2.3405609e+00   1.3132521e+00   2.2203098e+00   9.5092784e-01   1.0796327e+00   9.0854874e-01   6.1772185e-01   6.8175361e-01   5.3916205e-01   8.6701064e-01   2.5367497e+00   2.8387166e+00   2.4252036e+00   2.8434010e+00   1.8468639e+00
   3.1653378e+00   2.2292329e+00   1.5362589e+00   2.3038547e+00   9.1633543e-01   7.9078594e-01   7.8451477e-01   6.8930820e-01   9.5982050e-01   3.2377710e-01   7.5792418e-01   2.2531023e+00   2.8605315e+00   2.5782804e+00   2.9806171e+00   1.9814525e+00
   3.4780945e+00   2.4153654e+00   1.5776001e+00   2.2807362e+00   1.0527507e+00   1.0076395e+00   5.1905822e-01   4.7468953e-01   3.9003795e-01   5.1156698e-01   4.8781745e-01   2.2191373e+00   2.7832213e+00   2.5961877e+00   3.0333211e+00   2.1156596e+00
   3.2020648e+00   1.8621832e+00   1.5483081e+00   2.3072804e+00   6.1256070e-01   8.4337980e-01   3.3567134e-01   1.0451317e-01   4.3127516e-01   2.6077099e-01   4.4882269e-01   2.4447550e+00   2.9082817e+00   2.6751649e+00   3.0243583e+00   2.0400428e+00
   2.9393128e+00   2.4083312e+00   1.6842373e+00   2.0667038e+00   7.2833816e-01   1.2235243e+00   8.5064518e-01   5.3390927e-01  -5.4713592e-03   5.7270853e-01   6.9770077e-01   2.3394568e+00   2.8086744e+00   2.4798190e+00   2.6697246e+00   1.7214115e+00
   3.2648850e+00   2.4880386e+00   1.7896402e+00   1.6834367e+00   6.4636804e-01   1.1847608e+00   9.2373743e-01   8.9134062e-01   2.8049410e-01   8.9521310e-02   8.9978376e-02   1.9866470e+00   2.5273544e+00   2.2501104e+00   2.4351716e+00   1.2894956e+00
   3.2843561e+00   2.6069689e+00   1.8882033e+00   1.8280621e+00   8.5999370e-01   9.8647983e-01   9.4831748e-01   8.2452239e-01   4.0294921e-01   7.3648741e-02   1.3734966e-01   2.0415418e+00   2.4884561e+00   2.1435416e+00   2.2649922e+00   1.1399201e+00
   2.8281784e+00   2.7843823e+00   1.8833892e+00   1.6053087e+00   1.1133390e+00   1.2696418e+00   9.4134803e-01   6.8929320e-01   2.4755607e-01  -2.1263631e-01   3.0935560e-01   1.9328941e+00   2.3317462e+00   2.0485268e+00   2.2546994e+00   1.2224095e+00
   2.6307753e+00   1.6978578e+00   1.8072818e+00   1.4632864e+00   7.7619750e-01   1.5316835e+00   1.3784859e+00   5.9824349e-01   4.1011856e-01   3.9426186e-01   2.6412733e-01   1.4736401e+00   2.0760824e+00   1.8414046e+00   2.0400312e+00   9.7109985e-01
   2.3078996e+00   2.2794825e+00   2.0290214e+00   1.8111047e+00   1.1039998e+00   1.7630721e+00   1.2735111e+00   5.5119338e-01   3.8977442e-01   3.0616912e-01   3.2070841e-01   1.3750222e+00   1.9637919e+00   1.6382717e+00   1.6377481e+00   4.7292631e-01
   3.1498040e+00   2.0904576e+00   1.9819839e+00   1.7087093e+00   5.7434357e-01   1.3101732e+00   1.1232095e+00   5.7446311e-01   5.8184481e-01   5.1137099e-01   2.9075888e-01   1.2918709e+00   1.7419313e+00   1.3015799e+00   1.2055357e+00   2.7269028e-01
   3.4188034e+00   2.0623227e+00   1.9651147e+00   1.5593222e+00   3.7684708e-01   9.4926661e-01   6.3883776e-01   6.9481971e-01   4.8060306e-01   1.6435822e-01   1.8992663e-01   1.1097780e+00   1.4640619e+00   1.1734406e+00   1.2282599e+00   1.3800222e-01
   3.5868718e+00   1.3948316e+00   1.9163695e+00   1.5089183e+00   3.2534008e-01   9.4549816e-01   5.6341746e-01   7.7060560e-01   6.8727690e-01   3.3017819e-01   2.9657321e-01   8.4897985e-01   1.5800732e+00   1.0767343e+00   8.8921790e-01  -1.2992886e-01
   3.5223124e+00   1.8628250e+00   1.7420580e+00   1.5512292e+00   4.1348549e-01   1.2048541e+00   1.2732376e+00   4.2549595e-01   5.3685909e-01   4.7895275e-01   1.7015294e-02   7.1230820e-01   1.2613422e+00   9.9194697e-01   6.6894712e-01  -3.8281540e-01
   3.5499752e+00   2.0738845e+00   1.4509493e+00   1.4163135e+00   6.1220591e-02   1.0965287e+00   1.0089291e+00   6.4002932e-01   4.2984634e-01   4.1007657e-01   3.7843804e-01   7.3589844e-01   9.0535567e-01   8.7203636e-01   6.2709318e-01  -4.8008962e-01
   3.6221597e+00   2.3289177e+00   1.4306113e+00   9.9364714e-01   1.9289919e-01   1.1706662e+00   6.0798174e-01   5.4670503e-01   6.6926821e-01   9.3221327e-02   5.9392249e-02   4.1613065e-01   6.4165895e-01   6.5270800e-01   3.0363453e-01  -5.4242462e-01
   3.2660666e+00   2.5859221e+00   1.3504379e+00   7.7942171e-01   3.3491731e-01   8.3447060e-01   7.2747589e-01   3.8467247e-01   5.9547772e-01   2.7101424e-01   1.1518458e-01   2.7164624e-01   4.6066153e-01   4.0946209e-01   6.4792854e-02  -6.0108062e-01
   3.3998712e+00   2.2444360e+00   9.9439687e-01   8.3153373e-01   5.4250474e-01   7.2334208e-01   8.7788672e-01   7.4173069e-01   5.1068848e-01   2.5814871e-01   2.8493822e-01   2.0580190e-01  -1.0835926e-01   1.7533817e-01   9.2324411e-02  -7.9314412e-01
   2.6990662e+00   1.6726322e+00   2.8509775e-01   5.3914481e-01   5.1828427e-01   5.9621748e-01   6.3166561e-01   4.2460832e-01   7.5581670e-02   2.7943967e-01   2.7553325e-02  -9.4556989e-02  -3.0950783e-01  -2.2876858e-01  -2.7923233e-01  -9.0758724e-01
   2.8876687e+00   2.4350726e+00   7.8919810e-01   7.6893230e-01   1.2470922e+00   1.0949981e+00   9.5129826e-01   3.8833263e-01   1.6968300e-01   1.4500667e-01   1.0232015e-01  -3.0920467e-01  -6.4626376e-01  -8.7970316e-01  -7.4331215e-01  -1.3584557e+00
   3.4356245e+00   2.4347519e+00   1.1193043e+00   8.3738756e-01   7.5831427e-01   1.4742532e+00   1.2133378e+00   8.1380041e-01   1.3747639e-01   1.2436736e-01   1.8058938e-01   7.2464779e-02  -5.9483374e-01  -6.2720351e-01  -5.8133182e-01  -9.2988032e-01
   2.7530048e+00   2.0341170e+00   6.6137484e-01   7.0683961e-01   5.3532081e-01   1.3077937e+00   6.1619647e-01   6.4730156e-01   3.0402276e-01   1.2154545e-01   5.5934329e-02  -3.6447139e-01  -7.5817754e-01  -5.9780120e-01  -6.9354011e-01  -9.4855326e-01
   2.7688005e+00   2.2666686e+00   8.9708822e-01   9.6414441e-01   8.3376780e-01   1.0105309e+00   6.5216832e-01   4.8732481e-01   5.6720342e-01   3.5071058e-01  -4.3866326e-02  -5.5034581e-01  -8.4822772e-01  -1.0470479e+00  -7.3730812e-01  -1.2313578e+00
   2.7657474e+00   2.3518337e+00   6.6273498e-01   7.8893909e-01   3.8853326e-01   3.5117042e-01   6.8217977e-01   5.1675746e-01   5.0527899e-01   1.8068893e-01  -2.5195036e-02  -2.5162121e-01  -6.2131724e-01  -6.0211244e-01  -7.9804849e-01  -8.9059651e-01
   3.1315457e+00   2.4114802e+00   1.0116855e+00   3.8445203e-01   5.2420247e-01   9.4195753e-01   8.6938334e-01   7.8870598e-01   6.5613329e-01   5.0475268e-01  -1.0763017e-02  -4.6890841e-01  -7.6271130e-01  -9.9071485e-01  -1.0066805e+00  -1.3375866e+00
   3.1031424e+00   1.9584000e+00   6.9145599e-01   6.5352594e-01   3.8291757e-01   4.9524702e-01   4.8954602e-01   4.3215806e-01   2.7410703e-01   5.5277593e-01   2.4764439e-01  -3.4796772e-01  -7.6650588e-01  -6.9896248e-01  -6.8694116e-01  -1.1260335e+00
   2.4589022e+00   2.2047446e+00   7.0753719e-01   8.2951422e-01   5.1744266e-01   6.7069682e-01   8.5421128e-01   2.5779525e-01   6.0599310e-01   5.5320868e-01   1.4179236e-01   4.8680969e-02  -7.2523750e-01  -7.7105679e-01  -6.9729298e-01  -1.0289545e+00
   2.8599719e+00   1.2360282e+00   6.0186163e-01   6.9780219e-01   5.7888703e-01   4.9622163e-01   1.0166881e+00   5.7548499e-01  -1.5467715e-01   1.5865526e-01   6.4698042e-02  -2.1726632e-01  -8.3619140e-01  -1.0644399e+00  -9.7901631e-01  -1.1058562e+00
   2.5115220e+00   9.5092187e-01   6.3154012e-01   5.5282399e-01   5.2419204e-01   1.1075027e+00   9.4235206e-01   6.7237557e-01   5.0414906e-01   2.8421338e-01  -2.9320688e-02  -4.6637669e-01  -7.4828084e-01  -9.2906940e-01  -9.1321612e-01  -1.2730032e+00
   2.6864686e+00   1.6162922e+00   9.5186462e-01   7.2196095e-01   6.8099425e-01   9.0283487e-01   9.6723047e-01   6.2532307e-01   5.8863962e-01   4.0311651e-01   2.6363464e-02  -4.7358776e-01  -7.5804068e-01  -8.0456732e-01  -9.3857751e-01  -1.1437034e+00
   2.8260509e+00   2.0104515e+00   6.1558667e-01   2.8290701e-01   5.6216947e-01   9.0255944e-01   9.3023776e-01   4.6245157e-01   3.0789012e-01   4.8255989e-01   3.2923625e-01  -1.1239934e-01  -6.0229015e-01  -9.7493012e-01  -1.1460124e+00  -1.4592731e+00
   2.3745042e+00   1.8085323e+00   1.0195690e+00   2.6942107e-01  -2.5577325e-01   9.3710322e-01   1.0758566e+00   6.1654037e-01   3.9172041e-01   6.2242009e-01   1.8558397e-01  -3.7142037e-01  -5.6653936e-01  -9.3096237e-01  -8.0543525e-01  -9.7422402e-01
   3.2734926e+00   1.7120673e+00   7.5803634e-01   2.1428329e-01   8.5506254e-02   1.1649662e+00   8.5927182e-01   4.4790892e-01   3.4264537e-01   4.6108719e-01   1.8653619e-01  -4.2660751e-01  -3.5577111e-01  -6.0616687e-01  -7.5253229e-01  -8.2745383e-01
   3.1227424e+00   1.5809250e+00   4.1989944e-01   4.0533734e-01   6.3455343e-01   4.3532500e-01   6.5939304e-01   6.8108185e-01   5.5623736e-01   3.0394711e-01  -4.3942844e-01  -2.1913567e-01  -5.0491505e-01  -8.8515141e-01  -1.1966039e+00  -1.2414264e+00
   3.2833976e+00   1.3269430e+00   7.1970638e-02   3.1523626e-01   3.4941932e-01   8.7238802e-01   7.7153265e-01   4.7803773e-01   6.3689966e-01   2.3468953e-01  -1.3147080e-02  -2.1108015e-01  -5.2814561e-01  -5.1550113e-01  -5.2614279e-01  -5.9896219e-01
   2.8526906e+00   2.0867577e+00   1.1454120e+00   8.5879841e-02   3.0855661e-01   4.6983080e-01   7.1980473e-01   4.5048600e-01   2.1446155e-03   4.0774982e-01  -1.2195837e-01  -6.7220193e-01  -1.0917543e+00  -8.7584536e-01  -8.0512313e-01  -1.1102168e+00
   2.0509940e+00   1.7204766e+00   9.6232360e-01  -1.5661063e-02   7.5956797e-02   4.6904918e-01   2.6888920e-01   2.0837438e-01  -9.1437021e-02   2.1516294e-01   9.7996521e-02  -3.5535248e-01  -8.0034942e-01  -9.7074059e-01  -8.9374973e-01  -1.0480287e+00
   2.8086895e+00   1.5542555e+00   7.1215866e-01   7.1357950e-01   8.8310157e-01   1.1791761e+00   6.3331460e-01   1.5083802e-02  -1.3944915e-01   3.5244208e-01  -1.3606974e-01  -4.6133766e-01  -9.6723435e-01  -1.0888522e+00  -1.0093639e+00  -1.1637728e+00
   3.2068265e+00   2.4902530e+00   9.5803677e-01   7.6536475e-01   1.0628038e+00   1.4146123e+00   6.8418461e-01   5.8413993e-02   4.6556424e-01   4.1224195e-01   1.8003897e-01  -2.7594777e-01  -5.1403548e-01  -9.7741788e-01  -8.1880687e-01  -9.6713899e-01
   3.1022671e+00   2.0536039e+00   3.1195491e-01   6.1932019e-01   7.8059604e-01   1.0293700e+00   6.9353439e-01   5.9720368e-01   6.0514584e-01   1.3126428e-01   1.5386381e-01  -2.6199008e-01  -7.8233792e-01  -9.7394677e-01  -9.6962863e-01  -1.0231730e+00
