   2.9774282e+00   2.1543571e+00   3.3153420e-01   1.0792985e+00   5.0456704e-01   1.9325617e-01  -2.7073722e-01  -7.5632907e-01  -7.9225209e-01  -1.2512997e+00  -1.4946245e+00  -1.4844420e+00  -1.5800292e+00  -1.5895353e+00  -1.7586991e+00  -1.7530585e+00
   2.2934237e+00   1.8480884e+00   7.2564696e-01  -3.7574092e-02   1.6696202e-01   2.1929584e-01  -2.0284548e-01  -7.8640144e-01  -7.0982824e-01  -9.2154125e-01  -1.2294903e+00  -1.3550994e+00  -1.3363688e+00  -1.3244757e+00  -1.2805610e+00  -1.2954788e+00
   2.5429707e+00   1.9660847e+00   7.3391422e-01   6.2325377e-01   3.5785809e-01   1.3058464e-01  -2.4138599e-01  -7.6442998e-01  -1.0195488e+00  -1.4973904e+00  -1.5232243e+00  -1.2385937e+00  -1.5613861e+00  -2.0803538e+00  -1.8283705e+00  -1.8100789e+00
   2.7091395e+00   1.4921690e+00   1.2132650e-01  -5.7902386e-02  -2.2735388e-03  -1.8038047e-01  -6.2535878e-01  -7.1275251e-01  -7.4088024e-01  -8.4065779e-01  -1.0824228e+00  -1.1016058e+00  -1.2839095e+00  -1.3945501e+00  -1.3301972e+00  -1.3170256e+00
   3.1085711e+00   1.6309888e+00   2.9692147e-01   3.6423524e-01  -2.7291678e-01  -1.8641237e-02  -2.6185203e-01  -5.6805992e-01  -1.2178075e+00  -1.0196080e+00  -1.2569664e+00  -1.2681418e+00  -1.6230665e+00  -1.9085805e+00  -1.8813003e+00  -1.7843742e+00
   2.4871485e+00   1.6154691e+00   5.7222044e-01   2.4355904e-01  -2.3221918e-01   1.6954325e-01  -1.2819684e-01  -5.2940461e-01  -9.0480697e-01  -8.7780853e-01  -1.3667258e+00  -1.4956044e+00  -1.5367417e+00  -1.6735078e+00  -1.6927296e+00  -1.6827743e+00
   2.5183878e+00   2.1468888e+00   1.1353315e+00   6.0706963e-01   4.8357326e-01   2.5209616e-02  -8.2285515e-01  -7.5742948e-01  -8.8457633e-01  -1.7570533e+00  -1.7129425e+00  -1.7493162e+00  -1.8703253e+00  -1.9786986e+00  -2.0990556e+00  -1.9640415e+00
   2.8301366e+00   1.3763600e+00   7.2774503e-01   7.1103884e-01  -2.7855552e-01   3.0563794e-03  -7.4904065e-01  -1.0025396e+00  -4.7198243e-01  -1.0735605e+00  -1.5794655e+00  -1.3880383e+00  -1.9601407e+00  -2.1348556e+00  -2.1225819e+00  -2.0107165e+00
   2.8327984e+00   1.9959434e+00   6.3218915e-01   6.1675207e-01  -8.5736221e-02   1.5071422e-02  -6.0022129e-01  -8.6552197e-01  -8.4526477e-01  -1.1429874e+00  -1.3541228e+00  -1.3811163e+00  -1.5370161e+00  -1.8889587e+00  -1.9749124e+00  -1.8529334e+00
   1.9017877e+00   1.5031967e+00   2.3977250e-01   5.4156947e-01  -3.8317625e-02   1.5404395e-01  -6.7161494e-01  -9.1348789e-01  -8.6114731e-01  -1.0410037e+00  -1.5488389e+00  -1.2962036e+00  -1.3171616e+00  -1.6402013e+00  -1.8461756e+00  -1.7532438e+00
   1.9196057e+00   2.1475579e+00   8.2000048e-01   7.5753364e-01   6.5238950e-02  -8.2797955e-02  -2.6149505e-01  -8.0404240e-01  -8.7441482e-01  -1.0482039e+00  -1.5631192e+00  -1.5886161e+00  -1.5901414e+00  -1.7117521e+00  -1.9304951e+00  -1.8013965e+00
   1.8107835e+00   1.6811644e+00   5.0889802e-01   3.6140499e-01  -3.9549003e-01  -1.1553792e-01  -3.7848959e-01  -6.9527521e-01  -9.1049209e-01  -1.2707836e+00  -1.2668787e+00  -1.2828417e+00  -1.5556192e+00  -1.7377203e+00  -1.7669073e+00  -1.5966804e+00
   2.5310360e+00   1.6304123e+00   5.7135715e-01   8.2338679e-01   9.0481902e-02   9.3448284e-02  -2.7100046e-01  -5.0267911e-01  -6.4176035e-01  -6.5224249e-01  -1.2713252e+00  -1.5360723e+00  -1.6069368e+00  -1.7230885e+00  -1.8895967e+00  -1.6973090e+00
   2.7394292e+00   1.6464502e+00   3.5311560e-01   2.0109764e-01   3.3853227e-01   3.5252157e-01  -2.0295416e-01  -6.9956649e-01  -6.9788415e-01  -1.0360043e+00  -1.2609410e+00  -1.6170334e+00  -1.6614255e+00  -2.1423213e+00  -2.1340533e+00  -1.9252333e+00
   2.6725581e+00   1.6450053e+00   6.6544200e-01   7.3172402e-01   2.0451973e-01   9.6416895e-02  -3.1718589e-01  -8.9220707e-01  -6.2082979e-01  -1.1042507e+00  -1.6339476e+00  -1.7869565e+00  -1.8919960e+00  -2.2925975e+00  -1.9669412e+00  -2.0035223e+00
   2.9272094e+00   1.4937267e+00   8.0970439e-01   7.9906815e-01   1.5933679e-01   1.7161265e-01  -3.5426186e-01  -7.0941692e-01  -8.8454819e-01  -1.1657404e+00  -1.5610164e+00  -1.3977375e+00  -1.8305360e+00  -2.0109047e+00  -2.1441399e+00  -1.9579289e+00
   2.7705133e+00   1.3440277e+00   6.0974263e-01   6.6372796e-01  -2.4183314e-02  -2.7663100e-01  -5.6070820e-01  -9.4900315e-01  -1.1327032e+00  -1.0144187e+00  -1.2492096e+00  -1.4212127e+00  -1.7434552e+00  -1.9139261e+00  -1.9138468e+00  -1.8005208e+00
   2.1052361e+00   1.4448964e+00   6.8091866e-01   7.9909795e-01   5.4999887e-01   2.7260351e-01  -7.1844365e-01  -4.5939679e-01  -1.0362199e+00  -1.4575437e+00  -1.4115501e+00  -1.5910700e+00  -1.7183788e+00  -1.7665691e+00  -2.0625691e+00  -2.0450790e+00
   2.6348179e+00   2.0234459e+00   6.5952073e-01   3.0391535e-01   2.3488501e-01  -1.4889239e-01  -5.3149729e-01  -5.6645521e-01  -9.4774297e-01  -1.3221463e+00  -1.3513809e+00  -1.2791433e+00  -1.8706276e+00  -1.9096662e+00  -2.0701793e+00  -2.0982236e+00
   2.4277267e+00   1.1667017e+00   4.6461844e-01   3.9343883e-01   7.9330104e-01  -5.8574238e-03  -5.0636667e-01  -3.8727082e-01  -6.6745775e-01  -8.2498373e-01  -1.5537088e+00  -1.4978006e+00  -1.5192985e+00  -2.0566311e+00  -1.8019253e+00  -1.9097709e+00
   2.4098921e+00   5.7097703e-01   5.7709140e-01   6.9485911e-01   7.7425635e-02   2.3851688e-02  -7.5495343e-02  -6.7776673e-01  -5.2785151e-01  -9.5985561e-01  -1.4760017e+00  -1.5325380e+00  -1.7823100e+00  -1.9413254e+00  -2.0419440e+00  -2.0660486e+00
   1.9290510e+00   1.0499863e+00   9.1446042e-01   5.4766653e-01  -1.0618136e-01   2.4825030e-01  -3.0691832e-01  -9.1985106e-01  -1.0974942e+00  -1.1929751e+00  -1.4784316e+00  -1.4970951e+00  -1.5199159e+00  -1.7063957e+00  -1.7055820e+00  -1.6189039e+00
   2.1939433e+00   1.4139826e+00   5.5368155e-01   5.7482205e-01   5.1528889e-02  -1.4842328e-01  -5.7694425e-01  -6.1260242e-01  -9.5258817e-01  -1.3422954e+00  -1.5771433e+00  -1.6048597e+00  -1.8011231e+00  -2.1250069e+00  -2.1175337e+00  -2.0487672e+00
   1.4894358e+00   1.2582657e+00   7.7386100e-01   5.6389005e-01  -2.9117824e-01   1.1607730e-01  -3.1606558e-01  -9.0265766e-01  -1.1656794e+00  -1.3446736e+00  -1.4318477e+00  -1.4240706e+00  -1.6414974e+00  -2.0462293e+00  -2.1498970e+00  -2.0649837e+00
   2.1224560e+00   1.3639672e+00   7.7820514e-01   1.0271817e+00   6.7688537e-02  -1.5053537e-01  -3.2809942e-01  -1.2646364e+00  -8.8513169e-01  -1.0633571e+00  -1.5086465e+00  -1.5342386e+00  -1.7122226e+00  -2.2392958e+00  -1.9722674e+00  -2.0283271e+00
   1.6015313e+00   1.2711851e+00   4.3807522e-01   3.6491090e-01   3.4991237e-01   1.5154043e-01  -5.1720630e-01  -1.0698785e+00  -1.0372784e+00  -1.1608500e+00  -1.5788340e+00  -1.7092756e+00  -1.8397138e+00  -2.0849119e+00  -2.0601313e+00  -2.1132815e+00
   2.2169947e+00   2.2240094e+00   5.6673922e-01   4.4232093e-01  -1.0765064e-01   8.4924501e-02  -5.8074727e-01  -1.0782370e+00  -1.2910595e+00  -1.1405672e+00  -1.5143820e+00  -1.5857013e+00  -1.5746148e+00  -1.6725130e+00  -1.7889515e+00  -1.8552277e+00
   2.4436705e+00   1.9649896e+00   3.7685475e-01   1.0347735e-01  -5.1791202e-01  -3.6043395e-01  -3.7336678e-01  -9.2293448e-01  -7.3614857e-01  -9.9273049e-01  -1.3659478e+00  -1.3959060e+00  -1.4592997e+00  -1.6433399e+00  -1.5727460e+00  -1.5739001e+00
   2.8272672e+00   1.4301803e+00   9.2366237e-01   8.8305567e-01   1.6594851e-01   3.4478377e-02  -6.1850088e-02  -1.1968046e+00  -1.0585908e+00  -1.0981779e+00  -1.2860628e+00  -1.3761271e+00  -1.2050768e+00  -6.3443241e-01  -6.5570344e-01  -1.0051151e+00
   2.1691278e+00   9.1112459e-01   3.8562156e-01   9.5250793e-01   3.4300282e-01   8.0720887e-02  -5.3343805e-01  -7.0033158e-01  -8.3158208e-01  -8.9199348e-01  -5.8978219e-01  -1.0085213e+00  -7.7737938e-01  -1.7479667e-02   5.5128055e-01   3.1413070e-01
   2.5796923e+00   1.9547223e+00   5.9138418e-01   1.0244755e+00   3.0802617e-01   1.1514434e-01  -4.2724307e-01  -8.3407906e-01  -8.4294081e-01  -8.4410633e-01  -9.4486450e-01  -8.7684056e-01  -5.0927261e-01  -6.8893966e-02   4.6276700e-01   4.9803789e-01
   2.2703746e+00   2.1096228e+00   6.9521906e-01   1.2190533e+00  -3.0639668e-01   1.7015030e-01  -8.6776168e-02  -7.4384590e-01  -8.0407289e-01  -1.1035766e+00  -3.8649576e-01   1.5830130e-02   3.0776607e-01   4.1738295e-01   8.3597903e-01   8.2575943e-02
   2.1944404e+00   2.0504862e+00   1.3122943e+00   1.2835378e+00  -1.4202301e-01  -2.6288039e-02  -3.1617256e-01  -7.4951943e-01  -9.1758806e-01  -9.2666797e-01   4.2522388e-01   8.2882544e-01   1.3308556e+00   1.3539079e+00   1.6065480e+00   4.6004424e-01
   2.0840096e+00   1.6759338e+00   8.4728820e-01   1.6050953e+00   2.5856976e-01  -1.5257343e-01  -5.3327040e-01  -7.6275252e-01  -4.8446640e-01  -5.9732048e-01   7.3046312e-01   1.5260552e+00   1.9407463e+00   1.7780620e+00   2.0204736e+00   6.1586501e-01
   2.5232515e+00   2.1305867e+00   9.5099808e-01   1.7391342e+00   5.6453763e-01   2.2077473e-01  -5.2214983e-01  -6.6979385e-01  -7.3478775e-01  -9.7438006e-01   8.7038332e-01   1.8871846e+00   1.9318471e+00   1.7737411e+00   1.9795854e+00   5.4856613e-01
   2.1954517e+00   1.9178529e+00   8.2302271e-01   1.7227559e+00   2.3035848e-01  -1.4547585e-01  -5.7188584e-01  -6.7008122e-01  -7.2091956e-01  -8.9564747e-01   6.7244433e-01   2.0111806e+00   2.0234656e+00   1.7565624e+00   1.9683197e+00   6.5933710e-01
   2.8757902e+00   2.2617600e+00   1.0657528e+00   1.7388421e+00   4.0291253e-01   1.4849947e-01  -5.3387053e-02  -7.2277434e-01  -1.2744322e-01  -3.9682188e-01   5.6258459e-01   2.1527557e+00   2.1073926e+00   1.8147563e+00   2.0821755e+00   8.1751839e-01
   2.4125426e+00   2.2156080e+00   1.4378818e+00   1.5454518e+00   2.8391868e-01   1.9163352e-01  -3.9270149e-01  -4.8318195e-01  -4.9374053e-01  -7.7966675e-01   4.4265849e-01   2.2082180e+00   2.1112752e+00   1.8475515e+00   2.1245093e+00   9.0905286e-01
   3.0359548e+00   2.3259590e+00   1.1184335e+00   1.8377251e+00   9.2801887e-01   3.8782210e-01  -2.2527600e-01  -7.0062887e-01  -6.1917661e-01  -8.9063476e-01   4.0532462e-01   2.3018040e+00   2.2448326e+00   1.9938696e+00   2.3556793e+00   9.5642230e-01
   3.0025154e+00   1.8616646e+00   1.1570249e+00   1.7276385e+00   4.2842448e-01   1.1706042e-01  -3.8157944e-02  -4.3275382e-01  -8.6727321e-01  -8.4629241e-01   4.8722510e-01   2.2387879e+00   2.1730067e+00   1.8900234e+00   2.0994975e+00   8.7031508e-01
   2.4698734e+00   1.7840005e+00   1.3406776e+00   1.9904186e+00   4.2505776e-01  -4.3048085e-01  -4.7403835e-01  -3.7437345e-01  -6.2742585e-01  -1.1403002e+00   3.1629044e-01   2.1186087e+00   2.1611316e+00   1.9745631e+00   2.1753662e+00   8.2034057e-01
   2.1654474e+00   1.9836966e+00   1.0271374e+00   1.4813960e+00   3.1522329e-01  -5.0402561e-01  -9.7783670e-01  -8.3882248e-01  -2.6519830e-01  -9.8656636e-01   8.5929803e-02   1.8262576e+00   2.1145328e+00   2.0331730e+00   2.3125092e+00   9.1096082e-01
   2.3977629e+00   2.2165573e+00   1.0096961e+00   1.8672483e+00   5.3891901e-01   3.1343133e-01  -5.5667005e-02  -7.8317340e-01  -7.1572152e-01  -6.8633581e-01  -1.3520102e-01   1.5113748e+00   2.1888844e+00   2.0641636e+00   2.3828347e+00   1.1788118e+00
   2.8214449e+00   2.2208642e+00   1.0659903e+00   1.9496929e+00   5.5377121e-01  -4.8991023e-01  -4.2126233e-01  -8.2628546e-01  -7.4969427e-01  -9.4663470e-01   1.0310739e-01   1.6202791e+00   2.0855095e+00   1.8772297e+00   2.1792426e+00   1.0234682e+00
   2.8678224e+00   2.1055448e+00   1.2072641e+00   1.7822926e+00   1.4416312e-01  -8.8569804e-01  -4.0421493e-01  -1.1704192e+00  -6.0676913e-01  -6.0139848e-01  -1.4208751e-01   1.3146646e+00   1.8944572e+00   1.8047867e+00   2.0736380e+00   9.0368287e-01
   2.4110482e+00   1.9371379e+00   1.4328685e+00   1.7836167e+00  -6.3835347e-02   1.9916594e-01  -3.8819020e-01  -6.3555742e-01  -4.8145488e-01  -9.2844156e-01  -4.6541356e-01   1.4127492e+00   1.9235899e+00   1.7202441e+00   1.9077086e+00   7.6283552e-01
   2.9037082e+00   2.8025632e+00   1.3216949e+00   1.7485988e+00   1.6545047e-01   1.8902159e-02  -3.6854712e-01  -6.4662260e-01  -6.2560276e-01  -6.8515683e-01  -5.5392586e-02   1.8333774e+00   1.9787931e+00   1.8047079e+00   2.1382266e+00   1.0166835e+00
   2.9354185e+00   1.9283218e+00   1.1192824e+00   1.3187519e+00   1.5917112e-01   3.4763003e-01  -1.5301742e-01  -7.9429825e-01  -7.9421568e-01  -1.0163803e+00  -6.0926874e-02   1.6416355e+00   1.9017703e+00   1.7940759e+00   2.1080070e+00   9.6044764e-01
   2.6699932e+00   1.5221011e+00   1.1015589e+00   1.1868617e+00   5.9736987e-02  -1.8901191e-01  -8.4002170e-01  -9.8932424e-01  -6.1597989e-01  -9.8603048e-01  -4.0299245e-01   1.2290376e+00   1.8027122e+00   1.5988080e+00   1.8132606e+00   5.0992755e-01
   2.6307921e+00   2.4631709e+00   1.1888356e+00   1.3160043e+00   2.4986773e-01   5.6441444e-02  -3.7967725e-01  -7.4870598e-01  -8.8675549e-01  -8.7723497e-01  -4.0732709e-01   1.1829643e+00   1.6442960e+00   1.5548804e+00   1.8462420e+00   5.0612853e-01
   2.2928055e+00   2.0792944e+00   9.7670672e-01   8.4658005e-01  -2.3558851e-01  -3.4295405e-01  -3.1901736e-01  -9.1912919e-01  -1.0175205e+00  -1.4870115e+00  -5.5521541e-01   1.4011562e+00   1.4992416e+00   1.3481017e+00   1.4758231e+00  -4.4780086e-02
   2.4802433e+00   1.5744898e+00   7.0118880e-01   5.6517013e-01   2.5418558e-01   7.1404558e-02  -4.5485639e-01  -1.0984188e+00  -9.3256036e-01  -1.3427521e+00  -5.2609995e-01   1.2113784e+00   1.4812262e+00   1.4159476e+00   1.4982581e+00  -3.1478397e-02
   1.9706905e+00   2.1176334e+00   1.0289424e+00   9.2650008e-01   3.3974912e-01   4.9188304e-01  -9.6254127e-03  -6.7381283e-01  -1.0174099e+00  -1.2262943e+00  -6.2797426e-01   8.4581747e-01   1.4063439e+00   1.1997114e+00   1.2138746e+00  -4.1511850e-01
   2.6854090e+00   2.3204183e+00   1.5260029e+00   1.5106042e+00   5.3161661e-01  -2.2081343e-01  -4.2774038e-01  -1.1230298e+00  -9.8174928e-01  -1.1632701e+00  -8.1603154e-01   8.4730426e-01   1.2746089e+00   1.0291544e+00   9.1808517e-01  -6.8472934e-01
   3.1193905e+00   2.5684714e+00   1.3742084e+00   9.5141614e-01   1.4960511e-01  -8.3898334e-02  -4.7174356e-01  -7.7581962e-01  -9.1793413e-01  -1.1968725e+00  -7.2184852e-01   8.5759113e-01   1.1411630e+00   9.3753949e-01   7.0866250e-01  -8.4861522e-01
   2.1946434e+00   1.6467541e+00   1.4438248e+00   1.1200983e+00  -1.7829430e-01  -2.4979348e-02  -7.4756413e-01  -9.0840176e-01  -9.5047354e-01  -1.4649349e+00  -6.6691341e-01   9.1630801e-01   1.0879675e+00   8.8153450e-01   7.5526277e-01  -7.4521689e-01
   2.5718555e+00   1.4965418e+00   1.3836227e+00   8.3277387e-01   4.3588272e-01   3.8319126e-01  -8.8902032e-01  -7.8043853e-01  -7.0201851e-01  -1.3771635e+00  -7.7374756e-01   6.4754860e-01   8.1674746e-01   6.5960175e-01   7.0284513e-01  -8.5404681e-01
   2.2188622e+00   1.5899945e+00   1.6565462e+00   9.6808255e-01   6.6394822e-02   3.3619433e-02  -6.3710715e-01  -1.0621084e+00  -1.1011842e+00  -1.2097556e+00  -1.1009455e+00   2.0068433e-01   4.3178617e-01   3.0781845e-01   4.1013939e-01  -9.6438736e-01
   2.2057101e+00   1.5692723e+00   1.3527995e+00   7.3362608e-01   3.1401735e-01   3.3665365e-01  -8.6450991e-01  -1.1936551e+00  -1.1478115e+00  -1.2600550e+00  -1.0599258e+00   4.0663023e-01   6.2108837e-01   3.6645322e-01   3.4284475e-01  -1.1032952e+00
   2.6169723e+00   1.5386361e+00   1.5114212e+00   6.9426923e-01  -1.6359267e-01   4.0603949e-02  -3.2953489e-01  -1.3014237e+00  -1.1651268e+00  -1.1443466e+00  -1.0543553e+00   1.4887168e-01   4.3212756e-01   5.7384010e-01   3.5448376e-01  -1.1507867e+00
   2.3362648e+00   2.3481140e+00   1.4840440e+00   1.0089952e+00  -1.3223143e-01   2.2430989e-01  -3.3174942e-01  -9.2975534e-01  -8.1109165e-01  -7.7428250e-01  -5.0672416e-01   1.7724698e-01   2.6789235e-01  -1.3832559e-02  -9.4327487e-02  -1.0227516e+00
   2.5652341e+00   2.3594976e+00   1.5082119e+00   9.8955217e-01   1.1114458e-01   3.9421992e-01  -1.5882110e-01  -8.5132148e-01  -1.0673415e+00  -7.8177741e-01  -1.0048148e+00   1.0091964e-02   1.6034335e-01  -6.1513637e-01  -4.0500930e-01  -1.2475519e+00
   2.8719564e+00   2.0441157e+00   1.3764673e+00   7.9975413e-01  -5.0145505e-02   2.9912975e-01  -2.0077384e-01  -9.1949294e-01  -9.2480241e-01  -1.0518062e+00  -9.3718108e-01  -8.2621614e-02  -4.9301747e-02  -5.3762310e-01  -3.1171985e-01  -1.2650939e+00
   2.6989524e+00   2.1831564e+00   1.2864597e+00   8.5081096e-01   5.0231644e-01  -1.1633418e-01  -8.8080886e-01  -9.9441081e-01  -8.1103949e-01  -1.0540371e+00  -1.2020917e+00  -4.1737287e-01  -1.0939537e-01  -3.6378369e-01  -3.7015327e-01  -1.3592712e+00
   2.2733579e+00   2.0407902e+00   6.4119466e-01   6.2167912e-01  -2.3229174e-01  -2.0832287e-01  -1.0181161e-01  -9.1232004e-01  -5.5535072e-01  -1.0767722e+00  -1.2301430e+00  -4.4442750e-01  -3.2110293e-01  -3.0915521e-01  -1.4402089e-01  -9.7659725e-01
   2.0756521e+00   1.7624024e+00   4.4527640e-01   4.1092104e-01  -1.1820990e-01   1.8590602e-01  -1.0529350e-01  -9.3039876e-01  -1.1051568e+00  -1.0492119e+00  -1.3648041e+00  -4.4527341e-01   3.4999573e-02  -9.8952863e-03  -1.9516300e-01  -1.2171276e+00
   2.2068288e+00   2.1779661e+00   1.0264734e+00   2.8200196e-01   2.2511405e-01   2.5393366e-02  -2.5142905e-01  -8.4248551e-01  -7.2349840e-01  -1.0731365e+00  -1.0113689e+00  -3.0011704e-01   1.9155928e-01  -4.6510289e-02   1.1617961e-01  -1.0018545e+00
   2.5515661e+00   2.4332754e+00   5.3544107e-01   8.9411391e-02   2.1905167e-01   9.6816637e-02  -4.9692157e-01  -8.7954274e-01  -8.9500065e-01  -1.1955193e+00  -1.1315729e+00  -6.2925381e-01  -4.8911340e-01  -2.6772081e-01  -1.4887148e-01  -1.1048430e+00
   2.1474139e+00   1.9211620e+00   1.3182653e-01   6.7390703e-01  -3.2082480e-02  -2.3559915e-01  -5.1973551e-01  -1.2316226e+00  -8.9194286e-01  -1.1805229e+00  -1.0705891e+00  -7.7967002e-01  -5.3013739e-01  -6.1669964e-01  -8.1215160e-01  -1.3066881e+00
   2.2121819e+00   1.4388077e+00   7.7211299e-01   6.9468947e-01  -3.8010615e-01  -4.7471468e-01  -3.1765208e-01  -8.9203684e-01  -8.8513280e-01  -1.3432392e+00  -1.1882577e+00  -1.0552061e+00  -9.0392542e-01  -1.1823328e+00  -1.0319821e+00  -1.6635204e+00
   1.9711377e+00   2.3685283e+00   1.0272131e+00   4.4549040e-01  -4.0354307e-01  -4.8203090e-01  -2.1734840e-02  -3.2751041e-01  -9.6499734e-01  -1.1612375e+00  -1.2778057e+00  -1.3598059e+00  -1.3261352e+00  -1.4278814e+00  -1.2728072e+00  -1.8013711e+00
   2.1834868e+00   2.3055991e+00   5.9511837e-01   5.3711545e-01  -4.9480334e-01   1.1190972e-01  -1.2391323e-01  -7.1642845e-01  -1.3095493e+00  -1.3281301e+00  -1.5321865e+00  -1.3836579e+00  -1.0806208e+00  -1.0858877e+00  -1.4274814e+00  -1.7497538e+00
   2.3451008e+00   1.7129956e+00   3.4893696e-01   8.5604339e-01   1.3001125e-01  -3.2199287e-01  -7.5077509e-01  -6.8393361e-01  -5.9077232e-01  -8.7134032e-01  -1.0686369e+00  -9.5082988e-01  -1.0849158e+00  -9.2287279e-01  -1.0309179e+00  -1.3117664e+00
   3.0243197e+00   2.2933731e+00   9.8200315e-01   1.2135797e+00   4.3521772e-01  -3.5171234e-01  -8.5136718e-01  -9.4667948e-01  -7.4071213e-01  -1.1677348e+00  -1.2978798e+00  -1.4262374e+00  -1.5025644e+00  -1.2713375e+00  -1.3474945e+00  -1.8508679e+00
   2.5500245e+00   2.1703682e+00   2.6067167e-01   6.6380223e-01   3.1789898e-01  -2.4792350e-01  -1.2180401e+00  -7.1801844e-01  -9.8734602e-01  -1.2710533e+00  -1.9086766e+00  -1.8004625e+00  -1.4868039e+00  -1.4680898e+00  -1.7260364e+00  -2.1207172e+00
   3.0519603e+00   2.1562696e+00  -1.5571920e-01   2.9949726e-01  -1.2993595e-01  -1.5065907e-01  -9.2849770e-01  -1.0649898e+00  -1.1892088e+00  -1.5276825e+00  -1.3447770e+00  -1.3057729e+00  -1.5667404e+00  -1.4598725e+00  -1.6266638e+00  -1.9083848e+00
   2.5378006e+00   1.5286602e+00   2.5332305e-01   4.2963351e-01   4.4360419e-01  -1.3005128e-02  -5.0622597e-01  -8.3496166e-01  -6.6198934e-01  -1.1377584e+00  -1.3384617e+00  -1.3946876e+00  -1.6548570e+00  -1.6415531e+00  -1.7147446e+00  -1.6819506e+00
   2.6996335e+00   7.3458560e-01   6.8411873e-01   5.6252550e-01   2.5976433e-01   1.4761008e-01  -4.3440379e-01  -5.2743798e-01  -8.1861211e-01  -9.1235705e-01  -1.5965225e+00  -1.2492728e+00  -1.4601092e+00  -1.8251307e+00  -1.8305462e+00  -2.0386154e+00
   2.1358721e+00   2.0565951e+00   1.0220771e+00   6.8079178e-01  -2.0614625e-01  -1.6164003e-01  -1.1906158e-01  -7.3751601e-01  -6.4390184e-01  -8.0750494e-01  -1.0643942e+00  -1.0391938e+00  -1.1588842e+00  -1.1286706e+00  -1.1229934e+00  -1.1555473e+00
   2.6909774e+00   2.1430525e+00   8.7456834e-01   4.9159127e-01  -5.4182847e-01  -2.3784062e-01  -5.9958894e-01  -9.2123371e-01  -8.3997741e-01  -8.7025481e-01  -1.6076184e+00  -1.6971440e+00  -1.9814386e+00  -1.6992313e+00  -1.7809800e+00  -2.1077418e+00
   1.9592474e+00   9.4493740e-01   6.3042938e-01   4.0803011e-01   9.2391979e-02  -1.9837458e-01  -7.3855118e-01  -5.7674412e-01  -5.9922252e-01  -1.3021702e+00  -1.8147465e+00  -1.9440533e+00  -1.9174452e+00  -1.8108286e+00  -2.0722090e+00  -2.0890793e+00
   2.3010897e+00   7.5819522e-01   6.8297937e-01   2.2835521e-01  -6.2819326e-01  -5.2582025e-01  -6.8860290e-01  -7.7232904e-01  -1.0245162e+00  -1.5023447e+00  -1.5670624e+00  -1.5484555e+00  -1.9940579e+00  -1.8618029e+00  -2.0000651e+00  -2.1508807e+00
   2.3918162e+00   1.9965459e+00   3.7933868e-01   5.2239903e-02  -6.9331150e-01  -1.9762276e-01  -5.7820641e-01  -1.0294970e+00  -7.9780186e-01  -1.5143592e+00  -1.6829114e+00  -1.5435834e+00  -1.9669796e+00  -1.7067154e+00  -1.8006522e+00  -1.9744396e+00
   2.4779759e+00   2.2869424e+00   8.5384745e-01   7.7607524e-01  -8.8905811e-02   1.4657916e-01  -6.4405886e-01  -8.2065950e-01  -9.9511390e-01  -1.0421867e+00  -1.5308341e+00  -1.3314706e+00  -1.7617089e+00  -1.6575648e+00  -1.6380510e+00  -1.6037223e+00
   2.2766219e+00   1.7286297e+00   8.8406391e-01   4.9810184e-01   3.1125675e-03  -1.4452125e-01  -5.1172330e-01  -8.6596232e-01  -8.6891459e-01  -7.8251182e-01  -1.5240111e+00  -1.4094789e+00  -1.6509742e+00  -1.7436477e+00  -1.8093531e+00  -1.5926498e+00
   2.5274519e+00   1.0205806e+00   8.5801597e-01   6.0319712e-01  -9.6008218e-02  -2.2438278e-01  -5.5962834e-01  -5.8379680e-01  -7.6358591e-01  -7.6673372e-01  -1.2968749e+00  -1.4722511e+00  -1.5388159e+00  -1.6686946e+00  -1.7629994e+00  -1.5432808e+00
   3.0478273e+00   1.8560243e+00   6.8411560e-01   8.1252284e-02   1.8511919e-01   1.5285425e-01  -1.6277888e-01  -7.4770434e-01  -7.6171315e-01  -9.9716001e-01  -1.3890164e+00  -1.4889329e+00  -1.6190924e+00  -1.7194470e+00  -1.6121535e+00  -1.6694469e+00
   2.1962566e+00   2.0183279e+00   3.9583263e-01   5.0341836e-01   9.6709629e-02   5.4296579e-02  -4.1946987e-01  -1.3144434e+00  -8.3873574e-01  -9.6812839e-01  -1.7642650e+00  -1.5750266e+00  -1.5717775e+00  -1.9301379e+00  -1.8273372e+00  -1.7644358e+00
   2.4275053e+00   1.1603136e+00   6.4823307e-01   9.5014904e-01   2.9533801e-01   2.0078637e-02  -7.7640864e-01  -8.5162430e-01  -9.8041822e-01  -1.3593165e+00  -1.3873448e+00  -1.5339138e+00  -1.7427741e+00  -1.7941997e+00  -1.8711417e+00  -2.0145191e+00
