   2.2230815e+00   1.4920799e+00   4.5347795e-01   3.6458564e-01  -2.4327909e-02   1.5150460e-02  -5.7293837e-01  -1.0044003e+00  -9.2889180e-01  -1.1597875e+00  -1.5524543e+00  -1.5107257e+00  -1.5805834e+00  -2.0741358e+00  -2.1046459e+00  -2.0743676e+00
   1.5764324e+00   9.2113304e-01   8.4172047e-01   3.4771165e-01   2.6612730e-01   1.0770444e-03  -6.4257067e-01  -9.4923436e-01  -5.9728096e-01  -6.2676317e-01  -1.0850916e+00  -1.8183365e+00  -1.6120584e+00  -2.1169864e+00  -1.9820921e+00  -1.9037797e+00
   1.9905155e+00   1.9200757e+00   1.0136278e+00   1.2189314e+00   4.6031737e-01   5.7155128e-02  -1.7515311e-01  -1.0525971e+00  -8.6498836e-01  -1.1190192e+00  -1.2726901e+00  -1.7093763e+00  -1.7059971e+00  -2.1775230e+00  -2.2002516e+00  -2.0298569e+00
   1.4881607e+00   1.4726014e+00   7.7425147e-01   9.7392933e-01   4.8168871e-01   3.8766413e-01  -3.4332523e-01  -7.7745156e-01  -1.2802050e+00  -1.3210948e+00  -1.6077813e+00  -1.7796103e+00  -1.8380821e+00  -2.1362116e+00  -2.1898423e+00  -2.1264031e+00
   2.5997029e+00   1.5104946e+00   6.4683113e-01   4.7509131e-01   3.4150778e-01   4.4628262e-02  -6.3201692e-01  -9.0579303e-01  -1.1279713e+00  -1.6524763e+00  -1.5918651e+00  -1.5782271e+00  -1.5131574e+00  -1.9554940e+00  -1.9004201e+00  -1.9285936e+00
   2.1636986e+00   1.1408827e+00   1.0325775e+00   7.2193122e-01   2.4433503e-01  -1.6647589e-01  -7.5640743e-01  -9.6667639e-01  -1.4294450e+00  -1.0969427e+00  -1.5775532e+00  -1.3133598e+00  -1.4485101e+00  -1.6398113e+00  -1.6894304e+00  -1.8715936e+00
   2.2928628e+00   1.4367841e+00   9.8071824e-01   5.9607111e-01   3.7295834e-01   2.6342575e-01  -4.0400098e-01  -7.2883951e-01  -1.2038549e+00  -1.4520464e+00  -1.6010159e+00  -1.5674030e+00  -1.7039755e+00  -2.2005721e+00  -1.9869811e+00  -2.0114624e+00
   2.6890322e+00   1.9880211e+00   9.3287217e-01   8.9330999e-01   2.9569456e-01   7.3889782e-02  -4.5832604e-01  -8.4809709e-01  -1.0199014e+00  -1.0320109e+00  -1.4359230e+00  -1.6041332e+00  -1.5879188e+00  -1.7555074e+00  -1.8341605e+00  -1.8677289e+00
   2.5150097e+00   1.7874649e+00   1.0619680e+00   5.4542034e-01   2.3999319e-01   4.0339340e-01  -5.9556876e-01  -9.5968480e-01  -8.3945893e-01  -1.0982767e+00  -1.4371789e+00  -1.5405621e+00  -1.7448564e+00  -2.0767229e+00  -2.0494064e+00  -1.9310665e+00
   2.5085128e+00   1.6155054e+00   6.8961255e-01   7.7926575e-01   4.6100041e-01   2.8287826e-01  -6.6623317e-01  -5.8780395e-01  -7.6145499e-01  -8.2475992e-01  -1.2772610e+00  -1.5772464e+00  -1.4329707e+00  -1.6062919e+00  -1.8812579e+00  -1.7503503e+00
   2.3727026e+00   1.5920675e+00   1.1289536e+00   9.4479363e-01   3.4306109e-01   2.8769877e-01  -3.1677764e-01  -7.0624263e-01  -8.6450521e-01  -1.1694082e+00  -1.5566755e+00  -1.7270294e+00  -1.6092978e+00  -2.2529644e+00  -2.1106685e+00  -2.0225551e+00
   2.0523899e+00   1.2042274e+00   1.1549945e+00   3.8454794e-01  -4.6773995e-01   9.4365902e-02  -5.1113214e-01  -7.8729910e-01  -1.2218339e+00  -1.3749384e+00  -1.7296214e+00  -1.6899710e+00  -1.9638452e+00  -2.2661568e+00  -2.2036958e+00  -1.9672110e+00
   2.5705299e+00   1.4374565e+00   2.3203757e-01   8.2434016e-01  -2.9657601e-01   2.3237109e-01  -2.5006938e-01  -4.8154138e-01  -8.1914807e-01  -1.1802541e+00  -1.8184783e+00  -1.5357777e+00  -1.6394498e+00  -1.7588866e+00  -2.2239152e+00  -1.9130213e+00
   1.9511981e+00   1.3638239e+00   9.3388432e-01   7.7391420e-01   1.7365248e-01   3.5997257e-01  -6.4883726e-01  -1.0902822e+00  -8.3949553e-01  -1.0752144e+00  -1.6395229e+00  -1.5240700e+00  -1.6032673e+00  -2.0557814e+00  -2.0881941e+00  -2.1798796e+00
   2.1230326e+00   1.7360084e+00   8.5118992e-01   4.5246960e-01   3.4052255e-01   2.5224318e-01  -5.1109643e-01  -1.2596175e+00  -1.1627239e+00  -1.2524559e+00  -1.9319992e+00  -1.7935829e+00  -1.6485460e+00  -1.8424438e+00  -1.9602633e+00  -1.9124233e+00
   1.5405971e+00   1.8445159e+00   5.1964958e-01  -2.7496406e-01  -5.5440807e-01  -4.1169969e-01  -6.2159559e-01  -1.0659055e+00  -1.0244797e+00  -1.5567097e+00  -1.4471804e+00  -1.8990579e+00  -1.8055282e+00  -1.8779892e+00  -1.8509332e+00  -1.9381596e+00
   2.7597576e+00   2.3527447e+00   7.7591703e-01   1.3778127e-01   1.0016829e-01   6.0030522e-02  -8.0128460e-01  -1.3160044e+00  -1.0223517e+00  -9.6998460e-01  -1.3858315e+00  -1.6834912e+00  -1.3274400e+00  -1.8581727e+00  -1.9962026e+00  -1.7794688e+00
   1.5408853e+00   1.2086493e+00   3.8668475e-01   2.1621472e-01   3.5538147e-01   4.0627394e-02  -5.7283278e-01  -1.0146238e+00  -7.9597573e-01  -1.2394158e+00  -1.4483372e+00  -1.6287614e+00  -1.5473918e+00  -1.7705588e+00  -1.8351882e+00  -1.5694242e+00
   1.7864066e+00   1.6862100e+00   3.4309533e-01  -8.2554360e-03   4.0684973e-01   3.7947426e-02  -4.8615047e-01  -8.9743162e-01  -1.0627054e+00  -8.7786489e-01  -8.9379568e-01  -1.3970916e+00  -1.4828536e+00  -1.4307447e+00  -1.5821323e+00  -1.2491744e+00
   2.1812478e+00   1.7743675e+00   1.1624125e+00   4.0959404e-01   1.6535233e-01   5.7696928e-02  -6.9651908e-01  -9.6848990e-01  -6.9671643e-01  -1.3145833e+00  -1.5096026e+00  -1.5349455e+00  -1.5450901e+00  -1.3934365e+00  -1.7896998e+00  -1.2192327e+00
   2.1071461e+00   1.8576886e+00   9.1208208e-01   5.7915504e-01   1.4487577e-01  -1.2559438e-01  -1.0483989e+00  -8.3007797e-01  -6.4868359e-01  -1.2396521e+00  -1.7021217e+00  -1.5514653e+00  -1.0015749e+00  -8.8212672e-01  -1.1494083e+00  -9.3751696e-01
   2.5015977e+00   1.0193512e+00   3.9784332e-01   5.7607661e-01  -2.8143990e-01   1.8200972e-01  -7.2150698e-01  -1.2155104e+00  -1.0264725e+00  -9.6270156e-01  -1.2532815e+00  -1.0784649e+00  -1.2640190e+00  -7.3624412e-01  -8.3937839e-01  -9.2569551e-01
   2.1353508e+00   1.3765020e+00   6.4501382e-01   2.4347406e-01   1.2375314e-01   1.0626114e-01  -2.5922656e-01  -7.9750655e-01  -1.0705822e+00  -1.0758002e+00  -1.2041171e+00  -1.1550983e+00  -1.0763671e+00  -7.5513858e-01  -9.4075931e-01  -8.8282665e-01
   1.8957206e+00   1.9773882e+00   6.5638948e-01   6.0598133e-01   1.9320652e-01   1.9754617e-01  -1.8636451e-01  -7.0938296e-01  -8.9165167e-01  -1.2976738e+00  -1.2394033e+00  -1.2670844e+00  -1.2139515e+00  -9.6850574e-01  -1.2230145e+00  -1.0734285e+00
   2.0946297e+00   2.2278854e+00   7.5489500e-01   8.9212510e-01   4.9409155e-01   8.8481475e-02  -6.4319601e-01  -9.1815261e-01  -8.3619810e-01  -5.6887334e-01  -1.0886751e+00  -1.4671682e+00  -1.3251185e+00  -1.0154779e+00  -1.0717661e+00  -1.1247133e+00
   2.1215845e+00   2.0084054e+00   2.8487334e-01   5.2158729e-01   2.2532393e-01  -1.4462696e-01  -5.7371598e-01  -9.7252318e-01  -3.9144917e-01  -8.6641027e-01  -1.3772999e+00  -1.3630152e+00  -1.3050296e+00  -1.0893564e+00  -8.8519171e-01  -1.0416459e+00
   2.2331653e+00   1.6592327e+00   3.7949311e-01   3.9686132e-01  -1.8416616e-01  -2.8904030e-01  -2.5739593e-01  -1.0390549e+00  -8.0062326e-01  -7.7021977e-01  -1.1657994e+00  -1.3392567e+00  -1.3376664e+00  -1.2077066e+00  -1.1283044e+00  -8.0093731e-01
   2.2322113e+00   1.6001010e+00   7.9417120e-01   9.6112711e-01   1.3933184e-01  -2.7312588e-01  -6.3033990e-01  -9.1630520e-01  -7.8237204e-01  -8.3440514e-01  -1.1931332e+00  -1.3593411e+00  -1.1461433e+00  -1.0684939e+00  -1.1632774e+00  -1.1384643e+00
   2.2842336e+00   1.8656387e+00   5.4538051e-01   5.5748148e-01   2.6439447e-01  -1.3969785e-01  -3.7138958e-01  -6.0381407e-01  -1.2697235e+00  -1.1788505e+00  -1.4819680e+00  -1.2635982e+00  -1.0775035e+00  -1.2031904e+00  -1.0428766e+00  -1.2191351e+00
   2.4005196e+00   1.3860225e+00   5.7729964e-01   4.5029121e-01   4.7900571e-01   3.3787483e-01  -4.8322399e-01  -6.8129757e-01  -8.4521918e-01  -1.3265579e+00  -1.1910981e+00  -1.4388216e+00  -1.0965251e+00  -7.8834789e-01  -1.1288399e+00  -7.0902154e-01
   2.1908956e+00   1.6363148e+00   2.5396143e-01   4.1187511e-01  -7.5660300e-02   1.7010096e-01  -3.1102908e-01  -5.0392077e-01  -1.2153932e+00  -1.3022309e+00  -1.3062504e+00  -1.2283087e+00  -7.0083303e-01  -5.7455971e-01  -2.0192208e-01  -2.4788460e-01
   2.2268852e+00   2.0746401e+00   5.8034928e-01   5.6527867e-01   1.3323686e-01   6.2062290e-03  -3.7084530e-01  -1.1468529e+00  -1.1863649e+00  -1.0359882e+00  -1.0306827e+00  -1.1246102e+00  -6.8318782e-01   4.5585414e-02  -2.2981557e-01  -2.2247154e-01
   2.6652978e+00   2.3941841e+00   1.0495405e+00   3.3412843e-01   2.9197572e-01  -4.8312373e-02  -5.7974444e-01  -1.2477380e+00  -1.1251299e+00  -9.3234430e-01  -7.4352043e-01  -8.3934350e-01  -4.9298372e-01  -2.0091300e-01  -4.9589371e-01  -3.3535274e-01
   2.1423254e+00   1.7043649e+00   1.3793514e+00   6.9569006e-01   6.9877649e-02  -2.3674824e-01  -6.5416688e-01  -1.1888032e+00  -9.5399266e-01  -6.5070735e-01   7.6206266e-02   5.4947377e-01   1.1150782e+00   9.4356779e-01  -3.1824287e-02  -1.1784149e+00
   2.0076518e+00   1.7024951e+00   1.2461241e+00   1.2447971e+00   7.1715063e-01   2.7696976e-01  -8.7627883e-02  -8.4852934e-01  -4.0431934e-01  -6.8587673e-01   5.0267594e-01   1.0111110e+00   1.8390074e+00   1.9989301e+00   7.1749229e-01  -1.2252377e+00
   2.3115529e+00   2.1295321e+00   1.4534369e+00   1.5749816e+00   5.8364101e-01   2.1333395e-01  -2.1049958e-01  -6.7646518e-01  -2.9192233e-01  -8.3237333e-01   2.7271394e-01   8.9741974e-01   2.0756444e+00   2.3625249e+00   9.1673345e-01  -1.3581961e+00
   2.7849502e+00   2.4236478e+00   1.2526343e+00   1.4539015e+00   7.8797991e-01  -1.2357895e-01  -8.8592034e-01  -5.4483281e-01  -4.7606877e-01  -9.6334941e-01   5.0706296e-02   6.5524247e-01   1.9238725e+00   2.3260650e+00   7.5969302e-01  -1.5242507e+00
   2.8343518e+00   1.8709766e+00   1.3433893e+00   1.2492309e+00   5.9533135e-01   3.6283036e-01  -2.1386051e-01  -4.7780026e-01  -6.2395495e-01  -7.9930778e-01   1.1467803e-01   7.4144206e-01   1.9107920e+00   2.3704325e+00   7.5237325e-01  -1.4097080e+00
   2.5712417e+00   2.0895682e+00   1.1208822e+00   1.3137679e+00   3.7403479e-01   2.0020485e-01  -2.4821316e-01  -7.4038119e-01  -6.6687643e-01  -7.9442260e-01   2.5844195e-01   1.0497568e+00   1.7665739e+00   2.3600519e+00   5.8825286e-01  -1.2718584e+00
   2.8172368e+00   2.2666310e+00   1.2231244e+00   9.7239359e-01   6.4169639e-01  -3.2308397e-01  -4.1767860e-01  -6.8285025e-01  -4.3059699e-01  -1.1427977e+00   9.3591954e-02   1.0148891e+00   1.9319728e+00   2.5311035e+00   6.5631466e-01  -1.0385628e+00
   2.3617479e+00   2.5938960e+00   1.4695601e+00   8.6704264e-01   6.1630186e-01  -1.2326405e-01  -5.1335307e-01  -7.0325707e-01  -7.5099704e-01  -6.6272708e-01   9.5992436e-02   9.7522537e-01   1.7714244e+00   2.3305723e+00   4.1185265e-01  -7.5321004e-01
   2.7063178e+00   2.3944907e+00   1.0525113e+00   1.0718322e+00   5.5266771e-01  -3.0370561e-01  -4.4180574e-01  -7.6961359e-01  -5.6563820e-01  -1.0776104e+00  -1.5108214e-01   6.5403326e-01   1.5952931e+00   2.0343829e+00   5.4812335e-02  -9.1651990e-01
   2.4437509e+00   1.5563340e+00   1.2279113e+00   7.1170521e-01   4.3198344e-01  -3.5460379e-01  -4.5368669e-01  -5.4937747e-01  -9.1052124e-01  -8.0055581e-01  -1.8754325e-01   8.8292167e-01   1.5198410e+00   1.8073739e+00  -1.5336313e-01  -7.8370161e-01
   2.2215462e+00   1.9571644e+00   1.4699520e+00   1.0745547e+00   6.7845311e-01  -1.0056165e-01  -3.5255603e-01  -8.6138674e-01  -5.9790661e-01  -9.9837906e-01  -4.3443620e-01   1.0147135e+00   1.4341256e+00   1.5530095e+00  -1.9444847e-01  -9.9041050e-01
   2.2122084e+00   2.0874902e+00   1.1085111e+00   6.4433986e-01   4.4009927e-01   3.1846775e-01  -2.6064085e-01  -5.4969814e-01  -8.2479163e-01  -1.1141092e+00  -6.9942231e-01   1.3650375e+00   1.6013733e+00   1.7300393e+00  -2.1680845e-02  -8.3849061e-01
   2.5330333e+00   1.8696413e+00   1.4292694e+00   7.9019247e-03   7.2309090e-02   1.4497240e-01  -4.2485589e-01  -7.1929418e-01  -6.3881827e-01  -1.0601342e+00  -8.2115409e-01   1.0261466e+00   1.3407618e+00   1.5335609e+00   9.8595107e-02  -6.9114639e-01
   2.9242116e+00   1.7840485e+00   1.5139032e+00   1.0898452e+00   8.3086315e-01   1.4129932e-01  -2.6890377e-01  -8.4580736e-01  -5.4570825e-01  -1.2481020e+00  -8.4977479e-01   9.4295236e-01   1.3361416e+00   1.3990877e+00   4.1439615e-02  -1.2556110e+00
   2.9079851e+00   2.0674836e+00   1.9314414e+00   5.6291523e-01   5.9559513e-01  -3.3928820e-01  -9.1043821e-01  -4.5172478e-01  -8.3300850e-01  -9.2337268e-01  -1.0164308e+00   9.6342032e-01   1.1382764e+00   1.0854017e+00  -6.0199435e-02  -1.0193919e+00
   2.6982558e+00   2.3591702e+00   1.8612008e+00   6.6024711e-01   4.7156729e-01   1.4106673e-01  -7.2988689e-01  -4.3111277e-01  -9.0535826e-01  -1.0372802e+00  -7.7954680e-01   6.4450863e-01   1.0409181e+00   1.0594005e+00  -7.1016366e-02  -1.3215724e+00
   3.1907650e+00   2.2574718e+00   1.6778564e+00   6.7436016e-01   1.7547527e-02  -4.6665249e-02  -3.7887974e-01  -8.2624332e-01  -7.5204786e-01  -7.8749643e-01  -9.0398476e-01   9.1830704e-01   9.7025236e-01   8.2522055e-01   2.6248526e-02  -9.1658954e-01
   2.8682177e+00   1.5615329e+00   1.8133227e+00   9.1325413e-01   6.0611070e-02   1.3809368e-01  -4.8861438e-01  -8.5741527e-01  -3.1520462e-01  -7.8696678e-01  -1.0530120e+00   3.6113228e-01   9.4575663e-01   6.0803400e-01  -1.1381369e-01  -1.2641594e+00
   2.9603176e+00   1.6983196e+00   2.1480988e+00   1.3165462e+00   5.0318815e-01  -6.9507272e-02  -1.7553205e-01  -1.1508417e+00  -1.0361546e+00  -1.0621029e+00  -9.0111039e-01   1.0403883e-01   6.6514030e-01   5.2669833e-01  -1.7445278e-01  -1.3225028e+00
   2.4275266e+00   1.7482267e+00   2.1555365e+00   1.3451420e+00   1.6979087e-01   3.6802134e-02  -5.2994821e-01  -1.0039680e+00  -1.0634083e+00  -1.1064527e+00  -1.0651123e+00   1.6025802e-01   5.3163582e-01   5.4503921e-01  -5.9178780e-02  -1.3679663e+00
   2.9288478e+00   1.7376973e+00   2.2135203e+00   1.3771287e+00   1.7094999e-01  -5.7141143e-02  -3.7974323e-01  -3.6863808e-01  -7.5114218e-01  -1.0943471e+00  -1.1004128e+00  -2.6944455e-01   2.9594259e-01   4.2255756e-01  -2.1035777e-01  -1.4056472e+00
   2.1559669e+00   1.0385794e+00   2.1270773e+00   1.4833656e+00   4.7728146e-01   5.4583363e-01  -3.4134224e-01  -7.0299494e-01  -7.8621257e-01  -1.2766852e+00  -1.3119131e+00  -3.2938040e-01   1.7611247e-01   3.0632346e-01  -6.0250636e-02  -1.3478899e+00
   2.9650606e+00   1.2449755e+00   1.8690867e+00   1.2164269e+00   1.6816557e-02   1.6273248e-01  -5.7279278e-01  -1.0329026e+00  -1.0783139e+00  -1.1435209e+00  -1.2873807e+00  -5.0485699e-01  -3.4248709e-01  -9.0872155e-02  -3.1820612e-01  -1.5578129e+00
   2.6223607e+00   2.1761514e+00   2.1751281e+00   1.4185301e+00   4.0219680e-01   3.0779331e-01  -5.8448707e-01  -6.3356258e-01  -6.8540541e-01  -1.1128317e+00  -1.4260111e+00  -1.0565624e+00  -4.4630592e-01  -4.1983056e-01  -9.7842987e-01  -1.6660865e+00
   2.2941861e+00   1.9182346e+00   1.7673337e+00   1.4818153e+00  -1.8940727e-01   1.7020521e-02  -4.6856600e-01  -7.6934108e-01  -8.3280601e-01  -7.0172558e-01  -1.2180497e+00  -1.2405918e+00  -9.1972836e-01  -8.7075048e-01  -1.1163920e+00  -1.2555812e+00
   2.5373745e+00   1.2210961e+00   1.3369992e+00   1.1867834e+00  -1.1653974e-01   1.2422739e-01  -7.5123008e-01  -7.7446867e-01  -1.0739059e+00  -9.5126194e-01  -1.5120682e+00  -1.5267488e+00  -1.4093179e+00  -1.3001113e+00  -1.6538567e+00  -1.9438785e+00
   2.6524453e+00   1.2160872e+00   1.0255507e+00   1.0149769e+00   6.0932570e-01   2.1068801e-01  -4.8758087e-01  -8.6984751e-01  -8.5966675e-01  -9.2687454e-01  -1.4369698e+00  -1.4425440e+00  -1.6822153e+00  -1.5504341e+00  -1.9435986e+00  -2.1089347e+00
   2.5188709e+00   1.7386333e+00   1.2647363e+00   9.4218648e-01   4.4863236e-02   1.6217499e-01  -4.7117309e-01  -1.0445882e+00  -1.1040268e+00  -1.0531572e+00  -1.5807194e+00  -1.8871148e+00  -1.5842872e+00  -1.4897503e+00  -1.7548036e+00  -1.9267792e+00
   1.4900391e+00   1.7124531e+00   8.6508325e-01   4.0880865e-01   2.2571646e-01  -4.4806740e-01  -6.9269473e-01  -3.9075187e-01  -8.3900999e-01  -1.2511444e+00  -1.3009149e+00  -1.7366824e+00  -1.4857292e+00  -1.2638884e+00  -1.8873380e+00  -1.8326032e+00
   1.8942592e+00   1.4765647e+00   7.8480467e-01   1.2325326e+00   7.4194777e-01   2.9945033e-01  -3.3659237e-01  -8.6426835e-01  -1.0531423e+00  -1.1106339e+00  -1.1589438e+00  -1.2496851e+00  -1.5929340e+00  -1.1285492e+00  -1.5873132e+00  -1.6546681e+00
   2.5278404e+00   1.5939268e+00   3.2027285e-01   5.5037620e-01   4.3716168e-02  -5.2025347e-02  -2.5441368e-01  -9.6214384e-01  -1.3477528e+00  -1.2133941e+00  -1.2773731e+00  -1.5878316e+00  -1.5474569e+00  -1.2351199e+00  -1.7861716e+00  -1.8840079e+00
   2.3041819e+00   1.3709793e+00   5.7616172e-01   7.3051232e-01   2.4375205e-01   1.6805939e-01  -4.2731347e-01  -9.1411359e-01  -1.0699960e+00  -1.3960007e+00  -1.4629008e+00  -1.5094653e+00  -1.5817687e+00  -1.2616935e+00  -1.7142978e+00  -1.9418487e+00
   2.0446443e+00   1.6496764e+00   6.1010468e-01   9.5038743e-01   6.6747510e-02  -1.4954984e-01  -8.7265708e-01  -7.9478217e-01  -7.5643302e-01  -9.6390688e-01  -1.3727221e+00  -1.6236044e+00  -1.5817527e+00  -1.3932513e+00  -1.7715199e+00  -2.0640047e+00
   2.5293200e+00   1.6501959e+00   1.1143235e-01   5.2250489e-01  -3.3842562e-01  -4.5307915e-04  -7.2409676e-01  -7.5642065e-01  -5.5657257e-01  -9.6137030e-01  -1.5239798e+00  -1.4318475e+00  -1.5992407e+00  -1.3066820e+00  -1.8577887e+00  -1.8701208e+00
   2.3372528e+00   1.4162757e+00   2.4904839e-01   3.3646686e-01   3.6119930e-01   1.4497107e-01  -6.4620626e-01  -9.7972527e-01  -1.0547479e+00  -9.1918353e-01  -1.4482883e+00  -1.6188595e+00  -1.7865281e+00  -1.6040372e+00  -2.0960851e+00  -2.0641312e+00
   2.2210970e+00   1.3194216e+00   9.3472740e-01   4.4607952e-01   1.1281263e-01   4.4376697e-01  -4.3069843e-01  -8.4186762e-01  -1.2678472e+00  -1.4357048e+00  -1.5926694e+00  -1.6614106e+00  -1.6308490e+00  -1.3499919e+00  -2.0578960e+00  -2.2240659e+00
   1.7994318e+00   2.0320694e+00   2.3301347e-01   6.5032515e-01   1.8132316e-01   1.8570204e-02  -5.2682930e-01  -5.4668162e-01  -8.4212803e-01  -1.3982879e+00  -1.4344161e+00  -1.5039795e+00  -1.4145969e+00  -1.5670150e+00  -2.1401680e+00  -2.1354671e+00
   2.4824450e+00   1.4147519e+00   8.1118301e-01   2.0928008e-01  -1.0172321e-01   2.4373692e-01  -4.9779699e-01  -1.1780687e+00  -1.1871692e+00  -1.0798000e+00  -1.4906749e+00  -1.4177383e+00  -1.4726595e+00  -1.7831745e+00  -1.9972045e+00  -1.9423127e+00
   2.3363688e+00   1.5798228e+00   6.1805418e-01   2.8757188e-01  -5.1625845e-01  -3.5256773e-02  -6.0639696e-01  -1.0645814e+00  -1.0990560e+00  -8.9896086e-01  -1.3077705e+00  -1.4606026e+00  -1.5243066e+00  -1.6222540e+00  -1.6653385e+00  -1.8656140e+00
   2.6034475e+00   1.7916719e+00   4.8844505e-01  -1.5363831e-01   2.0836758e-01  -6.0290429e-02  -6.2576321e-01  -7.9959968e-01  -1.2570565e+00  -1.0724594e+00  -1.4711459e+00  -1.5261326e+00  -1.5860033e+00  -1.5989928e+00  -1.7724041e+00  -1.8365138e+00
   2.6901980e+00   1.8556083e+00   8.0846147e-01   6.3916075e-01   5.7508953e-01  -3.7005276e-02  -7.3966256e-01  -1.1436013e+00  -9.9702362e-01  -9.5334721e-01  -1.0741177e+00  -1.2161659e+00  -1.4742763e+00  -1.5702331e+00  -1.6994057e+00  -1.6913381e+00
   2.6608474e+00   1.8233565e+00   9.5072306e-01   4.0779133e-01   7.6445869e-02   4.7489472e-01  -7.3811255e-01  -1.0735055e+00  -8.1549917e-01  -1.2545555e+00  -1.5362366e+00  -1.4726280e+00  -1.6060829e+00  -1.4466006e+00  -1.8180437e+00  -1.7994833e+00
   2.4447982e+00   2.0000686e+00   7.7789628e-01   6.0759393e-01   3.4520288e-01   3.4893063e-01  -6.0513398e-01  -7.8387300e-01  -8.5893063e-01  -7.4137597e-01  -1.1681538e+00  -1.2196494e+00  -1.2953573e+00  -1.2801236e+00  -1.3555842e+00  -1.3287218e+00
   2.6322044e+00   1.8353490e+00   1.0995882e+00   5.5898684e-01  -1.1309782e-01   1.8315734e-01  -4.5465126e-01  -6.6993818e-01  -8.5605252e-01  -1.1031634e+00  -1.6688079e+00  -1.7971588e+00  -1.4892813e+00  -1.7569003e+00  -2.1509325e+00  -1.8883762e+00
   2.4569480e+00   1.7095181e+00   5.1013353e-01   1.0586567e+00   1.4978390e-01   3.2791138e-01  -3.3719012e-01  -9.1129108e-01  -9.2060791e-01  -1.1761224e+00  -1.5064253e+00  -2.0236460e+00  -1.5919460e+00  -1.8382865e+00  -2.0196562e+00  -1.9877870e+00
   2.3699344e+00   1.0149938e+00   4.2294301e-01   4.1264294e-01  -3.1879881e-02  -2.6864083e-01  -8.4137123e-01  -1.0285020e+00  -9.5726176e-01  -9.6951435e-01  -1.5051625e+00  -1.7461688e+00  -1.5849548e+00  -1.7850146e+00  -2.0097573e+00  -1.8684464e+00
   2.1802433e+00   1.7931641e+00   9.6026039e-01   4.0058768e-01   4.1417708e-01   3.0781086e-01  -4.0059723e-01  -7.0472272e-01  -1.0067336e+00  -1.2520986e+00  -1.5590794e+00  -1.6888274e+00  -1.6014795e+00  -1.8188655e+00  -1.8370025e+00  -1.9989142e+00
   1.7757953e+00   1.7721551e+00   9.8285899e-01   4.4810262e-01  -2.7123151e-01  -3.8086922e-02  -6.6551211e-01  -9.7165569e-01  -1.3488179e+00  -1.4264610e+00  -1.6005775e+00  -1.7958451e+00  -1.8591949e+00  -2.0325388e+00  -2.0599417e+00  -1.9713575e+00
   2.2399307e+00   1.8083448e+00   1.0210602e+00   7.3991297e-01   3.9906681e-01  -1.3630252e-01  -5.2307317e-01  -9.8413227e-01  -1.0854080e+00  -8.8507918e-01  -1.4594865e+00  -1.6809200e+00  -1.6001581e+00  -1.7297295e+00  -1.7292594e+00  -1.6300133e+00
   3.1167383e+00   1.8365478e+00   1.5270671e-01   4.1559853e-01   3.5200725e-01   1.0349722e-02  -5.4447922e-01  -6.0764712e-01  -5.5148618e-01  -1.0299413e+00  -1.4241797e+00  -1.6578987e+00  -1.4709465e+00  -1.6069052e+00  -1.6871726e+00  -1.7347011e+00
   2.7222484e+00   1.3588872e+00   1.9609221e-01   2.1338018e-01  -4.9700801e-01  -2.4307335e-01  -1.4592126e-01  -4.1072498e-01  -5.6152274e-01  -1.2024662e+00  -1.4316553e+00  -1.5284472e+00  -1.6216423e+00  -1.7465216e+00  -1.8593709e+00  -1.8760328e+00
   1.3602524e+00   1.8424757e+00   1.3631172e+00   6.0907571e-01   4.3624176e-01   6.2623654e-02  -2.3526739e-01  -6.4141120e-01  -1.0119078e+00  -1.4841632e+00  -1.5979475e+00  -1.8292982e+00  -1.5871212e+00  -1.7830943e+00  -2.1445528e+00  -2.1456748e+00
