   7.8422068e-01  -4.2123827e-01  -8.1335608e-01  -1.1372848e+00  -1.6098230e+00  -2.1343531e+00  -2.3960250e+00  -2.6125785e+00  -2.7816523e+00  -2.6085958e+00  -2.5649018e+00  -2.9666042e+00  -2.9815212e+00  -2.8242326e+00  -2.7114365e+00  -2.4061022e+00
   5.7198418e-01  -2.8622264e-02  -7.9902909e-01  -1.2748437e+00  -1.7667976e+00  -2.4887027e+00  -2.7745600e+00  -2.3424854e+00  -2.2607230e+00  -2.0572893e+00  -2.5187463e+00  -2.7141737e+00  -2.6988956e+00  -2.5005062e+00  -2.6950619e+00  -2.3495802e+00
   7.5195515e-01   1.3129545e-03  -9.2337075e-01  -1.4207816e+00  -1.9819955e+00  -2.2122747e+00  -2.4070620e+00  -2.2794905e+00  -2.2805927e+00  -2.3905006e+00  -2.6283327e+00  -2.6951460e+00  -2.8120354e+00  -2.4350042e+00  -2.4036355e+00  -2.4685982e+00
   1.0861156e+00  -7.0792153e-01  -1.0221317e+00  -1.2957982e+00  -2.0004080e+00  -2.1241914e+00  -2.3136060e+00  -1.9910872e+00  -2.3403295e+00  -2.5829436e+00  -2.7303290e+00  -2.7829680e+00  -2.8753320e+00  -2.3569205e+00  -2.4163739e+00  -2.4526199e+00
   9.0291672e-01  -4.1017418e-01  -9.0635576e-01  -9.9480456e-01  -1.7567000e+00  -2.1137649e+00  -2.3248705e+00  -2.2329772e+00  -2.4836647e+00  -2.4736867e+00  -2.7244297e+00  -2.7211353e+00  -2.9878436e+00  -2.9346878e+00  -2.7812311e+00  -2.4160383e+00
   1.0162475e+00  -1.0008454e-01  -1.0125444e+00  -1.1822172e+00  -1.8998593e+00  -2.2054487e+00  -2.2976954e+00  -2.4583523e+00  -2.4796643e+00  -2.5305381e+00  -2.3486032e+00  -2.8618757e+00  -2.7096788e+00  -2.5365876e+00  -2.4086250e+00  -2.2854010e+00
   1.3722382e+00   2.6382322e-01  -7.2816761e-01  -1.6342863e+00  -1.9816288e+00  -2.1177879e+00  -2.3564503e+00  -2.7230600e+00  -2.6593038e+00  -2.3376185e+00  -2.4584790e+00  -2.5434374e+00  -2.8966682e+00  -2.8053465e+00  -2.7545117e+00  -2.5063640e+00
   7.3954715e-01   4.7643973e-01  -4.8756573e-01  -1.3459301e+00  -1.5060967e+00  -2.4388841e+00  -2.3347296e+00  -2.2220843e+00  -2.3854232e+00  -2.3547803e+00  -2.2269904e+00  -2.6369482e+00  -2.9353884e+00  -2.4928179e+00  -2.4901861e+00  -2.2989725e+00
   1.1026173e+00   2.3595495e-01  -1.2703821e+00  -7.6159774e-01  -1.3886886e+00  -1.9640674e+00  -2.2694378e+00  -2.6274297e+00  -2.6206300e+00  -2.5656467e+00  -2.4244320e+00  -2.6950717e+00  -2.9010526e+00  -2.5796358e+00  -2.2509423e+00  -2.3637021e+00
   8.4338011e-01   2.8853884e-01  -1.0830525e+00  -1.2221962e+00  -1.7375835e+00  -2.2723920e+00  -2.4602473e+00  -2.7912668e+00  -2.6045391e+00  -2.7045073e+00  -2.6528241e+00  -2.9667275e+00  -2.7560506e+00  -2.5441473e+00  -2.5591596e+00  -2.4049164e+00
   1.0472160e+00  -3.7577005e-02  -8.1379578e-01  -1.1481410e+00  -2.1512716e+00  -2.6335150e+00  -2.8129501e+00  -2.5692109e+00  -2.1617443e+00  -2.5874339e+00  -2.4620087e+00  -2.6465962e+00  -2.5572597e+00  -2.6891700e+00  -2.6513953e+00  -2.4453842e+00
   1.1937158e+00   9.3905095e-02  -9.1111021e-01  -1.0881387e+00  -1.4972480e+00  -2.4263497e+00  -2.5320264e+00  -2.2044310e+00  -2.2077985e+00  -2.1952975e+00  -2.5168751e+00  -2.7684755e+00  -2.6552536e+00  -2.3943203e+00  -2.5201512e+00  -2.4060029e+00
   6.4402838e-01   2.2260238e-01  -5.4892448e-01  -1.2539551e+00  -1.8339193e+00  -2.0925431e+00  -2.3024062e+00  -2.0032237e+00  -2.5994629e+00  -2.4232878e+00  -2.5848176e+00  -2.8585191e+00  -2.4037128e+00  -2.4677847e+00  -2.4633430e+00  -2.4296798e+00
   8.8449676e-01  -3.5259005e-03  -7.8004532e-01  -1.4752143e+00  -1.9967741e+00  -1.9583061e+00  -2.1275647e+00  -2.3726640e+00  -2.5464327e+00  -2.4718575e+00  -2.4719589e+00  -2.7208769e+00  -2.5309026e+00  -2.4578792e+00  -2.4039747e+00  -2.5350463e+00
   1.0185953e+00   1.8363644e-01  -9.4760126e-01  -1.0692191e+00  -1.7793224e+00  -2.0989908e+00  -2.1236886e+00  -2.4763109e+00  -2.5677567e+00  -2.4374069e+00  -2.5060492e+00  -2.7714686e+00  -2.6449036e+00  -2.7562981e+00  -2.5945812e+00  -2.4912746e+00
   1.1544790e+00   4.3250166e-01  -1.0074486e+00  -1.2549069e+00  -2.1848526e+00  -2.3970613e+00  -2.3727034e+00  -2.6806392e+00  -2.3318705e+00  -2.2653769e+00  -2.7186431e+00  -2.8168685e+00  -2.8524079e+00  -2.6681719e+00  -2.5154013e+00  -2.4668484e+00
   8.9872379e-01  -3.7664131e-01  -1.1408152e+00  -1.2386482e+00  -1.9201869e+00  -2.3183850e+00  -2.4209752e+00  -2.7658492e+00  -2.5596726e+00  -2.2899735e+00  -2.8701745e+00  -2.6478472e+00  -2.8482590e+00  -2.6576144e+00  -2.4256349e+00  -2.3313676e+00
   1.5897033e+00   5.3112022e-01  -9.2509344e-01  -1.0644878e+00  -1.2778780e+00  -2.0453620e+00  -2.2348839e+00  -2.5075075e+00  -2.5831633e+00  -2.5036708e+00  -2.6099732e+00  -2.7425772e+00  -2.8167519e+00  -2.5999228e+00  -2.6288156e+00  -2.2454700e+00
   1.6439230e+00   6.6027322e-01  -7.0492045e-01  -1.1301588e+00  -1.9245338e+00  -2.1359309e+00  -2.8577902e+00  -3.0422904e+00  -2.4870412e+00  -2.6326328e+00  -2.6850615e+00  -2.7095778e+00  -2.7966757e+00  -2.9696340e+00  -2.5554013e+00  -2.4134961e+00
   1.4273038e+00   1.0010247e-01  -5.6949060e-01  -1.3259438e+00  -1.6316022e+00  -1.8667594e+00  -2.6400427e+00  -2.6427578e+00  -2.3960410e+00  -2.6302248e+00  -2.6161144e+00  -2.5350671e+00  -2.7258907e+00  -2.8568976e+00  -2.6487936e+00  -2.3893790e+00
   1.4734170e+00   3.7855189e-01  -7.4249579e-01  -1.5166392e+00  -1.8450766e+00  -2.3503007e+00  -2.2634092e+00  -2.5758690e+00  -2.5315324e+00  -2.4157749e+00  -2.7396266e+00  -2.6647606e+00  -2.6898922e+00  -2.6978928e+00  -2.4268341e+00  -2.3552563e+00
   1.3519812e+00   5.2483373e-01  -9.3175975e-01  -1.1203729e+00  -1.5601782e+00  -2.1171249e+00  -2.5755368e+00  -2.4983181e+00  -2.3459165e+00  -2.3627012e+00  -2.3270462e+00  -2.4919794e+00  -2.5766631e+00  -2.5119579e+00  -2.6284475e+00  -2.4433798e+00
   1.1108132e+00   2.1378077e-01  -5.0566461e-01  -1.2297965e+00  -2.1936943e+00  -2.3876035e+00  -2.6647870e+00  -2.1681933e+00  -2.4045956e+00  -2.1581032e+00  -2.4521657e+00  -2.7205042e+00  -2.7183117e+00  -2.6852332e+00  -2.5321463e+00  -2.4114823e+00
   9.5490948e-01   2.1571022e-01  -1.2579898e+00  -1.5706954e+00  -2.4146100e+00  -2.5842239e+00  -2.5709399e+00  -2.4551853e+00  -2.9097283e+00  -2.6088625e+00  -2.4542410e+00  -2.7166286e+00  -2.6442818e+00  -2.7428111e+00  -2.8856211e+00  -2.5442711e+00
   1.0903227e+00  -6.3445117e-02  -7.1211723e-01  -1.7054286e+00  -1.6212041e+00  -2.3112226e+00  -2.6946227e+00  -2.6111629e+00  -2.4649123e+00  -2.5384795e+00  -2.8136927e+00  -2.4701240e+00  -2.8437483e+00  -2.6727597e+00  -2.4671413e+00  -2.5294812e+00
   1.0508215e+00   6.1141628e-01  -1.0761444e+00  -1.2384719e+00  -2.0195858e+00  -2.4585092e+00  -2.4558803e+00  -2.5404691e+00  -2.0901968e+00  -2.2636898e+00  -2.4740490e+00  -2.7615142e+00  -2.6271958e+00  -2.5276271e+00  -2.4095735e+00  -2.4403074e+00
   5.3376925e-01  -1.6819814e-02  -8.1503142e-01  -1.5922621e+00  -1.9970573e+00  -1.9612483e+00  -2.7435913e+00  -2.5706684e+00  -2.6080264e+00  -2.8302060e+00  -2.7108309e+00  -2.7885178e+00  -2.7533270e+00  -2.7074254e+00  -2.4570096e+00  -2.4714393e+00
   8.7109304e-01   2.6087449e-01  -1.2287788e+00  -1.3551741e+00  -1.4465721e+00  -1.9113336e+00  -2.5364446e+00  -2.4952044e+00  -2.7560263e+00  -2.5587589e+00  -2.6177037e+00  -2.7484778e+00  -2.7155130e+00  -2.5038325e+00  -2.6509709e+00  -2.4157088e+00
   7.5468860e-01   6.2360504e-01  -6.2412529e-01  -1.5576683e+00  -1.4744868e+00  -1.7965893e+00  -2.1807242e+00  -2.5561768e+00  -2.6787131e+00  -2.7629039e+00  -2.7008287e+00  -2.5735273e+00  -2.6727472e+00  -2.5449704e+00  -2.3514452e+00  -2.5750357e+00
   3.8346180e-01   8.5638650e-04  -5.3069207e-01  -1.4422932e+00  -1.5508014e+00  -2.1244329e+00  -2.1812007e+00  -2.2591043e+00  -2.5770605e+00  -2.5095746e+00  -2.8095831e+00  -2.6703828e+00  -2.7913686e+00  -2.5478546e+00  -2.4881782e+00  -2.4741826e+00
   6.1599605e-01  -2.5772747e-01  -1.0972458e+00  -1.0183382e+00  -1.4024785e+00  -2.0690012e+00  -2.3264204e+00  -2.4885493e+00  -2.7892539e+00  -2.7645409e+00  -2.5509250e+00  -2.1000427e+00  -1.6706142e+00  -1.6915200e+00  -2.5841123e+00  -2.7414361e+00
   7.0498923e-01   1.9621705e-01  -8.7501580e-01  -1.0620548e+00  -1.3085438e+00  -2.1368218e+00  -2.2029729e+00  -1.8074295e+00  -1.9110571e+00  -1.8160228e+00  -1.3124807e+00  -9.1309719e-01  -2.8842548e-01  -3.2497935e-01  -1.7746201e+00  -1.7187839e+00
   6.7399771e-01  -4.1747232e-01  -9.9835325e-01  -9.2349784e-01  -1.2969037e+00  -2.0992262e+00  -2.3768538e+00  -2.2524007e+00  -1.9669821e+00  -2.0639818e+00  -1.9857984e+00  -1.0913821e+00  -2.1880702e-02  -2.7015539e-01  -1.1650754e+00  -7.4823816e-01
   1.2296003e+00   3.5094310e-01  -8.2481528e-01  -1.0170728e+00  -1.4912556e+00  -2.3873141e+00  -2.2954082e+00  -1.8437672e+00  -1.9649863e+00  -2.3912206e+00  -1.6273159e+00  -7.7393315e-01   3.6384196e-01   8.4397490e-01  -2.7604283e-01   2.2685138e-02
   1.1316306e+00   3.5041311e-01  -9.7719466e-01  -1.0682607e+00  -1.4445956e+00  -2.5586424e+00  -2.6820214e+00  -2.0477020e+00  -2.6823595e+00  -2.4163986e+00  -1.6597563e+00  -4.2971902e-01   6.9657990e-01   1.1355383e+00   1.6632626e-01   3.8014888e-01
   7.4992898e-01   2.5856368e-01  -9.1395400e-01  -1.4560115e+00  -1.6389494e+00  -2.2060955e+00  -2.0139879e+00  -2.0907211e+00  -2.4731929e+00  -2.3888358e+00  -1.4862984e+00  -4.1888835e-02   1.4405811e+00   1.5801941e+00   2.1795149e-01   6.6148614e-01
   2.6636245e-01   2.8962146e-01  -3.8767857e-01  -1.5225387e+00  -2.1524623e+00  -1.9495701e+00  -2.0704383e+00  -2.3761306e+00  -2.4992444e+00  -2.2643853e+00  -1.1891659e+00   4.5189655e-01   1.9130947e+00   1.9579943e+00   3.3421734e-01   6.4182080e-01
   9.0135157e-01  -6.0423663e-02  -8.5772859e-01  -1.3796339e+00  -1.4554946e+00  -2.1027380e+00  -1.8797845e+00  -2.1011772e+00  -2.4759864e+00  -2.0830154e+00  -7.7245394e-01   3.2959051e-01   1.7240799e+00   1.7924244e+00   7.2054687e-01   8.9253528e-01
   8.7734826e-01   2.7094029e-01  -1.0730040e+00  -1.1600670e+00  -1.8129485e+00  -2.4556718e+00  -2.4160638e+00  -2.3240240e+00  -2.2157482e+00  -1.8832408e+00  -6.8676368e-01   3.2239135e-01   1.4413066e+00   1.2869273e+00   2.3845129e-01   5.9414914e-01
   1.4337303e-01  -2.5726095e-01  -9.7179067e-01  -1.2642533e+00  -1.8318184e+00  -2.3295579e+00  -2.3419438e+00  -2.3438633e+00  -2.2542046e+00  -2.3620185e+00  -8.2351041e-01   9.7152335e-02   9.2680915e-01   9.5131671e-01   3.8275999e-02   3.2710019e-01
   9.2869446e-01   1.1086718e+00  -4.2902527e-01  -9.2759808e-01  -1.4851494e+00  -2.1514355e+00  -2.0654816e+00  -2.1815923e+00  -2.4298889e+00  -2.4040863e+00  -8.6328176e-01   3.1587994e-01   7.6891176e-01   6.4615492e-01  -3.3168692e-01  -3.8183559e-01
   1.0954635e+00   1.3091991e+00   1.1217526e-01  -4.8558283e-01  -1.5381731e+00  -2.1651482e+00  -2.2062271e+00  -2.5423491e+00  -2.1641639e+00  -2.3633721e+00  -7.2097217e-01   2.0683905e-01   5.1137978e-01   2.1495324e-01  -9.5568626e-01  -1.3412581e+00
   8.1301908e-01   1.3121561e+00   4.9288909e-01  -6.4348791e-01  -2.3042065e+00  -2.4296801e+00  -2.4495490e+00  -2.3452152e+00  -2.0668864e+00  -2.2728932e+00  -1.0020411e+00  -4.6196502e-01  -4.5159278e-01  -3.0942366e-01  -1.5285057e+00  -1.6489097e+00
   8.5834588e-01   1.3656788e+00   4.5762096e-01  -2.0173270e-01  -1.4109655e+00  -1.9757427e+00  -2.1336931e+00  -2.5359956e+00  -2.5195397e+00  -2.2512689e+00  -7.9762652e-01  -7.4710687e-01  -8.8461456e-01  -8.2305503e-01  -2.0532800e+00  -1.7995338e+00
   1.0486406e+00   1.4328724e+00   7.3963612e-01   8.3336555e-02  -1.8570954e+00  -2.2377000e+00  -2.2046414e+00  -2.1191846e+00  -2.3133624e+00  -2.3687255e+00  -9.9923811e-01  -6.2458230e-01  -4.6862793e-01  -8.1209514e-01  -2.6288846e+00  -1.9156379e+00
   1.7615378e+00   1.5881117e+00   8.3506912e-01   1.2046236e-01  -1.7359580e+00  -1.7223430e+00  -2.0988669e+00  -2.0247783e+00  -2.5037272e+00  -2.4587266e+00  -1.3774939e+00  -9.0022886e-01  -5.9664745e-01  -9.6518677e-01  -2.4436549e+00  -1.8780039e+00
   1.4684083e+00   1.4202699e+00   6.5712200e-01  -5.1584002e-02  -1.2469584e+00  -1.5670114e+00  -2.1073091e+00  -2.1572919e+00  -2.3046651e+00  -2.4600916e+00  -1.2581904e+00  -8.0948962e-01  -4.5467619e-01  -1.0767219e+00  -2.5258753e+00  -1.8973435e+00
   9.1978532e-01   1.5763654e+00   7.8440669e-01  -5.3503436e-02  -1.3988416e+00  -1.8343156e+00  -2.0828388e+00  -1.9333396e+00  -2.0101391e+00  -2.3600740e+00  -1.2748203e+00  -4.6389890e-01  -3.2597783e-01  -8.6201937e-01  -2.4601523e+00  -1.7436160e+00
   1.1212511e+00   1.5729758e+00   8.2954366e-01   7.0335677e-02  -1.4274790e+00  -1.7125761e+00  -1.9444319e+00  -2.1885277e+00  -2.5391219e+00  -2.7134010e+00  -1.4811199e+00  -8.3708758e-01  -4.0099687e-01  -8.6503840e-01  -2.3018836e+00  -1.8198206e+00
   1.2977361e+00   1.5820835e+00   8.7917594e-01  -4.8434973e-02  -1.3054167e+00  -1.4678013e+00  -1.7966454e+00  -1.8288420e+00  -2.2183187e+00  -2.3407551e+00  -1.3656439e+00  -6.7485841e-01  -4.7024495e-01  -7.3910470e-01  -2.1346140e+00  -1.5101722e+00
   1.0895098e+00   1.4642465e+00   9.1966049e-01   1.3385407e-01  -1.1992979e+00  -1.5188038e+00  -1.9377394e+00  -1.8694882e+00  -2.0580629e+00  -2.1942664e+00  -1.5366576e+00  -8.5242329e-01  -4.2299592e-01  -8.8745130e-01  -2.3059695e+00  -1.6864461e+00
   1.0591417e+00   1.6000740e+00   8.9535087e-01   1.1694672e-01  -1.4011299e+00  -2.0050848e+00  -2.3095284e+00  -2.2321733e+00  -2.5112255e+00  -2.4974733e+00  -1.5234965e+00  -6.5382537e-01  -4.1748018e-01  -9.8802229e-01  -2.6125541e+00  -1.8270545e+00
   1.2477824e+00   1.6522967e+00   8.8706205e-01  -8.1234421e-02  -1.1294562e+00  -1.7792691e+00  -2.3359783e+00  -1.8533332e+00  -2.4814816e+00  -2.4640593e+00  -1.6240542e+00  -6.3767062e-01  -4.1300585e-01  -9.9643083e-01  -2.3494538e+00  -1.8710381e+00
   1.3580631e+00   1.3503751e+00   9.9349660e-01   9.9640790e-02  -1.2303573e+00  -1.4176612e+00  -1.8591482e+00  -2.0767250e+00  -2.6436927e+00  -2.4077591e+00  -1.4438911e+00  -4.9103728e-01  -4.7505007e-01  -1.0902727e+00  -2.3702965e+00  -1.7582654e+00
   1.3663529e+00   1.5853517e+00   8.6352004e-01  -1.5049014e-01  -1.1339768e+00  -1.6261086e+00  -2.3377376e+00  -2.1077132e+00  -2.3288534e+00  -2.4832939e+00  -1.7359975e+00  -6.3739028e-01  -5.5419197e-01  -1.2038526e+00  -2.7039900e+00  -1.8397013e+00
   8.8212343e-01   1.4924591e+00   9.8557745e-01  -1.8716639e-02  -9.3514562e-01  -1.4414231e+00  -1.5686492e+00  -1.8568521e+00  -2.1978886e+00  -2.2027388e+00  -1.5989607e+00  -7.1970580e-01  -4.8811253e-01  -1.1847030e+00  -2.3280133e+00  -1.8855601e+00
   1.1252517e+00   1.5815969e+00   1.0164118e+00   4.3103685e-02  -1.0324692e+00  -1.6296093e+00  -1.9424465e+00  -2.5017264e+00  -2.4465463e+00  -2.5537747e+00  -1.7428400e+00  -7.4460819e-01  -5.8398005e-01  -1.2045518e+00  -2.4432025e+00  -1.8232046e+00
   1.3571538e+00   1.5373304e+00   8.4766736e-01  -8.2596039e-02  -1.1062883e+00  -1.8870132e+00  -2.0171732e+00  -2.3540796e+00  -2.6684620e+00  -2.2944255e+00  -1.9650105e+00  -7.8872674e-01  -4.1159832e-01  -1.0651781e+00  -2.2607243e+00  -1.8740453e+00
   1.4887396e+00   1.6024308e+00   9.1706199e-01  -9.6660287e-02  -1.3678247e+00  -1.8056608e+00  -2.2631880e+00  -2.3514129e+00  -2.6069375e+00  -2.6306750e+00  -1.7743164e+00  -7.6388369e-01  -6.1197163e-01  -1.0980941e+00  -2.4853756e+00  -1.8088501e+00
   1.4528269e+00   1.5065765e+00   8.6360697e-01   4.5226512e-02  -9.8753021e-01  -2.3380418e+00  -1.8876973e+00  -2.1738280e+00  -2.8331451e+00  -3.1419565e+00  -1.7361036e+00  -8.1382935e-01  -6.9787635e-01  -1.1257595e+00  -2.7239102e+00  -1.8728020e+00
   1.6281450e+00   1.4586789e+00   8.1316266e-01  -2.0733898e-01  -1.2216573e+00  -1.8290579e+00  -1.9652956e+00  -2.5082730e+00  -2.5412777e+00  -2.4686513e+00  -1.6556423e+00  -8.3966434e-01  -6.9590056e-01  -1.2081884e+00  -2.3596147e+00  -1.8494404e+00
   1.2982679e+00   1.5099021e+00   8.5499574e-01  -4.1627676e-02  -1.2180558e+00  -1.8731127e+00  -2.3093190e+00  -2.1956894e+00  -2.4127330e+00  -2.2851227e+00  -1.4479481e+00  -8.1674421e-01  -6.9072877e-01  -1.1289529e+00  -2.4221995e+00  -1.9614854e+00
   1.3650598e+00   1.5322520e+00   7.7671087e-01  -4.2806544e-02  -1.1086978e+00  -2.1257991e+00  -2.1231066e+00  -1.9205009e+00  -2.6264149e+00  -2.3917730e+00  -1.5897259e+00  -9.1107185e-01  -8.9012999e-01  -1.2896505e+00  -2.4617568e+00  -2.0390493e+00
   1.4850323e+00   1.3411638e+00   8.2278324e-01   1.0042743e-02  -9.7080886e-01  -1.8499134e+00  -2.1833745e+00  -2.0628191e+00  -2.6669884e+00  -2.4569935e+00  -1.4099708e+00  -7.9271608e-01  -6.5469305e-01  -1.1070496e+00  -2.3895616e+00  -2.0060957e+00
   1.7691107e+00   1.6746241e+00   8.4621064e-01  -7.1841984e-02  -1.2988094e+00  -2.0584278e+00  -2.3210526e+00  -2.3539101e+00  -2.3945016e+00  -2.2653575e+00  -1.3537827e+00  -8.6275352e-01  -8.8617204e-01  -1.2109477e+00  -2.5753885e+00  -2.1700117e+00
   1.1702800e+00   1.2373354e+00   8.6169244e-01  -5.4070243e-02  -1.4023016e+00  -1.7157545e+00  -2.1763332e+00  -2.4648137e+00  -2.3845245e+00  -2.0660823e+00  -1.5511812e+00  -7.2296975e-01  -8.5064583e-01  -1.1390226e+00  -2.1930560e+00  -2.0143318e+00
   1.2072943e+00   1.4415093e+00   9.8185345e-01  -1.1091091e-01  -1.3990974e+00  -2.0188452e+00  -2.0775546e+00  -2.0715961e+00  -2.6629663e+00  -2.5595293e+00  -1.7470616e+00  -6.9106985e-01  -7.9495715e-01  -1.0976605e+00  -2.1632708e+00  -1.8496272e+00
   1.5216775e+00   1.4381070e+00   6.6944128e-01  -3.6730919e-01  -1.8527512e+00  -2.2064697e+00  -2.5760390e+00  -2.2811344e+00  -2.8406237e+00  -2.8754893e+00  -1.8776934e+00  -7.6454841e-01  -9.3702410e-01  -1.3760023e+00  -2.4108051e+00  -1.8751366e+00
   1.5076747e+00   1.5208108e+00   6.8242633e-01  -2.0929834e-01  -9.9980970e-01  -1.7705065e+00  -2.1811344e+00  -2.1745659e+00  -2.3804017e+00  -2.3264311e+00  -1.6280648e+00  -9.1478128e-01  -7.3669101e-01  -1.2638339e+00  -2.3223600e+00  -1.9900270e+00
   9.3624210e-01   1.3527478e+00   6.1209183e-01   3.0009687e-02  -1.0371306e+00  -1.4822796e+00  -2.0539256e+00  -2.3097689e+00  -2.3219444e+00  -2.3077911e+00  -1.6347486e+00  -9.0690229e-01  -7.0190240e-01  -1.3848264e+00  -2.3134771e+00  -1.8188046e+00
   8.9567078e-01   1.3754905e+00   6.2618043e-01  -1.3516863e-01  -1.0461216e+00  -1.4718896e+00  -2.2307979e+00  -2.4435487e+00  -2.2941927e+00  -2.4546925e+00  -1.4221884e+00  -5.5657993e-01  -7.1955748e-01  -1.3255817e+00  -2.3774099e+00  -1.8469428e+00
   9.4346419e-01   1.3093547e+00   6.2535904e-01   5.3847030e-02  -1.1074562e+00  -1.2999105e+00  -1.8983497e+00  -2.4441508e+00  -2.2927058e+00  -2.3533905e+00  -1.0470250e+00  -4.7505468e-01  -7.6514895e-01  -1.3025204e+00  -2.4436190e+00  -2.0984034e+00
   1.4653489e+00   1.3131481e+00   4.0748052e-01  -8.4802402e-02  -6.2367584e-01  -1.6668403e+00  -1.8347646e+00  -2.1240433e+00  -2.3478620e+00  -2.4257028e+00  -8.2801794e-01  -4.9662999e-01  -9.4429241e-01  -1.4234288e+00  -2.4027897e+00  -2.1891249e+00
   1.4034887e+00   1.3936345e+00   3.4401257e-01  -7.9635027e-03  -5.8486129e-01  -1.7966317e+00  -2.1883621e+00  -2.0419570e+00  -2.2218636e+00  -2.2155738e+00  -9.7382211e-01  -5.3000038e-01  -1.0607951e+00  -1.5734034e+00  -2.3641050e+00  -2.2887483e+00
   1.2648140e+00   1.2640822e+00   1.5932679e-01  -1.9534499e-01  -4.9257222e-01  -1.2280158e+00  -1.8561115e+00  -2.2257910e+00  -2.5008542e+00  -2.1782496e+00  -9.3048037e-01  -4.7895022e-01  -9.1827098e-01  -1.5673810e+00  -2.4964057e+00  -2.2377193e+00
   1.0444155e+00   1.0665180e+00   3.9120519e-01   1.2037550e-01  -2.6447435e-01  -1.8330626e+00  -2.4893919e+00  -2.2987214e+00  -2.3424948e+00  -2.3197594e+00  -9.5511731e-01  -6.7819686e-01  -9.8093734e-01  -1.4545631e+00  -2.6246621e+00  -2.0959483e+00
   1.4419784e+00   1.4257060e+00   3.3250988e-01  -1.6591391e-02  -3.7792532e-01  -1.8320286e+00  -2.4175572e+00  -2.4911149e+00  -1.9432498e+00  -2.0921044e+00  -6.6395932e-01  -5.9738735e-01  -8.9785725e-01  -1.4524174e+00  -2.5471577e+00  -2.3110182e+00
   1.3180872e+00   1.1454098e+00   1.0386147e-01  -1.2935904e-01  -3.9055307e-01  -1.5843340e+00  -1.9468897e+00  -2.3534972e+00  -2.2329500e+00  -2.4602531e+00  -7.8404501e-01  -7.9544414e-01  -1.0637196e+00  -1.6016968e+00  -2.6148629e+00  -2.1632300e+00
   1.4909071e+00   1.3624983e+00   6.7600534e-02  -1.7672768e-01  -9.5710996e-02  -1.4203348e+00  -2.4172798e+00  -2.5446977e+00  -2.4340485e+00  -2.1889705e+00  -1.1806662e+00  -8.4584495e-01  -1.1616165e+00  -1.5559199e+00  -2.3125731e+00  -2.5618568e+00
   1.1670860e+00   1.0944912e+00  -3.8989046e-01  -3.3032610e-01  -3.0774027e-01  -1.6556562e+00  -2.4779453e+00  -2.8324222e+00  -2.3058574e+00  -1.8913885e+00  -1.3393966e+00  -1.1941283e+00  -1.1825018e+00  -1.4911425e+00  -2.5424814e+00  -2.2833492e+00
   8.1666440e-01   1.2428102e+00  -4.5436682e-01  -4.4915772e-01  -4.7607541e-01  -1.5944172e+00  -2.9290229e+00  -2.6908888e+00  -2.5060689e+00  -2.1701575e+00  -1.2585732e+00  -1.5554547e+00  -1.2863681e+00  -1.3342863e+00  -2.4253709e+00  -2.2973701e+00
   1.1601368e+00   1.0860096e+00  -2.8859321e-01  -3.1395629e-01  -1.6958874e-01  -2.0092090e+00  -2.5462348e+00  -2.5026030e+00  -2.5713988e+00  -2.2303174e+00  -1.7022420e+00  -1.5981639e+00  -1.5328698e+00  -1.9547417e+00  -2.7678236e+00  -2.3648653e+00
   6.9952938e-01   1.2102666e+00  -4.1161971e-01  -8.5545234e-01  -3.4487635e-01  -1.5368696e+00  -2.2736590e+00  -2.0000968e+00  -2.2644876e+00  -2.2851672e+00  -1.9722767e+00  -1.5920930e+00  -1.6940732e+00  -2.1805230e+00  -2.7310054e+00  -2.7420900e+00
   6.9336970e-01   1.1656100e+00  -5.5334222e-01  -9.3315519e-01  -5.8716840e-01  -1.7802548e+00  -2.5966740e+00  -2.3203106e+00  -2.6595675e+00  -2.5263380e+00  -1.8018631e+00  -1.7342081e+00  -1.6979537e+00  -2.1549870e+00  -2.5124754e+00  -2.5776737e+00
