   2.3104497e+00   8.8469409e-01   1.0833118e-01  -1.1883105e-01  -7.9838430e-01  -9.2473921e-01  -8.6866230e-01  -1.3419191e+00  -1.8347327e+00  -2.0937285e+00  -2.1930262e+00  -2.3395577e+00  -2.1384413e+00  -2.0913250e+00  -2.4106150e+00  -2.0654644e+00
   2.0844570e+00   1.2740990e+00   5.0501414e-01   3.4260218e-01  -5.7190287e-01  -6.4722348e-01  -1.1345499e+00  -1.6283651e+00  -1.8051231e+00  -2.1082353e+00  -2.6997403e+00  -2.6118386e+00  -2.2557155e+00  -2.3562059e+00  -2.1858811e+00  -2.1205760e+00
   2.4910614e+00   1.5158883e+00   9.9728795e-01  -4.0850568e-01  -5.2280951e-01  -6.2301311e-01  -1.3273911e+00  -1.3929925e+00  -1.7346254e+00  -2.3338500e+00  -2.3636840e+00  -2.2661010e+00  -2.0885006e+00  -2.1201993e+00  -2.1749518e+00  -1.9902536e+00
   1.8732299e+00   1.2419044e+00   5.8266921e-01   1.9428265e-01  -7.0689955e-01  -8.7874679e-01  -1.2935160e+00  -1.5198620e+00  -1.7143135e+00  -2.2260358e+00  -2.3452169e+00  -2.5747867e+00  -2.4379885e+00  -2.3651600e+00  -2.3519615e+00  -2.1213481e+00
   1.8674786e+00   8.1898362e-01   6.2723464e-02  -5.8971518e-02  -5.1890429e-01  -7.4754818e-01  -7.5845177e-01  -1.1489269e+00  -1.9720892e+00  -2.2363996e+00  -2.3697881e+00  -2.4127634e+00  -2.3155661e+00  -2.1834507e+00  -2.2890291e+00  -2.0233805e+00
   1.6809464e+00   1.1808387e+00   5.2476188e-01  -6.6991357e-02  -5.4679696e-01  -8.3844249e-01  -9.3984309e-01  -1.2612266e+00  -1.4819799e+00  -1.8055821e+00  -1.9002079e+00  -1.9205862e+00  -1.9553434e+00  -1.9487215e+00  -1.9013856e+00  -1.7670441e+00
   2.7547330e+00   1.3396856e+00   2.2596974e-01   5.2011212e-02  -2.3245749e-01  -6.5527123e-01  -7.3772041e-01  -1.2694035e+00  -1.7570527e+00  -2.2832130e+00  -2.2612393e+00  -1.9848751e+00  -2.2236898e+00  -2.0502194e+00  -2.2062107e+00  -2.0392461e+00
   2.5731900e+00   1.4176175e+00   1.9688196e-01  -2.6034864e-02  -7.1666228e-01  -1.0239170e+00  -5.3629854e-01  -1.5121987e+00  -1.8011349e+00  -2.1940241e+00  -1.9070629e+00  -2.2064245e+00  -2.5765845e+00  -2.3060748e+00  -2.3275310e+00  -2.1805252e+00
   2.6722076e+00   1.6774451e+00   5.7350939e-01   1.1213424e-01  -4.2654307e-01  -6.1042493e-01  -8.4400103e-01  -1.5032841e+00  -1.5621195e+00  -1.6922359e+00  -1.4953265e+00  -1.7950290e+00  -1.8261147e+00  -1.8646039e+00  -1.8763684e+00  -1.7345537e+00
   2.8773356e+00   1.3480668e+00   3.7238251e-01  -6.7516200e-02  -6.0886264e-01  -9.2115146e-01  -1.2266842e+00  -1.5568600e+00  -1.6897158e+00  -1.9346055e+00  -2.2754915e+00  -1.9867267e+00  -2.1155901e+00  -2.2979327e+00  -2.1281475e+00  -2.0983669e+00
   3.0646999e+00   1.7331962e+00   3.4685686e-01  -2.0812418e-01  -4.5931167e-01  -9.0056345e-01  -1.1734143e+00  -1.6984377e+00  -1.6850162e+00  -1.9132088e+00  -2.0780817e+00  -2.5528794e+00  -2.7643351e+00  -2.4964763e+00  -2.2495299e+00  -2.0837391e+00
   2.9078498e+00   1.0244206e+00   5.3809112e-01  -1.5089172e-01  -3.8193875e-01  -4.4878372e-01  -9.7040118e-01  -1.2278326e+00  -1.8442911e+00  -2.1316254e+00  -2.3013382e+00  -2.2521785e+00  -2.2955352e+00  -2.2036107e+00  -2.2208404e+00  -2.0435045e+00
   3.0258586e+00   9.4678300e-01   2.4409873e-01  -6.9476736e-01  -8.4134847e-01  -6.7849587e-01  -8.7644782e-01  -1.2134351e+00  -1.9848271e+00  -2.2945624e+00  -1.9129646e+00  -2.0161949e+00  -2.1803731e+00  -2.1111259e+00  -2.2671722e+00  -2.0129614e+00
   3.0068540e+00   1.5940227e+00   7.9550063e-01  -2.6372391e-01  -6.0356943e-01  -6.0361687e-01  -6.8805987e-01  -1.1405670e+00  -1.5531414e+00  -1.7120856e+00  -1.6448739e+00  -1.8600686e+00  -1.8415467e+00  -1.8634824e+00  -1.7964002e+00  -1.7213319e+00
   2.2023286e+00   1.2760106e+00   1.0075407e-01  -1.8868313e-01  -3.7575482e-01  -4.2296704e-01  -6.6840409e-01  -1.1672215e+00  -1.3408323e+00  -1.9752337e+00  -1.8672405e+00  -1.9770762e+00  -2.2508650e+00  -2.2603597e+00  -2.0435952e+00  -1.8271870e+00
   2.2418178e+00   1.2293749e+00   2.9694205e-01  -6.7071150e-02  -6.1289243e-01  -7.1492408e-01  -1.0799770e+00  -1.5599920e+00  -1.6031552e+00  -2.3238062e+00  -2.1634090e+00  -2.2787920e+00  -2.6915715e+00  -2.4709761e+00  -2.3409677e+00  -1.8636604e+00
   2.2870837e+00   6.4648864e-01   5.5959928e-01   2.2122919e-01  -7.2107870e-01  -6.1278510e-01  -9.7019378e-01  -1.0475954e+00  -1.5473994e+00  -2.0162350e+00  -1.9416341e+00  -1.9526854e+00  -2.1178256e+00  -2.0796902e+00  -2.0466494e+00  -1.8811221e+00
   2.5812289e+00   1.2229301e+00   2.6643510e-01   2.6798146e-01  -4.1916387e-01  -5.3774175e-01  -1.3848342e+00  -1.1577939e+00  -1.9538960e+00  -2.4657189e+00  -2.1121907e+00  -2.4148549e+00  -2.6440157e+00  -2.2606146e+00  -2.1790011e+00  -1.9032576e+00
   2.2725472e+00   7.2343199e-01   2.9495537e-01   2.2926129e-01  -2.8548914e-01  -7.9482314e-01  -8.3955908e-01  -8.9017699e-01  -1.4304201e+00  -1.8015506e+00  -1.7581656e+00  -1.8014112e+00  -1.9439495e+00  -1.8801470e+00  -1.7735632e+00  -1.7549131e+00
   2.1640962e+00   1.2398843e+00  -6.6178851e-02   1.4508259e-01  -2.4682667e-01  -7.4981948e-01  -9.6274126e-01  -9.0582662e-01  -1.3772950e+00  -1.6514994e+00  -1.7703508e+00  -1.7553305e+00  -1.9226951e+00  -1.8730701e+00  -1.7217283e+00  -1.7080359e+00
   2.5000734e+00   1.7211411e+00   7.0312022e-01   3.9938748e-01  -3.9682288e-01  -7.1491525e-01  -1.0570102e+00  -1.0018896e+00  -1.5071768e+00  -1.6988592e+00  -1.8030736e+00  -1.8623265e+00  -1.8839484e+00  -1.9157371e+00  -1.7275626e+00  -1.8084900e+00
   2.0895790e+00   1.4468114e+00   4.1923852e-01  -4.3112541e-01  -6.4289519e-01  -1.0947449e+00  -1.2146342e+00  -1.3002034e+00  -1.3293562e+00  -1.3632332e+00  -1.5577593e+00  -1.8241485e+00  -1.8897085e+00  -1.9255700e+00  -1.7798231e+00  -1.7213293e+00
   2.8296668e+00   1.7716361e+00   8.1159490e-01   2.1259870e-02   3.8514405e-02  -5.6485561e-01  -6.7603904e-01  -1.2165400e+00  -1.6927511e+00  -1.7839230e+00  -2.1338570e+00  -2.0944740e+00  -2.2113985e+00  -2.2514743e+00  -1.9769014e+00  -2.0191118e+00
   1.9301441e+00   1.8031948e+00   6.3478599e-01   8.6630771e-02   5.3938227e-02  -7.6707899e-01  -8.1129771e-01  -1.4010591e+00  -1.7963334e+00  -2.1191425e+00  -2.0999774e+00  -2.0250518e+00  -2.2880152e+00  -2.2012489e+00  -2.2918854e+00  -1.9701234e+00
   2.1179451e+00   1.1705438e+00   9.2677222e-02  -1.8782882e-01  -4.1854274e-01  -8.3069307e-01  -6.5035460e-01  -1.5032705e+00  -1.6991595e+00  -2.1403484e+00  -2.0651335e+00  -2.1672324e+00  -2.0684628e+00  -2.2101396e+00  -2.3068966e+00  -2.0842147e+00
   2.5249206e+00   1.4362321e+00   1.5226653e-01  -2.2642555e-01  -5.3912499e-01  -4.4305132e-01  -8.4399341e-01  -1.2384396e+00  -1.5148043e+00  -1.6630520e+00  -1.6378460e+00  -1.6753909e+00  -1.7693842e+00  -1.6874678e+00  -1.6599720e+00  -1.6915057e+00
   2.5318232e+00   1.9733984e+00   7.1898617e-01  -3.4170385e-01  -4.4183062e-01  -4.5432657e-01  -6.8652958e-01  -1.2103008e+00  -1.7390097e+00  -2.3112477e+00  -2.0263899e+00  -2.1648229e+00  -2.6310290e+00  -2.3416768e+00  -2.1876601e+00  -2.4023183e+00
   2.1139536e+00   1.3242834e+00   4.3368122e-01   2.6607529e-01   7.3734408e-03  -4.0156529e-01  -6.5861162e-01  -1.4921372e+00  -1.5413095e+00  -1.9304393e+00  -2.2352830e+00  -2.2581294e+00  -2.3585763e+00  -2.4629499e+00  -2.2537272e+00  -2.1719652e+00
   2.4402753e+00   1.3003882e+00   4.6113927e-01   4.8291286e-01  -4.0189452e-01  -7.7450062e-01  -7.8631589e-01  -1.0521546e+00  -1.4465970e+00  -1.8235440e+00  -1.9190131e+00  -1.8416097e+00  -2.0063658e+00  -1.9654872e+00  -1.8023600e+00  -1.8744326e+00
   2.8059643e+00   1.5998200e+00   7.6879748e-01  -8.2917891e-02  -5.5489478e-01  -7.7146783e-01  -4.7122243e-01  -1.2552715e+00  -1.6033030e+00  -1.8682041e+00  -1.8606678e+00  -1.8722238e+00  -1.9257185e+00  -1.9450228e+00  -1.5799865e+00  -1.7139501e+00
   2.6944868e+00   1.4351902e+00   5.0183503e-01   8.2608626e-02  -4.4770191e-01  -4.0889442e-01  -8.3692380e-01  -1.2251812e+00  -1.3957245e+00  -1.4114592e+00  -1.0748593e+00  -9.5865075e-01  -9.7310969e-01  -7.3927908e-01  -7.2861183e-01  -9.6844289e-01
   2.9231444e+00   1.2283050e+00   5.1607617e-01   2.5580887e-01  -3.3021864e-01  -2.1668307e-01  -5.6314759e-01  -7.2430325e-01  -1.0682328e+00  -1.0456554e+00  -2.8793014e-01  -9.8085115e-02  -4.6651173e-01  -3.9884716e-01  -6.6199145e-01  -6.2556816e-01
   3.2790349e+00   1.7772847e+00   1.3546893e+00   4.0621604e-01   1.8191874e-01  -5.5758773e-01  -3.3548062e-01  -7.0980534e-01  -8.9829813e-01  -9.3766971e-01  -3.0498968e-01   4.9857269e-01   1.0952905e+00   8.8798791e-02   2.6867594e-01  -2.5019640e-01
   3.2901539e+00   1.9112043e+00   1.5616937e+00   3.6221698e-01   2.2835158e-01  -5.8661986e-01  -1.9586421e-01  -7.2114427e-01  -1.4918875e+00  -1.3318055e+00  -6.0873001e-01   6.1364103e-01   1.7361370e+00   1.3104429e+00   9.9114946e-01   6.9172668e-01
   2.7491319e+00   2.0122276e+00   1.6299287e+00   8.2082759e-01   7.7071466e-01   6.8734224e-02   2.5032271e-02  -2.3608475e-01  -3.9984602e-01  -3.7205486e-01  -3.4028544e-01  -2.0814439e-02   1.5303770e+00   1.4785223e+00   1.2937160e+00   1.1821209e+00
   2.3106215e+00   1.5242028e+00   1.3303567e+00   7.4043759e-01   7.3499189e-01  -5.5174589e-01  -5.0955943e-01  -7.0702633e-01  -9.7560038e-01  -1.1257796e+00  -1.0716212e+00  -4.2944190e-01   1.4062348e+00   1.5507244e+00   1.7184118e+00   1.3860910e+00
   2.8434868e+00   1.9030165e+00   1.4857683e+00   7.1030101e-01   8.4391620e-01  -5.8672343e-01  -4.0319065e-01  -7.6053237e-01  -1.1949490e+00  -1.0979501e+00  -1.0846156e+00  -4.5267557e-01   1.2547822e+00   1.5718756e+00   1.9349770e+00   1.5319600e+00
   2.1718068e+00   1.5761126e+00   1.4216840e+00   5.1492903e-01   6.3589580e-01  -5.7388257e-01  -3.8195066e-01  -7.4573602e-01  -1.1509702e+00  -1.3269553e+00  -1.3935508e+00  -6.3580163e-01   1.2051071e+00   1.6587295e+00   2.0520280e+00   1.5534800e+00
   2.4461447e+00   1.4193789e+00   1.4965640e+00   7.4758208e-01   8.1351396e-01  -2.8006491e-01  -5.1865403e-01  -8.8747387e-01  -1.1542426e+00  -1.1496368e+00  -1.2051801e+00  -5.6428427e-01   1.3553605e+00   1.8422324e+00   2.1636849e+00   1.8013430e+00
   2.1868134e+00   1.4964795e+00   1.6551039e+00   9.2539488e-01   7.9716673e-01   2.9285592e-01  -8.0063709e-02  -5.5796660e-01  -1.2431308e+00  -1.1177126e+00  -1.0193983e+00  -4.2785240e-01   1.5221714e+00   1.7995450e+00   1.9269608e+00   2.1169232e+00
   2.6889984e+00   1.9647298e+00   1.8888267e+00   7.8119398e-01   1.1337740e+00   5.4807120e-01  -9.3006137e-02  -3.9227560e-01  -8.9857000e-01  -8.1456213e-01  -6.4461368e-01  -2.2514188e-01   1.5128131e+00   1.8023087e+00   1.8293582e+00   2.0634774e+00
   2.8019334e+00   1.7345775e+00   1.6709507e+00   8.0163102e-01   1.1522701e+00   6.3929431e-02  -1.5227047e-01  -5.4190302e-01  -1.2149912e+00  -1.1918406e+00  -1.0050877e+00  -2.5260110e-01   1.2543738e+00   1.6654869e+00   1.9087536e+00   1.7515963e+00
   2.9269264e+00   1.5770871e+00   1.3124097e+00   3.8155076e-01   4.3394458e-01  -4.7291403e-01  -6.7904588e-01  -9.2339487e-01  -1.4095482e+00  -1.4187470e+00  -1.1637738e+00  -4.5809334e-01   1.0135702e+00   1.2650984e+00   1.6016546e+00   1.2448417e+00
   3.0348000e+00   1.6070789e+00   1.4744173e+00   7.5337820e-01   4.6333131e-01  -4.5057762e-01  -4.7711475e-01  -7.6825636e-01  -9.6347676e-01  -1.4239459e+00  -1.1191947e+00  -7.6532495e-01   6.8275679e-01   1.0311619e+00   1.3951255e+00   9.2883860e-01
   2.6527033e+00   2.0499709e+00   1.4325480e+00   4.5564885e-01   9.6355149e-02  -4.3574434e-01  -9.6371446e-01  -8.7864767e-01  -1.2722514e+00  -1.5934969e+00  -1.0955108e+00  -8.4773015e-01   6.7157038e-01   1.1554773e+00   1.1232124e+00   6.9859055e-01
   2.9546216e+00   1.5782369e+00   1.2013308e+00   3.3427456e-01  -1.4518133e-01  -5.2106439e-01  -1.3072659e+00  -9.8642738e-01  -1.5041255e+00  -1.7329544e+00  -1.1438770e+00  -9.6326478e-01   5.7598982e-01   1.0405273e+00   6.5760432e-01   3.8635487e-01
   2.4446876e+00   1.1456323e+00   8.8494995e-01   7.4957149e-01  -4.5066842e-02  -4.3718504e-01  -6.7848228e-01  -1.1114517e+00  -1.5465263e+00  -1.5170251e+00  -1.0625402e+00  -8.2508786e-01   7.5310403e-01   9.8094388e-01   5.7230623e-01   4.5107678e-01
   3.0129985e+00   1.4409952e+00   1.2340186e+00   7.9068664e-01   7.5098331e-02  -4.2304636e-01  -8.1906390e-01  -1.1723539e+00  -1.4768215e+00  -1.4322856e+00  -1.0508088e+00  -9.0471151e-01   6.3494724e-01   8.6600628e-01   4.0792655e-01   1.6730300e-01
   2.7694881e+00   9.9992550e-01   5.9222156e-01   6.9142036e-01   1.1045493e-01  -6.2073536e-01  -6.9201295e-01  -1.1963158e+00  -1.5410792e+00  -1.7096489e+00  -1.2806302e+00  -1.1016699e+00   3.5360403e-01   5.0454098e-01  -7.8903322e-02  -8.9471059e-02
   2.9017021e+00   1.3848718e+00   7.7343434e-01   7.1944341e-01   5.0329602e-01  -7.2981817e-01  -1.0612158e+00  -1.2504596e+00  -1.8274446e+00  -1.9443319e+00  -1.4766679e+00  -1.3896542e+00  -2.4685833e-01  -1.4445870e-01  -1.0047811e+00  -9.9592389e-01
   2.5679678e+00   1.5463231e+00   1.2765993e+00   7.3992506e-01   1.7833820e-01  -4.3229379e-01  -7.2879538e-01  -9.2201461e-01  -1.3439647e+00  -1.6162896e+00  -1.4466998e+00  -1.3104642e+00  -6.9767107e-01  -5.0707094e-01  -1.0272283e+00  -1.0864342e+00
   2.0700260e+00   1.6094998e+00   1.0981077e+00   1.9102502e-01  -1.4427085e-01  -3.2159122e-01  -8.9767467e-01  -1.1514204e+00  -1.5464245e+00  -1.4966734e+00  -1.4825005e+00  -1.4414126e+00  -8.4801449e-01  -6.0045139e-01  -1.0773146e+00  -1.1007765e+00
   2.7456190e+00   1.5757768e+00   1.0820499e+00   4.4166253e-01   1.8711834e-01  -2.7957768e-01  -1.2548077e+00  -1.7265714e+00  -2.1022127e+00  -1.9991915e+00  -1.7881088e+00  -1.8165071e+00  -9.1088168e-01  -6.5875355e-01  -9.6650627e-01  -8.8998932e-01
   2.3253535e+00   1.0922006e+00   4.9414449e-01   1.6857989e-01  -1.8732126e-01  -4.7641139e-01  -6.1865193e-01  -1.1587380e+00  -1.5305250e+00  -1.5113165e+00  -1.5824534e+00  -1.4135843e+00  -6.7673818e-01  -6.0552333e-01  -5.7343870e-01  -7.8597989e-01
   2.0742615e+00   1.3323393e+00   8.3191021e-01   3.5141964e-01   4.9827447e-02  -2.4670249e-01  -2.6347805e-01  -9.5997532e-01  -1.5460646e+00  -1.6135263e+00  -1.5098708e+00  -1.3289084e+00  -3.9297152e-01  -2.6525729e-01  -4.7109906e-01  -7.1494308e-01
   2.1172771e+00   1.7386954e+00   1.1864159e+00   4.6932920e-01   3.1898807e-01  -4.8212921e-01  -5.5288291e-01  -7.5296127e-01  -1.4302566e+00  -1.6672807e+00  -1.9434365e+00  -1.2900400e+00  -4.3621053e-01  -1.7580424e-01  -8.3886619e-01  -1.1503765e+00
   2.4323055e+00   1.4092171e+00   8.2223624e-01   3.9221944e-01   5.8378442e-01  -6.3027243e-01  -6.8637385e-01  -9.7561374e-01  -1.2852738e+00  -1.4375178e+00  -1.5311214e+00  -1.3559463e+00  -4.9482559e-01  -1.6872188e-01  -9.3089927e-01  -8.6828706e-01
   2.6204254e+00   1.3003899e+00   7.7428491e-01   5.2979476e-01   6.6250174e-01  -7.4061726e-01  -7.2651098e-01  -1.2159733e+00  -1.5951464e+00  -1.7956585e+00  -1.5757341e+00  -1.5472787e+00  -5.8347261e-02   1.8726308e-01  -5.8630176e-01  -6.1385098e-01
   2.2002295e+00   1.1619590e+00   1.0059631e+00   3.9699001e-01   1.1275052e+00  -2.1253709e-01  -3.1668387e-01  -1.1234647e+00  -1.4720115e+00  -2.1278549e+00  -1.7131325e+00  -9.0111025e-01  -1.0655994e-01   3.4053395e-01  -5.8941717e-01  -6.5220987e-01
   2.4090194e+00   1.7135143e+00   1.3654191e+00   7.4067014e-02   1.1091219e+00  -1.2506156e-02  -5.9745946e-01  -9.5719937e-01  -1.8233484e+00  -2.1850042e+00  -1.5245965e+00  -6.2870302e-01  -5.1203038e-01  -2.3551778e-01  -9.0589186e-01  -6.9327447e-01
   2.9486806e+00   2.2650012e+00   1.2948158e+00   1.1520570e+00   1.0856725e+00   3.5012359e-01  -6.2482720e-01  -1.2792955e+00  -1.7835335e+00  -1.7364139e+00  -1.2672681e+00  -4.2591997e-01  -5.3244528e-01  -3.4866689e-01  -1.0690182e+00  -8.5150005e-01
   3.1447539e+00   1.7949372e+00   1.0642836e+00   4.1669015e-01   7.8044272e-01  -4.2308300e-02  -5.7153708e-01  -7.5599976e-01  -9.6776172e-01  -9.6135968e-01  -6.9360968e-01  -4.4206454e-01  -7.4279710e-01  -3.6098955e-01  -7.2841855e-01  -8.3044734e-01
   3.2645212e+00   2.1424003e+00   9.3363877e-01   6.8411490e-02  -8.6095677e-02  -1.6817403e-01  -1.1458889e+00  -1.5138062e+00  -1.5415539e+00  -1.8617552e+00  -7.8390247e-01  -4.7783953e-01  -1.1788760e+00  -9.6737914e-01  -1.1219643e+00  -1.2024066e+00
   3.4432928e+00   1.9023763e+00   9.1196611e-01   5.5891157e-01  -4.1119978e-01  -7.2983260e-01  -8.2832866e-01  -1.4020282e+00  -1.6910264e+00  -1.7233654e+00  -5.8952631e-01  -9.1005636e-01  -1.6891844e+00  -1.1911793e+00  -1.5178457e+00  -1.5956966e+00
   2.6338088e+00   1.0672365e+00   3.1005597e-01   4.0458255e-01   1.6960721e-01  -2.3683132e-01  -4.7877616e-01  -6.5401287e-01  -8.3525231e-01  -9.4524191e-01  -7.1169501e-01  -7.3123105e-01  -9.3691709e-01  -6.0903781e-01  -9.0127610e-01  -9.2695917e-01
   2.7896007e+00   1.1664390e+00  -4.5786529e-02   4.7327472e-01  -1.9732600e-02  -5.5528183e-01  -4.0711012e-01  -7.2217661e-01  -1.1831698e+00  -1.2576435e+00  -1.1082200e+00  -1.2645006e+00  -1.3231046e+00  -1.2876721e+00  -1.2451885e+00  -1.2517454e+00
   3.2707630e+00   1.6062306e+00   6.4342065e-01   4.2935241e-01  -2.8081041e-03  -3.8780956e-01  -3.6136556e-01  -9.4984551e-01  -8.6618106e-01  -8.6809129e-01  -8.2519501e-01  -1.0760637e+00  -1.1012057e+00  -1.1030360e+00  -9.6743874e-01  -1.0592986e+00
   3.0905883e+00   1.5155527e+00   4.5866240e-01   1.7335144e-02  -3.7109229e-01  -1.0185197e+00  -6.9010494e-01  -1.3853036e+00  -1.6929492e+00  -1.2136948e+00  -1.2395539e+00  -2.0553400e+00  -1.9107557e+00  -1.5729371e+00  -1.3167710e+00  -1.7674231e+00
   2.5214312e+00   1.2877668e+00   6.1700994e-01   2.7633561e-01  -4.0661335e-01  -5.8495971e-01  -6.3743903e-01  -9.5219479e-01  -1.4963888e+00  -1.4593151e+00  -1.5783356e+00  -1.8796005e+00  -1.8711886e+00  -1.7333652e+00  -1.5967411e+00  -1.6185223e+00
   2.3504263e+00   1.3863640e+00   2.5147762e-01   2.4137259e-02  -9.0059495e-02  -4.5590503e-01  -4.4159662e-01  -6.4282543e-01  -9.4728945e-01  -1.0017545e+00  -1.0387745e+00  -1.0868687e+00  -1.0841855e+00  -1.0643833e+00  -1.0633391e+00  -1.0532560e+00
   3.0649111e+00   9.2465831e-01   4.0748820e-01   1.8173148e-01  -3.6683878e-01  -7.7731394e-01  -8.4274943e-01  -1.0322964e+00  -1.7892755e+00  -1.7468190e+00  -2.1109431e+00  -2.2908425e+00  -2.0688651e+00  -1.8308536e+00  -1.7798799e+00  -1.8926607e+00
   2.4172911e+00   7.1676415e-01   1.7459813e-01   4.7072183e-01  -2.4536783e-01  -6.4976747e-01  -7.3896636e-01  -9.5421204e-01  -1.0520748e+00  -1.1044065e+00  -1.1245514e+00  -1.1468052e+00  -1.1871997e+00  -1.1345708e+00  -1.1435479e+00  -1.0783192e+00
   2.6497486e+00   5.2195429e-01   2.4223767e-01   2.9065699e-01  -4.4364501e-01  -6.6946793e-01  -8.6017595e-01  -1.3264916e+00  -1.5812447e+00  -1.8483659e+00  -2.0186067e+00  -1.9626031e+00  -2.0776057e+00  -1.8682356e+00  -1.9176208e+00  -1.8734942e+00
   2.6121848e+00   9.8090731e-01   7.8282862e-01   7.0344422e-02  -1.5327474e-01   3.4609175e-01  -2.1787462e-01  -9.9796478e-01  -1.1220149e+00  -1.1993830e+00  -1.3032642e+00  -1.3331829e+00  -1.3223947e+00  -1.3435172e+00  -1.3617116e+00  -1.3208545e+00
   2.3023648e+00   1.5275745e+00   4.5987924e-01   5.8331219e-02   1.6720269e-01   2.6836832e-01  -3.8757899e-01  -1.1246287e+00  -1.0802329e+00  -1.1671785e+00  -1.3294222e+00  -1.4181713e+00  -1.3947187e+00  -1.4367629e+00  -1.4157266e+00  -1.4103081e+00
   2.8421829e+00   1.8667236e+00   6.9334701e-01   5.3926140e-03   3.8423696e-01   1.0946540e-01  -7.8062938e-01  -1.2133320e+00  -1.6701107e+00  -2.3474483e+00  -2.0416983e+00  -1.9813717e+00  -2.0866502e+00  -2.1817897e+00  -2.4751366e+00  -2.1285224e+00
   3.1593007e+00   1.6503826e+00   1.0246930e+00  -2.7120895e-01  -1.4014593e-01  -3.6532130e-03  -6.0802413e-01  -1.1491842e+00  -1.8012785e+00  -2.1061705e+00  -2.2275299e+00  -2.4249528e+00  -2.2519536e+00  -2.1891853e+00  -2.3529199e+00  -2.0900585e+00
   2.2568039e+00   1.0045027e+00   2.1759429e-01   2.0952545e-01  -2.4329909e-01  -5.7329650e-01  -5.0466879e-01  -1.0803124e+00  -1.7374273e+00  -1.7130076e+00  -1.8634096e+00  -2.1025348e+00  -2.3280514e+00  -2.2954665e+00  -2.1912890e+00  -1.9057915e+00
   2.8741671e+00   1.9144462e+00   7.1845545e-01   2.3276040e-01  -3.1264767e-01  -1.0607120e+00  -5.8109666e-01  -1.1817806e+00  -1.5882486e+00  -1.6902716e+00  -1.9564171e+00  -2.0413459e+00  -2.2493451e+00  -2.0195227e+00  -2.1322570e+00  -2.0463706e+00
   2.8064086e+00   1.4899725e+00   2.5609086e-01  -5.8135517e-02  -1.1476507e-01  -3.8718856e-01  -1.3728023e-01  -1.1056210e+00  -1.3509825e+00  -1.8627330e+00  -1.8894739e+00  -1.9527246e+00  -2.4524963e+00  -2.5059398e+00  -2.1469235e+00  -2.0441711e+00
   2.9487627e+00   1.6946094e+00  -1.0975059e-01  -5.1054878e-01  -5.5592843e-01  -4.3932798e-01  -3.8922286e-01  -1.3247230e+00  -1.7089300e+00  -1.9614329e+00  -2.1352010e+00  -2.0946127e+00  -2.4981645e+00  -2.1654531e+00  -2.2369501e+00  -2.1084766e+00
