   3.6478569e+00   1.9084913e+00   1.1972562e+00   8.8539354e-01   1.0843156e+00   4.4638259e-01   4.2988283e-01   2.6918558e-01  -3.7505562e-01  -2.8316665e-01  -5.4818347e-01  -3.6961487e-01  -3.4838831e-01  -7.8607026e-01  -7.5265976e-01  -7.3106906e-01
   3.4844291e+00   1.4177060e+00   1.1450142e+00   8.4622406e-01   7.0148818e-01   6.5083453e-01   5.6667573e-01   4.2544645e-01   2.2181383e-01   2.1129269e-01   1.4196529e-02  -6.7305756e-02  -1.6905836e-01  -1.3116031e-01  -1.2806017e-01  -2.0394002e-01
   3.3117145e+00   2.0538207e+00   1.2742502e+00   9.4795446e-01   1.0494925e+00   6.7742413e-01   5.1637614e-01   4.7039484e-01   3.8082707e-02  -1.7079928e-01   1.2496067e-01  -5.4959013e-02  -2.9931305e-01  -3.3898649e-01  -4.6841063e-01  -7.4410629e-01
   3.4503629e+00   1.8502115e+00   1.2119680e+00   1.3527046e+00   1.2117433e+00   8.2625629e-01   5.7272030e-01   4.7656719e-01   1.4008858e-01   4.3133245e-02   4.5231726e-02  -1.5006318e-01  -3.4733160e-01  -4.5998174e-01  -3.4982752e-01  -4.5349900e-01
   3.0508538e+00   1.7497884e+00   1.1637653e+00   1.3517560e+00   8.5957117e-01  -5.4291557e-02   3.4844952e-01   2.8433701e-01   8.4095773e-02   1.5284131e-01   1.3712614e-01  -2.6937617e-01  -5.5967028e-01  -6.7545348e-01  -6.4476189e-01  -8.2468037e-01
   2.4699738e+00   1.7793133e+00   1.3662549e+00   1.0107238e+00   7.6478723e-01   3.4443516e-01   7.7421359e-01   3.1428614e-01   4.6520875e-02  -9.7170982e-02  -1.6324550e-01  -2.8155408e-02  -4.9551647e-01  -4.9747635e-01  -3.6143735e-01  -3.6452650e-01
   3.0312626e+00   1.1647769e+00   8.8730852e-01   9.7224325e-01   2.4828981e-01   7.7013481e-01   5.1454798e-01   7.9888902e-02  -3.9065833e-02  -2.9870393e-01  -3.0969338e-01  -1.1794259e-01  -1.8355930e-01  -6.8151748e-01  -6.0627413e-01  -8.0497804e-01
   3.3138537e+00   1.3986249e+00   1.1798845e+00   1.4356493e+00   6.6518500e-01   4.8216110e-01   2.3808016e-01   2.6172435e-01   4.2007227e-01   1.7125373e-01   4.5341972e-02  -2.0499840e-01  -3.1686473e-01  -5.0597091e-01  -2.1949653e-01  -2.3672647e-01
   3.2941602e+00   1.3652443e+00   7.3174253e-01   8.2651416e-01   6.4501944e-01   2.6556875e-01  -4.4849213e-02  -2.6142754e-02   3.2802322e-01   9.1807322e-02   9.5507392e-02   3.7718468e-02  -5.2037294e-01  -7.0639190e-01  -5.0470333e-01  -3.6258918e-01
   3.1570384e+00   1.1889935e+00   9.1081029e-01   1.3174608e+00   1.0362527e+00   4.9479897e-01   4.3826343e-01   2.4158863e-01   1.9458900e-01   2.8830912e-01   9.2375464e-02   3.0310710e-01  -1.6565120e-01  -3.3125852e-01  -3.1430311e-01  -1.7526138e-01
   3.4300333e+00   1.7148593e+00   9.0423986e-01   1.2523154e+00   8.7063311e-01   5.4482167e-01   1.1216740e-02   1.5053345e-01   3.7278004e-01  -1.2547834e-01  -1.0652248e-02  -2.3342426e-01  -3.6038657e-01  -5.6139858e-01  -4.4708268e-01  -3.4908964e-01
   3.0857102e+00   1.5404909e+00   7.5365858e-01   1.0897980e+00   1.3334842e+00   7.1288861e-01   3.3530211e-01   5.8216449e-01   4.0300221e-01  -1.5214850e-01   1.6092792e-01  -1.7048501e-01  -3.3771824e-01  -3.9840581e-01  -4.6376327e-01  -4.5002149e-01
   3.2325716e+00   1.5676899e+00   3.8862655e-01   5.0646155e-01   6.1881566e-01   6.8263894e-01   6.2688283e-01   5.1657689e-01   3.0739997e-01  -1.1522050e-01  -2.0083087e-01  -2.0170559e-01  -4.2208592e-01  -4.5105634e-01  -6.9364875e-01  -5.8301923e-01
   3.0032207e+00   1.8326782e+00   1.0852187e+00   1.2883982e+00   7.6398496e-01   3.0148965e-01   4.2062030e-01   2.2392293e-01   2.8654338e-01   2.8209877e-01  -1.3379122e-01   2.0096573e-02  -4.4617086e-01  -5.5718655e-01  -6.6683068e-01  -6.1622621e-01
   2.9615447e+00   1.3423756e+00   1.2381401e+00   9.8288273e-01   6.6862297e-01   1.3155913e-01   2.3647636e-01   1.6519023e-01  -3.9606263e-02  -1.0168365e-01  -3.1296821e-01  -2.5464694e-01  -4.7252816e-01  -7.2682908e-01  -7.5366983e-01  -5.1649959e-01
   3.1572805e+00   1.6962075e+00   1.1364638e+00   9.1441485e-01   5.0873332e-01   5.8372065e-01   3.4706230e-01   5.2029789e-01   4.6186674e-02  -6.6987369e-02  -1.6839783e-01  -2.7046047e-01  -4.6826919e-01  -5.2533413e-01  -6.2459703e-01  -2.1431253e-01
   3.4911366e+00   1.6060338e+00   1.0228422e+00   1.1815562e+00   6.7312778e-01   4.1351924e-01  -6.7276181e-02   2.8100168e-01   1.2675655e-01  -5.8804149e-02  -1.1654710e-01  -1.8615993e-01  -3.3916235e-01  -6.4819125e-01  -4.8156574e-01  -5.8584815e-02
   3.4181159e+00   2.4050554e+00   9.0987641e-01   1.1414820e+00   6.9486799e-01   4.3498301e-01   2.5263194e-01   2.8091832e-01   3.2362471e-01   1.6908347e-01  -3.0859916e-02  -5.9877879e-02  -2.0476538e-01  -3.6661877e-01  -3.1562895e-01  -1.8809931e-01
   2.9712817e+00   1.9536803e+00   8.2935635e-01   8.2525749e-01   5.3652405e-01  -1.2357978e-01   2.8565080e-01   6.1107802e-01  -1.7213048e-01  -1.1096482e-01   4.3390004e-02  -2.7474612e-01  -2.2211599e-01  -3.5682279e-01  -3.2402409e-01  -1.0278760e-01
   2.6350221e+00   2.0837408e+00   1.2708133e+00   1.3801069e+00   8.5470379e-01  -4.8858226e-01   1.6697379e-01   6.3282712e-02   1.2555157e-02  -2.5400443e-01  -2.5238543e-01  -5.0146708e-02  -2.3852926e-01  -4.1649159e-01  -2.4403474e-01  -1.6141821e-01
   3.6206695e+00   2.2048983e+00   1.3439234e+00   1.5307093e+00   7.5697471e-01   4.2893795e-01   1.8176094e-02  -1.8507033e-01   8.7296227e-02  -2.8088737e-01  -1.1259698e-01  -1.6347813e-01  -2.8833142e-01  -4.1124305e-01  -3.3264017e-01   9.5220076e-02
   3.0540492e+00   1.6595793e+00   1.3709638e+00   1.0268826e+00   4.7324176e-01   9.3125194e-01   7.7414409e-01  -3.4415421e-02   4.1169937e-01  -5.2547224e-02  -1.8637645e-01  -2.0540447e-01  -3.6981416e-01  -4.5891956e-01  -1.2992498e-01  -4.9450629e-02
   3.0405477e+00   1.8343197e+00   1.1492765e+00   1.2399295e+00   7.9978501e-01   5.4913448e-01   5.9546969e-01   9.7868713e-01   4.5018188e-01   5.3632579e-02  -2.2401754e-01  -4.1802209e-01  -3.4837310e-01  -6.2757943e-01  -8.8954437e-02  -1.1607364e-02
   3.1278042e+00   1.8480963e+00   1.0424644e+00   1.7576913e+00   1.0895287e+00   6.5367278e-01   6.3582337e-01   5.1290937e-01   2.6782657e-01  -1.0407959e-01  -2.7996252e-01  -4.1821140e-02  -3.6406264e-01  -5.4909305e-01  -2.4002933e-01  -3.3028617e-03
   3.2005005e+00   1.7955224e+00   1.1901635e+00   1.0245631e+00   6.9200421e-01   2.4964369e-01   4.1116228e-01   4.5351912e-01   2.4696637e-01  -5.7118291e-02  -3.0216474e-01  -1.5787703e-01  -5.8132258e-01  -5.3442919e-01  -3.6807298e-01  -4.8834830e-02
   3.5035729e+00   1.8221453e+00   1.1051856e+00   1.1165767e+00   8.2875805e-01   4.8557958e-01   2.7167799e-01   3.5092728e-01   1.7669333e-01   3.4821017e-02   1.5373007e-01   1.9801747e-01  -8.0540421e-03   3.0301744e-02   3.2784504e-02   2.2560397e-01
   3.6027178e+00   1.5376415e+00   1.0713836e+00   1.2402702e+00   7.8730856e-01   2.9258617e-02   1.3111351e-01   1.3178532e-01   2.1086844e-01  -8.5575878e-03   3.4939063e-01   3.4036208e-01  -5.4158839e-01  -1.7907643e-01  -2.1505367e-01  -3.9380013e-02
   3.5866790e+00   1.9892384e+00   1.0618548e+00   8.4843618e-01   7.7928968e-01   1.5398408e-01   1.9023955e-01   4.1947051e-01   1.4619232e-01   3.0547300e-01   2.6453947e-01   5.1875174e-01  -3.0090982e-01  -1.1601305e-01  -7.3941524e-02   1.6055278e-02
   2.8888447e+00   1.9071409e+00   1.0264845e+00   4.7542546e-01   9.0360605e-01   6.3043299e-01   4.9903826e-01   2.0990689e-01   2.8568598e-02   8.4865010e-02  -6.6108262e-02   5.4923196e-01  -2.8006105e-01  -1.0951964e-01  -4.9791879e-01  -2.8605693e-01
   3.4812440e+00   2.1572882e+00   1.3630751e+00   8.0118540e-01   6.1662040e-01   2.5257733e-01   2.3482134e-01   3.4066179e-01  -2.3089081e-01  -1.6356831e-01   1.9494771e-01   1.1022034e+00   7.0355004e-01   7.8065794e-01   1.1647474e-01   2.0283131e-01
   3.1368861e+00   2.8093635e+00   2.1085426e+00   1.2036881e+00   1.3839734e+00   9.0394531e-01   9.5915128e-01   3.6544516e-01   1.8546829e-01   3.2012007e-01   4.8429017e-01   1.5625510e+00   1.8590848e+00   1.9381348e+00   1.2706216e+00   1.2216079e+00
   3.3059373e+00   2.8107948e+00   1.8854804e+00   1.2503088e+00   1.3342305e+00   8.8422187e-01   3.4035035e-01  -9.6236348e-02   4.2132095e-01   2.6817185e-01   8.9874560e-02   1.6251375e+00   2.3181513e+00   2.1609562e+00   1.8595827e+00   1.7222415e+00
   2.7115402e+00   2.6728498e+00   1.8088283e+00   1.0877668e+00   1.5736757e+00   4.8402536e-01   5.1895970e-01   5.9860705e-01   3.6214031e-01   2.2060732e-01   1.0148001e-01   1.0131300e+00   2.2346134e+00   2.3512281e+00   2.1635683e+00   2.0256941e+00
   3.4859313e+00   2.0738333e+00   1.7012246e+00   8.2107476e-01   1.3043289e+00   6.5150309e-01   1.7162459e-01   2.0697993e-01   3.1271128e-01   1.6151013e-01  -1.8129830e-01   8.8990042e-01   2.4654928e+00   2.6155591e+00   2.4216648e+00   2.3083884e+00
   3.1955585e+00   2.3000549e+00   1.8720598e+00   1.0161009e+00   1.4942788e+00   7.6552117e-01   3.7486426e-02   1.9959191e-01   6.2315413e-02   1.1777145e-01  -1.2087323e-01   9.5856979e-01   2.6151193e+00   2.6458127e+00   2.4590332e+00   2.5327934e+00
   3.4551920e+00   2.7485051e+00   2.3495800e+00   1.5507114e+00   1.6099361e+00   3.3901580e-01   2.3599988e-01   4.9284467e-01   1.4040496e-01   1.0596254e-01  -1.7838062e-01   7.7263209e-01   2.5466583e+00   2.6699840e+00   2.3899588e+00   2.6802353e+00
   3.8025383e+00   2.9103206e+00   2.1386935e+00   1.4651114e+00   1.6473804e+00   7.6740472e-01   6.0378812e-01   5.9199698e-01   1.4611143e-01  -7.1305945e-02  -8.0360560e-02   8.0423219e-01   2.3103817e+00   2.6243630e+00   2.4764893e+00   2.8360560e+00
   3.0744705e+00   1.7260682e+00   1.8025609e+00   1.3804472e+00   1.2189284e+00   1.0870911e+00   8.9177193e-01   7.8943528e-01   3.1873324e-01   2.2755743e-01   3.6934032e-01   7.9405924e-01   2.1259262e+00   2.2563388e+00   2.4338591e+00   2.7529440e+00
   3.4763232e+00   1.3839651e+00   1.6430057e+00   1.0968502e+00   1.2860768e+00   6.5399056e-01   1.0992773e-01   4.0856806e-01   1.9784020e-01  -2.5824725e-01   6.5298060e-02   6.7881361e-01   2.0145738e+00   2.0931378e+00   2.3297023e+00   2.6489812e+00
   3.6467624e+00   2.1167559e+00   1.5048726e+00   1.1026632e+00   1.1977051e+00   5.8572568e-01   4.0192976e-01   4.7218526e-01   5.6147891e-01   2.9401964e-01   4.7896931e-01   5.4458587e-01   1.9294806e+00   2.0366466e+00   2.2552610e+00   2.6886610e+00
   3.5125215e+00   2.0394136e+00   1.7870544e+00   1.2344404e+00   1.0861693e+00   6.6971986e-01   1.7810368e-01   6.9384055e-01   5.6562900e-01  -1.7280201e-01   5.6072524e-02   4.9499249e-01   1.8657705e+00   2.1376876e+00   2.3071464e+00   2.5810360e+00
   2.6503541e+00   2.2995361e+00   1.8855864e+00   1.3665392e+00   1.0974651e+00   7.5733624e-01   3.8161361e-02   7.7153877e-01   2.9812109e-01  -3.8369463e-02  -4.2239482e-02   3.0304843e-01   1.6551751e+00   2.1380795e+00   2.1914096e+00   2.4203340e+00
   2.5960200e+00   1.9165283e+00   1.5841779e+00   1.4938039e+00   1.1517011e+00   6.1421649e-01   5.2800547e-02   2.1874837e-01   2.8945714e-01  -1.0531305e-01  -1.1606549e-01   3.6744850e-02   1.5147267e+00   2.1153656e+00   2.0702143e+00   2.3137036e+00
   2.6133848e+00   1.5480563e+00   1.4571714e+00   9.3920123e-01   1.0485212e+00   6.5475233e-01  -1.4797103e-01   3.3395993e-01   2.1443015e-01  -3.0213545e-01  -8.8578429e-02   2.3960403e-01   1.5635765e+00   2.1613068e+00   2.1102088e+00   2.1421967e+00
   2.0629623e+00   1.4331747e+00   1.7004850e+00   1.4792772e+00   1.3632102e+00   5.3249532e-01  -4.0261234e-01   3.5313273e-01   3.3478588e-01   1.7161705e-02   1.7115054e-01   3.4172008e-01   1.8424706e+00   2.1397826e+00   2.0534563e+00   1.9806807e+00
   2.4379141e+00   2.0619128e+00   1.7983388e+00   1.0146410e+00   1.2008829e+00   2.4222615e-01   2.3728500e-01   2.7632188e-01  -8.6421421e-02   1.4511787e-01  -1.0999801e-01   5.1306455e-01   1.9888937e+00   2.4150274e+00   2.1191863e+00   2.1782033e+00
   2.5696624e+00   2.1765719e+00   1.6177427e+00   8.5355952e-01   8.1997154e-01   6.9503723e-01   4.9201661e-01   4.3517819e-02   3.7395044e-01   8.1326223e-02  -5.5345305e-02   4.9484412e-01   2.0377660e+00   2.4135830e+00   1.7739731e+00   1.8076569e+00
   2.3265377e+00   1.4930366e+00   1.6913474e+00   1.5018181e+00   1.1315336e+00   1.8258736e+00   1.0934028e+00   4.2977915e-01   2.1174220e-01  -5.4382310e-02   1.1293748e-01   3.2893768e-01   1.6661728e+00   1.8801660e+00   1.2207700e+00   1.1244634e+00
   2.7201694e+00   2.0373108e+00   1.9356230e+00   1.4051460e+00   1.1693041e+00   1.2998278e+00   9.0859321e-01   7.9157496e-01   2.8705936e-01  -2.2283442e-01  -3.3984781e-01   5.2840812e-02   1.2448549e+00   1.4446832e+00   6.5977359e-01   5.4753590e-01
   2.5400097e+00   2.2661289e+00   1.7918607e+00   1.8341008e+00   5.1112893e-01   1.4187600e+00   1.0264223e+00   4.0453606e-01   2.9361174e-01   3.7675935e-02  -5.6037210e-02  -8.2770071e-03   5.7290659e-01   9.8886231e-01   3.3760056e-01   3.9956845e-01
   2.9051418e+00   1.7943769e+00   1.5841435e+00   2.0891335e+00   1.0549191e+00   6.9532598e-01   2.8475761e-01   9.5695774e-02   4.1400498e-01   3.0673487e-01  -7.3591020e-02   6.3853931e-02   4.2478288e-02   3.3684251e-01  -2.4880064e-01  -1.3483932e-01
   3.5015610e+00   2.4916647e+00   1.5893046e+00   1.4843019e+00   2.4460844e-01   4.8651410e-01  -3.4508698e-01   3.0118586e-01   2.5282423e-01   1.3591440e-01  -3.5336210e-01   1.7277999e-01  -5.2781970e-02  -1.2611498e-01  -4.1245369e-01  -2.5900036e-01
   3.2002421e+00   1.9315695e+00   1.3030385e+00   1.8607254e+00   6.9585273e-01   5.5815513e-01   2.8374020e-01   3.7004483e-01   4.2039904e-01   1.0699277e-01  -1.1307519e-01   6.8853243e-02   1.0204290e-01   2.8001507e-02  -3.9651230e-01  -2.1458609e-01
   3.2166267e+00   2.0183090e+00   1.4763520e+00   2.1003635e+00   8.8269545e-01   5.4343829e-01   6.4758061e-01   8.2174034e-01   2.0200348e-01  -9.8557324e-03  -2.0352280e-01   2.4293667e-02  -1.1735779e-01   9.8371487e-02  -1.6115543e-01  -5.0191222e-02
   3.1604575e+00   1.9223690e+00   9.2575012e-01   1.7387790e+00   9.0366874e-01   6.3157712e-01   1.0014865e+00   5.8875768e-01   6.3613618e-01   4.7780764e-01   1.7060358e-01   3.3595918e-01  -2.0829438e-01  -4.3024761e-02  -1.2530573e-01  -1.5641191e-01
   3.4294945e+00   1.4411474e+00   5.4764361e-01   1.3101855e+00   5.1414368e-01   2.3691721e-01   1.4587319e-01  -1.9947752e-01   1.4154216e-01   1.1990467e-01   8.8095453e-02   1.0157986e-01  -5.5259941e-01  -3.0588096e-01  -3.8027298e-01  -6.0805676e-01
   3.3503643e+00   2.0107339e+00   9.2049667e-01   9.7024104e-01   7.1040208e-01   4.9458111e-01   5.2631373e-01   4.9420980e-01   6.3788921e-02   1.8160038e-01   2.9813067e-01  -5.2490190e-02  -1.2255649e-01  -1.6220279e-01  -1.2636172e-01  -1.3163410e-01
   3.4958531e+00   1.8823068e+00   1.3545878e+00   1.0376290e+00   4.1457228e-01   4.3973316e-01   7.8309558e-02   2.3519923e-01  -8.5002764e-02  -2.9203326e-03   1.2945173e-01  -1.2622180e-01  -6.7399781e-01  -6.5592902e-01  -4.2880387e-01  -5.7974977e-01
   2.7885588e+00   1.9077356e+00   1.4163301e+00   1.1961095e+00   4.3882148e-01   7.7188544e-01   2.0305316e-01   1.8502024e-01  -1.4851405e-02   2.6368991e-01  -1.8810648e-02   1.3752440e-01  -5.7356717e-01  -2.0820845e-01  -3.0608937e-01  -4.2099200e-01
   2.2394226e+00   1.2927412e+00   1.1588672e+00   1.2558069e+00   4.9638315e-01   8.4826849e-01   2.9445591e-01   3.8385395e-01  -1.0182275e-01  -1.8056182e-01  -2.6664518e-01  -2.0393567e-01  -5.3095263e-01  -6.2221702e-01  -5.7062195e-01  -4.8367640e-01
   2.5960459e+00   1.8109413e+00   1.1576051e+00   1.4068876e+00   8.3824893e-01   1.2546955e+00   2.7000379e-01   2.0048749e-01  -4.7751061e-01  -2.3534691e-01  -1.2561177e-01  -5.5919976e-01  -8.0278039e-01  -4.5316577e-01  -4.3842631e-01  -5.7964111e-01
   2.5571786e+00   1.5093304e+00   6.3423350e-01   8.3441619e-01   1.0934942e+00   9.7308665e-01   3.3878333e-01   1.7802723e-01  -1.5275790e-01  -3.4349865e-02  -1.4338626e-01  -1.2578570e-01  -4.7372865e-01  -4.4099529e-01  -5.1235606e-01  -4.6675604e-01
   3.1754440e+00   1.9297159e+00   1.0684839e+00   1.0301726e+00   4.6508951e-01   5.5952568e-01   4.0977391e-01   4.8817034e-01  -9.7528131e-02  -2.3403790e-01  -1.2494431e-01  -3.7326968e-01  -5.6298515e-01  -5.4151572e-01  -6.1820564e-01  -5.7562219e-01
   3.1255588e+00   2.0033957e+00   1.2229874e+00   7.7702683e-01   2.1940174e-01   2.4204329e-01   6.3853297e-01   3.8335933e-01  -8.1082013e-02   5.8378183e-02  -2.1974107e-01  -3.6918176e-01  -5.2342713e-01  -7.4795232e-01  -2.8335462e-01  -3.6450009e-01
   2.9328968e+00   2.0268940e+00   1.9216274e+00   1.4745252e+00   4.9661730e-01   6.7642624e-01   4.5643807e-01   3.2580855e-01   2.0847488e-01   5.7436831e-01   5.4464998e-01   4.8240737e-01  -9.3485336e-02  -2.7009433e-01  -4.5671095e-01  -4.2289077e-01
   3.4518109e+00   2.5224776e+00   2.1639934e+00   1.6861279e+00   7.2161120e-01   7.4910366e-01  -5.7856886e-02   1.3071348e-01   3.9443676e-01   3.2139179e-01   1.1625936e-01   1.5924258e-02  -2.6675415e-01  -5.4261978e-01  -5.8905586e-01  -6.6352499e-01
   2.3791897e+00   2.3559653e+00   1.1102504e+00   1.2284501e+00   1.0213419e+00   3.6501467e-01   3.5033790e-01   3.1079218e-01   7.4061186e-02   2.2845031e-01   1.6492307e-01   2.7173075e-01  -1.8169592e-01  -5.9828065e-01  -5.2625566e-01  -5.9471471e-01
   2.1902492e+00   2.3931690e+00   1.2162230e+00   1.6293492e+00   1.1160563e+00   6.5169680e-01   3.3670379e-01   2.0183025e-01   5.9929913e-02   1.8985933e-01  -2.4924233e-02  -1.3728918e-01  -4.1367705e-01  -7.8234298e-01  -6.6578847e-01  -4.3174238e-01
   3.4394359e+00   2.9402358e+00   1.6297429e+00   8.5687605e-01   8.1933996e-01   6.3796248e-01   4.5557039e-01   3.0954757e-01   3.3124849e-01  -5.9112816e-03   3.0659069e-01   2.1245535e-02  -2.9874321e-01  -4.2059903e-01  -2.2722209e-01  -1.6149473e-01
   3.7607179e+00   2.3209248e+00   1.1194917e+00   8.1505677e-01   9.5372056e-01   6.6143606e-01   2.2972573e-01   3.4304964e-01   4.4199516e-01   6.6199191e-02   4.7390262e-02  -1.5815928e-01  -4.6499738e-01  -7.1540025e-01  -5.8623961e-01  -5.6239599e-01
   3.1550686e+00   2.0477544e+00   1.1145921e+00   1.2437771e+00   5.5550907e-01   6.3595146e-01   7.6805072e-02  -1.5540612e-01  -7.8105468e-02  -4.6070561e-01   5.4218880e-02  -6.6256230e-02  -2.2352190e-01  -4.7731796e-01  -4.3575790e-01  -4.9647074e-01
   2.6462659e+00   2.1627692e+00   1.3020965e+00   5.8926228e-01   5.0216486e-01   8.6866704e-01   6.0298225e-01   3.4784821e-01   7.2091080e-02  -2.5410567e-01  -4.4007394e-01  -2.1819582e-01  -2.7098403e-01  -6.6628849e-01  -7.0528809e-01  -3.9550933e-01
   2.9463665e+00   1.5300853e+00   1.5156348e+00   7.4957922e-01   2.2560936e-01   5.9363824e-01   6.1713236e-01   3.0263326e-01   7.5380816e-02   1.7098864e-01   2.7043840e-02   7.6869740e-02  -4.6097298e-01  -5.7679202e-01  -5.9569153e-01  -3.7218786e-01
   3.4144942e+00   1.2872412e+00   7.1745543e-01   6.1632841e-01   3.4815625e-01   5.1221591e-01   4.4151213e-01   6.4703227e-01   4.1184096e-01   8.3920328e-02   5.3136461e-02   1.9412764e-01  -3.0762886e-01  -6.4106766e-01  -5.0893651e-01  -6.4593936e-01
   3.4599620e+00   1.6026208e+00   8.4813442e-01   9.0379636e-01   1.5602882e-01  -9.6539121e-03   1.5946062e-01   2.8032557e-01   7.6831626e-02  -2.2198156e-01  -7.3803706e-03   5.6522615e-02  -1.3668854e-01  -2.7684114e-01  -4.3651356e-01  -5.5278109e-01
   3.3409653e+00   2.0380277e+00   1.1722272e+00   1.3904846e+00   7.5679423e-01   4.3720897e-01   6.3059189e-01   5.8294753e-01   2.0686821e-01   8.4077187e-02   8.6959449e-02   1.4991197e-01   8.2428641e-03   1.2299443e-02   3.0512505e-02   2.7042679e-02
   3.5385664e+00   2.0455670e+00   7.2358163e-01   1.1958420e+00   6.7860567e-01   5.2403418e-01   3.8155507e-01   4.3646444e-01   6.9106099e-03   1.7799824e-02  -1.4332363e-01  -1.1823888e-01  -1.5432489e-01  -4.5022241e-01  -5.2864060e-01  -4.4319752e-01
   3.3006756e+00   1.7492848e+00   1.1013656e+00   9.2609169e-01   1.0063426e+00   6.8153108e-01   2.5817947e-01   4.7911647e-01   3.6914035e-01   3.2612189e-01   7.8213192e-02   6.6719802e-02  -6.8946939e-02  -1.0629943e-01  -1.0508102e-01  -4.8755226e-02
   3.4818730e+00   2.4163563e+00   9.6139495e-01   1.0892518e+00   9.2577177e-01   3.2864579e-01  -4.2573334e-03   1.2597327e-01   2.2073768e-01  -3.5226434e-02   1.2675185e-01  -1.1753656e-01  -5.4945792e-01  -6.5998052e-01  -1.8014611e-01  -2.6016496e-01
   2.9840526e+00   2.1399943e+00   1.0514694e+00   1.2468553e+00   1.1995759e+00   6.3228440e-01   2.9590132e-01   2.5190732e-01   2.6960944e-01  -9.1516493e-02  -1.1734355e-02  -4.2695161e-02  -1.1518358e-01  -7.8539702e-02  -4.5075221e-02  -1.8135546e-01
