   2.3033887e+00   1.6770718e+00   9.4528730e-01   5.3090722e-01  -6.5824252e-02  -4.9308450e-01  -5.7200208e-01  -1.0918209e+00  -1.1233843e+00  -1.2119856e+00  -1.2180818e+00  -1.3506270e+00  -1.4773878e+00  -1.4954985e+00  -1.4738517e+00  -1.1751574e+00
   2.5095532e+00   1.7388382e+00   1.2431205e+00   4.5692276e-01   9.0324196e-02   1.1475797e-01  -6.1555069e-01  -9.3404787e-01  -1.1470894e+00  -1.0589691e+00  -1.2029646e+00  -1.3837877e+00  -1.6850027e+00  -1.6530982e+00  -1.5038210e+00  -1.4130183e+00
   2.7349619e+00   1.4209863e+00   7.0977133e-01   4.3128411e-01  -3.2752200e-01   1.1697114e-01  -6.8696744e-01  -1.2402576e+00  -1.3768489e+00  -1.0211088e+00  -1.6873887e+00  -1.5828489e+00  -1.6943395e+00  -2.0182560e+00  -1.6085016e+00  -1.6133855e+00
   2.3259766e+00   1.9745186e+00   1.2140470e+00   7.4817448e-01  -2.4846875e-01  -2.6795658e-01  -6.4452105e-01  -1.1293619e+00  -1.1725052e+00  -1.1806666e+00  -1.3883571e+00  -1.7161216e+00  -1.7351148e+00  -1.7773975e+00  -1.5178048e+00  -1.4764159e+00
   2.6010851e+00   1.4035883e+00   1.2301694e+00   9.2925900e-01   9.4581990e-02   1.6606368e-02  -6.0037951e-01  -1.0199487e+00  -9.0716832e-01  -1.1088636e+00  -1.2015258e+00  -1.4017477e+00  -1.6397358e+00  -1.5426062e+00  -1.4866369e+00  -1.4515038e+00
   2.5127711e+00   9.9817055e-01   8.9476774e-01   2.7568816e-01  -2.1825213e-01   3.1708184e-01  -4.8689877e-01  -7.5707776e-01  -8.7647701e-01  -1.3759864e+00  -1.2913774e+00  -1.7574330e+00  -1.9836742e+00  -1.9895207e+00  -1.7864951e+00  -1.5560046e+00
   2.6232832e+00   1.5983549e+00   6.9684781e-01   6.0289255e-01   2.4350219e-01  -1.6302654e-01  -7.6373195e-01  -1.3626406e+00  -1.2034250e+00  -1.2022319e+00  -1.7457938e+00  -1.7493236e+00  -1.9213498e+00  -1.7332432e+00  -1.8619137e+00  -1.7030571e+00
   2.4357268e+00   2.3482515e+00   1.4130780e+00   8.8970328e-01   3.3193065e-01  -4.1980068e-02  -8.3792673e-01  -8.3178071e-01  -1.0482824e+00  -1.1947448e+00  -1.5690727e+00  -1.5729379e+00  -1.5073581e+00  -1.7047427e+00  -1.4242139e+00  -1.7304342e+00
   2.1770971e+00   1.6198225e+00   1.4452985e+00   1.0185899e+00   5.2413862e-01  -8.0416523e-02  -7.3741173e-01  -1.0065744e+00  -1.0236624e+00  -9.1863642e-01  -1.2334647e+00  -1.3837600e+00  -1.6636086e+00  -1.6640143e+00  -1.6165207e+00  -1.5807493e+00
   2.6887258e+00   2.1442150e+00   1.2420989e+00   8.6537622e-01   3.9793131e-01   8.8242903e-02  -5.6366497e-01  -9.6595999e-01  -9.3289826e-01  -8.5928537e-01  -1.1003139e+00  -1.1704078e+00  -1.5813942e+00  -1.6216610e+00  -1.6574850e+00  -1.6020189e+00
   1.8758549e+00   1.3890969e+00   1.1521892e+00   9.0411154e-01   3.8813618e-01  -6.9633746e-02  -7.7615840e-01  -1.0183439e+00  -1.3096450e+00  -1.4987288e+00  -1.3833973e+00  -1.4911698e+00  -1.8090177e+00  -1.8897516e+00  -1.8225886e+00  -1.6851209e+00
   1.8317421e+00   1.5716230e+00   1.4298071e+00   1.0319967e+00   1.8316867e-01  -2.6060428e-01  -6.0213276e-01  -8.2790686e-01  -1.2712206e+00  -1.3842568e+00  -1.3297681e+00  -1.3973137e+00  -1.6078765e+00  -1.6221559e+00  -1.5347432e+00  -1.3872002e+00
   2.6775498e+00   1.9781743e+00   9.7440839e-01   5.7089101e-01  -3.0386607e-01  -3.6488474e-01  -4.2576821e-01  -7.2362675e-01  -9.6918634e-01  -1.0854831e+00  -1.3024069e+00  -1.6325285e+00  -1.8475144e+00  -1.6999275e+00  -1.4398375e+00  -1.5912266e+00
   2.6709922e+00   1.6311492e+00   1.2383763e+00   6.4569680e-01  -3.9180709e-01  -3.3353867e-02  -9.1112163e-01  -9.1972482e-01  -1.3733315e+00  -1.2659044e+00  -1.3068424e+00  -1.3209418e+00  -1.6671901e+00  -1.7418248e+00  -1.6899447e+00  -1.6931228e+00
   2.6145174e+00   1.8328607e+00   1.0980389e+00   9.2913101e-01  -1.9107673e-01   9.2481764e-02  -4.7023045e-01  -7.4295792e-01  -8.9045464e-01  -1.0903924e+00  -9.9749278e-01  -1.1157639e+00  -1.2092941e+00  -1.2475967e+00  -1.2099962e+00  -1.1773119e+00
   2.5293523e+00   1.7162693e+00   9.2990684e-01   4.4218875e-01   5.3835354e-02  -1.5522218e-01  -3.8698043e-01  -6.8624202e-01  -9.1712221e-01  -1.0734578e+00  -1.2064929e+00  -1.4314453e+00  -1.3723515e+00  -1.5066771e+00  -1.4489316e+00  -1.3980361e+00
   2.4772053e+00   1.6889758e+00   5.5822364e-01   6.7555505e-01   2.0839268e-01   2.7308648e-01  -4.1658937e-01  -4.5738709e-01  -1.2915078e+00  -1.2322851e+00  -1.1558784e+00  -1.4586356e+00  -1.4701791e+00  -1.4395896e+00  -1.4456766e+00  -1.5615859e+00
   2.5120489e+00   1.8559522e+00   6.9310644e-01   4.5532363e-01   7.3708719e-02  -1.5863661e-02  -1.1214347e+00  -7.8826269e-01  -1.4185510e+00  -1.1624667e+00  -1.2590888e+00  -1.3408288e+00  -1.6741098e+00  -1.6063527e+00  -1.7086480e+00  -1.6667906e+00
   2.4459478e+00   1.5933887e+00   5.6459283e-01   9.2715273e-02  -2.5842429e-02  -3.5406791e-01  -5.5344087e-01  -9.4992062e-01  -1.3554542e+00  -1.2561157e+00  -1.4758304e+00  -1.4760048e+00  -1.5222315e+00  -1.5813670e+00  -1.6443293e+00  -1.3003523e+00
   2.6821686e+00   1.5926483e+00   7.3929362e-01  -8.0753030e-02  -3.4902718e-01  -2.7655765e-02  -6.4208993e-01  -8.5219682e-01  -1.1295275e+00  -1.3798950e+00  -1.3909751e+00  -1.7021237e+00  -1.8124948e+00  -1.6956912e+00  -1.4382647e+00  -1.6699831e+00
   2.4644603e+00   1.5465136e+00   1.4513830e+00   1.1561378e+00   3.3106760e-01  -5.2126309e-02  -5.2960605e-01  -9.9821693e-01  -9.8437800e-01  -1.1569910e+00  -1.4222118e+00  -1.3048113e+00  -1.3751624e+00  -1.5342106e+00  -1.4502292e+00  -1.3902474e+00
   2.6993649e+00   1.6167666e+00   1.3997875e+00   5.2466777e-01   1.7348921e-01   4.6359784e-02  -6.0758891e-01  -6.4283149e-01  -1.3813738e+00  -1.1715880e+00  -1.5273145e+00  -1.5580376e+00  -1.7227536e+00  -1.7847951e+00  -1.6785189e+00  -1.3756577e+00
   2.5238110e+00   2.2707918e+00   1.4203953e+00   6.2048335e-01   2.0458554e-01  -8.1130126e-02  -3.6767213e-01  -5.3401037e-01  -7.9585611e-01  -8.5435765e-01  -8.7634515e-01  -9.7295971e-01  -1.0630171e+00  -1.0329308e+00  -1.0429430e+00  -9.6098953e-01
   2.7959083e+00   2.2675551e+00   1.0172023e+00   7.6952802e-01   2.8835355e-01   4.8446010e-02  -5.0560732e-01  -8.5655940e-01  -7.6472622e-01  -1.0211705e+00  -1.2041130e+00  -1.0584280e+00  -1.4639252e+00  -1.4101686e+00  -1.4275734e+00  -1.3943648e+00
   2.2421169e+00   1.2415651e+00   1.2480748e+00   7.8305013e-01  -3.8515134e-02  -4.6107069e-01  -6.6957033e-01  -1.0352030e+00  -9.2608969e-01  -7.9317349e-01  -1.3663613e+00  -1.5281582e+00  -1.4184156e+00  -1.5394326e+00  -1.7479253e+00  -1.4242068e+00
   2.5708981e+00   1.6339042e+00   1.2251039e+00   7.6688857e-01   4.4355118e-02  -2.0171132e-01  -2.8225875e-01  -7.7822786e-01  -9.3426042e-01  -1.2298097e+00  -1.6312100e+00  -1.3597928e+00  -1.5556208e+00  -1.4208565e+00  -1.5808562e+00  -1.6464293e+00
   2.3026975e+00   1.8451292e+00   9.7236424e-01   8.0297028e-01   2.7864666e-01  -7.2604567e-03  -6.9303421e-01  -1.0252132e+00  -8.7768730e-01  -1.7327703e+00  -1.3743935e+00  -1.4733113e+00  -1.5101588e+00  -1.5980946e+00  -1.7595357e+00  -1.7230223e+00
   2.1532921e+00   1.2311071e+00   1.3375573e+00   7.6966144e-01   2.3335317e-01  -4.4435081e-01  -5.5800008e-01  -7.1160105e-01  -9.8694789e-01  -1.4606105e+00  -1.4167417e+00  -1.6006889e+00  -1.5654062e+00  -1.6164270e+00  -1.7599997e+00  -1.6257257e+00
   2.1870662e+00   1.4937770e+00   9.3031341e-01   6.3540313e-01   1.6347906e-01  -6.2992420e-01  -7.1706304e-01  -6.5538279e-01  -6.5845341e-01  -8.9191262e-01  -1.1847252e+00  -1.0470779e+00  -1.0544927e+00  -1.2311553e+00  -1.5033509e+00  -1.3939018e+00
   2.0172357e+00   1.4528511e+00   9.7875411e-01   6.4388037e-01   5.2785371e-01  -2.7812673e-01  -1.0375740e+00  -1.0519743e+00  -6.7334578e-01  -6.7862502e-01  -9.3919719e-01  -7.6268046e-01  -1.1491412e+00  -1.1939891e+00  -1.4105496e+00  -1.4753824e+00
   2.4923422e+00   1.5551499e+00   1.4249188e+00   7.5448360e-01   8.7506448e-01   2.7121222e-01  -2.0567415e-01  -2.1108677e-01   1.2770550e-01  -1.7760483e-01  -8.9463848e-01  -5.3649429e-01  -8.6971432e-01  -8.6453495e-01  -1.1585469e+00  -1.3900738e+00
   2.0399815e+00   1.3547285e+00   1.1201547e+00   6.2146514e-01   1.3814002e+00   7.0733000e-01  -7.7412029e-02   1.0961726e-01   7.4577400e-01   3.6046022e-01  -1.4484060e-01   3.5629332e-01  -2.6705955e-01  -1.8989849e-01  -8.0499258e-01  -1.6361355e+00
   2.4615473e+00   1.9869108e+00   9.8831675e-01   8.5750124e-01   1.3247780e+00   9.9649436e-01   6.2670105e-02  -7.5473414e-02   4.5254888e-01   2.0307724e-01  -2.8456134e-01   1.7427051e-01  -3.7402745e-01  -4.0346942e-01  -8.7381504e-01  -1.2972582e+00
   2.4879677e+00   1.6954156e+00   8.3408934e-01   8.5095681e-01   1.5596033e+00   1.1112598e+00  -2.9953692e-01   7.9330691e-03   6.9380666e-01   2.7137177e-02  -5.4435109e-01   2.4523579e-01  -2.6210015e-01  -4.2346524e-01  -9.3198597e-01  -1.1540837e+00
   3.0077499e+00   2.0838963e+00   1.3420930e+00   1.0717851e+00   1.2888759e+00   8.0653522e-01   5.5930345e-03   3.7349289e-01   9.0729831e-01   3.8067629e-01  -3.4383198e-01   1.5392510e-01  -4.4629838e-01  -4.0440176e-01  -9.3586972e-01  -1.2965610e+00
   3.1059474e+00   2.1824954e+00   1.2659677e+00   9.5338100e-01   1.5222069e+00   1.0503794e+00   4.1631463e-01   6.9807798e-01   1.1647335e+00   7.0378984e-01  -6.2115980e-02   4.5961478e-01  -1.4606768e-01  -1.6992536e-01  -6.8130053e-01  -9.2597919e-01
   2.4060191e+00   1.8719518e+00   1.4738937e+00   1.0451360e+00   1.4660970e+00   1.0711739e+00   4.0996157e-01   6.7949550e-01   1.3442801e+00   8.4905543e-01   1.9202785e-01   6.4397807e-01  -9.4411090e-02  -1.5670866e-01  -6.7797964e-01  -1.2411910e+00
   1.9915529e+00   1.6716629e+00   1.4405030e+00   9.9773623e-01   1.4334338e+00   1.3275636e+00   4.7516983e-01   5.9692335e-01   1.4327374e+00   8.0313787e-01   7.6512405e-02   6.2932609e-01  -1.5418832e-01  -9.4261015e-03  -4.4788540e-01  -9.5274458e-01
   2.5628786e+00   1.1112169e+00   1.1676759e+00   1.3737345e+00   1.3489447e+00   1.3460571e+00   5.4268652e-01   6.7262745e-01   1.4353575e+00   7.0585836e-01   1.2118040e-01   6.3147071e-01  -1.5723744e-01  -1.7767019e-01  -4.2068142e-01  -9.5624250e-01
   3.2105508e+00   2.2399992e+00   1.5011947e+00   1.1955116e+00   1.1479697e+00   1.1669464e+00   4.8076905e-01   6.3583491e-01   1.5427780e+00   5.8992023e-01   1.9406259e-01   6.6005443e-01  -1.8382447e-01  -1.5966699e-01  -6.7619589e-01  -1.3159320e+00
   2.8937902e+00   1.9946766e+00   1.0978350e+00   1.1838153e+00   1.2916800e+00   1.1274115e+00   4.0793892e-01   7.0304919e-01   1.6629508e+00   4.7372317e-01   9.7165151e-02   5.0052423e-01  -1.5035963e-01  -7.8697693e-02  -5.5883131e-01  -8.1399669e-01
   2.6387085e+00   2.3760499e+00   1.2157850e+00   1.2177730e+00   1.5221654e+00   1.2985763e+00   4.2087302e-01   7.7414801e-01   1.7122668e+00   3.5703604e-01   7.8755985e-02   4.8917781e-01  -2.0345313e-01  -9.7500051e-02  -6.7694775e-01  -8.6046865e-01
   2.8954776e+00   2.2398208e+00   1.6246747e+00   1.1057255e+00   1.4153806e+00   1.0477933e+00   1.6058899e-01   9.6863319e-01   1.6563515e+00   2.0708699e-01   1.5010655e-01   3.3998102e-01  -3.5732529e-01  -2.7245876e-01  -9.7272834e-01  -1.0211739e+00
   2.7860055e+00   2.2295254e+00   1.4600691e+00   1.0742056e+00   1.1775371e+00   1.0492192e+00   1.9393799e-01   1.0064214e+00   1.4760552e+00   2.2634786e-02   3.9838360e-02   2.5089090e-02  -7.1115554e-01  -4.2010187e-01  -1.0730457e+00  -1.1719493e+00
   2.8113972e+00   1.8059227e+00   1.1623606e+00   1.0471054e+00   1.2429655e+00   9.0628249e-01   2.0071774e-01   1.0783632e+00   1.1143936e+00  -3.4999761e-01  -1.8260867e-01  -3.6109012e-01  -1.0139587e+00  -5.9865998e-01  -1.0753143e+00  -1.2487913e+00
   2.2460344e+00   1.6407420e+00   1.0741784e+00   6.1119780e-01   7.5175988e-01   1.7583123e-01  -2.6421441e-01   8.5701863e-01   4.7436612e-01  -5.5503132e-01  -7.8097615e-02  -5.8423267e-01  -1.2936449e+00  -1.1675954e+00  -1.5602857e+00  -1.5760745e+00
   2.5900600e+00   1.8985585e+00   8.5391881e-01   6.3940191e-01  -2.1602630e-01   5.5342635e-02  -5.8802554e-01   1.0494006e-01  -6.6495889e-01  -6.6529973e-01  -6.3997183e-02  -9.1789122e-01  -1.5746739e+00  -1.6214448e+00  -1.7394226e+00  -1.7188284e+00
   2.7190432e+00   2.2430600e+00   1.3514254e+00   6.8301709e-01   7.7949278e-02   9.9065650e-02  -3.6356976e-01   3.6325907e-02  -3.8278405e-01  -6.0318852e-01  -1.2123578e-01  -8.3247152e-01  -1.5620828e+00  -1.5332576e+00  -1.7035550e+00  -1.8208580e+00
   2.7255386e+00   1.7651692e+00   1.0505763e+00   5.1571057e-01  -6.8046207e-01  -5.0087778e-01  -3.4149646e-01  -3.5551780e-01  -5.1942129e-01  -7.0356478e-01  -2.5017358e-01  -8.8086103e-01  -1.4744227e+00  -1.4533673e+00  -1.6656991e+00  -1.6278118e+00
   3.1372598e+00   1.0915494e+00   4.0197360e-01   4.6074216e-01   3.4802739e-01  -3.7239698e-01  -7.7702025e-01  -2.2138061e-01  -3.5244950e-01  -7.2325465e-01  -2.1040995e-01  -7.6794211e-01  -1.0861039e+00  -1.2222713e+00  -1.2252596e+00  -1.2807357e+00
   3.0529744e+00   1.8548650e+00   1.1935063e+00  -1.3455019e-01  -8.8851874e-02  -1.7782017e-01  -8.1495431e-01  -2.3372786e-01  -6.6235514e-01  -7.8779124e-01  -6.4699537e-02  -7.4951498e-01  -1.2356844e+00  -1.2093615e+00  -1.3102676e+00  -1.3326063e+00
   2.6665430e+00   1.9399002e+00   1.3733782e+00   6.4524499e-01   7.3300095e-02  -2.3563234e-01  -3.6778290e-01  -1.3581689e-01  -6.9976347e-01  -5.9008011e-01  -7.3021809e-02  -6.6623320e-01  -9.7781421e-01  -1.1126126e+00  -1.2022414e+00  -1.1520668e+00
   2.6550869e+00   2.1829043e+00   1.1581980e+00   9.4774276e-01   4.0479576e-01  -3.0275271e-01  -5.2105477e-01   1.3725191e-01  -4.6925523e-01  -9.0730104e-01  -3.1694472e-01  -1.2959515e+00  -1.2392541e+00  -1.4166644e+00  -1.7831666e+00  -1.4201200e+00
   2.0495874e+00   2.0871975e+00   1.1408837e+00   5.0611371e-01   3.1056422e-01  -6.8375864e-02  -5.7403909e-01  -5.1470394e-01  -5.1645619e-01  -9.0774199e-01  -4.0917275e-01  -7.1667980e-01  -1.1023518e+00  -1.1599420e+00  -1.2907837e+00  -1.1641030e+00
   1.7371771e+00   1.3770896e+00   1.0044088e+00   9.1201352e-01   3.1530669e-02  -1.5161336e-01  -5.5343368e-01  -2.1083399e-01  -6.2002934e-01  -1.0379723e+00  -8.1156688e-01  -1.0180973e+00  -1.0862175e+00  -1.2284010e+00  -1.1885157e+00  -1.1838648e+00
   2.9791504e+00   1.9554404e+00   7.7209935e-01   8.0002347e-01   3.5789087e-01  -1.0134089e-01  -5.8579806e-01  -4.7106718e-01  -6.2997870e-01  -1.3665939e+00  -1.4387886e+00  -1.6331617e+00  -1.5714740e+00  -1.8220649e+00  -1.6728253e+00  -1.8064876e+00
   2.7802112e+00   1.7509688e+00   6.3128753e-01   2.2201624e-01   5.8450130e-01   1.0078482e-01  -7.6292048e-01  -1.0289127e+00  -8.7532535e-01  -1.0675458e+00  -1.3185920e+00  -1.6916437e+00  -1.7326296e+00  -1.6902230e+00  -1.6843324e+00  -1.5896417e+00
   2.5380329e+00   2.2352028e+00   1.0910474e+00   5.0753141e-01   5.6335997e-01   1.3666959e-02  -9.3939142e-01  -1.0494077e+00  -1.2306468e+00  -1.2371736e+00  -1.3286970e+00  -1.5917249e+00  -1.5427490e+00  -1.5938153e+00  -1.5386108e+00  -1.6027524e+00
   2.6163979e+00   1.3456161e+00   8.6143912e-01   3.9642379e-01   2.6567553e-02  -5.3247493e-01  -8.0505038e-01  -9.9436561e-01  -1.2482997e+00  -1.3048896e+00  -1.3362215e+00  -1.6541075e+00  -1.6114835e+00  -1.7102789e+00  -1.4816170e+00  -1.6049415e+00
   2.5007631e+00   1.8182947e+00   8.1121686e-01   1.3466594e-01   7.0706471e-02  -4.7260924e-01  -8.5897580e-01  -7.8215322e-01  -9.8015273e-01  -1.0778542e+00  -1.1360480e+00  -1.0197543e+00  -1.0964895e+00  -1.1524971e+00  -1.1205791e+00  -1.0250113e+00
   2.7904255e+00   1.8675304e+00   1.1121897e+00   3.2407614e-01   3.5217711e-01  -2.1852039e-01  -4.0416829e-01  -7.7507348e-01  -8.9745603e-01  -1.3267508e+00  -1.2459863e+00  -1.2958567e+00  -1.5921024e+00  -1.7896156e+00  -1.7333878e+00  -1.6105520e+00
   2.7042625e+00   1.8784294e+00   1.2851009e+00   6.3583997e-01   2.3233152e-01   2.2023942e-02  -3.5482075e-01  -1.8198447e-01  -7.7558691e-01  -8.9362294e-01  -9.2120067e-01  -9.5675405e-01  -1.0217692e+00  -1.0772654e+00  -1.0142712e+00  -1.0092888e+00
   3.0658090e+00   1.9264082e+00   1.0671988e+00   9.4872059e-01   6.7307837e-01   1.2579037e-01  -1.1454695e+00  -1.2448241e+00  -1.2752487e+00  -1.2522759e+00  -1.4951855e+00  -1.4041446e+00  -1.6933437e+00  -1.6962761e+00  -1.3567181e+00  -1.3695439e+00
   2.6777979e+00   1.7062727e+00   7.9524845e-01   7.9956696e-01   2.6981470e-01   2.5357604e-02  -6.1888833e-01  -8.5155373e-01  -8.7550552e-01  -1.1900966e+00  -1.3426198e+00  -1.5877300e+00  -1.5569457e+00  -1.6999681e+00  -1.3263323e+00  -1.3228100e+00
   2.7964212e+00   2.2448176e+00   1.3985316e+00   1.2633337e+00  -3.0222197e-01  -3.6795370e-01  -6.7222227e-01  -1.0803070e+00  -1.0033729e+00  -1.2114467e+00  -1.5131501e+00  -1.4644252e+00  -1.6223858e+00  -1.4690417e+00  -1.5884426e+00  -1.5804846e+00
   2.3635786e+00   1.7820989e+00   1.5604168e+00   5.6844776e-01  -7.4384787e-02  -5.2010638e-01  -1.0251713e+00  -1.1267165e+00  -9.0810559e-01  -1.0049758e+00  -1.2696224e+00  -1.4443972e+00  -1.7441385e+00  -1.8370248e+00  -1.7992933e+00  -1.6224802e+00
   2.9575206e+00   1.7762787e+00   8.2601116e-01   7.4092994e-01  -1.4854971e-01  -9.0026993e-02  -4.8951045e-01  -7.9987438e-01  -8.6414730e-01  -1.1893128e+00  -1.4954914e+00  -1.4217390e+00  -1.6446560e+00  -1.5453218e+00  -1.6261300e+00  -1.6027085e+00
   2.7016531e+00   1.4757288e+00   4.7643119e-01   8.4080253e-01  -2.2734584e-02   1.3042100e-01  -5.5536029e-01  -8.2089180e-01  -7.9235961e-01  -8.1871940e-01  -1.0678608e+00  -1.1126832e+00  -1.2734280e+00  -1.2010691e+00  -1.1799616e+00  -1.1829542e+00
   2.5863789e+00   1.3797519e+00   8.9408335e-01   8.3205089e-01   6.3062520e-02  -5.7227595e-01  -7.7832544e-01  -9.7097135e-01  -7.0562540e-01  -1.1079325e+00  -1.3062881e+00  -1.3868773e+00  -1.3788474e+00  -1.2248502e+00  -1.2908266e+00  -1.3821980e+00
   2.5519205e+00   1.1503503e+00   5.3928746e-01   8.2749199e-01  -1.2882481e-01   1.3129806e-02  -7.5338712e-01  -9.6568402e-01  -1.0503414e+00  -1.1765587e+00  -1.7124385e+00  -1.6908528e+00  -1.6084691e+00  -1.6557024e+00  -1.5790631e+00  -1.6685499e+00
   2.3230291e+00   1.5058002e+00   8.1812211e-01   6.0918295e-01  -5.5569900e-02   6.1140060e-01  -3.7682033e-01  -7.9631749e-01  -1.0429336e+00  -1.1712258e+00  -1.4140254e+00  -1.6813261e+00  -1.7258658e+00  -1.8820663e+00  -1.8868158e+00  -1.8605427e+00
   3.1673052e+00   1.7138810e+00   1.0905113e+00   2.5316595e-01  -1.3026771e-01   1.3814019e-01  -4.6441953e-01  -7.6598287e-01  -1.0938450e+00  -9.4380357e-01  -1.3856475e+00  -1.4365745e+00  -1.4627245e+00  -1.4134203e+00  -1.5425318e+00  -1.4551455e+00
   2.8139261e+00   1.7965766e+00   9.2705543e-01   7.7826460e-01   4.5456576e-01  -8.4687417e-02  -7.2960413e-01  -5.4227367e-01  -7.2596807e-01  -9.4779486e-01  -9.0271748e-01  -8.8229394e-01  -1.0458265e+00  -1.0833507e+00  -9.8638469e-01  -9.9688262e-01
   3.1076337e+00   1.8921331e+00   1.1737203e+00   7.7922165e-01   1.9602231e-01   1.6592163e-01  -6.0780475e-01  -8.9885500e-01  -9.3652030e-01  -1.2599342e+00  -1.0793322e+00  -1.4512095e+00  -1.4568221e+00  -1.8938696e+00  -1.6578857e+00  -1.6380462e+00
   2.8932862e+00   1.9833513e+00   1.2598359e+00   6.3601198e-01   3.5650918e-01  -1.9051142e-01  -1.1945798e+00  -1.3901688e+00  -1.1200204e+00  -1.2060592e+00  -1.3743073e+00  -1.6831441e+00  -1.6540733e+00  -1.8961324e+00  -1.8474309e+00  -1.5616872e+00
   2.5986037e+00   1.9061521e+00   9.6499561e-01   8.9522031e-01   9.1434176e-02  -4.2925174e-01  -1.0105277e+00  -9.9279100e-01  -1.0689817e+00  -1.2560926e+00  -1.2357745e+00  -1.4704597e+00  -1.5783304e+00  -1.5506320e+00  -1.5573951e+00  -1.6292222e+00
   2.8012733e+00   1.7717880e+00   7.3903472e-01   1.0054915e+00   4.3053305e-01   1.0528499e-01  -3.7698410e-01  -7.4185345e-01  -1.0994942e+00  -1.3764029e+00  -1.6828072e+00  -1.5180192e+00  -1.7422802e+00  -1.9573964e+00  -1.9253823e+00  -1.5805948e+00
   2.4169376e+00   1.5072205e+00   7.6528743e-01   4.8130499e-01  -5.9239672e-01  -9.8779759e-02  -1.1051442e+00  -1.1597793e+00  -1.1333591e+00  -1.5989944e+00  -1.7690975e+00  -1.5160043e+00  -1.6495991e+00  -1.7433615e+00  -1.9856478e+00  -1.5889887e+00
