   3.0212846e+00   2.3815508e+00   2.2443817e+00   2.2322611e+00   2.3213225e+00   2.6120526e+00   2.3363570e+00   2.0745565e+00   1.8409373e+00   1.8279644e+00   2.0406241e+00   1.8276631e+00   1.4081233e+00   1.3919953e+00   1.2512045e+00   1.0776717e+00
   3.3026894e+00   3.2769230e+00   2.3092273e+00   2.0320624e+00   2.1135427e+00   2.4051666e+00   1.8548466e+00   1.7880250e+00   1.9032482e+00   2.0912004e+00   1.9222399e+00   1.8414217e+00   1.5455731e+00   1.4890669e+00   1.4458931e+00   1.2117218e+00
   3.1542096e+00   2.7987761e+00   2.1368818e+00   1.8234149e+00   1.8099538e+00   2.3694742e+00   1.9890593e+00   1.8100391e+00   1.6105482e+00   1.7802062e+00   2.0431409e+00   1.9479070e+00   1.2891870e+00   1.2899207e+00   1.2220333e+00   1.0366584e+00
   2.8409901e+00   2.8509721e+00   1.9671926e+00   2.0180301e+00   2.0986313e+00   2.3613018e+00   1.8215320e+00   1.9616397e+00   1.7330784e+00   1.7939885e+00   1.8718120e+00   1.8251217e+00   1.4182954e+00   1.3986613e+00   1.1309243e+00   9.7039373e-01
   3.4917825e+00   3.1616220e+00   2.4554573e+00   2.2462310e+00   1.7482301e+00   1.6805658e+00   1.5965952e+00   1.7575806e+00   1.7869293e+00   1.6732959e+00   2.0159408e+00   1.3708996e+00   1.2113051e+00   1.2552532e+00   1.6506621e+00   1.3737997e+00
   2.5517692e+00   2.1689215e+00   1.9649962e+00   2.3199847e+00   2.4148637e+00   1.9273826e+00   1.7977177e+00   2.0522257e+00   1.8110755e+00   1.5424836e+00   1.9777514e+00   1.6973932e+00   1.5750881e+00   1.5372211e+00   1.2166285e+00   1.2071915e+00
   2.7015473e+00   2.8819240e+00   2.1695031e+00   2.5035696e+00   1.8252666e+00   1.8715335e+00   1.4579415e+00   1.7134499e+00   1.8250345e+00   1.6486135e+00   2.4246104e+00   2.0308608e+00   1.4165299e+00   1.4132386e+00   1.5481516e+00   1.2711112e+00
   2.5635693e+00   2.4498600e+00   1.5147345e+00   2.2022041e+00   2.2373915e+00   2.2453834e+00   2.4257994e+00   1.9229914e+00   1.9519058e+00   1.8311027e+00   1.9753371e+00   1.6660625e+00   1.2262315e+00   1.6546566e+00   1.6108941e+00   1.2023280e+00
   2.5214601e+00   2.8153883e+00   1.8447857e+00   1.6172365e+00   1.5935871e+00   2.3367484e+00   2.1059226e+00   1.8097249e+00   1.6175912e+00   1.9042991e+00   2.2948053e+00   1.8021526e+00   1.2044399e+00   1.4537623e+00   1.4321333e+00   8.7342130e-01
   3.2673429e+00   2.2917054e+00   2.1280188e+00   1.7322549e+00   1.7206397e+00   2.1113553e+00   1.9472089e+00   2.1846763e+00   2.0069890e+00   2.1288817e+00   1.8060246e+00   1.4851340e+00   1.5466530e+00   1.2646022e+00   1.2119366e+00   9.9094071e-01
   2.7724160e+00   2.3944450e+00   1.9481030e+00   2.1605006e+00   2.0869261e+00   2.1683050e+00   2.2575585e+00   2.4035111e+00   1.9731687e+00   1.6995861e+00   2.1200364e+00   1.9852840e+00   1.6074157e+00   1.2485474e+00   1.3632275e+00   1.1831493e+00
   2.0006041e+00   2.3634259e+00   1.9451691e+00   2.2466148e+00   1.8820416e+00   2.3915339e+00   2.4516525e+00   1.8486385e+00   1.2570567e+00   1.6511641e+00   1.8019217e+00   1.5773883e+00   1.3226144e+00   1.4928353e+00   1.3778286e+00   1.1834565e+00
   2.8342474e+00   2.5676941e+00   2.2355672e+00   2.4370415e+00   2.0867349e+00   1.8992625e+00   1.6017247e+00   1.4574360e+00   1.8577897e+00   1.7161637e+00   1.8871938e+00   1.8578009e+00   1.3348062e+00   1.3427678e+00   1.4801795e+00   1.2689826e+00
   2.8900207e+00   3.1190494e+00   2.8796072e+00   1.4007888e+00   1.8535641e+00   2.1239828e+00   1.5701157e+00   2.1568028e+00   1.9779781e+00   1.8837386e+00   1.8523578e+00   1.7473699e+00   1.3581330e+00   1.1531071e+00   1.3389777e+00   1.1476313e+00
   2.7635871e+00   1.8595108e+00   1.8798730e+00   1.7867585e+00   1.7610608e+00   1.6010777e+00   1.3125288e+00   1.8753315e+00   1.8767924e+00   1.7759227e+00   1.6028124e+00   1.6311645e+00   1.4066946e+00   1.2382140e+00   1.1152058e+00   9.4098202e-01
   3.3125228e+00   2.7618967e+00   2.4208681e+00   1.6714218e+00   1.9560730e+00   2.2375676e+00   1.4748947e+00   2.2164605e+00   2.0364180e+00   1.7894563e+00   1.7625963e+00   1.8587062e+00   1.6536386e+00   1.2917806e+00   1.2382515e+00   1.1702404e+00
   3.7467525e+00   3.0757485e+00   2.1160003e+00   2.0554501e+00   1.6601846e+00   2.4990052e+00   1.8227018e+00   1.6681069e+00   2.0218306e+00   2.0904431e+00   1.8825803e+00   1.8068158e+00   1.3124375e+00   1.3936295e+00   1.3132919e+00   1.0962497e+00
   2.6360376e+00   2.4879419e+00   1.9116138e+00   1.7466058e+00   1.8978212e+00   1.9919127e+00   2.1461624e+00   1.9095425e+00   1.8543038e+00   1.9677455e+00   1.9804472e+00   1.7946985e+00   1.5673038e+00   1.5495429e+00   1.2288466e+00   1.0062732e+00
   2.9501068e+00   2.7862395e+00   2.2827049e+00   2.1454322e+00   2.0492609e+00   1.7994817e+00   2.1709021e+00   1.7617163e+00   1.5641190e+00   2.1206051e+00   2.0937214e+00   2.1469007e+00   1.4901355e+00   1.2476159e+00   1.3304393e+00   1.1821504e+00
   2.4783552e+00   2.3668816e+00   2.6179923e+00   2.5721631e+00   1.7324226e+00   1.5484198e+00   1.7652305e+00   1.4311510e+00   1.5285926e+00   1.8461910e+00   2.0603134e+00   1.9919205e+00   1.5291144e+00   1.1299731e+00   1.5508625e+00   1.3611852e+00
   3.5626461e+00   2.4419655e+00   1.6559700e+00   2.3798660e+00   1.5203932e+00   1.3943991e+00   1.7947416e+00   1.9230228e+00   2.0742088e+00   2.2060338e+00   1.7338430e+00   1.7343995e+00   1.9430174e+00   1.5759565e+00   1.2238374e+00   1.2622206e+00
   3.6526453e+00   2.3676717e+00   2.2482143e+00   2.0792812e+00   1.8786665e+00   2.5263263e+00   1.9319526e+00   1.7004622e+00   1.6214046e+00   1.9010889e+00   2.5847403e+00   2.4802782e+00   3.0001380e+00   2.3694818e+00   1.4972864e+00   1.2295433e+00
   3.1989393e+00   2.7709575e+00   2.5654524e+00   1.8849528e+00   2.0692206e+00   2.2724973e+00   2.1579841e+00   1.9814646e+00   1.7083411e+00   2.2543723e+00   3.2096221e+00   2.8844971e+00   3.3795807e+00   2.5528223e+00   1.5555875e+00   1.3350026e+00
   3.7277859e+00   2.9594120e+00   2.3194927e+00   2.5435374e+00   2.3809309e+00   1.9418088e+00   1.8640333e+00   1.9769590e+00   1.9256865e+00   2.0238240e+00   2.9382908e+00   2.9200439e+00   3.5141625e+00   2.7529693e+00   1.5527704e+00   1.2399839e+00
   2.7416668e+00   2.9228740e+00   2.7055302e+00   2.5617256e+00   2.1183484e+00   2.1007992e+00   1.7450797e+00   1.9954606e+00   1.5425019e+00   1.7231958e+00   3.1053233e+00   2.9554069e+00   3.7878423e+00   3.0106560e+00   1.8203679e+00   1.8825491e+00
   2.3029562e+00   2.9446056e+00   2.9194534e+00   2.7531217e+00   1.8739521e+00   2.2261986e+00   1.9470707e+00   2.0140364e+00   1.9516923e+00   2.1636693e+00   3.4692907e+00   3.2056140e+00   3.8188392e+00   3.2718897e+00   1.8675757e+00   1.9167655e+00
   3.1359629e+00   2.6862423e+00   2.9013829e+00   3.1652677e+00   2.1221296e+00   2.2766472e+00   2.0190917e+00   2.0013237e+00   2.0184271e+00   2.0679191e+00   3.6577029e+00   3.5682333e+00   4.0113046e+00   3.3684564e+00   1.7441113e+00   1.8719886e+00
   2.9673019e+00   2.4656858e+00   2.7745861e+00   2.9865155e+00   1.8792569e+00   2.3225354e+00   2.1317349e+00   1.8449158e+00   1.6563924e+00   2.3039145e+00   3.6963224e+00   3.5267125e+00   4.0090486e+00   3.3683320e+00   1.9654705e+00   2.0455287e+00
   3.1296100e+00   2.8279445e+00   2.1989607e+00   2.4785664e+00   1.6055278e+00   1.7624894e+00   1.6600380e+00   1.7577219e+00   2.0635123e+00   2.3236882e+00   3.5089701e+00   3.5586966e+00   4.2258743e+00   3.5380478e+00   2.0919634e+00   2.1572820e+00
   3.1335337e+00   3.2888655e+00   2.7865398e+00   2.8729754e+00   1.7868464e+00   2.0888808e+00   2.1588161e+00   1.9935551e+00   1.8223300e+00   2.1255465e+00   3.3332501e+00   3.4545765e+00   4.2835236e+00   3.6153796e+00   2.0928349e+00   2.3318952e+00
   2.8947979e+00   3.1658678e+00   2.1500785e+00   2.7788664e+00   2.1252159e+00   2.0465447e+00   1.9077916e+00   2.1755827e+00   2.1859268e+00   2.0640414e+00   3.6019424e+00   3.8482806e+00   4.3905818e+00   3.6348548e+00   2.2600216e+00   2.2746443e+00
   2.5902997e+00   2.7400601e+00   2.4734217e+00   2.6069545e+00   2.2933162e+00   1.9388832e+00   1.4409913e+00   1.9899992e+00   2.1707285e+00   2.2821962e+00   3.9355018e+00   3.9639068e+00   4.3609941e+00   3.5887214e+00   2.1028100e+00   2.1329081e+00
   2.7999481e+00   2.9258061e+00   2.4015872e+00   2.8753577e+00   2.0578672e+00   2.3377181e+00   1.3951836e+00   1.8871215e+00   1.8674800e+00   2.4690357e+00   3.9256854e+00   3.9464176e+00   4.2821164e+00   3.6034210e+00   2.3293654e+00   2.2209479e+00
   2.3194671e+00   2.7605798e+00   2.5095351e+00   2.7659919e+00   1.9314034e+00   2.3198443e+00   2.0612893e+00   2.4612106e+00   2.2694096e+00   2.5450291e+00   3.9743652e+00   3.9071708e+00   4.3835075e+00   3.6193918e+00   2.2164097e+00   2.2622195e+00
   3.0878557e+00   3.3710430e+00   2.8939049e+00   2.8826107e+00   1.9535004e+00   2.2421569e+00   1.7776461e+00   2.1342254e+00   2.2244213e+00   2.4445209e+00   3.6629077e+00   3.7642829e+00   4.3104849e+00   3.7383768e+00   2.1944778e+00   2.2453547e+00
   3.2637062e+00   3.2460380e+00   2.9784046e+00   3.0533070e+00   2.1708107e+00   2.2847938e+00   1.9603351e+00   2.0420661e+00   2.2163677e+00   2.5170413e+00   3.5483606e+00   4.1101985e+00   4.6088415e+00   3.8006067e+00   2.2037889e+00   2.2917243e+00
   2.4377931e+00   3.1271336e+00   2.4634554e+00   2.5977736e+00   2.4227034e+00   2.0608776e+00   1.7390322e+00   2.1034477e+00   2.1009476e+00   2.3246165e+00   3.7227974e+00   4.1139318e+00   4.5590301e+00   3.6948325e+00   2.3271590e+00   2.3076502e+00
   2.9451423e+00   2.9615688e+00   2.9167059e+00   2.1401848e+00   2.6257391e+00   1.9077204e+00   1.8131617e+00   1.6251430e+00   1.7569213e+00   2.2505466e+00   3.5954034e+00   3.9772876e+00   4.5505225e+00   3.6640507e+00   2.3616749e+00   2.1884652e+00
   2.8995766e+00   3.1568949e+00   2.5965493e+00   2.3555159e+00   2.4246231e+00   2.2469297e+00   2.3977012e+00   1.9472992e+00   1.7820191e+00   2.2414542e+00   3.3863677e+00   3.8146111e+00   4.1974302e+00   3.4569329e+00   2.2208201e+00   1.8507724e+00
   3.7529143e+00   3.6329173e+00   2.2797210e+00   1.8818577e+00   1.7053394e+00   1.9682854e+00   1.9925652e+00   1.9233032e+00   1.9175229e+00   2.0556470e+00   3.4715452e+00   3.8853888e+00   4.2134372e+00   3.4966242e+00   2.0888131e+00   1.8017862e+00
   3.2822609e+00   2.7964668e+00   2.5193791e+00   2.2146410e+00   2.1043495e+00   2.5057521e+00   2.2650290e+00   2.2057274e+00   2.2335976e+00   2.4141189e+00   3.2935988e+00   3.6838248e+00   3.9365260e+00   3.4452255e+00   2.3072692e+00   1.9476535e+00
   2.9455138e+00   3.0428709e+00   2.9263799e+00   2.5258219e+00   2.6358557e+00   2.5561172e+00   2.4525436e+00   2.3613673e+00   2.0366687e+00   2.1636350e+00   3.0904803e+00   3.5291726e+00   3.7215246e+00   3.3868824e+00   2.1064651e+00   1.7069165e+00
   3.2517508e+00   3.1987047e+00   2.7621655e+00   2.3706173e+00   2.2239952e+00   2.0910301e+00   1.9773922e+00   2.2498984e+00   2.0421188e+00   2.0691622e+00   2.9997850e+00   3.3770359e+00   3.0145732e+00   2.7966252e+00   1.7487456e+00   1.2260543e+00
   2.8886510e+00   3.1854561e+00   2.9556380e+00   2.7271949e+00   2.2101259e+00   1.9412829e+00   2.0085421e+00   2.1471527e+00   2.0018470e+00   2.3336759e+00   2.7513587e+00   2.7676975e+00   2.1686710e+00   2.1321893e+00   1.7467903e+00   1.3246888e+00
   2.9769486e+00   3.2929605e+00   2.6513975e+00   2.4162838e+00   2.0870481e+00   2.0824236e+00   1.5238148e+00   1.6049491e+00   1.7644678e+00   2.1922544e+00   2.3062155e+00   2.3774778e+00   1.9265742e+00   1.5969396e+00   1.8344691e+00   1.4698479e+00
   3.5614378e+00   3.6179261e+00   2.4511370e+00   2.3324167e+00   1.8357156e+00   2.3559683e+00   2.2077248e+00   2.0046410e+00   1.9337414e+00   1.9807071e+00   2.1898807e+00   2.4905726e+00   1.8017628e+00   1.8596534e+00   1.8725151e+00   1.6550614e+00
   3.7994505e+00   3.5538665e+00   2.5186409e+00   2.1192688e+00   1.7331584e+00   2.3948100e+00   2.0437055e+00   2.1372888e+00   1.9037209e+00   2.1666269e+00   2.3823662e+00   2.2003094e+00   1.8246431e+00   1.7864613e+00   1.7207293e+00   1.6244155e+00
   3.2463221e+00   2.9111325e+00   2.5071415e+00   2.2756608e+00   2.3511907e+00   2.3225534e+00   2.0480640e+00   1.7923910e+00   1.9564834e+00   2.2404573e+00   2.3495547e+00   1.8747839e+00   1.5889600e+00   1.4096727e+00   1.3580800e+00   1.4831274e+00
   2.6935073e+00   2.2189744e+00   2.3186789e+00   2.2644687e+00   1.9672081e+00   2.0674389e+00   2.1822736e+00   1.9811937e+00   1.8808764e+00   2.1603588e+00   2.2307881e+00   2.0658409e+00   1.6296977e+00   1.5677731e+00   1.5115467e+00   1.5384815e+00
   3.3462327e+00   2.7220206e+00   2.4906815e+00   2.0126837e+00   2.2632754e+00   2.2088763e+00   2.1747980e+00   1.9280120e+00   2.1178797e+00   1.6826912e+00   2.2978153e+00   2.3428993e+00   1.8545233e+00   1.5517395e+00   1.6355736e+00   1.5420676e+00
   2.9119295e+00   3.0975712e+00   2.1259572e+00   1.6814291e+00   1.9113684e+00   2.1361456e+00   1.5137846e+00   1.4951958e+00   1.9831335e+00   1.9752728e+00   1.9002246e+00   2.1086432e+00   1.7812518e+00   1.4158187e+00   1.7541907e+00   1.6974822e+00
   2.7894888e+00   3.0780333e+00   2.1726933e+00   2.1010795e+00   2.1659755e+00   2.3852062e+00   1.9551318e+00   2.2267804e+00   1.9572972e+00   1.9047839e+00   2.4889645e+00   2.2630349e+00   1.8371372e+00   1.5927053e+00   1.5410761e+00   1.2996571e+00
   3.2950154e+00   2.8123283e+00   2.1387893e+00   2.2049421e+00   1.9342307e+00   2.2135240e+00   2.1452028e+00   2.1052905e+00   2.1621196e+00   2.0680144e+00   1.9759731e+00   2.0474809e+00   1.6003111e+00   1.5326521e+00   1.5001912e+00   1.4206391e+00
   3.4417365e+00   2.5197969e+00   1.9634619e+00   2.3929295e+00   2.2263164e+00   2.3163589e+00   2.1141765e+00   2.0856170e+00   2.0892344e+00   1.8429740e+00   1.7862830e+00   2.0049911e+00   1.5390825e+00   1.5276885e+00   1.5360847e+00   1.4118449e+00
   3.2113154e+00   3.1150927e+00   1.8821854e+00   1.9205700e+00   2.3877399e+00   2.1146540e+00   1.6105260e+00   2.2077336e+00   1.7948737e+00   1.9330502e+00   2.2323296e+00   2.0245894e+00   1.4692823e+00   1.7806153e+00   1.7405361e+00   1.5686238e+00
   3.6441820e+00   3.5713584e+00   3.5710832e+00   3.6694617e+00   3.2297089e+00   2.2813996e+00   2.1205006e+00   2.0163320e+00   2.1187217e+00   1.9316310e+00   2.0914337e+00   2.3645956e+00   1.5032808e+00   1.7493238e+00   1.4935961e+00   1.3915487e+00
   3.1922795e+00   3.4337015e+00   3.3944454e+00   3.1944303e+00   2.5560318e+00   2.4465709e+00   2.2339449e+00   2.2389217e+00   2.1075635e+00   1.9030273e+00   2.1966635e+00   2.1134685e+00   1.7112197e+00   1.7577884e+00   1.5807219e+00   1.4958041e+00
   3.7260831e+00   3.1440309e+00   2.8122875e+00   2.3777571e+00   2.1221943e+00   2.2764909e+00   1.9760179e+00   2.0455440e+00   2.1143063e+00   2.0101824e+00   2.4070357e+00   2.5148278e+00   1.9911606e+00   1.7567276e+00   1.6107939e+00   1.4962406e+00
   3.3014738e+00   2.6773972e+00   2.0516206e+00   2.0863021e+00   1.6039388e+00   2.0170580e+00   2.1070698e+00   2.0930488e+00   1.7710898e+00   2.3355742e+00   2.2781746e+00   2.4667065e+00   1.8863505e+00   1.7749073e+00   1.5879578e+00   1.3272360e+00
   3.3840955e+00   2.6830797e+00   2.1921667e+00   1.7286381e+00   1.6374002e+00   2.3126674e+00   1.9509002e+00   1.8848540e+00   1.6765173e+00   1.9539041e+00   2.0463014e+00   1.9388400e+00   1.3967972e+00   1.4448914e+00   1.4060923e+00   1.1656036e+00
   2.9837231e+00   2.7540857e+00   2.0290001e+00   2.2540832e+00   1.8409844e+00   2.6869567e+00   2.1046887e+00   2.2371005e+00   2.1167097e+00   2.0301080e+00   2.4335834e+00   2.2513852e+00   1.5785789e+00   1.3625052e+00   1.3414742e+00   1.0823691e+00
   3.0142682e+00   3.2169906e+00   2.4643643e+00   1.7961763e+00   1.5242601e+00   2.1665580e+00   1.8283858e+00   1.9927503e+00   2.1880983e+00   1.9019358e+00   2.5442423e+00   2.2733249e+00   1.5863261e+00   1.3463810e+00   1.4629550e+00   1.4663371e+00
   2.8594568e+00   2.9595955e+00   2.0150876e+00   1.6549959e+00   1.9380283e+00   1.8968342e+00   1.8505756e+00   1.8078807e+00   1.6935601e+00   2.1811180e+00   2.4406359e+00   2.0242773e+00   1.3822575e+00   1.1579740e+00   1.3524682e+00   1.4541641e+00
   2.8066670e+00   2.8760425e+00   2.3242145e+00   1.9742659e+00   1.9184164e+00   2.4353889e+00   1.9646085e+00   1.4036110e+00   1.6558561e+00   1.9230470e+00   2.0193487e+00   1.6630951e+00   1.2742462e+00   1.5727707e+00   1.4583805e+00   1.1914953e+00
   2.6538373e+00   2.3739282e+00   2.2621707e+00   1.8392911e+00   1.9626520e+00   2.2153508e+00   1.9546242e+00   1.8784853e+00   1.6504559e+00   1.9164956e+00   1.7351841e+00   1.5450534e+00   1.3711332e+00   1.2048920e+00   1.5782024e+00   1.2444571e+00
   2.9543792e+00   2.3632851e+00   2.4514180e+00   2.0703748e+00   2.1722057e+00   1.9289181e+00   1.7732429e+00   1.9057719e+00   1.8559011e+00   2.1557586e+00   1.9569476e+00   1.4602524e+00   1.2558068e+00   1.6252129e+00   1.5942361e+00   1.4295655e+00
   3.1628761e+00   2.7117145e+00   2.0763781e+00   2.5118368e+00   2.3567008e+00   2.2236356e+00   1.4753053e+00   1.9591846e+00   1.9780727e+00   2.0020110e+00   2.2016104e+00   2.3049489e+00   1.7787634e+00   1.6881112e+00   1.5917504e+00   1.2126828e+00
   3.2576439e+00   2.3516197e+00   2.3724676e+00   2.2870953e+00   2.1387735e+00   2.2605207e+00   1.6740050e+00   1.8393068e+00   1.9022594e+00   1.7088235e+00   2.1998335e+00   1.8515164e+00   1.4815498e+00   1.3539719e+00   1.2989955e+00   1.1830958e+00
   3.2436556e+00   3.1924726e+00   2.6274769e+00   2.1036856e+00   2.2618864e+00   2.3168105e+00   2.0761896e+00   1.9209022e+00   1.9000927e+00   1.7085762e+00   2.1919315e+00   2.2218174e+00   1.8545501e+00   1.7415688e+00   1.6782121e+00   1.5669870e+00
   2.9290497e+00   2.9718666e+00   2.3677878e+00   2.1119006e+00   1.5637312e+00   2.2837584e+00   2.0040094e+00   1.9296455e+00   1.7803695e+00   1.6681959e+00   2.1197676e+00   1.9123997e+00   1.3759962e+00   1.0667308e+00   1.3154476e+00   1.1531742e+00
   2.4165756e+00   2.0545603e+00   1.3158082e+00   2.0892194e+00   2.1574763e+00   2.0806154e+00   1.9049364e+00   2.2050909e+00   1.9925030e+00   1.9320102e+00   1.9579166e+00   1.8159385e+00   1.4104773e+00   1.3041056e+00   1.3135964e+00   1.0140247e+00
   2.9089232e+00   2.6289867e+00   2.0842983e+00   1.8337658e+00   2.3761959e+00   2.7041737e+00   1.9016807e+00   2.1528019e+00   2.0333228e+00   1.8104364e+00   2.0310642e+00   2.0342419e+00   1.6315351e+00   1.7387942e+00   1.6601012e+00   1.2179869e+00
   3.1280378e+00   2.8570490e+00   1.8264252e+00   2.0690927e+00   1.4717854e+00   2.2841168e+00   2.2153341e+00   1.9579642e+00   1.7284584e+00   1.9541932e+00   2.1095142e+00   2.3215025e+00   1.6755562e+00   1.2809560e+00   1.1487712e+00   1.3112091e+00
   3.1482201e+00   3.1830567e+00   1.9836725e+00   1.7710409e+00   1.9113202e+00   2.4969025e+00   2.2255552e+00   1.9620949e+00   1.9657212e+00   1.9988235e+00   2.1837469e+00   2.1316925e+00   1.5592450e+00   1.2364586e+00   1.3358979e+00   1.2013060e+00
