   2.6413061e+00   8.1546041e-01   8.4294604e-01   6.4075811e-01   2.3007409e-01   1.4185547e-01  -2.4066997e-01  -8.7377363e-01  -1.1068469e+00  -1.3419530e+00  -1.4328463e+00  -1.4665859e+00  -1.5122588e+00  -1.5241226e+00  -1.6290228e+00  -1.6912320e+00
   2.6862520e+00   1.3547275e+00   8.8954624e-01   5.8442531e-01   4.0423516e-01  -1.7935121e-01  -4.0777840e-01  -5.5805036e-01  -1.1541606e+00  -1.3807557e+00  -9.4481359e-01  -1.4448435e+00  -1.0705655e+00  -8.8392842e-01  -1.2390657e+00  -1.2623754e+00
   2.0845009e+00   1.0084854e+00   2.6145854e-01   4.3228636e-01   3.8023969e-01   5.3564957e-02  -7.0102856e-01  -1.1098735e+00  -1.3184446e+00  -1.8082693e+00  -1.3571883e+00  -1.4839773e+00  -1.6436541e+00  -1.7463678e+00  -1.9460865e+00  -1.6964261e+00
   2.4644152e+00   1.1851629e+00   3.7459565e-01   2.6210892e-01   3.3776962e-02   3.5706318e-01  -3.9864519e-01  -1.1200824e+00  -1.4715143e+00  -1.5014939e+00  -1.2880724e+00  -1.2110497e+00  -1.4562940e+00  -1.6033228e+00  -1.7916614e+00  -1.6597454e+00
   2.5810267e+00   1.1383624e+00   6.3205731e-01   7.1750315e-01   1.5549964e-01   3.3315062e-01  -5.6236260e-01  -7.7966366e-01  -1.0164250e+00  -1.4735634e+00  -1.1604868e+00  -1.1106588e+00  -1.4441274e+00  -1.6601410e+00  -1.7674539e+00  -1.8256725e+00
   2.4626720e+00   1.3463665e+00   9.3257996e-01   9.0246300e-01   2.3570489e-01   7.4034187e-02  -1.8406555e-01  -6.9187120e-01  -1.1766874e+00  -1.6835828e+00  -1.4525837e+00  -1.5533845e+00  -1.5544002e+00  -1.2145610e+00  -1.2500228e+00  -9.2746067e-01
   2.1619370e+00   1.3006562e+00   5.4455908e-01   4.4377354e-01  -8.6483237e-02   2.8473591e-01  -2.7168218e-01  -1.0056756e+00  -1.2433250e+00  -1.5073457e+00  -1.4192013e+00  -1.3685482e+00  -1.5766667e+00  -1.7025826e+00  -1.5532386e+00  -1.5050491e+00
   2.1872551e+00   1.0689930e+00   6.6058157e-01   5.1014492e-02   4.2595559e-01   2.8873742e-01  -7.0232134e-01  -7.2302739e-01  -1.0891487e+00  -1.1727221e+00  -1.1550998e+00  -1.3460525e+00  -1.8292868e+00  -1.9920622e+00  -1.9658938e+00  -2.0945061e+00
   2.0517397e+00   8.1781198e-01   4.9046961e-01   2.8609608e-01   2.0997531e-01   2.8749840e-01  -7.5338741e-01  -8.5703143e-01  -8.7064512e-01  -1.2884438e+00  -1.4496285e+00  -1.3780185e+00  -1.7571972e+00  -1.7394638e+00  -2.3136795e+00  -2.4184010e+00
   1.4230556e+00   1.4436286e+00   1.0430835e+00   8.9961283e-01   1.2855903e-01  -1.2182082e-03  -2.4360293e-01  -4.3903839e-01  -1.4146779e+00  -1.6473934e+00  -1.2999162e+00  -1.4073534e+00  -1.0191700e+00  -3.5604664e-01  -1.1820086e+00  -2.0209540e+00
   1.6862279e+00   1.2576411e+00   1.0464987e+00   3.0452344e-01   1.7340258e-01  -3.9863287e-02  -1.4300707e-01  -5.4366133e-01  -9.2994118e-01  -1.1435997e+00  -7.0608752e-01  -7.9779170e-01   7.3708578e-02   1.0510066e+00   5.7016757e-02  -1.0857584e+00
   2.0835980e+00   1.0078148e+00   2.1086782e-01   5.0911927e-01  -8.3988583e-02   8.4064273e-02   4.4635946e-02  -3.5179185e-01  -7.1476058e-01  -1.3464359e+00  -1.3276794e+00  -1.2425434e+00  -1.0046185e+00  -5.6624669e-01  -1.1546489e+00  -1.7000802e+00
   2.4270861e+00   1.2609952e+00   7.9251166e-01   7.8810982e-01   5.6524429e-02   1.5210604e-01  -1.8831701e-01  -6.7912948e-01  -1.1469311e+00  -1.2643131e+00  -1.3933732e+00  -1.1872430e+00  -1.6829557e+00  -1.9104557e+00  -2.0253160e+00  -1.7706854e+00
   1.8138469e+00   9.3708100e-01   1.1317151e+00   8.3059143e-01   9.3824779e-02   2.5497477e-01  -3.1830142e-01  -8.6224089e-01  -7.4585572e-01  -1.4328192e+00  -1.4199556e+00  -1.3391050e+00  -1.7888147e+00  -2.0613375e+00  -1.8933778e+00  -1.9519875e+00
   1.9989804e+00   1.0144967e+00   9.6704534e-01  -2.0632468e-01   2.4390348e-01   4.0944220e-01  -4.7364731e-01  -8.5841438e-01  -1.3357196e+00  -1.6377220e+00  -1.3047959e+00  -1.1853957e+00  -1.4984667e+00  -1.9634032e+00  -1.9701476e+00  -2.1429803e+00
   2.1536466e+00   1.6069026e+00   1.3284594e+00   6.0249741e-01   5.4467708e-01   1.8091496e-01  -3.2486928e-01  -6.7922654e-01  -9.7385298e-01  -1.3718543e+00  -1.3301338e+00  -1.4402325e+00  -1.8686851e+00  -1.9709156e+00  -1.6842834e+00  -2.0053611e+00
   1.5648256e+00   1.3137758e+00   8.1509471e-01   3.3330129e-01   2.7219535e-01   2.0093793e-01  -4.3884861e-01  -1.1236530e+00  -1.4331141e+00  -1.2096578e+00  -1.0857085e+00  -1.4897373e+00  -1.7960353e+00  -1.6560552e+00  -1.6323167e+00  -2.1636563e+00
   1.5968198e+00   1.3837279e+00   1.4435671e+00   2.3233192e-01  -2.2253326e-01   4.2116534e-01  -1.2275959e-01  -7.2985080e-01  -9.9912662e-01  -1.3740749e+00  -1.5655860e+00  -1.4570540e+00  -1.6000315e+00  -1.6394776e+00  -1.1711472e+00  -2.1730414e+00
   2.4599359e+00   1.1479301e+00   8.0088990e-01   4.5386863e-01   1.0721984e+00   9.4136077e-01   2.6403058e-02   9.2353941e-02   4.0656269e-01  -5.5542104e-01  -9.2782456e-01  -1.0735733e+00  -7.2754893e-01  -5.6648076e-01  -6.6002257e-01  -1.9524797e+00
   2.3422772e+00   8.1783481e-01   1.0899733e+00   4.9470380e-01   1.7199727e+00   6.7489662e-01   1.5738231e-01   8.4011369e-01   9.6865550e-01  -8.3598416e-01  -1.0257168e+00  -9.6772008e-01  -9.1627485e-01  -8.5430657e-01  -8.3992370e-01  -1.9814010e+00
   1.1463744e+00   1.1526566e+00   1.1528215e+00   9.9250542e-01   1.9687679e+00   1.3188122e+00   4.9947335e-01   1.2706820e+00   1.6593016e+00  -2.0184478e-01  -7.0384054e-01  -2.8300224e-01  -6.3539114e-02  -8.4645355e-02  -4.1775422e-01  -1.9934075e+00
   1.9220528e+00   1.0216294e+00   8.2100645e-01   1.2176133e+00   1.9154484e+00   1.5471417e+00   5.2229169e-01   1.5658567e+00   1.8462845e+00   1.1952514e-01  -2.5972194e-01  -2.9001274e-01  -2.7646730e-01  -2.9571907e-02  -4.1356618e-01  -1.8922445e+00
   2.7534475e+00   1.1462781e+00   5.4224202e-01   1.0406000e+00   2.0717079e+00   1.5605718e+00   5.7176045e-01   1.6785088e+00   1.9047749e+00   2.7420736e-01   2.5922638e-02  -1.1568695e-01  -3.5099349e-01  -4.8200039e-01  -9.8689959e-01  -1.8883749e+00
   1.8646789e+00   8.0006794e-01   9.7389504e-01   1.2631943e+00   2.2040114e+00   1.3924774e+00   4.4979622e-01   1.6456638e+00   1.8766048e+00   4.1217824e-01   2.7675573e-01   1.8801077e-01   3.4105801e-02  -2.6898077e-01  -5.6336081e-01  -1.3247990e+00
   1.6782564e+00   7.4133289e-01   6.1597232e-01   1.0962039e+00   2.2986117e+00   1.3666733e+00   5.1295287e-01   1.7011642e+00   1.8525111e+00   4.6284941e-01   2.2205653e-01   3.1539997e-01   2.2872488e-01   2.2532778e-01  -2.1902260e-01  -1.1433167e+00
   2.7958599e+00   9.4739820e-01   6.7451180e-01   1.3806942e+00   2.3267762e+00   1.4104448e+00   3.7217963e-01   1.7150650e+00   1.8705027e+00   4.6458554e-01   1.8648846e-01   3.4267415e-01   3.5704313e-01   1.0120760e-01  -5.1137072e-01  -1.8296979e+00
   2.1362438e+00   1.1376061e+00   7.2261659e-01   1.5003617e+00   2.3614723e+00   1.5589103e+00   5.7629891e-01   1.6907811e+00   1.8936550e+00   4.4360621e-01   2.8578005e-01   3.8170227e-01   3.0844294e-01   2.4879668e-01  -4.1659899e-01  -2.1519785e+00
   1.7621348e+00   1.7409039e+00   1.3792924e+00   1.7313915e+00   2.4493860e+00   1.4891642e+00   5.5295155e-01   1.7073903e+00   1.8364372e+00   3.8854402e-01   1.8390839e-01   4.8509094e-01   4.2030892e-01   2.7633255e-01  -2.9295217e-01  -1.9463095e+00
   2.0268322e+00   1.1559848e+00   7.5027457e-02   1.6008525e+00   2.5653701e+00   1.2982742e+00   3.6210022e-01   1.6733879e+00   1.8598119e+00   3.7114398e-01   6.0706560e-02   4.7341109e-01   4.3296159e-01   5.3308067e-01  -1.2407454e-01  -2.0141733e+00
   2.0928026e+00   1.2568928e+00   4.0276972e-01   1.7969139e+00   2.6973371e+00   1.0833352e+00   6.5417263e-01   1.7569015e+00   1.9586197e+00   4.6742638e-01   6.3546575e-02   5.7002599e-01   7.0909020e-01   6.5791434e-01  -3.0527506e-01  -2.0345689e+00
   2.5590851e+00   1.5082791e+00   6.9505673e-01   1.9830028e+00   2.8650971e+00   1.2538758e+00   3.5184116e-01   1.6494112e+00   1.9149595e+00   2.8141000e-01   8.0133989e-02   5.1974069e-01   4.4410355e-01   6.2559401e-01  -1.9145526e-01  -1.4171346e+00
   2.0934645e+00   1.0309516e+00   7.2897753e-01   1.8946825e+00   2.6320198e+00   8.8532053e-01   6.8112387e-01   1.6785186e+00   2.0627985e+00   3.4250434e-01  -1.4557366e-01   4.5815800e-01   5.6717716e-01   9.3089390e-01   1.7898562e-01  -1.5730073e+00
   2.0328658e+00   1.4003014e+00   9.2046923e-01   1.8301667e+00   2.1981494e+00   4.9827395e-01   6.2034159e-01   1.4441431e+00   1.8833811e+00   3.3111179e-01  -1.8351133e-01   4.6000025e-01   5.2095853e-01   1.0643168e+00   2.9784590e-01  -1.3751109e+00
   2.8470606e+00   1.6218707e+00   9.8977367e-01   1.7160635e+00   1.8199641e+00   4.1401231e-01  -2.7502392e-01   7.0450355e-01   1.4876150e+00  -6.3672383e-02  -5.4099405e-01  -8.9162924e-02  -4.1405584e-02   4.2590140e-01  -3.7257187e-01  -1.4079303e+00
   2.3895548e+00   1.1127352e+00   1.5723042e-01   1.4141812e+00   1.1998720e+00   5.4379029e-01   1.4984362e-02  -1.2244856e-01   6.1665320e-01  -2.9858343e-01  -5.8934821e-01  -5.2779972e-01  -3.7910487e-01   3.4955211e-01  -1.3623230e-01  -9.1933805e-01
   1.5543524e+00   1.0726794e+00   1.0205086e+00   7.8381904e-01   5.0099061e-01   2.4445017e-01  -2.4399625e-01  -5.8452057e-01   9.3426429e-02  -6.8620593e-01  -8.7798386e-01  -7.7293280e-01  -4.8516499e-01   2.1274162e-01  -1.7390775e-01  -6.4967211e-01
   2.5862931e+00   1.6356920e+00   1.0637838e+00   6.4882916e-01  -3.0360348e-01  -1.7804565e-01  -1.7879786e-01  -2.5888199e-01  -2.1801823e-01  -7.3002887e-01  -9.2470618e-01  -7.6749364e-01  -4.4409868e-01   2.1676859e-01   5.0315907e-01   2.9381427e-01
   2.1209103e+00   1.0952717e+00   9.6827506e-01   6.8835741e-01   3.0841587e-01  -4.4558663e-02  -8.0351027e-01  -4.3451461e-01  -7.4991471e-01  -1.4263559e+00  -1.0404149e+00  -8.6345265e-01  -7.5758918e-01   7.4358790e-01   1.0933217e+00   1.0238866e+00
   1.5040827e+00   1.4201520e+00   1.1704229e+00   2.4340409e-01  -2.4370402e-01   1.0736953e-01  -2.7526513e-01  -4.2157732e-01  -8.2266479e-01  -1.3374040e+00  -1.1162078e+00  -8.9475342e-01  -7.2964300e-01   8.5709779e-01   1.2502886e+00   1.3364101e+00
   2.0849210e+00   9.7741057e-01   9.1322359e-01   2.8000375e-01  -1.0222623e-01  -1.0324114e-01   6.1787516e-02  -4.5953524e-01  -9.4425748e-01  -1.1134031e+00  -1.0082782e+00  -1.1809775e+00  -7.7343177e-01   1.1854837e+00   1.4554161e+00   1.7110142e+00
   2.3125515e+00   5.0836853e-01   2.6130213e-01   2.9078468e-01   3.6003607e-01   1.9574261e-01  -5.9627928e-01  -7.6015624e-01  -9.6567185e-01  -1.0930863e+00  -8.8274508e-01  -9.3375892e-01  -7.2595249e-01   1.1400559e+00   1.4574086e+00   1.6427952e+00
   2.3677375e+00   6.4639274e-01   9.9970953e-01   6.3292802e-01  -7.8335548e-02   3.4763929e-01  -2.4939466e-01  -6.9132991e-01  -1.1194954e+00  -1.2412790e+00  -1.1379687e+00  -1.1501560e+00  -1.0277437e+00   9.0661789e-01   1.6403953e+00   1.8312523e+00
   2.1890736e+00   1.1245656e+00   1.2369511e+00   5.4484772e-01  -8.1637187e-02   2.8200519e-01  -8.0053617e-02  -5.6303596e-01  -7.6240515e-01  -8.7332178e-01  -7.5855060e-01  -6.1408110e-01  -5.4488488e-01   1.0356825e+00   1.4776333e+00   1.6826785e+00
   2.0857502e+00   6.5454959e-01   1.0376465e+00   6.9426199e-01   1.1944287e-01   2.4084874e-01  -5.4140110e-01  -8.0647633e-01  -1.2102312e+00  -9.1382546e-01  -8.7564704e-01  -9.6814807e-01  -5.8368297e-01   1.0082644e+00   1.4928793e+00   1.7542256e+00
   2.3919687e+00   9.9295802e-01   3.7900124e-01   2.8347739e-01   3.5027240e-01   2.0784127e-01  -5.8396290e-01  -1.0337153e+00  -1.1178294e+00  -1.0909465e+00  -1.1155987e+00  -1.4219527e+00  -1.0255193e+00   7.0813066e-01   1.2737695e+00   1.7861999e+00
   2.3949600e+00   1.6382974e+00   3.4314843e-01  -3.0740211e-02   1.6736200e-01   1.5652819e-01  -2.1406274e-01  -3.8184616e-01  -7.2540707e-01  -7.8862408e-01  -7.2914980e-01  -9.2044910e-01  -8.1874955e-01   8.5378041e-01   1.4365198e+00   1.7558277e+00
   2.1355762e+00   1.4112613e+00   5.7870219e-01   6.0835522e-01   1.2947148e-01   2.5419876e-01  -5.9258439e-02  -5.3892684e-01  -8.1973871e-01  -8.8920607e-01  -7.1870340e-01  -5.8703876e-01  -4.9121209e-01   1.0309869e+00   1.4811754e+00   1.7257344e+00
   2.5256719e+00   1.3124717e+00   1.0892116e+00   4.5780850e-01   9.3783616e-02   6.5613714e-01  -2.7647955e-01  -9.3421101e-01  -1.0356846e+00  -1.2732094e+00  -1.1021429e+00  -7.8470750e-01  -7.4959462e-01   1.2265143e+00   1.7075939e+00   1.5936208e+00
   2.3275288e+00   1.1751223e+00   8.2476572e-01   4.7625650e-01  -9.1957747e-02   1.6370556e-01  -3.9764918e-01  -4.4160936e-01  -7.9255660e-01  -9.3471409e-01  -6.7172558e-01  -7.5610974e-01  -4.6317172e-01   8.6876347e-01   1.4838884e+00   1.4187696e+00
   2.4448527e+00   1.1743601e+00   1.0959137e+00   7.0623446e-01   2.2413263e-01   2.6127220e-01  -5.4514432e-01  -4.6866311e-01  -7.9247444e-01  -1.2680857e+00  -1.2550719e+00  -8.8336693e-01  -5.1782216e-01   1.2683156e+00   1.5634157e+00   1.5730322e+00
   2.3343490e+00   1.5205244e+00   6.4871920e-01   2.1412896e-01   1.1991769e-01   3.4749604e-01  -2.0494353e-01  -6.6974974e-01  -1.1554615e+00  -1.2540060e+00  -8.7235703e-01  -8.4367948e-01  -7.0164619e-01   1.0142858e+00   1.4746011e+00   1.4802707e+00
   2.6664245e+00   1.0715529e+00   4.8533743e-01   1.9310607e-01   4.2158608e-01   2.0873149e-01  -3.6033997e-01  -6.8330160e-01  -1.0331789e+00  -1.2064725e+00  -1.0172915e+00  -9.8242979e-01  -7.3783394e-01   9.1550533e-01   1.5536806e+00   1.4476134e+00
   1.9729475e+00   5.7016182e-01   4.6484052e-01   2.6467895e-01   5.9257690e-01   4.5904407e-01  -5.4584636e-01  -4.5837511e-01  -8.7195308e-01  -1.2741750e+00  -1.1595465e+00  -9.9642718e-01  -7.3068921e-01   1.0153090e+00   1.1609947e+00   1.0907116e+00
   1.8807764e+00   1.2305143e+00   6.2868990e-01   1.2105903e-01   2.5780780e-01   5.8657941e-01  -2.0428496e-01  -8.9826114e-01  -9.7507850e-01  -9.4904456e-01  -8.8730453e-01  -8.4021366e-01  -6.3258474e-01   9.2459663e-01   1.5134004e+00   9.4498024e-01
   2.3616863e+00   1.3133832e+00   9.2279012e-01   2.0135309e-01   2.9754457e-01   9.1080908e-01   1.0999417e-01  -8.5362188e-01  -7.3978626e-01  -1.2844059e+00  -1.0443138e+00  -1.0549614e+00  -1.1329528e+00   8.6951738e-01   1.9775319e+00   9.4658717e-01
   2.2153511e+00   1.4683153e+00   9.6237016e-01   2.6025597e-01   7.3533599e-02   3.0747109e-01  -2.7305288e-01  -5.5791138e-01  -7.5976921e-01  -1.0461243e+00  -8.7955170e-01  -1.0324848e+00  -9.6928475e-01   9.6708917e-01   1.5409473e+00   9.8966228e-01
   1.8883604e+00   1.5381574e+00   1.1760851e+00  -6.3312721e-02  -5.7287922e-02   3.7096377e-01  -6.8947989e-01  -7.2692687e-01  -7.1624933e-01  -9.4133309e-01  -1.0218217e+00  -1.1915358e+00  -1.0272365e+00   9.7004960e-01   1.4293970e+00   8.4271487e-01
   2.4699036e+00   8.2215310e-01   1.0526360e+00   4.8005929e-01   2.7097893e-01   2.6845376e-01  -8.3182656e-02  -3.8305600e-01  -8.4189161e-01  -1.4835337e+00  -1.5413021e+00  -1.3114235e+00  -1.2402274e+00   7.2050194e-01   1.2786459e+00   6.0299806e-01
   2.3315529e+00   1.2952962e+00   1.2236563e+00   3.2132823e-01   2.1583836e-01   1.9798849e-01  -1.8076510e-01  -4.3140174e-01  -9.4175680e-01  -1.3341745e+00  -1.0923093e+00  -1.0284261e+00  -9.7836976e-01   3.2249976e-01   1.0446292e+00   1.9063789e-01
   2.3079876e+00   1.1246336e+00   8.0724372e-01   3.9221138e-01   2.6461660e-01  -2.0781607e-01  -2.1745412e-01  -7.6221995e-01  -1.2871515e+00  -1.4713347e+00  -1.4231396e+00  -1.1147100e+00  -1.2461627e+00   1.0581576e-01   9.0862160e-01  -1.2499106e-01
   1.6989218e+00   9.7714782e-01   7.3466458e-01   2.3641303e-02  -2.3213117e-01  -3.7141218e-01  -2.9183157e-01  -5.0133489e-01  -8.3095089e-01  -1.1055137e+00  -1.3542625e+00  -9.4787576e-01  -1.1090015e+00   9.8812985e-02   6.7765488e-01  -7.0767213e-01
   2.1585661e+00   1.0570570e+00   7.7887465e-01   5.4936016e-01   1.3194156e-02  -8.6721566e-02   6.1643392e-02  -6.0514996e-01  -1.0992978e+00  -1.2298549e+00  -9.5208995e-01  -1.2085112e+00  -1.2326751e+00  -4.2673176e-01  -3.5323195e-01  -1.2963357e+00
   2.6733224e+00   1.4260317e+00   8.3732638e-01   1.4255077e-01   2.1553675e-01   1.7608459e-02  -2.7879719e-01  -8.0750067e-01  -1.2787985e+00  -1.4700119e+00  -1.2991648e+00  -1.5643059e+00  -1.6247662e+00  -1.2511837e+00  -1.2305994e+00  -1.6969906e+00
   2.3318833e+00   9.8481196e-01   9.9825751e-01  -2.9356838e-01   5.9035389e-02   3.4031671e-01  -1.7092389e-01  -9.5218642e-01  -1.3209788e+00  -1.3422836e+00  -1.1962504e+00  -1.6508733e+00  -1.4138951e+00  -1.8793999e+00  -1.8498819e+00  -1.8716417e+00
   1.9527847e+00   1.1671480e+00   1.2110455e+00   4.6459420e-01   1.1315182e-02  -8.0954408e-02  -4.0797005e-01  -7.1770620e-01  -1.0628869e+00  -1.4659534e+00  -1.4562681e+00  -1.3267609e+00  -1.5177578e+00  -1.8012351e+00  -1.6251558e+00  -1.8026443e+00
   2.2721458e+00   5.4680103e-01   1.9058609e-01   4.4719824e-01   3.4684099e-01   3.9942307e-01  -2.6219631e-01  -1.0392366e+00  -1.2672163e+00  -1.7480048e+00  -1.4833787e+00  -1.1793951e+00  -1.4204603e+00  -1.8256301e+00  -1.8903356e+00  -2.1050656e+00
   2.2501962e+00   1.2375263e+00   9.7496957e-01   3.3295455e-01   5.9327273e-02   4.9194024e-01  -5.3463272e-01  -7.7028981e-01  -9.5450833e-01  -1.2957862e+00  -1.2875174e+00  -1.2410331e+00  -1.6245769e+00  -2.0087444e+00  -1.8590936e+00  -2.1778647e+00
   1.4165055e+00   1.2344687e+00   5.6079375e-01   9.2363292e-02  -9.1496412e-02   1.7644592e-01  -1.7566898e-01  -7.3652949e-01  -1.3248266e+00  -1.3401150e+00  -1.6216001e+00  -1.3290200e+00  -1.4124314e+00  -1.7595179e+00  -1.7806312e+00  -1.7691409e+00
