   2.9222040e+00   2.5764825e+00   2.1409093e+00   1.6493193e+00   1.5173507e+00   1.7211980e+00   1.6646196e+00   2.1040200e+00   1.8532650e+00   2.0348858e+00   1.7088057e+00   1.9012194e+00   1.5856259e+00   1.1666128e+00   1.0756200e+00   7.9607540e-01
   2.9994117e+00   3.0253132e+00   2.0399267e+00   1.3642017e+00   1.5989858e+00   2.1426544e+00   1.9593766e+00   2.2382275e+00   2.2489988e+00   2.3692452e+00   2.2464477e+00   2.1578340e+00   1.6448471e+00   1.3801734e+00   1.3930965e+00   1.2952700e+00
   2.1049973e+00   2.4747396e+00   2.3313332e+00   1.7319183e+00   1.4927711e+00   1.6665890e+00   2.0967581e+00   2.4647616e+00   2.5709728e+00   2.2698520e+00   2.0822376e+00   1.6539870e+00   1.2534569e+00   1.3587125e+00   1.1848033e+00   1.3508141e+00
   2.8600554e+00   2.6726285e+00   1.6184261e+00   1.3732413e+00   1.5533980e+00   1.7749789e+00   1.9464296e+00   2.1695935e+00   2.2894447e+00   1.9664841e+00   1.9480380e+00   2.0432132e+00   1.3270672e+00   1.2617330e+00   1.4527662e+00   1.2032498e+00
   3.1711571e+00   2.8070630e+00   1.8948081e+00   2.2895172e+00   1.5798950e+00   2.0095558e+00   1.9305606e+00   2.0866628e+00   2.0437653e+00   1.7581306e+00   1.4717593e+00   1.6983567e+00   1.1087150e+00   1.0061631e+00   1.1399254e+00   1.0866650e+00
   3.2844484e+00   2.7115474e+00   2.0472836e+00   2.2935491e+00   1.8754079e+00   1.6813642e+00   2.0936649e+00   1.9461673e+00   1.7339311e+00   1.6458800e+00   1.3215139e+00   1.4420335e+00   1.3642749e+00   9.3307009e-01   9.5644444e-01   7.9859598e-01
   3.0390189e+00   2.7709542e+00   1.9760605e+00   2.1497054e+00   2.0627249e+00   1.4695360e+00   1.8607024e+00   1.9972168e+00   1.9476086e+00   1.9206283e+00   1.9058845e+00   1.6809114e+00   1.1860311e+00   1.0234466e+00   1.0746433e+00   1.0551058e+00
   3.5507993e+00   2.4017177e+00   1.5292511e+00   1.8248715e+00   1.5528321e+00   1.9532290e+00   2.0145699e+00   1.9595517e+00   2.0593202e+00   2.0568604e+00   1.6084885e+00   1.5452515e+00   1.1190109e+00   1.0138846e+00   1.0580284e+00   7.5399457e-01
   3.0886075e+00   2.7915787e+00   1.4421979e+00   1.7653127e+00   1.7369490e+00   2.0285910e+00   1.4454253e+00   2.1853637e+00   1.8492663e+00   1.7117229e+00   1.6866736e+00   1.6899711e+00   1.0856341e+00   1.0489234e+00   9.4490552e-01   8.6282015e-01
   3.1428166e+00   2.6531325e+00   1.2905082e+00   1.6204694e+00   1.4809200e+00   2.1379357e+00   1.6525360e+00   1.9512912e+00   2.1094009e+00   1.6952283e+00   1.9531098e+00   1.8063466e+00   1.3243802e+00   1.3079939e+00   1.0233540e+00   1.0616357e+00
   2.6042269e+00   2.0498764e+00   1.7846026e+00   1.7080007e+00   1.5602615e+00   1.6146235e+00   2.0912598e+00   2.1238005e+00   2.2194894e+00   2.0851885e+00   1.8073010e+00   1.7272966e+00   1.4304749e+00   1.2510157e+00   8.5973001e-01   7.9556907e-01
   2.6350588e+00   2.0513933e+00   2.1004278e+00   1.8240420e+00   2.2555397e+00   2.1526877e+00   2.0040187e+00   2.5703457e+00   2.2038232e+00   1.8748261e+00   2.0132788e+00   1.9351570e+00   1.1684885e+00   1.2244272e+00   9.8265551e-01   9.0669489e-01
   3.3220040e+00   2.6131175e+00   2.0567730e+00   1.9715515e+00   1.8098253e+00   1.9825100e+00   1.8434658e+00   2.2366642e+00   2.1739223e+00   2.1302949e+00   1.9753788e+00   1.7469647e+00   9.7361867e-01   1.0137777e+00   1.1094172e+00   1.1202181e+00
   3.5114995e+00   2.6512684e+00   1.9113187e+00   1.7679951e+00   1.4783725e+00   1.6042558e+00   1.9010101e+00   2.5825869e+00   2.1371863e+00   2.0109764e+00   2.0034710e+00   1.8569543e+00   1.1003073e+00   9.0394602e-01   8.5611539e-01   8.4424094e-01
   3.0974037e+00   2.3911180e+00   1.2598174e+00   1.6448903e+00   1.3445553e+00   1.3589227e+00   1.8721879e+00   1.7840201e+00   1.7181811e+00   1.5836898e+00   1.9341539e+00   1.7749771e+00   1.0481718e+00   9.1434295e-01   8.0362137e-01   7.1908366e-01
   3.6030420e+00   2.2734634e+00   2.1292029e+00   1.9388834e+00   1.6983742e+00   1.4107106e+00   2.1862182e+00   2.0541736e+00   1.9941467e+00   2.1377986e+00   1.9006890e+00   1.8799011e+00   1.5790370e+00   7.4886916e-01   8.3730206e-01   7.2623362e-01
   2.4491285e+00   1.5773869e+00   1.7195417e+00   1.9342587e+00   1.6446452e+00   2.2036257e+00   2.0970867e+00   2.5621940e+00   2.3306850e+00   1.7302166e+00   1.6741160e+00   1.9289605e+00   1.1883691e+00   6.3101529e-01   6.1096948e-01   5.6711368e-01
   3.2482572e+00   2.6214029e+00   1.3057693e+00   1.5751868e+00   1.6090283e+00   1.8100148e+00   1.6813401e+00   2.0247228e+00   2.1543347e+00   1.8230905e+00   1.5436825e+00   1.6144596e+00   1.2182606e+00   8.4710992e-01   5.7484597e-01   6.6163813e-01
   3.4770330e+00   2.5118742e+00   2.3685127e+00   1.9508204e+00   1.7496515e+00   1.8636741e+00   1.7296557e+00   1.7435718e+00   1.9066967e+00   2.0324620e+00   1.4436489e+00   1.5874396e+00   1.1445139e+00   1.0361265e+00   7.8375693e-01   6.0249142e-01
   3.2713014e+00   2.0834615e+00   2.1446420e+00   2.2707226e+00   1.8924042e+00   1.4753075e+00   1.9534574e+00   2.2419357e+00   2.1296376e+00   2.0934409e+00   1.7198623e+00   1.7214356e+00   1.3923008e+00   1.0498478e+00   7.1243854e-01   5.9322863e-01
   3.5322441e+00   2.5548185e+00   2.0115726e+00   1.8842985e+00   1.8813110e+00   1.7225728e+00   1.9697937e+00   2.2536889e+00   2.0059094e+00   1.9987372e+00   2.1646137e+00   1.8321070e+00   1.4144111e+00   1.0063498e+00   9.1067808e-01   6.4709211e-01
   3.6827876e+00   2.2745502e+00   2.0607952e+00   2.2870713e+00   1.7843749e+00   2.1064035e+00   1.8887978e+00   2.0849235e+00   1.8716433e+00   1.5554732e+00   1.7334201e+00   1.1848203e+00   1.0697542e+00   7.6069191e-01   6.3992777e-01   4.5410403e-01
   3.3560338e+00   2.6334931e+00   1.7793633e+00   1.5630098e+00   1.0993092e+00   1.9926530e+00   2.1645817e+00   2.3838221e+00   2.1615004e+00   1.8568538e+00   1.3765832e+00   1.4033669e+00   1.3337850e+00   9.4276107e-01   9.0409236e-01   4.8999171e-01
   3.0229755e+00   2.4200819e+00   2.2224368e+00   1.6467659e+00   1.3480521e+00   1.5349123e+00   1.8214749e+00   2.5610005e+00   2.2369016e+00   1.8252896e+00   1.8311611e+00   1.2533559e+00   1.0351636e+00   9.4549584e-01   8.2729100e-01   4.7410582e-01
   3.3069759e+00   2.4845937e+00   2.1094614e+00   1.7194029e+00   1.0455505e+00   1.2387554e+00   1.5201209e+00   2.3147027e+00   1.9789124e+00   1.6420507e+00   1.8258126e+00   1.5814049e+00   1.2198258e+00   1.3243721e+00   8.5243008e-01   5.2936300e-01
   3.0353911e+00   2.3594560e+00   2.0137047e+00   1.4076675e+00   1.2888386e+00   2.2702052e+00   1.9721013e+00   2.4250669e+00   1.7990674e+00   1.8290845e+00   1.9977922e+00   1.7467698e+00   1.3852535e+00   1.6721539e+00   1.0624585e+00   9.9793396e-01
   2.9770953e+00   2.3499544e+00   1.6301964e+00   1.7155558e+00   1.6269582e+00   1.6447181e+00   2.1347527e+00   2.1032716e+00   2.1660062e+00   1.9982282e+00   1.8529164e+00   1.2995449e+00   1.6681322e+00   2.4806633e+00   1.9106003e+00   1.6466683e+00
   2.9034642e+00   2.2883651e+00   1.8264410e+00   2.4243550e+00   1.8447444e+00   1.7351172e+00   2.0018629e+00   2.2058443e+00   2.2072144e+00   2.0948419e+00   1.5712164e+00   1.3858637e+00   2.1236160e+00   2.6214281e+00   1.8948283e+00   1.6644380e+00
   2.7508146e+00   2.4704958e+00   2.0887599e+00   2.0773659e+00   1.5575264e+00   1.9428089e+00   1.7193564e+00   2.2915118e+00   2.1534892e+00   2.1641218e+00   2.0426453e+00   1.6207752e+00   2.2479455e+00   2.9243075e+00   2.0308286e+00   1.9093898e+00
   2.6845866e+00   2.6661413e+00   2.0768760e+00   2.3621149e+00   1.9133168e+00   1.7687552e+00   1.9664548e+00   2.4321488e+00   2.1307028e+00   1.4660412e+00   1.7979221e+00   1.6931922e+00   2.3179116e+00   2.9668841e+00   2.0646390e+00   2.1879274e+00
   3.1600157e+00   2.4348897e+00   1.9194632e+00   2.3260691e+00   1.6554256e+00   1.8693180e+00   1.9344374e+00   1.9744001e+00   2.1789379e+00   1.5467596e+00   1.5967846e+00   1.4913200e+00   2.3240072e+00   2.9286960e+00   2.1346700e+00   2.0028839e+00
   3.1067750e+00   3.0718809e+00   2.0587382e+00   2.4565951e+00   1.7254021e+00   2.3782984e+00   2.2230711e+00   1.9549318e+00   1.7624970e+00   1.7043894e+00   1.7607285e+00   1.6035429e+00   2.4823276e+00   3.0425097e+00   1.9279266e+00   1.9129327e+00
   3.5852247e+00   2.9968465e+00   1.8190107e+00   1.9246876e+00   1.8133294e+00   1.6494727e+00   2.3140833e+00   2.5040392e+00   1.9772497e+00   1.8619615e+00   1.9256518e+00   2.0795384e+00   2.2376503e+00   2.6166578e+00   1.6184793e+00   1.6096571e+00
   2.9779905e+00   2.4190689e+00   2.0546656e+00   2.0694232e+00   1.7647704e+00   1.6607960e+00   1.9953154e+00   2.1434468e+00   2.1058564e+00   1.7206255e+00   1.5240571e+00   1.7337220e+00   2.0025895e+00   2.0251422e+00   1.3813730e+00   1.2465047e+00
   3.2998269e+00   3.1972292e+00   2.5245396e+00   2.3959258e+00   1.7851889e+00   2.0177454e+00   2.3046655e+00   2.5193414e+00   2.3826644e+00   2.2771026e+00   1.8796328e+00   2.2463853e+00   2.5737972e+00   2.1198951e+00   1.3931168e+00   1.0164788e+00
   2.5302861e+00   2.3010554e+00   2.3456080e+00   1.9711880e+00   1.5685238e+00   2.1212930e+00   2.0904730e+00   2.0126199e+00   1.8963920e+00   2.5167926e+00   2.1415254e+00   2.5826558e+00   2.9541451e+00   2.0629952e+00   1.3368170e+00   1.2229360e+00
   2.6312793e+00   3.3099327e+00   2.7339557e+00   2.2687538e+00   1.6857653e+00   2.0206247e+00   2.0087274e+00   2.5950429e+00   2.4256839e+00   2.3868357e+00   2.1333523e+00   2.6360234e+00   3.0671431e+00   2.1219852e+00   1.4558915e+00   8.4660756e-01
   2.8327149e+00   2.7074471e+00   2.2072705e+00   2.4649561e+00   1.7629358e+00   1.3393754e+00   1.3442634e+00   2.2843189e+00   2.1720036e+00   2.5135190e+00   2.3571299e+00   2.6026014e+00   3.1485442e+00   2.2785849e+00   1.4617574e+00   9.7008238e-01
   3.0769810e+00   2.7644854e+00   2.6654471e+00   2.1728998e+00   1.7962868e+00   1.4557683e+00   1.4962500e+00   2.0767248e+00   1.9504022e+00   2.5250546e+00   2.2038146e+00   2.3844274e+00   3.1756889e+00   2.2110685e+00   1.1947156e+00   8.0760953e-01
   2.6777067e+00   2.5422293e+00   1.9258319e+00   2.1164386e+00   1.7066267e+00   1.6622300e+00   1.7036661e+00   2.3778820e+00   2.2413944e+00   2.5264097e+00   2.3035810e+00   2.7865382e+00   3.3164397e+00   2.2870409e+00   1.2767835e+00   7.2543864e-01
   2.3727993e+00   2.6468308e+00   2.2451060e+00   1.9332520e+00   1.6282920e+00   1.5936402e+00   1.3532989e+00   2.1102634e+00   1.9778691e+00   2.2619504e+00   2.3417633e+00   2.6756041e+00   3.2662312e+00   2.3379885e+00   1.0120294e+00   7.9779916e-01
   3.1470451e+00   3.0009182e+00   2.3541167e+00   1.9635017e+00   1.8145113e+00   1.9538208e+00   1.4417619e+00   2.0717985e+00   2.2093418e+00   2.2206609e+00   2.3623147e+00   2.7920600e+00   3.3275533e+00   2.3937038e+00   1.0518839e+00   6.4056967e-01
   2.8983816e+00   2.3754836e+00   1.9376068e+00   1.7488589e+00   1.7578170e+00   1.2640843e+00   1.9157565e+00   2.3327535e+00   2.2118714e+00   2.2539778e+00   2.4609721e+00   2.7952801e+00   3.2931138e+00   2.3934702e+00   1.2512914e+00   9.3491410e-01
   2.8874798e+00   2.3611593e+00   2.4946891e+00   2.1451305e+00   1.9501183e+00   1.4998399e+00   1.9038829e+00   2.3563810e+00   2.1245106e+00   2.0347636e+00   2.3782408e+00   2.5163240e+00   3.1826063e+00   2.4159210e+00   1.3014866e+00   8.7296272e-01
   2.9400653e+00   1.8636763e+00   2.2144965e+00   1.8986022e+00   1.6785017e+00   1.9416428e+00   2.0487542e+00   2.3775132e+00   2.2215007e+00   2.2462754e+00   2.2208065e+00   2.7763673e+00   3.4203725e+00   2.4859616e+00   1.2653359e+00   7.4337053e-01
   3.2074619e+00   2.3667896e+00   2.4353640e+00   1.9357932e+00   1.8850961e+00   2.1262267e+00   1.9974800e+00   2.2523757e+00   2.0004280e+00   2.4461834e+00   2.1207854e+00   2.6295004e+00   3.4152923e+00   2.5517043e+00   1.0585530e+00   5.8638034e-01
   2.6010385e+00   2.6670097e+00   2.1908949e+00   1.4111512e+00   1.9055655e+00   2.2033026e+00   1.9474625e+00   2.1407317e+00   1.6738753e+00   1.8119842e+00   2.1258402e+00   2.4540389e+00   3.2440499e+00   2.4470039e+00   1.2548575e+00   7.5208182e-01
   3.3887943e+00   2.2970027e+00   2.3428406e+00   1.7071893e+00   1.6202428e+00   1.6010854e+00   2.1988308e+00   2.2074052e+00   1.7637495e+00   1.8009800e+00   2.0129753e+00   2.5043160e+00   3.0871855e+00   2.3735367e+00   1.0986503e+00   5.5015598e-01
   3.2489045e+00   2.6469043e+00   2.3112257e+00   1.3741942e+00   1.6019560e+00   1.8280030e+00   2.2592923e+00   2.3683232e+00   2.1574108e+00   1.7857996e+00   1.8214227e+00   2.5673644e+00   3.1442048e+00   2.3061290e+00   8.4100253e-01   6.4576980e-01
   3.2003495e+00   2.2461154e+00   2.4246342e+00   1.8418111e+00   1.8286930e+00   1.5582107e+00   2.1980275e+00   2.5309702e+00   2.2301919e+00   1.8592527e+00   2.1344434e+00   2.6858780e+00   3.2625172e+00   2.4017115e+00   1.0065945e+00   6.6696045e-01
   3.1813795e+00   3.1403199e+00   2.4091891e+00   2.2526113e+00   1.9520491e+00   2.2379359e+00   1.7879387e+00   1.9047703e+00   2.1991098e+00   2.0993563e+00   2.2104299e+00   2.7106720e+00   3.2781390e+00   2.5781096e+00   1.0597780e+00   4.9557695e-01
   3.6086482e+00   3.1381312e+00   2.3225201e+00   2.0187509e+00   2.0408791e+00   2.2838383e+00   2.1307290e+00   2.4419681e+00   2.1068926e+00   2.2184215e+00   2.2961482e+00   2.7739155e+00   3.3014330e+00   2.5666880e+00   1.0397849e+00   4.9988040e-01
   3.8596237e+00   2.8743506e+00   1.6996535e+00   1.3193366e+00   1.4473443e+00   1.9180253e+00   2.1824368e+00   2.4113525e+00   2.4094915e+00   2.2870897e+00   2.2971124e+00   2.6379715e+00   3.1182258e+00   2.4365015e+00   1.1088909e+00   6.0703557e-01
   3.3308621e+00   2.1319388e+00   2.3172930e+00   2.0564019e+00   1.8094782e+00   1.7459139e+00   1.6948946e+00   2.1430145e+00   2.0722398e+00   2.3814564e+00   2.5386718e+00   2.7023115e+00   3.0673399e+00   2.6724644e+00   1.1209562e+00   5.8939873e-01
   3.4013151e+00   2.9038710e+00   2.6069108e+00   2.2356222e+00   1.3861204e+00   2.0657783e+00   2.0734227e+00   2.2442455e+00   2.0260645e+00   1.6876014e+00   2.2727329e+00   2.5075676e+00   2.7219667e+00   2.6469873e+00   1.1834884e+00   4.3169537e-01
   3.0769496e+00   2.3796006e+00   2.4014398e+00   2.3946652e+00   1.3842193e+00   1.5580176e+00   1.8928048e+00   2.2212293e+00   2.1410167e+00   1.9830631e+00   1.9159529e+00   1.8956628e+00   1.8859568e+00   1.9976417e+00   1.0477310e+00   5.7542026e-01
   3.8755741e+00   2.5323610e+00   2.1031490e+00   2.3210897e+00   1.5934449e+00   1.6654258e+00   1.9044199e+00   2.4556056e+00   1.9804309e+00   1.7441675e+00   1.9741886e+00   1.4635086e+00   1.2052565e+00   1.4455019e+00   9.1971593e-01   5.3948901e-01
   3.0723624e+00   1.9452430e+00   1.9810708e+00   1.8308444e+00   1.5324940e+00   1.5463188e+00   1.6475198e+00   2.3102200e+00   2.2740580e+00   2.1201428e+00   1.4959452e+00   1.2355305e+00   7.8773982e-01   1.2024112e+00   1.0072653e+00   4.4956729e-01
   3.2723319e+00   2.2323918e+00   1.6056300e+00   2.0113527e+00   1.3584861e+00   1.7158688e+00   1.8877977e+00   2.3467595e+00   2.1710140e+00   1.7414348e+00   1.6518036e+00   1.3820883e+00   8.9735728e-01   1.0458423e+00   6.0388930e-01   2.6031524e-01
   2.2422374e+00   2.2227990e+00   1.9092922e+00   1.6190331e+00   1.2139215e+00   2.0547855e+00   1.9552134e+00   2.3447662e+00   2.0215548e+00   1.8059833e+00   1.5342957e+00   1.2515089e+00   9.4229406e-01   8.3022385e-01   8.0281711e-01   3.5556011e-01
   3.0097516e+00   2.4118510e+00   1.6080864e+00   1.6936991e+00   1.2090837e+00   2.0384424e+00   1.9775700e+00   2.3398471e+00   1.9926058e+00   1.6782268e+00   1.6225003e+00   1.5553432e+00   1.0940163e+00   8.3914239e-01   6.3237836e-01   3.8067079e-01
   3.5192903e+00   2.9006399e+00   2.0066275e+00   1.6419326e+00   1.1636394e+00   1.8232582e+00   2.3129390e+00   2.7703555e+00   2.2687950e+00   1.8170028e+00   1.5676174e+00   1.3993277e+00   1.1826538e+00   8.2297492e-01   4.7158713e-01   3.3176786e-01
   3.2102022e+00   3.1712390e+00   1.7125813e+00   1.6361320e+00   1.2736034e+00   1.5306887e+00   2.0056411e+00   2.3883632e+00   2.4129081e+00   2.1177626e+00   1.6617024e+00   1.1770390e+00   1.1387113e+00   9.2359928e-01   6.7754486e-01   5.3165683e-01
   2.6021025e+00   2.5861715e+00   1.9248003e+00   2.4901041e+00   1.8545201e+00   1.7465514e+00   1.7355837e+00   2.2224252e+00   1.9095107e+00   1.7097245e+00   1.6370900e+00   1.1392926e+00   9.9462523e-01   7.9996553e-01   5.4057987e-01   4.8820218e-01
   3.1025075e+00   2.8882033e+00   1.8672571e+00   2.0879977e+00   1.8038838e+00   2.3971969e+00   2.2187767e+00   1.9189552e+00   2.1631134e+00   1.9341666e+00   1.8268255e+00   1.4624254e+00   8.4095153e-01   8.2005628e-01   7.4371581e-01   5.1670845e-01
   2.9986183e+00   2.9654229e+00   2.5764982e+00   1.5330018e+00   1.8289523e+00   1.9798467e+00   2.0991350e+00   2.2541960e+00   2.1752878e+00   2.3247372e+00   1.9553098e+00   1.4662624e+00   8.1706836e-01   8.1663137e-01   8.4261105e-01   9.7565733e-01
   2.6661896e+00   2.7292951e+00   1.9749209e+00   1.7706345e+00   1.6693682e+00   1.5898786e+00   2.4488934e+00   2.4782834e+00   1.9094768e+00   2.2194643e+00   1.5574355e+00   1.2783249e+00   1.0140833e+00   9.4228198e-01   8.2801078e-01   6.2849801e-01
   2.8404869e+00   2.2064603e+00   1.1279683e+00   1.2459187e+00   1.5635892e+00   1.9005414e+00   2.1323377e+00   2.4895623e+00   1.9483232e+00   2.0857845e+00   1.9362900e+00   1.5937031e+00   1.1297082e+00   1.0913687e+00   6.7446641e-01   5.8130548e-01
   3.1532011e+00   2.1495393e+00   1.7034853e+00   1.6819927e+00   1.3111542e+00   1.5474045e+00   2.0352790e+00   2.5680411e+00   2.3246887e+00   1.7447392e+00   1.8938672e+00   1.6217543e+00   1.2393032e+00   9.6364410e-01   8.1866549e-01   5.2904826e-01
   3.1244849e+00   2.2413075e+00   1.5358590e+00   1.8475388e+00   1.5956749e+00   1.8691741e+00   1.8192262e+00   2.1668978e+00   1.8064597e+00   2.1282563e+00   2.0560447e+00   1.4584019e+00   1.1862533e+00   6.5100990e-01   6.5252786e-01   6.8758344e-01
   2.6683260e+00   2.7318213e+00   1.6205632e+00   1.5460968e+00   1.9558776e+00   1.8384930e+00   2.1443434e+00   2.4983694e+00   2.1232679e+00   1.6844827e+00   2.2670503e+00   1.6778074e+00   1.1586608e+00   9.1622246e-01   9.5642706e-01   6.5738735e-01
   2.9855975e+00   3.1629523e+00   2.0440846e+00   1.4049438e+00   1.5851883e+00   1.8556542e+00   1.7988369e+00   2.2004486e+00   1.9184229e+00   1.9331085e+00   1.8453844e+00   1.8732677e+00   1.2322744e+00   1.1020437e+00   1.1827007e+00   6.7566654e-01
   2.8509530e+00   1.8772417e+00   1.9841561e+00   1.7729211e+00   1.3267980e+00   2.2497175e+00   2.5531688e+00   2.7812036e+00   2.5218751e+00   2.1408574e+00   1.8727061e+00   1.6549018e+00   1.3189365e+00   1.0047691e+00   1.1494454e+00   7.7780228e-01
   3.0657361e+00   2.6652418e+00   2.2685380e+00   1.5249418e+00   1.7044866e+00   1.8841614e+00   2.2726056e+00   2.5476369e+00   2.5835755e+00   2.1579962e+00   1.9385016e+00   1.7639529e+00   1.3621585e+00   9.1986845e-01   1.0579799e+00   7.1491896e-01
   3.2141814e+00   2.6140835e+00   1.8866617e+00   2.0433053e+00   1.7373423e+00   1.8573339e+00   2.1938141e+00   2.6793711e+00   2.5622563e+00   2.1252427e+00   1.7967385e+00   2.0201649e+00   1.2526430e+00   1.0192809e+00   1.2233033e+00   9.2993662e-01
   3.1893424e+00   2.5849456e+00   1.7298475e+00   1.9818831e+00   1.9919638e+00   1.7562841e+00   2.2107903e+00   2.7714704e+00   2.2877969e+00   2.1929943e+00   2.0851332e+00   2.1060421e+00   1.5213584e+00   1.3310836e+00   1.1552554e+00   1.0149666e+00
   3.3656233e+00   2.8678508e+00   2.2687259e+00   1.8682159e+00   1.7263458e+00   1.7328650e+00   2.3303241e+00   2.6443371e+00   2.3450670e+00   2.2676798e+00   1.9318877e+00   1.6565830e+00   1.2299748e+00   9.7236113e-01   1.0149577e+00   7.1899367e-01
   3.0473001e+00   1.9389317e+00   1.9425709e+00   1.6392796e+00   1.5525941e+00   2.1371351e+00   2.4832942e+00   2.6094286e+00   2.2547513e+00   1.9311785e+00   1.7474300e+00   1.3299632e+00   1.2947887e+00   1.1922331e+00   1.0165714e+00   4.7782082e-01
   2.9601900e+00   1.9394460e+00   2.1455614e+00   1.5347066e+00   1.5278073e+00   1.8986515e+00   2.0703369e+00   2.2134840e+00   1.9733379e+00   1.6555924e+00   1.8701095e+00   1.4744894e+00   8.9973111e-01   9.4678221e-01   6.8981923e-01   4.9216759e-01
   3.2312581e+00   2.5781128e+00   2.3855092e+00   2.3246878e+00   1.4864385e+00   2.3578172e+00   2.2467181e+00   2.5382010e+00   2.1333541e+00   1.9728847e+00   1.8983620e+00   1.8282901e+00   1.1608461e+00   1.0385816e+00   8.3380785e-01   6.9307231e-01
   2.8216105e+00   2.1848898e+00   1.8058885e+00   2.2442837e+00   1.8478693e+00   1.9124242e+00   2.2615145e+00   2.5083088e+00   2.3938615e+00   1.9940381e+00   1.9766045e+00   2.1428280e+00   1.3363330e+00   8.4200933e-01   9.2784310e-01   9.6564591e-01
   2.8249306e+00   2.7220620e+00   2.3117316e+00   1.9053092e+00   1.5398492e+00   2.0355935e+00   2.2189587e+00   2.4931546e+00   2.3408657e+00   1.9441962e+00   2.0524071e+00   1.9319566e+00   1.4372238e+00   1.0818968e+00   8.9728571e-01   9.2177733e-01
   2.9746221e+00   2.6579631e+00   2.5165162e+00   2.2955924e+00   1.9643350e+00   2.2780131e+00   2.0362932e+00   2.3524510e+00   2.3012367e+00   2.1035787e+00   1.8768806e+00   2.0427338e+00   1.5441674e+00   1.0331375e+00   8.0410866e-01   4.4491085e-01
   3.3252893e+00   2.8876780e+00   1.4670729e+00   1.5182733e+00   2.0415446e+00   1.9282810e+00   2.1595895e+00   2.7389672e+00   2.4651027e+00   1.7193876e+00   1.9884475e+00   1.5091999e+00   1.4069901e+00   8.2366727e-01   9.9508432e-01   7.3056233e-01
   3.3085255e+00   3.2780902e+00   2.2673950e+00   1.7746147e+00   1.8948562e+00   1.6336272e+00   2.3188953e+00   3.0576075e+00   2.1729091e+00   1.7433415e+00   2.0441641e+00   1.8951134e+00   1.2988878e+00   1.1028778e+00   1.3217320e+00   9.5032054e-01
   3.3682657e+00   3.1238131e+00   1.9978907e+00   1.6847479e+00   1.5410797e+00   1.9305441e+00   1.9585734e+00   2.5740303e+00   2.3323207e+00   2.1357059e+00   1.8889640e+00   1.7805940e+00   1.2350701e+00   1.1528367e+00   1.0599291e+00   8.9707181e-01
   2.7920984e+00   2.4270674e+00   1.6419013e+00   1.6960201e+00   1.7208499e+00   1.6282018e+00   2.1459821e+00   2.1733610e+00   2.1457999e+00   2.0028898e+00   1.6556889e+00   1.5164259e+00   1.3607777e+00   9.6624028e-01   1.0395879e+00   8.4705478e-01
   2.7683397e+00   2.5891461e+00   1.9575234e+00   2.2686064e+00   1.7087598e+00   1.2463361e+00   1.8358469e+00   2.4994856e+00   2.1797938e+00   1.8299933e+00   1.7693884e+00   1.6012641e+00   1.5106033e+00   1.3811155e+00   1.4699414e+00   9.5217349e-01
   3.0047664e+00   2.8748052e+00   2.5371399e+00   1.8087676e+00   1.8215839e+00   1.8293749e+00   2.2437789e+00   2.5675485e+00   2.6304624e+00   2.3722065e+00   1.8007701e+00   1.6354168e+00   1.5877532e+00   1.4999546e+00   1.4191257e+00   1.0959308e+00
