   2.4732630e+00   1.8626363e+00   1.4323717e+00   1.0729155e+00   1.3112201e+00   1.4450031e+00   1.1524361e+00   4.0248269e-01  -8.2741203e-02  -1.6227042e-01  -7.6639388e-01  -8.9620793e-01  -6.2588693e-01  -7.8875183e-01  -4.2558075e-01  -2.9689984e-01
   2.0445439e+00   1.6956567e+00   8.8139239e-01   6.8176223e-01   1.2419609e+00   1.3411281e+00   7.5394641e-01   3.6421936e-01   5.0294475e-03  -6.1769066e-01  -4.6612661e-01  -4.5015933e-01  -6.4937226e-01  -1.0516901e+00  -7.1744452e-01  -9.3637454e-01
   2.3645625e+00   1.9320772e+00   1.2644547e+00   6.8819105e-01   8.4436376e-01   1.3410870e+00   7.2589789e-01   3.4392462e-01   2.0995201e-01  -2.3522730e-01  -1.2621713e-01  -6.0268143e-01  -9.4634963e-01  -9.4473759e-01  -1.0793349e+00  -1.1010656e+00
   2.4744783e+00   2.6299580e+00   1.5203875e+00   8.0260325e-01   7.2714110e-01   1.2971929e+00   1.0781906e+00   4.3443902e-01  -2.0612822e-02  -4.1288739e-01  -2.9443252e-01  -5.2356537e-01  -7.6023473e-01  -1.1656759e+00  -1.3427869e+00  -1.3490856e+00
   2.2608687e+00   2.2100329e+00   1.5183943e+00   8.1213678e-01   7.8496504e-01   7.7277331e-01   1.0714769e+00   6.3343639e-01   3.3155680e-03  -2.2746221e-01  -2.4975036e-01  -3.8030410e-01  -6.5840246e-01  -8.2054935e-01  -1.2657837e+00  -1.5350259e+00
   1.9750092e+00   1.9369884e+00   1.7398382e+00   1.0535292e+00   8.9611795e-01   1.0112033e+00   7.4571098e-01   7.6002635e-01   1.1392545e-01  -1.4300130e-01  -8.0592338e-02  -5.5794504e-01  -8.2922729e-01  -8.7087343e-01  -9.6779167e-01  -1.1807888e+00
   2.6388521e+00   2.3686540e+00   1.5242456e+00   1.0445193e+00   9.0924172e-01   1.4247730e+00   9.6416686e-01   2.1841696e-01   1.4161630e-01  -3.0406215e-01  -3.3102604e-01  -2.7413110e-01  -6.6520871e-01  -7.2926655e-01  -1.0030653e+00  -1.2588251e+00
   1.9779377e+00   1.9973070e+00   4.1162891e-01   7.4865492e-01   7.4993306e-01   1.0057273e+00   8.4610207e-01   4.9179976e-01   4.4807640e-01  -1.1391777e-01  -5.6428314e-01  -5.9168682e-01  -6.7306381e-01  -9.1555407e-01  -1.2088220e+00  -1.2493731e+00
   2.5640469e+00   2.4062213e+00   1.3916972e+00   8.9511044e-01   1.0603686e+00   1.3249794e+00   8.0778036e-01   7.6332350e-01   2.5445145e-01  -2.6030307e-01  -1.8570463e-01  -2.9995529e-01  -6.6048775e-01  -9.2749917e-01  -1.2244742e+00  -1.1883693e+00
   2.6919896e+00   2.5160106e+00   1.8155060e+00   6.8771749e-01   1.1472291e+00   1.7521782e+00   3.5934586e-01   3.4360522e-01   2.4322908e-02  -3.9636173e-01  -5.2948787e-02  -2.1745734e-01  -7.9017893e-01  -1.2471241e+00  -1.1345073e+00  -1.3649722e+00
   1.9559402e+00   1.8354210e+00   1.0574808e+00   3.0290330e-01   1.0214859e+00   1.3540732e+00   8.1375214e-01   5.5054921e-01  -5.8445007e-02  -4.0263504e-01  -5.9077269e-01  -6.7790067e-01  -7.2221754e-01  -9.5017872e-01  -1.0941086e+00  -1.3969557e+00
   2.6214292e+00   1.9702529e+00   6.3159437e-01   7.9223726e-01   1.0981758e+00   1.3744953e+00   6.3160439e-01   6.7602310e-01   1.5822593e-01  -4.2126748e-01  -5.7272092e-01  -2.9150829e-01  -5.4832423e-01  -1.1498310e+00  -1.3063998e+00  -1.5798929e+00
   2.3769889e+00   2.5911399e+00   1.3758556e+00   1.3318517e+00   9.0489372e-01   1.0377744e+00   6.9055677e-01   2.5106042e-01   5.4898040e-02  -2.5373106e-01  -6.6029499e-01  -5.6024220e-01  -6.4915360e-01  -1.0808128e+00  -1.3893887e+00  -1.3647242e+00
   2.4715161e+00   1.7023309e+00   1.5341673e+00   1.0362889e+00   1.0043523e+00   9.6633787e-01   7.2809939e-01   4.9157870e-01   3.4269643e-01  -5.9083988e-02  -5.9846753e-01  -7.3038035e-01  -1.1057951e+00  -1.0991636e+00  -1.4157107e+00  -1.5067079e+00
   2.2230724e+00   2.5532348e+00   1.5076092e+00   6.2365111e-01   5.8911371e-01   1.2642354e+00   9.1267315e-01   7.7368882e-01  -1.7316456e-01  -7.7821891e-01  -7.4458024e-01  -6.6487815e-01  -5.5888746e-01  -7.9087827e-01  -1.2502880e+00  -1.6648523e+00
   2.3638809e+00   2.4997416e+00   1.2835338e+00   1.0829335e+00   9.0885907e-01   1.4376673e+00   1.3289548e+00   5.9954546e-01  -3.2159789e-01  -8.0504045e-01  -6.9053601e-01  -4.4620607e-01  -7.9380213e-01  -8.5889982e-01  -9.5571293e-01  -1.4414469e+00
   2.3356569e+00   2.7018467e+00   1.4476911e+00   1.2922784e+00   6.0474764e-01   1.2629825e+00   5.7731657e-01   6.0166749e-01   2.9708766e-01  -2.8894028e-01  -8.3578072e-02  -4.2236741e-01  -6.2717740e-01   8.8695637e-02   1.6263667e-01  -5.1781639e-01
   2.2065875e+00   2.7147345e+00   1.5076202e+00   1.4756930e+00   1.0455455e+00   1.2742942e+00   5.6412088e-01   6.5244903e-01   4.5183786e-01  -1.4872103e-01  -3.7234868e-01  -6.6760429e-01  -9.2043016e-01  -6.0834301e-01  -2.8192556e-01  -4.1787090e-01
   2.0116357e+00   2.3685850e+00   1.6243712e+00   1.4673746e+00   1.3519291e+00   1.9261746e+00   1.1829420e+00   7.1944138e-01   3.8390542e-01  -3.3846630e-01  -1.9038149e-01  -5.5397551e-01  -7.8528301e-01  -4.2805652e-01  -2.5851687e-01  -5.2181543e-01
   2.2253123e+00   2.4182192e+00   1.5740226e+00   1.6001476e+00   1.4473291e+00   1.5004313e+00   6.5913668e-01   5.1946303e-01   3.2243210e-01  -6.5301624e-01  -2.2511408e-01  -3.9514369e-01  -7.1804604e-01  -2.0553795e-01  -1.0013932e-01   3.1041207e-01
   2.7824910e+00   2.7510967e+00   1.7689629e+00   1.1978875e+00   1.5061740e+00   1.2894010e+00   7.7751827e-01   3.2913583e-01   6.2520814e-02  -1.9372948e-01  -4.8019648e-01  -6.2657242e-01  -7.6072484e-01  -5.6840490e-02   5.5815329e-02   5.5408905e-01
   2.6517267e+00   2.6274684e+00   1.6646013e+00   6.5227648e-02   7.3511137e-01   1.1265262e+00   9.3568515e-01   5.6091676e-01   2.9713279e-01  -7.8414084e-02  -6.1342836e-01  -2.3279509e-01  -5.0612215e-01  -3.7367074e-01   2.5235890e-01   6.3920911e-01
   2.9441187e+00   3.0110957e+00   1.3335093e+00   7.0375499e-01   9.9561706e-01   1.3959781e+00   1.2481744e+00   1.0784554e+00   1.2411265e-01  -5.4762348e-01  -6.0694940e-01  -2.1686524e-01  -4.9225415e-01  -5.2312677e-01  -4.1416442e-02   3.6556883e-01
   2.8666316e+00   2.6349166e+00   1.4060878e+00   8.2199828e-01   9.5493650e-01   1.3681317e+00   6.4955333e-01   5.1910462e-01   9.3275525e-02  -1.7065239e-01  -3.3191053e-01  -5.0757553e-01  -7.7151268e-01  -4.1632165e-01  -9.6230538e-02   4.9333164e-01
   2.0691196e+00   2.2580884e+00   1.4771983e+00   5.9626840e-01   6.2441776e-01   9.6617047e-01   4.1026486e-01   5.1679610e-01   4.1519264e-02  -3.8284447e-01  -2.9986128e-01  -3.7745933e-01  -7.4715676e-01  -5.9811514e-01  -3.7989178e-02   3.8782505e-01
   1.9687124e+00   1.9693121e+00   1.0427466e+00   7.3190855e-01   7.7093244e-01   8.3306138e-01   2.1215307e-01   2.0605766e-01  -3.8088011e-01  -3.9065505e-01  -4.8428873e-01  -6.7267764e-01  -5.8631477e-01  -4.4749293e-01  -1.8122485e-01   1.4263761e-01
   2.3687162e+00   2.6443759e+00   1.1091187e+00   7.6796554e-01   9.9499554e-01   1.4818416e+00   5.1473234e-01   3.4124919e-01  -3.3529029e-02  -1.3236670e-01  -2.8339048e-02  -4.9274271e-01  -7.0389454e-01  -3.1345632e-01  -2.6116799e-01  -8.8018176e-02
   1.9674056e+00   2.2703702e+00   1.1998648e+00   7.5174748e-01   9.7266004e-01   1.2780574e+00   5.4172688e-01   4.7434296e-01   5.1264346e-01  -1.1369711e-02  -2.0750199e-01  -2.2800648e-01  -7.5876604e-01  -5.5381072e-01  -2.3623980e-01  -8.9537703e-02
   1.7686994e+00   1.8618801e+00   1.8288605e+00   1.5134453e+00   1.2434235e+00   2.5271524e+00   1.3623199e+00   9.9722179e-01   6.7481451e-01  -8.2067525e-02  -4.6422602e-01  -9.8173442e-02  -4.3629073e-01  -5.7455847e-01  -2.3587432e-01  -2.4119899e-01
   2.4656087e+00   2.8652577e+00   1.3533288e+00   1.4384258e+00   1.0791022e+00   2.1076947e+00   1.2055502e+00   8.3026302e-01   4.7687953e-01   9.4469802e-02  -2.1758251e-01  -1.4793554e-01  -3.3366149e-01  -5.6154593e-01  -6.2200746e-01  -5.3955660e-03
   2.5624440e+00   2.8156763e+00   1.4964262e+00   9.4447570e-01   1.1266361e+00   1.3207761e+00   1.1725445e+00   9.3805215e-01   7.3473640e-01   6.8253088e-01   6.9498615e-02   1.9345354e-01  -7.9910541e-04  -3.1351999e-01  -5.0358139e-01  -5.3993984e-01
   2.3080626e+00   2.3405631e+00   2.0941841e+00   1.4932842e+00   9.2828094e-01   1.1770785e+00   7.0194903e-01   3.8135121e-01   7.1385188e-01   8.8517064e-01   3.5916680e-01   6.6601351e-01   1.2564898e-01   8.9232388e-03  -4.1909445e-01  -5.7765727e-01
   2.3103393e+00   2.1477334e+00   2.2908342e+00   1.7871063e+00   1.1557190e+00   1.1890877e+00   5.8589228e-01   4.2214431e-01   5.9098955e-01   1.0458989e+00   1.0614559e+00   1.1103486e+00   7.0068136e-01   4.5696478e-01  -4.0712929e-01  -9.1875781e-01
   2.1817185e+00   2.0320967e+00   2.3891455e+00   1.8140217e+00   7.0389188e-01   9.3802212e-01   4.8392699e-01   1.6393410e-01   4.1979594e-01   1.4342401e+00   1.5641245e+00   1.3882098e+00   1.2243655e+00   8.5330917e-01  -3.7003341e-01  -1.1382259e+00
   2.2603623e+00   2.5562214e+00   1.7228242e+00   1.0710553e+00   1.1357669e+00   8.7850519e-01   7.5316096e-01   3.1079385e-01   1.0454722e-01   1.4872894e+00   1.9136619e+00   1.8313781e+00   1.5365829e+00   1.0315746e+00   2.4315486e-03  -1.2917834e+00
   2.6747487e+00   2.8816375e+00   1.8563820e+00   1.4130271e+00   9.9846840e-01   1.4154899e+00   7.7252984e-01   1.0106581e+00   6.8157707e-01   1.3717847e+00   2.0671536e+00   2.1062023e+00   1.8868955e+00   1.1006558e+00   9.3808851e-02  -1.1483381e+00
   2.3097569e+00   2.5986223e+00   1.6607983e+00   1.2042959e+00   1.1826333e+00   1.5658117e+00   1.1003695e+00   8.4161920e-01   5.8137068e-01   1.4267505e+00   2.2091174e+00   2.2765877e+00   2.0843014e+00   1.0254537e+00  -2.2605110e-02  -1.2946547e+00
   1.6231196e+00   2.3265910e+00   1.8245089e+00   1.3660427e+00   1.0264307e+00   1.5187592e+00   9.0692141e-01   5.1897832e-01   7.6184063e-01   1.1833367e+00   2.3217645e+00   2.2834375e+00   2.3148436e+00   1.3411077e+00   5.0464338e-02  -1.1744887e+00
   2.6985969e+00   2.7170588e+00   2.0186682e+00   1.4898803e+00   9.6042912e-01   9.5315202e-01   5.5649315e-01   9.0496506e-01   7.3262928e-01   1.1045845e+00   2.3033605e+00   2.2072322e+00   2.3414414e+00   1.3589941e+00   1.7682093e-01  -1.1791736e+00
   2.2534245e+00   2.9343671e+00   2.1316051e+00   9.6404473e-01   7.4105554e-01   1.4415137e+00   4.2455579e-01   6.5224645e-01   5.1117301e-01   1.0010912e+00   2.1730086e+00   2.2529141e+00   2.3220768e+00   1.1100172e+00  -1.3133551e-01  -1.0830909e+00
   2.2647228e+00   2.2273103e+00   1.4532752e+00   1.4170638e+00   9.2460999e-01   1.1859835e+00   6.4004290e-01   4.4549088e-01   3.5330594e-01   7.8666454e-01   2.0945136e+00   2.1479400e+00   2.3210406e+00   1.1194460e+00  -1.3771006e-02  -1.1266311e+00
   2.4918041e+00   2.7080358e+00   1.8011088e+00   1.5587420e+00   1.2643855e+00   1.3580803e+00   7.1897164e-01   5.6887229e-01   2.5718251e-01   9.3822219e-01   2.1450333e+00   2.2861379e+00   2.4747607e+00   1.4254923e+00   1.0619084e-01  -1.0616572e+00
   2.9220779e+00   2.3253540e+00   1.3951055e+00   1.3656834e+00   1.2514519e+00   1.2746144e+00   6.7803871e-01   4.8923366e-01   2.8054579e-02   6.8789884e-01   2.0863753e+00   2.3502361e+00   2.4920847e+00   1.2438790e+00  -1.1113235e-01  -1.0882309e+00
   2.9366808e+00   2.6068056e+00   1.6853115e+00   9.2847569e-01   9.2565505e-01   1.7668414e+00   5.7080552e-01   3.9392637e-01   6.1306496e-01   7.3043405e-01   2.0830461e+00   2.2774156e+00   2.4126151e+00   1.2317707e+00  -1.4133526e-01  -1.1050982e+00
   2.8386846e+00   2.3102512e+00   1.6211915e+00   1.4625778e+00   1.1366290e+00   1.6424084e+00   1.0705306e+00   7.0999308e-01   2.6027528e-01   3.4839622e-01   2.1258565e+00   2.3541553e+00   2.4336741e+00   1.3685779e+00  -1.9550376e-01  -6.3212515e-01
   2.4635473e+00   2.9611994e+00   1.8334741e+00   1.4012974e+00   1.2196943e+00   1.1484330e+00   7.9063429e-01   6.2989144e-01   7.3626843e-01   3.9066971e-01   2.2387651e+00   2.4572254e+00   2.5732747e+00   1.4996008e+00   4.8139913e-02  -9.8686165e-01
   2.7348034e+00   2.3247915e+00   1.6366129e+00   1.4524269e+00   1.4599594e+00   1.1041980e+00   5.9128536e-01   2.4882140e-01   2.8694199e-01   5.0580645e-01   2.3071994e+00   2.3387297e+00   2.4514832e+00   1.2925158e+00  -8.8875737e-02  -1.2012919e+00
   2.4992889e+00   2.1300890e+00   1.2168673e+00   1.3448656e+00   1.3997184e+00   1.3178027e+00   5.3486814e-01   2.4875086e-01   6.1072177e-01   1.0427553e+00   2.3649629e+00   2.2741090e+00   2.1961008e+00   1.2586530e+00  -1.3728885e-01  -1.3449454e+00
   2.5621564e+00   2.4285666e+00   1.8494424e+00   1.0602624e+00   1.3509244e+00   1.8658447e+00   8.8122765e-01   6.2574141e-01   5.6823907e-01   9.2367490e-01   2.3694326e+00   2.1644186e+00   2.2527984e+00   1.1739736e+00  -2.0470625e-01  -1.2384518e+00
   2.7060165e+00   2.4457517e+00   1.7419710e+00   1.2647569e+00   1.1479284e+00   1.0928614e+00   6.6880646e-01   2.4993403e-01  -1.3283995e-01   5.4176036e-01   2.1070026e+00   2.0598959e+00   1.9165672e+00   1.1460160e+00  -2.2710847e-01  -1.3049150e+00
   2.2587289e+00   2.5022336e+00   2.1583549e+00   1.5683568e+00   1.4733795e+00   1.8555572e+00   9.9484138e-01   7.1985060e-01   1.9918760e-03   4.5096785e-01   2.2088968e+00   2.0797409e+00   1.8489497e+00   1.4145332e+00  -3.4486981e-01  -1.1410683e+00
   2.3343061e+00   3.1027244e+00   2.3173685e+00   1.5996342e+00   1.4545257e+00   1.7507813e+00   1.0359472e+00   5.2577729e-01   5.0515915e-02   4.7438987e-01   1.8904072e+00   1.7827554e+00   1.5529387e+00   1.2434992e+00  -3.8170474e-01  -1.1919401e+00
   2.2410970e+00   2.8053253e+00   1.9844099e+00   7.8954721e-01   1.2439805e+00   1.3009390e+00   9.0164500e-01   4.7179596e-01  -1.0981849e-01   6.4638440e-02   1.6276907e+00   1.3661570e+00   1.0243953e+00   9.6699130e-01  -6.9339055e-01  -9.3780879e-01
   3.0427336e+00   3.3238080e+00   1.9470452e+00   1.2805941e+00   1.1333596e+00   1.3261890e+00   8.3675573e-01   8.0795730e-01   2.2842311e-01  -3.0381055e-02   9.7005463e-01   9.3463880e-01   5.6038693e-01   5.9738021e-01  -7.1222188e-01  -1.0709696e+00
   2.9021596e+00   2.5502364e+00   1.4451865e+00   1.5833273e+00   1.2059867e+00   1.0418305e+00   8.0188359e-01   3.1299856e-01   2.0543857e-02   8.9038247e-02   5.7844119e-01   5.8389121e-01  -1.1349579e-01  -1.4435087e-01  -7.1222478e-01  -8.5734135e-01
   2.4159843e+00   3.0523697e+00   1.7490055e+00   6.7006478e-01   9.5752842e-01   1.3035838e+00   6.1843533e-01   3.8374543e-01  -1.7595309e-01  -8.5872369e-02  -6.3095202e-02  -1.5295195e-01  -4.2702305e-01  -1.8739773e-02  -9.0925543e-01  -8.4529367e-01
   2.2900831e+00   2.5025142e+00   1.6780502e+00   9.8014095e-01   1.3906915e+00   1.1890358e+00   7.6437580e-01   7.9783167e-01   3.3918676e-01   3.7501624e-02  -2.6223953e-01  -2.8481127e-01  -5.8379090e-01  -4.5100752e-01  -9.4991131e-01  -1.3400566e+00
   3.1535834e+00   2.6596224e+00   1.7186053e+00   1.1617191e+00   1.1333483e+00   1.0259516e+00   7.6688539e-01   8.5409143e-01   1.4019874e-01  -3.0110261e-01   1.8332881e-02  -1.7790979e-01  -6.7461434e-01  -6.8019949e-01  -9.6613952e-01  -1.1165045e+00
   3.1777180e+00   1.8601361e+00   1.4278957e+00   1.1276638e+00   1.3060014e+00   1.4527310e+00   7.3175532e-01   5.5319575e-01  -5.5603177e-02  -4.4816096e-01  -3.1421523e-01  -5.7372162e-01  -7.7330036e-01  -6.6136372e-01  -1.1498688e+00  -1.1435608e+00
   2.6838405e+00   2.1518467e+00   1.6036085e+00   1.2434291e+00   1.0483710e+00   1.1776278e+00   2.4836901e-01   3.1209588e-01   1.2608786e-01  -1.6829715e-01  -3.9825776e-01  -2.7305395e-01  -7.7716361e-01  -4.4334003e-01  -1.2149676e+00  -1.6473791e+00
   2.8551840e+00   2.1982186e+00   1.5270114e+00   8.8814530e-01   9.2857697e-01   1.2082105e+00   1.5039555e-01   9.5865213e-02   4.7051860e-01   1.4407460e-02  -2.8971991e-02   2.7850872e-02  -5.8950781e-01  -8.6526491e-01  -1.3983953e+00  -1.7787512e+00
   2.9348322e+00   1.9351187e+00   1.3054177e+00   1.1013599e+00   6.0923651e-01   1.4022752e+00   1.1004488e+00   5.9656588e-01   5.1834625e-01  -5.4934243e-02  -1.2032491e-01  -6.8886340e-01  -5.5570291e-01  -9.5258542e-01  -1.2514033e+00  -1.5577553e+00
   2.8459801e+00   2.2224902e+00   1.0443904e+00   1.1134117e+00   6.9674950e-01   1.4981375e+00   1.2137301e+00   6.2931570e-01   1.3918347e-01  -1.4741494e-01  -2.7797852e-01  -1.9497059e-01  -5.8147304e-01  -9.2193172e-01  -1.1488689e+00  -1.3551439e+00
   2.3952096e+00   2.3093614e+00   1.4140416e+00   1.2694695e+00   9.1097858e-01   9.8711560e-01   7.6425981e-01   4.9707710e-01  -2.5714155e-03  -2.0922672e-01  -1.0299155e-01  -2.0826187e-01  -9.2386353e-01  -1.0683552e+00  -1.1057761e+00  -1.5129448e+00
   2.2411185e+00   3.1877653e+00   1.9468205e+00   7.8572758e-01   8.2999836e-01   1.1202407e+00   7.8651692e-01   1.0751317e+00   8.2015138e-02   5.7469591e-02  -2.2349331e-02  -7.4599296e-02  -6.1428825e-01  -9.1093415e-01  -1.3728237e+00  -1.5261540e+00
   2.2873262e+00   2.4035777e+00   1.6110237e+00   7.5364082e-01   9.7866805e-01   8.1599777e-01   4.2674722e-01   6.3635850e-01  -8.4582409e-03   2.5618293e-01  -2.5323877e-01  -6.3878655e-01  -7.5926428e-01  -1.1809383e+00  -1.4281091e+00  -1.4364665e+00
   2.0454389e+00   1.7050339e+00   1.1497335e+00   1.3770100e+00   9.9288051e-01   1.0384577e+00   8.5174522e-01   5.8949640e-01   2.9120803e-01  -1.2544570e-01  -4.6163597e-01  -3.8086541e-01  -5.9191901e-01  -1.1013625e+00  -1.3708964e+00  -1.7048565e+00
   2.2372735e+00   2.3813969e+00   1.4769909e+00   8.4995716e-01   1.0380417e+00   9.1832846e-01   4.5771804e-01   2.6471270e-01   1.3718621e-01   1.4171094e-01  -1.4184931e-01  -3.1022202e-01  -6.1457855e-01  -1.0905375e+00  -1.3339168e+00  -1.8843323e+00
   1.6587761e+00   2.5061869e+00   1.6614843e+00   1.1229382e+00   1.1005818e+00   1.0960396e+00   9.6772472e-01   1.8615682e-01  -9.7146761e-02  -1.9359959e-01  -3.5582666e-01  -6.8081272e-02  -6.9151268e-01  -1.0258403e+00  -1.2671918e+00  -1.4118181e+00
   2.4505264e+00   2.5465530e+00   1.9993430e+00   1.3045973e+00   8.6562590e-01   1.1539840e+00   9.4176663e-01   4.1200873e-01  -1.9918922e-01  -4.0404730e-01  -5.5468910e-01  -4.2302858e-01  -6.9510693e-01  -1.2163369e+00  -1.4557134e+00  -1.5408322e+00
   2.9155989e+00   2.0305473e+00   1.6026920e+00   1.2879591e+00   6.4535160e-01   1.0590845e+00   6.5592473e-01   1.4377920e-01  -4.0657468e-01  -1.8233282e-01  -3.8103865e-01  -4.6421578e-01  -7.4465174e-01  -1.0003043e+00  -1.2668218e+00  -1.7517049e+00
   3.0484071e+00   1.9184620e+00   1.8826173e+00   1.3458637e+00   1.0095975e+00   8.6814609e-01   5.8153634e-01   3.4707819e-01   1.7081461e-01   1.1517285e-01  -1.7030708e-01  -2.6517781e-01  -6.3939853e-01  -9.1059155e-01  -1.1683570e+00  -1.2268718e+00
   2.6587361e+00   2.0866937e+00   1.6034175e+00   1.0230540e+00   8.8825500e-01   1.1301258e+00   9.8077665e-01   6.2491597e-01   2.5222373e-02  -6.2846343e-02  -1.5012353e-01  -2.5854336e-01  -6.4635165e-01  -1.0042445e+00  -1.3285286e+00  -1.3693022e+00
   2.2445510e+00   2.1268652e+00   1.6484500e+00   1.0211019e+00   1.0579300e+00   1.1757030e+00   5.2633538e-01   9.0254287e-01   1.9942102e-01   2.0073618e-01  -2.6399421e-01  -2.6479348e-01  -8.3894865e-01  -1.4299725e+00  -1.4066077e+00  -1.3678035e+00
   2.2401063e+00   2.5542623e+00   2.0092262e+00   1.5690446e+00   1.0236250e+00   4.3706538e-01   6.3968439e-01   6.0688442e-01   5.6506945e-02   1.0235275e-01   3.4482351e-02  -3.8311200e-02  -4.4766640e-01  -8.1869885e-01  -1.0292072e+00  -1.3322532e+00
   2.5004809e+00   1.9786512e+00   1.4980646e+00   1.3999080e+00   1.0025355e+00   6.6336996e-01   6.8119879e-01   3.2817829e-01   7.0530224e-02  -2.7694555e-01  -6.7244625e-01  -5.1925007e-01  -7.1362990e-01  -1.2435275e+00  -1.2789619e+00  -1.2130411e+00
   2.5854844e+00   2.1157165e+00   1.3433962e+00   8.2164238e-01   9.7565799e-01   5.4858010e-01   7.1032507e-01   3.1808254e-01  -1.7218055e-01  -4.3721278e-01  -5.1165267e-01  -6.0082806e-01  -8.4930400e-01  -1.1059453e+00  -1.1249381e+00  -1.1838628e+00
   2.2755110e+00   1.7597717e+00   1.1458427e+00   7.6453406e-01   8.8540513e-01   1.2006165e+00   8.0097330e-01   6.6309307e-01   8.3198731e-02  -1.1234434e-01  -3.9877190e-01  -3.8568886e-01  -5.6920749e-01  -1.0943225e+00  -9.7139842e-01  -1.1619709e+00
   2.6833835e+00   2.3957717e+00   1.1589426e+00   8.3055301e-01   9.1722252e-01   1.1252972e+00   9.1782823e-01   9.5292467e-01   1.5528145e-01  -1.5919511e-01  -5.1832768e-01  -3.2423348e-01  -5.8183111e-01  -9.4473613e-01  -1.1207631e+00  -1.3268865e+00
   2.6011064e+00   1.9648049e+00   1.3141380e+00   5.3050854e-01   7.0932612e-01   1.3207653e+00   1.1066774e+00   8.0844611e-01   3.2633398e-01  -2.2280793e-01  -3.0084635e-01  -1.5241995e-01  -8.1787425e-01  -8.4030621e-01  -1.1233995e+00  -1.1392783e+00
   2.6551027e+00   1.3608506e+00   1.1215804e+00   6.9607305e-01   1.1692337e+00   1.0476922e+00   1.0035932e+00   5.7922852e-01   2.9581667e-01   1.5125565e-01   2.5512647e-01  -9.1366672e-02  -5.9715215e-01  -9.8320685e-01  -1.2503335e+00  -1.4145486e+00
   1.9520763e+00   1.7344939e+00   1.5124929e+00   1.2337594e+00   9.1155120e-01   7.9369711e-01   8.1315724e-01   6.5157020e-01   2.2056213e-01   3.7504787e-01  -1.6185092e-01  -3.3554565e-01  -4.9953720e-01  -1.0657025e+00  -1.1588751e+00  -1.3988117e+00
   2.2383422e+00   2.2144264e+00   1.6138375e+00   1.1430845e+00   1.2506059e+00   1.3401910e+00   4.7605752e-01   2.0947109e-01  -1.6810002e-01  -2.3579221e-01  -7.0689688e-01  -4.5392151e-01  -9.2452096e-01  -1.1394735e+00  -1.2364659e+00  -1.6629571e+00
   2.4846105e+00   1.8514645e+00   1.7882021e+00   1.8346681e+00   1.5077277e+00   1.9315746e+00   1.2155630e+00   1.1090775e+00   3.1655159e-01  -5.1544791e-02  -2.5821906e-01   7.3954381e-02  -3.6461370e-01  -7.6616528e-01  -1.1357140e+00  -1.6635481e+00
