   4.8106412e+00   4.3786073e+00   3.9794448e+00   3.6623852e+00   3.1197593e+00   2.6761767e+00   2.1069196e+00   1.0392855e+00   1.0003471e+00   1.0000275e+00   8.8884186e-01   7.4540870e-01   7.4329886e-01   2.9844825e-01   5.8769863e-01   6.4962922e-01
   3.9411855e+00   3.5811410e+00   3.3290012e+00   2.8631948e+00   2.4570055e+00   1.9803286e+00   1.9696962e+00   1.6583165e+00   1.0304794e+00   1.0369741e+00   7.2327792e-01   8.7122343e-01   4.8946399e-01   5.9988050e-01   4.7028323e-01   6.5458959e-01
   4.3651502e+00   3.9780100e+00   3.2758855e+00   3.2671577e+00   2.4494192e+00   2.5570738e+00   2.7919150e+00   2.1008264e+00   1.2873422e+00   1.1808681e+00   1.2556690e+00   1.0949451e+00   6.2761054e-01   5.1804026e-01   6.1041350e-01   3.7900085e-01
   4.8399890e+00   4.0089124e+00   3.2129598e+00   2.7899948e+00   2.2882538e+00   2.3836854e+00   1.9420355e+00   1.7843773e+00   1.4722993e+00   1.2210554e+00   1.1487897e+00   8.5818435e-01   4.6151924e-01   1.8268837e-01   2.7590565e-01   3.6168380e-01
   4.7856497e+00   4.5833735e+00   4.0999520e+00   3.3094204e+00   2.3291184e+00   2.3424498e+00   2.0584616e+00   1.5921813e+00   1.2867078e+00   1.1743944e+00   9.0809610e-01   7.5560538e-01   7.0427278e-01   4.9366673e-01   2.8896952e-01   3.9274678e-01
   3.8442884e+00   4.2837067e+00   3.6984512e+00   2.8277199e+00   2.2516948e+00   2.1680623e+00   1.8415208e+00   1.2619561e+00   1.3191391e+00   1.2997041e+00   1.2578251e+00   9.0456796e-01   8.3887990e-01   6.3830903e-01   5.7976199e-01   6.7980811e-01
   4.1847696e+00   3.3169856e+00   2.5977904e+00   2.5053191e+00   2.1889678e+00   1.6143537e+00   1.4249311e+00   1.0742881e+00   1.1914033e+00   1.2462873e+00   1.2340123e+00   8.6880815e-01   5.2336823e-01   5.0059858e-01   3.9240723e-01   5.8985290e-01
   3.9463116e+00   3.3344874e+00   2.5203950e+00   2.3510458e+00   2.0503107e+00   1.4590410e+00   1.3678805e+00   1.4015040e+00   1.2711623e+00   1.1793371e+00   9.6332562e-01   8.4092073e-01   4.7035229e-01   5.4322195e-01   4.7377822e-01   3.3087742e-01
   3.7222716e+00   3.3471841e+00   1.9430003e+00   1.9546045e+00   1.8319191e+00   1.8940945e+00   1.3330258e+00   1.3350385e+00   1.3880147e+00   9.6694062e-01   1.2618762e+00   9.7825088e-01   7.5558997e-01   7.5894756e-01   5.4752901e-01   4.6094798e-01
   4.3881888e+00   3.6263262e+00   2.2914454e+00   2.3183983e+00   2.0781172e+00   2.1791363e+00   1.7411717e+00   1.3167509e+00   1.4559083e+00   1.2054127e+00   1.0191946e+00   8.7267486e-01   5.0273616e-01   2.0093628e-01   2.7803156e-01   4.8392400e-01
   3.4238873e+00   2.9252476e+00   2.1987177e+00   2.1470045e+00   2.0636224e+00   2.1004134e+00   1.6761758e+00   1.3303024e+00   1.0572807e+00   9.6476381e-01   9.0785403e-01   9.9217046e-01   8.4983351e-01   5.2927732e-01   5.4359660e-01   5.9478712e-01
   3.5878143e+00   2.6709817e+00   2.1398640e+00   1.8836136e+00   1.8883406e+00   1.9260025e+00   1.3645986e+00   7.9024664e-01   7.4519897e-01   1.3300428e+00   1.0627611e+00   8.4976158e-01   4.7751441e-01   5.6094016e-01   5.3411279e-01   4.0893726e-01
   3.6585068e+00   3.0925962e+00   2.6774677e+00   2.5003145e+00   2.0294118e+00   1.5835763e+00   1.6134710e+00   1.0695475e+00   1.1481627e+00   1.0859034e+00   1.1111096e+00   6.5862351e-01   4.0967583e-01   3.8329408e-01   4.5478716e-01   4.0365507e-01
   3.9383668e+00   3.7370808e+00   2.8051640e+00   3.2152399e+00   2.9594111e+00   2.5582624e+00   1.7049321e+00   9.5122159e-01   1.3138871e+00   9.3807767e-01   9.9626874e-01   9.1214035e-01   6.4910969e-01   5.0750467e-01   5.2224343e-01   4.9195607e-01
   4.3950085e+00   4.2704579e+00   3.5563369e+00   3.5613866e+00   3.1460701e+00   2.6025336e+00   1.6840381e+00   1.4092740e+00   1.1534199e+00   8.6645212e-01   8.7646117e-01   7.6346605e-01   5.7836374e-01   3.3751778e-01   5.5900041e-01   5.4150789e-01
   3.8850985e+00   3.9581993e+00   3.4272597e+00   2.6644052e+00   2.6152190e+00   1.5707977e+00   1.5765644e+00   1.4595524e+00   1.2443776e+00   9.7876837e-01   1.1744410e+00   1.0606161e+00   9.4530234e-01   5.1567725e-01   7.0038756e-01   6.5858487e-01
   4.2743756e+00   4.2466053e+00   2.8076040e+00   1.9869165e+00   2.1909348e+00   1.7262932e+00   8.2940852e-01   1.3313429e+00   9.6409901e-01   1.0386366e+00   9.2207315e-01   7.0633525e-01   6.0723341e-01   3.8457172e-01   2.5368207e-01   2.7747641e-01
   4.1354241e+00   3.6501298e+00   2.9918880e+00   2.5582935e+00   1.8868560e+00   1.6487988e+00   1.2176564e+00   9.9137137e-01   1.2792122e+00   1.1350812e+00   1.0232293e+00   7.7493970e-01   5.5977623e-01   1.2856752e-01   3.6457772e-01   4.7206177e-01
   3.7192234e+00   3.5553685e+00   2.9232633e+00   2.2915761e+00   1.5773501e+00   1.8264154e+00   1.6262860e+00   1.4398512e+00   1.2583281e+00   6.4203762e-01   9.3431553e-01   7.9754111e-01   4.2499809e-01   3.1529165e-01   5.8534646e-01   4.3913299e-01
   4.1005929e+00   3.2775069e+00   2.9470101e+00   2.7607959e+00   1.8918047e+00   1.8590796e+00   1.3311545e+00   9.4693362e-01   9.9867644e-01   7.4246543e-01   1.0422596e+00   8.0070063e-01   2.5386761e-01   7.6620427e-02   1.9793978e-01   3.9557746e-01
   3.6603712e+00   3.4410660e+00   3.4494390e+00   2.6952622e+00   2.0234742e+00   1.7260688e+00   1.4788752e+00   1.5017781e+00   1.0791887e+00   8.5853129e-01   1.1980011e+00   9.1742308e-01   5.5921387e-01   6.5599228e-01   6.1121068e-01   5.1615083e-01
   4.6763139e+00   4.2102656e+00   3.9819182e+00   3.4265772e+00   2.5251786e+00   1.9567013e+00   1.3661627e+00   1.4476106e+00   1.2080140e+00   1.3957279e+00   1.1647865e+00   1.1216721e+00   1.0061590e+00   1.1338333e+00   8.1734749e-01   6.4568629e-01
   4.0279060e+00   3.2265091e+00   2.4262604e+00   2.0782036e+00   2.0166734e+00   1.5189499e+00   1.4841947e+00   1.5096923e+00   1.0390772e+00   1.2536672e+00   9.9928665e-01   1.3126058e+00   1.5054378e+00   1.2512837e+00   1.4052758e+00   1.2320438e+00
   3.7549986e+00   3.0241779e+00   1.9848088e+00   1.9385506e+00   1.7607044e+00   1.6966906e+00   1.1946367e+00   1.0988474e+00   8.4636817e-01   7.7426530e-01   9.6514572e-01   1.2806319e+00   1.6326807e+00   1.0976093e+00   1.3712389e+00   1.4424627e+00
   4.3218886e+00   2.8390333e+00   1.8077058e+00   1.7429297e+00   1.9010382e+00   1.8156889e+00   1.7070764e+00   1.4427795e+00   1.1832756e+00   1.2459698e+00   9.9407238e-01   9.5365138e-01   1.5258220e+00   1.0642113e+00   1.5487627e+00   1.5360606e+00
   3.8610774e+00   2.6431480e+00   2.2676820e+00   1.8868828e+00   1.7956609e+00   1.7327381e+00   1.9107937e+00   1.3127862e+00   1.2115880e+00   1.1378999e+00   8.4466029e-01   1.1270995e+00   1.5068378e+00   1.3254785e+00   1.5715574e+00   1.6459910e+00
   4.2207591e+00   3.1691239e+00   2.6344921e+00   2.0734792e+00   1.5618779e+00   1.8416384e+00   1.4820882e+00   1.1386655e+00   8.6388451e-01   9.1702375e-01   9.6316533e-01   1.0192561e+00   1.3603164e+00   9.9215841e-01   8.9529420e-01   1.0860501e+00
   3.9015862e+00   3.4035240e+00   2.7382161e+00   1.8972782e+00   1.4218483e+00   1.7491752e+00   1.4235419e+00   1.1767271e+00   5.1845528e-01   7.0850926e-01   1.0274843e+00   8.6669303e-01   1.4223373e+00   7.9731235e-01   1.0110740e+00   9.3342587e-01
   3.5238381e+00   3.4840731e+00   2.9002490e+00   1.7465023e+00   1.5740687e+00   1.5950165e+00   1.4209162e+00   1.7669666e+00   1.0204695e+00   1.1915445e+00   1.2394307e+00   1.4065448e+00   1.5395977e+00   1.2214967e+00   1.2430334e+00   7.7100295e-01
   3.4812815e+00   3.1787756e+00   2.7827149e+00   2.1096323e+00   1.7066660e+00   1.7439596e+00   1.9830188e+00   1.3751917e+00   6.4213534e-01   9.8993813e-01   1.0704440e+00   1.7787188e+00   2.2702282e+00   1.8829330e+00   1.7393394e+00   7.7159945e-01
   3.7894455e+00   3.1650861e+00   2.6828631e+00   2.7809787e+00   2.2265384e+00   1.8301957e+00   2.0722573e+00   1.2914099e+00   1.0717341e+00   9.8132130e-01   1.1562462e+00   2.0407646e+00   2.5818440e+00   2.1502346e+00   2.2044140e+00   1.2202455e+00
   4.3469682e+00   2.8939859e+00   3.3112848e+00   2.9422893e+00   3.0520909e+00   2.4838475e+00   1.8151445e+00   1.3943863e+00   1.6368458e+00   1.6120420e+00   1.3000430e+00   1.8651504e+00   2.6058457e+00   2.2704401e+00   2.4507423e+00   1.4154681e+00
   3.7869283e+00   3.1460146e+00   2.8887177e+00   2.4145354e+00   2.6097171e+00   2.3022015e+00   1.8753037e+00   1.4498960e+00   1.4255553e+00   1.4819033e+00   1.2570833e+00   1.6171266e+00   2.5300667e+00   2.2188318e+00   2.4509970e+00   1.1480713e+00
   3.7527946e+00   3.2817283e+00   3.0456879e+00   2.0857977e+00   2.0784281e+00   2.2386699e+00   1.7024986e+00   1.7515315e+00   1.8075723e+00   1.1769071e+00   1.1103206e+00   1.8491390e+00   2.6252415e+00   2.1414185e+00   2.4868775e+00   1.3804672e+00
   4.1099828e+00   3.4944919e+00   2.5320734e+00   2.5233214e+00   2.3058348e+00   2.1924861e+00   1.7006148e+00   1.4089267e+00   1.5663759e+00   1.4158670e+00   1.3604057e+00   2.2284335e+00   2.6438935e+00   2.0707628e+00   2.4915652e+00   1.1516157e+00
   3.9998059e+00   3.2726337e+00   2.7068044e+00   2.7907894e+00   1.9495938e+00   1.9916837e+00   1.8891249e+00   1.1201017e+00   9.0503894e-01   1.3751879e+00   1.1772936e+00   2.0092913e+00   2.5525710e+00   2.0238563e+00   2.3712027e+00   9.3580851e-01
   3.2070781e+00   2.9395592e+00   2.5466418e+00   1.9922242e+00   1.8522935e+00   2.1323757e+00   1.5117183e+00   1.0653564e+00   8.5240460e-01   1.3351912e+00   1.3879010e+00   2.1139718e+00   2.5280786e+00   1.8361426e+00   2.3492120e+00   1.1014599e+00
   3.7601131e+00   3.3292987e+00   2.8329691e+00   2.5499960e+00   2.0700498e+00   1.5313670e+00   1.5086998e+00   1.0708046e+00   9.1544990e-01   8.4336358e-01   1.1818507e+00   2.0266926e+00   2.4575497e+00   1.7623091e+00   2.2509811e+00   9.2333359e-01
   4.0039849e+00   2.8969799e+00   2.5239986e+00   2.7163168e+00   2.3088428e+00   1.8081209e+00   1.4477333e+00   1.7960249e+00   9.3536105e-01   1.2422215e+00   1.5313927e+00   2.0472043e+00   2.2601747e+00   1.6195264e+00   2.0980304e+00   9.5871608e-01
   4.2142554e+00   3.2172769e+00   2.6285694e+00   2.4675500e+00   2.1800640e+00   2.0528494e+00   1.8767242e+00   1.8778880e+00   1.0153870e+00   9.6770117e-01   1.5772773e+00   1.8421674e+00   2.0299443e+00   1.3010423e+00   1.7938894e+00   9.8573422e-01
   3.6059407e+00   3.5303492e+00   2.9055819e+00   2.4512945e+00   2.1223990e+00   1.8831901e+00   1.7661172e+00   1.2694862e+00   1.0916042e+00   1.3560916e+00   1.4777168e+00   1.8849135e+00   1.8024069e+00   1.2875977e+00   1.5833280e+00   6.5526139e-01
   4.4155154e+00   3.7846716e+00   2.9017325e+00   2.2028520e+00   2.2677831e+00   2.0521249e+00   1.9755360e+00   1.8804850e+00   1.1428393e+00   1.3585445e+00   1.5595634e+00   1.6650414e+00   1.6712848e+00   1.0398663e+00   1.4316249e+00   5.9299389e-01
   4.5082159e+00   3.2059870e+00   2.9373078e+00   2.6955683e+00   2.1311007e+00   2.1011770e+00   1.7489048e+00   1.0503542e+00   1.3344612e+00   1.3322741e+00   1.5484160e+00   1.5621540e+00   1.3749249e+00   1.0122660e+00   1.1184150e+00   6.4437460e-01
   4.6347470e+00   3.1133900e+00   2.1635568e+00   2.2663924e+00   2.0775612e+00   1.8610216e+00   1.6290069e+00   1.0298900e+00   1.1794285e+00   1.3725857e+00   1.1008352e+00   1.2767964e+00   1.4224222e+00   1.1311434e+00   1.2107771e+00   8.0314482e-01
   4.5411077e+00   3.3849968e+00   3.0177990e+00   2.5080184e+00   2.0340098e+00   1.9414922e+00   1.5615210e+00   1.7403847e+00   1.3798840e+00   1.4954873e+00   1.0329544e+00   1.2783445e+00   1.2308435e+00   8.9430859e-01   8.3038109e-01   9.5844651e-01
   4.1247369e+00   4.3321734e+00   3.1524193e+00   2.2508685e+00   2.1890325e+00   2.1234585e+00   1.6925852e+00   1.6714569e+00   1.6697455e+00   1.3691358e+00   1.1852144e+00   1.2702804e+00   1.2160639e+00   1.1456526e+00   1.0117878e+00   1.0358642e+00
   4.8099230e+00   4.2160392e+00   3.8203310e+00   2.9221247e+00   2.1606205e+00   1.8762613e+00   1.7702314e+00   1.4212439e+00   1.3031018e+00   1.4994859e+00   1.3189458e+00   9.1662094e-01   8.0190752e-01   8.4516817e-01   8.1476528e-01   8.5129789e-01
   5.4514665e+00   4.8103929e+00   3.8155206e+00   3.3774854e+00   3.0298229e+00   2.4173911e+00   2.3320692e+00   1.9594830e+00   1.9846441e+00   1.6296963e+00   1.2759757e+00   1.1877848e+00   1.0511431e+00   1.2128968e+00   8.9962821e-01   7.4081978e-01
   3.9950484e+00   3.3133455e+00   2.5977516e+00   1.8987961e+00   1.9837870e+00   1.9912834e+00   1.9179308e+00   1.7590234e+00   1.5157075e+00   1.7265866e+00   1.2907005e+00   8.1049231e-01   9.1804957e-01   8.3880596e-01   9.3614832e-01   8.7591706e-01
   3.6262170e+00   2.8130843e+00   2.6111649e+00   1.9753037e+00   2.0242737e+00   1.5017883e+00   1.6612296e+00   1.8411683e+00   1.0648345e+00   1.1970244e+00   1.1368709e+00   8.8636248e-01   8.9110750e-01   6.4227624e-01   6.7736461e-01   6.6471710e-01
   4.2147402e+00   3.6871846e+00   2.6075184e+00   2.5973732e+00   1.6449338e+00   1.4795247e+00   1.3388865e+00   1.5010139e+00   1.3630958e+00   1.2809483e+00   1.1229448e+00   1.0309880e+00   1.1784134e+00   6.4660196e-01   7.0828546e-01   7.9706866e-01
   3.8941973e+00   3.4593249e+00   2.5783493e+00   2.2071952e+00   2.3296476e+00   1.7648274e+00   1.4343019e+00   1.2490992e+00   1.4336728e+00   1.2979179e+00   1.1427161e+00   9.5838035e-01   8.1080933e-01   6.0882422e-01   8.6856139e-01   7.5838196e-01
   3.6365103e+00   3.0023364e+00   2.7323269e+00   2.2557434e+00   2.0213457e+00   1.7655369e+00   1.8938442e+00   1.5912237e+00   1.4367029e+00   1.4984284e+00   1.3938850e+00   1.1209577e+00   5.4049906e-01   8.0334405e-01   7.1289524e-01   8.8166644e-01
   4.2291936e+00   3.9041676e+00   2.9643794e+00   2.1631428e+00   2.2160389e+00   1.9780180e+00   1.7923214e+00   1.7471598e+00   1.2962321e+00   1.3764183e+00   1.0639971e+00   1.2044228e+00   6.7240264e-01   7.9888531e-01   7.9834116e-01   8.8232027e-01
   3.6536020e+00   3.0450853e+00   2.7445459e+00   2.2658252e+00   1.9610398e+00   1.8582581e+00   1.6796250e+00   1.7558949e+00   1.7028230e+00   1.7117061e+00   1.3267463e+00   1.2517342e+00   9.9753845e-01   8.2039892e-01   9.9480099e-01   1.0387729e+00
   3.6407583e+00   2.8110318e+00   2.3944658e+00   2.2246318e+00   2.0318695e+00   1.6086692e+00   1.2472232e+00   1.5339021e+00   1.5071495e+00   1.4815968e+00   1.6027832e+00   1.2578263e+00   9.3619671e-01   1.0614584e+00   1.1663795e+00   1.1533426e+00
   3.6222433e+00   3.4699834e+00   2.0425218e+00   2.2024871e+00   2.3013083e+00   1.5771563e+00   1.9276818e+00   1.6562306e+00   1.2942444e+00   1.5440380e+00   1.4772681e+00   1.2659715e+00   1.0970151e+00   1.2727151e+00   1.0988438e+00   9.9327797e-01
   3.6377244e+00   3.3477365e+00   2.7712962e+00   1.9441479e+00   1.7326594e+00   1.3618451e+00   1.2901700e+00   1.8389544e+00   1.6785614e+00   1.6593038e+00   1.5059304e+00   1.3102984e+00   1.0503064e+00   7.7898764e-01   6.4689255e-01   6.6280271e-01
   3.6648915e+00   3.5053107e+00   2.7917502e+00   2.1116504e+00   9.0684286e-01   1.2934685e+00   1.7571072e+00   1.8521787e+00   1.7157170e+00   1.5990403e+00   1.2525165e+00   9.7434645e-01   9.3538308e-01   1.0581901e+00   7.7685982e-01   7.0840169e-01
   4.0778473e+00   2.9027632e+00   2.7339991e+00   2.8685010e+00   2.4878676e+00   2.0254179e+00   1.6169805e+00   1.7843997e+00   1.4650690e+00   1.4923951e+00   1.2821101e+00   1.0984416e+00   1.0296400e+00   9.8557104e-01   1.0243773e+00   1.0557863e+00
   4.7458687e+00   3.3129272e+00   2.9093005e+00   2.6483427e+00   2.4866212e+00   2.2382277e+00   1.8740120e+00   1.7011538e+00   1.1632931e+00   1.2487485e+00   1.5829999e+00   1.3427442e+00   6.3466751e-01   8.2320158e-01   8.9018457e-01   8.1231724e-01
   4.4762571e+00   3.8829888e+00   3.3217139e+00   2.8011053e+00   2.6918397e+00   2.3689868e+00   2.1219459e+00   2.0273505e+00   1.7689663e+00   1.1637057e+00   1.3472290e+00   1.3587881e+00   9.1346373e-01   9.0516512e-01   8.0904830e-01   9.5218193e-01
   4.1810367e+00   3.4297233e+00   2.5259595e+00   2.3642970e+00   2.1664457e+00   2.0482190e+00   1.9326091e+00   1.4031559e+00   1.4922141e+00   1.6807053e+00   1.3248280e+00   1.3667906e+00   9.3931202e-01   6.8048114e-01   8.0170183e-01   9.8279017e-01
   3.9964029e+00   3.1430058e+00   2.1731521e+00   2.2018653e+00   1.1535067e+00   1.8253779e+00   1.9295522e+00   1.9226509e+00   1.6098819e+00   1.3917643e+00   1.3695952e+00   1.2520525e+00   1.1202355e+00   8.1550225e-01   5.9683270e-01   9.0844141e-01
   3.6099247e+00   3.0070579e+00   2.4242332e+00   2.0874980e+00   1.8204418e+00   2.1963371e+00   1.6431804e+00   1.5894976e+00   1.3936891e+00   1.2882707e+00   1.3605728e+00   1.2556438e+00   7.4767834e-01   7.8798175e-01   9.0477643e-01   8.7528626e-01
   4.2787015e+00   3.0687703e+00   2.2744282e+00   2.0375068e+00   1.8684652e+00   2.0384061e+00   1.6397010e+00   1.8418259e+00   1.8717910e+00   1.5350255e+00   1.3791940e+00   1.0828084e+00   7.0377234e-01   6.2154906e-01   7.7381886e-01   9.1729082e-01
   4.2621148e+00   3.3231533e+00   2.3235639e+00   2.2089517e+00   1.8371832e+00   1.4199789e+00   1.6101250e+00   1.4966916e+00   1.7022019e+00   1.4514829e+00   1.5550384e+00   1.1629171e+00   8.1017260e-01   7.2637051e-01   9.7314228e-01   9.9928490e-01
   4.0628656e+00   3.2564073e+00   2.3058400e+00   1.8428084e+00   1.6424697e+00   1.8414147e+00   1.7175605e+00   1.5435492e+00   1.7087570e+00   1.5969407e+00   1.1104015e+00   1.1711661e+00   7.4683538e-01   6.7286997e-01   6.8015716e-01   7.9562025e-01
   3.9783224e+00   3.0993387e+00   2.2969947e+00   2.5528235e+00   2.2627698e+00   2.0297037e+00   1.7686288e+00   1.7673711e+00   1.6008740e+00   1.4565217e+00   1.4103137e+00   8.7583107e-01   9.1728335e-01   7.2665622e-01   4.9351978e-01   7.5565437e-01
   3.4769898e+00   3.4770234e+00   2.6921810e+00   2.6029826e+00   2.2884010e+00   1.8517294e+00   1.9032785e+00   1.4756258e+00   1.7796121e+00   1.8718495e+00   1.2650856e+00   1.0010146e+00   7.1448618e-01   5.3601618e-01   6.9787989e-01   7.3822234e-01
   3.9461354e+00   3.4167583e+00   2.5071540e+00   2.3283170e+00   1.6638302e+00   1.5641078e+00   1.6697349e+00   1.4454528e+00   1.5116466e+00   1.6300078e+00   1.4254385e+00   1.4536381e+00   8.1614311e-01   5.3366332e-01   8.2133313e-01   7.9427419e-01
   3.7887756e+00   3.1536681e+00   1.8760141e+00   2.1568896e+00   1.9190155e+00   1.7647433e+00   1.6333294e+00   1.6230506e+00   1.3527601e+00   1.4129253e+00   1.2684219e+00   1.0340386e+00   5.9029031e-01   4.0845428e-01   5.9078851e-01   7.5147941e-01
   3.9032235e+00   3.1795235e+00   2.0321675e+00   1.7219731e+00   1.4516482e+00   1.4911183e+00   1.7732724e+00   1.7031916e+00   1.4460269e+00   1.4914706e+00   1.4138186e+00   1.3295839e+00   6.3948561e-01   7.5913564e-01   9.1411283e-01   7.8596117e-01
   4.1878357e+00   3.1380325e+00   2.1657000e+00   1.8439070e+00   1.7758277e+00   1.6475647e+00   1.3783680e+00   1.5561318e+00   1.2671336e+00   1.2913786e+00   1.0061131e+00   1.1788082e+00   8.5382113e-01   4.3972423e-01   4.5492216e-01   6.7899555e-01
