   4.0833941e+00   2.3912387e+00   1.5129861e+00   1.3612107e+00   1.2394352e+00   1.1583606e+00   1.0954695e+00   8.6043471e-01   7.6623282e-01   6.5861454e-01   6.5532726e-01   4.1179600e-02  -5.2464551e-01  -6.9349837e-01  -5.4888931e-01  -8.6498541e-01
   3.7759632e+00   2.3660400e+00   1.3363705e+00   1.4953068e+00   1.2246792e+00   1.0928388e+00   1.3175330e+00   8.3293553e-01   9.7600973e-01   1.1408602e+00   6.7133906e-01   4.7595004e-02   8.1022254e-03  -2.2187522e-01  -1.2213847e-01  -2.3971925e-01
   3.6523929e+00   2.2776315e+00   1.7046680e+00   1.3619669e+00   1.7687516e+00   1.2830263e+00   9.8618665e-01   8.2846073e-01   5.8953611e-01   8.4112661e-01   4.6002620e-01  -1.5701087e-02  -1.9870331e-01  -2.3909031e-01  -1.1123397e-01  -1.7456466e-01
   3.5615837e+00   2.7301989e+00   1.8146202e+00   1.5953234e+00   1.6205359e+00   1.4277298e+00   1.1326417e+00   1.0678102e+00   6.5416234e-01   6.5269841e-01   4.4023654e-02  -5.0263337e-02  -5.8409193e-01  -3.8874013e-01  -4.0082720e-01  -9.7432683e-01
   3.7130432e+00   2.2892912e+00   1.6451437e+00   1.3459152e+00   1.1605503e+00   1.1107376e+00   1.1396077e+00   9.1339778e-01   4.5942216e-01   5.7513669e-01   1.0072706e-01  -1.1676058e-01  -7.1882332e-01  -7.8791553e-01  -8.0030873e-01  -1.2242947e+00
   3.5644719e+00   2.9653141e+00   2.2016546e+00   1.7733264e+00   1.1412735e+00   8.3967785e-01   1.3059957e+00   8.0205664e-01   4.6265366e-01   6.7507332e-01   4.9859347e-01  -2.4052397e-02  -2.8023932e-01  -3.1138559e-01  -1.7240311e-01  -3.3892605e-01
   3.7076052e+00   2.1739404e+00   2.0016942e+00   1.4658412e+00   1.1238804e+00   8.8939451e-01   9.1785979e-01   5.8961823e-01   3.7210505e-01   6.2825177e-01   2.3501517e-01  -4.6896916e-01  -5.6518390e-01  -5.3515526e-01  -4.3559017e-01  -6.0252944e-01
   3.2922648e+00   2.7251584e+00   2.4765579e+00   1.3452021e+00   1.4715014e+00   1.4482894e+00   1.1272243e+00   9.7421879e-01   9.3187189e-01   4.5081672e-01   4.4488341e-01  -3.0320366e-02  -2.8506509e-01  -4.2128091e-01  -4.2661812e-01  -8.0337734e-01
   3.0492673e+00   1.9392002e+00   1.5679209e+00   1.4741469e+00   1.0723422e+00   1.2974755e+00   8.3541318e-01   6.9361476e-01   3.1582198e-01   3.9876012e-01   3.7908050e-01  -2.2249292e-01  -4.5534965e-01  -6.5051697e-01  -7.5928564e-01  -8.8137636e-01
   3.2518668e+00   2.1781279e+00   1.8264058e+00   1.7096270e+00   1.5544195e+00   1.2600619e+00   6.5844595e-01   9.1262112e-01   6.5527902e-01   6.8186688e-01   4.0935662e-02  -3.3173612e-01  -5.5049984e-01  -4.1642028e-01  -5.1051120e-01  -7.8165871e-01
   3.9630737e+00   2.6626331e+00   1.7704043e+00   9.3708847e-01   1.0825961e+00   1.2263015e+00   8.1111151e-01   8.9765609e-01   7.7913605e-01   4.1400186e-01   2.5592196e-01  -2.2539844e-01  -7.2545611e-01  -6.6582879e-01  -6.6386684e-01  -9.8096367e-01
   3.6670399e+00   3.3754842e+00   1.9969820e+00   1.4533164e+00   1.6822734e+00   1.3511170e+00   6.6198682e-01   6.8634503e-01   9.7188795e-01   8.2618790e-01  -9.1688993e-02  -2.9121994e-01  -5.7363857e-01  -4.6600668e-01  -4.4219427e-01  -5.4639241e-01
   4.0485179e+00   2.9669056e+00   1.6253537e+00   1.5564084e+00   1.5163876e+00   1.3203778e+00   9.2056046e-01   8.5551754e-01   1.0474550e+00   8.9158903e-01   2.4417744e-01  -1.9036899e-01  -5.1228145e-01  -8.5588156e-01  -5.6927713e-01  -1.0211658e+00
   3.3945756e+00   2.2802005e+00   1.8186460e+00   1.9768299e+00   1.3708835e+00   1.3329966e+00   1.0323837e+00   1.3828831e+00   8.8036148e-01   9.0359495e-01   4.2317084e-01   5.2566743e-02  -1.4801243e-01  -1.8637764e-01   4.6969937e-02  -2.7269714e-01
   3.5979390e+00   2.3052938e+00   1.5568036e+00   1.5281973e+00   1.1385677e+00   1.3885444e+00   1.2325665e+00   1.0359737e+00   8.8530101e-01   1.0218323e+00   5.7087036e-01   7.0731077e-03  -3.6067095e-02   6.6218898e-02   1.0846866e-01  -3.0570688e-01
   3.4767967e+00   2.5450279e+00   1.3451677e+00   9.1196068e-01   1.4083140e+00   1.9466222e+00   1.2139464e+00   8.6436026e-01   5.7504818e-01   5.8715472e-01   6.1899645e-01   3.1959255e-01  -1.6637563e-01   5.3611763e-02  -1.9059536e-02  -6.2246516e-01
   3.4413209e+00   2.9298486e+00   1.5916396e+00   1.4934347e+00   2.4458933e+00   2.5985503e+00   1.5890106e+00   7.7556567e-01   1.0330423e+00   1.8431013e+00   1.7628642e+00   1.5124441e+00   1.2496928e+00   1.6504845e+00   1.7032445e+00   6.2534262e-01
   3.6826752e+00   2.8459418e+00   1.8994071e+00   1.8325765e+00   2.5801224e+00   2.9473581e+00   2.0352874e+00   1.1928021e+00   1.4232127e+00   2.2280297e+00   2.0476982e+00   1.8133152e+00   1.4817272e+00   1.8357505e+00   2.0804634e+00   8.6784929e-01
   4.0259750e+00   2.9444768e+00   2.1945629e+00   2.3788783e+00   2.9243172e+00   3.1243532e+00   2.0629287e+00   1.2370459e+00   1.5960657e+00   2.4530966e+00   2.3013119e+00   1.8786025e+00   1.3834683e+00   1.4999400e+00   1.8930751e+00   7.1835561e-01
   4.8908100e+00   3.2349036e+00   2.0308093e+00   1.9509189e+00   2.7967604e+00   3.1158490e+00   2.0859364e+00   1.6222321e+00   1.7722702e+00   2.3801515e+00   2.3787397e+00   1.9968126e+00   1.4716212e+00   1.6252735e+00   2.0336435e+00   6.4373572e-01
   4.3625081e+00   2.6986987e+00   1.9452896e+00   2.0119846e+00   2.8670184e+00   3.2833842e+00   2.1700740e+00   1.6502910e+00   1.7740988e+00   2.4083096e+00   2.3523751e+00   2.0011561e+00   1.7006245e+00   1.7878328e+00   2.0871784e+00   7.1398395e-01
   3.2243271e+00   2.1433611e+00   2.2996053e+00   2.4850326e+00   2.9465014e+00   3.3132662e+00   2.1602891e+00   1.4590361e+00   1.7490524e+00   2.5346894e+00   2.5958949e+00   2.1929637e+00   1.8034613e+00   1.9008907e+00   2.3016897e+00   8.6652160e-01
   3.6906517e+00   3.2088454e+00   2.0412532e+00   1.9560137e+00   3.0335953e+00   3.3810509e+00   2.3044224e+00   1.7721569e+00   1.9425454e+00   2.5788271e+00   2.5778872e+00   2.1535196e+00   1.7239126e+00   1.9289145e+00   2.3696818e+00   8.3833803e-01
   4.1359667e+00   2.6673969e+00   1.8592533e+00   1.9840387e+00   2.8500306e+00   3.2222757e+00   2.3007453e+00   1.9430349e+00   2.0973162e+00   2.6797646e+00   2.5712325e+00   2.0870848e+00   1.5758290e+00   1.8361004e+00   2.2656020e+00   7.0819667e-01
   4.1614295e+00   2.9819579e+00   2.2346773e+00   1.8594890e+00   2.9109857e+00   3.2347471e+00   2.4480105e+00   1.9206696e+00   2.0573877e+00   2.5355543e+00   2.3595208e+00   1.9055951e+00   1.2554985e+00   1.4499856e+00   1.8903893e+00   3.2394533e-01
   3.3482258e+00   2.7187241e+00   1.8187185e+00   1.5511294e+00   2.7729101e+00   3.2230390e+00   2.3486811e+00   1.5889364e+00   1.9127150e+00   2.3817679e+00   2.1392992e+00   1.5530501e+00   8.4790358e-01   1.1325768e+00   1.4837044e+00   1.3047605e-01
   4.4224466e+00   3.1078538e+00   1.9426065e+00   1.5757109e+00   2.6277530e+00   3.1459831e+00   2.2453848e+00   1.3581480e+00   1.7408968e+00   2.2173577e+00   1.8590488e+00   1.4512516e+00   8.9679054e-01   1.0520551e+00   1.2960110e+00   2.3182646e-01
   3.9401269e+00   3.0262532e+00   1.9099157e+00   2.0171333e+00   2.6784123e+00   3.0487593e+00   2.1716574e+00   1.5102054e+00   1.9271937e+00   2.1852066e+00   1.8486312e+00   1.4522084e+00   1.1714336e+00   1.3564455e+00   1.5584833e+00   3.0964763e-01
   3.7439651e+00   3.1367945e+00   1.6312472e+00   1.7088708e+00   2.5616421e+00   2.9736771e+00   2.1103736e+00   1.3868349e+00   1.9325530e+00   2.2966160e+00   1.9873202e+00   1.6163935e+00   1.2184744e+00   1.4974698e+00   1.8444968e+00   5.3866143e-01
   3.5875429e+00   2.5935167e+00   2.2131514e+00   2.0350560e+00   2.5349572e+00   2.9989421e+00   2.2408678e+00   1.4475529e+00   2.0330681e+00   2.4768311e+00   2.1296730e+00   1.8940030e+00   1.3471844e+00   1.5682605e+00   1.9130205e+00   6.2929827e-01
   4.5838022e+00   3.3997234e+00   1.6541124e+00   1.9848587e+00   2.5370942e+00   2.9557909e+00   2.2351063e+00   1.3718440e+00   1.8570311e+00   2.4376183e+00   2.2799029e+00   1.9174788e+00   1.2994679e+00   1.6180144e+00   2.0131308e+00   7.2606231e-01
   3.8017452e+00   2.9889555e+00   1.1574900e+00   1.7383077e+00   2.4155490e+00   2.6933475e+00   1.7275535e+00   1.3183605e+00   1.6851181e+00   2.3500609e+00   2.1256131e+00   1.9010030e+00   8.0054421e-01   1.1863228e+00   1.7145123e+00   5.4401661e-01
   4.5021100e+00   2.9893825e+00   2.0664610e+00   2.3528921e+00   2.4531287e+00   2.4780818e+00   1.6782750e+00   1.2200435e+00   1.4912297e+00   2.0780821e+00   2.1540220e+00   1.6409539e+00   6.8966461e-01   8.3783146e-01   1.3974606e+00   7.0304834e-01
   4.4595994e+00   3.2965384e+00   2.0196143e+00   2.3262009e+00   2.4025980e+00   2.1158602e+00   1.5416183e+00   8.5124736e-01   1.4512545e+00   1.9944011e+00   1.8298408e+00   1.0561262e+00   4.1540644e-01   2.3016425e-01   1.1083159e+00   6.5067617e-01
   4.2531655e+00   3.0641879e+00   1.9672443e+00   1.7782132e+00   1.7667773e+00   1.6893556e+00   1.1447134e+00   1.1431706e+00   1.0063144e+00   1.3163873e+00   8.8148693e-01   5.4780033e-01   2.6193579e-01   2.3457472e-01   3.9174589e-01   3.8445788e-01
   4.2799515e+00   2.3013728e+00   1.8977405e+00   1.6579056e+00   8.9136348e-01   1.6291934e+00   9.0606561e-01   9.6737994e-01   7.8733136e-01   7.3247438e-01   5.2724928e-01   8.3261961e-02  -4.1919632e-01  -5.6556087e-01  -5.8601624e-01  -9.6575213e-01
   4.0692900e+00   2.4308025e+00   1.6409937e+00   1.2404297e+00   1.0235019e+00   1.4661227e+00   1.0452840e+00   7.3411952e-01   9.3850187e-01   5.9024775e-01   5.4725072e-01  -5.5532611e-02  -5.1890628e-01  -3.2519090e-01  -3.3196819e-01  -5.1067859e-01
   4.2456069e+00   2.8698914e+00   1.7219610e+00   1.5309920e+00   1.4695920e+00   1.2594297e+00   1.1553804e+00   7.9336469e-01   1.1420250e+00   9.7853513e-01   4.7707811e-01   1.9961208e-01  -2.0672073e-02  -4.4729284e-02  -6.1248898e-02  -1.7136844e-01
   4.2168824e+00   2.5843954e+00   1.6385216e+00   1.1636181e+00   6.1140723e-01   1.0226896e+00   9.8091398e-01   6.9998938e-01   6.7764910e-01   5.0131201e-01   2.8839865e-01   3.0049445e-01  -3.6589562e-01  -6.8250404e-01  -7.3527333e-01  -7.9614367e-01
   4.1618904e+00   2.9269751e+00   1.6871974e+00   1.7600653e+00   1.4372884e+00   1.3352662e+00   9.0234061e-01   6.5064204e-01   7.2412824e-01   4.8703980e-01   1.5266013e-01  -1.2514724e-01  -5.6144493e-01  -6.4522823e-01  -4.8934328e-01  -7.1886253e-01
   3.9619162e+00   2.6744675e+00   1.6302982e+00   1.4928494e+00   1.2887355e+00   1.2212304e+00   1.4103082e+00   8.5220796e-01   6.3023771e-01   6.0347651e-01  -7.0644096e-02  -2.8912625e-01  -5.0668889e-01  -7.9429337e-01  -6.2591779e-01  -4.7521011e-01
   4.2361495e+00   3.1625158e+00   1.8982954e+00   1.4355198e+00   1.6658285e+00   1.4638641e+00   1.2310511e+00   8.0807835e-01   6.7812214e-01   8.6041112e-01   4.8162010e-01   2.0915971e-01   1.3395324e-01   1.6404070e-01   1.5749598e-01   1.7435108e-01
   4.0977191e+00   2.5779447e+00   1.4627000e+00   1.7859226e+00   1.2301461e+00   1.0748565e+00   1.3717621e+00   9.4563776e-01   5.2625484e-01   7.8330579e-01   5.1865844e-01   2.8091809e-02  -6.7810063e-02   3.3372007e-02   1.4621846e-02   1.0447758e-01
   3.4748932e+00   2.3286122e+00   1.4258988e+00   1.7679920e+00   9.1652188e-01   9.9628544e-01   1.3467593e+00   1.1063972e+00   5.5300689e-01   7.5074058e-01   4.8735822e-01   7.2165450e-02  -1.6905184e-01  -6.9202942e-02   1.5010006e-01   5.6651470e-01
   4.3196575e+00   2.5856909e+00   1.9732522e+00   1.8538495e+00   9.8338447e-01   9.2639037e-01   7.4443834e-01   1.0851343e+00   8.5801499e-01   4.7680913e-01   2.9617476e-01  -1.1183591e-01  -1.6099446e-01  -2.0375475e-01   9.2090551e-02   4.3989100e-01
   4.0283598e+00   2.4867851e+00   2.1905751e+00   2.1394426e+00   1.2500883e+00   1.6004304e+00   1.1813398e+00   6.7390778e-01   8.6596093e-01   7.4289728e-01   5.0657006e-01   3.9705559e-01   1.6890449e-01   2.2545044e-01   4.9219423e-01   6.2220635e-01
   3.5280044e+00   2.8037968e+00   2.2528710e+00   1.7028874e+00   1.5259803e+00   1.0819625e+00   8.8525426e-01   8.3671792e-01   7.8713488e-01   8.0434531e-01   5.5785299e-01   3.0447723e-01  -1.7073400e-01  -1.6374806e-01   2.1743762e-01   6.9659974e-01
   3.5367094e+00   2.7257941e+00   2.0668550e+00   1.8629794e+00   1.1787304e+00   1.1727526e+00   1.1004447e+00   9.6753948e-01   7.3837484e-01   6.9362659e-01   2.2148436e-01   3.4463055e-01  -2.8716218e-01  -3.7362824e-01   1.6809690e-01   7.5764580e-01
   4.2932381e+00   2.9238677e+00   2.1952593e+00   1.5917363e+00   1.5216486e+00   1.4188432e+00   9.4114143e-01   1.1965739e+00   9.5172845e-01   6.3935685e-01   2.9775363e-01  -6.2516027e-02  -3.6374104e-01  -2.3116993e-01   7.9719808e-02   6.0047537e-01
   4.1876499e+00   2.9973411e+00   1.9765219e+00   1.2778311e+00   8.3917775e-01   7.3267472e-01   1.0663515e+00   1.2461201e+00   1.0880041e+00   4.2779676e-01   2.9238865e-01   2.5403197e-01   1.1173460e-01   2.2699927e-01   2.2682362e-01   8.3948151e-01
   4.5079993e+00   2.9392975e+00   1.8297668e+00   1.1647688e+00   9.6695837e-01   8.2017258e-01   1.1837937e+00   1.1519331e+00   8.1742359e-01   5.2378576e-01   5.9019207e-01   3.1839652e-01   1.3481619e-01   2.5741281e-01   3.5919730e-01   1.0385073e+00
   4.5255941e+00   2.0875004e+00   1.8720665e+00   1.7197002e+00   1.1781789e+00   1.1139862e+00   1.1540233e+00   9.3766746e-01   7.1540321e-01   5.1623131e-01   7.1454022e-01   2.1198408e-01   8.8000115e-02   1.5007904e-01   4.3959131e-01   1.1583407e+00
   4.4237909e+00   2.8732935e+00   1.6366873e+00   1.2853286e+00   9.8944131e-01   1.1748755e+00   1.0065209e+00   5.9881555e-01   1.0560407e+00   5.6358702e-01   2.8903171e-01   3.1419296e-01  -1.4940804e-01   1.7054033e-01   3.8777215e-01   1.0438596e+00
   3.8891693e+00   2.4014887e+00   1.2523018e+00   1.7199960e+00   1.2146091e+00   1.2562302e+00   9.3702034e-01   1.0576338e+00   1.0414492e+00   6.2161362e-01   1.4271398e-01  -2.0176218e-01  -3.2201438e-02   1.6980233e-01   6.0894011e-01   1.1496252e+00
   3.6995851e+00   2.8910076e+00   1.9699255e+00   1.9203312e+00   1.1341346e+00   1.3001525e+00   9.3391297e-01   1.0364985e+00   6.8588937e-01   7.0292846e-01   4.2276384e-01   3.9998930e-01   2.3220867e-01   2.0646676e-01   4.1376477e-01   1.0983693e+00
   3.9171727e+00   2.8839047e+00   1.5676341e+00   1.5825502e+00   9.4715147e-01   1.1431702e+00   1.1843156e+00   1.2005414e+00   8.3106834e-01   5.7144975e-01   3.3912129e-01   1.7047328e-01  -7.1198351e-02  -4.0522386e-02   2.4822895e-01   1.0096110e+00
   3.2172192e+00   2.3687236e+00   1.9090720e+00   1.6200768e+00   1.1413558e+00   1.0499386e+00   1.4171975e+00   7.5595202e-01   9.1551688e-01   8.9041672e-01   5.1201414e-01  -5.9151809e-02  -2.5949613e-01  -1.9837069e-01   1.7229450e-01   6.8083592e-01
   3.9457772e+00   2.5828755e+00   1.9391874e+00   1.4250298e+00   1.0576929e+00   1.2939120e+00   1.2266395e+00   1.0563123e+00   1.0120969e+00   6.2617351e-01   5.8371608e-01  -5.8916497e-02  -5.3609860e-01  -2.0104498e-01   2.3201785e-01   8.6942430e-01
   3.1917915e+00   2.5929733e+00   2.0149469e+00   1.4889214e+00   1.3999929e+00   1.6517526e+00   9.4170073e-01   8.4027160e-01   1.1752536e+00   1.1685153e+00   4.8645467e-01   2.9559763e-01   3.1364007e-01   5.2742799e-01   8.7665616e-01   9.5506125e-01
   4.4436328e+00   2.6856183e+00   1.6176374e+00   1.6880608e+00   1.3743969e+00   1.0534482e+00   1.0310927e+00   6.7700621e-01   7.6642486e-01   9.5315506e-01   1.6970325e-01   7.7878090e-03  -1.5202895e-01   1.1111380e-02   8.7653147e-02   4.0167405e-01
   4.0206565e+00   2.6359883e+00   1.3431703e+00   1.3868298e+00   1.5572712e+00   1.5294569e+00   1.1486855e+00   8.0404759e-01   5.9253778e-01   4.2015627e-01   1.6316069e-01  -2.0618222e-01  -1.6939210e-01   5.0299083e-02   9.9008881e-02   4.8078856e-01
   4.3335915e+00   3.1226622e+00   1.6901185e+00   1.8721548e+00   1.5179048e+00   1.7202964e+00   1.1260110e+00   8.9995507e-01   9.3576223e-01   5.4057671e-01   4.7297996e-01   4.4142745e-02   1.2475550e-02   1.6658801e-01   2.8846583e-01   2.5004961e-01
   4.0678259e+00   3.2019518e+00   1.9777624e+00   1.6179579e+00   1.6988124e+00   1.6664881e+00   9.6385445e-01   3.2515764e-01   4.9994057e-01   5.9740059e-01   2.8579979e-01  -3.6943616e-01  -1.9145095e-01  -2.1835304e-01  -4.2109984e-01  -3.3412442e-01
   4.1266663e+00   2.8195000e+00   1.9752933e+00   1.9817070e+00   1.8476071e+00   1.4681004e+00   7.6490257e-01   8.3245343e-01   7.1030740e-01   5.8545951e-01   4.3164171e-01   1.6896915e-01   1.6003156e-01   1.5478716e-01   1.4920485e-01  -1.7836372e-02
   3.9913689e+00   2.8668299e+00   2.0440561e+00   1.9967550e+00   1.5469365e+00   1.2045355e+00   5.5393839e-01   9.5297538e-01   8.2107111e-01   4.8281834e-01   5.0946388e-01   1.5340714e-01  -2.6016621e-01  -2.7674205e-01  -8.4563622e-02  -4.0165051e-01
