   3.4367745e+00   2.0096041e+00   2.1419646e+00   2.0796621e+00   1.4299638e+00   1.6846618e+00   1.3316905e+00   1.0459251e+00   8.9308216e-01   5.3886095e-01   6.2306512e-01   9.2060904e-02  -3.5228204e-01  -4.3207453e-01  -3.6369337e-01  -3.9126283e-01
   4.0207550e+00   2.4791726e+00   1.6476181e+00   1.6580775e+00   1.3199573e+00   1.6611926e+00   9.2775307e-01   5.6394411e-01   7.4316915e-01   7.5273740e-01   5.6512947e-01   1.5255216e-01  -1.6417697e-01  -1.5552720e-01  -2.4727296e-01  -3.0222817e-01
   3.3910839e+00   2.4138614e+00   2.0274178e+00   1.5643491e+00   1.4361983e+00   1.7594972e+00   1.0604277e+00   8.8134851e-01   5.3103249e-01   9.0248172e-01   5.3283532e-01   1.8010302e-01  -2.3138276e-01  -3.0063317e-01  -2.6507240e-01  -4.2489777e-01
   4.1055335e+00   2.6832430e+00   1.9858773e+00   1.9936750e+00   1.6209033e+00   1.6863418e+00   1.1678633e+00   7.7165324e-01   8.9209807e-01   8.4260198e-01   5.7358718e-02  -1.7309824e-01  -2.0603142e-01  -1.5624748e-01   6.5336934e-02  -1.3526190e-01
   3.9912885e+00   2.7017485e+00   1.9144229e+00   2.0148575e+00   1.1413171e+00   1.4661804e+00   8.7956996e-01   9.3898457e-01   8.3547156e-01   9.7122455e-01   4.4591329e-01   2.2389319e-01  -7.5823608e-02   5.6392164e-02   1.8488548e-01  -6.1454606e-02
   4.6981318e+00   3.1759671e+00   2.1074451e+00   1.8906840e+00   1.1163981e+00   1.2554102e+00   1.1678240e+00   8.5695037e-01   4.5935786e-01   6.3909652e-01   4.2027091e-01  -5.1568230e-02  -2.5551769e-01  -2.9050167e-01  -4.8480058e-01  -3.5374052e-01
   3.8718589e+00   2.0574867e+00   1.8460660e+00   1.7655164e+00   5.4952325e-01   1.2629585e+00   1.0824477e+00   9.1168022e-01   4.2709246e-01   5.5137316e-01   3.5152110e-01  -2.3103456e-01  -3.3313522e-01  -8.2026687e-01  -8.5358735e-01  -5.4893799e-01
   4.0202616e+00   2.8910143e+00   1.3618867e+00   8.8504447e-01   7.7973967e-01   1.3739867e+00   7.9507990e-01   9.0393230e-01   1.0104834e+00   8.4310186e-01   1.5162901e-01   4.6695706e-02   2.6391487e-02  -3.2303376e-01  -2.9481992e-01  -2.7160082e-01
   4.4043180e+00   2.7928284e+00   1.7580047e+00   1.2706340e+00   1.2027615e+00   1.0327081e+00   1.1328295e+00   1.3828307e+00   7.5211358e-01   9.1132710e-01   4.5982337e-01  -2.7267174e-02  -2.4351011e-01  -6.4943899e-01  -5.2573140e-01  -8.8187838e-01
   3.6377546e+00   2.2640300e+00   1.9555969e+00   1.7240421e+00   1.3424449e+00   1.4096837e+00   1.3242617e+00   1.1402204e+00   1.2300234e+00   8.1050864e-01   4.7889882e-01  -1.1643712e-01  -1.7309088e-01  -3.4512721e-01  -3.4142245e-01  -6.3007456e-01
   3.5543020e+00   2.7576165e+00   2.0902789e+00   1.4083521e+00   8.4010601e-01   8.1169180e-01   8.2765723e-01   1.0449453e+00   1.0955868e+00   6.1834664e-01   7.4963457e-01   1.8472836e-01   1.4024406e-01   9.9062625e-02   6.8780212e-02   5.0989273e-02
   4.5609105e+00   2.7049821e+00   2.3039665e+00   1.7258390e+00   1.3419057e+00   1.5273489e+00   1.4002842e+00   9.4765444e-01   7.1212556e-01   8.4408310e-01   6.2462329e-01   3.2550282e-02  -4.6578745e-01  -4.9576494e-01  -5.3982624e-01  -6.6512246e-01
   4.3820068e+00   2.5283355e+00   1.9917214e+00   2.1514934e+00   1.4412128e+00   1.3206821e+00   1.2274439e+00   9.5549706e-01   5.9444208e-01   3.8183030e-01   3.3351637e-01   1.2800561e-01  -4.1612814e-01  -3.2550228e-01  -4.0217095e-01  -7.1213180e-01
   3.4882383e+00   2.2630651e+00   1.3031145e+00   1.2317822e+00   1.3229684e+00   1.5116407e+00   1.2777296e+00   9.2096599e-01   9.2247338e-01   5.4025888e-01   5.9715429e-01   1.8686632e-01  -5.3024235e-01  -6.2208946e-01  -3.7802789e-01  -5.3015274e-01
   2.9741135e+00   2.5281432e+00   1.8390627e+00   1.7685371e+00   1.4493126e+00   1.5268319e+00   1.2850884e+00   1.2591616e+00   6.6806952e-01   5.0540862e-01   3.3586562e-01   1.8322767e-01  -2.6211299e-01  -4.6790063e-01  -2.2264164e-01  -5.5029679e-01
   3.6639727e+00   2.4471916e+00   1.5134983e+00   1.0771185e+00   1.1520663e+00   1.4176235e+00   1.1941203e+00   8.4364178e-01   4.4492678e-01   4.0787558e-01   1.6379365e-01  -3.7701403e-01  -4.4102775e-01  -7.6755970e-01  -4.4686636e-01  -8.6230094e-01
   4.4657040e+00   2.8804811e+00   1.7077385e+00   1.6495719e+00   1.3114860e+00   1.5794498e+00   1.4562175e+00   1.0880150e+00   7.8448711e-01   4.4672900e-01   3.4011743e-01  -1.0082972e-01  -4.1954940e-01  -5.7504007e-01  -3.3087358e-01  -5.1080342e-01
   3.8591428e+00   2.4267349e+00   2.3720336e+00   1.9560644e+00   1.1103431e+00   1.0611143e+00   1.1083736e+00   1.1570820e+00   8.9948719e-01   6.9074962e-01   5.0185481e-01   2.0988291e-02  -9.6680858e-02   1.2625841e-03  -1.1107792e-01  -2.8283259e-01
   4.2060097e+00   2.9296882e+00   1.9832893e+00   1.4561256e+00   9.1654154e-01   1.4916605e+00   1.3378379e+00   9.0182406e-01   6.5845266e-01   2.0899778e-01   4.9740932e-01  -2.4334242e-02  -4.3133930e-01  -7.2665414e-01  -4.9931979e-01  -7.3704577e-01
   3.8301833e+00   3.3463419e+00   1.9459316e+00   1.7040013e+00   1.4259800e+00   1.7484928e+00   1.1953832e+00   7.5969714e-01   5.3618001e-01   5.2058232e-01   4.9981797e-01   7.9491322e-02  -5.0936436e-01  -7.3855061e-01  -4.7710258e-01  -6.0419416e-01
   3.7254271e+00   3.0607901e+00   1.9621440e+00   1.8058075e+00   1.2843235e+00   1.1066226e+00   1.0613120e+00   4.9404860e-01   2.5037746e-01  -5.1880280e-02   4.4686665e-01   5.7433302e-02  -4.8852600e-01  -4.5254362e-01  -2.7380805e-01  -4.7369247e-01
   3.3337178e+00   2.6961116e+00   1.8762397e+00   1.5869811e+00   1.0996776e+00   8.4881658e-01   5.6059360e-01   5.2038419e-01   5.3068056e-01   5.3714401e-01   4.9842197e-01  -6.0904187e-03  -3.5526744e-01  -2.2641220e-01  -8.4262447e-02  -3.0564556e-01
   3.8958051e+00   2.4564688e+00   1.9309397e+00   1.6706201e+00   9.6341042e-01   8.7029396e-01   7.9719236e-01   7.3050140e-01   8.3469979e-01   3.8978180e-01   4.4010138e-01  -3.3908066e-01  -5.3508470e-01  -4.6384648e-01  -8.1290496e-02  -2.4968670e-01
   4.0222469e+00   2.9877183e+00   1.9600791e+00   1.5071411e+00   1.0396484e+00   1.0368004e+00   9.7934111e-01   9.5195148e-01   7.7202431e-01   5.4515170e-01   5.9634870e-01   2.3496367e-01   1.0529187e-01   1.7444804e-01   2.0987733e-01   9.2989708e-02
   4.4757891e+00   2.8961960e+00   1.6698018e+00   1.4226274e+00   8.6766490e-01   1.3220426e+00   1.1747991e+00   1.1433069e+00   1.1756948e+00   5.5768318e-01   4.9717096e-01  -6.1072695e-02  -2.1001223e-01  -2.6076749e-01  -6.8065153e-02  -3.0555321e-01
   4.6043350e+00   3.3490152e+00   2.0442812e+00   1.4460046e+00   1.0596042e+00   1.8610366e+00   1.5120403e+00   9.5601001e-01   1.0949983e+00   4.1232130e-01   2.8871896e-01   1.1812667e-01  -1.3735845e-01  -1.6431075e-01  -8.3208443e-02  -1.2993885e-01
   4.5985160e+00   3.5360107e+00   2.4575362e+00   1.5468157e+00   1.5963829e+00   1.7251089e+00   1.4395926e+00   1.2506759e+00   9.1059545e-01   9.0593739e-01   5.0326970e-01   2.1910601e-01   6.1982043e-02   5.5894310e-02   1.1530741e-01   1.5897257e-01
   4.0331161e+00   3.0962491e+00   1.8313439e+00   1.4848235e+00   1.6931055e+00   1.6115853e+00   1.1918103e+00   1.0042689e+00   1.0900625e+00   9.9166971e-01   5.1662264e-01   1.6372131e-01  -1.5587818e-01  -2.2878913e-01  -1.1013589e-01  -3.5719144e-02
   4.1069198e+00   3.1482351e+00   1.9603277e+00   1.1443131e+00   1.2895340e+00   1.4432917e+00   1.3036021e+00   1.7252996e+00   1.0612962e+00   1.1728803e+00   5.6188904e-01   4.6969460e-01  -2.3001289e-01  -1.7370575e-01   1.6542638e-02  -2.4223185e-01
   3.9695489e+00   3.0885434e+00   1.9942171e+00   1.5025983e+00   9.4785595e-01   8.4656372e-01   6.4222975e-01   1.0129862e+00   7.0717994e-01   5.9360726e-01   1.9866463e-01   6.0101525e-02  -6.7668437e-01  -2.0918921e-01  -2.0358073e-01  -4.4443302e-01
   4.4367998e+00   3.1084526e+00   2.1825550e+00   2.0513697e+00   1.2411421e+00   1.4058428e+00   9.8894863e-01   7.2533731e-01   7.2146975e-01   7.7107073e-01   5.0516574e-01   1.9677910e-01  -3.6193751e-02  -6.3804758e-03   1.0497285e-01  -6.0080597e-02
   4.1805349e+00   2.7927370e+00   2.0777376e+00   1.2741739e+00   9.8720997e-01   1.4588506e+00   9.9638601e-01   8.0525635e-01   5.2703949e-01   3.4870329e-01   2.8992673e-01   3.3638801e-01   3.9432209e-01   4.2164659e-01   1.5503855e-01   7.3832153e-02
   3.8263759e+00   2.9850622e+00   2.3847110e+00   1.7699448e+00   1.5195668e+00   1.0154441e+00   6.1590519e-01   8.0363284e-01   7.3819271e-01   3.0724818e-01   4.1352578e-01   2.2008350e-01   9.5468802e-01   8.9840328e-01   6.4051313e-01   3.6479590e-01
   4.4434744e+00   3.1577081e+00   1.8557730e+00   2.1251322e+00   1.2536109e+00   9.2475833e-01   8.9975275e-01   1.0191528e+00   1.1979968e+00   8.1425674e-01   8.0342875e-01   7.2399181e-01   1.3938577e+00   1.6163433e+00   1.2018787e+00   3.1740137e-01
   3.9472732e+00   3.0403896e+00   1.9996625e+00   2.4059069e+00   1.6935160e+00   1.6461542e+00   9.6808543e-01   8.8245960e-01   7.8246992e-01   8.5786301e-01   7.7402892e-01   7.4812537e-01   1.9694929e+00   2.3034049e+00   1.9489206e+00   8.1611384e-01
   3.1974254e+00   2.7332589e+00   2.0019716e+00   1.5852161e+00   1.5469457e+00   1.3228313e+00   7.1418655e-01   1.0132298e+00   7.8961124e-01   4.8027426e-01   6.4791822e-01   9.6745042e-01   1.8677379e+00   2.1616074e+00   1.8548676e+00   6.4847371e-01
   3.0920727e+00   2.2935994e+00   1.7664517e+00   2.2326975e+00   1.5948522e+00   1.1759419e+00   8.6527296e-01   7.3296178e-01   5.2672509e-01   1.8567238e-01   4.8477913e-01   7.7447017e-01   1.5272717e+00   2.0637200e+00   1.6090315e+00   3.9879290e-01
   4.0122268e+00   3.2035259e+00   1.9349595e+00   1.9610499e+00   1.4023320e+00   1.6426225e+00   6.5831151e-01   1.3002306e+00   1.1614351e+00   7.7983024e-01   5.1000670e-01   7.8525307e-01   1.6220762e+00   2.2193110e+00   1.7263044e+00   2.5992811e-01
   4.4049464e+00   3.1645491e+00   2.0973731e+00   1.7725889e+00   1.1165767e+00   1.5949963e+00   1.1163032e+00   1.2690138e+00   1.0654035e+00   9.5361421e-01   7.5544460e-01   8.1706706e-01   1.7332915e+00   2.3786571e+00   1.9306304e+00   4.8193599e-01
   4.2918554e+00   3.0375237e+00   2.3227612e+00   1.8495106e+00   1.2011642e+00   1.2815134e+00   1.1357742e+00   1.2009697e+00   8.4326195e-01   8.0711814e-01   7.7497702e-01   7.6006632e-01   1.5052425e+00   2.1721293e+00   1.8191651e+00   5.2845104e-01
   3.5239884e+00   3.7178649e+00   2.3571643e+00   1.6620605e+00   8.2022887e-01   1.5475429e+00   1.1497799e+00   7.2294096e-01   8.4275313e-01   2.8358224e-01   4.8503367e-01   8.5964328e-01   1.3638426e+00   2.1897311e+00   1.8173835e+00   5.5035854e-01
   4.0006457e+00   3.4363537e+00   2.1771030e+00   1.5825376e+00   9.0164322e-01   1.5234159e+00   1.3366532e+00   5.0091324e-01   8.3980953e-01   7.7551821e-01   7.2522386e-01   9.8328163e-01   1.3484843e+00   2.2098831e+00   1.8472108e+00   5.4306755e-01
   3.3645441e+00   3.1585160e+00   1.9690797e+00   1.9886221e+00   1.3749125e+00   1.4315604e+00   1.2888155e+00   4.8115241e-01   5.6974846e-01   3.7427945e-01   3.7156925e-01   1.0415625e+00   1.2724341e+00   2.1025324e+00   1.7232658e+00   4.2928043e-01
   3.7964838e+00   3.2560795e+00   1.6210102e+00   1.4777879e+00   9.2712308e-01   1.5976884e+00   1.1220900e+00   7.4718182e-01   6.1060198e-01   5.9803635e-01   7.6574692e-01   1.1928734e+00   1.4605666e+00   2.1419856e+00   1.7646135e+00   2.6041914e-01
   3.0119183e+00   2.7689962e+00   1.4364858e+00   1.6342929e+00   1.2313526e+00   1.7140276e+00   1.0661108e+00   6.1838925e-01   1.0150885e+00   5.7581520e-01   3.2461229e-01   8.3408030e-01   1.4255636e+00   2.0298016e+00   1.6215477e+00   6.5439472e-02
   3.2799279e+00   2.7321295e+00   1.7627486e+00   1.9138297e+00   1.4242716e+00   1.4846835e+00   1.3096411e+00   1.1129325e+00   8.7238758e-01   4.3357805e-01   5.8796055e-01   8.5336520e-01   1.3689990e+00   2.0891445e+00   1.6955850e+00  -1.5168141e-02
   4.1277692e+00   3.3532440e+00   1.8991357e+00   1.9908651e+00   1.3164645e+00   1.3476261e+00   1.3684857e+00   9.8667305e-01   9.0669631e-01   5.2315442e-01   1.1030460e-01   5.8231045e-01   1.3669567e+00   2.0206318e+00   1.4984265e+00   1.6270654e-02
   4.5495727e+00   3.3509844e+00   2.4301819e+00   2.1279658e+00   8.1846171e-01   1.0373010e+00   1.2293869e+00   9.6863912e-01   1.0477518e+00   6.6846270e-01   3.3820212e-01   6.3883050e-01   1.4647362e+00   1.9958702e+00   1.5423428e+00   2.1196124e-02
   4.0521920e+00   3.1387714e+00   2.4730933e+00   1.6666902e+00   9.3087437e-01   9.5953658e-01   8.3722244e-01   8.8058519e-01   8.5429695e-01   9.2027886e-01   6.7952459e-01   9.1489885e-01   1.4979132e+00   2.0634856e+00   1.6990782e+00   2.3181981e-01
   3.4271606e+00   3.3331521e+00   2.2704913e+00   1.6619791e+00   1.1981018e+00   1.2005674e+00   1.0559217e+00   9.9996825e-01   8.4370234e-01   8.7327844e-01   6.9635876e-01   6.6831347e-01   1.4663335e+00   2.0469833e+00   1.6421065e+00   8.6766090e-02
   4.4931591e+00   3.9429684e+00   2.1646682e+00   1.8742517e+00   1.2855411e+00   1.5932425e+00   9.5650598e-01   1.0605107e+00   1.0048791e+00   7.4751615e-01   6.0909689e-01   7.0534590e-01   1.4717165e+00   1.9664847e+00   1.4807996e+00   1.6503496e-01
   4.0449924e+00   3.6131764e+00   2.2869909e+00   1.4098707e+00   1.1416426e+00   1.8509179e+00   1.2817779e+00   1.0328988e+00   1.1035608e+00   9.5968741e-01   5.3736969e-01   8.1174507e-01   1.3938972e+00   1.8964017e+00   1.5056502e+00   2.6105887e-01
   3.9466136e+00   3.2245812e+00   2.1492407e+00   1.6816284e+00   1.3871337e+00   1.7591751e+00   9.2692871e-01   7.4134979e-01   6.5682089e-01   1.0222362e+00   6.7425297e-01   9.8464418e-01   1.4173112e+00   1.9060802e+00   1.4972002e+00   5.4613953e-01
   3.9505248e+00   3.2280985e+00   1.9005099e+00   1.3016306e+00   9.7075359e-01   1.8370972e+00   9.6237865e-01   8.8804666e-01   1.0860133e+00   6.6379434e-01   3.7913182e-01   8.7272492e-01   1.4035019e+00   1.8679289e+00   1.3854439e+00   3.0526107e-01
   4.1800463e+00   3.0362444e+00   2.1502871e+00   1.9862021e+00   1.1750366e+00   1.6300500e+00   1.1499720e+00   1.0132701e+00   1.1106050e+00   9.7663518e-01   4.8849001e-01   6.6078943e-01   1.3712611e+00   1.8241765e+00   1.3974782e+00   3.7637650e-01
   4.5336658e+00   2.9947404e+00   1.7426435e+00   1.4534762e+00   1.2329445e+00   1.2401668e+00   1.0494182e+00   9.6272683e-01   1.0666547e+00   7.8722635e-01   2.0590511e-01   6.7292151e-01   1.4304534e+00   1.8401980e+00   1.4232868e+00   5.4544608e-01
   4.6527365e+00   3.6202230e+00   2.2785674e+00   1.9513490e+00   1.4321969e+00   1.5242919e+00   9.8705161e-01   1.0731614e+00   1.0059521e+00   1.0680310e+00   6.9757867e-01   7.2791451e-01   1.3496024e+00   1.7173937e+00   1.2804935e+00   8.6362832e-01
   4.1151935e+00   3.2154618e+00   1.7851252e+00   1.6938228e+00   1.4555805e+00   1.4452987e+00   1.0933267e+00   1.0367316e+00   7.4983104e-01   6.1409985e-01   4.8613683e-01   3.7054792e-01   1.0646352e+00   1.5499079e+00   1.1229825e+00   6.0705331e-01
   3.8195423e+00   3.1194298e+00   2.1900740e+00   1.6770854e+00   1.4519304e+00   1.3902475e+00   1.4676055e+00   1.0614047e+00   1.2384782e+00   9.6998304e-01   5.8477512e-01   2.8850112e-01   8.9456061e-01   1.2996540e+00   9.1706985e-01   5.4025161e-01
   4.1665872e+00   3.4139934e+00   1.9876269e+00   1.8079522e+00   1.3254912e+00   1.3187500e+00   1.2032306e+00   1.0367080e+00   9.1900210e-01   8.9990697e-01   2.8999583e-01   1.2146061e-01   7.6529330e-01   1.2297872e+00   7.8687131e-01   2.8447450e-01
   4.3325547e+00   3.4422893e+00   2.2580593e+00   1.7216358e+00   1.1946260e+00   1.5474595e+00   1.3774270e+00   1.5538018e+00   9.3934767e-01   7.0280161e-01   4.1137992e-01   3.7141512e-01   6.3629529e-01   1.0474285e+00   7.2350081e-01   8.7761282e-02
   4.2229010e+00   3.1948220e+00   2.0037612e+00   1.6943174e+00   1.4300533e+00   1.7896670e+00   1.0900795e+00   1.0620406e+00   8.1266149e-01   8.9045573e-01   3.1606276e-01   4.1707077e-01   5.7442077e-01   7.3738501e-01   2.7062613e-01  -1.5665504e-01
   4.0422313e+00   3.2548068e+00   1.8194623e+00   1.7082943e+00   1.1359160e+00   1.5885007e+00   1.4171241e+00   9.1872187e-01   9.6142838e-01   6.9808004e-01   4.9681643e-01   5.0765633e-01   6.4631302e-01   8.3689836e-01   4.4768990e-01   1.3630515e-01
   4.2383407e+00   3.2826990e+00   1.7021188e+00   1.4751175e+00   1.2880934e+00   1.2856118e+00   1.0634638e+00   7.3093522e-01   1.0033464e+00   7.5190933e-01   3.0005460e-01   2.0543366e-01   2.5301334e-01   2.7264527e-01  -1.7484958e-01  -4.3013152e-01
   4.1436260e+00   2.9506506e+00   1.8867432e+00   7.3931090e-01   1.3552302e+00   1.7340333e+00   1.3530527e+00   1.0902129e+00   7.8636242e-01   5.4011602e-01   3.6113496e-01  -5.4206086e-02  -3.3708747e-02  -9.4392786e-02   4.9067585e-02  -5.5911059e-01
   4.1415981e+00   3.0621027e+00   2.0433281e+00   1.9016968e+00   1.1663173e+00   1.3593668e+00   1.5519618e+00   8.8016976e-01   8.7649152e-01   5.2521812e-01   2.9050645e-01  -1.5629870e-01  -3.0609953e-02  -2.1831146e-04   8.8644904e-02  -4.3143646e-02
   4.3884986e+00   3.0994784e+00   1.9086007e+00   1.3580067e+00   1.3533301e+00   1.6431802e+00   9.2584575e-01   5.2407446e-01   1.1138941e+00   8.3572301e-01   5.5296352e-01   1.6269828e-01   1.6791749e-01   3.5455791e-01   2.0875405e-01   6.7706662e-02
   4.5554094e+00   2.6630452e+00   1.6519782e+00   1.6619764e+00   1.5249204e+00   1.7984407e+00   1.4289662e+00   5.2918949e-01   7.7041067e-01   7.1530437e-01   5.6245260e-01   1.1040391e-01   2.6890436e-02   2.4128039e-01   1.7673788e-01   1.7797329e-02
   4.6236487e+00   2.8831110e+00   2.3154557e+00   1.4910222e+00   1.4135262e+00   2.0145733e+00   1.1543025e+00   1.1357989e+00   8.4944896e-01   6.0889596e-01   4.3880773e-01  -1.4423381e-01  -8.5669232e-02   8.5051281e-02  -2.6184486e-02  -1.0659764e-01
   4.4251716e+00   3.1503604e+00   1.9396350e+00   1.4764483e+00   1.3079722e+00   1.4449069e+00   1.0651666e+00   1.2875032e+00   1.2696285e+00   8.0560621e-01   3.9928564e-01   9.1820841e-02   8.2794665e-02   2.8181705e-01   6.8613899e-02  -1.2067153e-01
   3.8193070e+00   2.8050408e+00   1.8418017e+00   1.7820509e+00   1.6763781e+00   1.8438507e+00   1.4897937e+00   1.4773139e+00   1.2908842e+00   5.5794317e-01   3.0051953e-01   1.9352796e-01   1.2790874e-01   2.0017539e-01   1.3900320e-01  -2.1543097e-01
   3.6740019e+00   2.6516818e+00   1.9686732e+00   1.3730187e+00   9.9280835e-01   1.6737051e+00   1.3336588e+00   1.3119991e+00   1.3069107e+00   5.8524891e-01   6.8329400e-01   2.3588376e-01   7.8774110e-02   9.1837817e-02  -1.1109643e-01  -3.0053932e-01
   3.3095999e+00   2.4432569e+00   2.0061175e+00   1.1657542e+00   1.5737701e+00   1.6043982e+00   1.4117577e+00   1.1953338e+00   1.1710928e+00   6.8118743e-01   2.8163117e-01   6.5331642e-02  -1.9590170e-01  -2.8316358e-01  -2.4750376e-01  -4.8942127e-01
   4.3094484e+00   3.0351084e+00   1.9392711e+00   1.6907263e+00   1.5315484e+00   1.4612752e+00   1.4243616e+00   1.0663618e+00   9.8021760e-01   6.1864475e-01   5.4759096e-01   4.3049385e-01  -3.7908640e-03   2.8913517e-02  -1.0383112e-02  -1.2760970e-01
   4.4044426e+00   3.4206232e+00   2.0561497e+00   1.7598940e+00   6.5648725e-01   8.6734140e-01   1.1024611e+00   8.2525906e-01   5.2459173e-01   3.8707901e-01   5.8530023e-01   5.2234438e-01   1.0117154e-01  -1.0746223e-01  -2.4392130e-01  -1.6459411e-01
   4.1419048e+00   2.9639830e+00   1.3643436e+00   1.3570988e+00   9.7472225e-01   1.2641781e+00   1.3098193e+00   1.3100130e+00   8.0895024e-01   4.2181709e-01   5.2832945e-01   2.1534356e-01  -2.0638103e-01  -4.0432106e-01  -5.0928461e-01  -5.7050266e-01
   4.3258087e+00   2.6392717e+00   7.0818706e-01   8.3776532e-01   1.3767262e+00   1.3950276e+00   1.0314121e+00   1.0052707e+00   9.2150601e-01   4.3006922e-01   3.4507470e-01   1.1175558e-01  -5.5014316e-02  -1.5481316e-01  -9.4362190e-02  -3.0973850e-01
   4.5825923e+00   2.8100337e+00   1.5327976e+00   1.7570213e+00   1.5968678e+00   1.4427727e+00   1.1071729e+00   1.0126237e+00   9.3886361e-01   7.5581247e-01   4.1585387e-01  -4.9939841e-02   1.0867854e-01  -1.1922396e-01  -4.4826535e-01  -5.0831508e-01
   4.0665121e+00   2.8826846e+00   2.2934285e+00   1.7120878e+00   1.1225676e+00   1.3381631e+00   9.5218863e-01   1.2502894e+00   8.8809188e-01   7.3690436e-01   4.3982317e-01   1.8940394e-01  -8.6984072e-03  -5.9455117e-02  -9.3631613e-02  -1.0402766e-01
   3.8340065e+00   3.0754317e+00   1.8422953e+00   8.7862290e-01   1.1584671e+00   1.5607835e+00   1.2315238e+00   6.1261603e-01   1.1085725e+00   8.1447332e-01   3.4524287e-01   3.1152055e-01   2.5563298e-02  -2.5254064e-02  -6.7651085e-02  -1.0761314e-01
   3.6954325e+00   2.7540848e+00   1.7118188e+00   1.0771070e+00   1.1926494e+00   1.8916943e+00   1.7512095e+00   9.8577583e-01   7.5639509e-01   7.2334106e-01   4.9034720e-01   6.0206711e-02  -2.5287007e-01  -1.4056419e-01  -2.0206094e-01  -3.4010259e-01
   4.2603536e+00   3.0148944e+00   1.2384613e+00   1.3895053e+00   1.3391949e+00   1.0534433e+00   8.6972756e-01   1.0837838e+00   4.7283259e-01   6.2765531e-01   1.9744638e-01   6.5636300e-02  -3.9644745e-01  -4.3594240e-01  -2.7310882e-01  -4.9776279e-01
   3.4958660e+00   3.1358612e+00   1.5657753e+00   1.4345907e+00   1.4350096e+00   1.5477940e+00   1.1154093e+00   1.4147950e+00   7.1691652e-01   6.6195408e-01   2.8398721e-01  -8.6558481e-02  -3.7633249e-01  -5.0293856e-01  -2.7913058e-01  -5.7143234e-01
   3.9498931e+00   2.9118488e+00   1.9478776e+00   1.7723682e+00   1.3962372e+00   1.2314341e+00   1.0818284e+00   1.2200205e+00   7.9484691e-01   7.8411786e-01   8.7395184e-02   4.2248889e-03  -6.7128064e-02  -2.1081237e-01  -1.5026891e-01  -4.3446078e-01
   4.2354591e+00   3.3007944e+00   1.9249093e+00   1.9527711e+00   1.5811990e+00   1.4571315e+00   1.2263685e+00   1.4098087e+00   1.0881382e+00   8.9663746e-01   4.9103897e-01   3.4771537e-01   2.4232856e-01   1.1125685e-01   1.7111848e-01   2.4228673e-02
   4.0119945e+00   2.6523576e+00   1.7585057e+00   2.0471944e+00   1.4924113e+00   1.3206580e+00   1.1142200e+00   4.9469839e-01   6.3065171e-01   5.8299343e-01   6.4406640e-01   2.5970587e-01  -2.5798923e-01  -3.4525535e-01  -2.8326079e-01  -3.4917580e-01
   3.4225304e+00   2.5903670e+00   1.8308269e+00   2.0458607e+00   1.2875770e+00   1.2646825e+00   6.3672230e-01   4.1746951e-01   1.0802782e+00   8.6159243e-01   9.0844678e-01   1.4942698e-01   4.5078325e-02   5.4140451e-01   5.7393478e-01   1.0532371e+00
   4.3971858e+00   2.9989088e+00   1.8690943e+00   1.5914788e+00   1.1811774e+00   1.9032077e+00   1.1460777e+00   8.3511377e-01   1.1053773e+00   1.0259182e+00   8.1538090e-01   3.4927095e-01   4.6131813e-02   5.1498375e-01   6.1228611e-01   9.4288118e-01
   4.1263500e+00   3.2066563e+00   1.4437096e+00   1.2091106e+00   1.3055002e+00   1.7348843e+00   1.1654994e+00   8.4053832e-01   9.6562385e-01   6.6041081e-01   3.8814544e-01   2.8005563e-01  -4.6062897e-01  -5.1487961e-01  -2.5681084e-01  -7.3023644e-01
   4.4771954e+00   2.7637660e+00   1.9209724e+00   1.3121687e+00   1.3174648e+00   1.7913521e+00   1.4683735e+00   1.1838646e+00   9.5169701e-01   3.8402519e-01   1.5645416e-01  -1.5443040e-01  -3.6279088e-01  -3.8066490e-01  -4.2530144e-01  -7.0062885e-01
   3.7188463e+00   2.7188239e+00   1.8727796e+00   1.6458930e+00   1.0987510e+00   1.7489901e+00   1.1127878e+00   1.1829136e+00   1.2262948e+00   7.0370636e-01   1.5143523e-01   8.9382164e-03  -1.7149967e-01  -3.8780591e-01  -4.1191564e-01  -4.1650648e-01
