   1.9615836e+00   1.4963586e+00   7.7951510e-01   1.9287714e-01  -7.2858793e-02  -1.8774625e-01  -2.5512707e-01  -7.9676828e-01  -9.2099383e-01  -9.6712331e-01  -1.1781172e+00  -1.2116479e+00  -1.3296515e+00  -1.5546520e+00  -1.7446677e+00  -1.7716157e+00
   2.5141945e+00   1.7805854e+00   7.6016509e-01   6.4406354e-01   9.0116061e-02  -5.7383831e-01  -6.5066839e-01  -1.0603690e+00  -9.0943339e-01  -1.1339318e+00  -1.0820192e+00  -1.3351627e+00  -1.6308847e+00  -1.8879507e+00  -1.7481530e+00  -1.7855915e+00
   2.6716031e+00   1.4425261e+00   1.0551481e+00   4.3222141e-01  -3.1528857e-01  -8.5078631e-02  -4.9643471e-01  -6.8607509e-01  -9.0746489e-01  -8.0035142e-01  -1.3090020e+00  -1.4392988e+00  -1.5218719e+00  -1.5475447e+00  -1.5658225e+00  -1.4807299e+00
   2.2368754e+00   1.2989053e+00   1.1468873e+00   8.2066433e-01   2.6073540e-01   5.0421351e-01   2.8082016e-01  -4.6236182e-01  -8.5979150e-01  -8.1331176e-01  -1.1385274e+00  -1.1914603e+00  -1.3264951e+00  -1.4379465e+00  -1.7050606e+00  -1.5300404e+00
   2.6835994e+00   1.4945650e+00   1.0497137e+00   7.8133678e-01  -1.4305024e-03   6.9546567e-01   3.6487962e-02  -8.4657063e-01  -1.0604705e+00  -7.6250437e-01  -1.3480015e+00  -1.2402715e+00  -1.2352449e+00  -1.5166368e+00  -1.7172629e+00  -1.7203846e+00
   2.2659133e+00   1.0373148e+00   5.8518985e-01   3.3631263e-01   1.1154224e-01   1.7595078e-01  -6.4913859e-01  -7.2414448e-01  -8.9793115e-01  -9.5647276e-01  -9.3943366e-01  -1.2195598e+00  -1.3319515e+00  -1.3709619e+00  -1.5857683e+00  -1.6803046e+00
   2.3653690e+00   1.0461874e+00   4.6602536e-01   5.9663340e-01   3.4715744e-01   5.1087448e-02  -6.8670602e-01  -6.5239423e-01  -6.8516064e-01  -9.3258255e-01  -1.1967538e+00  -1.2364907e+00  -1.2154342e+00  -1.3639194e+00  -1.4011962e+00  -1.2812707e+00
   2.7164661e+00   6.6145112e-01   1.1282772e-01   5.1345707e-01   1.3615182e-01  -3.5513178e-02  -6.3430701e-01  -9.3417837e-01  -9.4361247e-01  -1.0884608e+00  -1.4743684e+00  -1.3448513e+00  -1.3325762e+00  -1.5579974e+00  -1.5436318e+00  -1.3499907e+00
   1.8402953e+00   9.6758579e-01   7.0926479e-01   8.1505484e-01   2.5372938e-01   1.0920110e-01  -4.2474384e-01  -6.9861202e-01  -8.5091188e-01  -7.6566661e-01  -9.4260230e-01  -1.0298699e+00  -1.2635971e+00  -1.3657027e+00  -1.5452854e+00  -1.4028338e+00
   2.0821633e+00   1.7006535e+00   9.8326033e-01   8.8889627e-01  -3.7540432e-01   1.8216579e-01  -3.4392244e-01  -6.9104570e-01  -8.6590048e-01  -7.8806324e-01  -1.1505236e+00  -1.3381560e+00  -1.2521293e+00  -1.4920807e+00  -1.8549414e+00  -1.7548704e+00
   2.3913365e+00   1.5257003e+00   8.3616714e-01   1.6052549e-01   2.7413257e-02  -1.3891694e-01  -2.3893208e-01  -6.0831830e-01  -7.9587843e-01  -7.5188887e-01  -1.1255719e+00  -1.3791883e+00  -1.4220573e+00  -1.5536183e+00  -1.6140695e+00  -1.6814057e+00
   2.7156017e+00   4.8270981e-01   5.2015853e-01   3.9470822e-01   2.2157102e-01   2.3991780e-01  -2.3412788e-01  -7.0459603e-01  -9.9813578e-01  -1.0124666e+00  -9.0828741e-01  -1.1788448e+00  -1.2690177e+00  -1.4231765e+00  -1.6787149e+00  -1.5713261e+00
   2.9064284e+00   1.2801438e+00   8.2981758e-01   5.0200239e-01   7.7048383e-01  -4.1311115e-02  -1.2697318e-01  -4.0394267e-01  -1.0201296e+00  -1.3249804e+00  -9.5426163e-01  -1.3272224e+00  -1.5472094e+00  -1.6087727e+00  -1.7459364e+00  -1.8311149e+00
   1.9470643e+00   1.2559820e+00   1.1302819e+00   6.3430850e-01   2.5871458e-01  -3.8546217e-01  -5.0513576e-01  -4.8350401e-01  -6.6603021e-01  -6.9219046e-01  -8.1071971e-01  -9.5587131e-01  -8.6429683e-01  -1.0082429e+00  -1.0863298e+00  -1.0932387e+00
   2.6912000e+00   1.3808966e+00   6.6373899e-01   3.5701774e-01   9.5372181e-02   4.4134529e-01  -7.5104267e-02  -6.0902761e-01  -7.4370734e-01  -1.0250515e+00  -1.0785038e+00  -1.2373434e+00  -1.4298678e+00  -1.5770470e+00  -1.7244182e+00  -1.8329070e+00
   2.4574858e+00   1.6051745e+00   7.7693946e-01   5.6768575e-01   3.8204441e-01   2.0978082e-01  -3.3135620e-01  -5.5965505e-01  -7.8405954e-01  -9.9819341e-01  -1.1873746e+00  -1.4387954e+00  -1.4576313e+00  -1.4240726e+00  -1.5310612e+00  -1.5245026e+00
   2.6844910e+00   1.3263329e+00   1.0076775e+00   6.3840748e-03   5.4184808e-01   1.7108792e-01  -3.0667785e-01  -4.1710426e-01  -1.3189711e+00  -9.9541842e-01  -1.3536079e+00  -1.3477950e+00  -1.4708610e+00  -1.5604295e+00  -1.6469478e+00  -1.7555077e+00
   2.3373995e+00   1.4045340e+00   7.1064954e-01   6.2424285e-01   9.2009329e-02   4.7604112e-01  -1.7650778e-01  -6.3040780e-01  -6.9867346e-01  -9.4346350e-01  -1.2833892e+00  -1.2478720e+00  -1.5658890e+00  -1.4532418e+00  -1.6555695e+00  -1.7708506e+00
   2.2741372e+00   1.6740609e+00   8.8443181e-01   1.0576107e-01   1.1421786e-01   3.7381091e-01  -3.0736493e-01  -8.9699736e-01  -6.0369102e-01  -1.0797571e+00  -1.3584478e+00  -9.8528687e-01  -1.6709815e+00  -1.7469693e+00  -1.6714445e+00  -1.6010985e+00
   2.6689390e+00   1.5027268e+00   9.5782292e-01   8.1395947e-01   2.2090852e-01   2.6385799e-01  -1.7996250e-01  -8.1779308e-01  -8.2619914e-01  -9.3449676e-01  -9.8122257e-01  -1.0533300e+00  -1.2388209e+00  -1.2789641e+00  -1.4665324e+00  -1.4543182e+00
   2.5370691e+00   1.1186469e+00   5.6785595e-01   6.8166935e-01   2.5311726e-01   4.0144483e-01  -7.0120176e-02  -8.7330593e-01  -5.2357174e-01  -8.6005310e-01  -7.5000479e-01  -1.3088997e+00  -1.6352697e+00  -1.4505260e+00  -1.6211951e+00  -1.5539438e+00
   2.2469043e+00   8.4195621e-01   7.5775890e-01   7.6394481e-01   1.5384804e-01  -6.9066457e-02  -5.7158607e-01  -6.3810850e-01  -5.3859947e-01  -6.9616699e-01  -9.1675154e-01  -9.3546845e-01  -1.0601148e+00  -1.1446679e+00  -1.1431357e+00  -1.1087135e+00
   3.0836762e+00   1.1662856e+00   6.8352370e-01   6.0566263e-01   1.6847926e-01   3.2184540e-01  -2.9679608e-01  -9.7478362e-01  -1.0534498e+00  -1.2420887e+00  -1.2484627e+00  -1.3749268e+00  -1.5658847e+00  -1.4654328e+00  -1.6597987e+00  -1.6309198e+00
   2.9760946e+00   1.6526553e+00   6.9069831e-01   9.1044144e-01   3.7660652e-01   1.6983979e-01  -2.8387888e-01  -7.2666108e-01  -1.3601798e+00  -1.2883713e+00  -1.3226535e+00  -1.4722422e+00  -1.5301721e+00  -1.4375026e+00  -1.8368539e+00  -1.9829126e+00
   2.4570184e+00   1.3701966e+00   7.6421209e-01   3.8327130e-01   2.4558264e-01  -2.0021506e-01  -8.0302450e-01  -1.0499556e+00  -1.2978968e+00  -8.9430974e-01  -1.1220786e+00  -1.1580986e+00  -1.0516000e+00  -1.4174850e+00  -1.8528005e+00  -2.0228927e+00
   1.8141918e+00   1.3626200e+00   8.5144822e-01   7.5706253e-03   1.2229841e-01  -2.7474616e-01  -5.5506942e-01  -6.2563012e-01  -1.1228887e+00  -8.8528306e-01  -1.1271442e+00  -1.5071554e+00  -1.5924770e+00  -1.6723393e+00  -1.7938911e+00  -2.0733532e+00
   1.8253956e+00   1.3946031e+00   1.1774405e+00   2.8963744e-01   1.3198186e-01   1.1769040e-01  -6.3709905e-01  -1.0979428e+00  -1.2730647e+00  -1.4202559e+00  -1.2797251e+00  -1.3408982e+00  -1.7442991e+00  -1.6761928e+00  -1.8721690e+00  -1.6886551e+00
   1.1709286e+00   1.5057913e+00   1.1157944e+00  -2.6238568e-01  -3.0496049e-02   2.1870385e-01  -3.1414239e-01  -3.3922416e-01  -8.9581764e-01  -1.1216150e+00  -1.1692961e+00  -1.1294645e+00  -1.6170173e+00  -1.8947028e+00  -1.6691312e+00  -1.6253269e+00
   1.8294467e+00   1.2807463e+00   9.1671658e-01   4.1043739e-01   2.1812046e-01   2.4230494e-01  -4.3007927e-01  -4.8523395e-01  -9.0909004e-01  -1.0529026e+00  -1.0580503e+00  -1.1769023e+00  -1.4501025e+00  -1.4799673e+00  -1.5040139e+00  -1.5291108e+00
   2.1372627e+00   8.5624950e-01   5.9329075e-01   5.6291270e-02   5.3571103e-01   2.3514235e-01  -4.2376952e-01  -1.0241312e+00  -1.0390598e+00  -1.2636829e+00  -1.2840572e+00  -1.4151319e+00  -1.3019334e+00  -1.4578549e+00  -1.8333048e+00  -1.8155251e+00
   1.9497858e+00   1.2200944e+00   5.6022268e-01   1.3061979e-01   3.6624353e-02   4.1198436e-02  -1.5713802e-01  -3.7307661e-01  -7.4078015e-01  -9.3114641e-01  -1.1876006e+00  -1.0654307e+00  -1.2629698e+00  -1.2858060e+00  -1.2509722e+00  -1.3773635e+00
   2.6254171e+00   1.7386323e+00   1.0218096e+00   2.9371280e-01   3.7672052e-01   5.8774090e-01   1.5847041e-01  -5.2805231e-01   4.1270778e-02   1.8587226e-01  -1.1521780e+00  -7.0620597e-01  -7.4680778e-01  -9.0638342e-01  -1.3777697e+00  -1.5623505e+00
   2.1942045e+00   1.6108433e+00   9.9803098e-01   8.9915636e-01   6.5097842e-01   9.1244833e-01   4.8111874e-01   2.1519181e-01   6.8817148e-01   1.0691832e+00  -5.8837301e-01   1.3342740e-01   5.4639825e-01   8.9721455e-01  -9.2744985e-01  -1.7235035e+00
   2.2252788e+00   1.4771840e+00   1.0910973e+00   8.0203573e-01   1.0233992e+00   1.9282718e+00   8.8054386e-01   5.9583645e-01   8.9605050e-01   1.3753147e+00   5.9998447e-02   2.8542649e-01   5.0386854e-01   6.9873528e-01  -6.4394383e-01  -1.3680456e+00
   2.7909689e+00   1.1640560e+00   1.0413215e+00   8.6846508e-01   1.1239207e+00   1.4636405e+00   6.5892668e-01   4.3484955e-01   9.1344674e-01   1.1447962e+00   1.6395051e-01   5.0110609e-01   5.9378116e-01   7.0847332e-01  -3.6773563e-01  -1.1736189e+00
   2.5733504e+00   6.3724168e-01   9.4831598e-01   9.8715082e-01   1.1409458e+00   1.5698970e+00   5.0785697e-01   7.1586374e-01   1.2122088e+00   1.6097862e+00   4.7753479e-01   7.8729380e-01   8.7473302e-01   8.6168353e-01  -3.8671751e-01  -1.2035073e+00
   2.3669884e+00   1.0470879e+00   1.0909377e+00   9.9566950e-01   1.2544666e+00   1.3269475e+00   4.1498438e-01   4.9200591e-01   1.3908292e+00   1.8901120e+00   5.5710300e-01   9.2623827e-01   8.6497568e-01   8.6490667e-01  -2.6028814e-01  -5.4642934e-01
   1.9819512e+00   1.7552979e+00   1.0123320e+00   3.6491961e-01   1.0175134e+00   1.7751666e+00   6.5021773e-01   8.0357686e-01   1.4525838e+00   1.9778625e+00   4.9906142e-01   6.0260512e-01   7.5171514e-01   8.4655001e-01  -3.0749086e-01  -1.0181555e+00
   2.4655058e+00   1.6725409e+00   7.5986759e-01   6.8683308e-01   9.1271395e-01   2.0134649e+00   5.6410656e-01   8.4081850e-01   1.4469933e+00   1.9989594e+00   6.1543625e-01   8.5056067e-01   7.6097347e-01   7.0106776e-01  -3.6844532e-01  -1.0454351e+00
   2.4541500e+00   1.2812981e+00   6.5974594e-01   9.0673252e-01   7.9432024e-01   1.9447960e+00   3.8424844e-01   8.5085627e-01   1.3802885e+00   1.9263599e+00   5.7206360e-01   6.7967181e-01   6.9256719e-01   5.7610685e-01  -4.6393890e-01  -8.9900637e-01
   2.4113516e+00   1.4834306e+00   9.7428293e-01   9.6144788e-01   9.8762681e-01   1.8925578e+00   3.6253913e-01   7.4198510e-01   1.2749443e+00   1.8769345e+00   5.2309931e-01   5.6951758e-01   4.4414679e-01   2.8336505e-01  -5.5437221e-01  -8.5549705e-01
   2.4192580e+00   1.1620190e+00   4.5400717e-01   2.2426379e-01   1.1048088e+00   1.9225484e+00   3.7592112e-01   5.2606328e-01   1.1778353e+00   1.8166168e+00   5.8144131e-01   4.8620775e-01   3.0270141e-01   1.3944362e-01  -6.7456445e-01  -8.8544187e-01
   2.5862867e+00   1.0594153e+00   5.3825311e-01   4.5070299e-01   8.8307375e-01   1.8607960e+00   4.0965763e-01   5.4649482e-01   1.1194374e+00   1.7220315e+00   5.6824476e-01   5.6031365e-01   2.5295045e-01   8.9884097e-02  -6.6823523e-01  -7.2098293e-01
   1.6884286e+00   1.1542352e+00   6.7405043e-01   7.7178487e-01   7.4560379e-01   1.6513536e+00   3.8196192e-01   3.1768347e-01   6.7454963e-01   1.3000903e+00   5.8479121e-01   3.7478379e-01  -1.1993051e-01  -1.3906266e-01  -9.0298884e-01  -6.5233087e-01
   2.5214688e+00   1.3945610e+00   6.8115016e-01   5.9862504e-01   9.7578047e-01   1.4133343e+00   4.5236229e-01  -1.4857977e-01   4.6699191e-01   1.0751939e+00   5.9918119e-01  -1.6480176e-02  -7.0521443e-01  -8.1608779e-01  -1.0724028e+00  -5.6842774e-01
   2.5155036e+00   1.5096003e+00   9.4906658e-01   8.5322457e-01   7.0459898e-01   2.3870359e-01  -2.5994330e-01  -1.9773873e-01  -3.4216811e-01   3.2133231e-01   2.5856605e-01  -1.9386328e-01  -1.2778125e+00  -1.1566337e+00  -1.3038487e+00  -7.8429724e-01
   3.0134522e+00   1.3610018e+00   4.8367854e-01   7.5077566e-01   2.5711854e-01   2.3579491e-01  -2.2732225e-01  -5.9166780e-01  -6.1876369e-01  -4.7912558e-01  -2.2136826e-01  -8.6164191e-01  -1.2261597e+00  -1.4576655e+00  -1.4027208e+00  -7.5169645e-01
   3.1826748e+00   1.7092346e+00   5.1561691e-01   3.1445534e-01   3.7850679e-01   4.6306414e-01  -6.8617565e-01  -8.1619775e-01  -9.4804011e-01  -9.3295922e-01  -7.6718867e-01  -1.2442247e+00  -1.2628674e+00  -1.4820021e+00  -1.3249096e+00  -1.2652245e+00
   3.0267450e+00   1.3926293e+00   5.7041723e-01   3.4285903e-01   3.9004191e-01   2.3867103e-01  -4.9879775e-01  -9.2463752e-01  -7.4238119e-01  -1.0861502e+00  -9.1946360e-01  -1.5409413e+00  -1.7759434e+00  -1.6426007e+00  -1.6546062e+00  -1.7662966e+00
   2.8490039e+00   1.4654087e+00   5.1918093e-01   6.0046692e-01   6.2294768e-01   9.6413415e-02  -5.1694463e-01  -5.7118322e-01  -8.8017408e-01  -9.5160372e-01  -9.5684515e-01  -1.3685109e+00  -1.6885217e+00  -1.7198219e+00  -1.6820512e+00  -1.9670761e+00
   2.4221592e+00   1.3883972e+00   3.2843205e-01   1.9657932e-01   2.0062361e-01  -2.6303930e-01  -4.0546003e-01  -5.6215571e-01  -7.5094589e-01  -8.3840016e-01  -9.2582838e-01  -1.1444184e+00  -1.3522697e+00  -1.3740416e+00  -1.5236007e+00  -1.5003339e+00
   2.7443110e+00   1.1372400e+00   3.3222255e-01   2.5779739e-01  -1.2392781e-01  -4.8168372e-01  -4.4649379e-01  -6.5953888e-01  -9.7424596e-01  -8.4620775e-01  -1.3512397e+00  -1.0207678e+00  -1.3644786e+00  -1.2916663e+00  -1.8310382e+00  -2.0500165e+00
   2.0648900e+00   8.4191614e-01   5.6148402e-01   2.3269914e-01   2.4850619e-01  -1.8425530e-01  -3.9362676e-01  -3.9662720e-01  -6.1520070e-01  -9.8836246e-01  -9.9628525e-01  -1.0366641e+00  -1.1363804e+00  -1.1626428e+00  -1.2441384e+00  -1.2067933e+00
   2.7387278e+00   1.1733682e+00   8.2307385e-01   2.5401119e-01   4.4182288e-01   1.2017538e-01  -3.8955868e-01  -6.5927925e-01  -8.0958278e-01  -1.2067208e+00  -1.3140456e+00  -1.3520103e+00  -1.5687221e+00  -1.4752509e+00  -1.6687711e+00  -1.5640929e+00
   2.2461236e+00   9.7651324e-01   6.7159458e-01   4.4764732e-01   6.5268647e-01   2.1133377e-01  -4.9623967e-01  -6.3684261e-01  -7.2658366e-01  -9.2480829e-01  -1.2500754e+00  -1.1692711e+00  -1.3581303e+00  -1.6107850e+00  -1.5938364e+00  -1.6446450e+00
   2.4451563e+00   1.4195524e+00   9.6719773e-01   8.2020664e-01   5.6798733e-01   5.1064693e-01  -1.9854703e-01  -5.5006481e-01  -1.6355971e-01  -1.7610382e-01  -1.5850461e-01  -5.5619075e-01  -7.4586365e-01  -1.1858939e+00  -1.3943510e+00  -9.8315438e-01
   2.8270098e+00   1.4758011e+00   1.1167115e+00   1.0011407e+00   2.8304425e-01   4.5929656e-01  -4.0209443e-01  -1.9162996e-01  -1.5491755e-01  -2.8285871e-01  -1.7817921e-02  -6.1078476e-01  -1.1489128e+00  -1.4540783e+00  -1.6226984e+00  -1.1095956e+00
   3.1735141e+00   1.8172820e+00   1.4087612e+00   7.6393339e-01   2.8020236e-01   3.5260164e-01  -3.5182982e-01  -4.3073826e-01  -5.0026336e-01  -1.0708896e+00  -6.3689612e-01  -8.5688594e-01  -1.4175329e+00  -1.6036110e+00  -1.9432154e+00  -1.5033033e+00
   2.1303144e+00   1.0243332e+00   5.2179561e-01   6.4248952e-01   2.7680139e-01  -2.3058973e-01  -6.6144807e-01  -5.3315456e-01  -7.0598730e-01  -6.9073645e-01  -7.4840719e-01  -1.0652507e+00  -1.2395799e+00  -1.2291066e+00  -1.2814799e+00  -1.0662719e+00
   2.0749318e+00   1.3486754e+00   1.1460520e+00   8.6645168e-01  -2.8281463e-01   1.2760664e-01  -4.3111277e-01  -9.0801064e-01  -9.2830565e-01  -7.6248965e-01  -9.1773408e-01  -1.2670073e+00  -1.2194854e+00  -1.2660274e+00  -1.3501724e+00  -1.0984564e+00
   2.1432329e+00   1.1754371e+00   1.1779895e+00   5.6559139e-01   5.4113424e-01   9.1100458e-02  -6.3648417e-01  -9.2106639e-01  -6.6261832e-01  -7.9727387e-01  -9.7436833e-01  -1.5000134e+00  -1.6475894e+00  -1.4281073e+00  -1.3004793e+00  -1.3015487e+00
   2.0829960e+00   1.8237014e+00   8.3626637e-01   7.5123921e-01   8.9023338e-01   3.1053034e-01  -4.6317050e-01  -7.2323785e-01  -4.8455956e-01  -6.2835062e-01  -7.9154903e-01  -9.2356914e-01  -1.2830469e+00  -1.4746506e+00  -1.3111868e+00  -1.2120868e+00
   2.2413578e+00   1.7569146e+00   5.3558261e-01   9.8532942e-02   6.7592480e-01   4.5782595e-01  -3.3119782e-01  -6.7004556e-01  -8.7394351e-01  -5.2906913e-01  -7.1839146e-01  -1.2505912e+00  -1.5786966e+00  -1.8764618e+00  -1.2526787e+00  -9.6676088e-01
   1.7820496e+00   9.7260429e-01   8.4368100e-01   5.1706176e-02   6.4514475e-01   7.0070563e-01  -4.0616700e-01  -4.5924049e-01  -6.2185131e-01  -5.4290144e-01  -7.3204677e-01  -9.8636552e-01  -1.0899290e+00  -1.0566710e+00  -1.0907366e+00  -9.4371276e-01
   2.7045295e+00   1.0807121e+00   5.4008349e-01   3.6925509e-01  -2.4060066e-01   1.2340346e-01  -2.9208253e-01  -5.6007053e-01  -1.1770384e+00  -1.1190899e+00  -8.8398638e-01  -1.1560346e+00  -1.4536774e+00  -1.5504582e+00  -1.1890656e+00  -1.0522314e+00
   2.1419945e+00   1.0431076e+00   4.6912118e-01   4.4455077e-01  -4.3653858e-02  -4.9410150e-02  -4.8980209e-01  -6.0879930e-01  -1.0180077e+00  -1.0195649e+00  -7.3779039e-01  -6.2146697e-01  -1.3432814e+00  -1.2509553e+00  -8.3089305e-01  -8.4233894e-01
   2.3259491e+00   1.1970946e+00   7.0686344e-01   6.8011754e-01   4.1548139e-01   7.8519830e-02  -4.2556571e-01  -6.6828835e-01  -7.5183944e-01  -9.4787974e-01  -9.8946661e-01  -7.8828893e-01  -1.3314304e+00  -1.2558799e+00  -1.1380193e+00  -9.7057692e-01
   2.3817903e+00   1.5215849e+00   4.3245822e-01  -1.8107530e-01   1.4834537e-01   2.8610470e-03  -6.5779717e-02  -2.2805593e-01  -7.3511668e-01  -5.5547363e-01  -1.0832755e+00  -1.1046187e+00  -1.2552795e+00  -1.2912371e+00  -1.4388642e+00  -1.2055536e+00
   2.2163567e+00   6.5535056e-01   1.0565352e+00   7.3494639e-01   1.1394097e-01   2.0400474e-01  -3.8674681e-01  -1.9796778e-01  -7.3352281e-01  -9.2731227e-01  -9.2495851e-01  -1.0729371e+00  -1.3077220e+00  -1.3645919e+00  -1.2884517e+00  -1.0281121e+00
   2.3345379e+00   1.1422987e+00   8.8160838e-01   7.5846490e-01   5.3403906e-01   8.2838521e-01  -2.5358152e-02  -7.6990055e-01  -9.6690451e-01  -9.3026765e-01  -1.0018752e+00  -1.2903623e+00  -1.2018278e+00  -1.2479195e+00  -1.2169197e+00  -1.1658496e+00
   1.6116689e+00   1.5018717e+00   1.1668403e+00   7.2432056e-01   3.7989705e-01   4.2226832e-01  -2.3214934e-01  -4.4776374e-01  -7.9328355e-01  -1.0009669e+00  -6.5123146e-01  -1.1302163e+00  -1.1498093e+00  -1.3733284e+00  -1.2843546e+00  -1.2816664e+00
   2.6909048e+00   1.9499571e+00   1.2667654e+00   2.5081492e-01   4.3013782e-01   3.0209681e-01  -2.1587327e-01  -5.7802273e-01  -9.4015589e-01  -1.1657977e+00  -1.1678690e+00  -1.4809755e+00  -1.5036184e+00  -1.6583223e+00  -1.3017097e+00  -1.1897210e+00
   2.8520220e+00   1.2849368e+00   6.4424039e-01   5.3350369e-01   5.0563195e-01  -1.7643689e-01  -2.7651797e-01  -4.8911598e-01  -7.8531795e-01  -1.1558455e+00  -1.1330574e+00  -1.2920682e+00  -1.7153973e+00  -1.5912317e+00  -1.7186730e+00  -1.4746717e+00
   2.1781342e+00   1.4602245e+00   1.1519547e+00   8.0083377e-01   3.8940819e-01   9.7801421e-02  -4.3894593e-01  -5.2467786e-01  -6.1629390e-01  -7.5787576e-01  -1.2105712e+00  -1.1980278e+00  -1.3638551e+00  -1.4985860e+00  -1.8388069e+00  -1.4635093e+00
   2.0364413e+00   1.6170660e+00   7.7916831e-01   4.6496871e-01   1.4925570e-01   1.4020945e-01  -2.3668695e-01  -6.1109348e-01  -9.4711839e-01  -1.0975513e+00  -1.3465270e+00  -1.1338898e+00  -1.2750432e+00  -1.4330509e+00  -1.7690304e+00  -1.9080544e+00
   2.0596290e+00   1.6733437e+00   7.6111897e-01   8.0537322e-01   2.5867670e-02   1.2926893e-01  -2.6727054e-01  -9.5876551e-01  -9.6670319e-01  -1.3514968e+00  -1.3881657e+00  -1.2594123e+00  -1.2777660e+00  -1.5161309e+00  -1.8662020e+00  -1.4753607e+00
   1.7883620e+00   1.2638776e+00   7.6977243e-01   3.6581110e-01   2.0662551e-01   7.6116786e-04  -5.3211933e-01  -8.1259143e-01  -9.6855791e-01  -8.7790211e-01  -7.8600140e-01  -1.1773368e+00  -1.3686395e+00  -1.4888734e+00  -1.5681977e+00  -1.5991642e+00
