   2.2192549e+00   1.7322870e+00   1.0063561e+00   6.1419772e-02  -2.3735086e-01  -4.4886689e-01  -1.2532119e+00  -1.1246616e+00  -1.5486071e+00  -1.7567758e+00  -2.0501555e+00  -2.0327156e+00  -1.9757678e+00  -1.8619906e+00  -1.9447927e+00  -1.9574430e+00
   2.6603753e+00   1.5817373e+00   6.6604547e-01   1.4649646e-01  -3.6414961e-01  -7.6659690e-01  -9.7264186e-01  -1.4302471e+00  -1.7137618e+00  -1.7217747e+00  -2.0953436e+00  -2.3333543e+00  -2.2774144e+00  -2.1058639e+00  -2.1802559e+00  -2.0444317e+00
   1.5221374e+00   9.5559246e-01   7.2164843e-01   1.3521387e-01  -6.2147065e-01  -3.3548630e-01  -1.0009167e+00  -1.5792404e+00  -1.7609865e+00  -1.8870217e+00  -2.0943002e+00  -2.3763086e+00  -2.2687153e+00  -2.2030782e+00  -2.2002431e+00  -2.1537807e+00
   2.7466350e+00   1.3372557e+00   4.5589833e-01   4.9742647e-01  -2.1116740e-01  -6.4094391e-01  -8.6336679e-01  -1.3782092e+00  -1.4045142e+00  -1.3828311e+00  -1.6767159e+00  -1.5651274e+00  -9.0912304e-01  -6.3875596e-01  -9.6303031e-01  -5.3509481e-01
   2.5655527e+00   1.8030834e+00   9.3508541e-01   4.7950871e-01  -2.9607919e-01  -4.0600081e-01  -5.3683012e-01  -1.2064463e+00  -1.3404316e+00  -1.4284145e+00  -1.8428586e+00  -1.7377237e+00  -1.5743851e+00  -1.5330986e+00  -1.7560911e+00  -1.5602279e+00
   2.6168173e+00   1.4825570e+00   8.3365602e-01   7.1591402e-01  -1.6765312e-01  -6.4548467e-01  -1.0419854e+00  -1.2526375e+00  -1.5235624e+00  -1.6771156e+00  -1.9886967e+00  -2.0186758e+00  -1.6674015e+00  -1.8207980e+00  -1.9084259e+00  -1.8177084e+00
   2.1224884e+00   1.0474196e+00   4.5037120e-01   5.5294200e-02  -9.9092381e-02  -6.9268942e-01  -1.2984999e+00  -1.4432623e+00  -1.2646318e+00  -1.4200980e+00  -1.8006113e+00  -1.8414385e+00  -1.7846536e+00  -1.8261320e+00  -1.8771261e+00  -1.8291394e+00
   1.1837256e+00   1.5081498e+00   1.5198667e-01   6.1723162e-01   5.1052889e-01   1.3393945e-01  -7.3467720e-01  -1.2678469e+00  -1.6012508e+00  -1.5290722e+00  -1.8570466e+00  -2.0436074e+00  -2.3136238e+00  -2.5407032e+00  -2.3980566e+00  -2.1734484e+00
   2.4112819e+00   1.8151688e+00   9.8716062e-01   6.7029780e-01   2.2065781e-01  -4.8661075e-02  -5.0747904e-01  -7.6638662e-01  -1.7352749e+00  -1.4989036e+00  -2.0420175e+00  -1.8939858e+00  -2.5570842e+00  -2.3924826e+00  -2.3411670e+00  -2.2149268e+00
   1.7407257e+00   1.6195853e+00   1.1564683e+00   7.6103167e-01  -1.0529482e-01  -2.8460835e-01  -9.6734724e-01  -1.3917608e+00  -1.9177074e+00  -1.9916039e+00  -2.4578118e+00  -2.4712499e+00  -2.4253561e+00  -2.4756374e+00  -2.2361065e+00  -1.9440635e+00
   2.0152543e+00   1.4846735e+00   5.4402555e-01  -6.3342839e-02  -4.3026613e-01  -4.2639798e-01  -6.8194527e-01  -1.0885719e+00  -2.0053861e+00  -1.9603132e+00  -2.2557749e+00  -1.9895648e+00  -2.3609216e+00  -2.1623382e+00  -2.4890073e+00  -2.2900841e+00
   2.0470293e+00   1.4597971e+00   4.3852289e-01   1.7264251e-01  -5.8587515e-01  -7.6770988e-01  -7.9857215e-01  -1.5502655e+00  -1.6162840e+00  -1.7202068e+00  -1.8717505e+00  -1.7235811e+00  -1.7671033e+00  -1.8604561e+00  -1.9853343e+00  -1.9112028e+00
   2.6619885e+00   1.3585349e+00   4.3820649e-01  -1.4372715e-01  -6.0846685e-01  -6.1480308e-01  -1.0622042e+00  -1.1862348e+00  -1.4406412e+00  -1.3276630e+00  -1.6537605e+00  -1.7407638e+00  -1.7494020e+00  -1.8033587e+00  -1.8578392e+00  -1.7532130e+00
   2.9254405e+00   1.7788596e+00   6.4128083e-01  -2.4703183e-01  -5.4888025e-01  -4.9082066e-01  -1.0542800e+00  -1.4383143e+00  -1.6741168e+00  -1.8816611e+00  -1.9985553e+00  -2.4109017e+00  -2.2591602e+00  -2.3403819e+00  -2.3922942e+00  -2.2017191e+00
   2.6885191e+00   1.3621942e+00   1.0605199e+00   2.3974625e-01  -2.2381174e-01  -1.7152703e-01  -8.0734755e-01  -1.1047207e+00  -1.1582387e+00  -1.3365515e+00  -1.3813637e+00  -1.4902208e+00  -1.4658477e+00  -1.4751088e+00  -1.5034026e+00  -1.4793964e+00
   3.2572172e+00   1.2952101e+00   4.2731916e-01   1.5828638e-01   1.0316398e-01  -5.8396204e-02  -4.7550002e-01  -1.1236845e+00  -1.2467357e+00  -1.2631601e+00  -1.5582203e+00  -1.7569049e+00  -1.8405908e+00  -1.6737118e+00  -1.7521368e+00  -1.7398352e+00
   3.0317325e+00   1.6951887e+00   4.7894152e-01   2.6561525e-01   2.8613281e-01  -2.7123399e-01  -1.2327720e+00  -1.2611880e+00  -1.3737865e+00  -1.5911298e+00  -1.8397629e+00  -2.0817744e+00  -2.1468546e+00  -2.1035005e+00  -2.1315753e+00  -1.9928684e+00
   2.4589232e+00   1.3064593e+00   1.0564379e+00   6.4912929e-01   2.4153828e-02  -4.1703711e-01  -9.8010608e-01  -1.3896595e+00  -1.8948542e+00  -1.8806819e+00  -2.2098969e+00  -2.2879817e+00  -2.3120140e+00  -2.4064814e+00  -2.3956252e+00  -2.1620189e+00
   2.7253783e+00   1.6798712e+00   1.3601825e+00   1.3234960e-01  -3.4425150e-01  -3.5845563e-01  -9.8775942e-01  -1.1802553e+00  -1.7180592e+00  -1.4260109e+00  -1.8413555e+00  -1.9783895e+00  -2.2098640e+00  -2.1319581e+00  -1.9203893e+00  -2.2514128e+00
   2.4423722e+00   1.5217548e+00   7.1793142e-01   6.0137240e-02  -2.2941478e-01  -2.3679138e-01  -8.6805176e-01  -1.0308547e+00  -1.2473971e+00  -1.3370200e+00  -1.6336069e+00  -1.9213155e+00  -1.9892382e+00  -2.0314817e+00  -1.7390087e+00  -1.8917873e+00
   2.4871733e+00   2.0000730e+00   1.2120499e+00   1.5871259e-01  -2.2096571e-01  -5.3112187e-01  -7.8609145e-01  -1.0463804e+00  -1.3168774e+00  -1.3047185e+00  -1.5342348e+00  -1.5718762e+00  -1.6849065e+00  -1.6485907e+00  -1.6696162e+00  -1.6171421e+00
   2.5079080e+00   1.4728475e+00   1.0062114e+00   4.1792640e-01   2.1838720e-01  -5.8034037e-01  -1.0185227e+00  -8.9636862e-01  -1.2237419e+00  -1.3724956e+00  -1.5037113e+00  -1.5259117e+00  -1.2430136e+00  -9.2766467e-01  -1.4704768e+00  -1.5877636e+00
   2.6929866e+00   1.5893324e+00   7.9611595e-01  -2.1452009e-01  -3.9811691e-01  -5.5129989e-01  -1.3186209e+00  -1.0484277e+00  -1.1162929e+00  -1.5730238e+00  -1.8895743e+00  -1.5027050e+00  -7.4628704e-01  -1.3704356e-01  -6.2802035e-01  -4.5130790e-01
   2.8209953e+00   1.5481950e+00   5.1956521e-01   3.0118111e-01  -2.4719997e-01  -4.5065022e-01  -8.5215044e-01  -9.6421223e-01  -9.9812619e-01  -1.1952685e+00  -1.3178159e+00  -1.2351750e+00  -6.9850390e-01   4.6499726e-01  -7.1725729e-02  -3.4400191e-03
   2.4742354e+00   1.2652841e+00   7.3251562e-01   5.2083478e-01  -5.7074989e-02  -7.2941937e-01  -1.0304135e+00  -1.4634878e+00  -1.8116130e+00  -1.5258057e+00  -1.9569001e+00  -1.5027889e+00  -8.8585917e-01   6.6953515e-01   1.6503930e-01   1.0382173e-01
   2.7889011e+00   1.2869758e+00   8.9656696e-01   3.2367554e-01   1.3907156e-01  -3.1067287e-01  -1.0344412e+00  -1.8611992e+00  -1.7087188e+00  -1.8852030e+00  -1.9602481e+00  -1.4801297e+00  -2.7364918e-01   9.4587859e-01   4.1544306e-01   2.1670934e-01
   2.5432990e+00   1.4266407e+00   5.2964643e-01   1.3213211e-01  -4.3681094e-02  -2.1601992e-03  -6.4954823e-01  -1.2435288e+00  -1.2988210e+00  -1.5329814e+00  -2.1065752e+00  -1.3314171e+00  -2.2676434e-02   1.2390075e+00   4.8798401e-01   5.0572964e-01
   2.3605182e+00   1.7557656e+00   7.2303355e-01   2.5443472e-01   2.1344383e-01  -4.8298616e-01  -8.2128775e-01  -1.0462671e+00  -1.4342414e+00  -1.4114505e+00  -1.6178768e+00  -7.6314346e-01   3.3083960e-02   6.8283078e-01   4.3163341e-02   2.3633137e-01
   2.3061343e+00   1.8257900e+00   1.0978957e+00   2.2188209e-01   1.3702239e-01  -1.0069061e-01  -7.1804767e-01  -1.2978224e+00  -1.4103996e+00  -1.2715079e+00  -1.3989757e+00  -8.8092743e-01  -2.3982411e-01   3.7173511e-01  -3.8451803e-01  -7.3498003e-01
   3.1283137e+00   1.6317548e+00   1.2946552e+00   6.6130559e-01   2.0572068e-01  -3.4951699e-01  -7.0631702e-01  -1.3400148e+00  -1.4753979e+00  -1.4904577e+00  -1.0459997e+00  -5.7457308e-01  -2.9089969e-01  -3.3281205e-01  -9.3189094e-01  -1.3226201e+00
   2.9228391e+00   1.3886977e+00   1.2833003e+00   7.6665938e-01   2.5433023e-01   3.7634545e-01  -7.0503290e-01  -1.0929175e+00  -1.5792752e+00  -1.5478485e+00  -8.0998520e-01  -4.1201829e-01  -3.5850233e-01  -6.8694853e-01  -1.4464740e+00  -1.8168587e+00
   3.1730132e+00   1.9992788e+00   1.6830838e+00   1.1799760e+00   4.1949690e-01  -1.0830159e-01  -9.2092028e-01  -1.2337300e+00  -1.4818383e+00  -1.6388889e+00  -8.3069565e-01  -3.1636571e-01  -4.8239587e-01  -8.0938837e-01  -1.6065935e+00  -1.9843409e+00
   3.1030803e+00   2.1306893e+00   1.0057205e+00   9.1097619e-01   4.9184526e-02  -4.6766969e-01  -8.2979596e-01  -1.2418201e+00  -1.2149388e+00  -1.5196524e+00  -1.1593538e+00  -3.2998365e-01  -6.6675249e-01  -9.6558094e-01  -1.5778950e+00  -1.8471132e+00
   2.3341115e+00   1.4491173e+00   1.3963017e+00   1.0719059e+00  -2.2410048e-01  -2.6842500e-01  -6.6817347e-01  -7.8154133e-01  -9.3935932e-01  -1.0628394e+00  -8.8964935e-01  -2.5964150e-01  -5.9140512e-01  -8.6521219e-01  -1.1331727e+00  -1.1954410e+00
   2.7988959e+00   1.9341325e+00   1.2384890e+00   9.8178082e-01  -2.5424476e-01  -1.9760131e-01  -1.0657420e+00  -1.0731658e+00  -1.4744988e+00  -1.7533143e+00  -1.3659094e+00  -4.3525870e-01  -8.0327589e-01  -1.2653170e+00  -1.4254056e+00  -1.9758225e+00
   1.7937104e+00   1.6024606e+00   1.3612392e+00   4.6790243e-01  -4.2121281e-01  -4.6700438e-01  -1.1294894e+00  -1.1779379e+00  -1.1195840e+00  -1.4127042e+00  -1.4066648e+00  -7.1781757e-01  -8.1321240e-01  -1.1506493e+00  -1.2374507e+00  -1.5025537e+00
   2.5420874e+00   1.7982955e+00   1.3419614e+00   6.7969796e-01   3.0252373e-01  -1.1813557e-01  -7.5712858e-01  -1.2385862e+00  -1.5707382e+00  -1.5522338e+00  -1.8010829e+00  -7.3419105e-01  -8.1960436e-01  -1.5794914e+00  -1.7391853e+00  -1.8599995e+00
   2.2814373e+00   1.6503232e+00   1.4519302e+00   1.0060078e+00  -1.1293086e-01  -3.2324741e-01  -6.0229337e-01  -1.3466552e+00  -1.4286739e+00  -1.7586205e+00  -1.6120335e+00  -4.1744026e-01  -6.1437555e-01  -1.5950040e+00  -1.8552108e+00  -1.9012837e+00
   2.5472756e+00   1.3087761e+00   8.4111471e-01   4.6421714e-01   3.5137907e-01  -1.5745079e-01  -7.7615040e-01  -1.4362468e+00  -1.4532575e+00  -1.7489750e+00  -1.7893582e+00  -4.3314317e-01  -7.7266365e-01  -1.7431722e+00  -1.6768988e+00  -2.1282973e+00
   2.0464470e+00   1.7687924e+00   1.2787297e+00   1.4478642e-01  -3.5414098e-01  -1.9947512e-01  -8.1425458e-01  -1.0159937e+00  -1.3527935e+00  -1.5834422e+00  -1.6559149e+00  -6.9860210e-01  -7.0693279e-01  -1.3541200e+00  -1.4751351e+00  -1.8125772e+00
   2.7552480e+00   1.5181384e+00   1.3188741e+00   7.1817896e-01  -1.6670359e-01  -4.9857052e-01  -6.4566937e-01  -9.9538268e-01  -1.3633472e+00  -1.5018971e+00  -1.6102762e+00  -8.2014081e-01  -4.9731268e-01  -1.2206858e+00  -1.5374237e+00  -1.7271329e+00
   2.9555789e+00   1.6464100e+00   1.2690221e+00   4.9809195e-01   2.5417412e-01   2.5996285e-01  -1.5643258e-01  -9.0161730e-01  -1.1564919e+00  -1.6113664e+00  -1.7357342e+00  -7.2117985e-01  -5.5216588e-01  -1.2026413e+00  -1.4117300e+00  -1.8027748e+00
   2.3503492e+00   1.6490221e+00   1.1860484e+00   3.6947349e-01   1.4948813e-01   3.4947990e-01  -1.9047110e-01  -1.1706947e+00  -1.3984802e+00  -1.9058789e+00  -2.0591386e+00  -5.8238875e-01  -3.4481754e-01  -1.1920688e+00  -1.5247896e+00  -1.8599900e+00
   2.6838038e+00   1.3086136e+00   6.0505496e-01   4.1048825e-01   9.4757827e-02   1.1670680e-01  -2.1701721e-01  -9.0877490e-01  -1.4989116e+00  -1.8380565e+00  -1.7780009e+00  -5.0827287e-01  -3.8067420e-01  -1.1480558e+00  -1.2871476e+00  -1.8433537e+00
   2.8941803e+00   1.6329468e+00   9.2243231e-01   3.5721977e-01   2.9787810e-01  -4.3077079e-01  -9.2582716e-01  -1.6052677e+00  -1.5238173e+00  -1.8117615e+00  -1.5561549e+00  -4.8321832e-01  -5.8308806e-01  -1.3277491e+00  -1.2754122e+00  -2.0619169e+00
   2.6453261e+00   2.0774707e+00   1.0488635e+00   8.1778553e-01  -3.3486720e-01  -5.2041347e-01  -9.5162775e-01  -1.7406765e+00  -1.6136203e+00  -1.7741273e+00  -1.5131196e+00  -2.2042859e-01  -2.9138441e-01  -1.2606964e+00  -1.4362607e+00  -1.9880888e+00
   2.3679284e+00   2.0451766e+00   1.0632242e+00   3.4307147e-01  -1.7021943e-01  -4.4358128e-01  -1.0943867e+00  -1.6377605e+00  -1.4882885e+00  -1.6357607e+00  -1.5562143e+00  -5.2838462e-01  -3.9047933e-01  -1.1896383e+00  -1.2341054e+00  -1.9435270e+00
   2.6314516e+00   1.5705863e+00   1.1542876e+00   6.7256783e-01  -2.1449673e-01  -2.8009924e-01  -4.4913707e-01  -9.8740398e-01  -1.0819298e+00  -1.1686173e+00  -1.0605719e+00  -1.5680083e-01  -2.0869381e-01  -9.3320183e-01  -9.8461599e-01  -1.1737586e+00
   2.9070192e+00   1.8735355e+00   1.2741132e+00   7.4775992e-01  -2.8247884e-01  -6.8342870e-01  -1.2987026e+00  -1.4468393e+00  -1.5371998e+00  -1.8719419e+00  -1.7726586e+00  -6.0993464e-02  -2.0056711e-01  -1.0081312e+00  -1.3861958e+00  -1.8463411e+00
   2.6534401e+00   1.6007337e+00   7.8687410e-01   5.5489639e-01  -1.5118155e-01  -1.0529820e-01  -5.4681505e-01  -6.7365230e-01  -6.6789924e-01  -8.2638128e-01  -8.8123588e-01  -2.3615120e-01  -4.2158598e-01  -7.7333350e-01  -8.8585304e-01  -9.2360139e-01
   2.4695285e+00   1.3595822e+00   8.3802740e-01   3.9679580e-01   7.0813974e-02  -2.8956649e-01  -8.5573123e-01  -1.0481998e+00  -1.3117938e+00  -1.4832903e+00  -1.4791875e+00  -6.6256131e-01  -7.1831037e-01  -1.3283161e+00  -1.2639575e+00  -1.4568508e+00
   2.9375467e+00   1.4513059e+00   6.5673875e-01   2.2343893e-01  -2.7550587e-01  -3.8920672e-01  -6.0023399e-01  -9.0121158e-01  -9.4330835e-01  -9.8119179e-01  -9.8841423e-01  -7.0065642e-01  -6.0766709e-01  -1.0225418e+00  -1.0952960e+00  -1.0874072e+00
   3.1059900e+00   1.2905708e+00   5.2732276e-01   4.1679236e-02  -5.5857048e-01  -3.0093105e-01  -1.2460580e+00  -1.6438084e+00  -1.6850396e+00  -1.7190674e+00  -1.8352355e+00  -7.5758945e-01  -1.0263578e+00  -1.9843162e+00  -2.1363777e+00  -2.0001815e+00
   2.4743333e+00   1.4856964e+00   1.2572738e+00   6.5092343e-01  -1.0443274e-01   4.2841904e-02  -5.0183043e-01  -9.0318560e-01  -9.4571367e-01  -1.1520517e+00  -1.1573782e+00  -8.0443449e-01  -1.1803592e+00  -1.2262539e+00  -1.2139668e+00  -1.2078345e+00
   2.7587259e+00   1.2411085e+00   9.5864344e-01   4.2406293e-01  -1.1353474e-01  -1.2227113e-01  -8.6432743e-01  -1.0287086e+00  -1.3864617e+00  -1.8780065e+00  -1.5710655e+00  -1.3926777e+00  -1.6489083e+00  -1.9411949e+00  -2.1150987e+00  -1.8858135e+00
   2.0430379e+00   1.0236034e+00   6.4768003e-01   4.0854150e-01  -1.8625620e-01  -4.5909090e-01  -6.4181520e-01  -7.2443125e-01  -1.2151794e+00  -1.4928035e+00  -1.4285502e+00  -1.4000506e+00  -1.4975508e+00  -1.6233131e+00  -1.6285211e+00  -1.5726546e+00
   1.5952699e+00   1.2453548e+00   1.4706329e-01   5.0968800e-01   2.2635425e-01  -3.0438648e-01  -1.0655366e+00  -1.3217216e+00  -1.2923775e+00  -1.3335696e+00  -1.6555596e+00  -1.6393118e+00  -1.6847298e+00  -1.8390273e+00  -1.9361612e+00  -1.6132486e+00
   2.8050842e+00   1.6936845e+00   9.7457541e-01   3.1742746e-01  -1.1690280e-01  -2.7823894e-01  -7.8999324e-01  -1.4970881e+00  -1.8954474e+00  -2.1660340e+00  -2.0542282e+00  -2.0726183e+00  -1.8694043e+00  -2.0336028e+00  -2.4200706e+00  -2.1665951e+00
   2.7839468e+00   1.7978511e+00   4.2359497e-01  -2.4722831e-01  -1.0332684e-01  -5.1205046e-01  -1.2418769e+00  -1.2676451e+00  -1.5953752e+00  -1.7134092e+00  -1.5438915e+00  -1.6888040e+00  -1.8125901e+00  -1.8584269e+00  -1.9020498e+00  -1.7792765e+00
   2.7917605e+00   1.2910173e+00   5.5864101e-01   4.8642287e-01  -2.7523135e-02  -7.2972974e-02  -1.1040580e+00  -1.1374886e+00  -1.4263830e+00  -1.8918978e+00  -1.7614102e+00  -2.3367145e+00  -2.0496580e+00  -2.1277010e+00  -2.3147145e+00  -2.1674746e+00
   2.8778547e+00   1.5869265e+00   6.4002982e-01   6.6662634e-02   9.2713399e-02  -1.5877107e-01  -6.8361752e-01  -8.5199707e-01  -7.4066536e-01  -1.4389479e+00  -2.0107603e+00  -2.1352433e+00  -2.0074727e+00  -2.4150429e+00  -2.5743794e+00  -2.5108574e+00
   2.3703761e+00   1.3718356e+00   5.2379585e-01   2.8375034e-01   1.1512381e-01  -3.4930164e-01  -7.2430022e-01  -1.3643231e+00  -1.5764475e+00  -1.7256049e+00  -1.7145796e+00  -1.8705128e+00  -1.7876938e+00  -1.9765513e+00  -1.9631791e+00  -2.0018139e+00
   1.9612659e+00   1.1724805e+00   5.5594507e-01   1.5224171e-01  -8.7515378e-03  -5.3794941e-01  -8.9965392e-01  -1.2092354e+00  -1.5783902e+00  -2.1130646e+00  -2.1007457e+00  -2.4416582e+00  -2.5769833e+00  -2.3476442e+00  -2.0847546e+00  -2.3651740e+00
   2.6902432e+00   1.8942551e+00   8.0673777e-01   8.6299147e-02   8.5918058e-02  -2.9919853e-01  -3.8387084e-01  -1.0586322e+00  -1.5720111e+00  -1.6927078e+00  -1.8166491e+00  -1.9038387e+00  -1.9803990e+00  -1.9028181e+00  -1.8804421e+00  -1.8349761e+00
   1.9464724e+00   1.0666243e+00   3.4283481e-01  -4.2331185e-01   4.6672060e-01   5.9930445e-01  -1.1848424e-01  -1.2103354e+00  -1.7803800e+00  -1.8761227e+00  -1.9142842e+00  -2.1155922e+00  -2.2276835e+00  -2.2635226e+00  -2.2764768e+00  -2.3139835e+00
   2.0560982e+00   1.0525744e+00   5.5952495e-01  -2.0743418e-01   2.6359629e-01   8.0327027e-01  -5.4036967e-02  -1.0825506e+00  -1.5600864e+00  -2.1601111e+00  -1.7758059e+00  -2.0010660e+00  -2.2854573e+00  -2.4671288e+00  -2.1338477e+00  -2.1543259e+00
   2.3732148e+00   1.1637419e+00   7.4051069e-01   2.8276474e-01   1.4527564e-01   2.1640769e-01  -4.5549047e-01  -1.1313982e+00  -1.4404165e+00  -1.6649524e+00  -1.5981636e+00  -1.8307262e+00  -1.8698706e+00  -1.8512682e+00  -1.9278892e+00  -1.8803318e+00
   2.4623849e+00   1.9138301e+00   7.0070984e-01   7.9803037e-01  -3.2104531e-01   3.7490304e-02  -7.4342200e-01  -1.1330322e+00  -1.3956047e+00  -1.6717917e+00  -1.4993322e+00  -1.6462398e+00  -1.6777425e+00  -1.6516682e+00  -1.4327311e+00  -1.6989650e+00
   2.6102985e+00   2.0445694e+00   8.0531034e-01   2.8822367e-01  -1.7616735e-01  -1.5780985e-01  -8.1610660e-01  -1.0585637e+00  -1.5223806e+00  -1.6361004e+00  -1.5557667e+00  -1.3818412e+00  -1.8228946e+00  -1.6576708e+00  -1.6100423e+00  -2.0512172e+00
   2.5574715e+00   8.3205748e-01   1.0026032e+00   7.2638963e-01  -3.0195202e-01  -3.7916866e-01  -8.9263719e-01  -1.3546626e+00  -1.4608624e+00  -1.6930594e+00  -1.8998397e+00  -1.9238416e+00  -2.2076101e+00  -1.9694287e+00  -2.0678560e+00  -2.0689294e+00
   2.1975651e+00   1.4846062e+00   1.0339490e+00   4.7285821e-01   3.7564957e-01  -1.7020354e-03  -1.0940818e+00  -1.0722551e+00  -1.2697077e+00  -1.2436481e+00  -1.4908711e+00  -1.5721813e+00  -1.5963257e+00  -1.6088231e+00  -1.5521927e+00  -1.4856195e+00
   1.9086746e+00   1.5327749e+00   6.8245817e-01   1.8281215e-01  -1.4230718e-02   9.8697173e-03  -8.7563785e-01  -1.2882644e+00  -9.7359194e-01  -1.1439261e+00  -1.4975024e+00  -1.8267979e+00  -1.4814233e+00  -1.7382395e+00  -1.5897914e+00  -1.3343168e+00
   2.7299716e+00   1.1416392e+00   2.9701330e-01   3.8802668e-01  -2.2959276e-01  -4.2118867e-01  -8.4797072e-01  -1.5724777e+00  -1.4343955e+00  -1.6092948e+00  -1.8955190e+00  -2.2475610e+00  -2.1090662e+00  -1.9978981e+00  -2.1444677e+00  -2.1933118e+00
   2.6187938e+00   8.9134329e-01   2.0118473e-01   6.5180505e-02  -1.0405994e-01  -3.7569655e-02  -7.9190518e-01  -1.4134461e+00  -9.9752160e-01  -8.3418660e-01  -1.6005360e+00  -1.9541530e+00  -1.4501121e+00  -1.0811086e+00  -1.4043036e+00  -1.5730387e+00
   2.5455443e+00   1.2447477e+00  -5.5586619e-02  -2.9706072e-02  -2.4087039e-01  -3.0950158e-01  -1.0984606e+00  -8.1664375e-01  -1.2115128e+00  -1.3601440e+00  -1.7628210e+00  -1.8371660e+00  -1.7401047e+00  -1.6393979e+00  -1.6517634e+00  -1.7430871e+00
   1.5510493e+00   1.2114010e+00   8.2599945e-01  -4.1498335e-01  -1.0473170e-01  -5.0102657e-01  -1.2099578e+00  -1.0738840e+00  -1.4971154e+00  -1.5820570e+00  -1.7336771e+00  -1.8149666e+00  -1.8320226e+00  -1.7654073e+00  -1.7370575e+00  -1.7577868e+00
   1.6296661e+00   1.0929206e+00   6.5025484e-01   1.0715172e-01   6.0941949e-01   5.7115243e-02  -6.9058901e-01  -1.5494852e+00  -1.6859300e+00  -1.6701346e+00  -2.0166609e+00  -2.1711789e+00  -2.0157665e+00  -2.0858781e+00  -2.0148937e+00  -2.0341165e+00
   2.0059081e+00   7.2190773e-01   3.7975361e-01   8.5405290e-02  -3.5950321e-01  -3.9932274e-01  -1.3068122e+00  -1.4847661e+00  -1.7768151e+00  -1.6557869e+00  -2.0563721e+00  -2.2035926e+00  -2.1055117e+00  -2.3709598e+00  -2.3751741e+00  -2.3395776e+00
   1.7852424e+00   1.9418282e+00   6.2814716e-01  -1.4503528e-01  -6.9591810e-01  -2.1176689e-01  -7.7682894e-01  -9.3661908e-01  -1.3985526e+00  -1.4415677e+00  -1.5568260e+00  -1.6919452e+00  -1.7660685e+00  -1.7658598e+00  -1.7724245e+00  -1.7273018e+00
   1.9700764e+00   2.1569980e+00   1.1915663e+00   5.4572714e-01   2.8842998e-01   6.4049385e-01   2.7267637e-01  -9.5411809e-01  -1.6540817e+00  -1.8754773e+00  -1.9578758e+00  -2.2124046e+00  -2.6322047e+00  -2.5944168e+00  -2.4749779e+00  -2.2572048e+00
   1.8741953e+00   1.9688798e+00   1.1743531e+00   2.2528865e-02   4.3442047e-01   8.3792034e-01  -2.0485027e-01  -9.8667990e-01  -1.6303518e+00  -2.0849868e+00  -2.0988126e+00  -2.1891639e+00  -2.2343766e+00  -2.0774208e+00  -2.3488718e+00  -2.1014862e+00
   2.3300811e+00   2.0510046e+00   1.0336064e+00  -3.2298852e-02  -8.5493185e-01  -1.6404388e-02  -7.1320326e-01  -1.6524776e+00  -1.9816833e+00  -1.8407909e+00  -1.9758717e+00  -2.3046747e+00  -2.2013446e+00  -2.3099512e+00  -2.1640858e+00  -2.2236644e+00
   2.6805436e+00   1.6921674e+00   5.2318402e-01   5.9094341e-02  -4.5265423e-01   7.2895436e-02  -5.8586875e-01  -1.3353151e+00  -1.9602584e+00  -1.9663039e+00  -2.0256137e+00  -2.1405708e+00  -2.2947616e+00  -2.3151660e+00  -2.4905942e+00  -2.1753573e+00
   2.0422622e+00   7.4652921e-01   5.6896542e-01   7.5689241e-01   2.4664510e-01   2.0632935e-01  -5.0333930e-01  -9.4105681e-01  -1.1730164e+00  -1.2241843e+00  -1.2267390e+00  -1.2658018e+00  -1.3389859e+00  -1.3321802e+00  -1.3368358e+00  -1.2945224e+00
   2.6482920e+00   1.8955055e+00   8.4644011e-01   6.1146279e-01  -1.6512174e-01   1.1134877e-01  -5.2155538e-01  -6.9895413e-01  -1.2126269e+00  -1.2457397e+00  -1.3534218e+00  -1.5336703e+00  -1.4980199e+00  -1.4957875e+00  -1.4954435e+00  -1.4664489e+00
   3.1208491e+00   2.2154341e+00   1.0659840e+00   4.3801727e-01   1.2820860e-01   3.3854227e-01   7.6678931e-02  -1.0736870e+00  -1.3325669e+00  -1.3555092e+00  -1.5332412e+00  -1.6686449e+00  -1.8046582e+00  -1.7814578e+00  -1.8730377e+00  -1.8132284e+00
