   3.5211432e+00   3.3163854e+00   2.5362541e+00   2.0706916e+00   1.9644090e+00   2.0156351e+00   1.9182125e+00   2.2434218e+00   1.6513749e+00   1.7098322e+00   1.5065607e+00   7.8870747e-01   9.7914747e-01   9.2184168e-01   1.0772171e+00   7.9703224e-01
   3.0268665e+00   3.0844972e+00   3.3681163e+00   3.2993129e+00   3.1058834e+00   2.9343056e+00   2.9354707e+00   2.6661494e+00   1.7485689e+00   1.6194442e+00   1.5210094e+00   1.2735276e+00   1.1174929e+00   8.3695618e-01   8.2722356e-01   8.2997568e-01
   3.1134589e+00   3.2835063e+00   3.4427154e+00   3.1858686e+00   2.8147886e+00   2.6460528e+00   2.6779927e+00   2.2997300e+00   1.8000337e+00   1.4686300e+00   1.3910574e+00   1.2965561e+00   1.1471463e+00   9.8618352e-01   1.1002778e+00   1.2618572e+00
   3.4384438e+00   2.7793227e+00   2.6698946e+00   2.8501549e+00   2.1770259e+00   1.8909230e+00   2.0655089e+00   2.3439896e+00   1.9559218e+00   1.6933743e+00   1.7158503e+00   1.5996063e+00   1.3334147e+00   1.3029875e+00   1.2542423e+00   1.3396092e+00
   4.2186170e+00   3.7477938e+00   3.1003019e+00   2.6291152e+00   2.0288120e+00   1.8143509e+00   1.9632622e+00   1.9575899e+00   1.6839037e+00   1.7153406e+00   1.6635264e+00   1.6014211e+00   1.5394470e+00   1.4017147e+00   1.3790808e+00   1.3410660e+00
   3.7998429e+00   3.8642184e+00   3.6665090e+00   3.8089854e+00   3.3759966e+00   3.1681518e+00   3.8685231e+00   3.8015777e+00   2.9444361e+00   2.3158215e+00   1.5117701e+00   1.8491816e+00   1.2625077e+00   1.0491035e+00   1.1666232e+00   1.1204783e+00
   3.8064022e+00   4.0477018e+00   3.7873618e+00   3.6327007e+00   3.1619844e+00   3.3214746e+00   3.0872143e+00   2.6798448e+00   1.9750761e+00   1.6409547e+00   1.6194053e+00   1.6015706e+00   1.2771944e+00   1.4300203e+00   1.3133969e+00   1.2610246e+00
   4.2492183e+00   3.1653589e+00   2.4932602e+00   3.1952781e+00   3.1756893e+00   2.4557734e+00   2.4790522e+00   2.1503121e+00   1.9286045e+00   1.3625266e+00   1.5099959e+00   1.3687137e+00   1.2665667e+00   1.2106211e+00   1.4007423e+00   1.2078967e+00
   3.8396875e+00   3.2058665e+00   3.2183301e+00   2.6206671e+00   2.1923296e+00   2.1478961e+00   1.9745008e+00   2.2512662e+00   1.5184101e+00   1.3650584e+00   1.4944063e+00   1.4979716e+00   1.3582977e+00   1.0441641e+00   1.1794322e+00   1.2956437e+00
   2.9505612e+00   3.0210674e+00   2.7471113e+00   2.3179731e+00   2.1722625e+00   2.4859294e+00   2.3741374e+00   1.9564490e+00   1.8578833e+00   1.5381885e+00   1.7657813e+00   1.3899636e+00   1.1154162e+00   1.0660867e+00   1.0472311e+00   8.7276063e-01
   3.3561892e+00   3.8051976e+00   2.8477239e+00   2.5706409e+00   2.0829865e+00   2.0118846e+00   2.1851606e+00   2.2918650e+00   1.7789457e+00   1.6403467e+00   2.1339568e+00   1.4205664e+00   1.1604805e+00   1.2149029e+00   1.0868601e+00   1.0421909e+00
   2.9353745e+00   2.3934555e+00   2.5293579e+00   2.9434361e+00   2.6392828e+00   2.0688229e+00   2.1142012e+00   1.8554164e+00   1.9342859e+00   1.8733815e+00   1.7927059e+00   1.5766849e+00   1.1201035e+00   9.1867837e-01   1.1984990e+00   1.1694479e+00
   2.6329326e+00   2.7757962e+00   2.9333602e+00   2.5846453e+00   2.2475988e+00   1.7271905e+00   1.7880071e+00   1.8924509e+00   2.1474280e+00   1.6854120e+00   1.8818613e+00   1.8534682e+00   1.5666920e+00   1.3647817e+00   1.1962090e+00   1.2029773e+00
   2.5402906e+00   2.6553280e+00   2.1309630e+00   1.6893989e+00   1.6376631e+00   2.2260354e+00   2.3078862e+00   2.2490963e+00   2.0624271e+00   1.7262752e+00   1.7576966e+00   1.6466457e+00   1.2822716e+00   1.1211669e+00   1.4280495e+00   1.5047113e+00
   2.9806257e+00   2.5172957e+00   2.5816614e+00   2.1088813e+00   1.7545016e+00   1.6113756e+00   2.0977275e+00   1.9508233e+00   1.6497218e+00   1.7946203e+00   1.4994611e+00   1.3825604e+00   1.3271498e+00   1.0964151e+00   1.0640885e+00   8.1866156e-01
   2.2988277e+00   2.1564844e+00   2.3868038e+00   1.6906132e+00   2.2015294e+00   2.1861813e+00   1.7241623e+00   1.3453048e+00   1.6892610e+00   1.5293041e+00   1.3632579e+00   1.2741746e+00   1.2006095e+00   1.1736155e+00   1.0400808e+00   9.6538413e-01
   2.9047224e+00   2.1969447e+00   1.9796650e+00   1.6896032e+00   1.0216511e+00   1.6836053e+00   1.9910045e+00   1.8209295e+00   1.4640130e+00   1.4386895e+00   1.6433837e+00   1.5712239e+00   1.3281917e+00   1.1052794e+00   1.3674236e+00   1.2613775e+00
   3.1832753e+00   2.4690549e+00   1.7812970e+00   2.1684780e+00   1.2016793e+00   1.4309875e+00   1.7825896e+00   1.6913532e+00   1.5863983e+00   1.4662272e+00   1.2312546e+00   1.1611366e+00   1.0982801e+00   8.2063243e-01   1.1744298e+00   9.3276132e-01
   2.3766265e+00   3.0062131e+00   2.4348293e+00   2.3633538e+00   1.9896949e+00   1.6007727e+00   2.1652014e+00   1.8163865e+00   1.5288664e+00   1.6664377e+00   1.6042067e+00   1.5905886e+00   1.3191753e+00   8.3936146e-01   9.9923947e-01   1.1040662e+00
   2.8224360e+00   3.9188481e+00   3.6875737e+00   2.7236326e+00   2.4926625e+00   2.0976345e+00   1.4968174e+00   1.6969625e+00   1.7706854e+00   1.6658880e+00   1.4674360e+00   1.5517894e+00   1.4266794e+00   1.1936484e+00   1.1127999e+00   1.0166603e+00
   2.9871499e+00   3.7430473e+00   3.6056206e+00   3.1493019e+00   3.1560150e+00   1.8013425e+00   2.1948825e+00   2.0514197e+00   1.9204316e+00   1.9057303e+00   1.7234519e+00   2.0792259e+00   2.6589014e+00   2.1163484e+00   9.7570120e-01   8.2298850e-01
   3.6153011e+00   3.0778707e+00   2.2261091e+00   1.8765031e+00   2.2161981e+00   2.2817590e+00   2.2153111e+00   1.9311996e+00   1.6935677e+00   1.7303429e+00   1.2899771e+00   1.5203019e+00   1.6831544e+00   1.3335486e+00   8.5981831e-01   9.9096401e-01
   3.3120127e+00   2.1405970e+00   2.0244396e+00   2.1156151e+00   2.2859579e+00   1.8074810e+00   2.2603629e+00   2.0501322e+00   2.1763740e+00   2.7257030e+00   2.0931504e+00   2.7331039e+00   3.3863420e+00   2.7415139e+00   1.1575896e+00   9.7926503e-01
   3.5330519e+00   2.7873419e+00   2.1654327e+00   2.1867469e+00   2.2730255e+00   2.1312038e+00   2.0219784e+00   1.8642672e+00   1.8434487e+00   2.5399697e+00   1.9846806e+00   2.6342281e+00   3.2265463e+00   2.6218685e+00   1.4340573e+00   1.0555321e+00
   3.7006594e+00   2.4651454e+00   1.9710429e+00   2.0940517e+00   2.1791715e+00   2.2038895e+00   1.2900060e+00   2.1283451e+00   2.3593731e+00   3.0773958e+00   2.3146078e+00   3.0973638e+00   3.7630830e+00   2.9981568e+00   1.3531966e+00   9.8718654e-01
   3.7708886e+00   3.1645299e+00   2.3795352e+00   2.2366867e+00   2.8670693e+00   2.4928418e+00   2.0197932e+00   2.2642843e+00   2.7801909e+00   3.1094776e+00   2.2609136e+00   3.0545213e+00   3.7244064e+00   3.0117519e+00   1.4223269e+00   1.2924359e+00
   3.3342630e+00   3.1824310e+00   2.2745052e+00   1.7522680e+00   2.8070349e+00   2.6918191e+00   2.2700599e+00   2.0733173e+00   2.4069885e+00   3.1351009e+00   2.4632861e+00   3.1447101e+00   3.7286328e+00   3.0294765e+00   1.3891902e+00   1.1610018e+00
   4.0355975e+00   3.7171132e+00   2.9026226e+00   2.6085210e+00   3.1930350e+00   2.8212550e+00   2.3238112e+00   2.3038772e+00   2.4606922e+00   3.1121892e+00   2.4942269e+00   3.0688771e+00   3.6216264e+00   2.9002697e+00   1.3988401e+00   1.2591863e+00
   4.2213434e+00   4.0997235e+00   3.3861910e+00   2.7909485e+00   3.1397138e+00   2.9251974e+00   2.4327926e+00   2.2946504e+00   2.4072846e+00   3.3110424e+00   2.4523240e+00   2.8399976e+00   3.5723768e+00   2.8696145e+00   1.4870760e+00   1.3530529e+00
   3.6333308e+00   3.8470079e+00   2.9457951e+00   2.3276597e+00   3.1574893e+00   2.9771960e+00   2.3605558e+00   2.1433856e+00   2.5740672e+00   3.2387827e+00   2.5099169e+00   3.1846229e+00   3.3755942e+00   2.7288239e+00   1.4583041e+00   1.4056006e+00
   3.0379651e+00   2.7037303e+00   2.3905714e+00   2.9847518e+00   3.4477658e+00   2.8028671e+00   1.7091991e+00   1.9960798e+00   2.5420551e+00   3.0075753e+00   2.4412822e+00   3.0589703e+00   3.3811613e+00   2.6328411e+00   1.4049271e+00   1.1575222e+00
   3.1878834e+00   2.4233636e+00   2.1226546e+00   2.5777826e+00   3.4512374e+00   2.9816567e+00   1.7040540e+00   2.0187457e+00   2.3799364e+00   3.0396839e+00   2.5967711e+00   2.8801530e+00   3.3879641e+00   2.6611764e+00   1.3328167e+00   1.1008761e+00
   3.2652213e+00   2.4438861e+00   2.1233204e+00   2.5737440e+00   3.4349744e+00   3.1159422e+00   1.5880172e+00   1.8750502e+00   2.2735349e+00   3.1784205e+00   2.3800237e+00   3.0217281e+00   3.2828287e+00   2.6713287e+00   1.1999228e+00   8.3599823e-01
   3.7364055e+00   2.8398079e+00   2.4245221e+00   2.7752750e+00   3.4002894e+00   3.1220395e+00   1.6839202e+00   2.0184586e+00   2.1916057e+00   3.0361814e+00   2.3089470e+00   2.8871484e+00   3.5381261e+00   2.7578135e+00   9.9012584e-01   7.6052014e-01
   3.4746905e+00   2.6001099e+00   2.2563273e+00   2.8363758e+00   3.5073521e+00   3.1292623e+00   1.8444804e+00   2.0347907e+00   2.2520209e+00   3.0214387e+00   2.4763991e+00   2.7051962e+00   3.4977627e+00   2.8392590e+00   1.0804696e+00   7.1591371e-01
   3.5768312e+00   2.9890305e+00   2.6276196e+00   3.0643848e+00   3.5797255e+00   3.1441248e+00   1.9686273e+00   1.9515626e+00   2.2892750e+00   3.2157033e+00   2.6976676e+00   2.9270904e+00   3.5161013e+00   2.9151475e+00   1.3180312e+00   7.4972165e-01
   3.0710575e+00   2.9612688e+00   2.1526977e+00   2.5765815e+00   3.3603603e+00   2.9731623e+00   2.0544861e+00   2.0925302e+00   2.4292871e+00   2.9794457e+00   2.5646146e+00   3.2866692e+00   3.6158119e+00   2.9580695e+00   1.2024132e+00   9.5659558e-01
   3.6726196e+00   3.2625131e+00   2.6958646e+00   3.1561057e+00   3.2752358e+00   2.8798425e+00   1.7751841e+00   2.2163661e+00   2.4320365e+00   3.0313594e+00   2.7241078e+00   3.4108141e+00   3.7042451e+00   3.0824782e+00   1.2681617e+00   8.4050447e-01
   3.0330230e+00   2.9171737e+00   2.8405306e+00   2.7425581e+00   3.1059290e+00   2.8348374e+00   1.8048816e+00   2.2152812e+00   2.4697143e+00   3.2528364e+00   2.6183184e+00   3.2130598e+00   3.7955876e+00   3.1116972e+00   1.4847943e+00   1.1684626e+00
   2.5611660e+00   2.3923199e+00   2.5765980e+00   2.7939200e+00   3.0415837e+00   2.6763289e+00   1.9958790e+00   2.2220796e+00   2.5834844e+00   3.2494001e+00   2.5115494e+00   3.1165174e+00   3.7113683e+00   3.0757619e+00   1.5326494e+00   6.5686547e-01
   2.9166442e+00   2.4067975e+00   1.5288605e+00   2.7480248e+00   3.0246054e+00   2.9545873e+00   2.2169800e+00   2.3109123e+00   2.6000144e+00   3.4097603e+00   2.2630389e+00   2.6722300e+00   3.4744896e+00   3.0173919e+00   1.5265834e+00   1.1136727e+00
   3.2116751e+00   2.6837211e+00   2.8654890e+00   3.1361564e+00   3.1215424e+00   2.4176670e+00   1.8639120e+00   2.1166430e+00   2.0415875e+00   3.3952046e+00   2.6088154e+00   2.6601161e+00   3.4523176e+00   2.9206088e+00   1.4873413e+00   1.1153255e+00
   3.6580451e+00   2.6572627e+00   2.7413271e+00   3.0969031e+00   3.3097634e+00   2.6625952e+00   2.0991204e+00   2.0590912e+00   2.2320118e+00   3.4238713e+00   2.7244187e+00   2.6969440e+00   3.2486330e+00   2.6791720e+00   1.4910382e+00   1.3072384e+00
   3.3697584e+00   1.6673737e+00   2.5698799e+00   2.8803247e+00   2.6717672e+00   2.6080041e+00   1.9113245e+00   2.3487616e+00   1.9652241e+00   3.2368840e+00   2.3626657e+00   2.4637919e+00   3.1979505e+00   2.5943816e+00   1.5107226e+00   1.2941992e+00
   3.9226788e+00   2.4013160e+00   2.2272648e+00   2.5798601e+00   3.0059405e+00   2.5050556e+00   1.7061999e+00   2.0861721e+00   2.1383263e+00   2.9813974e+00   2.5950992e+00   2.7059955e+00   3.3325665e+00   2.7938285e+00   1.4255252e+00   1.1893614e+00
   3.8915447e+00   2.8235956e+00   2.0609032e+00   3.0750070e+00   2.9375016e+00   2.1280910e+00   1.9831786e+00   2.1648225e+00   2.1922473e+00   3.0538266e+00   2.5174382e+00   2.6648381e+00   3.3129207e+00   2.8864749e+00   1.5492259e+00   1.3592910e+00
   3.7552283e+00   2.8849049e+00   2.4643699e+00   2.6692116e+00   2.5340641e+00   2.2923458e+00   1.7784498e+00   2.1776764e+00   2.1152554e+00   2.7698638e+00   2.2892268e+00   2.2925120e+00   3.2590126e+00   2.9489518e+00   1.4589815e+00   1.0813279e+00
   3.4877694e+00   3.4767049e+00   3.4099254e+00   3.3123523e+00   2.9312662e+00   2.1477970e+00   1.8066053e+00   2.0473769e+00   2.1438454e+00   2.4652948e+00   2.2786950e+00   1.7892127e+00   2.9774362e+00   2.7323435e+00   1.3251738e+00   1.2466079e+00
   3.6437528e+00   3.6146676e+00   3.4556455e+00   3.3973286e+00   2.9056574e+00   1.9895193e+00   2.2773712e+00   2.5795357e+00   2.2102005e+00   2.2644083e+00   2.1874129e+00   2.0238736e+00   2.5920077e+00   2.3309295e+00   1.7562431e+00   1.2666367e+00
   3.1784670e+00   2.7589833e+00   2.8517039e+00   2.4756897e+00   2.2483375e+00   1.8929673e+00   2.1265501e+00   2.4005817e+00   2.1481232e+00   1.9035088e+00   1.8496180e+00   1.9378915e+00   2.0383022e+00   1.7262152e+00   1.5354672e+00   1.2507713e+00
   3.6165985e+00   2.7225751e+00   2.9098554e+00   2.4736247e+00   2.0907652e+00   1.8698087e+00   1.6790780e+00   1.9116518e+00   1.8837253e+00   1.6428048e+00   1.7175127e+00   1.4147480e+00   1.0564288e+00   1.1803836e+00   1.3485889e+00   1.2805925e+00
   4.2008446e+00   3.5632554e+00   3.1986258e+00   2.3641991e+00   2.2041848e+00   2.1763320e+00   1.2570565e+00   1.8460253e+00   1.4726008e+00   1.4658872e+00   1.6168390e+00   1.3826923e+00   1.1928404e+00   1.1505311e+00   1.3006052e+00   1.0192781e+00
   2.3519877e+00   2.5053112e+00   2.2812899e+00   2.4369481e+00   1.7537463e+00   1.2365655e+00   1.5430798e+00   1.7713096e+00   1.8422895e+00   1.4436902e+00   1.6403619e+00   1.6501653e+00   1.2779868e+00   1.0361127e+00   1.2399982e+00   1.1408076e+00
   2.5654151e+00   3.1656071e+00   2.4501665e+00   2.3242326e+00   2.0394376e+00   1.2812933e+00   1.7646109e+00   1.5909644e+00   1.5890803e+00   1.7989694e+00   1.6920875e+00   1.6413424e+00   1.1296035e+00   9.5197653e-01   1.3603864e+00   1.3253912e+00
   3.1655152e+00   2.9083390e+00   2.8335692e+00   2.1912808e+00   2.5158340e+00   2.0804497e+00   1.7013445e+00   2.0162367e+00   1.3690447e+00   1.2846345e+00   1.7067782e+00   1.4728636e+00   1.3178869e+00   9.7494039e-01   1.0894407e+00   1.1141184e+00
   3.4862081e+00   2.8258240e+00   2.5753646e+00   1.6692899e+00   1.9299727e+00   1.5584851e+00   1.4217963e+00   1.8822411e+00   1.9109853e+00   1.3855036e+00   1.4475197e+00   1.4220382e+00   8.8726871e-01   1.0697626e+00   1.1295090e+00   8.4107582e-01
   3.6265114e+00   2.8666851e+00   2.3950383e+00   1.1958887e+00   1.6580450e+00   1.7936282e+00   1.6457769e+00   1.4382605e+00   1.4680983e+00   1.5929875e+00   1.6344127e+00   1.3456231e+00   1.1070054e+00   1.1225178e+00   8.9807015e-01   9.0666761e-01
   3.6164913e+00   2.3486403e+00   2.1703159e+00   2.3658950e+00   2.1618276e+00   2.0338989e+00   1.9200741e+00   1.7444152e+00   1.9078828e+00   1.5750704e+00   1.6350031e+00   1.6015445e+00   1.3159693e+00   9.3507768e-01   9.9700337e-01   1.1101852e+00
   3.3082381e+00   3.4506257e+00   3.0997364e+00   2.2937028e+00   1.7566014e+00   2.0460224e+00   1.8044172e+00   2.0775294e+00   1.8250984e+00   1.4779873e+00   1.4628482e+00   1.3100532e+00   1.0803715e+00   9.5595319e-01   1.0195296e+00   1.1442810e+00
   3.1189926e+00   2.9359733e+00   2.5798925e+00   2.5775428e+00   1.8348896e+00   1.7440431e+00   1.8578824e+00   1.9463247e+00   1.4303887e+00   1.1219059e+00   1.5219188e+00   1.5568445e+00   1.3176779e+00   1.2092317e+00   9.5606863e-01   8.2839999e-01
   3.0237142e+00   3.0920636e+00   2.5206384e+00   1.8733839e+00   1.9399754e+00   1.3650646e+00   1.6929357e+00   1.6048991e+00   1.6390766e+00   1.6807111e+00   1.4635565e+00   1.7490540e+00   1.3710174e+00   1.1968571e+00   1.0938166e+00   1.1263862e+00
   3.0642198e+00   2.6616007e+00   1.9689841e+00   1.7228210e+00   1.7017884e+00   1.7433624e+00   2.0887305e+00   1.6084868e+00   2.0544939e+00   1.6470522e+00   1.4952477e+00   1.4064205e+00   1.3838977e+00   8.1849154e-01   1.2222614e+00   9.7267457e-01
   3.2139035e+00   2.5690965e+00   2.4795086e+00   1.4638666e+00   1.9072397e+00   1.6037129e+00   2.1366349e+00   1.7915857e+00   1.7259763e+00   1.6563567e+00   1.4653583e+00   1.6907287e+00   1.7364453e+00   1.2795122e+00   1.0889029e+00   6.7986697e-01
   3.9910733e+00   2.7627668e+00   2.2760520e+00   1.1881648e+00   1.2750977e+00   1.3430937e+00   1.3001201e+00   1.7770355e+00   2.0997673e+00   1.6821328e+00   1.7560990e+00   1.7487745e+00   1.2486682e+00   1.0558365e+00   1.0908269e+00   8.0847663e-01
   3.0693069e+00   2.4404448e+00   1.3417937e+00   1.6571588e+00   1.6979339e+00   1.7801158e+00   1.6700237e+00   2.0449770e+00   1.8935431e+00   1.6266444e+00   1.6475737e+00   1.7902083e+00   1.3403781e+00   1.1532354e+00   1.1150410e+00   1.0901432e+00
   3.3024000e+00   1.8331784e+00   1.8430957e+00   1.9373183e+00   1.5462130e+00   1.5719808e+00   1.4601411e+00   1.9752845e+00   1.9078796e+00   1.8929161e+00   1.5848791e+00   1.1435129e+00   1.0507459e+00   8.8612081e-01   1.2226131e+00   9.9336219e-01
   2.5435714e+00   2.0905760e+00   1.7022711e+00   1.9495548e+00   1.6059708e+00   1.5727476e+00   1.6121026e+00   1.7137851e+00   1.8237690e+00   1.4802009e+00   1.2371411e+00   1.0250603e+00   8.3360419e-01   8.0522584e-01   1.0808630e+00   8.2644319e-01
   3.3871005e+00   2.3236774e+00   1.9239709e+00   1.3940688e+00   1.4490318e+00   1.2071496e+00   2.0981125e+00   1.9666072e+00   2.2207691e+00   1.7901064e+00   1.5450871e+00   1.3144331e+00   9.3421720e-01   8.4223376e-01   1.1009729e+00   9.0508086e-01
   3.6162119e+00   2.7131304e+00   1.5435535e+00   1.6380287e+00   1.3152116e+00   9.0045010e-01   2.1890088e+00   1.6814374e+00   1.3108079e+00   1.6706456e+00   2.1241126e+00   1.6185619e+00   1.1952503e+00   8.7026590e-01   9.9446471e-01   1.1218091e+00
   3.8146777e+00   2.1758374e+00   1.6567189e+00   2.0723246e+00   1.6487159e+00   1.8913375e+00   1.6012481e+00   1.3211001e+00   1.4868767e+00   1.2880040e+00   1.1944530e+00   1.3022463e+00   9.1794790e-01   8.3142783e-01   9.3463429e-01   1.0370716e+00
   3.3766487e+00   2.4064688e+00   1.9031057e+00   2.3447202e+00   1.9758374e+00   1.8893415e+00   1.4049068e+00   1.4933015e+00   1.1777341e+00   1.2058430e+00   1.2058265e+00   1.0071625e+00   7.1472288e-01   8.3713165e-01   7.9312524e-01   6.9632984e-01
   3.4373088e+00   2.6333914e+00   2.1349576e+00   1.8220830e+00   1.9624493e+00   1.6082904e+00   1.2552268e+00   1.4646801e+00   1.6142968e+00   1.3776744e+00   1.3373860e+00   1.3794111e+00   1.1508179e+00   1.0570838e+00   1.1512305e+00   6.9848401e-01
   3.5967226e+00   2.2754299e+00   1.9052024e+00   1.7265643e+00   1.7750555e+00   1.7308014e+00   1.6352620e+00   1.7863285e+00   1.3814012e+00   1.3905318e+00   1.6531487e+00   1.4406682e+00   1.0330075e+00   9.2722808e-01   7.3092200e-01   9.1891197e-01
   3.3440153e+00   2.5873856e+00   2.0281589e+00   1.7189766e+00   1.8201740e+00   1.5660504e+00   1.6437661e+00   1.5184891e+00   1.1561970e+00   1.1597517e+00   1.5404351e+00   1.3342692e+00   9.2507472e-01   1.2997655e+00   1.0543005e+00   9.2400739e-01
   3.8028526e+00   3.0117811e+00   2.3540569e+00   2.2234459e+00   2.2852838e+00   1.8186980e+00   1.4980696e+00   1.8004174e+00   1.7309894e+00   1.3875672e+00   1.8259412e+00   1.6386277e+00   1.2779911e+00   1.2562500e+00   1.1237112e+00   1.1637172e+00
   4.2194195e+00   3.2791786e+00   2.8173471e+00   2.8383660e+00   2.4670348e+00   2.0258143e+00   1.8979029e+00   1.4910231e+00   1.7180437e+00   1.3339919e+00   1.7922660e+00   1.4717327e+00   1.2087419e+00   1.1635947e+00   1.1803971e+00   1.2101448e+00
   3.6703330e+00   2.9366643e+00   2.4520326e+00   2.0556056e+00   1.9243475e+00   1.3353238e+00   2.0728598e+00   2.1332996e+00   1.6888072e+00   2.0096944e+00   1.7511419e+00   1.5882804e+00   1.4399770e+00   1.1355148e+00   1.1270089e+00   1.3086645e+00
   2.4394998e+00   2.4778855e+00   1.8960670e+00   1.9254288e+00   1.6316696e+00   1.3383928e+00   1.6615820e+00   2.0058804e+00   1.8400848e+00   1.7129679e+00   1.4712858e+00   1.7007276e+00   1.1659284e+00   1.0965545e+00   8.6220424e-01   7.8262288e-01
   3.3676528e+00   2.5824767e+00   1.6714682e+00   2.1315474e+00   1.7699606e+00   1.9218900e+00   1.6260698e+00   1.6446952e+00   1.5698679e+00   1.4190129e+00   1.7594765e+00   1.8112430e+00   1.2999012e+00   1.0700324e+00   8.8246319e-01   8.0122147e-01
   3.4856926e+00   2.6433267e+00   1.6990570e+00   2.3504220e+00   1.6236898e+00   1.5583409e+00   1.3835449e+00   1.4920469e+00   1.3385219e+00   1.2357159e+00   1.5631657e+00   1.3033529e+00   1.3758863e+00   1.0660820e+00   7.3502717e-01   7.9261500e-01
