   2.6854910e-01  -1.8308407e+00  -1.3688499e+00  -1.4877403e-01  -9.8686905e-01  -2.2476086e+00  -2.5550364e+00  -2.4067102e+00  -2.2645198e+00  -1.8993810e+00  -2.0307055e+00  -2.2541008e+00  -2.2033066e+00  -2.2681425e+00  -2.0478639e+00  -2.1903034e+00
   1.7716753e-01  -9.2270568e-01  -1.0712844e+00  -3.4647997e-01  -5.9344653e-01  -1.8570271e+00  -2.2550515e+00  -2.1898533e+00  -1.9958208e+00  -1.9847226e+00  -2.0906614e+00  -2.3132182e+00  -2.5174663e+00  -2.0016797e+00  -1.9478029e+00  -2.0442829e+00
   4.8108494e-01  -1.5758741e+00  -1.1049120e+00  -4.4732989e-01  -8.6157962e-01  -1.6611161e+00  -2.4176894e+00  -2.6258502e+00  -2.7297500e+00  -2.0196892e+00  -1.8382327e+00  -2.0464073e+00  -2.3716702e+00  -2.0438640e+00  -1.7241131e+00  -1.6319687e+00
   5.1052676e-01  -6.7419132e-01  -4.2164351e-01  -7.0379952e-01  -8.8147871e-01  -1.6754311e+00  -2.3375219e+00  -2.2106831e+00  -2.3116688e+00  -1.7820311e+00  -2.0401306e+00  -2.3694077e+00  -2.2428256e+00  -1.8398757e+00  -1.6680577e+00  -1.6373631e+00
  -1.2900196e-01  -1.0803522e+00  -8.4501657e-01  -5.8230440e-01  -1.3024740e+00  -1.7693758e+00  -2.1730173e+00  -2.0593484e+00  -2.5063690e+00  -1.7470572e+00  -2.0675062e+00  -2.1861842e+00  -2.2346244e+00  -1.9827061e+00  -1.9542562e+00  -1.7356541e+00
  -2.5977250e-02  -1.0978396e+00  -1.4912610e+00  -5.2398750e-01  -1.3824482e+00  -1.6155641e+00  -2.4473987e+00  -2.1273751e+00  -2.0189932e+00  -1.7922093e+00  -1.8288923e+00  -2.2356080e+00  -1.6154723e+00  -1.0557781e+00  -1.1226534e+00  -7.5383597e-01
   2.1014375e-01  -5.1254385e-01  -1.0674491e+00  -1.3360247e+00  -1.8913706e+00  -2.0891146e+00  -1.9805722e+00  -2.0346870e+00  -2.1712699e+00  -1.9008950e+00  -1.7996304e+00  -1.9193057e+00  -1.2300513e+00  -1.0770040e+00  -1.2933482e+00  -9.5344567e-01
   4.7925263e-01  -5.7170256e-01  -9.6925548e-01  -5.4847058e-01  -1.1879443e+00  -1.6033402e+00  -2.3112822e+00  -2.6254227e+00  -2.0495566e+00  -1.8372611e+00  -1.8403694e+00  -2.0934715e+00  -2.0138488e+00  -1.9194243e+00  -1.6366901e+00  -1.6267054e+00
   3.1290633e-01  -9.6538708e-01  -1.0500309e+00  -6.1068820e-01  -7.3075003e-01  -1.6793171e+00  -2.2038835e+00  -2.7434052e+00  -2.4720830e+00  -1.8674316e+00  -2.0027539e+00  -2.3370683e+00  -2.4182272e+00  -2.2901306e+00  -2.0793260e+00  -1.8894999e+00
   4.7624799e-01  -5.8235996e-01  -9.5421971e-01  -7.1234219e-01  -1.1981697e+00  -1.7557925e+00  -2.1285228e+00  -1.9968527e+00  -2.5485219e+00  -2.2459372e+00  -2.2297179e+00  -2.2091112e+00  -2.2606850e+00  -2.2038389e+00  -2.1194768e+00  -1.7156799e+00
   4.0977020e-01  -9.0000171e-01  -1.4053048e+00  -7.8539913e-01  -1.3483154e+00  -1.8536122e+00  -2.6372800e+00  -2.2415346e+00  -2.7818875e+00  -2.0945372e+00  -1.8781036e+00  -2.0022165e+00  -2.0985308e+00  -1.8470305e+00  -1.8804298e+00  -1.9358007e+00
   4.4170820e-01  -1.0241693e+00  -8.5827065e-01  -7.2828279e-01  -1.0058367e+00  -1.6865470e+00  -2.2505770e+00  -2.5718694e+00  -2.2987665e+00  -2.0660396e+00  -2.1469929e+00  -2.2516747e+00  -2.2666454e+00  -1.9408745e+00  -1.8989265e+00  -1.8963134e+00
   8.8780783e-01   2.6441242e-01  -5.1519370e-01  -7.1225160e-01  -1.2147689e+00  -1.7510660e+00  -2.3599842e+00  -2.4791578e+00  -2.4830993e+00  -2.2811611e+00  -1.9328605e+00  -1.9753142e+00  -2.1224880e+00  -2.1930791e+00  -1.8198327e+00  -1.7929862e+00
   9.2189315e-01   6.0604803e-01  -5.4022190e-01  -3.0037233e-01  -1.1364162e+00  -1.7305174e+00  -2.3523003e+00  -2.6744469e+00  -2.4739515e+00  -1.9833095e+00  -1.7564134e+00  -1.8712968e+00  -2.0816953e+00  -2.1594202e+00  -1.9715762e+00  -1.8642687e+00
   7.0696546e-01   4.3790084e-01  -4.4607437e-01  -6.1842944e-01  -6.7757887e-01  -1.2790964e+00  -2.1904007e+00  -2.1696536e+00  -2.5485994e+00  -2.1809632e+00  -2.0327908e+00  -2.0229791e+00  -2.1285493e+00  -2.0508188e+00  -1.9273587e+00  -2.0657400e+00
   3.0555388e-02   1.1880721e-01  -1.0979510e+00  -8.8735806e-01  -1.2807251e+00  -1.7650266e+00  -2.4506873e+00  -2.2209719e+00  -2.5335859e+00  -1.7035387e+00  -2.0229284e+00  -2.2458783e+00  -2.3279018e+00  -2.1101898e+00  -1.8243820e+00  -1.8293060e+00
   7.5347006e-01  -4.0700217e-01  -7.7797711e-01  -6.7454352e-01  -1.3133070e+00  -1.5262491e+00  -2.4657107e+00  -2.3700592e+00  -2.4628813e+00  -2.2866193e+00  -2.2632166e+00  -2.2247240e+00  -2.5218436e+00  -1.9594785e+00  -1.5447707e+00  -1.6763622e+00
   1.9097397e-01  -9.0430694e-01  -6.0967315e-01  -4.6938278e-01  -1.1368337e+00  -1.6843970e+00  -1.7693559e+00  -1.4079317e+00  -1.4838219e+00  -1.4934519e+00  -1.0401673e+00  -6.3051942e-01   4.3547243e-01   7.3116325e-01  -4.4326350e-01  -1.5136645e+00
  -1.0242731e-01  -1.0607915e+00  -7.8676363e-01  -3.7909929e-01  -1.1741411e+00  -2.0669576e+00  -2.1006092e+00  -1.5721730e+00  -1.6013066e+00  -1.5837406e+00  -9.4238430e-01  -6.7952105e-01   3.5653871e-01   7.5282076e-01  -2.6830561e-01  -1.1941531e+00
   2.7316972e-01  -8.0837620e-01  -8.8708340e-01  -9.4358342e-01  -1.3852521e+00  -1.6442374e+00  -2.3291828e+00  -2.3378122e+00  -2.0965051e+00  -2.1316386e+00  -1.5995369e+00  -6.8357055e-01   6.8184283e-01   1.4148087e+00   5.6913443e-01  -2.8679995e-01
  -5.2436115e-02  -1.3149311e+00  -1.0868207e+00  -5.4289698e-01  -1.0386668e+00  -1.5823953e+00  -2.3237706e+00  -2.0633316e+00  -2.0679145e+00  -1.8789826e+00  -1.3134978e+00  -8.6412430e-02   1.6931329e+00   2.2635081e+00   1.2478708e+00   5.1307807e-01
  -9.9095521e-02  -1.1529206e+00  -8.6640983e-01  -7.0201789e-01  -9.3406353e-01  -2.0634968e+00  -2.0059571e+00  -1.7811041e+00  -2.2045291e+00  -1.5729187e+00  -1.0863994e+00   2.8419244e-01   1.4286474e+00   2.2570890e+00   1.2422300e+00   5.8685500e-01
  -1.0755027e-01  -8.7681231e-01  -1.1111559e+00  -6.0591211e-01  -7.9997008e-01  -1.5985905e+00  -1.9460021e+00  -1.9835727e+00  -2.2330593e+00  -1.5834588e+00  -5.2861514e-01   4.1775394e-01   1.0934715e+00   1.8403058e+00   9.8679902e-01   6.2104876e-01
   5.9567156e-01  -7.6735943e-01  -6.7935914e-01  -4.5910893e-01  -9.6687506e-01  -1.7036276e+00  -2.6242401e+00  -2.1955989e+00  -2.0838200e+00  -1.4192342e+00  -6.4980857e-01   1.7953276e-01   1.2052367e+00   1.7495622e+00   8.4171475e-01   4.5788663e-01
   3.0860952e-01  -1.0505290e-01  -5.9960258e-01  -1.1282050e+00  -1.0988948e+00  -1.6022069e+00  -2.3388082e+00  -1.8928802e+00  -1.9237731e+00  -1.8570720e+00  -9.8566636e-01  -3.0812760e-01   6.3817347e-01   1.4737053e+00   6.5160885e-01   2.9879757e-02
   5.0137532e-01   5.0510902e-01   4.0517415e-02  -4.7072045e-01  -9.5720441e-01  -1.5661292e+00  -2.0977724e+00  -1.4804682e+00  -1.5406489e+00  -1.2000985e+00  -1.0532666e+00  -8.6189400e-04   7.5662373e-01   1.3628547e+00  -7.7031998e-02  -6.1848922e-01
   4.7347742e-01   5.8591161e-01   5.8388556e-01  -3.6458726e-01  -8.9565002e-01  -1.1578978e+00  -1.7852627e+00  -1.5839726e+00  -1.2800067e+00  -8.9616375e-01  -5.8215008e-01   1.9006851e-02   7.9775933e-01   9.7992010e-01  -1.5614832e-01  -9.0464648e-01
   1.4701673e-01   8.0342203e-01   6.3904998e-01  -1.3488341e-01  -9.5802238e-01  -1.3219525e+00  -1.7835219e+00  -1.3969029e+00  -1.1932086e+00  -1.0234740e+00  -6.4183074e-01   3.5751898e-01   6.6189275e-01   6.4970449e-01  -6.3582143e-01  -9.2512916e-01
   1.1682608e+00   9.8254961e-01   6.8940711e-01  -8.5759968e-02  -1.2988269e+00  -1.3197866e+00  -2.0500338e+00  -1.5739682e+00  -1.4940492e+00  -1.2454056e+00  -4.1963841e-01   2.0060537e-01   7.1047459e-01   6.3149902e-01  -6.9663919e-01  -1.1125865e+00
   1.1468190e+00   1.1561217e+00   8.3598951e-01   1.7724089e-01  -5.9572370e-01  -1.7832268e+00  -2.1462078e+00  -1.6150658e+00  -1.8332312e+00  -1.4341593e+00  -5.2865928e-01   2.5331846e-01   8.0878476e-01   5.1163179e-01  -8.7904801e-01  -1.2334341e+00
   1.1759938e+00   1.1906640e+00   9.1722440e-01   4.2391466e-02  -8.6383592e-01  -1.8203036e+00  -1.8729075e+00  -2.0299553e+00  -1.9708025e+00  -9.2473082e-01  -1.0763976e-01   3.7573799e-01   9.4922156e-01   8.1572707e-01  -9.7733024e-01  -1.1957579e+00
   1.0666863e+00   1.2515348e+00   9.3106154e-01   2.7507209e-01  -1.0065264e+00  -1.5047425e+00  -2.3877940e+00  -2.1735909e+00  -1.8346347e+00  -1.3106629e+00  -1.7528471e-01   3.4595562e-01   8.6727200e-01   6.0029577e-01  -1.2557959e+00  -1.4082951e+00
   9.0853189e-01   1.2058813e+00   7.8495591e-01  -1.9964419e-01  -1.5218460e+00  -1.8296938e+00  -1.7443891e+00  -1.6028949e+00  -1.4504529e+00  -1.1231188e+00  -2.8988303e-01   2.0917228e-01   7.2771339e-01   5.1135731e-01  -1.2117081e+00  -1.5288298e+00
   7.1599004e-01   1.2791638e+00   8.9536810e-01   3.9685106e-01  -5.7370471e-01  -1.2565152e+00  -1.8393963e+00  -1.7885611e+00  -1.7382516e+00  -9.6376083e-01  -2.2119311e-01  -4.5740055e-02   5.2966114e-01   5.1333869e-01  -1.2376029e+00  -1.6235330e+00
   1.3373998e+00   1.3344766e+00   9.8823567e-01   4.9982267e-01  -3.7844757e-01  -1.4862817e+00  -1.7523448e+00  -1.4265062e+00  -1.5538713e+00  -8.8591800e-01  -3.1262461e-01  -1.2186020e-01   6.6389075e-01   6.2752660e-01  -1.1174033e+00  -1.6946574e+00
   9.8178457e-01   1.2955919e+00   8.8200801e-01   7.1674061e-01  -6.6564341e-01  -1.4927246e+00  -1.8022251e+00  -1.7492436e+00  -1.6141040e+00  -9.2579164e-01  -2.7549392e-01  -2.8776446e-01   6.6843770e-01   7.0663554e-01  -9.6001455e-01  -1.4370279e+00
   1.0137878e+00   1.3325228e+00   9.7755371e-01   8.1868936e-01  -6.2327972e-01  -1.1307916e+00  -1.7025269e+00  -1.6731287e+00  -1.6129373e+00  -9.3744137e-01  -3.6408247e-01  -2.1728885e-01   7.5159453e-01   6.0697371e-01  -1.4665102e+00  -1.4631670e+00
   1.2914859e+00   1.3061483e+00   1.0137155e+00   5.2566974e-01  -6.1371255e-01  -1.3558619e+00  -2.1184805e+00  -1.7032362e+00  -1.5484407e+00  -8.9657047e-01  -3.0497191e-01  -2.3818192e-01   8.1910005e-01   7.5152495e-01  -1.3121799e+00  -1.4580644e+00
   1.2699548e+00   1.4232976e+00   1.1256735e+00   7.1523428e-01  -9.1111164e-01  -1.0576608e+00  -1.8231054e+00  -1.6398990e+00  -1.5933283e+00  -9.0890663e-01  -9.6002659e-02  -5.0965507e-01   1.7975241e-01   6.7673932e-01  -1.2896741e+00  -1.3725976e+00
   1.1197420e+00   1.3815419e+00   1.3128989e+00   6.4159855e-01  -4.4826468e-01  -9.8460477e-01  -1.7754887e+00  -1.5614290e+00  -1.6530304e+00  -1.0366697e+00  -1.9391713e-01  -7.9972204e-01   1.5470301e-01   5.8089026e-01  -1.2021566e+00  -1.5345165e+00
   1.2107618e+00   1.2935402e+00   1.2568522e+00   8.6342630e-01  -5.2922324e-01  -1.0968580e+00  -1.6703102e+00  -1.8140177e+00  -1.8717895e+00  -9.5148655e-01  -7.1267473e-02  -4.8054606e-01  -2.6588389e-01   2.2957061e-01  -1.3826453e+00  -1.5696955e+00
   1.1142547e+00   1.3121832e+00   1.2291437e+00   7.2032310e-01  -3.4707188e-01  -1.1425926e+00  -2.0310910e+00  -1.8317596e+00  -1.7881335e+00  -1.0139482e+00  -2.6385703e-02  -6.1203493e-01  -1.3232784e-01   1.2357765e-01  -1.4460150e+00  -1.4936397e+00
   1.4194588e+00   1.4474481e+00   1.2516948e+00   7.0741293e-01  -3.6155243e-01  -1.2046383e+00  -2.0674897e+00  -1.8388719e+00  -1.7813121e+00  -1.1519452e+00  -6.1573534e-02  -6.9604704e-01  -2.4420942e-02   9.2831913e-02  -1.4416672e+00  -1.5116793e+00
   1.3391506e+00   1.4051602e+00   1.1747896e+00   7.0040645e-01  -6.5128625e-01  -1.0399572e+00  -1.8850246e+00  -1.9422848e+00  -1.7469071e+00  -1.2628981e+00  -7.1777185e-02  -6.8144255e-01  -6.4787024e-02   8.2826842e-02  -1.5657055e+00  -1.3657752e+00
   1.2537293e+00   1.2720757e+00   1.1382822e+00   6.7418395e-01  -4.4756157e-01  -9.1918779e-01  -1.9483795e+00  -2.0810743e+00  -1.8174891e+00  -1.2341029e+00  -1.4498482e-01  -5.8237896e-01  -1.5700158e-01   1.5048892e-01  -1.4969423e+00  -1.5548164e+00
   1.0528212e+00   9.5330530e-01   1.1579339e+00   8.3498785e-01  -3.6081600e-01  -1.1924121e+00  -1.9027354e+00  -1.8852288e+00  -1.6932600e+00  -1.2066504e+00  -1.2843037e-01  -1.8358137e-01  -3.6271729e-01  -1.6752604e-01  -1.5503215e+00  -1.4840545e+00
   8.0027712e-01   7.9721861e-01   1.1559241e+00   5.5896878e-01  -9.6346637e-01  -1.4729210e+00  -1.8099340e+00  -1.9253338e+00  -1.8032983e+00  -1.1980876e+00  -2.0434245e-01  -4.5785517e-01  -5.5575430e-01  -1.5718562e-01  -1.7230705e+00  -1.3918752e+00
   8.4667281e-01   8.7291467e-01   1.2204247e+00   6.8616029e-01  -5.2027672e-01  -1.2820838e+00  -1.8913993e+00  -1.8951255e+00  -1.8024586e+00  -1.1541379e+00  -1.7315164e-01  -4.5163032e-01  -1.4323930e-01   1.4046118e-01  -1.6379108e+00  -1.2405272e+00
   1.1221636e+00   7.8313826e-01   1.0465070e+00   8.7233266e-01  -4.2894402e-01  -1.1472299e+00  -1.6453427e+00  -2.1026329e+00  -1.7251177e+00  -1.2918068e+00  -3.7658626e-01  -4.5899073e-01  -1.7730567e-02  -5.9210136e-02  -1.5884863e+00  -1.4314114e+00
   8.6527340e-01   7.9964709e-01   9.9714517e-01   5.9091834e-01  -5.7260075e-01  -1.0616113e+00  -1.7441993e+00  -1.7216276e+00  -1.8235848e+00  -1.4944587e+00  -3.1322556e-01  -4.5165076e-01  -1.4909765e-01  -5.9449520e-02  -1.6716632e+00  -1.4202044e+00
   6.3877005e-01   7.1616734e-01   9.7825974e-01   6.4754250e-01  -2.5128543e-01  -1.1889548e+00  -1.8005316e+00  -1.8767918e+00  -1.6007711e+00  -1.5420788e+00  -4.5043979e-01  -4.4385920e-01  -2.5031189e-01   2.0529179e-02  -1.7379778e+00  -1.7166474e+00
   8.2437699e-01   6.4811538e-01   7.9435143e-01   5.5465925e-01  -4.9528022e-01  -1.2633869e+00  -2.1829057e+00  -2.0079025e+00  -2.0030666e+00  -1.4384790e+00   1.0039103e-01  -1.1205620e-01  -1.6662385e-01  -2.7684276e-02  -1.8033293e+00  -1.5104486e+00
   1.1423903e+00   7.6021159e-01   6.2144664e-01   1.8164584e-01  -4.4268122e-01  -8.6021863e-01  -1.8650040e+00  -1.7929482e+00  -1.9884310e+00  -1.4989981e+00   2.4875491e-02   1.2419056e-03  -8.9428962e-02  -5.3771569e-03  -1.7853717e+00  -1.3054652e+00
   1.3814218e+00   7.4126568e-01   3.0180114e-01  -1.6548352e-01  -6.6398075e-01  -1.1205771e+00  -2.2602050e+00  -2.0395150e+00  -1.7044955e+00  -1.6480704e+00   9.3083506e-02   6.2289599e-02   1.0313306e-01   1.0203042e-01  -1.3742322e+00  -1.3523280e+00
   1.1012889e+00   6.7342162e-01   2.6025610e-02  -4.3141231e-02  -5.7396584e-01  -8.7619846e-01  -1.9528792e+00  -2.3463744e+00  -2.0031571e+00  -1.5806621e+00   1.5691969e-01  -5.8866869e-02   4.8689289e-02   1.2813824e-01  -1.4791299e+00  -1.4787609e+00
   8.1455878e-01   4.2188302e-01  -8.0861491e-02  -1.7431715e-01  -5.0143920e-01  -1.1644879e+00  -2.0876582e+00  -2.2287908e+00  -2.3687954e+00  -1.7114316e+00  -2.2908488e-02  -3.7880421e-01  -4.1558891e-01  -1.1796840e-01  -1.6412468e+00  -1.5556220e+00
   4.7357920e-01   3.6504489e-01  -6.0594408e-01  -3.4736192e-01  -1.1780467e+00  -1.8534926e+00  -2.3175250e+00  -2.2574689e+00  -2.7001945e+00  -1.6772340e+00  -1.0723754e+00  -1.0090027e+00  -1.1490380e+00  -3.2637310e-01  -1.4055440e+00  -1.3803574e+00
   7.0373752e-01  -7.4762057e-02  -5.9038088e-01  -5.6818171e-01  -7.5582325e-01  -1.5923671e+00  -2.3271940e+00  -2.3929612e+00  -2.6359022e+00  -2.0042284e+00  -1.2647917e+00  -6.9702937e-01  -8.8640849e-01  -7.1899989e-01  -1.6370324e+00  -1.5455720e+00
   1.0994077e+00   2.2751839e-01  -9.1003450e-01  -3.9003676e-01  -7.9556655e-01  -1.6743050e+00  -2.2730859e+00  -2.1625771e+00  -2.1401221e+00  -1.6400119e+00  -8.0755047e-01  -1.2149956e+00  -1.1198093e+00  -7.4831792e-01  -1.6792335e+00  -1.8385433e+00
   6.1095592e-01   8.9031167e-02  -6.0766895e-01  -1.6654299e-01  -5.5042147e-01  -1.9918845e+00  -2.5745813e+00  -2.3145334e+00  -2.0949553e+00  -1.9298009e+00  -1.3895232e+00  -1.3195724e+00  -1.3025036e+00  -1.0204673e+00  -1.9579866e+00  -1.8107303e+00
   6.3417436e-01  -3.1462186e-01  -7.6214423e-01  -3.7526414e-01  -4.1173520e-01  -1.3539738e+00  -2.3796567e+00  -2.1097857e+00  -2.4391395e+00  -2.1239594e+00  -1.5303338e+00  -1.3711139e+00  -1.6091699e+00  -1.3707915e+00  -1.6611778e+00  -1.7309734e+00
   2.2230605e-01  -6.2792517e-01  -1.2766956e+00  -1.1092915e+00  -9.5496646e-01  -1.3282814e+00  -1.7663453e+00  -2.4338831e+00  -2.7434753e+00  -2.0720373e+00  -1.8529281e+00  -1.4407404e+00  -1.7313699e+00  -1.2958391e+00  -1.5667141e+00  -1.7082685e+00
   4.7927000e-01  -1.0393826e+00  -1.1219184e+00  -9.5717338e-01  -1.3059904e+00  -1.8754983e+00  -2.2949555e+00  -2.0427703e+00  -2.3174268e+00  -1.8063336e+00  -1.5483898e+00  -1.9243689e+00  -1.7816825e+00  -1.3733980e+00  -1.8126481e+00  -1.6631227e+00
  -7.5608203e-01  -9.2820616e-01  -4.1306144e-01  -4.7299982e-01  -1.0342792e+00  -1.5569603e+00  -2.2697702e+00  -2.4168346e+00  -2.4380321e+00  -2.1266120e+00  -1.5459862e+00  -1.8311188e+00  -2.1966435e+00  -1.5471720e+00  -1.6399774e+00  -1.8796649e+00
   1.0723099e-01  -1.1410494e+00  -1.0864046e+00  -5.2573401e-01  -7.9705174e-01  -1.6320854e+00  -2.0333624e+00  -1.8664353e+00  -2.1636581e+00  -2.2722619e+00  -1.8853238e+00  -2.1301076e+00  -1.8296738e+00  -1.2603460e+00  -1.6425292e+00  -1.6766446e+00
  -4.2192486e-02  -4.1667231e-01  -6.7416281e-01  -6.7768669e-01  -8.7269643e-01  -1.3818619e+00  -2.4729096e+00  -2.5586640e+00  -2.5890638e+00  -2.4219939e+00  -2.0806662e+00  -2.1221717e+00  -2.1620241e+00  -1.8417273e+00  -2.2399418e+00  -1.8493839e+00
   4.8877966e-01  -3.7952016e-01  -9.6894264e-01  -5.3624350e-01  -1.0058751e+00  -1.7725764e+00  -2.2761985e+00  -2.2989120e+00  -2.3272845e+00  -2.1319541e+00  -1.8758508e+00  -1.9832235e+00  -2.2495690e+00  -2.0417107e+00  -1.9091800e+00  -1.6646754e+00
   2.6272110e-01  -8.1968833e-01  -5.8409177e-01  -9.8872048e-01  -8.5360237e-01  -1.7132603e+00  -2.1334799e+00  -2.3891960e+00  -2.5639339e+00  -2.2006011e+00  -2.0670824e+00  -2.3736057e+00  -2.0656934e+00  -1.7593923e+00  -2.1179751e+00  -1.7941979e+00
  -4.8656631e-01  -9.7838209e-01  -6.7891317e-01  -4.7729031e-01  -7.1921706e-01  -1.3594916e+00  -2.2993735e+00  -2.1592773e+00  -2.6116086e+00  -2.1627324e+00  -1.9929505e+00  -2.3406688e+00  -2.1577498e+00  -1.9693611e+00  -1.8415479e+00  -1.7517742e+00
   2.3981066e-01  -1.2691644e+00  -9.9408961e-01  -2.8998877e-01  -1.3072121e+00  -1.7583429e+00  -2.3797864e+00  -2.4379216e+00  -2.6651497e+00  -2.0052411e+00  -2.0212798e+00  -2.2242022e+00  -2.0821974e+00  -1.7597516e+00  -1.9457862e+00  -1.6124808e+00
   2.8642080e-02  -9.1468335e-01  -1.0235266e+00  -3.1094749e-01  -8.9650975e-01  -1.8543646e+00  -2.3610117e+00  -2.3474032e+00  -2.6737358e+00  -2.2116861e+00  -2.1783967e+00  -2.3168259e+00  -2.2119877e+00  -1.8342627e+00  -1.9074774e+00  -1.9209853e+00
   1.8711711e-01  -7.5517559e-01  -3.3458256e-01  -3.1111964e-01  -1.3468193e+00  -1.9486869e+00  -2.4676217e+00  -2.0986895e+00  -2.6860815e+00  -2.2127271e+00  -2.0933105e+00  -2.1352586e+00  -2.4068476e+00  -2.2807116e+00  -1.8893463e+00  -1.7080304e+00
   2.4982818e-01  -9.5774602e-01  -9.1520931e-01  -5.0939086e-01  -1.1965626e+00  -1.4598126e+00  -1.9889801e+00  -1.8144070e+00  -2.7765826e+00  -2.2948548e+00  -2.0354786e+00  -2.0606834e+00  -2.0536754e+00  -1.9591248e+00  -1.8650349e+00  -1.6915770e+00
   3.5328784e-01  -1.0855765e+00  -1.0427994e+00  -6.0972706e-01  -1.2380294e+00  -1.6438056e+00  -1.9343061e+00  -1.9494203e+00  -2.3329921e+00  -2.0337826e+00  -1.9941614e+00  -2.1264312e+00  -2.2414108e+00  -1.9877632e+00  -2.1679502e+00  -1.5851621e+00
  -6.9923225e-01  -8.7819927e-01  -1.1431887e+00  -7.1196208e-01  -1.1091855e+00  -1.7746474e+00  -2.3056574e+00  -2.4771165e+00  -2.3405234e+00  -1.9066569e+00  -2.1677026e+00  -2.3894493e+00  -2.0440738e+00  -1.8386608e+00  -2.1445754e+00  -1.8332769e+00
  -6.0790144e-01  -8.6767415e-01  -9.9146290e-01  -9.7148817e-01  -1.0667082e+00  -1.4752717e+00  -1.9265823e+00  -2.1168800e+00  -2.2484237e+00  -2.1458729e+00  -2.0992860e+00  -2.1611813e+00  -2.5921791e+00  -2.2055030e+00  -1.8357566e+00  -1.5912713e+00
   3.2836518e-01  -4.4237478e-01  -6.5037745e-01  -6.5057283e-01  -1.1476172e+00  -1.4618749e+00  -2.1121518e+00  -2.3983806e+00  -2.2664652e+00  -2.0677466e+00  -2.0206599e+00  -2.3231385e+00  -2.3963824e+00  -2.1660862e+00  -1.9639154e+00  -1.8482435e+00
  -4.0826955e-01  -1.3957831e+00  -8.2167582e-01  -6.7326570e-01  -1.2459515e+00  -1.9451943e+00  -2.4501774e+00  -2.4397955e+00  -2.3161431e+00  -2.1831537e+00  -2.1014193e+00  -2.2761155e+00  -2.0539329e+00  -1.9988660e+00  -1.7278116e+00  -1.6878916e+00
  -7.5320907e-01  -1.3926273e+00  -7.8135925e-01  -9.7259598e-01  -8.4306129e-01  -1.7113117e+00  -2.3578884e+00  -2.2875688e+00  -1.9511673e+00  -2.0344611e+00  -1.9533860e+00  -2.3983051e+00  -2.2466788e+00  -2.0636092e+00  -1.8854280e+00  -1.7718591e+00
   3.2232877e-01  -4.4964266e-01  -9.3033266e-01  -6.6801936e-01  -6.0771038e-01  -1.5624159e+00  -2.4675947e+00  -1.9878447e+00  -2.3537098e+00  -2.0264710e+00  -2.0735157e+00  -2.4615410e+00  -2.1298368e+00  -2.0228078e+00  -1.8849744e+00  -1.5881174e+00
   7.2332620e-01  -6.0552377e-01  -1.8970235e-01  -5.5284257e-01  -1.3686893e+00  -1.8909496e+00  -2.1900004e+00  -2.2448924e+00  -2.2321480e+00  -1.8848060e+00  -2.1016288e+00  -2.2345918e+00  -2.3581844e+00  -2.2047305e+00  -2.0849276e+00  -1.6556476e+00
   3.3794596e-01  -9.0955350e-01  -8.5950121e-01  -7.5683693e-01  -1.6152728e+00  -1.8084065e+00  -2.2273049e+00  -2.2371362e+00  -2.6799751e+00  -2.1361500e+00  -2.2061563e+00  -2.2806917e+00  -2.3575245e+00  -2.0164538e+00  -2.0504396e+00  -1.9850267e+00
   1.2435878e-01  -1.5704264e+00  -1.5168824e+00  -5.8405556e-01  -1.0081693e+00  -1.7528022e+00  -2.0948517e+00  -1.9607421e+00  -2.4304214e+00  -1.9658597e+00  -2.0730429e+00  -2.1519744e+00  -2.0657469e+00  -2.0787638e+00  -1.9128984e+00  -1.8239406e+00
   4.5277320e-01  -8.9742930e-01  -8.7512641e-01  -4.4372458e-01  -9.9892416e-01  -2.1376317e+00  -2.3233480e+00  -2.3217115e+00  -2.2145736e+00  -2.0592959e+00  -2.1134277e+00  -2.0649115e+00  -2.2341019e+00  -1.9680853e+00  -1.8815093e+00  -1.6218065e+00
   4.8313569e-01  -3.7880020e-01  -5.3625089e-01  -9.9219049e-02  -5.2916046e-01  -1.3878163e+00  -2.0515505e+00  -2.4003731e+00  -2.6190265e+00  -1.8663450e+00  -2.3630667e+00  -2.2943372e+00  -2.1640356e+00  -2.1665931e+00  -2.0403884e+00  -1.8896042e+00
   2.5329869e-01  -3.7449918e-01  -9.9457293e-01  -2.4493724e-01  -6.3313496e-01  -2.0176072e+00  -2.0892724e+00  -2.4498816e+00  -2.3919723e+00  -2.2389167e+00  -2.0428281e+00  -2.2956375e+00  -2.0973461e+00  -2.1243379e+00  -2.1432004e+00  -1.8484336e+00
   1.5149192e-01  -4.9077585e-01  -5.7427234e-01  -6.5142553e-01  -8.8792396e-01  -1.5542033e+00  -2.2106868e+00  -2.6734703e+00  -2.1954124e+00  -2.2301360e+00  -1.9832355e+00  -2.1485517e+00  -2.3154832e+00  -1.9360414e+00  -1.9058433e+00  -1.7231018e+00
  -3.4381828e-02  -7.3420486e-01  -6.9976374e-01  -5.5195084e-01  -1.1306546e+00  -1.3988062e+00  -2.0862880e+00  -2.6157111e+00  -2.1279169e+00  -1.9747398e+00  -1.7760741e+00  -1.8790179e+00  -2.2242824e+00  -2.0457721e+00  -2.0504121e+00  -1.9334259e+00
   2.1029379e-01  -9.1734436e-01  -9.5938280e-01  -6.3088519e-01  -1.1756078e+00  -1.7561250e+00  -1.9316825e+00  -2.3650293e+00  -2.4230601e+00  -2.1867584e+00  -1.9739267e+00  -2.1769808e+00  -2.2118638e+00  -1.8826512e+00  -1.9188782e+00  -1.8960157e+00
