   8.0914748e-01  -1.6205844e-01  -1.0488146e+00  -5.6577191e-01  -6.1688616e-01  -1.4014584e+00  -2.2809328e+00  -1.9442208e+00  -1.7658093e+00  -1.7480423e+00  -2.1357705e+00  -2.1857798e+00  -1.8953738e+00  -2.0856796e+00  -1.9262539e+00  -1.8281294e+00
   8.2954240e-01  -4.7019881e-01  -8.3636316e-01  -2.1890691e-01  -1.0645722e+00  -1.5476751e+00  -2.2266989e+00  -2.0005525e+00  -1.8347760e+00  -1.7105787e+00  -2.2660225e+00  -2.0002896e+00  -1.8991025e+00  -1.9873803e+00  -1.7525902e+00  -1.5792062e+00
   1.0049663e+00  -8.9507321e-01  -1.0384619e+00  -3.6725679e-01  -7.8895159e-01  -1.3401594e+00  -2.1426201e+00  -2.0272125e+00  -1.8516560e+00  -1.9227904e+00  -2.2430162e+00  -2.1988081e+00  -1.8841159e+00  -1.9622843e+00  -1.9129243e+00  -1.8487020e+00
   1.0716084e+00  -7.0640963e-01  -1.0068440e+00  -8.3849850e-01  -9.2671055e-01  -1.5515432e+00  -2.0744009e+00  -1.6067632e+00  -2.0786796e+00  -1.9978029e+00  -1.8451687e+00  -1.9068966e+00  -1.9559686e+00  -2.0504679e+00  -1.9288466e+00  -1.7012837e+00
   1.1846296e+00  -5.3171628e-01  -6.9835860e-01  -1.1576812e+00  -7.2771904e-01  -1.3727192e+00  -2.1514944e+00  -1.8728969e+00  -2.3168301e+00  -1.9480993e+00  -1.8460536e+00  -2.2519162e+00  -2.2894491e+00  -2.2570542e+00  -1.9931833e+00  -1.7063445e+00
   1.1582875e+00  -1.9184637e-01  -8.6841285e-01  -9.8924439e-02  -5.4228841e-01  -1.5568212e+00  -1.7556898e+00  -2.0487028e+00  -2.2185967e+00  -1.8364722e+00  -1.8247138e+00  -2.2845459e+00  -2.0824974e+00  -1.9534116e+00  -1.7534551e+00  -1.7604599e+00
   5.8162167e-01  -4.2575603e-01  -1.1220529e+00  -4.4771444e-01  -4.0843761e-01  -1.8399789e+00  -1.9848310e+00  -2.1146584e+00  -2.2420837e+00  -2.1690028e+00  -2.0549605e+00  -2.2038830e+00  -2.1220114e+00  -1.9590948e+00  -1.7739743e+00  -1.7652940e+00
   1.1086355e+00  -1.0605971e+00  -9.5802789e-01  -3.6309591e-01  -5.1256887e-01  -1.5709289e+00  -1.8905244e+00  -2.4432204e+00  -2.1661501e+00  -1.8805612e+00  -2.2803064e+00  -2.4204394e+00  -2.3692842e+00  -2.0636345e+00  -2.2773250e+00  -1.6510122e+00
   9.0159368e-01  -1.0120816e+00  -1.0444173e+00  -4.2579170e-01  -1.6853910e-01  -1.0392868e+00  -2.0954497e+00  -2.2782437e+00  -2.3530766e+00  -2.0074725e+00  -2.4719800e+00  -2.4435934e+00  -2.2374977e+00  -1.6897820e+00  -1.9191965e+00  -1.9200254e+00
   6.3526551e-01  -5.7695961e-01  -1.0920346e+00  -1.0317727e+00  -4.2736576e-01  -1.2736511e+00  -1.8845189e+00  -2.1043053e+00  -1.9321126e+00  -2.0173440e+00  -2.4863640e+00  -2.7145895e+00  -2.0615369e+00  -1.9995939e+00  -1.9061466e+00  -1.7187391e+00
   1.0005590e+00  -8.9441481e-01  -1.1292800e+00  -1.0401027e+00  -1.3649298e+00  -1.8810842e+00  -1.8810437e+00  -1.7580858e+00  -2.1014979e+00  -2.0398819e+00  -2.3223652e+00  -2.4375145e+00  -2.1434214e+00  -2.1897322e+00  -1.9061641e+00  -1.4804743e+00
   5.4991724e-01  -1.9293744e+00  -6.3588798e-01  -3.6081889e-01  -9.1016053e-01  -1.8681140e+00  -2.5881925e+00  -2.2346136e+00  -2.1397811e+00  -2.1855043e+00  -1.6844413e+00  -2.2315744e+00  -2.1176384e+00  -2.0367332e+00  -1.7980021e+00  -1.5240482e+00
   2.3145259e-01  -9.9313025e-01  -5.2668309e-01  -2.4662302e-01  -2.5284180e-01  -1.7234635e+00  -2.0618020e+00  -2.1047382e+00  -2.5016706e+00  -2.5525791e+00  -2.2875288e+00  -2.1217566e+00  -2.0126159e+00  -2.2442948e+00  -2.4792341e+00  -1.8172959e+00
   1.1361997e+00  -7.3538597e-01  -1.5499657e+00  -4.2504913e-01  -6.5854127e-01  -1.5767736e+00  -2.3835876e+00  -2.4702861e+00  -2.0780332e+00  -2.3159012e+00  -2.2742546e+00  -2.2651687e+00  -1.9123390e+00  -2.0010314e+00  -1.9369956e+00  -1.7684359e+00
   1.7886780e-01  -8.7222874e-01  -4.3353043e-01  -2.4020559e-01  -4.8471334e-01  -1.3982169e+00  -1.7656953e+00  -2.0671319e+00  -2.0334042e+00  -2.2155780e+00  -2.0756615e+00  -2.0026192e+00  -1.8138079e+00  -2.1496522e+00  -1.8518439e+00  -1.6412392e+00
   3.8866122e-01  -1.0595779e+00  -8.4502234e-01  -5.7752855e-01  -1.0687695e+00  -1.8225067e+00  -1.7260495e+00  -1.8924617e+00  -2.0125405e+00  -2.0792931e+00  -2.3859705e+00  -2.2325229e+00  -1.8512909e+00  -2.0170560e+00  -2.0102092e+00  -1.8793500e+00
   6.5049761e-01  -7.8569571e-01  -6.2217038e-01  -1.4834453e-01  -8.4150458e-01  -1.7213124e+00  -1.9642845e+00  -1.7852697e+00  -2.0010484e+00  -2.3944805e+00  -2.2423961e+00  -2.3303494e+00  -2.3036534e+00  -2.1358853e+00  -2.1267609e+00  -2.1193865e+00
   5.1159566e-01  -6.2005900e-01  -8.6578527e-01  -2.2933791e-01  -9.5847776e-01  -2.1472925e+00  -2.4086650e+00  -1.9123531e+00  -2.2200978e+00  -2.0630059e+00  -1.9945455e+00  -2.2316493e+00  -2.2103807e+00  -1.9600125e+00  -1.8983641e+00  -1.8772815e+00
   1.1192814e+00  -8.2697548e-01  -9.2662301e-01  -5.1853144e-01  -1.1521373e+00  -1.6159077e+00  -2.1878915e+00  -1.7822149e+00  -2.0835161e+00  -2.4693810e+00  -2.3459518e+00  -2.0680086e+00  -2.1286324e+00  -1.9445697e+00  -1.9702651e+00  -1.7507085e+00
   1.3399373e+00  -6.2387902e-01  -9.4657666e-01  -2.8057732e-01  -2.3172603e-01  -1.3610466e+00  -1.8020425e+00  -2.2218360e+00  -1.9541877e+00  -2.5269270e+00  -2.1394446e+00  -2.0341833e+00  -2.1126510e+00  -1.8556692e+00  -1.7317355e+00  -1.4172484e+00
   1.0118739e+00  -9.6779636e-01  -1.1864061e+00  -4.9776649e-01  -5.7385075e-01  -1.3410328e+00  -2.2009847e+00  -2.0876521e+00  -2.1557030e+00  -1.9396285e+00  -1.9453898e+00  -2.2249412e+00  -2.0713880e+00  -1.7814203e+00  -1.9073151e+00  -1.4948772e+00
   1.0979159e+00  -5.2219904e-01  -1.3434029e+00  -7.5719317e-01  -1.0224247e+00  -1.5278202e+00  -2.1022276e+00  -1.9698694e+00  -1.9961046e+00  -2.0119263e+00  -2.2301676e+00  -2.0062222e+00  -1.8301293e+00  -1.1529599e+00  -8.9897215e-01  -7.5728636e-01
   1.1844893e+00  -9.4024213e-01  -7.3996688e-01  -1.5700108e-01  -5.9884682e-01  -1.6764816e+00  -2.0977840e+00  -1.7353745e+00  -2.0835385e+00  -2.1114540e+00  -1.8049375e+00  -1.3195154e+00  -8.1486284e-01   1.0101535e-01   5.5859467e-01   1.7024363e-01
   1.2353464e+00  -6.0618707e-01  -7.9736796e-01  -2.3659923e-01  -6.8813938e-01  -1.9809935e+00  -1.9230482e+00  -1.8528073e+00  -1.9354385e+00  -1.9975344e+00  -1.4678112e+00  -6.1906051e-01  -5.8060128e-01   5.8046813e-01   6.1248090e-01   7.6437443e-01
   1.1876019e+00  -1.2175164e-01  -7.6300169e-01  -5.3689438e-02  -5.7408021e-01  -1.6412002e+00  -2.0235979e+00  -2.6024924e+00  -2.2105205e+00  -1.5444925e+00  -1.5212118e+00  -6.6628764e-01  -2.0810469e-03   1.0409347e+00   6.7834516e-01   7.7229764e-01
   1.4045976e+00  -2.1516896e-01  -9.9642661e-01  -4.2007017e-01  -4.7027532e-01  -1.5113315e+00  -2.1839611e+00  -2.3282165e+00  -2.0685547e+00  -1.6552800e+00  -6.8829223e-01  -3.2383334e-01  -6.1775398e-02   1.2228816e+00   7.6992870e-01   5.2873418e-01
   1.3230433e+00  -3.9948609e-01  -9.4793311e-01  -1.0152684e+00  -9.7803077e-01  -1.1648746e+00  -2.0796299e+00  -2.2140456e+00  -2.2020701e+00  -1.2840766e+00  -8.3863429e-01  -2.4789839e-01  -8.8017247e-02   7.8023655e-01   6.8719095e-01   7.3579217e-01
   1.4226835e+00  -6.1349331e-01  -4.7515099e-01  -6.9749136e-02  -7.0087259e-01  -1.1534941e+00  -2.1381552e+00  -2.3071688e+00  -2.1182202e+00  -1.7314715e+00  -1.0782846e+00  -7.5248415e-01  -2.1897613e-01   9.7176347e-01   4.1111860e-01   4.5809936e-01
   1.4458504e+00  -3.4326384e-01  -2.8372166e-01  -2.2587812e-01  -3.5373131e-01  -1.5339073e+00  -1.9052986e+00  -1.5131537e+00  -1.5962515e+00  -1.1995770e+00  -1.1869577e+00  -4.4865291e-01  -4.9743238e-01   8.9346930e-01  -9.1884022e-04  -7.3329262e-02
   1.4259608e+00   1.7735439e-01   3.7993836e-01  -2.6250357e-01  -4.8674955e-01  -2.2011655e+00  -1.7137660e+00  -1.3587873e+00  -9.7976070e-01  -5.1808860e-01  -3.5388477e-01   2.5064841e-01  -2.2298878e-01   4.3058689e-01  -4.0359991e-01  -2.1045683e-01
   1.5169928e+00   9.9189610e-01   6.3896849e-01  -9.8660875e-02   6.7845491e-02  -1.1750772e+00  -1.6047402e+00  -1.4628304e+00  -8.7653340e-01  -3.6022850e-01   5.5228300e-02   9.4022529e-01   1.1110839e-01   2.9607374e-01  -7.5930349e-01  -7.2116949e-01
   1.6486766e+00   1.0312931e+00   7.4570024e-01  -1.1111292e-01  -7.3151431e-01  -1.0903209e+00  -1.6592074e+00  -1.0073467e+00  -5.6481986e-01   1.3273433e-01   3.9528681e-01   1.0358388e+00   3.0747936e-01   5.0907759e-01  -5.2184547e-01  -9.1631151e-01
   1.6195601e+00   1.1068172e+00   7.6857678e-01   4.3584553e-01  -2.0131829e-01  -1.3047536e+00  -1.6112385e+00  -1.4523021e+00  -9.7476657e-01  -8.0779223e-03   3.8624351e-01   8.1458037e-01   5.3570338e-01   7.3292748e-01  -3.1501591e-01  -1.1084247e+00
   1.4359131e+00   1.2125023e+00   5.4533518e-01   5.6262522e-02   1.2038790e-01  -1.1401445e+00  -1.6811353e+00  -1.5321518e+00  -1.2227817e+00  -3.7372181e-01   9.7463570e-02   8.8832528e-01   3.5654159e-01   3.9842011e-01  -9.2001744e-01  -1.0443444e+00
   1.2610389e+00   1.1771902e+00   7.6522770e-01   3.6012832e-02  -5.3641062e-01  -1.3996395e+00  -1.7653581e+00  -1.6610170e+00  -1.1598712e+00  -4.4634762e-01   8.6588450e-02   7.0819975e-01   2.3786172e-01   2.2368917e-01  -1.1285434e+00  -1.1708694e+00
   1.3158871e+00   1.1500228e+00   6.8259694e-01   1.9004150e-01  -4.5922808e-01  -1.4416680e+00  -1.8670537e+00  -1.7985932e+00  -1.3057487e+00  -5.4120134e-01   1.7447904e-01   6.2785696e-01   1.8886726e-01   9.4100350e-02  -1.1548308e+00  -1.2152443e+00
   1.5320230e+00   1.1871147e+00   6.2403746e-01  -2.6354938e-01  -7.0050823e-01  -1.3521602e+00  -1.7217993e+00  -1.5809319e+00  -1.3501367e+00  -7.4509258e-01   1.1744237e-01   6.2272144e-01   1.2228731e-01   1.4058669e-01  -1.2656640e+00  -9.8964178e-01
   1.0906413e+00   1.1361507e+00   6.7795552e-01  -2.2787181e-01  -5.2424311e-01  -1.2910278e+00  -1.9135835e+00  -1.4186483e+00  -1.4771541e+00  -8.6063556e-01   4.0625873e-02   5.1789137e-01  -2.3292464e-01  -4.8368830e-01  -1.6287674e+00  -1.4024208e+00
   9.7676649e-01   1.1777913e+00   5.9352312e-01   9.2111736e-02  -3.4090181e-01  -1.6012811e+00  -1.9652744e+00  -1.5089692e+00  -1.2325385e+00  -1.1352445e+00  -2.3301264e-01   2.0130250e-01  -4.8971703e-01  -6.2163370e-01  -1.4450724e+00  -1.0997047e+00
   1.0274436e+00   1.1169306e+00   6.4242586e-01  -6.9608188e-02  -1.8999202e-01  -1.4636301e+00  -1.7391646e+00  -1.3588265e+00  -1.4662225e+00  -1.3562252e+00  -2.1334798e-01   1.9567029e-01  -4.4140945e-01  -7.9738886e-01  -1.7147310e+00  -1.5841994e+00
   1.0471209e+00   1.0700241e+00   5.9024361e-01  -6.4264661e-01  -8.5972446e-01  -1.3894423e+00  -1.8604873e+00  -1.6627282e+00  -1.5055788e+00  -1.3632320e+00  -3.8944848e-01  -3.5406188e-01  -6.7054915e-01  -5.9351114e-01  -1.7303696e+00  -1.3388772e+00
   1.0785137e+00   1.0855923e+00   7.9802279e-01  -3.8582758e-01  -1.1594604e+00  -1.7404175e+00  -1.9822390e+00  -1.9959999e+00  -1.6950259e+00  -1.3322933e+00  -3.2176483e-01  -5.8935480e-01  -6.2861365e-01  -6.3566634e-01  -1.8236097e+00  -1.4310364e+00
   1.0581465e+00   1.0857061e+00   8.4801758e-01   1.0659222e-01  -1.0860871e+00  -1.8403206e+00  -2.0689504e+00  -1.9712564e+00  -1.8466528e+00  -1.1106317e+00  -2.3318437e-01  -6.2234575e-01  -6.3954490e-01  -5.6124645e-01  -1.6656917e+00  -1.2600511e+00
   1.0484995e+00   1.1116699e+00   6.7748173e-01  -2.4276298e-03  -7.0635575e-01  -1.5985121e+00  -2.3168891e+00  -2.1110307e+00  -1.9737364e+00  -1.5238434e+00  -5.2960238e-01  -3.7955316e-01  -5.6986894e-01  -4.9936938e-01  -1.6154396e+00  -1.6261397e+00
   6.5541945e-01   1.0481989e+00   7.7789822e-01   2.2033110e-01  -7.1848542e-01  -2.0970601e+00  -1.7458324e+00  -2.0907143e+00  -1.9728582e+00  -1.5347550e+00  -4.1964572e-01  -3.0480113e-01  -4.9153006e-01  -3.4698898e-01  -1.4604452e+00  -1.2136283e+00
   5.8094259e-01   8.7766962e-01   6.4684087e-01  -3.4231939e-01  -8.2492572e-01  -1.5748336e+00  -1.8380066e+00  -1.9681777e+00  -1.6312758e+00  -1.5872168e+00  -3.2220335e-01  -1.6497602e-01  -4.3728481e-01  -3.5362660e-01  -1.2736914e+00  -1.4010774e+00
   8.8072068e-01   5.4664508e-01   4.3687169e-01  -2.5509374e-01  -6.1458630e-01  -1.5320624e+00  -1.6312297e+00  -1.8138105e+00  -1.6205970e+00  -1.7091898e+00  -1.8330853e-01  -1.0726962e-01  -4.5278328e-01  -5.6339402e-01  -1.7190595e+00  -1.3913691e+00
   1.1869287e+00   6.9219948e-01   6.6532089e-01  -5.6512262e-02  -6.9507509e-01  -1.7082254e+00  -1.7927903e+00  -1.7907371e+00  -1.8703818e+00  -1.6196903e+00  -3.0798785e-01  -4.2763783e-01  -5.6141131e-01  -4.6772802e-01  -1.5011734e+00  -1.3298172e+00
   1.2229618e+00   8.2143132e-01   8.2125186e-01   7.3917433e-02  -1.2681520e+00  -2.1046467e+00  -1.9472750e+00  -2.0267729e+00  -1.9107686e+00  -1.7723566e+00  -3.4229873e-01  -4.9758666e-01  -6.6224634e-01  -3.1956585e-01  -1.5649515e+00  -1.3992630e+00
   1.5550203e+00   8.0916409e-01   9.5296024e-01   5.0565909e-02  -2.7874756e-01  -1.3402741e+00  -2.0021090e+00  -2.3900112e+00  -1.9701761e+00  -1.6701170e+00  -2.0555542e-01  -2.5252726e-01  -6.0993016e-01  -2.4484695e-01  -1.5663418e+00  -1.5771889e+00
   1.1042468e+00   7.1469002e-01   7.8642392e-01   1.7901535e-01  -4.9267265e-01  -1.5154136e+00  -1.8651933e+00  -2.0063041e+00  -1.8708838e+00  -1.4656939e+00  -1.3001635e-01  -2.5956364e-01  -7.4554368e-01  -5.5703556e-01  -1.7453804e+00  -1.6142752e+00
   9.0486705e-01   4.5841307e-01   5.8816279e-01  -1.9929675e-01  -6.3829010e-01  -1.6401132e+00  -1.6887100e+00  -1.7076306e+00  -1.8785470e+00  -1.6121094e+00  -4.9266023e-01  -5.9209811e-01  -8.5052465e-01  -4.3951545e-01  -1.6857205e+00  -1.4118773e+00
   1.1283809e+00   4.2692201e-01   6.3756264e-01   4.2939805e-02  -6.9800378e-01  -1.8134573e+00  -1.7704038e+00  -1.7594612e+00  -1.8811134e+00  -1.8346786e+00  -8.2280423e-01  -1.0110879e+00  -1.0361330e+00  -6.0342204e-01  -1.6457404e+00  -1.4777203e+00
   1.0663519e+00   3.4320494e-01   3.0512659e-01  -9.9066142e-02  -7.6569704e-01  -1.6094597e+00  -2.0449984e+00  -2.0584730e+00  -1.8875949e+00  -1.9365607e+00  -1.1488163e+00  -1.3022466e+00  -1.2650204e+00  -9.3131922e-01  -1.8369130e+00  -1.5757259e+00
   7.8510827e-01   2.3879742e-01   2.2904292e-01   1.3949598e-01  -7.9252161e-01  -2.1712258e+00  -1.9492803e+00  -1.9357508e+00  -1.9891638e+00  -2.1783790e+00  -1.5423408e+00  -1.4687102e+00  -1.4921423e+00  -1.4759094e+00  -1.7837508e+00  -1.6690915e+00
   8.0801118e-01   9.6979261e-02  -1.7566371e-01  -1.4223638e-01  -5.0397888e-01  -1.7966346e+00  -2.0717245e+00  -2.2118491e+00  -2.0478274e+00  -2.0213406e+00  -1.8686913e+00  -1.6682558e+00  -1.7753015e+00  -1.6487594e+00  -1.6950955e+00  -1.5764792e+00
   3.7402888e-01  -3.3404038e-01  -6.6315763e-01  -2.0193806e-01  -6.2708260e-01  -1.7928221e+00  -1.7168626e+00  -2.1993593e+00  -2.4748570e+00  -2.2041605e+00  -1.9574419e+00  -1.8798405e+00  -1.5913176e+00  -1.4152487e+00  -1.7688808e+00  -1.7118400e+00
   6.2857484e-01  -7.5006929e-01  -6.3335417e-01  -3.8406188e-01  -6.6595681e-01  -1.1752793e+00  -2.2282537e+00  -2.1686277e+00  -2.1138025e+00  -1.9866443e+00  -1.7392324e+00  -1.7182903e+00  -1.0273092e+00  -7.1768490e-01  -1.5324878e+00  -1.5884201e+00
   1.4989036e-01  -9.3015851e-01  -6.1921235e-01   1.4991364e-01  -1.3365875e-02  -1.3070037e+00  -2.1270057e+00  -2.0893524e+00  -1.9499155e+00  -1.9213058e+00  -1.4441577e+00  -1.6594944e+00  -8.9453451e-01  -5.3919933e-01  -1.4998333e+00  -1.3725664e+00
   8.9677859e-02  -6.4749888e-01  -7.4233323e-01   1.5397066e-01  -6.7906492e-02  -1.4075984e+00  -2.0773271e+00  -2.0078957e+00  -1.9832222e+00  -1.6182481e+00  -1.7809921e+00  -1.5879686e+00  -9.2459921e-01  -6.7223965e-01  -1.6818586e+00  -1.4197859e+00
   6.8645401e-02  -6.7834638e-01  -6.4331327e-01  -4.4310122e-02  -2.2143183e-01  -8.5373033e-01  -1.8356576e+00  -1.9703897e+00  -2.1817217e+00  -1.7801126e+00  -1.6501257e+00  -1.1795479e+00  -9.3201088e-01  -9.0257973e-01  -1.6028924e+00  -1.4084815e+00
   1.8897921e-02  -7.6160745e-01  -7.8319839e-01  -2.3988318e-01  -3.4539322e-01  -1.1003510e+00  -2.0187617e+00  -2.1780667e+00  -1.8281549e+00  -2.0019324e+00  -1.6489507e+00  -1.4489534e+00  -1.1467155e+00  -8.3519586e-01  -1.5525931e+00  -1.3688455e+00
   8.5697646e-01  -1.5425825e-01  -8.6080059e-01  -1.0206950e-01  -7.3541479e-01  -2.1782558e+00  -2.0674869e+00  -1.8039256e+00  -1.8427823e+00  -1.9307997e+00  -1.7112574e+00  -1.4760467e+00  -1.0194008e+00  -8.0225901e-01  -1.4303096e+00  -1.2056579e+00
   6.1464407e-01  -3.4106076e-01  -1.6897896e-01   1.3736459e-01  -1.9376040e-01  -1.6833343e+00  -2.1362574e+00  -2.1314145e+00  -2.2617411e+00  -1.8418173e+00  -1.6997166e+00  -1.6259838e+00  -1.1278551e+00  -1.1483992e+00  -1.5690301e+00  -1.6351372e+00
   5.4735420e-01  -6.4652544e-01  -9.2459672e-01  -7.4558063e-01  -1.0093676e+00  -1.7166803e+00  -1.9049513e+00  -2.2673147e+00  -2.2889203e+00  -1.8982182e+00  -1.6806882e+00  -1.9344508e+00  -1.7571352e+00  -1.5466957e+00  -1.6500611e+00  -1.5878570e+00
   8.9727794e-01  -7.9673710e-01  -1.0040154e+00  -3.7966504e-01  -2.8128670e-01  -1.3806441e+00  -2.1956341e+00  -1.9768387e+00  -1.9451397e+00  -2.0594029e+00  -2.3322217e+00  -2.1963320e+00  -2.0781840e+00  -2.2557059e+00  -1.9257380e+00  -1.6865391e+00
   9.3709898e-01  -1.4011850e-01  -2.6554906e-01  -2.9192479e-01  -5.9136846e-01  -1.5573890e+00  -1.7607260e+00  -1.9570778e+00  -2.3277826e+00  -2.1326584e+00  -2.3058118e+00  -2.3259644e+00  -1.9202782e+00  -1.8697632e+00  -1.9663670e+00  -1.8169031e+00
   9.6516039e-01  -7.7272434e-01  -1.0082705e+00  -2.5326852e-01  -3.5454310e-02  -1.0836944e+00  -1.7819709e+00  -2.0887500e+00  -1.9955213e+00  -2.1025172e+00  -2.0758251e+00  -2.0627629e+00  -1.8985644e+00  -1.6580574e+00  -1.7584625e+00  -1.7353247e+00
   1.1400323e+00  -9.6756449e-01  -1.1190226e+00  -2.8070886e-01  -1.1504156e-01  -1.2160748e+00  -1.6395246e+00  -2.0564002e+00  -2.0501603e+00  -2.1390915e+00  -2.3113844e+00  -2.1951374e+00  -2.1676350e+00  -2.0525925e+00  -1.8704487e+00  -1.6870773e+00
   9.2567826e-01  -4.9737626e-01  -8.2715720e-01   4.3055235e-02  -2.8103531e-01  -1.6410577e+00  -1.9230070e+00  -1.8829561e+00  -2.3205801e+00  -1.6176971e+00  -1.4656527e+00  -1.8318835e+00  -2.0163518e+00  -2.1092667e+00  -1.9776000e+00  -1.6686163e+00
   5.3807829e-01  -6.7103702e-01  -9.6782305e-01  -2.9248518e-01  -5.1647383e-01  -1.5268186e+00  -2.2375469e+00  -2.5075439e+00  -2.5320148e+00  -2.1967053e+00  -1.9327601e+00  -2.2930062e+00  -2.1742934e+00  -1.9502530e+00  -1.8183880e+00  -1.6579929e+00
   6.3126505e-01  -1.0450643e+00  -9.2006761e-01  -1.7191341e-01  -7.7209037e-01  -1.3580548e+00  -1.6100540e+00  -1.6466742e+00  -2.2730547e+00  -2.1740829e+00  -2.5887779e+00  -2.2488250e+00  -2.1725300e+00  -2.0092237e+00  -1.8846306e+00  -1.7618116e+00
   1.1416120e+00   5.3273367e-02  -4.8488966e-01   3.0940633e-01  -6.4138620e-01  -1.6285887e+00  -2.2509908e+00  -1.9489699e+00  -2.0551410e+00  -1.7540292e+00  -1.9800085e+00  -2.1025313e+00  -2.3133997e+00  -2.1101146e+00  -1.8948971e+00  -1.5712358e+00
   8.0271738e-01  -7.9265030e-01  -6.3896311e-01  -6.5471294e-01  -9.3507322e-01  -1.6448380e+00  -1.8778528e+00  -2.3933339e+00  -2.5961481e+00  -2.1740336e+00  -1.9305593e+00  -2.2270179e+00  -2.1254321e+00  -1.9824627e+00  -1.8878000e+00  -1.7416529e+00
   5.2955015e-01  -3.6740670e-01  -7.4137072e-01  -5.0868882e-01  -8.1992207e-01  -1.3561122e+00  -1.8995939e+00  -2.0466773e+00  -2.3360095e+00  -2.0730075e+00  -2.0294642e+00  -2.2729195e+00  -2.0179309e+00  -2.0836657e+00  -2.0196553e+00  -1.9290127e+00
   7.4503488e-01  -7.6878165e-01  -1.1546515e+00  -7.3644401e-01  -1.2336830e+00  -1.4521446e+00  -1.9558983e+00  -2.5407409e+00  -2.2187725e+00  -2.0829716e+00  -2.2286214e+00  -2.1803021e+00  -1.9081464e+00  -1.8924166e+00  -1.8521247e+00  -1.6996443e+00
   1.1154814e+00  -4.9715118e-01  -6.1879148e-01  -3.4812353e-01  -6.4995049e-01  -1.3074976e+00  -2.0704025e+00  -2.0573568e+00  -1.9845598e+00  -2.2681388e+00  -2.0127657e+00  -2.1150209e+00  -2.3000345e+00  -1.7499730e+00  -1.6200073e+00  -1.4650846e+00
   7.2291124e-01  -7.1301513e-01  -8.2917628e-01  -4.2122303e-01  -1.5171701e-01  -1.0852607e+00  -1.8500287e+00  -2.1810725e+00  -2.0818159e+00  -1.9004909e+00  -1.9647669e+00  -2.2371533e+00  -2.3141844e+00  -2.1357348e+00  -1.7428559e+00  -1.8299256e+00
   9.7162724e-01  -4.7468040e-01  -8.0050321e-01  -6.6537897e-01  -5.5414278e-01  -1.7142181e+00  -2.2230909e+00  -2.2119180e+00  -2.2744307e+00  -2.4631561e+00  -2.1223181e+00  -1.9994074e+00  -2.1622554e+00  -2.0162854e+00  -1.8020742e+00  -1.8834449e+00
   1.2036734e+00  -3.7413527e-01  -6.4104932e-01  -2.0021495e-01  -7.3539806e-01  -1.6939885e+00  -2.0473898e+00  -2.2755936e+00  -2.3515249e+00  -2.2475651e+00  -2.2203096e+00  -1.9539814e+00  -2.1120972e+00  -2.1008615e+00  -1.7318192e+00  -1.8242525e+00
   1.1691148e+00  -4.5256459e-02  -8.2795546e-01  -1.4233913e-01  -4.7778357e-01  -1.5819849e+00  -2.3852473e+00  -2.2921140e+00  -2.4829694e+00  -2.1468485e+00  -2.2891677e+00  -2.3004878e+00  -2.3964265e+00  -2.1751500e+00  -2.1323138e+00  -1.6650149e+00
   7.6147417e-01  -2.0639629e-01  -7.3048390e-01  -1.3479387e-01  -4.6421900e-01  -1.5687587e+00  -2.0398057e+00  -2.0824687e+00  -2.2403749e+00  -2.5372157e+00  -2.6135615e+00  -2.5857741e+00  -2.3697085e+00  -1.9618993e+00  -1.6887705e+00  -1.5200156e+00
