   2.4830737e+00   1.4947125e+00   8.2065663e-01   2.0401781e-02   2.1743059e-01   5.5810611e-01   3.4212653e-01  -1.7468706e-01   4.0569405e-01   6.6194164e-01   9.1539712e-01   8.6938704e-01   7.6835667e-01   6.8064939e-01   1.1923785e+00   1.2946016e+00
   2.3512852e+00   1.2187178e+00   9.2229191e-01   8.9524332e-01   4.5922767e-01   2.8557308e-01  -1.0306442e-01   4.6643531e-01   2.5382674e-01   3.8181093e-01   8.6853460e-01   6.1622323e-01   6.1085199e-01   8.8611310e-01   1.1815007e+00   1.3071129e+00
   2.3793791e+00   1.5533782e+00   6.8664146e-01   4.1570089e-01   4.1569034e-01   6.1174545e-01   3.3666364e-01   1.5995685e-01   2.3250368e-01   2.3760905e-01   8.4056470e-01   6.6295674e-01   5.3656580e-01   6.2230866e-01   8.5951694e-01   1.1334765e+00
   2.3377966e+00   1.6818874e+00   1.0590475e+00   8.7957994e-02   5.2659312e-01   7.4026289e-01   7.0455462e-01   3.9894595e-01   4.4341505e-01   2.2747650e-01   4.1205932e-01   8.8890148e-01   9.6966899e-01   8.3291641e-01   9.4826657e-01   1.1335718e+00
   1.8250182e+00   1.0441161e+00   5.0877318e-01   2.7539904e-01   3.7855194e-01   8.1048485e-01   1.8812377e-03   2.2036229e-01  -1.3517574e-02   5.0045395e-02   5.5786820e-01   5.9824977e-01   9.6889252e-01   6.9166404e-01   9.1526369e-01   1.1966233e+00
   2.6071162e+00   9.1051953e-01   8.2932753e-01   7.4935444e-01   2.5401391e-01   6.1931975e-01   2.0161451e-01   1.5807406e-02   1.2057975e-01   1.5814251e-01   3.1243717e-01   7.8771557e-01   8.5366738e-01   7.2813640e-01   8.9666609e-01   9.6863683e-01
   1.5460643e+00   5.7624075e-01   2.5710456e-01   7.1913029e-01   1.3159550e-01   4.0367032e-01   3.4610737e-01   4.0559399e-01   1.3047476e-01  -1.0577993e-01   2.1968177e-01   5.5006301e-01   8.1506011e-01   7.7963678e-01   9.4911623e-01   8.3253208e-01
   2.4798935e+00   1.5022973e+00   6.5582233e-01   6.8210873e-01   4.1930088e-01   5.3156637e-01   2.7680863e-01   6.1335120e-01   2.0855641e-01   3.3968157e-01  -6.8829083e-02   5.4069948e-01   6.2930639e-01   7.1700623e-01   8.2063374e-01   1.1686520e+00
   2.8271747e+00   1.4918179e+00   7.7514101e-01   7.0009908e-01   4.6039207e-01   5.2029913e-01  -1.0604122e-01  -1.3613456e-01   3.3546663e-01  -2.2370595e-01   3.8996089e-01   5.8748184e-01   4.3931730e-01   8.2953535e-01   9.8373755e-01   1.2993860e+00
   1.8721330e+00   1.0095958e+00   2.3304728e-01   7.3482646e-01   6.2274736e-01   1.0377114e+00   4.1529487e-01   1.8150437e-01   4.1380478e-01   4.6873927e-01   6.0556079e-01   5.7540511e-01   6.9781074e-01   8.7654421e-01   8.1958267e-01   1.1671876e+00
   1.2963314e+00   2.7910920e-01   3.4765285e-01   5.2129187e-01   4.0482902e-01   9.3960026e-01   3.0179410e-01   6.1743497e-01   7.4542985e-02   3.5542438e-01   5.4607760e-01   5.3182923e-01   6.7599106e-01   7.3076596e-01   9.2301834e-01   1.1514516e+00
   1.4695500e+00   1.0544098e+00   6.1183380e-01   4.9550494e-01   5.3951396e-01   5.6495432e-01   1.1268191e-01  -3.8970641e-01  -1.5963973e-01   1.9562405e-01   2.5593207e-01   4.7569710e-01   4.8613207e-01   7.9037183e-01   8.8177730e-01   9.6889201e-01
   2.0190895e+00   1.2358899e+00   1.0485767e+00   7.3865755e-01   3.7744098e-02   6.9762586e-01   1.6371714e-01  -2.7786045e-01   3.1698262e-01   3.2535178e-01   4.7089598e-01   5.0004865e-01   7.5634710e-01   5.9979735e-01   7.0841516e-01   8.0321792e-01
   1.8836719e+00   1.0796117e+00   4.9099140e-01   8.4109081e-01   1.4620850e-01   4.6173713e-01   4.3214912e-01   4.6140003e-01  -4.2180517e-02   5.3340174e-01   6.3753884e-01   5.2296875e-01   4.6991330e-01   6.3226791e-01   8.1412753e-01   9.8702288e-01
   1.9831441e+00   1.4552694e+00   1.3430926e+00   9.1099199e-01   8.4594525e-01   5.0649774e-01   4.8456242e-01   1.5371187e-01   4.2042918e-01   4.1347311e-01   3.3434240e-01   4.1774159e-01   4.6462385e-01   6.3815658e-01   8.8144306e-01   1.0857045e+00
   2.1340181e+00   1.9653428e+00   1.6445227e+00   8.5311428e-01   5.4459094e-01   5.2134524e-01  -1.5523593e-01  -9.1498958e-02   1.9642222e-01   4.3027705e-01   3.4081094e-01   7.4363782e-01   6.1058971e-01   7.1320245e-01   1.0639798e+00   1.1252232e+00
   2.2409437e+00   1.4707633e+00   1.1205604e+00   7.8293821e-01   2.2650276e-01   7.1577591e-01   1.5997396e-01   4.4827250e-01   2.4146978e-01   1.3905502e-01   4.8712662e-01   6.5260431e-01   7.9058447e-01   8.6582206e-01   8.1592385e-01   1.0807985e+00
   2.2615952e+00   1.0953486e+00   3.1848854e-01  -1.9301331e-01   3.0188249e-01   9.0574151e-01   3.0902411e-01   3.6841807e-01   5.3063131e-01   3.7619555e-01   2.6459403e-01   7.8198147e-01   7.3930288e-01   6.3818152e-01   6.4668097e-01   9.2612282e-01
   2.0112482e+00   1.4194890e+00   9.8849173e-01   6.1497665e-01   3.3515056e-01   5.3064865e-01   5.1432659e-01  -1.3606239e-01  -6.0163043e-02   1.4514549e-01   4.1729802e-01   7.6961819e-01   7.9449488e-01   1.1070542e+00   8.7142597e-01   8.6437480e-01
   1.7011070e+00   1.1925803e+00   1.0802715e+00   4.1710037e-01   1.2962245e-01   8.9680108e-01   7.6237573e-01   2.3639394e-01   5.0700464e-02  -1.5324298e-02   1.3222914e-02   4.6692384e-01   9.0913171e-01   1.0608310e+00   9.5378069e-01   1.2507051e+00
   1.7112570e+00   1.2694188e+00   1.0711869e+00   2.4357618e-01   6.5861909e-01   8.6653431e-01   4.6642450e-01   2.7095533e-01  -5.3050918e-02   1.0376603e-01   2.1069843e-01   8.4340919e-01   9.8650979e-01   9.3567657e-01   1.1844192e+00   1.2806609e+00
   2.0071980e+00   1.0544897e+00   7.9336645e-01   7.2345094e-01   2.0856963e-01   2.8175266e-01   2.9605581e-01   2.8034641e-01   3.1484192e-01   1.7843152e-03   2.4507754e-01   6.8420518e-01   1.1618826e+00   1.2579565e+00   1.1473957e+00   1.2010481e+00
   2.2560041e+00   1.2878405e+00   1.0616969e+00   6.5463709e-01   5.9411511e-01   6.4135782e-01   2.1559497e-01   1.2528533e-01   3.3861750e-01   6.1858930e-01   5.9038572e-01   7.6885443e-01   8.3152511e-01   1.0544738e+00   8.0910628e-01   9.4187671e-01
   1.8226773e+00   1.2109401e+00   1.2747445e-01   3.9472035e-01   6.8006167e-01   7.1399955e-01   2.8459062e-01   6.6387933e-01   5.0170429e-01   6.4114685e-01   6.7508898e-01   9.5421186e-01   9.1294527e-01   1.0043928e+00   1.0093187e+00   9.9966071e-01
   2.4283697e+00   1.5945465e+00   6.6343712e-01   4.7666710e-01   4.3438296e-01   8.6791955e-01   3.6196473e-01   2.7145375e-01   3.9463126e-01   5.7009334e-01   5.7182163e-01   3.8671453e-01   3.9800182e-01   7.0049661e-01   9.1092373e-01   7.7244876e-01
   1.7422675e+00   9.4380597e-01   7.8067032e-01   6.0163181e-01   8.7169965e-02   1.0342762e+00   3.3272671e-01   3.5891114e-01   4.7326262e-01   7.1389199e-01   5.5442733e-01   4.7112748e-01   4.7909065e-01   9.1750063e-01   7.8789914e-01   1.3287977e+00
   1.6887631e+00   8.2949509e-01   4.3982954e-01   3.1712267e-01   7.0300645e-02   7.9129433e-01   3.0427236e-01   1.1079432e-01   3.0224498e-01   5.8305090e-01   7.0539420e-01   5.1625530e-01   4.5711541e-01   1.5490011e+00   1.4354344e+00   1.8806659e+00
   2.4626218e+00   1.2195794e+00   6.5814041e-01   8.9890056e-01   4.6486474e-01   1.1359535e+00   4.5349015e-01   3.5893289e-03   7.8568888e-02   2.7949257e-01   6.8762924e-01   6.7274134e-01   5.0469268e-01   1.2650573e+00   2.0857140e+00   2.1039575e+00
   2.4276191e+00   1.3376205e+00   9.9768231e-01   8.1417783e-01  -7.0074600e-02   7.6437595e-01   1.1427421e-01  -2.0453055e-01  -4.0930381e-01   2.1343471e-01   8.6201180e-01   6.1453915e-01   8.4850620e-01   1.5848929e+00   1.8685131e+00   2.5637251e+00
   1.1348959e+00   9.2411828e-01   7.6237907e-01   5.4755807e-01   4.3907000e-01   8.5662504e-01   3.7074802e-01  -1.8019279e-01   2.6284078e-02   3.6119554e-01   7.4984119e-01   6.0333338e-01   8.5932108e-01   2.0617878e+00   2.1344743e+00   2.5976501e+00
   1.2027530e+00   6.9382322e-01   6.5704076e-01   5.8248616e-01   4.9734395e-01   4.7027840e-01   3.9263785e-01   1.4897360e-01   4.3998542e-02   3.2653360e-01   3.5975718e-01   5.8303546e-01   8.4659319e-01   1.8480510e+00   2.3450722e+00   2.6498084e+00
   1.7434029e+00   1.1729331e+00   7.0790396e-01   6.2321604e-01   4.7639311e-01   8.3069141e-01   3.2963738e-01   1.0660308e-01   3.8526796e-01   3.6304608e-01   4.5653592e-01   7.2086513e-01   1.1096250e+00   1.7882579e+00   2.4640958e+00   2.5556667e+00
   2.7799635e+00   1.4203791e+00   2.9009719e-01   1.5103642e-01   2.6278342e-01   1.0837387e+00   5.8378846e-01   4.9669007e-01   4.0084440e-01   5.1653228e-01   6.9589331e-01   8.7192757e-01   1.1335937e+00   1.6947726e+00   2.2866706e+00   2.7719604e+00
   2.5691512e+00   1.3178182e+00   6.4610740e-01   5.0427875e-01   1.3020501e-01   8.4558925e-01   4.5298374e-01   3.9522910e-01   1.7146049e-01   2.8140387e-01   4.1804561e-01   9.1751412e-01   9.9282366e-01   2.0396579e+00   2.4283376e+00   2.6595476e+00
   2.1257992e+00   1.7429007e+00   1.3170192e+00   1.1774264e+00   7.2891616e-01   8.0491802e-01   5.3061671e-01   1.1266720e-01   3.0611591e-01   3.0403593e-01   8.1670259e-01   7.3026450e-01   1.1437052e+00   2.2667434e+00   2.4523361e+00   2.7388090e+00
   2.0122740e+00   2.0015036e+00   1.3484281e+00   1.0934050e+00   8.3392795e-01   1.1465918e+00   4.6754494e-01   2.8660542e-01   2.5648074e-01   1.2164989e-01   8.9456288e-01   7.3404750e-01   1.3792621e+00   2.4599930e+00   2.8241346e+00   3.3327118e+00
   2.6981868e+00   1.9407138e+00   5.6075474e-01   4.2703897e-01   3.1316120e-02   6.4057338e-01   4.8427265e-01   4.5216020e-01   5.3919049e-01   1.7486139e-01   7.4940413e-01   9.6241863e-01   1.3207774e+00   2.7034247e+00   2.9049993e+00   3.2821401e+00
   2.7988342e+00   1.3481269e+00   8.0104314e-01   9.7918842e-01   8.4057454e-01   8.1007478e-01   4.2685381e-01   5.2531951e-01   4.9464806e-01   2.4847124e-01   7.7221157e-01   1.0581707e+00   1.3605589e+00   2.5745283e+00   3.0134248e+00   3.4280198e+00
   2.3626065e+00   9.4512549e-01   8.7773064e-01   8.2780929e-01   5.0891499e-01   1.0283340e+00   3.5879572e-01   4.1938348e-01   2.5763479e-01   4.0792685e-01   9.4230140e-01   1.3070964e+00   1.8237261e+00   2.7177997e+00   3.1213569e+00   3.4930536e+00
   2.9260222e+00   1.3926804e+00   1.3003024e-01   7.5161101e-01   3.9886563e-01   8.0649608e-01   1.5571470e-01   1.2571036e-01   3.5457278e-01   7.1264343e-01   1.1619964e+00   1.3041057e+00   1.6872501e+00   3.0838054e+00   3.3756062e+00   3.5311392e+00
   2.7609644e+00   1.3586319e+00   9.8259541e-01   7.5029522e-01   2.8651645e-01   9.0496902e-01   4.8888513e-01   6.2037529e-01   3.3383460e-01   3.8146276e-01   1.1035537e+00   1.3138530e+00   1.4229124e+00   2.7697640e+00   3.1045131e+00   3.4985528e+00
   2.1405505e+00   1.3482897e+00   8.1500396e-01   6.9189975e-01   3.1534849e-01   8.4208023e-01   6.9431352e-01   8.3390792e-01   4.6356064e-01   5.2682553e-01   8.5048675e-01   1.0533356e+00   1.4220431e+00   2.6618659e+00   2.6400993e+00   3.2289975e+00
   1.9707798e+00   1.8372842e+00   1.1530220e+00   1.5130575e+00   1.0995330e+00   1.0594833e+00   6.6310722e-01   2.5153804e-01   6.7858467e-01   2.6585075e-01   1.2666052e+00   1.2108324e+00   1.2701823e+00   2.4427706e+00   2.2555283e+00   2.4568728e+00
   2.0900563e+00   2.7333610e+00   2.5213943e+00   2.0290360e+00   8.0814723e-01   8.9947339e-01   6.0085711e-01   8.6506871e-01   1.6058479e+00   1.5508627e+00   2.5303765e+00   2.1183071e+00   2.1264296e+00   3.2226728e+00   1.9221066e+00   1.9689842e+00
   3.0387905e+00   2.8617477e+00   3.1108628e+00   2.1621767e+00   1.2334411e+00   1.1955074e+00   1.2216944e+00   1.0644422e+00   1.8014502e+00   1.8195101e+00   3.0406182e+00   2.5108678e+00   2.2573416e+00   3.4298281e+00   1.8022545e+00   1.4253882e+00
   2.7091619e+00   2.9640957e+00   3.5393752e+00   2.5245605e+00   1.3887521e+00   2.1581195e+00   1.4677798e+00   9.1036770e-01   1.5635122e+00   1.7006815e+00   2.8598827e+00   2.5118362e+00   2.3625435e+00   3.6218274e+00   2.0091732e+00   1.0339923e+00
   2.0381139e+00   2.7055918e+00   3.6207347e+00   2.3917560e+00   1.3229333e+00   1.4360942e+00   1.3936378e+00   8.5175009e-01   1.3840766e+00   2.1818876e+00   2.9931525e+00   2.6585933e+00   2.5252875e+00   3.7663935e+00   2.3746876e+00   1.0078065e+00
   1.9898992e+00   2.5125904e+00   3.6989185e+00   2.4306812e+00   9.3723241e-01   1.2235874e+00   1.3268728e+00   1.1435190e+00   1.2546285e+00   2.4681542e+00   3.0242059e+00   2.7894754e+00   2.5302267e+00   3.6159497e+00   2.3003242e+00   8.5503613e-01
   2.1858845e+00   2.4839272e+00   3.7085672e+00   2.4266300e+00   1.1882459e+00   9.6370023e-01   8.8391263e-01   7.7689480e-01   1.2313806e+00   2.8010194e+00   3.2730954e+00   3.0506127e+00   2.5730490e+00   3.6369652e+00   2.3524252e+00   7.5566077e-01
   2.8152571e+00   2.4316029e+00   3.5471340e+00   2.1777631e+00   9.8384721e-01   1.0377384e+00   1.1293747e+00   8.5864244e-01   1.2347267e+00   2.7898191e+00   3.3821118e+00   3.1497617e+00   2.5167092e+00   3.5022414e+00   2.3653248e+00   1.0291076e+00
   2.4857184e+00   2.5347546e+00   3.3575226e+00   1.8846965e+00   1.0273523e+00   5.0445593e-01   6.9175068e-01   8.9150944e-01   1.1721846e+00   2.4834215e+00   3.2502810e+00   2.9624878e+00   2.5246912e+00   3.5156559e+00   2.3890559e+00   6.6664434e-01
   1.5447544e+00   2.1072045e+00   3.0712214e+00   1.7187301e+00   7.1611877e-01   1.0012612e+00   4.0853099e-01   7.5978454e-01   1.0707934e+00   1.9389514e+00   2.7096260e+00   2.7601165e+00   2.4140401e+00   3.3748896e+00   2.1332305e+00   6.3556909e-01
   2.2003606e+00   2.1543540e+00   2.9495246e+00   1.7911504e+00   7.5517746e-01   1.5997835e+00   8.9653351e-01   7.8973183e-01   1.1341690e+00   2.0127477e+00   2.7438624e+00   2.7546737e+00   2.3658018e+00   3.3663547e+00   2.3372748e+00   8.1882902e-01
   2.3942438e+00   2.2452574e+00   3.0079900e+00   1.8993070e+00   5.8577691e-01   8.6654522e-01   3.9578642e-01   4.5383526e-01   9.2005699e-01   2.2643179e+00   2.9432441e+00   2.7660804e+00   2.3518217e+00   3.3058313e+00   2.1764683e+00   8.9646847e-01
   2.0107888e+00   1.9476148e+00   2.6198998e+00   1.4979112e+00   5.0790844e-01   1.0985238e+00   7.6478139e-01   7.7312042e-01   5.8377348e-01   2.0336413e+00   2.6886416e+00   2.6486170e+00   2.4441083e+00   3.3218076e+00   2.2977738e+00   6.7684937e-01
   2.0923306e+00   2.2685281e+00   2.7055263e+00   1.5824358e+00   4.5518446e-01   6.5954388e-01   7.5225588e-01   6.9287213e-01   7.1406724e-01   1.7726010e+00   2.6905629e+00   2.5949162e+00   2.3871455e+00   3.1978674e+00   2.1386432e+00   8.2853252e-01
   2.6003326e+00   2.4395326e+00   2.8123540e+00   1.4155014e+00   1.0351465e+00   9.1185914e-01   5.7666713e-01   7.3473625e-01   7.0101093e-01   1.9477013e+00   2.6589147e+00   2.5854212e+00   2.1769433e+00   3.0800985e+00   2.2513500e+00   5.4644771e-01
   2.6554219e+00   2.8027536e+00   2.8547059e+00   1.2198512e+00   9.5772073e-01   1.5287653e+00   7.9342789e-01   7.0873829e-01   5.7571134e-01   1.7519476e+00   2.7276222e+00   2.5791566e+00   2.1512847e+00   2.9211642e+00   2.1314614e+00   9.0163394e-01
   2.1989834e+00   2.6889938e+00   2.6664155e+00   1.2691275e+00   8.4688090e-01   1.2242385e+00   7.8538360e-01   7.3550507e-01   7.9290422e-01   1.8300757e+00   2.7048769e+00   2.4949485e+00   2.0989898e+00   2.6827602e+00   2.0510960e+00   9.2061251e-01
   2.2373001e+00   2.5280089e+00   2.0374480e+00   1.5295942e+00   8.5522850e-01   8.4903785e-01   3.8440008e-01   5.5806842e-01   4.5217688e-01   1.4445018e+00   2.2928728e+00   2.1856405e+00   1.9193304e+00   2.6337556e+00   2.0536447e+00   8.9140362e-01
   2.4578561e+00   2.2816563e+00   1.5707784e+00   1.5903555e+00   5.4000393e-01   6.8072568e-01   4.3161369e-01   2.6164790e-01   4.0279487e-01   1.4253474e+00   2.1179302e+00   1.8407022e+00   1.7523742e+00   2.3498109e+00   1.9573440e+00   7.9415655e-01
   2.2747230e+00   2.1766010e+00   1.4639784e+00   1.4082810e+00   6.0155711e-01   8.6243077e-01   5.0288118e-01   2.0016216e-01   2.0032050e-01   1.2080403e+00   1.9017231e+00   1.9196621e+00   1.5675964e+00   2.1742877e+00   1.7364988e+00   8.5408256e-01
   1.4805933e+00   2.1841227e+00   1.8016458e+00   1.1818366e+00   8.0807576e-01   9.9496675e-01   6.8946595e-01   2.8600486e-01   2.4822281e-01   1.0743338e+00   1.5958161e+00   1.8563314e+00   1.4908651e+00   1.9384711e+00   1.8277843e+00   9.4922725e-01
   2.3865851e+00   2.0727025e+00   1.2880456e+00   4.2419196e-01   1.3417147e-01   6.1473585e-01   4.9284087e-01   2.2087984e-01   3.2609204e-01   6.9012705e-01   1.5115078e+00   1.5867661e+00   1.3740097e+00   1.4939954e+00   1.2523266e+00   9.3173267e-01
   2.4737378e+00   2.3875583e+00   1.4953156e+00   1.1828746e+00   7.7896250e-01   4.1676178e-01   4.9060109e-01   3.9552974e-01   5.7378341e-02   4.4755626e-01   1.1934728e+00   1.2722282e+00   1.2054874e+00   1.4942333e+00   1.1646482e+00   1.1065089e+00
   1.5955744e+00   2.3807498e+00   9.9159077e-01   3.4016975e-01   6.3915631e-01   6.1152281e-01   5.3085580e-01   4.3648920e-01   3.5406104e-01   4.0215739e-01   9.2809794e-01   1.0009837e+00   9.6103830e-01   1.1139197e+00   1.0278461e+00   1.0906445e+00
   1.8990655e+00   2.4657107e+00   9.7832582e-01   6.8372696e-01   7.5343110e-01   1.4530147e+00   9.5056174e-01   3.6859821e-02   2.0321466e-01   7.9162293e-01   9.8597915e-01   9.6833872e-01   9.6767079e-01   1.0391234e+00   8.8150547e-01   1.0917699e+00
   2.0938357e+00   2.1767962e+00   1.5596483e+00   8.6519518e-01   9.9796566e-01   1.4157728e+00   1.0306914e+00   9.6868665e-01   3.3382132e-01  -2.1454681e-02   1.2430204e+00   1.5573347e+00   7.4121681e-01   1.1125210e+00   8.7046688e-01   9.6473840e-01
   1.1613175e+00   1.3550839e+00   1.5971305e+00   1.2562534e+00   1.6007621e+00   2.0622747e+00   1.3741035e+00   8.1000973e-01   7.1719615e-01   3.2318841e-01   1.0500805e+00   1.2318750e+00   1.1384664e+00   1.3679655e+00   8.3793923e-01   7.4704544e-01
   2.6331160e+00   1.6290109e+00   1.1510109e+00   1.3766120e+00   1.4040171e+00   1.7969702e+00   6.9350297e-01   5.5116667e-01   6.2651791e-01   6.6755254e-01   4.1973609e-01   7.0383943e-01   4.2654320e-01   8.0315507e-01   8.3363951e-01   9.6181333e-01
   2.7284033e+00   8.0814607e-01   1.0686738e+00   1.2127916e+00   5.0997536e-01   1.2642168e+00   1.0054032e+00   6.4824568e-01   3.0561010e-01   5.9010788e-01   6.6545294e-01   6.7821920e-01   8.7333750e-01   4.5506858e-01   5.7337414e-01   1.0072979e+00
   2.4557289e+00   1.3146853e+00   9.0787950e-01   1.1591154e+00   7.7207007e-01   8.6764048e-01   8.9278025e-01   4.9027172e-01   2.4727903e-01   1.1690275e-01   5.8715440e-01   3.4821365e-01   5.7497606e-01   4.8904919e-01   4.9907106e-01   1.0012550e+00
   2.3241711e+00   1.9061735e+00   1.0473098e+00   8.4396716e-01   5.6623523e-01   6.7533108e-01   6.2513870e-01   3.3229946e-01   2.3193602e-01   4.2719757e-01   2.2005086e-01   1.0330532e-01   3.3085557e-01   6.3086962e-01   6.7785227e-01   9.3011387e-01
   2.5491904e+00   1.3338596e+00   8.0141072e-01   3.4994962e-01   3.6785466e-01   5.2077760e-01   4.6079175e-01   2.2733692e-01   3.8568790e-01   2.5281191e-01   1.7783558e-01   3.1649593e-01   4.8455681e-01   3.4980723e-01   6.2156613e-01   1.1785759e+00
   1.5490969e+00   1.3544370e+00   1.1291226e+00   6.4434330e-01   6.4019721e-01   6.0445206e-01   3.2111459e-01  -1.9117421e-01   8.6699264e-02   5.7859706e-01   2.7756407e-01   3.9280017e-01  -4.6663736e-02   3.7662962e-01   8.9002493e-01   1.1430000e+00
   2.1886212e+00   1.0785812e+00   9.0269785e-01   8.6536109e-01   6.7307687e-01   8.0253372e-01   4.0603629e-01  -1.4273309e-01   3.9988450e-01   3.8762959e-01   3.7886383e-01   2.0053336e-01   9.9976881e-02   5.0481947e-01   8.2961639e-01   1.1013516e+00
   2.1845147e+00   1.5641392e+00   1.2852838e+00   1.0021559e+00   3.0552398e-01   9.0158017e-01   3.9116202e-01   2.3147460e-01   4.7353303e-01   4.0868999e-01   5.5633925e-01   4.8736883e-01   5.4649625e-01   4.9225121e-01   7.7074079e-01   1.0024569e+00
   2.3283998e+00   1.8230008e+00   1.0413897e+00   2.4814245e-01   1.5645721e-01   1.1111064e+00   4.9605105e-01  -2.8396920e-02  -8.6144270e-02   4.7398198e-01   3.0988300e-01   4.6496869e-01   1.0302463e+00   7.2846665e-01   7.2494063e-01   1.0791858e+00
   1.9161064e+00   1.3214996e+00   5.7259564e-01   6.7729024e-01   8.0363762e-01   9.6972745e-01  -4.8161974e-02  -1.2734185e-01  -3.3277850e-02   1.4640896e-01   6.1350505e-01   5.0161390e-01   7.2207132e-01   6.2427793e-01   7.5729757e-01   9.7095430e-01
   2.3105960e+00   1.1681402e+00   5.7484516e-01   5.9543323e-01   4.2208753e-01   1.5542609e-01   1.9667034e-01   1.1379623e-01   3.1199707e-01   2.8797531e-01   3.9857690e-01   5.4499880e-01   5.7651700e-01   7.3489637e-01   8.1073846e-01   8.3570127e-01
   1.9562395e+00   1.1688965e+00   1.2684320e-01   6.0612481e-01   3.0315422e-01   4.2297452e-01   2.8169763e-01   3.1771766e-01   2.5964748e-01   3.5432163e-01   2.8418331e-01   7.2936502e-01   3.7973131e-01   5.0547638e-01   1.0282681e+00   1.2350437e+00
   2.0258441e+00   9.7219606e-01   8.2495687e-01   9.7311531e-01   7.1930689e-01   7.7513266e-01   1.2282832e-01   1.6662182e-01   2.1851758e-01   7.1495215e-01   6.0114105e-01   7.1008203e-01   6.5785436e-01   9.2489924e-01   9.3825279e-01   9.3799012e-01
   2.4718078e+00   1.6269702e+00   1.0792333e+00   9.0183189e-01   9.7633786e-01   9.6194558e-01   4.3664825e-01   2.8041639e-01   5.8057180e-01   6.2093551e-01   4.6442148e-01   6.7974008e-01   5.9291195e-01   9.3020908e-01   1.0648802e+00   1.2693419e+00
   2.1010756e+00   1.4243598e+00   9.1858551e-01   4.2569146e-01   2.0618054e-01   6.2243609e-01   4.6767875e-01   3.4129131e-01   3.6937109e-01   1.5725543e-01   6.1950205e-01   6.4073851e-01   4.7303911e-01   6.0061375e-01   9.0064228e-01   1.1316063e+00
   1.9248425e+00   1.7150511e+00   1.1961156e+00   6.1673361e-01   5.1596602e-01   4.7118426e-01   2.3503486e-01   1.2889908e-01  -1.6914299e-01  -1.7121305e-01   6.0666774e-01   6.1159403e-01   8.1817933e-01   6.7585410e-01   8.6261252e-01   1.1702732e+00
   1.6351796e+00   8.1312179e-01   8.3932355e-01   1.4794278e-01   6.8033594e-01   5.1332731e-01   6.0266391e-01   3.4932212e-02  -3.0121682e-02  -1.2348995e-01   6.1144230e-01   6.8672873e-01   4.1359360e-01   8.5343080e-01   8.9683762e-01   1.0135227e+00
   2.0634059e+00   1.6342819e+00   5.1591780e-01   4.9976153e-01   4.6834727e-01   5.9052367e-01   7.4980896e-01  -2.0771357e-01  -4.6470612e-02   2.1659793e-01   4.5812368e-01   6.5188793e-01   4.5094629e-01   5.6989533e-01   9.6160769e-01   1.1508292e+00
   2.0888756e+00   1.2074165e+00   6.3184839e-01   7.8322197e-01   1.4662975e+00   2.1545913e+00   1.7646570e+00   5.5936229e-01   9.6958325e-02   5.2142732e-01   7.9696942e-01   4.7712300e-01   9.7649775e-01   7.1155601e-01   8.5142219e-01   1.3602764e+00
   2.6220641e+00   1.4713615e+00   9.6598929e-01   7.4043799e-01   1.4257929e+00   2.2405370e+00   1.4908567e+00   4.5288191e-01   8.8934429e-01   2.9662726e-01   9.8809996e-02   2.6949631e-01   5.8864838e-01   6.0799751e-01   6.9891476e-01   1.1126540e+00
   1.9571740e+00   1.3503709e+00   1.0009473e+00   6.4043284e-01   1.2178011e+00   1.9246214e+00   1.0682929e+00   5.1047728e-01   2.9973503e-01   5.8000608e-01   2.2815212e-01   4.5115269e-01   5.8432091e-01   4.9810304e-01   5.7310524e-01   9.1357145e-01
   2.1133709e+00   1.1505019e+00   9.3279936e-01   7.9581095e-01   5.0761737e-01   1.2733888e+00   7.4619285e-01   2.8442287e-01   2.7956828e-01   2.8782664e-01   3.5746789e-01   4.7353993e-01   6.8071057e-01   5.4905682e-01   6.1322081e-01   9.0281310e-01
   1.7414001e+00   1.8402467e+00   1.2515910e+00   9.5639011e-01   3.4019303e-01   4.3492628e-01  -8.9872808e-02   1.2643880e-01   4.0536430e-01   7.9478797e-01   3.8925992e-01   7.2793306e-01   9.8188619e-01   7.0223035e-01   7.3823991e-01   9.3231168e-01
