   4.6432774e-01  -5.5255630e-01  -1.0035916e-01  -8.1625544e-01  -1.2446426e+00  -1.8635589e+00  -1.9285059e+00  -2.2475694e+00  -2.1205090e+00  -1.9436930e+00  -2.0752380e+00  -2.0170275e+00  -1.8478502e+00  -1.7002471e+00  -1.7933879e+00  -1.7512103e+00
   4.2657393e-01  -6.2293094e-01  -5.6671326e-01  -8.7558707e-01  -9.9530458e-01  -1.9958245e+00  -2.0024113e+00  -2.1347452e+00  -2.3876855e+00  -2.0991566e+00  -2.0457211e+00  -1.9049908e+00  -2.0977023e+00  -2.1802299e+00  -1.7921227e+00  -1.6397449e+00
   1.0937704e-01  -2.0385935e-01  -4.6807048e-01  -8.0376343e-01  -6.1345315e-01  -1.3441089e+00  -2.1776011e+00  -2.4001666e+00  -2.3754094e+00  -2.4541531e+00  -2.3319652e+00  -2.0019863e+00  -2.0788897e+00  -2.0773236e+00  -1.7334249e+00  -1.6925110e+00
   4.0247004e-01  -3.3019991e-01  -1.0250615e-01  -5.3104347e-01  -5.5209244e-01  -1.5346919e+00  -2.2256002e+00  -1.7200699e+00  -1.7112031e+00  -2.2139771e+00  -2.1738919e+00  -2.2176950e+00  -2.3584288e+00  -2.1904097e+00  -1.8634304e+00  -1.8625922e+00
   3.8161391e-01  -1.8706303e-01  -1.6227202e-01  -1.0814703e-01  -5.0297645e-01  -1.5180617e+00  -1.9755519e+00  -2.0756941e+00  -2.2865500e+00  -2.1865412e+00  -2.1191263e+00  -1.9202216e+00  -2.3100885e+00  -2.2934351e+00  -1.9603003e+00  -1.8247124e+00
   8.3788968e-01  -3.5541727e-01  -4.6409899e-01  -4.9202740e-01  -6.5468353e-01  -1.1009876e+00  -2.0714629e+00  -2.2914691e+00  -2.3752194e+00  -2.1003512e+00  -2.1607858e+00  -1.9094396e+00  -2.0803124e+00  -2.0897198e+00  -2.1504674e+00  -1.9678970e+00
   5.1322111e-01  -7.7533702e-01  -1.0250986e+00  -6.3948883e-01  -5.5505200e-01  -1.3264470e+00  -2.5784266e+00  -2.3839440e+00  -2.1453799e+00  -2.2291034e+00  -2.3733056e+00  -2.1278854e+00  -2.2355602e+00  -1.9244129e+00  -2.0082244e+00  -1.5911115e+00
   4.5667348e-01  -2.6683450e-01  -6.7175772e-01  -6.5596313e-01  -2.9872682e-01  -1.2917017e+00  -2.1756793e+00  -2.1759249e+00  -2.4835721e+00  -2.4342477e+00  -2.1330881e+00  -1.9139079e+00  -2.2091227e+00  -1.9498625e+00  -1.8701799e+00  -1.4959233e+00
   2.7942470e-01  -3.6847185e-01  -5.0574145e-01  -9.4447471e-01  -1.1987981e+00  -1.7202395e+00  -2.1130403e+00  -1.7425200e+00  -1.4718467e+00  -1.5783968e+00  -1.7371393e+00  -1.8303960e+00  -8.7100753e-01  -8.8403171e-01  -1.5657325e+00  -1.0974512e+00
   3.3013806e-01  -1.0155626e+00  -8.2217872e-01  -6.5276365e-01  -9.2119466e-01  -1.6337126e+00  -1.7076483e+00  -1.7303785e+00  -1.7314542e+00  -1.8472283e+00  -2.0000501e+00  -1.6823782e+00  -1.2925888e+00  -1.2298974e+00  -1.6028399e+00  -1.3023533e+00
   4.0217717e-01  -7.8658740e-01  -8.5285564e-01  -4.7077812e-01  -8.2699780e-01  -1.4484368e+00  -1.9122876e+00  -2.2459281e+00  -2.1554328e+00  -1.8627225e+00  -2.0201766e+00  -1.7650854e+00  -1.6157403e+00  -1.6461452e+00  -1.8600349e+00  -1.6854676e+00
   7.6259784e-01  -8.7795411e-02  -9.8612243e-02  -5.4915948e-01  -8.4174032e-01  -1.5251003e+00  -2.1355876e+00  -2.1774004e+00  -2.0303548e+00  -1.9106957e+00  -1.7552245e+00  -1.9589069e+00  -1.2214343e+00  -1.5083099e+00  -1.6270123e+00  -1.1917415e+00
   2.2991438e-02  -1.9772863e-01  -2.3187543e-01  -7.5024275e-01  -1.0740113e+00  -2.2639675e+00  -2.5442962e+00  -2.1353661e+00  -1.5608892e+00  -1.5812332e+00  -1.4492515e+00  -1.7228273e+00  -1.1915455e+00  -1.4747676e+00  -1.3467665e+00  -1.0615643e+00
   4.3547360e-01   2.2739366e-02  -4.2849479e-01  -6.3554171e-01  -7.0920015e-01  -1.1426149e+00  -1.9678709e+00  -2.0684276e+00  -1.9445293e+00  -1.7759278e+00  -2.2064172e+00  -1.9813734e+00  -1.9967483e+00  -1.8755789e+00  -1.7083581e+00  -1.6096998e+00
   6.6229934e-01  -6.8688769e-02  -7.2640579e-01  -3.8471652e-01  -6.8899495e-01  -1.1511843e+00  -2.1380514e+00  -1.8435873e+00  -2.2792621e+00  -2.3060095e+00  -2.0458013e+00  -2.0670451e+00  -2.0946909e+00  -2.3373615e+00  -1.9815098e+00  -1.8650556e+00
   6.8849366e-01  -3.5332026e-01  -1.0497725e+00  -2.5555959e-01  -9.0074564e-01  -1.6336762e+00  -2.1584187e+00  -2.0147598e+00  -2.3733005e+00  -2.2923767e+00  -2.2445966e+00  -2.5762172e+00  -2.2467798e+00  -2.1153039e+00  -2.1536830e+00  -1.8174962e+00
   7.1526287e-01   3.6853825e-02  -2.4649144e-01  -4.4041489e-01  -6.3988849e-01  -1.4108504e+00  -2.6371647e+00  -1.9516097e+00  -2.3355633e+00  -2.1709046e+00  -2.1809848e+00  -2.3536882e+00  -2.0047461e+00  -1.9279198e+00  -1.9714301e+00  -1.7764401e+00
   6.1331670e-02  -4.1464505e-01  -4.5253314e-01  -7.7610706e-01  -4.5588341e-01  -1.1944230e+00  -2.3030950e+00  -2.2681148e+00  -2.3788853e+00  -2.1605395e+00  -2.2843546e+00  -1.9767930e+00  -1.8221875e+00  -1.8138328e+00  -1.9494208e+00  -1.5537909e+00
   5.9927988e-01  -2.7784161e-01  -6.7753476e-01  -8.8736049e-01  -7.0429741e-01  -1.2215395e+00  -1.9971671e+00  -2.2452754e+00  -2.2553815e+00  -2.4037807e+00  -2.2946045e+00  -2.2883834e+00  -2.2526656e+00  -1.8598215e+00  -1.9229910e+00  -1.7626911e+00
   5.4954651e-01  -2.0066410e-01  -6.8602502e-01  -5.1821701e-01  -7.0329748e-01  -1.2901954e+00  -1.9386718e+00  -2.2314685e+00  -2.3910267e+00  -2.2385689e+00  -2.2697172e+00  -2.0722831e+00  -2.2816043e+00  -2.0294555e+00  -1.7546497e+00  -1.4846785e+00
   5.7048239e-01  -5.9540420e-01  -1.3146745e+00  -6.8875399e-01  -7.1852597e-01  -1.3199781e+00  -2.1267649e+00  -1.8899240e+00  -2.2215883e+00  -2.2970136e+00  -1.8977406e+00  -1.9968287e+00  -2.0903850e+00  -2.1645396e+00  -1.9659381e+00  -1.6448679e+00
   6.8524199e-01  -2.8924832e-01  -6.1705867e-01  -1.0521285e+00  -6.7528576e-01  -1.4544254e+00  -2.0773511e+00  -2.1645579e+00  -2.2726856e+00  -2.3412838e+00  -2.4211704e+00  -2.2203383e+00  -2.3020388e+00  -2.1096871e+00  -1.8909284e+00  -1.7704264e+00
   3.2746629e-01  -3.8492216e-01  -7.5670881e-01  -6.8596080e-01  -8.1584871e-01  -1.5081178e+00  -2.0795723e+00  -1.8958589e+00  -2.0493631e+00  -2.0563408e+00  -1.9665307e+00  -2.1331922e+00  -2.0193609e+00  -1.9089519e+00  -1.8893405e+00  -1.5838433e+00
   2.7825351e-01  -8.8160039e-01  -1.0112891e+00  -7.3662486e-01  -9.6450110e-01  -1.6301277e+00  -2.0719584e+00  -1.7624623e+00  -2.0728348e+00  -2.7720380e+00  -2.2254537e+00  -2.2123264e+00  -2.1807484e+00  -2.1093442e+00  -2.0468363e+00  -1.7570173e+00
   4.1895784e-01  -7.6828445e-01  -1.1266255e+00  -9.8804948e-01  -1.0664307e+00  -1.5505455e+00  -2.0258400e+00  -2.0955580e+00  -2.3364180e+00  -2.4132622e+00  -2.4426580e+00  -2.3460593e+00  -2.1588244e+00  -2.2103954e+00  -1.9066008e+00  -1.7403096e+00
   7.3038606e-01  -1.6825290e-01  -4.2963950e-01  -4.8113163e-01  -1.0148792e+00  -1.4557848e+00  -1.9292775e+00  -2.0778805e+00  -2.3276689e+00  -2.2614485e+00  -2.4137658e+00  -2.1828171e+00  -2.2998018e+00  -2.2430897e+00  -1.8907027e+00  -1.6070943e+00
   3.5718476e-01  -5.9480606e-01  -3.1252090e-01  -4.1193462e-01  -1.1619087e+00  -1.7007970e+00  -1.8224502e+00  -2.1035982e+00  -2.1858785e+00  -2.2878803e+00  -2.5591087e+00  -2.1035313e+00  -2.2226185e+00  -2.2284093e+00  -1.8347223e+00  -1.6248425e+00
   3.2645301e-02  -2.6670672e-01  -2.5086172e-01  -8.0011123e-01  -8.3776973e-01  -1.6166816e+00  -1.7518733e+00  -1.5203461e+00  -1.8161038e+00  -2.1687044e+00  -1.9322481e+00  -2.0677366e+00  -2.1221105e+00  -1.8345038e+00  -1.8523603e+00  -1.4849872e+00
   4.1633450e-01  -6.3571359e-01  -5.8907220e-01  -7.2544730e-01  -1.0187950e+00  -1.4564659e+00  -1.5706450e+00  -1.2768366e+00  -1.4934424e+00  -1.7530100e+00  -2.0384373e+00  -2.1944072e+00  -2.0013177e+00  -1.9044099e+00  -2.0647614e+00  -1.5512020e+00
   3.8382619e-01  -5.4354731e-01  -4.1228423e-01  -5.7752881e-01  -1.1808441e+00  -1.4227625e+00  -2.5667662e+00  -2.5037590e+00  -2.4275728e+00  -2.3836725e+00  -2.2574480e+00  -2.2606331e+00  -2.1242528e+00  -2.0121591e+00  -2.0272250e+00  -2.0230898e+00
   8.2518598e-01  -2.3278563e-01  -6.1356052e-01  -3.8766486e-01  -5.4991205e-01  -1.3608202e+00  -1.7949169e+00  -1.1944966e+00  -1.2320344e+00  -1.7280223e+00  -8.1903041e-01  -1.0169755e+00  -1.4153138e+00  -3.4675505e-01  -1.1564792e+00  -1.5882139e+00
   7.7958273e-01   1.1866713e+00   8.2417114e-01   1.9789412e+00   1.5916444e+00  -2.5800420e-01  -4.2483854e-01   4.5799967e-02   9.0088781e-01  -3.5540305e-02   8.5272434e-01   7.2586123e-01   1.0530947e-01   1.4926985e+00   9.9999343e-01   1.2675224e-01
   1.0171797e+00   1.2322282e+00   1.1613312e+00   2.3044965e+00   1.8850304e+00  -1.6951502e-02   4.4252114e-01   1.2415216e+00   2.1815066e+00   1.0013370e+00   1.0302360e+00   1.1480697e+00   3.2837915e-01   1.3758956e+00   8.7660158e-01  -5.6728853e-02
   1.4576464e+00   1.4797678e+00   1.4833336e+00   2.7644385e+00   2.3614873e+00   5.1644129e-01   8.0894885e-01   1.4386823e+00   2.1461022e+00   1.4795863e+00   1.4148549e+00   1.4608343e+00   6.1904978e-01   1.8077739e+00   1.0837601e+00  -1.3655732e-01
   1.5777149e+00   1.4891723e+00   1.6176197e+00   2.7931813e+00   2.5585133e+00   8.7617293e-01   9.9493231e-01   1.5919822e+00   2.1853444e+00   1.4966383e+00   1.5077126e+00   1.4772519e+00   8.1889750e-01   2.0274643e+00   1.3376829e+00   3.6362847e-01
   1.5743573e+00   1.5231819e+00   1.5233415e+00   2.7738833e+00   2.6695733e+00   1.0918778e+00   1.0827200e+00   1.7633327e+00   2.0474320e+00   1.5919647e+00   1.5609560e+00   1.5936479e+00   8.9511191e-01   2.0118611e+00   1.3515842e+00   4.8849512e-01
   1.5585469e+00   1.6353663e+00   1.6496585e+00   2.7558997e+00   2.7396270e+00   1.2176779e+00   1.1644382e+00   1.9079623e+00   2.1886819e+00   1.6340367e+00   1.6203189e+00   1.7690086e+00   8.9247323e-01   2.1105323e+00   1.2267579e+00   1.5236052e-01
   1.6551901e+00   1.4942232e+00   1.5875985e+00   2.7242903e+00   2.7926092e+00   1.4204424e+00   1.2295737e+00   2.0899576e+00   2.4961853e+00   1.6471047e+00   1.5978293e+00   1.7627299e+00   8.0998913e-01   2.0502083e+00   1.3875327e+00   5.3419781e-01
   1.7486428e+00   1.5900637e+00   1.5542570e+00   2.6758018e+00   2.8075490e+00   1.4966119e+00   1.2707506e+00   2.1251432e+00   2.5204346e+00   1.5479715e+00   1.5490300e+00   1.8497782e+00   7.1410220e-01   1.8854424e+00   1.3591887e+00   2.9196417e-01
   1.2195904e+00   1.5059065e+00   1.5134534e+00   2.6027608e+00   2.7926543e+00   1.5820342e+00   1.3897673e+00   2.2622498e+00   2.6046903e+00   1.5483916e+00   1.5443639e+00   1.8311403e+00   6.7328601e-01   1.8102856e+00   1.3635770e+00   2.8274535e-01
   1.5836551e+00   1.4598588e+00   1.5155822e+00   2.5699993e+00   2.7699391e+00   1.6139870e+00   1.4560804e+00   2.3627231e+00   2.6596071e+00   1.5307179e+00   1.5790217e+00   1.8669328e+00   5.3370333e-01   1.7299307e+00   1.4032586e+00   4.9433607e-01
   1.5810952e+00   1.5477613e+00   1.4958759e+00   2.6088735e+00   2.7661660e+00   1.5935832e+00   1.4460507e+00   2.4358829e+00   2.6666348e+00   1.4666025e+00   1.4440123e+00   1.7563141e+00   6.4555717e-01   1.8061966e+00   1.3423356e+00   4.9726801e-01
   1.5310162e+00   1.3909724e+00   1.3454391e+00   2.5104736e+00   2.6643038e+00   1.5445269e+00   1.3637170e+00   2.4590475e+00   2.6025813e+00   1.3997004e+00   1.3780426e+00   1.7837274e+00   6.2278934e-01   1.6941012e+00   1.0946783e+00   3.7099695e-01
   1.4577268e+00   1.4813211e+00   1.4555318e+00   2.4989268e+00   2.5547266e+00   1.4351653e+00   1.3233669e+00   2.4981948e+00   2.6305705e+00   1.3241912e+00   1.1933016e+00   1.6295820e+00   6.0047884e-01   1.5031999e+00   9.2414979e-01   1.2645241e-01
   1.4963870e+00   1.4172640e+00   1.4490879e+00   2.4914318e+00   2.4279640e+00   1.2922773e+00   1.1507487e+00   2.3735664e+00   2.4635639e+00   1.1371820e+00   1.0086040e+00   1.4166481e+00   4.8414682e-01   1.3593040e+00   3.7337093e-01  -1.8764196e-01
   1.4207667e+00   1.2558257e+00   1.3448337e+00   2.4615803e+00   2.2350115e+00   1.1443722e+00   1.0360534e+00   2.2410141e+00   2.2823287e+00   9.9985686e-01   7.2788870e-01   1.2658630e+00   2.9169466e-01   1.3650641e+00   3.7584616e-01  -2.6173803e-01
   1.4822477e+00   1.3011709e+00   1.3369431e+00   2.4631185e+00   2.0638003e+00   9.4886596e-01   1.0328820e+00   2.2283190e+00   2.1503003e+00   9.5156463e-01   7.4051944e-01   1.2358641e+00   4.2291891e-02   1.0305578e+00   1.1206881e-01  -4.7108129e-01
   1.5250786e+00   1.2840021e+00   1.3747606e+00   2.4868475e+00   1.8692090e+00   6.3312648e-01   9.3774394e-01   2.0855271e+00   1.7114334e+00   7.6208193e-01   5.5693837e-01   1.0394972e+00  -7.9901287e-02   6.9470316e-01  -5.0011923e-01  -7.9256893e-01
   1.6406244e+00   1.2353448e+00   1.1974708e+00   2.4373255e+00   1.6652681e+00   4.3769262e-01   7.9826756e-01   1.7397756e+00   1.2648635e+00   7.3620615e-01   4.0442291e-01   7.2580308e-01  -2.6921108e-01   3.2301051e-01  -7.7963396e-01  -1.0269241e+00
   1.4796505e+00   1.3911198e+00   1.2858075e+00   2.1094475e+00   9.9869364e-01  -1.8917606e-01   4.7281065e-01   1.1783728e+00   8.0874993e-01   6.2974366e-01   5.3222518e-01   3.6193768e-01  -4.2506286e-01  -1.1940816e-01  -7.0884554e-01  -1.3133935e+00
   1.7810602e+00   1.5401106e+00   1.2258540e+00   1.2186625e+00   1.0254855e-01  -1.1471784e+00   1.0363344e-01   6.9498911e-01   4.0143092e-01   4.2281557e-01   5.7005762e-01  -9.9792926e-02  -8.2785091e-01  -6.8207637e-01  -1.2108297e+00  -1.5197375e+00
   1.6750271e+00   1.3477973e+00   1.2252117e+00   8.2908859e-01  -3.4172737e-01  -8.1084593e-01  -5.2193752e-02   5.5095897e-01   6.7388555e-02   4.5748875e-01   5.4621967e-01   1.3449423e-02  -1.1315494e+00  -8.0738918e-01  -1.2796368e+00  -1.7715523e+00
   1.4344685e+00   1.3451538e+00   1.1818246e+00   5.8036225e-01  -3.2276507e-01  -1.0738738e+00  -8.9003756e-02   4.6604990e-01  -8.0542047e-02   3.2020326e-01   3.0197556e-01  -2.8374881e-01  -1.1213252e+00  -1.1295863e+00  -1.4155939e+00  -1.5987864e+00
   1.4591644e+00   1.3064143e+00   1.0783449e+00   6.6705289e-01  -2.3589608e-03  -6.2632838e-01  -2.5382559e-01   2.9127968e-01  -2.4306537e-01   2.4554539e-01   1.9439952e-01  -2.2010849e-01  -1.0668184e+00  -1.2632187e+00  -1.5444144e+00  -1.7727461e+00
   1.5142296e+00   1.4462912e+00   9.7314207e-01   3.4623875e-01  -8.2101825e-01  -1.2447504e+00  -8.1271561e-01   1.0909985e-01  -2.7397627e-01   1.9990329e-02   7.5378944e-02  -2.6262337e-01  -1.4400251e+00  -1.3335303e+00  -1.3836918e+00  -1.6828200e+00
   1.4864509e+00   1.1728204e+00   7.2713024e-01   1.7660861e-01  -6.9372755e-01  -7.2474527e-01  -4.8680361e-01   1.7565290e-01   2.8626939e-02  -2.5572595e-01   1.3381900e-02  -1.0388357e-01  -1.2749731e+00  -1.1834459e+00  -1.1085974e+00  -1.3892258e+00
   1.4788452e+00   9.1189132e-01   3.4375364e-01  -4.2977764e-01  -6.7815814e-01  -8.7751614e-01  -8.4764113e-01   1.6170589e-02  -3.1121874e-02  -1.5997751e-01  -2.9422890e-01  -4.2516093e-01  -1.1609695e+00  -1.0463974e+00  -1.2278350e+00  -1.4510694e+00
   1.3029390e+00   5.7073981e-01  -4.2422558e-01  -4.6666158e-01  -5.6464071e-01  -9.9553919e-01  -1.6954720e+00  -7.6030125e-01  -4.6506088e-01  -5.5510963e-01  -4.5925885e-01  -7.7946307e-01  -1.5854422e+00  -1.5062087e+00  -1.5866501e+00  -1.5119731e+00
   9.2636356e-01   1.0258100e-01  -1.2303938e+00  -7.0561336e-01  -8.7189374e-01  -1.1167823e+00  -1.7768563e+00  -9.9018014e-01  -8.8683782e-01  -1.3804360e+00  -1.0986055e+00  -1.9023294e+00  -2.0484265e+00  -1.7274683e+00  -1.6527760e+00  -1.6202161e+00
   1.2227984e+00  -1.1623419e-01  -8.7747391e-01  -4.7214096e-01  -1.2067864e+00  -1.2793705e+00  -1.7454968e+00  -1.7390367e+00  -1.1820496e+00  -1.6544964e+00  -1.1003288e+00  -1.9835303e+00  -2.0256472e+00  -1.9158386e+00  -2.0180511e+00  -1.6104567e+00
   1.1522616e+00  -3.1635194e-02  -7.5446576e-01  -2.7905508e-01  -3.2169412e-01  -1.3652887e+00  -2.1720502e+00  -1.4542128e+00  -1.1386662e+00  -1.7917168e+00  -1.8468020e+00  -1.8383068e+00  -2.2406906e+00  -1.9760491e+00  -1.9508837e+00  -1.6818900e+00
   6.4837543e-01  -5.0053725e-01  -1.0522759e+00  -7.5760360e-01  -8.0778322e-01  -1.3585347e+00  -1.6212116e+00  -1.9711998e+00  -1.6840209e+00  -1.6304553e+00  -1.8532489e+00  -1.8016965e+00  -1.8502204e+00  -1.6915199e+00  -1.8232306e+00  -1.7652855e+00
   7.9076214e-01  -1.1228432e+00  -1.0042988e+00  -9.2621013e-01  -9.4043124e-01  -1.3724072e+00  -1.9832985e+00  -1.6983674e+00  -1.7460452e+00  -1.3096275e+00  -1.6408349e+00  -1.8442974e+00  -1.8999885e+00  -1.8082322e+00  -1.7460579e+00  -1.8746694e+00
   3.7090897e-01  -3.9069358e-01  -8.2883914e-01  -1.0788938e+00  -1.0753083e+00  -1.4792047e+00  -2.1744324e+00  -1.5425357e+00  -1.7380321e+00  -1.8448272e+00  -1.8212016e+00  -1.9734839e+00  -2.2367480e+00  -2.0516559e+00  -1.8175646e+00  -1.8478970e+00
   9.3273182e-01   5.5603268e-02  -1.2451869e+00  -3.7582356e-01  -3.9647006e-01  -1.7947738e+00  -1.8667624e+00  -2.0106875e+00  -1.8186232e+00  -1.5639611e+00  -1.6372974e+00  -2.1607201e+00  -2.1226502e+00  -2.0689164e+00  -1.9552565e+00  -1.7746574e+00
   7.0665181e-01  -2.9217930e-01  -7.1676094e-01  -1.8917082e-01  -5.8421022e-01  -1.7980080e+00  -1.8737679e+00  -1.8655406e+00  -1.9606111e+00  -1.5562123e+00  -1.7250249e+00  -1.8212486e+00  -1.8287455e+00  -1.8367085e+00  -2.2058633e+00  -1.7994319e+00
   6.9794429e-01  -7.1530983e-01  -7.9195901e-01  -1.0211553e+00  -8.8519146e-01  -1.2829595e+00  -1.6725220e+00  -2.2702257e+00  -2.0785203e+00  -1.6835141e+00  -1.7384347e+00  -1.8802488e+00  -2.0728202e+00  -2.1068758e+00  -2.0921061e+00  -1.9543422e+00
   3.4078250e-01  -2.4560281e-01  -1.0031647e+00  -1.0925015e+00  -1.0480794e+00  -1.2697191e+00  -2.0951297e+00  -2.0475161e+00  -1.9398189e+00  -1.6859480e+00  -1.7016461e+00  -1.8532600e+00  -2.1729619e+00  -1.8022606e+00  -1.9317417e+00  -1.9367414e+00
   1.9913410e-01  -3.0203053e-01  -8.2443508e-01  -7.4099899e-01  -4.0280319e-01  -1.2057883e+00  -1.9312469e+00  -1.5498145e+00  -1.7622692e+00  -2.0060208e+00  -2.0142243e+00  -1.9887259e+00  -2.1247611e+00  -2.1028442e+00  -1.9821701e+00  -1.7547282e+00
   5.8813410e-01   5.5727910e-02  -5.0802509e-01  -6.6068371e-01  -9.8171433e-01  -1.2325247e+00  -2.3686576e+00  -1.8283590e+00  -1.9611021e+00  -1.7034551e+00  -1.6430554e+00  -2.0347844e+00  -2.1533595e+00  -2.0097573e+00  -2.0737766e+00  -1.7441131e+00
   5.2913962e-01  -1.4898906e-01  -6.7345237e-01  -2.4363975e-01  -2.8189458e-01  -1.2330680e+00  -1.9009534e+00  -2.0975970e+00  -2.2887499e+00  -1.6290238e+00  -2.2155307e+00  -2.0507876e+00  -2.0967649e+00  -1.9542894e+00  -1.9250518e+00  -1.6146410e+00
   4.0737916e-01  -1.1836627e-01  -8.1358380e-01  -7.4296745e-01  -4.7009139e-01  -1.0583911e+00  -2.1876915e+00  -1.8125961e+00  -1.9860590e+00  -1.6737785e+00  -2.1415492e+00  -2.0527695e+00  -2.2342524e+00  -2.0630228e+00  -1.9944434e+00  -1.7298198e+00
   5.9510703e-01  -5.4012674e-01  -8.4363718e-01  -3.6052025e-01  -6.9361606e-01  -1.7728562e+00  -2.0608299e+00  -1.8814123e+00  -1.9258731e+00  -1.8571976e+00  -1.8562187e+00  -2.2734553e+00  -2.2900816e+00  -2.2140276e+00  -1.7956932e+00  -1.7628912e+00
   2.7567863e-01  -3.4417575e-01  -5.6284679e-01  -4.8455050e-01  -1.1468965e+00  -1.8642112e+00  -1.9749702e+00  -2.0389142e+00  -2.2578328e+00  -2.2148114e+00  -2.0918529e+00  -2.2656355e+00  -2.4233006e+00  -2.1257397e+00  -1.8934808e+00  -1.7566722e+00
   1.0553632e-01  -6.6050893e-01  -9.6338380e-01  -5.1557542e-01  -7.4083207e-01  -1.6521068e+00  -2.0080044e+00  -1.6159129e+00  -2.5055240e+00  -2.0845994e+00  -2.1034816e+00  -2.3432438e+00  -2.5761961e+00  -2.2283959e+00  -1.9918119e+00  -1.8922769e+00
   7.0555255e-01  -2.7795395e-01  -1.0032646e+00  -4.8591461e-01  -3.0661264e-01  -1.5576427e+00  -2.0985824e+00  -2.2588964e+00  -2.3161752e+00  -2.0199433e+00  -1.9374331e+00  -2.2226045e+00  -2.2248674e+00  -2.0064869e+00  -1.7271054e+00  -1.6520048e+00
   8.2629926e-01  -6.4812643e-01  -7.5071529e-01  -4.8509832e-01  -7.6207266e-01  -1.3034734e+00  -2.0267241e+00  -1.8526675e+00  -1.8427005e+00  -2.2201151e+00  -2.4179735e+00  -2.0244430e+00  -2.4032020e+00  -2.0984431e+00  -1.8606847e+00  -1.7102464e+00
   8.9103742e-01  -5.1049711e-01  -7.9121104e-01  -1.0200636e+00  -1.1062850e+00  -1.9527554e+00  -2.4015042e+00  -2.2880179e+00  -2.2241767e+00  -2.0730174e+00  -2.3649616e+00  -2.3032979e+00  -2.2184586e+00  -2.2490270e+00  -2.0013513e+00  -1.6559244e+00
   4.7072381e-01  -4.5120135e-01  -5.8480912e-01  -8.0101110e-01  -1.0677289e+00  -1.5200467e+00  -1.9000406e+00  -1.9842973e+00  -2.5456572e+00  -2.2182750e+00  -2.2342899e+00  -2.0360174e+00  -2.3213832e+00  -1.9787853e+00  -1.9764477e+00  -1.5858430e+00
   4.8799529e-02  -3.6919004e-01  -9.8602148e-01  -1.0311166e+00  -1.2174648e+00  -1.6434772e+00  -1.6033421e+00  -1.9384638e+00  -2.1009518e+00  -2.2133983e+00  -2.4866492e+00  -2.3085455e+00  -2.2067193e+00  -2.1032749e+00  -2.1279604e+00  -1.8082759e+00
   1.7561779e-01  -2.5968940e-01  -8.0816184e-01  -8.1313983e-01  -8.4287007e-01  -1.4290560e+00  -2.1077678e+00  -2.1351169e+00  -2.3646642e+00  -2.3486039e+00  -2.2815188e+00  -2.5588218e+00  -2.4261022e+00  -2.2227225e+00  -1.8908234e+00  -1.7648014e+00
   4.2955583e-01  -5.4356219e-01  -9.0215444e-01  -3.7436630e-01  -5.0477319e-01  -1.6570406e+00  -2.2171193e+00  -2.0019411e+00  -2.0924832e+00  -2.3477912e+00  -2.2965478e+00  -2.1107580e+00  -2.2619003e+00  -2.0061408e+00  -1.7888280e+00  -1.7562899e+00
   1.8454073e-01  -3.8843959e-01  -9.0087001e-01  -1.0192387e+00  -5.7677784e-01  -1.0494180e+00  -1.5869401e+00  -2.2220036e+00  -2.2158300e+00  -2.3869430e+00  -2.1749330e+00  -2.2202632e+00  -2.3822413e+00  -2.1834713e+00  -1.8578986e+00  -1.7021511e+00
   3.5037924e-01  -9.1399337e-02  -7.5072002e-01  -7.9170019e-01  -9.5215245e-01  -1.0095457e+00  -1.8871965e+00  -2.3160510e+00  -1.9988900e+00  -2.3208087e+00  -2.2951392e+00  -2.1916865e+00  -2.4435220e+00  -2.1382398e+00  -1.8601865e+00  -1.9949168e+00
