   1.1176801e+00  -8.5261214e-01  -1.3988126e+00  -9.8159872e-01  -9.5809957e-01  -1.3774157e+00  -2.3579999e+00  -1.9588231e+00  -2.3213306e+00  -2.3844404e+00  -2.2416110e+00  -2.1403596e+00  -2.1345354e+00  -1.9490774e+00  -1.8548466e+00  -1.7597889e+00
   8.1556012e-01  -9.1362299e-01  -8.0000496e-01  -6.7410184e-01  -1.0147631e+00  -1.3324647e+00  -1.8444163e+00  -2.3052872e+00  -2.0168291e+00  -2.5125949e+00  -2.2387657e+00  -1.8416399e+00  -1.8607506e+00  -1.9786093e+00  -1.9445557e+00  -1.7439625e+00
   6.0521753e-01  -5.1582644e-01  -6.3148991e-01  -6.0603689e-01  -6.2103778e-01  -1.6443759e+00  -2.1692175e+00  -2.0373681e+00  -2.2076144e+00  -2.6364289e+00  -2.3539996e+00  -2.0756135e+00  -2.1470642e+00  -1.9209562e+00  -1.9666160e+00  -1.6384455e+00
   6.4785247e-01  -9.2825304e-01  -9.9852763e-01  -6.3393749e-01  -5.3693745e-01  -1.5418461e+00  -1.9146822e+00  -2.3162983e+00  -2.8759003e+00  -2.4693581e+00  -2.2605283e+00  -2.1373115e+00  -2.3622775e+00  -1.9876708e+00  -1.9359801e+00  -1.8060863e+00
   1.8391687e-01  -6.3265020e-01  -8.0174966e-01  -6.2427148e-01  -7.5232329e-01  -1.3270467e+00  -2.0587688e+00  -1.9860784e+00  -2.1512209e+00  -2.1544829e+00  -1.9550792e+00  -2.1185449e+00  -2.2541585e+00  -1.8924556e+00  -1.9139848e+00  -1.6724362e+00
   5.0564280e-02  -1.1980792e+00  -5.7517866e-01  -4.4156921e-01  -7.6029823e-01  -1.6980340e+00  -2.2602159e+00  -2.3952830e+00  -2.4209886e+00  -2.5737786e+00  -2.3562120e+00  -2.2978421e+00  -2.0587425e+00  -2.2049204e+00  -1.7986097e+00  -1.5474275e+00
  -1.8101952e-01  -1.0826071e+00  -9.5646537e-01  -1.1995470e+00  -7.2250281e-01  -1.4151518e+00  -2.2471136e+00  -2.2809074e+00  -2.6461556e+00  -2.3612198e+00  -2.4560680e+00  -2.2452208e+00  -2.1520603e+00  -2.1214022e+00  -1.8037719e+00  -1.6371003e+00
   4.4338432e-01  -6.3404975e-01  -1.4126341e+00  -1.1939528e+00  -7.3194099e-01  -1.2133579e+00  -1.8037650e+00  -2.0724637e+00  -2.3914135e+00  -2.1914660e+00  -2.2784710e+00  -2.2538160e+00  -2.1244391e+00  -2.1355877e+00  -1.7464658e+00  -1.7008984e+00
   6.2882101e-01  -5.0623713e-01  -1.0748994e+00  -7.8376902e-01  -9.6291978e-01  -1.4082973e+00  -2.1101850e+00  -2.2511294e+00  -1.9851089e+00  -2.0920445e+00  -2.3203182e+00  -2.0293670e+00  -1.6736268e+00  -2.0684826e+00  -1.7810302e+00  -1.3445479e+00
   2.0129425e-02  -1.2162073e+00  -1.4184520e+00  -1.2056736e+00  -1.2740652e+00  -1.3810327e+00  -2.1480937e+00  -2.3833911e+00  -2.3975235e+00  -2.0203366e+00  -1.8265012e+00  -1.7778749e+00  -2.1315900e+00  -1.7234331e+00  -1.8843738e+00  -1.7090809e+00
   8.0943387e-01  -9.0738914e-01  -1.0278094e+00  -6.3294073e-01  -5.4668797e-01  -1.5448011e+00  -2.1045394e+00  -2.2677158e+00  -2.5943798e+00  -2.4277113e+00  -2.0135091e+00  -2.0160494e+00  -2.1261211e+00  -2.0326500e+00  -1.7009857e+00  -1.7343519e+00
   2.7314944e-01  -6.1682801e-01  -4.8351862e-01  -3.3766253e-01  -8.3291845e-01  -1.5936622e+00  -1.8972904e+00  -1.9488034e+00  -2.2639713e+00  -2.4274108e+00  -2.0989471e+00  -1.9767108e+00  -2.1366173e+00  -1.9670346e+00  -1.9405172e+00  -1.8213078e+00
   1.1906049e-01  -1.1717221e+00  -1.0059906e+00  -6.5703591e-01  -8.9252810e-01  -1.3454182e+00  -2.0839721e+00  -2.0759843e+00  -1.6982095e+00  -1.6584748e+00  -2.1439828e+00  -2.1519132e+00  -1.9181185e+00  -1.7419347e+00  -1.9484169e+00  -1.7126606e+00
   3.0865468e-01  -1.0716444e+00  -8.3045804e-01  -5.9360084e-01  -7.7727085e-01  -1.1087510e+00  -1.6365170e+00  -2.0799179e+00  -2.2463870e+00  -2.4293846e+00  -2.3382332e+00  -1.9366277e+00  -1.8937528e+00  -2.0047182e+00  -1.9851679e+00  -1.7910987e+00
   3.3658145e-01  -6.4498563e-01  -4.7039628e-01  -2.9857074e-01  -7.4856827e-01  -1.7450360e+00  -1.8012486e+00  -2.1108185e+00  -2.2765806e+00  -2.0951024e+00  -2.2405196e+00  -2.0246394e+00  -2.0207399e+00  -1.8442762e+00  -1.8574179e+00  -1.6028370e+00
   5.4689698e-01  -1.0382534e+00  -4.8621219e-01  -2.2464423e-01  -4.1877715e-01  -1.2228014e+00  -2.0244041e+00  -2.4311462e+00  -2.4337340e+00  -2.0679865e+00  -2.2561569e+00  -1.9615973e+00  -1.8438491e+00  -1.8946837e+00  -2.0253552e+00  -1.7974040e+00
   1.6604906e-01  -5.8035837e-01  -7.5977555e-01  -8.9276822e-01  -8.4833950e-01  -1.4304276e+00  -1.7927463e+00  -1.8927280e+00  -2.5202304e+00  -2.5751413e+00  -2.4989439e+00  -2.3602089e+00  -2.1781914e+00  -2.0808299e+00  -1.8603208e+00  -1.7500999e+00
   1.4697625e-02  -3.1214415e-01  -5.4404384e-01  -9.2059488e-01  -8.5221508e-01  -1.3322340e+00  -2.0751015e+00  -2.0128007e+00  -2.2544599e+00  -2.2645105e+00  -2.3180431e+00  -2.4353269e+00  -1.9547173e+00  -2.0833645e+00  -1.9144707e+00  -1.8799507e+00
   3.0060375e-01  -7.2067961e-01  -4.6158072e-01  -7.5529325e-01  -1.2536856e+00  -1.6991854e+00  -2.1793577e+00  -2.1376032e+00  -2.0316456e+00  -2.1018908e+00  -2.0226271e+00  -1.7797650e+00  -1.6650705e+00  -1.8863048e+00  -1.7694506e+00  -1.5004816e+00
   1.6382794e-01  -5.7115473e-01  -7.2739210e-01  -6.3815702e-01  -8.8006555e-01  -1.3960982e+00  -1.8438544e+00  -2.4851934e+00  -2.3003964e+00  -2.3337050e+00  -1.9997446e+00  -2.0518675e+00  -1.8279183e+00  -1.8842848e+00  -2.0836156e+00  -1.7279635e+00
   8.6299717e-02  -2.7193269e-01  -3.2947151e-01  -5.0092590e-01  -8.5769080e-01  -1.6574832e+00  -2.2313946e+00  -1.4571612e+00  -1.6415791e+00  -2.1576797e+00  -1.8141029e+00  -2.0020788e+00  -1.6687271e+00  -1.4729054e+00  -1.6725002e+00  -1.3098517e+00
  -5.5954178e-02  -7.4395221e-01  -7.0196877e-01  -5.6498178e-01  -5.4229803e-01  -1.5683462e+00  -2.3106022e+00  -1.7982664e+00  -1.6717593e+00  -1.8960531e+00  -1.0292743e+00  -1.1977635e+00  -1.3604852e+00  -8.0573355e-01  -1.0282567e+00  -5.9676223e-01
  -1.2145823e-01  -7.4017300e-01  -1.1358417e+00  -3.9534098e-01  -2.6044538e-01  -1.3831709e+00  -2.0471935e+00  -1.8664992e+00  -1.6960415e+00  -1.4657611e+00  -1.0997821e+00  -1.4379750e+00  -6.9739395e-01   2.4399556e-01   2.8815716e-01  -8.6980701e-02
   1.2401785e-01  -6.7857666e-01  -9.2513025e-01  -5.9704393e-01  -3.4644059e-01  -1.0341344e+00  -1.9657274e+00  -1.7512540e+00  -1.4726705e+00  -1.2701471e+00  -8.0922350e-01  -1.4132363e+00  -6.7018964e-01   8.0322777e-01   8.7882574e-01   1.1319977e+00
   3.9923970e-01  -4.4050913e-01  -1.0319861e+00  -1.0507242e-01  -3.3213693e-01  -1.8803614e+00  -1.9385304e+00  -1.7964536e+00  -1.6096446e+00  -1.5411518e+00  -7.4623432e-01  -6.9053830e-01  -3.6479166e-01   5.1385280e-01   1.5886257e+00   1.9910539e+00
  -1.1113742e+00  -1.3312125e+00  -9.6790934e-01  -3.6345563e-01  -5.2181490e-01  -1.6207514e+00  -1.7959443e+00  -1.3138309e+00  -1.4217613e+00  -1.2154834e+00  -6.4569676e-01  -6.5280000e-01  -1.1758563e-01   1.1812729e+00   1.6789882e+00   1.7806982e+00
  -5.9223407e-01  -7.9430477e-01  -5.2931755e-01  -7.1221808e-01  -1.4069479e+00  -1.7813381e+00  -1.7822886e+00  -1.4752038e+00  -1.3803936e+00  -1.1164872e+00  -8.7837149e-01  -6.0989462e-01  -8.3616210e-01   1.0083613e+00   1.3305814e+00   1.8849761e+00
   3.5627082e-01  -5.2937181e-01  -6.5326546e-01  -9.0382967e-01  -1.5256729e+00  -1.2856429e+00  -2.2782142e+00  -1.3547236e+00  -1.5767571e+00  -1.4086879e+00  -8.2391688e-01  -9.3378444e-01  -7.8211294e-01   7.4322856e-01   1.3700995e+00   1.7948329e+00
   1.3670150e-01  -4.3601775e-01  -5.1373870e-01  -7.4143595e-01  -1.5527073e+00  -1.2992658e+00  -1.7060100e+00  -1.6869481e+00  -2.0004847e+00  -1.6984067e+00  -9.3143274e-01  -9.9854687e-01  -7.6960486e-01   6.8987230e-01   1.2855749e+00   1.8606345e+00
   2.5924868e-01  -8.1847868e-01  -6.0045884e-01  -6.6503489e-01  -9.7547141e-01  -1.4560169e+00  -1.5140486e+00  -1.8287017e+00  -1.6675575e+00  -1.6057744e+00  -1.2484818e+00  -8.5704873e-01  -4.0890921e-01   1.0329135e+00   1.2527601e+00   1.8336850e+00
   2.9208421e-01  -5.3270815e-01  -4.2252880e-01  -1.0243452e+00  -9.8732661e-01  -1.2879090e+00  -1.7276070e+00  -1.9718779e+00  -1.5226605e+00  -1.3548297e+00  -9.2400678e-01  -8.9393842e-01  -3.7873391e-01   7.9372654e-01   1.2564166e+00   1.7596846e+00
   6.5334374e-01  -7.4957168e-01  -5.7564274e-01  -8.7429193e-01  -9.7073819e-01  -1.0611969e+00  -2.0198141e+00  -1.9087074e+00  -1.3461931e+00  -1.4155567e+00  -8.9412120e-01  -5.9289771e-01  -1.3473035e-01   6.6316466e-01   1.2076257e+00   1.7741135e+00
   1.2195340e-02  -1.0943741e+00  -9.9529488e-01  -1.0378936e+00  -9.9136509e-01  -1.2075786e+00  -1.6375872e+00  -1.9633232e+00  -1.4817320e+00  -1.4568443e+00  -1.4420436e+00  -8.6082217e-01  -1.6637793e-01   1.0925597e+00   1.5341509e+00   2.0977084e+00
   6.2443997e-01  -1.3402141e-01  -3.4024374e-01  -1.8030879e-01  -9.5918480e-01  -1.5544800e+00  -1.8959527e+00  -1.5476701e+00  -1.4596704e+00  -1.4181391e+00  -8.8791100e-01  -5.3631493e-01  -8.5624881e-03   1.1285216e+00   1.6032477e+00   2.1415736e+00
   2.6902367e-01  -6.7022002e-01  -3.7760556e-01  -2.9934544e-01  -6.7732959e-01  -1.3904736e+00  -1.8327637e+00  -1.6746401e+00  -1.5964197e+00  -1.4573976e+00  -5.1941156e-01  -3.7070126e-01  -1.4683389e-01   1.4421647e+00   1.9979295e+00   2.0833873e+00
   4.3152737e-01  -1.7412048e-01  -5.3996404e-01  -9.5014143e-01  -1.0426499e+00  -1.4492987e+00  -1.9894757e+00  -1.4169354e+00  -1.2353535e+00  -1.0892074e+00  -7.6998399e-01  -3.1648573e-01   3.7529131e-02   1.5873569e+00   1.8332020e+00   2.1997732e+00
   3.6856029e-02  -4.5535054e-01  -3.4964955e-01  -5.8542452e-01  -1.0604468e+00  -1.3957127e+00  -1.2865323e+00  -1.3602814e+00  -1.1744068e+00  -1.2070838e+00  -3.1084212e-01  -1.5088491e-01   3.8910879e-01   1.8103397e+00   2.1203364e+00   2.3043335e+00
   1.4307692e-01  -3.5715967e-01  -6.4551211e-01  -7.6741139e-01  -2.8987161e-01  -1.1262514e+00  -1.5228340e+00  -1.2777656e+00  -1.0078425e+00  -7.8555526e-01  -4.5352269e-01  -3.0824551e-01   3.2526132e-01   1.7651188e+00   2.2118153e+00   2.1924435e+00
   2.3478754e-01  -3.5718692e-01  -5.6370689e-01  -8.1150488e-01  -8.2102882e-01  -1.2809586e+00  -1.5723788e+00  -1.5584773e+00  -1.1950630e+00  -8.7632355e-01  -3.7123846e-01  -9.3464770e-02   3.1949039e-01   2.2302944e+00   2.3021565e+00   2.2454119e+00
   4.1005517e-01  -4.9586592e-01  -6.4594639e-01  -7.8552804e-01  -9.1445186e-01  -1.1083239e+00  -1.9013169e+00  -1.5234847e+00  -1.2729425e+00  -9.9638201e-01  -8.4586665e-02   2.2904277e-01   3.6574715e-01   1.6738726e+00   1.9249734e+00   2.0746996e+00
   5.0978335e-01  -4.2774387e-01  -7.9052067e-01  -1.0358480e+00  -1.0431212e+00  -1.2629680e+00  -1.7452327e+00  -1.7936879e+00  -1.1437374e+00  -9.3668570e-01   5.7046714e-01   6.9319999e-01   1.8024507e-01   1.7242849e+00   1.6328560e+00   1.8284285e+00
   1.1185003e+00   1.3930450e+00   6.1567743e-01   3.9378148e-01  -5.8176378e-01  -9.2466004e-01  -1.2862004e+00  -8.4689795e-01  -2.3125438e-01  -1.5628080e-01   1.0053985e+00   8.0418156e-01   1.2086369e-01   1.7756774e+00   1.5455324e+00   1.1294370e+00
   1.4961594e+00   1.6790766e+00   1.3202859e+00   1.1286130e+00  -1.3732507e-01  -8.0122541e-01  -8.6767388e-01  -3.4593018e-01   4.8270803e-01   8.1800455e-01   1.6816476e+00   1.5154265e+00   2.7124192e-01   1.7910104e+00   1.1522992e+00   3.0418492e-01
   1.2548116e+00   1.5064431e+00   1.6513368e+00   1.1132184e+00  -1.1088170e-01  -4.0619957e-01  -6.1412496e-01  -8.2796559e-01   1.3499633e-01   1.2475512e+00   2.0627169e+00   2.0107755e+00   1.0516603e+00   2.6884705e+00   1.5714900e+00  -1.4598001e-01
   1.1980321e+00   1.7368305e+00   1.6792099e+00   3.9100047e-01  -9.3557833e-01  -4.1458202e-01  -4.7384428e-01  -8.4200627e-01  -5.7982661e-02   1.2443920e+00   2.0127483e+00   2.0784427e+00   1.3370798e+00   2.7773742e+00   1.7372025e+00  -4.0617241e-01
   1.2087059e+00   1.6497486e+00   1.5949463e+00   3.6800576e-01  -9.8254926e-01  -1.9355174e-01  -5.1567882e-01  -9.2297012e-01  -1.9173628e-01   1.0558247e+00   1.8634942e+00   2.0073401e+00   1.3787749e+00   2.8305673e+00   1.8139500e+00  -2.8876952e-01
   1.5173011e+00   1.6712112e+00   1.6557256e+00   5.7089874e-01  -4.7892176e-01  -5.1389665e-01  -6.3788659e-01  -1.0554521e+00  -5.6568078e-01   6.3884877e-01   1.7831374e+00   2.0852045e+00   1.3557767e+00   2.8108323e+00   1.6788586e+00  -5.4290379e-01
   1.2847580e+00   1.6782985e+00   1.3662104e+00   3.6004520e-01  -3.7590376e-01  -5.1665880e-01  -7.2520667e-01  -1.1617563e+00  -9.1264754e-01   4.2738262e-01   1.6652151e+00   2.1040682e+00   1.5291146e+00   2.7298412e+00   1.5011734e+00  -6.3042805e-01
   1.4941539e+00   1.6662470e+00   1.3777223e+00   3.2747745e-01  -5.0223819e-01  -7.4711677e-01  -7.2459356e-01  -1.2758953e+00  -9.4627610e-01   2.7783214e-01   1.6223107e+00   2.0827784e+00   1.5496647e+00   2.6618772e+00   1.5169585e+00  -7.7028069e-01
   1.3143321e+00   1.4852031e+00   1.1867572e+00   1.4814989e-01  -4.7318338e-01  -8.3002802e-01  -7.7369024e-01  -1.6271931e+00  -1.2096747e+00   1.3895751e-03   1.2301406e+00   1.7819404e+00   1.1944360e+00   2.4909508e+00   1.3472002e+00  -8.1013652e-01
   1.3553230e+00   1.4509234e+00   9.0269311e-01   4.2498298e-01  -2.4755361e-01  -8.0165869e-01  -8.8953216e-01  -1.5514006e+00  -1.2957897e+00   1.3944919e-02   1.2411863e+00   1.4577476e+00   1.0317789e+00   2.3796442e+00   1.1731403e+00  -1.0207140e+00
   1.4749821e+00   1.5002202e+00   8.8911912e-01   3.6423076e-01  -5.2683370e-01  -1.2183633e+00  -1.2004141e+00  -1.8880732e+00  -1.3967123e+00  -1.0132443e-01   1.1294334e+00   1.3106781e+00   1.0287352e+00   2.2531293e+00   9.1909560e-01  -1.1842482e+00
   1.4049282e+00   1.3606435e+00   8.4338719e-01   7.9077344e-02  -6.8609213e-01  -1.1917972e+00  -1.1044803e+00  -1.4040305e+00  -1.5634151e+00  -1.9944085e-01   1.0276147e+00   1.2403955e+00   1.0669889e+00   2.2904112e+00   9.8473262e-01  -1.4190269e+00
   1.3253396e+00   1.5090580e+00   7.3272099e-01   2.5200235e-01  -6.2849573e-01  -1.2972905e+00  -1.4624264e+00  -1.4665901e+00  -1.4091451e+00  -7.8247758e-02   1.0095634e+00   1.3085722e+00   1.0708524e+00   2.0990328e+00   8.0328874e-01  -1.4783084e+00
   1.2666445e+00   1.5235346e+00   9.1672402e-01   3.9486064e-01   4.3833724e-02  -1.4410133e+00  -1.6046705e+00  -1.7487277e+00  -1.4883431e+00  -4.7729935e-01   6.1559255e-01   1.0712001e+00   7.7263142e-01   1.7826983e+00   4.1228690e-01  -1.6143713e+00
   1.2749647e+00   1.5193845e+00   6.5617878e-01   4.8077445e-01  -3.4029595e-01  -1.0418282e+00  -1.5279915e+00  -1.9670970e+00  -1.6540888e+00  -5.9089298e-01   2.4744411e-01   4.6167098e-01   2.1639000e-01   9.8915314e-01  -4.2813493e-01  -1.5897178e+00
   1.3669634e+00   1.7878523e+00   6.4659082e-01   2.4042257e-01  -4.1293559e-01  -1.0359037e+00  -1.8364750e+00  -1.6468754e+00  -1.6729003e+00  -9.2003611e-01   3.0101100e-02  -2.3062222e-01  -1.6462799e-01   7.6791845e-01  -2.4850561e-01  -1.5252678e+00
   1.2913833e+00   1.9642071e+00   7.5738836e-01  -2.4131129e-01  -5.3238400e-01  -1.1617178e+00  -1.6548526e+00  -1.6388793e+00  -2.0116984e+00  -1.1333164e+00  -1.9994357e-01   2.1687441e-01   1.6155173e-01   1.1252106e+00  -3.7309338e-02  -1.5852563e+00
   1.3060650e+00   1.8377376e+00   3.6182805e-01  -9.4355911e-01  -7.5562486e-01  -1.1384496e+00  -1.8969056e+00  -1.7288533e+00  -1.5741032e+00  -1.1269530e+00  -3.0977833e-01   1.3844371e-01   5.1592967e-02   7.2724594e-01  -4.5297661e-01  -1.4883254e+00
   1.3961872e+00   1.8477252e+00   5.5982084e-01  -3.0348016e-01  -7.9444180e-01  -1.5533150e+00  -2.0414551e+00  -2.0385292e+00  -1.8931493e+00  -1.1193910e+00  -2.1156338e-01   1.6276393e-02  -8.5199926e-03   6.3559118e-01  -3.3315840e-01  -1.2746559e+00
   1.1793524e+00   1.7002658e+00   4.5588386e-01  -7.1180067e-02  -1.0351746e+00  -2.2618718e+00  -1.5743327e+00  -1.9719459e+00  -1.8558140e+00  -1.2250862e+00  -3.8995586e-01  -5.3421400e-02  -3.7565611e-01   2.5279680e-01  -4.7684249e-01  -1.3962622e+00
   1.0952064e+00   1.6247448e+00   3.7130055e-01   3.9916869e-02  -6.4600854e-01  -1.4073457e+00  -1.5324208e+00  -2.0994442e+00  -2.3130943e+00  -1.2406829e+00  -6.6934891e-01  -2.5286118e-01  -2.4006086e-01   2.5045130e-01  -5.0590633e-01  -1.3050448e+00
   1.2356659e+00   1.5748070e+00   5.2532534e-01  -9.9640876e-02  -7.1302183e-01  -1.4390258e+00  -1.9240894e+00  -1.9092842e+00  -2.3552567e+00  -1.5597390e+00  -8.1226445e-01  -4.0567723e-01  -2.2018011e-01   1.5014490e-01  -7.8700369e-01  -1.4675744e+00
   1.3438696e+00   1.6074592e+00   5.1431035e-01  -4.1772604e-01  -1.2595400e+00  -1.7459598e+00  -1.9500615e+00  -2.0364359e+00  -2.2514518e+00  -1.5232377e+00  -3.9747422e-01   1.9658374e-01   4.5737567e-01   9.8435239e-01   1.4829771e-01  -1.1843842e+00
   7.5865433e-01   1.4082868e+00   5.5825463e-01  -2.4034284e-01  -6.3676819e-01  -1.4655965e+00  -1.8978212e+00  -1.6508184e+00  -2.1892409e+00  -1.7083697e+00  -4.3762424e-01   8.5570580e-02   4.4625412e-01   9.1781713e-01   1.2461371e-01  -1.2866709e+00
   7.5311549e-01   1.1545852e+00   3.5802565e-01  -1.5618647e-01  -5.3074341e-01  -1.3820438e+00  -1.6964274e+00  -1.6971194e+00  -1.7585386e+00  -1.6024711e+00  -9.4957148e-01  -3.8588435e-01   2.6583888e-01   7.6689180e-01  -1.2535537e-01  -1.0468292e+00
   3.7804668e-01   1.1509485e+00   2.2806886e-01  -2.5254297e-01  -4.6729727e-01  -1.1527488e+00  -1.6016687e+00  -1.7931986e+00  -1.9235368e+00  -1.8626288e+00  -1.0893239e+00  -7.1406129e-01  -3.7954402e-01  -5.1567514e-03  -6.1715252e-01  -1.3055106e+00
   4.4149203e-01   1.0260580e+00  -8.3931759e-02  -6.7598415e-01  -4.9241953e-01  -1.2610593e+00  -1.8373461e+00  -1.9437576e+00  -2.4622618e+00  -2.0896119e+00  -1.4165303e+00  -1.1113499e+00  -6.2168927e-01  -5.3079536e-01  -1.2241883e+00  -1.3722004e+00
   7.4381479e-01   1.0747650e+00   1.4744763e-01  -5.3856080e-01  -6.6687096e-01  -1.5399891e+00  -2.0848652e+00  -2.2195928e+00  -2.3449660e+00  -2.2867714e+00  -1.7226235e+00  -1.4969801e+00  -1.1261586e+00  -9.6299451e-01  -1.4108854e+00  -1.5933449e+00
   1.0345001e+00   8.4380217e-01   3.0248998e-02  -7.8461421e-01  -6.9333857e-01  -1.6598788e+00  -1.9244716e+00  -2.2318316e+00  -2.1321907e+00  -1.8309063e+00  -1.9743762e+00  -1.7444772e+00  -1.5192891e+00  -1.6965837e+00  -1.6629173e+00  -1.6621604e+00
   9.0808583e-01  -3.6992755e-02  -1.2593998e+00  -6.4998594e-01  -7.2873027e-01  -1.2360326e+00  -1.6392555e+00  -1.9510644e+00  -2.2441768e+00  -1.9482895e+00  -1.9450434e+00  -2.0151317e+00  -2.0760143e+00  -1.7976547e+00  -2.0185494e+00  -1.8103433e+00
   5.1303108e-01  -3.8102263e-01  -9.9201314e-01  -1.0076381e+00  -9.7229402e-01  -1.3019845e+00  -1.7906505e+00  -2.2645245e+00  -2.1336866e+00  -2.1717028e+00  -1.9563319e+00  -1.8109966e+00  -1.9409644e+00  -1.9789122e+00  -2.0603007e+00  -1.6629550e+00
   8.0340391e-01  -9.5961426e-02  -9.2137413e-01  -7.5476667e-01  -1.2594320e+00  -1.2458153e+00  -1.7508159e+00  -2.5493984e+00  -2.2235141e+00  -2.1754264e+00  -1.5082658e+00  -1.6270593e+00  -1.9160452e+00  -1.8465411e+00  -1.8641166e+00  -1.7549112e+00
   6.9041038e-01  -3.7556083e-01  -1.5504923e+00  -1.0578026e+00  -1.1230948e+00  -1.4848178e+00  -1.9737013e+00  -2.2737146e+00  -2.4415251e+00  -2.5072005e+00  -1.8789539e+00  -1.8696259e+00  -2.2040213e+00  -2.2253144e+00  -1.7870929e+00  -1.7542360e+00
   7.7345417e-01  -5.3954974e-01  -1.0821395e+00  -8.2046322e-01  -6.8009035e-01  -1.7979297e+00  -2.0442577e+00  -2.5625982e+00  -2.3000636e+00  -2.3441856e+00  -1.9742318e+00  -1.9258267e+00  -2.0826918e+00  -1.8884163e+00  -1.7195272e+00  -1.8048478e+00
   6.7302582e-01  -1.5839991e-01  -1.4459843e+00  -1.8007775e-01  -6.0500908e-01  -1.7839241e+00  -2.6267282e+00  -2.7750360e+00  -2.2613022e+00  -2.3223341e+00  -1.5648366e+00  -1.7178285e+00  -2.0536713e+00  -1.8499143e+00  -2.0836068e+00  -1.7504491e+00
   2.1092119e-01  -6.0365334e-01  -4.9288660e-01  -5.1267862e-01  -4.0083691e-01  -1.1795000e+00  -2.8027148e+00  -2.2084779e+00  -2.3355034e+00  -2.1948233e+00  -1.2176869e+00  -1.5366316e+00  -1.8749568e+00  -1.6737885e+00  -1.8040037e+00  -1.4302153e+00
   5.2342274e-01  -2.4721590e-01  -5.1820585e-01  -5.6191502e-01  -7.0704776e-01  -1.6610386e+00  -1.9753678e+00  -2.2592614e+00  -2.4731338e+00  -2.2808692e+00  -1.6440328e+00  -2.0742398e+00  -2.4845153e+00  -2.0604563e+00  -1.6815495e+00  -1.5264198e+00
   4.4482612e-01  -4.6407271e-01  -4.3566010e-01  -5.2177274e-01  -8.6816479e-01  -1.3351930e+00  -2.0366996e+00  -2.4733321e+00  -2.3346430e+00  -2.2074894e+00  -1.8210431e+00  -2.0999282e+00  -2.1469233e+00  -2.1495036e+00  -1.9090342e+00  -1.6901145e+00
   3.6947188e-01  -5.4577879e-01  -9.5932386e-01  -7.5076066e-01  -6.8717989e-01  -1.4211553e+00  -2.1966755e+00  -1.9224275e+00  -2.4254974e+00  -2.7372296e+00  -2.0929491e+00  -2.0051485e+00  -2.3401976e+00  -2.0067264e+00  -2.1125179e+00  -1.8780694e+00
   2.1952053e-01  -5.2991852e-01  -8.5453698e-01  -4.0600775e-01  -6.3464626e-01  -8.0405294e-01  -2.0513357e+00  -2.3355057e+00  -2.2794065e+00  -2.3112222e+00  -1.7485184e+00  -1.9731740e+00  -2.3317899e+00  -2.1303217e+00  -2.0530649e+00  -1.6741202e+00
  -3.4822940e-01  -3.7349436e-01  -9.6004052e-01  -6.7091479e-01  -2.8655794e-01  -7.8373954e-01  -2.1068398e+00  -2.4703691e+00  -2.2055747e+00  -2.4167650e+00  -1.9222423e+00  -2.0161911e+00  -2.1768443e+00  -1.9858746e+00  -1.8994973e+00  -1.6723597e+00
   2.7728230e-01  -8.7066241e-01  -8.7229151e-01  -1.1817008e+00  -9.4157550e-01  -1.1879974e+00  -1.9466797e+00  -2.1731582e+00  -2.4858966e+00  -2.5812940e+00  -2.4250790e+00  -2.0676761e+00  -2.3230491e+00  -2.2029050e+00  -2.0099013e+00  -1.7606597e+00
   3.0732257e-01  -8.3759555e-01  -7.6971364e-01  -3.8213052e-01  -7.2165409e-01  -1.3899698e+00  -2.1314864e+00  -2.3219678e+00  -2.3685042e+00  -2.6376485e+00  -2.0777629e+00  -2.2855792e+00  -2.2622880e+00  -2.1059404e+00  -1.9186112e+00  -1.4946667e+00
   1.9844181e-01  -5.6349538e-01  -5.9372968e-01  -5.6253032e-01  -4.4512372e-01  -1.3758197e+00  -1.8370276e+00  -2.3711511e+00  -2.2313895e+00  -2.2317718e+00  -2.0501870e+00  -2.1585187e+00  -2.2232906e+00  -2.1352524e+00  -1.9660870e+00  -1.7153097e+00
  -2.4591265e-01  -1.4361700e+00  -8.8812265e-01  -5.6100036e-01  -4.5234436e-01  -1.9675894e+00  -2.2689696e+00  -2.0745266e+00  -2.3862478e+00  -2.3365417e+00  -2.3258897e+00  -2.4124431e+00  -2.2867839e+00  -1.9488563e+00  -1.8748036e+00  -1.8123686e+00
   4.1972969e-01  -2.5073767e-01  -7.1541371e-01  -8.4859946e-01  -8.5369336e-01  -1.6306264e+00  -2.6581895e+00  -2.5800309e+00  -2.4960809e+00  -2.1633270e+00  -2.2989275e+00  -2.0827472e+00  -2.1718360e+00  -2.0777698e+00  -1.9572845e+00  -1.7033364e+00
   3.6961862e-01  -5.4955495e-01  -4.0337746e-01  -7.2803155e-01  -1.1604967e+00  -1.2900031e+00  -2.4028156e+00  -2.0654733e+00  -2.2024251e+00  -2.0433315e+00  -2.1641267e+00  -2.1280722e+00  -2.0684057e+00  -1.8855103e+00  -1.8694703e+00  -1.7152053e+00
  -4.3069750e-02  -8.1491858e-02  -7.2048744e-01  -5.7862408e-01  -6.2528692e-01  -1.0008348e+00  -1.9610810e+00  -2.1230454e+00  -2.1564852e+00  -2.2970133e+00  -2.5224250e+00  -2.3381494e+00  -2.2904534e+00  -2.2130689e+00  -1.9446696e+00  -1.7156364e+00
   3.3047792e-01  -1.0227112e+00  -5.0469017e-01  -4.8816215e-01  -7.7309041e-01  -1.5445270e+00  -1.9635007e+00  -1.9718476e+00  -2.1124697e+00  -2.0993563e+00  -2.1691350e+00  -2.1179718e+00  -2.2469616e+00  -2.1171793e+00  -2.1493336e+00  -1.7711085e+00
   3.9232579e-01  -5.2761019e-01  -8.0596031e-01  -8.0311891e-01  -1.0901005e+00  -1.3448018e+00  -1.8791176e+00  -2.3809413e+00  -2.4875326e+00  -2.5746719e+00  -2.0701920e+00  -2.1545175e+00  -2.0229651e+00  -1.9819822e+00  -1.9927385e+00  -1.6975557e+00
   4.5094364e-01  -3.3480998e-01  -3.6040211e-01  -9.5937275e-01  -8.9455080e-01  -1.2187727e+00  -1.9666954e+00  -2.2796773e+00  -2.4771757e+00  -2.6086471e+00  -2.0497886e+00  -2.1181085e+00  -2.5071642e+00  -1.9686173e+00  -1.8062835e+00  -1.8445418e+00
