   2.1747309e+00   1.5595444e+00   1.1985722e+00   1.0143453e+00   4.9098822e-01   5.5604707e-01   1.7755536e-01  -6.6988665e-02  -1.7788591e-01  -3.1785274e-01   1.4458994e-01   1.9527561e-01  -3.5978336e-01  -8.5688774e-01  -1.0438153e+00  -1.0400058e+00
   1.8460998e+00   1.3312205e+00   1.0183192e+00   5.3605271e-01   2.7136221e-01   3.2845182e-01   3.1744854e-01  -3.3443312e-02  -1.0311504e-01  -4.2941867e-01  -1.2115453e-01   2.9266532e-01  -1.9755872e-01  -7.8245315e-01  -1.2343899e+00  -1.0386628e+00
   2.3717171e+00   1.4308326e+00   1.1172686e+00   7.9495888e-01   5.3801307e-01   5.9396837e-01  -5.0378516e-02  -1.7245918e-01  -3.0303977e-02  -2.5789223e-01  -2.3963601e-02  -6.2163879e-02  -4.3912922e-01  -7.1808055e-01  -9.3755509e-01  -1.5146292e+00
   2.7595809e+00   1.6204329e+00   1.0559130e+00   1.1000241e+00   6.9849468e-01   7.2831553e-01   3.1681136e-01   1.1924463e-01   2.7077653e-01  -1.3427790e-02   3.8077626e-01   1.1926780e-01  -3.8218447e-01  -1.0226670e+00  -1.0441569e+00  -1.2806423e+00
   2.8587968e+00   2.1724653e+00   1.3346932e+00   8.0485512e-01   8.6048820e-01   5.6879176e-01   3.5507009e-01   4.1407326e-02  -2.7702129e-01  -3.9223864e-01   7.5882296e-02   1.7626337e-01  -3.2817535e-01  -9.2832190e-01  -8.6674492e-01  -1.2124061e+00
   2.8822409e+00   1.6349586e+00   1.1172522e+00   6.4824200e-01   4.1741278e-01   4.3212954e-01   7.8658717e-02  -4.6965273e-01  -5.5919941e-01  -3.2938126e-01  -8.3015116e-02   9.2952199e-02  -3.2344988e-01  -6.0963518e-01  -7.6048106e-01  -1.0434437e+00
   2.8246070e+00   2.0603662e+00   1.5541308e+00   1.0047227e+00   8.5642854e-01   5.1494602e-01  -1.6131480e-01  -6.0130907e-02  -1.2406679e-01  -7.4648031e-02   1.1154699e-01   2.8242767e-01  -1.2160868e-01  -7.1195103e-01  -8.6807040e-01  -9.8479066e-01
   2.5647002e+00   1.9448429e+00   1.4693957e+00   1.0388483e+00   6.7994583e-01   6.9054514e-01  -5.0862371e-01  -1.7845947e-01  -1.3471978e-01   2.5810386e-02   4.1294046e-01   2.4867481e-01  -2.7485917e-01  -9.5273841e-01  -9.2227170e-01  -1.1126774e+00
   2.3926685e+00   1.6988582e+00   1.1632996e+00   9.9997003e-01   3.3467992e-01   3.8769599e-01   2.2010431e-02  -2.0323485e-01  -1.8381711e-01  -7.9494073e-03   1.4856510e-01   1.4800625e-01  -3.7640966e-01  -8.2101574e-01  -9.4079144e-01  -1.2309517e+00
   2.1315008e+00   1.7445647e+00   1.6482305e+00   8.5884405e-01   3.7205695e-01   3.1273061e-01  -7.3436806e-02  -3.6777818e-01  -2.0218713e-01  -2.9257595e-01   3.3181790e-02   2.4755921e-02  -7.0898177e-01  -1.0862668e+00  -1.2485632e+00  -1.2332897e+00
   2.1109608e+00   1.8110463e+00   1.2619051e+00   9.3339838e-01   4.7791074e-01   3.3737951e-01  -2.5126805e-01  -1.3109277e-01  -3.8427347e-01  -4.7304549e-01   1.2109869e-01   6.5598920e-02  -4.8882163e-01  -8.5096660e-01  -1.1820439e+00  -1.1978094e+00
   2.4880158e+00   1.4183318e+00   1.0760825e+00   6.2535658e-01   5.9166934e-01   7.1041819e-01   4.1679660e-01  -5.9749307e-02   9.1427183e-02  -3.9443729e-01   1.8036309e-01   2.5740694e-01  -4.1317604e-01  -9.8535865e-01  -1.0627197e+00  -1.0951595e+00
   3.0107491e+00   1.4169176e+00   8.7604884e-01   1.1667746e+00   6.9149196e-01   2.0634051e-01   3.3570043e-01   3.5104067e-01   7.0838165e-02  -9.9796902e-02   1.2327347e-03  -1.5714880e-01  -5.7144854e-01  -7.8894568e-01  -1.1272211e+00  -1.4469925e+00
   2.3494122e+00   1.6198850e+00   1.1054269e+00   1.0049953e+00   9.4876462e-01   9.1839912e-01   1.2038204e-01  -2.6018433e-02  -2.0111738e-01  -2.5727288e-01   2.5944594e-01   9.9587661e-02  -4.8165117e-01  -9.8962645e-01  -1.0362146e+00  -1.3018229e+00
   2.6319905e+00   1.7990816e+00   1.0596837e+00   1.1135494e+00   9.7208673e-01   6.7977390e-01  -9.1361267e-02  -1.0769712e-01  -6.7190792e-01  -5.4222232e-01   9.8207893e-02  -1.5562948e-01  -7.1695109e-01  -8.9444389e-01  -1.3300180e+00  -1.4096415e+00
   3.0205630e+00   1.7641309e+00   1.1783874e+00   8.8365399e-01   7.1401121e-01   5.8060537e-01   1.9103338e-01   8.0827506e-02  -2.1686807e-01  -4.5961101e-01   4.3966746e-02   1.3798064e-01  -4.3289736e-01  -9.2089081e-01  -9.7042617e-01  -1.1363885e+00
   2.3926791e+00   8.4027559e-01   9.7591285e-01   7.9684466e-01   1.1461650e+00   1.0645322e+00   2.2459402e-02  -1.9897817e-01  -1.2284158e-01   3.3064939e-02   3.2890271e-01   4.2660999e-01  -2.8252366e-01  -9.2720452e-01  -9.8804346e-01  -1.0541439e+00
   2.0428124e+00   1.3286256e+00   1.1690409e+00   9.3675369e-01   1.2002422e+00   1.0224164e+00   6.9851485e-02   2.5318555e-01   1.3376136e-02  -2.0025499e-01   1.9922081e-01  -2.4091361e-02  -3.5038247e-01  -1.2296271e+00  -1.1766435e+00  -1.1893388e+00
   2.2200579e+00   1.7017887e+00   1.3702505e+00   1.0348168e+00   6.0443915e-01   5.3916102e-01   3.7288737e-01   2.3058106e-01  -3.3863470e-01  -4.1629234e-01  -3.0841176e-02   6.1105118e-02  -3.6670954e-01  -8.6903641e-01  -1.1711854e+00  -1.1088071e+00
   1.9653292e+00   1.3826234e+00   1.4592719e+00   1.0204489e+00   1.1712905e+00   7.9935219e-01   3.3773954e-01  -1.5442730e-01  -3.2092610e-01  -1.5310467e-01   2.0697721e-01   1.9782922e-01  -2.6371807e-01  -7.6435216e-01  -8.4027173e-01  -9.8704514e-01
   2.1291128e+00   2.1496419e+00   1.1705227e+00   3.0701657e-01   4.7262983e-01   1.0017287e+00   2.0843073e-01   8.4012197e-03  -3.2712594e-01  -2.3584960e-01   2.7179694e-01   4.7171107e-01  -3.3128685e-01  -8.3762236e-01  -1.1217225e+00  -1.1053470e+00
   1.9882515e+00   1.6597659e+00   1.5027183e+00   7.5954238e-01   4.3252338e-01   6.0889339e-01   2.2857751e-01  -4.3398928e-01  -5.1361050e-01  -1.9527372e-01   6.1657399e-02   2.7596013e-01  -4.4082944e-01  -1.0143439e+00  -8.9972925e-01  -1.1371915e+00
   2.3368834e+00   1.7222038e+00   9.2064901e-01   1.1172068e+00   6.4898993e-01   6.1393818e-01   1.0746100e-01   1.9498621e-02  -3.9029144e-01  -1.8952343e-01   1.6036180e-01   3.3408178e-01  -4.3111852e-01  -7.1285508e-01  -9.7050402e-01  -1.0968493e+00
   2.8972742e+00   2.1440209e+00   1.6210376e+00   1.5056517e+00   6.7013546e-01   8.3293990e-01  -2.1742196e-01   2.8058076e-01   3.4282086e-02  -2.3457473e-01   3.2251815e-01   8.2301488e-02  -2.9706598e-01  -9.9112412e-01  -1.1320537e+00  -1.2583883e+00
   2.4638205e+00   1.7929276e+00   7.0863406e-01   1.1577975e+00   6.2347123e-01   9.2601209e-01  -1.7022867e-02   1.3912153e-01  -1.3338378e-02  -1.8673826e-01  -1.8426862e-01  -1.5232404e-01  -1.3765616e-01  -7.3075493e-01  -1.1727173e+00  -1.1642652e+00
   2.5882658e+00   1.6998424e+00   1.2509438e+00   8.3991591e-01   9.1357254e-02   3.9733060e-01   3.0305381e-01   1.0084703e-01   1.3120692e-01  -3.3893026e-01  -3.9046808e-01  -1.3311093e-01  -4.0353624e-01  -9.2239623e-01  -1.0747202e+00  -1.3339504e+00
   2.6800312e+00   1.7042109e+00   9.9584444e-01   9.4580696e-01   6.3219657e-01   5.4037029e-01   3.1120047e-01   4.1464476e-01  -1.6127426e-01  -1.7507977e-01   1.3349806e-01  -1.8833469e-01  -3.0506271e-01  -8.4545589e-01  -9.6703539e-01  -1.2568194e+00
   2.4904086e+00   1.8008767e+00   9.2866664e-01   2.6326180e-01   7.4682044e-01   9.3737263e-01   2.2731008e-01  -5.0159229e-01  -6.0823453e-02  -2.1800511e-01   3.7780549e-01   2.0801050e-01  -5.9212425e-01  -1.2118227e+00  -1.2038610e+00  -1.2941863e+00
   2.7068818e+00   1.7407189e+00   1.4964439e+00   9.4151559e-01   7.2563307e-01   8.5945515e-01   5.4431826e-01   1.8542842e-02  -2.2925928e-01  -4.5600253e-01   2.1917826e-01   1.1462242e-01  -5.8443202e-01  -1.3077462e+00  -1.3251481e+00  -1.1138199e+00
   2.3227044e+00   1.3057145e+00   1.1802008e+00   8.5839199e-01   6.3277576e-01   3.3259457e-01   5.0051157e-01   7.5337693e-02  -3.2069987e-01  -2.7073783e-01   3.8171648e-01   1.0988851e-02  -5.6911612e-01  -1.0640605e+00  -9.3393264e-01  -1.0647488e+00
   2.1629823e+00   1.2591096e+00   1.1863784e+00   1.3872508e+00   6.9594511e-01   3.7616092e-01   4.7235426e-01  -2.9941080e-01  -7.9005712e-02  -2.3987249e-01   1.2956897e-01   1.6346103e-01  -5.7913469e-01  -8.5481340e-01  -1.0564953e+00  -1.1443964e+00
   2.2740823e+00   2.1716449e+00   1.6037275e+00   1.4653305e+00   1.8094335e+00   1.5260945e+00   9.2658623e-01   1.1300302e+00   7.7808966e-01   1.1249510e+00   8.8791114e-01   1.2873901e+00   8.4357229e-01   1.6275303e-01   2.6072453e-01  -1.4188044e-01
   2.0947710e+00   1.6067345e+00   1.0001088e+00   8.7259893e-01   1.6263431e+00   1.6089941e+00   1.3669774e+00   1.5028294e+00   1.7134980e+00   1.7496939e+00   1.5215672e+00   2.0748695e+00   1.5458057e+00   5.9666538e-01   6.5164307e-01   1.7039948e-01
   2.6039794e+00   1.9670743e+00   1.0394954e+00   8.0854474e-01   2.1904356e+00   2.3311880e+00   2.1353378e+00   1.9703815e+00   2.1237278e+00   2.3289069e+00   1.7250587e+00   2.3372530e+00   1.8834193e+00   8.5107377e-01   1.0223443e+00   7.5157356e-01
   3.1624156e+00   2.3173839e+00   1.4663457e+00   1.5786994e+00   2.2640743e+00   1.9249040e+00   1.9307740e+00   1.8323554e+00   2.0014832e+00   2.4712439e+00   1.7701186e+00   2.3909716e+00   1.8930663e+00   8.1333278e-01   1.0326647e+00   9.7603682e-01
   2.7629039e+00   1.6586118e+00   1.2081514e+00   1.3956089e+00   2.2966516e+00   1.8915442e+00   1.9230788e+00   1.8756091e+00   1.8699426e+00   2.2659042e+00   1.6807785e+00   2.2301802e+00   1.7164262e+00   6.5260984e-01   7.4083255e-01   8.9801415e-01
   2.3227308e+00   1.7332489e+00   1.6853003e+00   1.3615799e+00   2.2918195e+00   1.9770231e+00   2.0557247e+00   1.8272069e+00   1.8677792e+00   1.9615290e+00   1.5233167e+00   2.0007114e+00   1.5476572e+00   4.3684909e-01   8.1352114e-01   1.0375809e+00
   2.7164133e+00   1.7591471e+00   1.2847015e+00   1.2234965e+00   2.0850750e+00   2.0353861e+00   2.2172633e+00   1.9836563e+00   2.1019651e+00   1.8895640e+00   1.5223252e+00   2.1485637e+00   1.7206327e+00   7.7369807e-01   1.1089006e+00   9.9505296e-01
   2.6416478e+00   2.2512138e+00   1.8111227e+00   1.5133751e+00   2.1375531e+00   2.2331982e+00   2.2606657e+00   2.0246296e+00   2.3420082e+00   1.7687584e+00   1.4068095e+00   1.9088476e+00   1.6040089e+00   7.9947285e-01   9.9636389e-01   7.3683392e-01
   2.3263430e+00   1.6534903e+00   1.5849320e+00   1.7964947e+00   2.1542798e+00   2.0930767e+00   2.1479783e+00   2.1767480e+00   2.5740283e+00   1.7003795e+00   1.0434029e+00   1.8422044e+00   1.7657973e+00   9.6889911e-01   1.1969665e+00   7.2610587e-01
   2.6191468e+00   1.9583008e+00   1.6053575e+00   1.5679317e+00   2.1339146e+00   2.2991632e+00   2.2176405e+00   2.3350099e+00   2.6466611e+00   1.2566336e+00   1.0227769e+00   1.8214710e+00   1.8649551e+00   1.1041059e+00   1.2825140e+00   6.9107066e-01
   1.8277578e+00   1.4401972e+00   9.0027461e-01   1.3733998e+00   1.9558739e+00   2.2375346e+00   2.0981660e+00   2.5707609e+00   3.0177999e+00   1.0763561e+00   9.9396638e-01   1.9636367e+00   1.9855253e+00   1.1356228e+00   1.2876119e+00   4.3190003e-01
   1.6766716e+00   1.3965951e+00   1.2240884e+00   1.5118837e+00   2.0407576e+00   2.4378944e+00   1.9690213e+00   2.6247000e+00   3.0984423e+00   7.3916492e-01   9.2915623e-01   1.6193588e+00   1.6190532e+00   1.1123859e+00   1.3438381e+00   2.8776844e-01
   2.7494525e+00   1.9935064e+00   1.4475626e+00   1.4537733e+00   1.9347068e+00   2.3517411e+00   1.9180568e+00   2.7055832e+00   2.8286003e+00   7.8676830e-02   2.9845770e-01   1.2893300e+00   1.5803497e+00   1.0858079e+00   1.2189001e+00   2.7481348e-01
   2.9666778e+00   1.9169191e+00   1.8422759e+00   1.1343576e+00   1.9085323e+00   2.4035565e+00   1.9859356e+00   2.6815162e+00   2.5389289e+00   2.6312372e-01   2.6185242e-01   1.1007192e+00   1.3127071e+00   8.1869858e-01   8.8172790e-01  -3.0364421e-02
   2.6801362e+00   1.5915412e+00   1.6434483e+00   1.3191028e+00   2.0810659e+00   2.3673864e+00   1.9032981e+00   2.6771929e+00   2.2240490e+00   2.6293863e-01   3.2229849e-01   7.1334938e-01   1.2010836e+00   9.1218727e-01   1.0326451e+00  -4.0923084e-04
   2.7632047e+00   1.2970615e+00   1.5320174e+00   1.1123182e+00   1.9842639e+00   2.2505594e+00   1.7560892e+00   2.6674304e+00   1.8502616e+00   1.3410618e-01   6.0562154e-03   5.5793376e-01   6.8356516e-01   2.7924653e-01   1.9337217e-01  -7.0946212e-01
   2.7030025e+00   1.6378290e+00   1.4388671e+00   1.2630699e+00   1.8013554e+00   2.0758210e+00   1.7384896e+00   2.7098370e+00   1.5606284e+00   5.8147878e-02  -3.2116959e-02   2.7343665e-01   3.6808587e-01   1.4193383e-01   2.1176893e-01  -6.9574156e-01
   2.6695183e+00   1.3687895e+00   1.4185284e+00   1.4631773e+00   1.7577959e+00   2.1082972e+00   1.6898870e+00   2.5776200e+00   1.3318311e+00  -2.8088197e-01   2.7274706e-01   1.4763513e-01  -5.8402309e-02  -1.0514438e-01   2.7579037e-01  -6.7707570e-01
   2.2837270e+00   7.4679940e-01   9.3339251e-01   1.0114452e+00   1.7945518e+00   2.0618440e+00   1.7164851e+00   2.1647305e+00   1.0143129e+00  -1.6280009e-01  -2.0259934e-02   4.2660161e-02   1.0714224e-01  -1.8085635e-01   1.0569474e-03  -6.1231961e-01
   2.7032867e+00   1.2277378e+00   1.0857562e+00   1.4046142e+00   1.8996442e+00   2.0202700e+00   1.6167334e+00   1.8705856e+00   8.7559981e-01  -3.7581004e-01  -2.3446447e-01   3.9564978e-03  -2.9634158e-01  -4.5075883e-01  -9.8883510e-02  -6.1632514e-01
   2.5386004e+00   1.1871003e+00   8.0365085e-01   1.3814716e+00   1.9294244e+00   1.8760094e+00   1.5778063e+00   1.7248829e+00   5.1987586e-01  -1.9419624e-01   5.6885753e-02   1.6385340e-01  -4.0706756e-01  -4.6822536e-01  -5.6938908e-02  -3.4449602e-01
   1.9883973e+00   1.8676745e+00   7.4551989e-01   1.4059273e+00   1.8312159e+00   1.8181726e+00   1.5298149e+00   1.4632755e+00   4.3959542e-01  -2.0070394e-01   4.4940500e-03   6.6557135e-02  -2.1162310e-01  -3.3375927e-01   1.5589699e-01  -5.4329451e-01
   2.8077537e+00   1.7703038e+00   1.3010774e+00   1.7320316e+00   2.1174334e+00   1.5340008e+00   1.2820072e+00   1.1452791e+00  -1.9226386e-02  -1.1951772e-01  -4.0027450e-01   6.5242763e-02  -4.8089671e-01  -2.3823210e-01  -4.9059487e-02  -7.6980729e-01
   2.3415146e+00   2.0241113e+00   1.1315216e+00   1.6030103e+00   2.2291465e+00   1.2834885e+00   1.2388727e+00   6.6065092e-01  -1.9576775e-01  -2.8524202e-01  -1.7366223e-01   8.7008830e-02  -5.9576514e-01  -3.8217803e-01  -1.0472118e-02  -8.2302939e-01
   2.3606096e+00   1.2110611e+00   9.3345290e-01   1.5076262e+00   1.7755805e+00   1.1112929e+00   1.3066828e+00   1.9980713e-01  -2.5654707e-01  -7.1962814e-01   2.9901326e-02   3.1582954e-02  -5.8952115e-01  -5.8526216e-01  -3.6623209e-02  -8.6052741e-01
   2.1535355e+00   1.9895661e+00   9.3629260e-01   8.1099766e-01   1.6160949e+00   1.0499542e+00   1.2128553e+00  -1.0470915e-04  -2.0500805e-01  -6.0761745e-01  -4.8296465e-02   8.1889365e-02  -3.4636293e-01  -4.4665955e-01  -5.7276843e-03  -9.8361830e-01
   2.6379300e+00   2.5145228e+00   1.4092214e+00   1.1309601e+00   1.5835433e+00   7.8237130e-01   6.2945657e-01  -2.5292127e-01  -1.9646794e-02  -1.7592188e-01   4.2714723e-02  -2.7686498e-01  -7.1447147e-01  -4.2155311e-01  -2.3851280e-01  -1.3148848e+00
   2.3956966e+00   1.6764201e+00   9.1879951e-01   1.2588702e+00   1.3786768e+00   7.9971506e-01   4.7802041e-01  -1.3608516e-01  -1.7347278e-02  -2.5552084e-01   1.3975338e-01  -4.4678208e-02  -7.2758009e-01  -4.0373558e-01  -1.7550196e-01  -1.0293421e+00
   2.8217712e+00   1.6354627e+00   1.4833020e+00   1.4600931e+00   1.0584710e+00   1.1654131e+00   6.9857956e-01   2.3855685e-01  -3.2118038e-01  -5.3231494e-01  -1.8464852e-01   9.7382260e-02  -4.0122609e-01  -4.8469572e-01  -2.9639750e-01  -9.0525361e-01
   2.5562307e+00   1.2712344e+00   1.2455840e+00   1.6244740e+00   9.7390766e-01   1.1072055e+00   5.9192549e-01  -1.8335858e-01  -2.2926624e-01  -5.3547670e-01   1.6290426e-02   9.3924156e-02  -5.9379830e-01  -3.8530608e-01  -5.8435517e-01  -9.1683970e-01
   2.7845513e+00   1.4915023e+00   1.0299728e+00   1.6581129e+00   9.3111929e-01   6.8956978e-01   5.7259293e-02  -8.1574855e-01  -4.6940351e-03  -4.3322008e-01   1.7090481e-01  -6.7248825e-01  -9.4017282e-01  -3.9256108e-01  -4.9370970e-01  -1.3123693e+00
   2.1050123e+00   1.3155652e+00   9.9117153e-01   1.6196519e+00   1.0038414e+00   2.0696512e-01  -3.8841021e-02  -6.2297610e-01  -3.1497749e-01  -5.1334393e-01  -2.9254957e-01  -2.1582427e-01  -5.6062278e-01  -6.4156730e-01  -8.0524027e-01  -1.4625575e+00
   2.0791673e+00   1.5419313e+00   1.3127248e+00   1.8296206e+00   9.1046151e-01   4.4111874e-01  -2.2670581e-01  -8.0404738e-01  -6.0340994e-01  -3.7994294e-01   1.6910006e-01  -1.6423484e-02  -6.5343300e-01  -7.2012940e-01  -6.3259660e-01  -1.2409286e+00
   2.8172003e+00   2.0437994e+00   8.0314176e-01   1.6173231e+00   1.0116374e+00   6.3563659e-01  -1.9523425e-02  -8.4416533e-01  -7.6229327e-01  -4.2074744e-01   3.0320300e-01  -4.3345453e-02  -3.6410867e-01  -9.5576973e-01  -1.0079629e+00  -1.2066301e+00
   2.7203809e+00   1.6631280e+00   1.1271413e+00   1.0344641e+00   8.5131514e-01   9.0587016e-01  -6.9651148e-02  -1.9089189e-01  -5.3229064e-01  -3.7677529e-01   1.0472541e-01  -8.5672169e-02  -5.9725045e-01  -1.3880456e+00  -1.4420440e+00  -1.3620507e+00
   2.4501065e+00   1.6488144e+00   1.1712791e+00   9.4111583e-01   3.4396053e-01   2.3184274e-01   3.2975907e-01  -3.0872382e-01  -6.9047357e-01  -7.7794014e-01  -8.6420700e-02  -2.9399387e-01  -3.5142397e-01  -9.6407998e-01  -1.4002329e+00  -1.3826466e+00
   2.3793468e+00   1.1388808e+00   1.1166796e+00   7.7739299e-01   4.4390296e-01   7.3008828e-01  -7.5623959e-02  -3.8609867e-01  -3.2725659e-01  -1.6407697e-01  -9.8801655e-02  -1.2229280e-01  -5.9002392e-01  -1.2417957e+00  -1.1912247e+00  -1.2967526e+00
   2.7063707e+00   1.6362759e+00   7.8007449e-01   4.6200279e-01   1.8926979e-01   2.6104039e-01   1.8315214e-01  -3.7979053e-01  -2.7972736e-01  -6.1214192e-01  -1.5423894e-01  -7.9648604e-02  -5.5485571e-01  -1.1371285e+00  -1.2993932e+00  -1.2379077e+00
   3.1566869e+00   1.9627415e+00   7.6510700e-01   4.9225904e-01   1.0576198e+00   5.7756174e-01   3.7969405e-02  -5.2792063e-01  -1.3924697e-01  -5.4480113e-01  -2.1938250e-01  -2.0736379e-01  -6.6383029e-01  -1.1899108e+00  -1.2286104e+00  -1.2178964e+00
   2.6800029e+00   1.1834661e+00   1.0808892e+00   7.0788451e-01   1.2180029e+00   5.1571886e-01   3.0661342e-01  -5.3546992e-01  -4.1504651e-01  -4.6768240e-02   3.0788173e-01   1.0454146e-01  -5.5846789e-01  -8.8251046e-01  -1.0352677e+00  -1.2279493e+00
   2.1875564e+00   1.4583083e+00   9.8410300e-01   5.7882797e-01   7.0526184e-01   6.8529364e-01   1.7649075e-01  -3.9320249e-01  -2.5210961e-01  -3.1833617e-01   2.5340184e-01  -2.1782844e-01  -2.0682691e-01  -7.0498037e-01  -1.2649414e+00  -1.3925003e+00
   1.9742744e+00   1.7100467e+00   1.0146612e+00   4.9639749e-01   3.1798242e-01   4.2170449e-01   1.0165956e-02  -8.5896160e-02   1.5122731e-02  -3.0250081e-01   3.8059504e-01   8.4022132e-02  -3.0897769e-01  -1.0190767e+00  -1.2969231e+00  -1.4444520e+00
   2.5212348e+00   1.6187266e+00   8.6044291e-01   7.9840987e-01   5.4858508e-01   5.4143139e-01   1.1958760e-01  -3.5313797e-02  -5.3858109e-02  -2.5600145e-01   5.1512320e-01   3.2113809e-01  -4.4499030e-01  -1.1764543e+00  -1.3288674e+00  -1.3359728e+00
   2.2991534e+00   1.1718940e+00  -1.5173675e-01  -3.9185868e-01   1.1778091e-01   2.1058911e-01  -1.6453800e-01  -5.6984124e-01  -3.9440484e-01  -3.8806922e-01   1.6267269e-02   8.1059374e-02  -3.8352872e-01  -9.2855964e-01  -9.8122816e-01  -9.7289012e-01
   3.0622371e+00   2.1874070e+00   7.3612694e-01   6.6825899e-01   7.4083420e-01   3.7670531e-01  -2.6953500e-01  -5.0151574e-01  -3.0407662e-01  -2.5950670e-01   8.1861168e-02  -3.2623460e-02  -3.8535200e-01  -9.5902422e-01  -1.1122202e+00  -1.2333951e+00
   2.6875035e+00   1.3610667e+00   1.0303133e+00   7.8828802e-01   1.0451219e+00   5.0524836e-01  -3.0783249e-01  -4.6317972e-01  -3.5564406e-01  -5.9015663e-01  -1.0649705e-01  -8.7262879e-03  -5.7577002e-01  -1.2582369e+00  -1.0241134e+00  -1.1832933e+00
   3.0094538e+00   1.9622279e+00   1.5916097e+00   7.5542433e-01   5.3762659e-01   2.9772414e-01  -4.8375905e-01  -6.5705129e-02  -4.2567816e-01  -2.3574686e-01  -9.3461573e-02  -2.2998459e-01  -7.4507196e-01  -9.4077952e-01  -9.1123666e-01  -1.1061019e+00
   3.0345204e+00   1.9236400e+00   1.1335117e+00   5.9017522e-01   2.2263914e-01   3.9145892e-02   2.6107540e-01  -4.0260112e-01  -8.4014354e-01  -5.0383009e-01   1.9421160e-01   1.0669893e-02  -5.9461793e-01  -1.0845052e+00  -1.2734534e+00  -1.4977228e+00
   2.3477517e+00   1.6951179e+00   8.5960604e-01  -4.8458315e-02  -3.1368565e-01   1.8912459e-01  -6.8373124e-02  -5.9180450e-01  -3.6901153e-01  -1.3954404e-01   7.7090162e-02   2.6537717e-01  -3.9000103e-01  -1.1933794e+00  -1.1702196e+00  -1.2047263e+00
