   3.0425738e+00   2.5986003e+00   1.9917154e+00   2.3464230e+00   2.1618361e+00   1.4083635e+00   1.3567261e+00   1.5429203e+00   1.5122816e+00   1.4025066e+00   1.4166400e+00   1.2150873e+00   7.4450022e-01   5.1762208e-01   6.7264453e-01   7.2769875e-01
   2.6747623e+00   2.4157950e+00   2.5767190e+00   2.6670153e+00   2.2048003e+00   2.1289202e+00   1.3278126e+00   1.4231092e+00   1.4388900e+00   1.2962715e+00   1.3879750e+00   1.1480118e+00   6.6356116e-01   4.3628532e-01   6.7810101e-01   7.7485831e-01
   2.6907534e+00   3.6499754e+00   3.4140921e+00   3.1219504e+00   2.0135124e+00   1.8800599e+00   1.3800515e+00   1.9236052e+00   1.5798058e+00   1.5895665e+00   1.7322290e+00   1.2840946e+00   1.0092667e+00   9.2313851e-01   9.0665701e-01   1.1517253e+00
   3.3032547e+00   3.2565344e+00   2.4112582e+00   2.3549032e+00   1.9546106e+00   1.0950484e+00   1.4610934e+00   1.8906129e+00   1.5136942e+00   1.0087775e+00   1.4096615e+00   1.1765469e+00   8.4683096e-01   8.6397250e-01   1.0005615e+00   1.0520180e+00
   2.6352372e+00   2.1357507e+00   1.5728357e+00   1.6939774e+00   1.1751786e+00   1.3989430e+00   1.5967364e+00   1.4518967e+00   1.3881120e+00   9.5910054e-01   1.3983880e+00   1.3296784e+00   6.4863741e-01   7.2409657e-01   1.0916637e+00   8.6139838e-01
   3.0612009e+00   2.2190165e+00   1.9071194e+00   1.2005460e+00   1.1810454e+00   1.5677702e+00   1.3926827e+00   1.7077698e+00   1.8263705e+00   1.6928981e+00   1.2407892e+00   1.2849720e+00   1.0071417e+00   8.6575504e-01   8.1726084e-01   9.2001026e-01
   3.1725648e+00   2.4337772e+00   1.7397539e+00   1.6526573e+00   1.4064633e+00   1.4074416e+00   1.7023615e+00   1.5825083e+00   1.7503888e+00   1.6571025e+00   1.3073197e+00   1.2120265e+00   8.7817823e-01   8.9741322e-01   9.1368946e-01   5.2437544e-01
   3.0634410e+00   2.0643969e+00   2.1731929e+00   1.8313505e+00   1.4054133e+00   1.9640436e+00   1.2810758e+00   1.6687354e+00   1.6454148e+00   1.5117812e+00   1.7620346e+00   1.4151276e+00   9.8931254e-01   8.3074386e-01   9.3302789e-01   7.6674762e-01
   2.5853855e+00   2.7702839e+00   3.6271468e+00   2.9618135e+00   2.2360106e+00   1.7439420e+00   1.6349268e+00   1.3779317e+00   1.1400603e+00   1.4446325e+00   1.7126639e+00   1.3863761e+00   8.8398275e-01   7.5644766e-01   1.0104163e+00   1.0374565e+00
   2.5401796e+00   2.4796288e+00   3.0044409e+00   2.1805823e+00   1.6496231e+00   2.0506109e+00   1.4859684e+00   1.4960294e+00   1.1237562e+00   1.4116015e+00   1.7747590e+00   1.0649895e+00   8.6465106e-01   7.1714573e-01   7.5296605e-01   5.7786897e-01
   3.1891321e+00   2.3913128e+00   1.9279425e+00   2.0344242e+00   1.7539187e+00   1.3028022e+00   1.1652615e+00   1.8895147e+00   1.3649439e+00   1.3380407e+00   1.3150476e+00   1.0071357e+00   6.7774874e-01   6.6477926e-01   9.0981138e-01   6.1013313e-01
   3.0997083e+00   2.7119468e+00   1.8591425e+00   2.2647126e+00   1.5415896e+00   2.0757749e+00   1.5279984e+00   1.1602086e+00   1.4963576e+00   1.5910528e+00   1.5419180e+00   1.2446956e+00   9.1959101e-01   7.2366751e-01   9.4399782e-01   8.7114406e-01
   2.4702301e+00   1.5100760e+00   1.3538070e+00   1.8040486e+00   1.3480704e+00   1.7625749e+00   1.6786075e+00   1.6194295e+00   1.5222874e+00   1.1438529e+00   1.6453730e+00   1.3139668e+00   1.0907237e+00   7.1612560e-01   1.0904559e+00   7.9344962e-01
   2.1976986e+00   1.8287943e+00   1.7216058e+00   1.5542808e+00   1.6840532e+00   1.8901246e+00   1.7615544e+00   1.3207914e+00   1.5431789e+00   1.3644344e+00   1.1294665e+00   1.1638508e+00   1.0762119e+00   8.8138235e-01   8.6891078e-01   8.9268560e-01
   2.9773959e+00   2.5792861e+00   2.0327237e+00   1.9427568e+00   2.0039518e+00   1.8882167e+00   2.0789000e+00   1.1136597e+00   1.1304100e+00   1.6704858e+00   1.6937189e+00   1.4492546e+00   9.1181400e-01   8.3492134e-01   1.1673962e+00   1.1117685e+00
   3.1769100e+00   2.6120209e+00   2.1853369e+00   2.1179829e+00   1.6086578e+00   1.7344677e+00   1.7538417e+00   1.6410074e+00   1.2400520e+00   1.5032267e+00   1.6021794e+00   1.5966511e+00   9.6707202e-01   6.5120906e-01   1.1112592e+00   1.1867481e+00
   3.3200132e+00   2.8692845e+00   1.8763144e+00   1.6409545e+00   1.4478591e+00   1.2937620e+00   1.6741083e+00   1.8235658e+00   1.3064698e+00   1.5139999e+00   1.6108098e+00   1.3273940e+00   1.2580064e+00   7.1243543e-01   9.7412386e-01   1.1303656e+00
   2.9155791e+00   2.7351753e+00   1.9065861e+00   2.0020741e+00   2.3144303e+00   1.2597789e+00   1.7172073e+00   1.7831535e+00   1.7303616e+00   1.3823054e+00   1.1895478e+00   1.0395820e+00   1.1064052e+00   8.2893415e-01   1.0825344e+00   1.2811383e+00
   2.6098203e+00   2.7065662e+00   2.6447792e+00   2.6034511e+00   2.1141113e+00   1.8507551e+00   1.7129686e+00   1.4100598e+00   1.5113051e+00   1.1684471e+00   1.1294821e+00   1.2224654e+00   1.0261473e+00   1.0132824e+00   1.1444745e+00   1.1316544e+00
   3.1614469e+00   2.6816965e+00   2.4214515e+00   2.4572160e+00   1.8228116e+00   1.5166113e+00   1.7129304e+00   1.3114503e+00   9.3150574e-01   1.2618619e+00   1.2173632e+00   1.3729758e+00   8.5331693e-01   8.8342136e-01   1.2341310e+00   1.3285897e+00
   2.6758925e+00   2.6552652e+00   2.6221765e+00   2.4669201e+00   1.4708990e+00   1.1755079e+00   1.5800956e+00   1.6553980e+00   1.3702792e+00   1.2980243e+00   1.5287376e+00   1.4865016e+00   9.7131943e-01   8.9943172e-01   1.0342069e+00   1.2369888e+00
   3.0928301e+00   2.8786231e+00   2.6622090e+00   1.9381933e+00   1.2900954e+00   1.9931332e+00   1.7638216e+00   2.0207708e+00   1.7534785e+00   1.2762966e+00   1.4300288e+00   1.6162970e+00   1.1898598e+00   6.4203803e-01   6.6087703e-01   1.1829766e+00
   3.4138998e+00   2.6369046e+00   2.1829081e+00   2.1975188e+00   1.3836682e+00   1.8585573e+00   1.5029571e+00   1.6691395e+00   1.7072753e+00   1.6787558e+00   1.7370823e+00   1.2884082e+00   1.1562040e+00   1.2459937e+00   1.1748123e+00   1.2038718e+00
   3.2185985e+00   2.5006904e+00   2.3678093e+00   2.1446752e+00   1.4626325e+00   1.8730388e+00   9.9321803e-01   1.1915082e+00   1.6468777e+00   1.5188657e+00   1.5965647e+00   1.2025105e+00   8.9490607e-01   8.9719729e-01   1.0451073e+00   1.1216084e+00
   2.7366778e+00   1.7934245e+00   1.4078966e+00   1.7108102e+00   1.5633014e+00   1.4907646e+00   1.4020648e+00   1.9988356e+00   1.5228850e+00   1.4770916e+00   1.6071584e+00   1.4093086e+00   1.0107422e+00   9.4378572e-01   1.0937537e+00   1.0789183e+00
   2.9080647e+00   2.4646281e+00   2.1863286e+00   2.3892964e+00   1.6235477e+00   1.8206975e+00   1.7321390e+00   1.6142022e+00   1.3384687e+00   1.5556908e+00   1.8587660e+00   1.5999570e+00   1.1548078e+00   7.3816584e-01   1.1784453e+00   1.0254861e+00
   1.9035618e+00   2.5378907e+00   2.0971904e+00   2.0453462e+00   1.6997675e+00   1.6132009e+00   1.6076751e+00   1.6638278e+00   1.2454987e+00   1.5752011e+00   1.7581564e+00   1.2390916e+00   8.1715550e-01   9.0768763e-01   1.2903302e+00   1.2505790e+00
   2.3605867e+00   2.1522261e+00   2.5827862e+00   2.6404034e+00   1.8751474e+00   1.5662000e+00   1.1576981e+00   1.5296408e+00   1.3258619e+00   1.4846377e+00   1.5800207e+00   1.2380092e+00   1.1757331e+00   1.0131481e+00   1.1823456e+00   1.0851039e+00
   1.8972727e+00   2.5548403e+00   3.0810831e+00   2.8737550e+00   2.1490607e+00   1.1337289e+00   1.3963639e+00   1.4800293e+00   1.2317928e+00   1.4788508e+00   1.2919354e+00   9.1664250e-01   8.7871980e-01   7.6256084e-01   1.0103475e+00   1.1607924e+00
   1.8167707e+00   2.2464158e+00   2.1268447e+00   2.3036113e+00   1.4306036e+00   1.0044972e+00   8.8726501e-01   9.6994109e-01   1.1960416e+00   1.3311785e+00   1.0547015e+00   9.6940613e-01   6.8714627e-01   7.7493447e-01   1.0514899e+00   1.1809097e+00
   3.1724989e+00   2.8840637e+00   3.0277222e+00   2.8467994e+00   2.9220065e+00   2.2200509e+00   2.2799107e+00   2.1197664e+00   1.9758787e+00   1.5033439e+00   1.3283879e+00   9.9395646e-01   9.9498200e-01   7.3259889e-01   1.1838702e+00   1.3569281e+00
   3.3387360e+00   3.3538324e+00   3.2999183e+00   3.1475221e+00   2.7432695e+00   2.8629791e+00   2.9212338e+00   2.1853941e+00   2.5985516e+00   2.3876681e+00   2.5364434e+00   2.2571558e+00   1.3640070e+00   1.1865690e+00   1.1593848e+00   1.5650062e+00
   2.8928525e+00   2.9571119e+00   2.5650408e+00   2.2521281e+00   2.3729024e+00   2.2343751e+00   2.0135492e+00   1.5536781e+00   1.6060009e+00   1.5481475e+00   1.8722182e+00   1.6547447e+00   8.5988802e-01   9.2855129e-01   1.2787692e+00   1.4811936e+00
   2.7950113e+00   2.8145963e+00   2.2433302e+00   2.1451289e+00   2.1724049e+00   1.9845766e+00   1.4966321e+00   1.6560644e+00   1.4709450e+00   1.5376060e+00   1.9661852e+00   1.7058642e+00   1.3377162e+00   8.6073984e-01   1.4480084e+00   1.3929638e+00
   3.2043403e+00   3.1706523e+00   3.0325900e+00   3.0087038e+00   2.4792593e+00   1.9883008e+00   1.8546119e+00   1.8196365e+00   1.6727361e+00   1.4721492e+00   1.8858834e+00   1.8709290e+00   1.7631301e+00   1.2404272e+00   1.7929865e+00   1.4606064e+00
   3.0258239e+00   2.9725271e+00   3.1616524e+00   3.1235540e+00   2.9032517e+00   2.6265972e+00   1.9002538e+00   1.7140245e+00   1.4745243e+00   1.1969843e+00   1.8251122e+00   2.3166206e+00   2.0166655e+00   1.4708410e+00   1.9127108e+00   1.1208328e+00
   3.1960948e+00   3.4642822e+00   3.1687305e+00   3.5124026e+00   2.8119010e+00   2.4900974e+00   2.0898477e+00   1.5991481e+00   1.5739217e+00   1.6350030e+00   1.8267974e+00   2.4724802e+00   2.1265035e+00   1.7426723e+00   2.1672937e+00   1.2317459e+00
   2.9775290e+00   2.9888332e+00   3.4956300e+00   2.8045307e+00   2.6659779e+00   2.4678010e+00   2.0038700e+00   1.5976746e+00   1.6032286e+00   9.5646450e-01   1.5992618e+00   2.4424305e+00   2.0962422e+00   1.8350207e+00   2.0956808e+00   1.1565079e+00
   2.0866737e+00   2.3949573e+00   2.2780517e+00   2.4955430e+00   1.7640132e+00   1.6198719e+00   1.3877513e+00   1.8334754e+00   1.4465537e+00   1.3421734e+00   1.5128699e+00   2.6937036e+00   2.3880994e+00   1.8645249e+00   2.0440962e+00   1.1603796e+00
   3.0780242e+00   2.4488261e+00   2.1978618e+00   2.7842806e+00   1.9371173e+00   1.2805179e+00   1.4029151e+00   1.6520524e+00   1.5818570e+00   1.1031976e+00   1.5655050e+00   2.4618010e+00   2.3890826e+00   1.9846170e+00   2.3988671e+00   1.4240129e+00
   3.0810936e+00   2.8812515e+00   2.0931479e+00   2.3732141e+00   2.1214126e+00   1.7051534e+00   1.6783427e+00   1.5005687e+00   9.2726990e-01   1.4423403e+00   1.6044603e+00   2.5439922e+00   2.2880928e+00   1.7733583e+00   2.1041076e+00   1.1369514e+00
   2.8047107e+00   2.7988696e+00   2.4411707e+00   2.7835299e+00   1.7896632e+00   1.7678961e+00   1.4198851e+00   1.7377547e+00   1.4166906e+00   1.6598621e+00   1.8724515e+00   2.4689244e+00   2.1892033e+00   1.9166619e+00   1.9619756e+00   1.0927678e+00
   2.8789546e+00   2.3242154e+00   2.2425084e+00   2.4201961e+00   1.8891043e+00   1.9783247e+00   1.3386092e+00   1.4785026e+00   1.5100986e+00   1.3400382e+00   1.4188390e+00   2.3528191e+00   2.2347388e+00   1.6279081e+00   1.7739446e+00   1.1680990e+00
   2.2443850e+00   2.2054836e+00   2.3986711e+00   2.6422134e+00   1.7423162e+00   1.6468843e+00   1.1813023e+00   1.2405827e+00   1.1662848e+00   1.4054804e+00   1.2410052e+00   1.9936768e+00   2.1707617e+00   1.6009640e+00   1.8827756e+00   1.0693955e+00
   3.4575219e+00   2.7111176e+00   1.9756448e+00   1.8796533e+00   8.9539757e-01   1.1740436e+00   1.8361817e+00   1.7698508e+00   1.3593485e+00   1.2320040e+00   1.4873871e+00   1.7610001e+00   1.9778098e+00   1.7391108e+00   2.1275878e+00   1.1511763e+00
   3.0633689e+00   2.0395948e+00   2.0687105e+00   2.5488219e+00   1.0327530e+00   1.1594542e+00   1.4496640e+00   1.4835629e+00   1.3264682e+00   1.6053446e+00   1.6829035e+00   2.0170309e+00   2.0629505e+00   1.8406692e+00   2.1527112e+00   1.2324356e+00
   2.5077842e+00   2.7033702e+00   2.2014894e+00   2.3920999e+00   1.4405762e+00   1.5501676e+00   1.3407506e+00   1.7990410e+00   1.6367337e+00   1.2811240e+00   1.6021109e+00   2.1804073e+00   2.2051429e+00   1.7713201e+00   2.2200893e+00   1.1999278e+00
   3.1614119e+00   2.2909689e+00   2.2028068e+00   2.5782097e+00   1.4105540e+00   1.7531050e+00   1.5449417e+00   1.5745471e+00   1.6005357e+00   1.4928894e+00   2.0338235e+00   2.2772858e+00   2.1434429e+00   1.9271964e+00   2.1269748e+00   1.0432838e+00
   3.3091032e+00   2.3747646e+00   1.8092426e+00   2.3260699e+00   1.8533255e+00   1.4080992e+00   1.8417153e+00   1.7780310e+00   1.2867250e+00   1.3063578e+00   1.6161575e+00   2.0342068e+00   2.1695541e+00   1.9382526e+00   2.2393036e+00   1.3264057e+00
   2.0386080e+00   2.3237184e+00   2.0452068e+00   2.6370270e+00   1.9548839e+00   1.7916243e+00   2.0074908e+00   1.8655900e+00   1.6917515e+00   1.3862252e+00   1.2862279e+00   2.0121488e+00   2.0547001e+00   1.8333480e+00   2.1825874e+00   1.1312209e+00
   2.7200410e+00   2.2507890e+00   2.2845291e+00   2.7953440e+00   1.9640043e+00   1.4078736e+00   1.5396291e+00   1.3346627e+00   1.5132482e+00   1.2520313e+00   1.6884022e+00   2.0463047e+00   2.0150434e+00   1.5279922e+00   1.7754710e+00   9.9079103e-01
   1.9882991e+00   2.8908513e+00   2.6256777e+00   2.8462730e+00   1.4767975e+00   1.2519247e+00   1.5744418e+00   1.2947765e+00   1.2052109e+00   1.4559544e+00   1.3935137e+00   2.0361220e+00   1.9710829e+00   1.7075677e+00   2.0140631e+00   1.1305106e+00
   2.8162077e+00   3.0713705e+00   2.8835276e+00   3.0188638e+00   1.9076280e+00   2.0466009e+00   1.6591565e+00   1.6703574e+00   1.5995505e+00   1.9158379e+00   1.7087224e+00   2.2817451e+00   2.2494699e+00   1.7541614e+00   1.9319581e+00   1.2308868e+00
   2.7467874e+00   1.9977972e+00   2.5759904e+00   2.4858015e+00   1.8792167e+00   1.5871036e+00   1.6305953e+00   1.5051427e+00   1.7465932e+00   1.6435793e+00   1.6138657e+00   2.1485483e+00   2.0898538e+00   1.6397117e+00   1.9508841e+00   9.0176579e-01
   2.3646060e+00   2.2754041e+00   2.2878352e+00   2.0986141e+00   1.7037279e+00   1.2628778e+00   1.4999302e+00   1.5406833e+00   1.6591726e+00   1.6360284e+00   1.4673594e+00   1.9841800e+00   2.0680312e+00   1.5522656e+00   2.0229394e+00   1.0638317e+00
   2.6555799e+00   2.9575836e+00   2.0179251e+00   2.1359172e+00   1.6049776e+00   1.4301172e+00   1.3333312e+00   1.9640427e+00   1.7227254e+00   1.4510671e+00   1.2553714e+00   2.1142513e+00   2.2134890e+00   1.5698586e+00   2.2067781e+00   1.2332920e+00
   3.2518639e+00   2.5245030e+00   2.9557274e+00   2.9892895e+00   1.8812429e+00   1.4471054e+00   1.6642249e+00   1.8361004e+00   1.2955457e+00   1.5724498e+00   1.8620406e+00   2.2578136e+00   2.3970932e+00   1.7159891e+00   2.1601139e+00   1.3959980e+00
   2.8104487e+00   2.5383908e+00   2.7817338e+00   2.6239598e+00   2.0403976e+00   1.6035311e+00   2.0766641e+00   1.6928878e+00   1.4116205e+00   1.2825691e+00   1.6541015e+00   2.3559586e+00   2.4143623e+00   1.7853201e+00   2.0811319e+00   1.3182013e+00
   2.4078603e+00   2.4916458e+00   1.7186542e+00   2.5802867e+00   1.8912605e+00   1.9525428e+00   1.7228332e+00   1.6809504e+00   1.3665823e+00   1.2089806e+00   1.6173207e+00   2.5571362e+00   2.4082820e+00   1.8130811e+00   2.4371449e+00   1.4914703e+00
   2.5987032e+00   1.6044491e+00   1.4512249e+00   2.3443935e+00   1.6829066e+00   1.8661980e+00   1.5360330e+00   1.6819755e+00   1.7666578e+00   1.5940413e+00   1.5879220e+00   2.4609045e+00   2.1868487e+00   1.3755110e+00   1.8822391e+00   1.0269290e+00
   2.5797620e+00   1.9938942e+00   1.8964582e+00   2.2717974e+00   1.3396378e+00   1.2211136e+00   1.3222243e+00   1.8122476e+00   1.6280179e+00   1.5817174e+00   1.3496057e+00   1.9501725e+00   1.3288452e+00   1.2085623e+00   1.2725144e+00   7.7881046e-01
   2.7394964e+00   2.4973608e+00   2.4162794e+00   2.4895524e+00   1.9406873e+00   1.7597559e+00   1.3564795e+00   2.0970050e+00   1.5936177e+00   1.4060983e+00   1.6445376e+00   1.4629498e+00   9.9321001e-01   1.0158626e+00   1.1359995e+00   8.7497073e-01
   2.2812913e+00   2.4640365e+00   1.8106185e+00   2.2454396e+00   2.0477362e+00   1.9928760e+00   1.1828571e+00   1.1832701e+00   1.4710181e+00   1.7424242e+00   1.2583936e+00   1.2352887e+00   1.3328439e+00   1.0990108e+00   1.3415890e+00   8.6414249e-01
   2.5860990e+00   1.7424085e+00   1.4360560e+00   2.7027281e+00   2.0175422e+00   1.3406368e+00   1.5170301e+00   1.2838005e+00   1.2858949e+00   1.5896950e+00   1.4802328e+00   1.1813750e+00   1.2611973e+00   8.6173769e-01   1.1937091e+00   8.3508108e-01
   3.0862488e+00   1.8522936e+00   1.5528079e+00   1.8552820e+00   1.5553958e+00   1.2467856e+00   1.4889068e+00   1.6267340e+00   1.6203731e+00   1.7471068e+00   1.7016581e+00   1.4515257e+00   8.2735329e-01   7.5182952e-01   1.3312550e+00   8.0104052e-01
   2.4337841e+00   2.5409582e+00   2.2963861e+00   1.9465331e+00   1.8553530e+00   1.3907124e+00   1.5495753e+00   1.5587861e+00   1.7961957e+00   1.6774964e+00   1.5089378e+00   1.2048217e+00   7.0369658e-01   4.5174543e-01   1.0379138e+00   8.4626501e-01
   2.1763849e+00   2.1941504e+00   2.3174162e+00   2.4454574e+00   2.1509929e+00   1.8307024e+00   1.3918306e+00   1.6787045e+00   1.8394309e+00   1.6104657e+00   1.3624490e+00   8.3304445e-01   8.8357321e-01   1.0413032e+00   1.0977930e+00   6.1859661e-01
   2.8535934e+00   2.6780810e+00   1.9666431e+00   2.0917452e+00   1.6508196e+00   1.6023921e+00   1.3887937e+00   1.8746054e+00   1.7879344e+00   1.4206043e+00   1.6583692e+00   1.2346074e+00   9.3747153e-01   9.2735240e-01   1.2341347e+00   8.4401666e-01
   2.8185911e+00   3.1097562e+00   2.6016752e+00   2.0963634e+00   2.0744459e+00   2.0149424e+00   1.9090034e+00   1.7601328e+00   1.4717434e+00   1.5183443e+00   1.5998210e+00   1.5019628e+00   1.0913904e+00   1.0676786e+00   1.1317106e+00   1.0411852e+00
   2.7298582e+00   2.8259020e+00   2.2625761e+00   1.9515843e+00   1.9193270e+00   1.8349767e+00   1.6749593e+00   2.1350018e+00   1.7419045e+00   1.2701245e+00   1.5409038e+00   1.4531151e+00   1.0610568e+00   1.0898621e+00   1.1133181e+00   1.0934778e+00
   2.7822091e+00   2.9413459e+00   2.2521404e+00   1.7991529e+00   1.5934261e+00   1.4150078e+00   1.6914970e+00   1.6248756e+00   1.6813965e+00   1.1291828e+00   1.5196354e+00   1.3049972e+00   8.7360417e-01   9.3451216e-01   9.5474198e-01   8.2442769e-01
   2.8381318e+00   3.0459934e+00   2.3276038e+00   1.6235741e+00   1.7584719e+00   1.8334313e+00   1.6557701e+00   1.7159305e+00   1.5359251e+00   1.1935562e+00   1.3267527e+00   1.2403600e+00   6.3079995e-01   1.1388453e+00   1.0511793e+00   8.9302747e-01
   2.9791054e+00   2.5100298e+00   1.8475528e+00   2.0920965e+00   1.9205165e+00   2.0233982e+00   1.9291048e+00   1.2475476e+00   1.4029274e+00   1.1867384e+00   1.1638118e+00   1.3513288e+00   1.1562426e+00   9.6518250e-01   1.0561412e+00   8.8132764e-01
   3.3190382e+00   3.0252825e+00   2.0952467e+00   1.9501866e+00   1.6919128e+00   2.0334282e+00   1.7799875e+00   1.4718241e+00   1.4148095e+00   1.6589152e+00   1.3273682e+00   9.5591210e-01   1.1454821e+00   1.0552083e+00   9.2810736e-01   7.1584508e-01
   3.1761575e+00   2.7705454e+00   2.3356051e+00   2.4808556e+00   1.6897938e+00   1.6632175e+00   1.4852929e+00   1.5969929e+00   1.5698041e+00   1.7865463e+00   1.4611718e+00   1.0789738e+00   1.0257871e+00   9.4218088e-01   1.0721990e+00   1.0720606e+00
   2.9481608e+00   2.6103588e+00   3.3782482e+00   2.9045294e+00   1.9869087e+00   2.0523229e+00   1.9371223e+00   1.4602929e+00   1.5586205e+00   1.7032108e+00   1.2619046e+00   1.4604309e+00   1.0038821e+00   8.6068892e-01   8.2030362e-01   7.0573687e-01
   2.9206418e+00   2.4355405e+00   2.7845673e+00   2.3472932e+00   1.5439313e+00   1.7199854e+00   1.8317057e+00   1.8634033e+00   1.6116612e+00   1.5565114e+00   1.5414481e+00   1.3553293e+00   8.8371711e-01   8.5082347e-01   8.7428827e-01   8.8402959e-01
   3.1707917e+00   2.5582419e+00   2.4945224e+00   2.7978196e+00   2.5426496e+00   1.6389148e+00   1.4195987e+00   1.3920185e+00   1.5575499e+00   1.5090769e+00   1.5022287e+00   1.0652808e+00   8.5737656e-01   8.5984863e-01   9.7603553e-01   8.3310888e-01
   3.2993642e+00   2.8336253e+00   2.5416953e+00   2.2388899e+00   1.8718990e+00   1.6149404e+00   1.3253864e+00   1.3457702e+00   1.4416045e+00   1.2450918e+00   1.6179935e+00   1.2258499e+00   8.7280716e-01   9.3258650e-01   9.4007753e-01   1.0042346e+00
