   1.2798578e+00   8.8035104e-01   4.5464406e-01   4.2370049e-01   4.9172152e-01   1.6745013e-01  -5.0802007e-01  -1.3025508e+00  -1.6054759e+00  -1.6397149e+00  -1.3845297e+00  -1.5490825e+00  -1.6850891e+00  -1.9032115e+00  -1.7280069e+00  -1.5536556e+00
   1.7478950e+00   1.4708165e+00   4.6655846e-01   1.6436513e-01   4.3264637e-02  -2.1091402e-01  -6.6428327e-01  -1.1344380e+00  -1.4664003e+00  -1.4401037e+00  -1.6822794e+00  -1.6001107e+00  -2.0164761e+00  -1.9120460e+00  -1.7488063e+00  -1.4607206e+00
   9.9000312e-01   4.2379694e-01   2.1415131e-01   4.5902821e-01  -1.9801361e-01  -4.8233368e-01  -6.8656893e-01  -1.3599090e+00  -1.6457143e+00  -1.7884761e+00  -1.5313510e+00  -9.5752848e-01  -1.3913157e+00  -1.6168208e+00  -1.0667510e+00  -1.2122445e+00
   2.1795263e+00   9.1695166e-01   6.0805904e-01   5.6546614e-01   3.1411348e-01   8.9117333e-02  -4.6202622e-01  -9.0686462e-01  -1.3423363e+00  -1.7360698e+00  -1.3580844e+00  -1.3187633e+00  -1.4038271e+00  -1.5780214e+00  -1.6207763e+00  -1.5193755e+00
   2.1151449e+00   7.0054949e-01   3.1630726e-01   6.9822748e-01   2.8983157e-01  -2.6164910e-01  -6.5726039e-01  -9.4204704e-01  -1.3913250e+00  -1.7787920e+00  -1.5741778e+00  -1.6589263e+00  -1.8448552e+00  -1.9205096e+00  -1.7645743e+00  -1.8496303e+00
   2.0898437e+00   1.1794597e+00   2.9836688e-01   1.0528990e-01   2.8673032e-01   8.4201466e-02  -5.0985703e-01  -9.1073934e-01  -1.3089333e+00  -1.8766640e+00  -1.7238117e+00  -1.5245901e+00  -1.9155372e+00  -1.8864405e+00  -1.7391009e+00  -1.6096463e+00
   1.1414683e+00   8.3930250e-01   5.4395125e-01   3.1043057e-02   1.1549944e-01  -2.6947293e-01  -9.3049081e-01  -1.1792046e+00  -1.5029048e+00  -1.9538522e+00  -1.7123430e+00  -1.5765353e+00  -1.7321964e+00  -1.6676902e+00  -1.7699607e+00  -1.5701474e+00
   1.9541993e+00   7.9936306e-01   2.2528744e-01  -8.8266094e-02  -1.8529165e-01  -6.7510802e-01  -8.0371040e-01  -1.2112895e+00  -1.4042993e+00  -1.8386145e+00  -1.6402052e+00  -1.7368756e+00  -1.6370434e+00  -2.1544688e+00  -1.8400382e+00  -1.5148882e+00
   1.6230538e+00   1.2335596e+00   7.5800566e-01   2.7014682e-01  -3.0087475e-01  -4.2284424e-01  -5.1018767e-01  -1.0054766e+00  -1.4762109e+00  -1.7096694e+00  -1.7231186e+00  -1.7595101e+00  -1.7089532e+00  -2.0954651e+00  -1.9175187e+00  -1.6532201e+00
   2.1562113e+00   1.3076633e+00   7.5605186e-01  -2.8244163e-01  -2.1423105e-01  -6.1919300e-01  -7.8169046e-01  -1.1612443e+00  -1.6161990e+00  -1.8985486e+00  -1.6908535e+00  -1.6957024e+00  -1.6547787e+00  -1.7768076e+00  -1.8523282e+00  -1.6866886e+00
   2.1876653e+00   1.2934071e+00   2.0062293e-01   3.6016563e-01   1.3787171e-01  -1.9075985e-01  -9.1488984e-01  -9.7260539e-01  -1.1499400e+00  -1.7541629e+00  -1.4157798e+00  -1.4766734e+00  -1.4334457e+00  -1.4524973e+00  -1.6305607e+00  -1.6775071e+00
   1.8811398e+00   1.6020712e+00   8.6658153e-01  -1.4803198e-01  -5.8036107e-01  -5.9845737e-01  -1.2452616e+00  -1.2460034e+00  -1.1992262e+00  -1.6077584e+00  -1.6235282e+00  -1.3274311e+00  -1.6879404e+00  -1.9481269e+00  -1.7851244e+00  -1.5474305e+00
   1.9082008e+00   1.3579740e+00   5.3139872e-01  -5.7952560e-02  -4.4749974e-01  -7.3029318e-01  -9.1998350e-01  -1.1616323e+00  -1.2840843e+00  -1.4784220e+00  -1.4940378e+00  -1.4035040e+00  -1.7296498e+00  -1.7901768e+00  -1.6739830e+00  -1.5861093e+00
   1.9438939e+00   1.3090958e+00  -8.3980443e-02   4.4152413e-01   4.4298039e-01  -1.5363579e-01  -9.9287807e-01  -7.8672256e-01  -8.8054238e-01  -1.2570051e+00  -1.6443962e+00  -1.8798434e+00  -2.0539172e+00  -2.0029561e+00  -2.0330701e+00  -1.8224144e+00
   1.8434431e+00   1.2505338e+00   1.2262949e-01  -5.4961972e-03  -2.3496907e-02   2.2780899e-02  -5.8648017e-01  -1.0431736e+00  -1.5556064e+00  -1.3521295e+00  -1.4712448e+00  -2.0980697e+00  -1.7445108e+00  -1.4556426e+00  -1.8139639e+00  -1.7922231e+00
   1.2848133e+00   8.6468811e-01   5.0074080e-01   1.5645790e-01  -7.8029571e-02  -6.1838861e-01  -9.7661076e-01  -8.0129151e-01  -1.2656351e+00  -1.2596986e+00  -1.5177433e+00  -1.7320306e+00  -1.6555697e+00  -1.5229823e+00  -1.8313135e+00  -1.9155163e+00
   1.7924016e+00   3.9588802e-01   3.8091889e-01   5.6888320e-01   2.5215256e-01   9.2077025e-02  -8.1152571e-01  -9.1967440e-01  -1.3241792e+00  -1.5035573e+00  -1.6952619e+00  -1.5852026e+00  -1.6922639e+00  -1.8138466e+00  -1.8078465e+00  -1.8876057e+00
   2.3909408e+00   1.1160726e+00   5.2579791e-01   3.3439549e-01   5.4831752e-01  -4.3573835e-01  -1.0212258e+00  -9.2937893e-01  -1.2427817e+00  -1.6843762e+00  -2.1536638e+00  -1.6653562e+00  -1.6191612e+00  -1.6585933e+00  -1.9629986e+00  -1.6340973e+00
   2.4388533e+00   1.7637063e+00   8.1380922e-01   2.2537852e-01   3.9101196e-01  -3.0144643e-01  -7.7284959e-01  -1.3593170e+00  -1.3025563e+00  -1.4573783e+00  -1.7216765e+00  -1.6954029e+00  -1.8653715e+00  -1.7863790e+00  -1.7961643e+00  -1.6992676e+00
   2.0986091e+00   8.3655862e-01   5.8448625e-01   5.0767844e-01   2.8074609e-01  -3.4538204e-01  -6.6475832e-01  -1.1815700e+00  -1.5325625e+00  -1.5496879e+00  -1.7112377e+00  -1.6430387e+00  -1.9544541e+00  -2.1152056e+00  -1.6311691e+00  -1.7106270e+00
   2.0653051e+00   1.2929484e+00   7.0425062e-01   2.8605009e-01  -1.6727982e-01  -4.7155244e-01  -4.9507797e-01  -1.5110162e+00  -1.5814913e+00  -1.7370634e+00  -1.6176096e+00  -1.7623280e+00  -1.8103858e+00  -1.7072262e+00  -1.7970049e+00  -1.6182293e+00
   2.4220557e+00   1.6703196e+00  -1.9770073e-01  -9.4180207e-02   4.4745220e-02  -5.1432743e-01  -9.5985076e-01  -1.3400682e+00  -1.4370761e+00  -1.6420357e+00  -1.8541398e+00  -1.7408128e+00  -1.7000155e+00  -1.9624286e+00  -1.7071325e+00  -1.6091832e+00
   1.9314182e+00   1.7592821e+00   5.7800907e-01   3.5064958e-01   3.8063377e-01  -3.5557106e-01  -7.2490605e-01  -1.3047142e+00  -1.1759082e+00  -1.4850318e+00  -1.6683027e+00  -1.7611391e+00  -1.8568267e+00  -1.9059909e+00  -1.8120851e+00  -1.5940990e+00
   1.8149318e+00   1.4437247e+00   7.5473312e-01  -4.1704561e-02   9.2226206e-02  -1.6431883e-01  -1.1086959e+00  -1.1456659e+00  -1.3064261e+00  -2.0151763e+00  -1.9594160e+00  -1.6859724e+00  -1.6425952e+00  -1.9147508e+00  -1.8960285e+00  -1.7073020e+00
   1.1629929e+00   9.1842695e-01   4.6516682e-01   2.7849148e-01  -1.5563256e-01  -1.5433118e-01  -1.0498928e+00  -1.2252256e+00  -1.8488059e+00  -1.8687963e+00  -1.4741357e+00  -1.5679629e+00  -1.4748040e+00  -1.8245040e+00  -2.0135252e+00  -1.7454653e+00
   1.8180051e+00   1.6710670e+00   7.8509284e-01   2.6798616e-01   1.6634624e-01  -1.9214873e-01  -9.6557634e-01  -1.5886352e+00  -1.5684328e+00  -1.3994684e+00  -1.6190120e+00  -1.6388335e+00  -1.8133524e+00  -2.1575291e+00  -1.9606947e+00  -1.6171884e+00
   2.2188723e+00   1.9015558e+00   6.0419099e-01   2.8910068e-01  -5.5217319e-01  -1.8565566e-01  -8.5210681e-01  -1.2233753e+00  -1.8387743e+00  -1.8372267e+00  -1.6891488e+00  -1.4601666e+00  -1.8458747e+00  -2.2478334e+00  -1.7559995e+00  -1.7510492e+00
   1.6755050e+00   1.4093496e+00   7.1798385e-01   8.6879814e-02  -1.0502139e+00  -6.4098803e-01  -1.0908485e+00  -1.0198371e+00  -1.4731077e+00  -1.8200102e+00  -1.6867215e+00  -1.6476630e+00  -1.9053833e+00  -2.0391916e+00  -1.5702401e+00  -1.6083331e+00
   1.6963600e+00   1.2668244e+00   4.3801324e-01  -3.4270393e-01  -8.1379458e-01  -2.3671087e-01  -8.9649246e-01  -1.0846885e+00  -1.4867489e+00  -1.8876043e+00  -1.8171431e+00  -1.6192511e+00  -1.6242936e+00  -1.6585825e+00  -1.6160081e+00  -1.6402812e+00
   2.0392996e+00   1.2035920e+00   4.0916108e-01   4.9225556e-02  -3.7907525e-01  -3.6597703e-01  -6.2048123e-01  -1.0549449e+00  -1.1236819e+00  -1.7661840e+00  -1.4509741e+00  -1.7844084e+00  -1.9046713e+00  -1.9476874e+00  -1.6863404e+00  -1.6103996e+00
   2.1426552e+00   1.1566254e+00   4.9324860e-01   4.6571100e-01   3.5465916e-01  -5.6676717e-01  -6.1989494e-01  -2.8706684e-01  -7.3602762e-01  -1.4469245e+00  -3.8303409e-01   2.3433977e-01   2.5013736e-01   4.5516436e-01   4.4829776e-01   2.3652924e-01
   2.1600848e+00   1.1217526e+00   2.1015731e-01   6.2413261e-01   2.7539939e-01  -2.3710271e-01  -4.6505129e-01  -4.6146926e-01  -5.6936753e-01  -1.2615400e+00   2.8924282e-02   1.0389092e-01   3.3559853e-01   7.7355485e-01   1.1999566e+00   1.1121610e+00
   1.6655571e+00   1.2547223e+00   4.0479672e-01   4.4352213e-01   6.9881754e-01  -1.9476734e-01  -8.1406911e-01  -1.1033627e+00  -1.4659922e+00  -1.5202751e+00   1.6577007e-01   3.1367326e-01   2.7830274e-01   1.1132457e+00   1.5882750e+00   1.1207767e+00
   9.4335187e-01   1.4778464e+00   1.0848627e+00   9.6644635e-01   3.1703077e-01  -4.7873139e-01  -8.7670387e-01  -1.0239522e+00  -7.6738289e-01  -1.3136580e+00   8.8235815e-01   1.2300715e+00   1.1594471e+00   6.6696071e-01   1.1252935e+00   4.6937332e-01
   1.0969868e+00   1.5126441e+00   1.0807112e+00   1.1522847e+00   2.6707200e-01   8.6113301e-02  -5.6030075e-01  -1.1951236e+00  -8.7662218e-01  -1.5142961e+00   1.0844520e+00   1.6485047e+00   1.3961536e+00   9.6076529e-01   1.0138725e+00  -5.1490610e-01
   1.8159896e+00   1.5911709e+00   4.3057559e-01   1.0972420e+00   1.6228456e-01  -1.4294637e-01  -6.4664473e-01  -1.0140582e+00  -1.3549234e+00  -1.4413479e+00   7.5052483e-01   1.7304310e+00   1.3230397e+00   1.2167316e+00   1.2076025e+00  -8.7117701e-01
   1.2000874e+00   1.2604126e+00   1.5368578e-01   4.9901966e-01  -1.5861400e-01  -3.0402421e-01  -8.9252461e-01  -9.8161592e-01  -9.7680398e-01  -1.2764735e+00   4.7990607e-01   1.8878043e+00   1.5592851e+00   1.4697740e+00   1.5042199e+00  -5.7001210e-01
   2.1032127e+00   1.8837982e+00   5.8735085e-01   3.9169027e-01   1.5037456e-01  -6.2483837e-02  -6.1645941e-01  -1.0697739e+00  -1.1980270e+00  -1.1536780e+00   2.0414526e-01   1.8518198e+00   1.5544689e+00   1.4152882e+00   1.6244625e+00  -3.4667156e-01
   2.1532997e+00   1.9532123e+00   5.9250425e-01   4.8030761e-01  -1.5723516e-01   8.0539847e-03  -4.0816560e-01  -1.0838662e+00  -8.9212658e-01  -1.3041451e+00   3.3226501e-01   1.9675037e+00   1.8190369e+00   1.4508056e+00   1.7924727e+00  -6.3777044e-02
   2.2072220e+00   1.8760944e+00   7.7497662e-01   6.4623517e-01  -9.4112422e-02   1.6599486e-01  -6.7252359e-01  -1.0582205e+00  -9.9071947e-01  -1.2276282e+00   8.6538868e-02   1.7481015e+00   1.9130435e+00   1.2497656e+00   1.4130292e+00  -1.5400273e-01
   2.6187692e+00   2.1498101e+00   7.7270255e-01   3.9718982e-01   1.3251323e-01  -1.8079030e-01  -6.1645788e-01  -9.9939860e-01  -9.8564143e-01  -1.5422353e+00   9.5810600e-02   1.9596951e+00   1.8935186e+00   1.1245318e+00   1.2489742e+00  -4.1452620e-01
   2.4872484e+00   1.7187981e+00   9.0585232e-01   9.9404764e-02  -4.2854457e-01  -1.5648468e-01  -4.4857366e-01  -6.0930770e-01  -7.6987721e-01  -1.5032549e+00  -6.9056567e-02   1.9605572e+00   1.9444266e+00   1.2223742e+00   1.3501294e+00  -3.5695721e-01
   2.1850739e+00   1.7534379e+00   1.0390839e+00   6.2464854e-01  -1.8841779e-01  -2.9287755e-02  -4.8099593e-01  -9.0729477e-01  -6.2859086e-01  -1.3103430e+00   3.1992806e-02   2.0470852e+00   1.9386066e+00   1.1460955e+00   1.4158840e+00  -2.9733366e-01
   1.9256961e+00   1.7834335e+00   6.6407147e-01   2.1725815e-01   1.2818247e-01   1.9837041e-01  -6.7309842e-01  -1.2692849e+00  -7.6817695e-01  -1.4317371e+00  -4.9640611e-02   2.0628355e+00   1.9339943e+00   1.1353960e+00   1.4521437e+00  -3.5227170e-01
   2.2932293e+00   1.6592001e+00   7.1993530e-01   6.0787615e-01   1.1063953e-01  -5.2519946e-01  -6.2043303e-01  -9.2592881e-01  -1.1341727e+00  -1.0916793e+00   2.1861892e-02   2.1524059e+00   1.9476587e+00   1.1414826e+00   1.4974368e+00  -2.8492892e-01
   2.4335146e+00   1.7542204e+00   9.2979525e-01   7.7265512e-01   3.4350594e-01  -2.4172712e-01  -5.6422663e-01  -1.0362285e+00  -8.5612251e-01  -1.4046524e+00  -4.8088394e-02   2.1562411e+00   1.8958784e+00   1.0875562e+00   1.5086900e+00  -2.7828004e-01
   2.5487349e+00   1.5946670e+00   8.5672149e-01   8.9488141e-01   2.8696974e-01  -3.3678510e-01  -9.5239294e-01  -1.1946607e+00  -1.0727627e+00  -1.3987303e+00  -3.8512242e-02   2.1208999e+00   1.7895735e+00   1.0000119e+00   1.5326240e+00  -1.9378037e-01
   1.6942571e+00   1.3112072e+00   7.7023240e-01   7.0580960e-01  -1.5222541e-01  -2.0061249e-01  -6.6539843e-01  -1.2564114e+00  -1.0704764e+00  -1.5437961e+00  -9.0764039e-02   2.0450910e+00   1.7859859e+00   1.1044701e+00   1.6143828e+00  -1.1806344e-01
   1.6928584e+00   1.4353237e+00   1.0618837e+00   5.6760825e-01  -3.3868085e-01   4.8829199e-03  -4.0032055e-01  -9.8160458e-01  -1.0070369e+00  -1.4165771e+00  -1.3822137e-01   1.9111117e+00   1.7983151e+00   1.1741134e+00   1.5213213e+00  -1.7048989e-01
   1.9476869e+00   1.8367741e+00   9.9417430e-01   7.2406056e-01   2.9394334e-02   3.5462664e-01  -9.0784421e-01  -9.3116435e-01  -7.1364426e-01  -1.2969863e+00  -1.8851380e-01   1.8405341e+00   1.6859177e+00   1.1092530e+00   1.4485236e+00  -2.4353129e-01
   1.6926372e+00   1.2658231e+00   5.9460310e-01   4.1760832e-01   2.1233714e-01   3.7366136e-02  -8.9375147e-01  -1.4691263e+00  -1.2833361e+00  -1.4686102e+00  -2.7613270e-01   1.7517351e+00   1.6357943e+00   1.0065792e+00   1.3619774e+00  -2.5741943e-01
   1.6125588e+00   9.3636060e-01   3.3883818e-01   5.5832284e-01  -3.5389507e-01  -2.2761959e-01  -8.3457270e-01  -1.3931268e+00  -9.9354884e-01  -1.3479644e+00  -2.9242053e-01   1.7861557e+00   1.6769756e+00   9.9521415e-01   1.3511971e+00  -2.5420576e-01
   1.9328798e+00   1.6728259e+00   2.6703009e-01   6.0255835e-01  -2.2108028e-01  -2.6018841e-01  -7.4741606e-01  -1.1452927e+00  -1.0464394e+00  -1.3334719e+00  -4.9938422e-01   1.6072763e+00   1.5717168e+00   8.6774186e-01   1.1499078e+00  -4.1644888e-01
   1.8746193e+00   1.7775671e+00   8.8820546e-01   7.3156085e-01   3.2852315e-01   3.2037684e-02  -9.6108728e-01  -9.4506219e-01  -1.2414861e+00  -1.6334566e+00  -6.4808466e-01   1.4982030e+00   1.4275155e+00   5.7362123e-01   1.0771228e+00  -5.2882011e-01
   1.8137798e+00   1.9099220e+00   1.0661445e+00   5.3618924e-01  -4.4501237e-01  -9.9824360e-02  -7.5126544e-01  -1.2427434e+00  -1.2994935e+00  -1.5762173e+00  -7.8019473e-01   1.3792029e+00   1.3881912e+00   5.1147415e-01   8.1028677e-01  -6.8160239e-01
   1.8056342e+00   1.3446474e+00   9.1314230e-01   1.0695526e+00   2.8281029e-01   2.2674980e-01  -4.4085382e-01  -8.0186192e-01  -1.0038792e+00  -1.5242819e+00  -9.1205026e-01   7.9763045e-01   1.2576936e+00   2.6402238e-01   6.8981819e-01  -6.0542235e-01
   1.8438168e+00   1.6954593e+00   1.1163695e+00   1.4673941e+00   4.7500993e-01   2.2397636e-01  -5.4412576e-01  -7.4409129e-01  -1.4771628e+00  -1.6613343e+00  -1.0620407e+00   8.9757668e-01   1.1016694e+00   2.6144154e-01   9.4365708e-01  -4.2421686e-01
   1.8387351e+00   1.6299186e+00   1.3348066e+00   1.5812063e+00   5.5310754e-01   2.2140011e-02  -7.2809503e-01  -5.7346618e-01  -1.3598301e+00  -1.6885486e+00  -7.9585388e-01   1.2303385e+00   9.2888609e-01   4.8581696e-02   7.2315495e-01  -4.6501688e-01
   1.9778195e+00   1.1081966e+00   1.0544045e+00   1.9784592e+00   4.3123515e-01  -1.8041046e-01  -4.5326821e-01  -1.0900066e+00  -1.4689158e+00  -1.5492385e+00  -9.9677970e-01   1.3059625e+00   1.3269743e+00  -8.9351394e-02   5.0263623e-01  -4.6594837e-01
   1.3022751e+00   1.2195344e+00   1.1480438e+00   2.1783985e+00   8.6351000e-01   3.2780542e-01  -2.1825002e-01  -9.7757737e-01  -1.4980359e+00  -1.9622311e+00  -1.0447491e+00   9.8646800e-01   1.0898728e+00  -6.0363605e-01   3.1303142e-01  -5.3520496e-01
   1.6861155e+00   1.2300705e+00   9.8222172e-01   1.9404515e+00   8.9497250e-01   4.7585985e-01   5.3653211e-02  -9.0864340e-01  -9.3419886e-01  -1.7112461e+00  -1.0230556e+00   8.0921233e-01   3.0161016e-01  -4.6965156e-01   3.2177546e-01  -7.1009260e-01
   1.8008847e+00   4.3294531e-01   3.8854324e-01   1.7411545e+00   1.1234162e+00   9.5415401e-01   3.0025700e-01  -7.6691333e-01  -1.1551756e+00  -1.5429783e+00  -1.3322926e+00   7.6117777e-02   4.9441107e-02  -4.9129358e-01  -2.7031511e-02  -8.5564260e-01
   1.3965173e+00   1.1195964e+00   8.1028213e-01   1.6370418e+00   1.1213152e+00   8.9983007e-01  -4.1966422e-02  -8.7786572e-01  -1.2725710e+00  -1.6842694e+00  -1.5968323e+00  -6.2983527e-01  -2.5124038e-02  -6.6357175e-01  -8.6822831e-01  -1.2425498e+00
   1.4907741e+00   1.3433502e+00   9.0100542e-01   1.4268204e+00   8.7828371e-01   4.1647332e-01   2.7695356e-02  -1.2238032e+00  -1.4333664e+00  -1.8518951e+00  -1.2317995e+00  -6.8585632e-01  -5.0570098e-01  -1.2824385e+00  -1.3471674e+00  -1.5382231e+00
   1.2993324e+00   1.5034357e+00   1.0171905e+00   1.1405811e+00   2.9204137e-01   1.4236231e-01  -3.9765168e-01  -1.0552988e+00  -1.8238848e+00  -1.9825070e+00  -1.3963722e+00  -1.1922385e+00  -1.2852162e+00  -1.7479963e+00  -1.7554361e+00  -1.5847285e+00
   2.2957333e+00   1.1230088e+00   7.7863107e-01   4.4014357e-01   2.2394078e-02  -1.5170811e-01  -6.2149099e-01  -1.2632995e+00  -1.4238092e+00  -1.6534026e+00  -1.2867282e+00  -1.5273601e+00  -1.3392764e+00  -1.5872912e+00  -1.6076027e+00  -1.4689468e+00
   2.6465218e+00   9.9597606e-01   6.0467365e-01   4.3416190e-01   3.4892345e-01   1.2099093e-01  -4.4740286e-01  -1.1338504e+00  -1.5056988e+00  -1.6631017e+00  -1.1687642e+00  -1.4973421e+00  -1.6318481e+00  -2.1102210e+00  -1.8462675e+00  -1.5210822e+00
   2.4645002e+00   4.9182437e-01   9.2910698e-02   6.4737790e-01   1.9593672e-01  -5.2452087e-02  -6.7233100e-01  -1.0464069e+00  -1.2654882e+00  -1.7567180e+00  -1.3533141e+00  -1.4687364e+00  -1.8671003e+00  -1.5649525e+00  -1.8655525e+00  -1.6134276e+00
   2.0286232e+00   7.1710856e-01   3.5441560e-01   3.8449822e-01   1.4279839e-01  -3.8114854e-01  -1.0057893e+00  -1.1199939e+00  -1.1776979e+00  -1.5943238e+00  -1.4905789e+00  -1.4133520e+00  -1.6406145e+00  -1.5436106e+00  -1.7818066e+00  -1.7582530e+00
   2.5195915e+00   1.4812678e+00   3.7216890e-01   2.8075475e-01   1.1118800e-01  -1.4679401e-01  -7.9599627e-01  -1.1291037e+00  -1.2107039e+00  -1.4310638e+00  -1.3304440e+00  -1.6382222e+00  -1.9132203e+00  -1.7655195e+00  -1.7953384e+00  -1.5871571e+00
   2.0874976e+00   8.0630212e-01   2.0847072e-01  -3.0579077e-01  -3.6890027e-01  -2.3652332e-01  -6.1934143e-01  -9.6089064e-01  -1.4238896e+00  -1.7766779e+00  -1.5296472e+00  -1.4859830e+00  -1.7309042e+00  -1.7531000e+00  -1.6536244e+00  -1.5793997e+00
   1.9263187e+00   1.2964160e+00   6.4880146e-01   1.9854124e-01  -6.5419752e-02   9.6608136e-02  -7.0440926e-01  -1.1099393e+00  -1.5427817e+00  -1.8564715e+00  -1.5677061e+00  -1.7373845e+00  -2.0130151e+00  -1.8814613e+00  -1.7712216e+00  -1.7463756e+00
   1.4139332e+00   9.7928620e-01   4.7225025e-01   3.3848475e-01   3.1468130e-01  -8.7804568e-02  -6.1715303e-01  -1.1306948e+00  -1.7754916e+00  -1.5402292e+00  -1.8560400e+00  -1.8677596e+00  -2.1470915e+00  -1.9126823e+00  -1.6537200e+00  -1.5601686e+00
   1.4518633e+00   1.0807711e+00   4.9202889e-01   2.2012791e-01   3.2642952e-01   2.8096279e-01  -8.4820075e-01  -1.5957499e+00  -1.6329180e+00  -1.6999145e+00  -1.5502028e+00  -1.7754417e+00  -1.9331971e+00  -1.8047171e+00  -1.8235176e+00  -1.7466056e+00
   1.5358104e+00   1.0444309e+00   4.2283280e-01   1.5541578e-01   3.6069094e-01  -9.0636400e-02  -7.7373413e-01  -9.2490780e-01  -9.6463100e-01  -1.0103397e+00  -1.4193756e+00  -1.9054089e+00  -1.6156079e+00  -1.4219851e+00  -1.9141129e+00  -1.7950592e+00
   1.8328342e+00   1.2950475e+00   5.4448786e-01   1.4154243e-02  -1.0171970e-01  -6.3821138e-02  -1.0459007e+00  -1.0914680e+00  -9.7490384e-01  -8.2750200e-01  -1.0716014e+00  -1.7449436e+00  -1.6516075e+00  -1.6012528e+00  -1.8677063e+00  -1.5709495e+00
   2.3002748e+00   1.2444154e+00   2.6357178e-01   3.5196050e-01   1.5921908e-01  -1.2699994e-01  -9.1442048e-01  -9.1795747e-01  -1.2703973e+00  -1.4856277e+00  -1.2500596e+00  -1.5810033e+00  -1.5794407e+00  -1.6203529e+00  -1.8359030e+00  -1.7827581e+00
   2.4087721e+00   1.2440588e+00   2.1100820e-01   2.4096937e-01  -1.8334035e-01  -3.1571715e-02  -7.0691439e-01  -1.0379897e+00  -9.9149041e-01  -1.3043886e+00  -9.7654764e-01  -1.2641524e+00  -8.1689976e-01  -6.4909891e-01  -1.0839041e+00  -6.2681257e-01
   2.1829780e+00   6.5555485e-01  -1.2267973e-01  -1.3137817e-01  -7.2288084e-01  -5.9721981e-01  -7.3627486e-01  -1.2149266e+00  -1.4327574e+00  -1.3644050e+00  -1.1816243e+00  -1.6127580e+00  -1.2516894e+00  -1.1517977e+00  -1.2146604e+00  -1.2299643e+00
   1.6452597e+00   6.3469163e-01   2.8736277e-02  -2.9986082e-02  -4.0441508e-01   4.0160098e-03  -6.0677191e-01  -1.0971043e+00  -1.4634852e+00  -1.7268035e+00  -1.6290391e+00  -1.9917390e+00  -2.1202064e+00  -2.0695541e+00  -2.0390253e+00  -1.8925479e+00
