   2.5009642e+00   1.3812357e+00   1.0208697e+00   6.6020195e-01   7.1432627e-01   5.4336110e-01  -2.9803544e-02  -5.7649266e-01  -7.0275086e-01  -3.6152897e-01  -2.1505363e-01  -2.4560931e-01  -5.2702715e-01  -9.6719685e-01  -1.2076781e+00  -1.2408718e+00
   2.7320789e+00   1.7755648e+00   1.4203824e+00   8.6185020e-01   7.4211455e-01   5.2183407e-01  -8.3100762e-01  -6.2553420e-01  -2.1091333e-01  -1.3326013e-01   2.7534904e-01   1.0259216e-01  -4.3301920e-01  -1.0395522e+00  -1.1808037e+00  -1.3459563e+00
   2.6619803e+00   1.4047570e+00   1.1667985e+00   8.8498439e-01   7.3796356e-01   7.2928800e-01  -3.5811400e-01  -6.4843210e-02   4.8073790e-02  -2.3208070e-01  -1.5264475e-01  -2.8450129e-01  -6.7744513e-01  -8.6609161e-01  -9.3584430e-01  -1.2221279e+00
   1.4700785e+00   1.4943436e+00   1.3108024e+00   6.1804600e-01   5.9192948e-01   8.3712867e-01   3.3885152e-01  -1.5537996e-01  -1.6784130e-01  -2.4859322e-01  -1.4579367e-01  -2.8699232e-01  -7.3682651e-01  -8.5902414e-01  -1.0963980e+00  -1.3420217e+00
   1.3605551e+00   1.1865456e+00   6.4233377e-01   4.8452552e-01   4.8936641e-01   6.5679737e-01   3.0513536e-01  -2.7129478e-01  -3.0816502e-01  -1.5668767e-01  -8.7835064e-02  -3.2666446e-01  -4.3403358e-01  -8.0655944e-01  -1.0039387e+00  -1.0357606e+00
   2.3706858e+00   1.6231974e+00   9.4187718e-01   4.9006100e-01   6.5013212e-01   5.5479455e-01  -3.2985128e-01  -4.6708559e-01  -1.3517785e-01  -2.6355724e-01  -2.2733892e-01  -3.8694198e-01  -5.3818142e-01  -1.0456285e+00  -1.0760556e+00  -1.1100146e+00
   2.1371586e+00   1.7548213e+00   9.9622118e-01   6.3303794e-01   8.0111639e-01   1.3599934e-01  -2.5513389e-01  -1.7678284e-01  -5.3457944e-01  -2.9881618e-01   6.9767910e-02  -3.9964672e-01  -8.3480571e-01  -9.8692658e-01  -1.3673666e+00  -1.5081201e+00
   2.6366431e+00   1.7522979e+00   1.4031374e+00   1.3327105e+00   9.1054975e-01   7.3928549e-01   1.1489454e-02  -3.3111200e-01  -4.0538507e-02  -3.7149453e-01   1.9480253e-01  -1.4892919e-02  -7.6627213e-01  -1.0990533e+00  -1.3250080e+00  -1.3650016e+00
   2.3423642e+00   1.7262247e+00   1.4020630e+00   5.3038176e-01   7.3208682e-01   6.1711019e-01  -2.1501062e-01  -3.1544256e-03  -6.9213788e-02  -2.7790690e-01  -4.3108501e-02  -6.3633060e-02  -7.4815684e-01  -1.0865277e+00  -1.3055044e+00  -1.3349067e+00
   1.6826776e+00   1.7611994e+00   1.0371897e+00   1.2408117e+00   5.4134045e-01   6.2159995e-01   3.7995323e-01  -2.1559863e-01  -1.1977404e-01  -1.8593868e-01  -2.1102188e-01  -2.5341717e-02  -6.8556884e-01  -9.4059314e-01  -1.1915445e+00  -1.1720299e+00
   2.0775021e+00   1.7396532e+00   9.3822560e-01   1.2329865e+00   5.6395122e-01   4.1869447e-01   1.6956834e-01   2.7803032e-02  -2.1676114e-01  -1.9963907e-01  -2.4829208e-01  -3.7365729e-01  -6.6996572e-01  -1.0786934e+00  -9.9320074e-01  -1.1635341e+00
   1.9348648e+00   1.3829017e+00   3.8736315e-01   1.0302071e+00   1.0903396e+00   8.4576158e-01  -4.7436584e-04  -1.1227060e-01  -3.1645909e-02  -1.4107331e-01  -2.9186512e-01  -2.7343382e-01  -6.5561969e-01  -9.9527471e-01  -1.3571306e+00  -1.4696439e+00
   5.4651430e-01   1.5840930e+00   1.3994217e+00   1.2380074e+00   7.9656207e-01   5.8723846e-01   5.8993234e-02  -3.3252704e-01   1.6138693e-01  -1.6075541e-01  -3.1636342e-01  -1.1765371e-01  -7.0969342e-01  -1.0515537e+00  -1.0787484e+00  -1.3108207e+00
   2.2069465e+00   1.7480839e+00   1.4986389e+00   5.0964794e-01   7.1934540e-01   5.0200443e-01  -4.3945673e-01  -3.8003443e-01  -1.6229812e-01  -5.9957161e-01  -1.2824843e-01  -6.5972058e-02  -5.2938876e-01  -9.5696594e-01  -1.1591482e+00  -1.2926751e+00
   1.6895423e+00   1.4294544e+00   8.5393822e-01   8.1789224e-01   7.5702743e-01   2.9935386e-01  -1.5561017e-01  -6.3227790e-01  -4.5505315e-01  -3.8683298e-01  -2.3564778e-01  -1.7723874e-01  -6.3187815e-01  -8.2965585e-01  -1.0505719e+00  -1.2945700e+00
   2.0523514e+00   1.8164875e+00   9.8576886e-01   1.1473631e+00   7.0645894e-01   6.4695699e-01   8.4252264e-02  -6.6670552e-01  -4.7218285e-01  -6.1277721e-01  -1.2788687e-01  -2.3339814e-01  -6.9422423e-01  -1.2059892e+00  -1.1276311e+00  -1.1163781e+00
   1.8378169e+00   1.3670988e+00   7.3348788e-01   1.1528362e+00   4.7720270e-01   2.8761143e-01  -2.0997770e-01  -2.9447511e-01  -4.3401094e-01  -5.0566541e-01  -1.8154180e-01  -3.9975612e-01  -5.3971775e-01  -1.0837185e+00  -1.1644270e+00  -1.4551095e+00
   1.8961687e+00   1.4642994e+00   9.8650192e-01   9.5658389e-01   5.0773001e-01   5.4241267e-03  -1.2911633e-01  -1.7453013e-01   3.7444963e-02  -4.3171803e-01  -5.0228168e-01  -2.7904108e-01  -5.1989315e-01  -1.2620100e+00  -1.3461669e+00  -1.3628842e+00
   2.3209660e+00   1.2697929e+00   6.7184820e-01   6.3746118e-01   2.9576336e-01   9.8946131e-02  -1.8707338e-01  -4.4494460e-02  -1.2811878e-01  -4.7107317e-01  -1.4786979e-01  -3.9775056e-01  -9.1823621e-01  -1.1820407e+00  -1.1016840e+00  -1.3738615e+00
   2.1359237e+00   1.5372911e+00   1.0279002e+00   7.6583005e-01   7.3671351e-01   1.6534454e-01  -1.2981123e-01  -4.4516333e-01  -3.4927385e-01  -8.2870325e-01  -8.4461415e-02  -1.4745999e-01  -5.6756862e-01  -9.3392676e-01  -9.0021768e-01  -1.3773706e+00
   1.6638767e+00   1.9741980e+00   1.2291988e+00   6.7383302e-01   1.6202648e-01   4.3316026e-01  -7.7407148e-02  -3.4229042e-01  -1.7900895e-01  -6.1313230e-01  -1.3104026e-01  -2.5009110e-01  -8.2823695e-01  -1.1802815e+00  -1.1926028e+00  -1.2968040e+00
   2.4606421e+00   1.8008256e+00   1.2645888e+00   9.3900764e-01   7.4594252e-01   3.0082127e-01  -6.8883718e-01  -3.7164033e-01  -1.8898768e-01  -7.1547570e-01  -2.9674775e-01  -2.6116448e-01  -7.7047502e-01  -9.6413890e-01  -1.0607824e+00  -1.1142732e+00
   2.5312562e+00   1.6541439e+00   1.1523856e+00   8.8065369e-01   6.3289115e-01   7.6352848e-01  -1.3805042e-01  -1.0323708e-01  -3.1070052e-02  -3.1058828e-01  -5.6602958e-01  -2.7739371e-01  -7.7183086e-01  -1.1061650e+00  -7.1028062e-01  -8.0008367e-01
   2.7170751e+00   1.5135767e+00   9.1659019e-01   6.3640277e-01   3.7692554e-01   6.1711160e-01   5.3595714e-03  -2.2079041e-01  -2.8557482e-01  -3.7705876e-01  -2.9691623e-01  -5.0425877e-01  -1.0060237e+00  -1.1902607e+00  -6.4038548e-01  -1.2019809e-01
   2.2681963e+00   1.7932507e+00   1.1598962e+00   8.8872455e-01   5.0286376e-01  -1.6221477e-01  -1.0787803e-01  -2.0080667e-01  -1.6445956e-01  -3.5087106e-01  -9.3993134e-01  -6.2914884e-01  -7.9606530e-01  -1.0587648e+00  -1.0179994e+00  -4.9409833e-01
   2.0956792e+00   1.7135217e+00   1.3762840e+00   9.7714470e-01   3.9425642e-01   4.3612836e-01  -2.0924522e-01  -2.7628498e-01  -7.4597203e-01  -5.8692095e-01  -4.8810361e-01  -3.8240538e-01  -7.0039937e-01  -1.0608259e+00  -7.8006040e-01  -4.2920521e-01
   1.9676945e+00   1.6569745e+00   5.9291888e-01   7.6758915e-01   4.8040175e-01   5.9052479e-01  -1.8824974e-01  -4.9626024e-01  -7.0299767e-01  -6.9794106e-01  -3.8827477e-01  -3.3812804e-01  -6.9270502e-01  -6.9562422e-01  -5.9884439e-01  -4.2429936e-01
   2.2156201e+00   1.7029562e+00   1.4218085e+00   5.5914001e-01   5.5739621e-01   2.2281348e-01  -3.5335980e-01  -2.7875551e-01  -2.3120292e-01  -5.9300909e-01  -4.0855336e-01  -4.3723086e-01  -6.8221304e-01  -7.1095098e-01  -2.8614289e-01  -1.2814988e-01
   1.9182742e+00   1.4373329e+00   1.1839602e+00   2.7024154e-01   4.9042966e-01   3.4770369e-01  -1.4013915e-01  -4.3902208e-01  -4.3045528e-01  -2.1497119e-01  -4.9522315e-01  -2.4128693e-01  -6.9001267e-01  -6.5034386e-01  -4.0397350e-01  -2.2401116e-01
   1.7556337e+00   1.2224169e+00   1.2752151e+00   8.1604753e-01   6.2295478e-01   7.3736930e-01   5.4007559e-02  -2.0978434e-01  -3.1435579e-01  -3.0815881e-01  -2.2687635e-01  -9.0516402e-03  -6.7754913e-01  -6.8150490e-01  -3.6293715e-01   4.5958062e-02
   2.7008433e+00   1.7319967e+00   8.9579257e-01   7.4642776e-01   2.8310112e-01   4.9042997e-01  -4.0210473e-01  -4.3194397e-01  -6.1105464e-01  -3.6999633e-01  -1.2369085e-01  -2.3931533e-01  -7.7821718e-01  -7.6444798e-01  -2.2165440e-01   1.0209132e-01
   2.6409801e+00   1.5941015e+00   1.0257423e+00   1.0593097e+00   3.6745159e-01   6.1944618e-01  -1.5979310e-01  -1.4518488e-01  -7.4213624e-01  -2.5171222e-01  -1.1787544e-01  -2.9024553e-01  -5.0105683e-01  -9.3317446e-01  -1.5763563e-01   2.8921879e-01
   2.5215259e+00   1.6541412e+00   1.1693697e+00   6.1889842e-01   6.0228451e-01   5.5811468e-01  -2.2574165e-01  -2.1929561e-01  -3.7719027e-01  -5.9064478e-01  -2.6721055e-01  -1.4059822e-01  -5.2073663e-01  -7.5667006e-01   5.6744010e-02   6.8648798e-01
   2.4453319e+00   1.1194596e+00   1.2913975e+00   1.1252158e+00   4.8711355e-01   2.9835309e-01  -5.0968001e-01  -8.3272085e-01  -6.4904110e-01  -1.6871460e-01  -2.3568573e-01  -1.8882612e-02  -3.2618331e-01  -5.7552567e-01   1.2397552e-02   5.0439228e-01
   2.6398077e+00   1.3911137e+00   1.2594061e+00   1.0126705e+00   2.9843670e-01   2.8715513e-01  -1.3576615e-01  -4.8903162e-01  -6.0248339e-01  -3.6205821e-01  -1.8868642e-01  -2.5309710e-01  -6.0282759e-01  -9.7029094e-01  -2.8700943e-01   2.6041844e-01
   2.4093678e+00   1.9358894e+00   1.0977263e+00   1.4698929e+00   1.0191873e+00   2.6010060e-01  -6.5291536e-02   7.9216635e-02  -9.1211429e-02   1.3295218e-01  -2.6791564e-02  -1.3185341e-01  -7.2409453e-01  -7.8480769e-01  -1.1459116e-01  -1.4209926e-02
   2.3374963e+00   2.3026741e+00   1.2882882e+00   1.1928318e+00   7.5980499e-01   4.4447973e-01  -1.1650165e-01   7.0612521e-02  -3.7240051e-02   1.5532762e-02   2.0094671e-01  -1.6852310e-01  -5.7844243e-01  -4.9298187e-01   3.9560578e-02  -6.3573928e-01
   2.4795622e+00   1.7909928e+00   9.2839194e-01   1.5184144e+00   6.9262409e-01   2.9127035e-01  -4.5289627e-01  -1.1811702e-01   1.3462869e-01   3.1466806e-01   8.0457680e-01   4.1627383e-01   1.3343146e-01  -9.7128688e-02   4.4774017e-01  -8.5875324e-01
   2.2121128e+00   1.3782577e+00   1.3588602e+00   1.2787290e+00   7.1773250e-01   9.3991475e-02  -1.7084959e-01  -1.2879892e-01  -2.3572856e-01  -1.2545181e-01   6.1494095e-01   6.3364717e-01   2.9131207e-01   4.1076317e-01   8.8050128e-01  -7.0885946e-01
   2.4176412e+00   1.8310563e+00   1.2642504e+00   1.2088025e+00   1.0263601e+00   7.3634859e-01   2.9879773e-01   4.6797890e-02  -1.2410866e-01  -3.2522777e-02   4.1841339e-01   6.1378857e-01   5.9927024e-01   6.6425459e-01   1.0912211e+00  -5.8020711e-01
   2.4851146e+00   1.9867451e+00   1.1935322e+00   1.0380709e+00   1.0776035e+00   9.0730755e-01  -2.3689411e-02  -1.3732642e-01   1.5757240e-01  -2.3442696e-01   5.2107659e-01   9.7251544e-01   8.3809366e-01   9.1757550e-01   1.2202688e+00  -5.5646206e-01
   2.1995885e+00   2.0646451e+00   1.1475479e+00   1.5459337e+00   7.2538954e-01   1.3235108e-01   4.4744526e-02  -6.4215771e-02  -2.9252751e-01  -4.0695101e-01   3.8090642e-01   1.2865213e+00   9.9107987e-01   1.0617932e+00   1.4533340e+00  -5.0833858e-01
   1.9402969e+00   1.1786545e+00   5.7278859e-01   1.3910000e+00   8.0237183e-01   3.3961424e-01   1.6164111e-01  -8.6025392e-02  -2.1359430e-01  -2.9493953e-01   1.7773293e-01   1.3034811e+00   1.0895292e+00   1.1339183e+00   1.4763863e+00  -4.6134874e-01
   1.5144108e+00   1.5515052e+00   1.3155306e+00   1.3217632e+00   7.3645382e-01   5.0771243e-01  -2.6309798e-02  -2.0871008e-01  -2.8554606e-01  -1.3513599e-01   9.1358218e-02   1.3363446e+00   9.0354344e-01   1.0262724e+00   1.4856614e+00  -5.9152606e-01
   1.7360119e+00   1.4666206e+00   1.3596603e+00   8.7766753e-01   8.5098768e-02   2.9038142e-01  -1.0244332e-01  -1.7858713e-01  -2.4494919e-02  -9.2794620e-02   8.0890161e-02   1.1063043e+00   5.9135799e-01   9.8534668e-01   1.5028676e+00  -4.6881903e-01
   2.0821327e+00   1.5353705e+00   1.2375296e+00   1.4041931e+00   5.9278352e-01   6.9404787e-02  -3.4097679e-01  -3.6255091e-01  -1.4055414e-01  -1.9209715e-01  -7.2402792e-02   1.0852704e+00   5.8465217e-01   1.0038208e+00   1.4971529e+00  -5.1597164e-01
   2.1844143e+00   1.6867214e+00   1.1026804e+00   1.0936043e+00   8.3664498e-01   4.4330243e-01  -1.2550927e-01  -4.3061001e-03  -1.2301394e-01  -2.0027342e-01  -2.5309189e-01   1.0943364e+00   6.0379656e-01   8.8044915e-01   1.3985380e+00  -5.5304434e-01
   2.6175143e+00   1.8198783e+00   1.3710350e+00   1.0979205e+00   9.4911808e-01   6.8926075e-01   2.5851318e-02  -4.5914406e-02  -3.4323054e-01  -1.5399940e-01   1.7877607e-03   9.8300706e-01   7.8752819e-01   9.9288880e-01   1.3777026e+00  -5.6257165e-01
   2.7872744e+00   1.5671818e+00   1.4266494e+00   9.6784253e-01   7.6654069e-01   3.1812688e-01   5.4322241e-01  -1.7378347e-01  -3.6012438e-01  -3.4416148e-01   2.4792673e-01   8.6587695e-01   8.5764641e-01   9.6276610e-01   1.3170342e+00  -6.2256750e-01
   2.9354241e+00   2.1364965e+00   1.3056854e+00   1.0368677e+00   9.0287955e-01   3.8110360e-01   8.3685014e-02  -2.5916227e-02  -4.8752145e-01  -2.2221204e-01  -1.5924179e-02   6.5513864e-01   8.3639848e-01   8.3020264e-01   1.2120622e+00  -6.4586631e-01
   2.8277815e+00   1.9585259e+00   9.3615364e-01   1.2161992e+00   8.2764263e-01   6.8842999e-01   1.6698242e-02   4.0094433e-02  -3.8139897e-01  -2.8538046e-01  -2.0064575e-01   5.5359101e-01   7.2865299e-01   6.9935596e-01   1.2033287e+00  -7.3608953e-01
   2.8141320e+00   1.9521435e+00   1.5493557e+00   1.4660714e+00   1.1368197e+00   7.7220519e-01   2.0674591e-01  -1.5247980e-01  -3.0516782e-01  -2.7187586e-01  -3.4593364e-01   5.0264135e-01   6.8391983e-01   7.1994237e-01   1.1416272e+00  -5.9471393e-01
   2.5579499e+00   2.1919761e+00   1.5056648e+00   1.2994962e+00   9.9284494e-01   6.5626117e-01  -7.3337964e-02   3.7714642e-02  -2.2566526e-01  -2.3140907e-01   4.3569188e-02   5.2649857e-01   8.3502225e-01   6.3092192e-01   1.0204554e+00  -6.5836905e-01
   9.7314564e-01   1.2878379e+00   1.0681193e+00   1.2360314e+00   1.1472650e+00   6.5854198e-01   1.0857611e-01   1.7288727e-01  -2.3863943e-01  -2.8743331e-01  -6.2710654e-03   5.0398080e-01   7.7794273e-01   6.0352819e-01   1.0829345e+00  -7.9355037e-01
   1.7660235e+00   1.6478695e+00   1.2868183e+00   1.0645866e+00   3.9815792e-01   4.8612879e-01   1.1135855e-01  -5.6429914e-01  -1.9221551e-01  -4.2562594e-01  -3.3297750e-02   6.8897578e-01   7.8767483e-01   5.8873675e-01   1.0905962e+00  -6.4371189e-01
   1.8469970e+00   1.1274551e+00   7.4257735e-01   8.4974843e-01   4.4744511e-01   5.6490338e-01  -1.8489626e-01  -3.5208016e-01  -3.0026420e-01  -7.9781571e-01  -2.8189045e-01   6.6880945e-01   7.4809563e-01   6.0902100e-01   1.2052329e+00  -5.2715629e-01
   2.2049057e+00   1.2139825e+00   8.2727123e-01   9.2277587e-01   3.4262466e-01   4.9269310e-01   1.0295713e-03  -6.2019789e-01  -2.7073600e-01  -5.5109962e-01  -1.5202476e-01   5.0521764e-01   6.1163142e-01   7.2788925e-01   1.3769299e+00  -6.3942468e-01
   2.3108675e+00   1.5533856e+00   1.1400281e+00   1.1907989e+00   4.5774842e-01   1.2103243e-01  -6.9934150e-02  -6.2502816e-01  -2.3002430e-01  -4.1049570e-01  -3.3472487e-01   6.6494248e-01   6.6198739e-01   7.6086043e-01   1.4099180e+00  -7.3255749e-01
   1.5680565e+00   1.6189264e+00   1.5663429e+00   1.1487543e+00   1.0058291e+00   3.0881682e-01  -5.6813574e-03  -4.8759421e-01  -1.5419192e-01  -6.3108215e-01  -4.4277037e-01   7.9132391e-01   4.5825275e-01   6.9096676e-01   1.3734796e+00  -4.5933817e-01
   2.2348571e+00   1.6454074e+00   1.5619112e+00   1.0387741e+00   8.0658650e-01   5.6197456e-01  -5.1994883e-01  -5.7323769e-01  -2.8465605e-01  -8.0945015e-01  -4.6309050e-01   1.0152335e+00   1.2366686e-01   5.2364035e-01   1.3357405e+00  -4.7626981e-01
   2.0235975e+00   1.5698263e+00   1.1002283e+00   9.6099835e-01   5.2256945e-01   7.2187796e-01  -2.7785560e-01  -1.4842261e-01  -4.4749223e-01  -7.9817005e-01  -1.2498034e-01   1.0927632e+00   4.0313899e-01   3.9624981e-01   1.0761057e+00  -4.6272133e-01
   2.2194207e+00   1.1226121e+00   8.0912719e-01   5.8099612e-01   2.2467107e-01  -1.8399492e-01  -1.1383431e-01   1.2960144e-01  -5.2448175e-01  -8.2032348e-01  -2.4427490e-01   7.5237870e-01   4.6342853e-01   3.5788626e-01   7.5801901e-01  -3.7716606e-01
   2.7740028e+00   1.4449079e+00   1.1599280e+00   5.5115101e-01   6.2879373e-01   5.1330477e-01  -1.1575115e-01  -1.0155793e-01  -3.6660886e-01  -7.5293410e-01  -3.0961694e-01   3.7667755e-01  -2.9265471e-04   1.0825091e-01   7.7634227e-01  -5.1544253e-01
   2.3127485e+00   1.8210478e+00   8.6264195e-01   6.4123523e-01   6.8501374e-01   3.0422101e-01   8.4933221e-02  -3.0842005e-01  -3.6521134e-01  -6.2290862e-01  -3.1185677e-01   3.6507527e-01   1.2012574e-01  -2.6655373e-01   2.8028577e-01  -7.4817209e-01
   2.7187084e+00   2.0294086e+00   1.0206812e+00   5.9146649e-01   1.4024949e-01   4.3435950e-03  -2.7363438e-01  -2.5161992e-01  -4.0228711e-01  -7.7678037e-01  -3.1231497e-01   3.8085836e-02  -2.6625244e-02  -4.8638802e-01   5.8691800e-02  -1.0526909e+00
   2.1692162e+00   1.5397190e+00   1.1995875e+00   9.6969852e-01   5.8478814e-01   6.9600667e-01  -4.4485421e-02  -1.4612125e-01  -3.6613671e-01  -3.8236370e-01  -3.2303863e-01   1.1037860e-01   8.7165484e-02  -7.1617541e-01  -5.9646267e-01  -9.3854051e-01
   2.3578112e+00   1.2179141e+00   1.1429794e+00   4.6416806e-01   2.1570726e-01   6.2801454e-01  -3.0295000e-01  -5.0246658e-01  -1.1850447e-01  -3.2556899e-01  -4.2068378e-01  -1.6295809e-01  -1.3083593e-01  -8.7160916e-01  -7.0132407e-01  -1.0548575e+00
   1.9235911e+00   1.0965189e+00   9.1348813e-01   6.7225646e-01   3.7612293e-01   2.5814990e-01   1.0762937e-01  -1.8364007e-01  -6.2460603e-01  -4.5244575e-01  -4.5540142e-01  -2.9408190e-02  -5.3495064e-01  -9.8490013e-01  -4.6755557e-01  -1.0624905e+00
   1.9940025e+00   1.3618933e+00   1.3589916e+00   3.7767480e-01   6.6300754e-01   5.1889603e-01  -3.7069537e-01  -3.1329948e-01  -1.4837447e-01  -5.2790742e-01  -1.2136838e-01   1.6143506e-01  -6.2325838e-01  -7.9429875e-01  -5.8460091e-01  -1.1624616e+00
   1.5099343e+00   1.1461792e+00   1.0589576e+00   1.0358793e+00   8.5805985e-01   3.4290362e-01  -4.7755784e-02  -2.4370891e-01   1.1966457e-01  -1.0608499e-01  -3.9633731e-01   3.3019175e-02  -5.6338043e-01  -1.0530150e+00  -8.0615139e-01  -1.0646432e+00
   2.0967576e+00   1.3429890e+00   1.2712121e+00   1.1559068e+00   7.0384624e-01   6.4024246e-01  -6.6633354e-02  -3.4183654e-01  -1.8316470e-01  -2.5154643e-01  -8.1361427e-01   2.8986277e-02  -3.0668109e-01  -9.0123698e-01  -6.2114987e-01  -1.2124967e+00
   2.0749506e+00   1.3565619e+00   8.3924663e-01   3.0395943e-01   3.7918325e-01   6.6368102e-01   2.6864872e-02  -7.4858525e-01  -6.1599634e-01  -2.9653379e-01  -4.5191503e-01  -3.2790338e-02  -4.8497805e-01  -9.0611790e-01  -9.0617665e-01  -1.2198063e+00
   2.6125131e+00   1.7746262e+00   1.3962095e+00   8.4687455e-01   4.4973754e-01   4.2235301e-01   1.3807552e-02  -4.0817194e-01  -4.0755201e-01  -3.4488243e-01   6.4249817e-02  -2.2480631e-01  -6.3728027e-01  -1.1681481e+00  -1.0673296e+00  -1.2736087e+00
   2.6135828e+00   1.6839662e+00   1.0475793e+00   9.5468581e-01  -2.4154299e-01  -2.8673522e-01  -2.9924128e-01  -2.6899171e-03  -4.0804713e-01  -1.3090014e-01  -2.4564366e-01  -1.4318167e-01  -6.2291745e-01  -9.7112703e-01  -1.2115326e+00  -1.4027005e+00
   2.4063050e+00   1.2283208e+00   1.2074607e+00   7.7905547e-01   3.7001137e-01   5.5136899e-01   7.7209708e-02  -8.1525025e-02  -3.3112928e-01   3.5891819e-02   1.1529169e-02  -1.9931793e-01  -8.6792352e-01  -1.1724979e+00  -1.3530251e+00  -1.3810918e+00
   2.0565371e+00   1.2636692e+00   1.1148956e+00   6.8693042e-01   2.4691612e-01   3.5649935e-01   3.8732370e-01  -3.0239022e-03  -4.8064063e-01  -2.5247825e-01  -1.0682212e-01  -1.2037695e-01  -5.7163177e-01  -1.0123101e+00  -1.5797050e+00  -1.1961089e+00
   2.3000769e+00   1.1605381e+00   1.3048402e+00   1.2254166e-01   4.8718555e-01   6.1380316e-01  -2.5678900e-01  -2.8479969e-01  -2.4861639e-01  -2.5189177e-01  -1.3425420e-01  -2.5787589e-01  -5.8247364e-01  -1.2407024e+00  -1.4770969e+00  -1.3722330e+00
   2.3318413e+00   1.3472506e+00   9.2947437e-01   4.4122484e-01   5.7899663e-01   4.1400942e-01  -1.2933673e-01  -3.7180827e-01   7.8387632e-02  -2.9425880e-01  -3.8465574e-01  -4.4707454e-01  -6.8103927e-01  -1.1698619e+00  -1.2021567e+00  -1.2792225e+00
   1.9687764e+00   1.7115926e+00   7.1763536e-01   1.0103727e-02   6.4462581e-01   2.1137680e-01  -4.7204513e-01  -8.3774320e-01  -6.0865718e-01  -5.2618257e-01  -2.3394539e-01  -8.2658966e-01  -7.0930767e-01  -1.2872088e+00  -1.4264540e+00  -1.4678153e+00
   1.9499943e+00   1.4609684e+00   1.2471220e+00   8.5388520e-01   1.0915040e+00   3.2237293e-01  -3.1590858e-01  -5.2319709e-01  -3.0443490e-01  -2.7426251e-01  -8.2315576e-02  -4.5942323e-01  -9.2352528e-01  -1.2573234e+00  -1.6839973e+00  -1.7067929e+00
   2.0265283e+00   1.2421440e+00   1.0062520e+00   7.6376732e-01   5.8651058e-01   7.0785220e-01  -1.3951813e-01  -6.1438677e-01  -3.8246282e-01  -2.7566115e-01  -1.6128142e-01  -5.6414617e-01  -9.2275940e-01  -1.1365254e+00  -1.5295064e+00  -1.4501633e+00
   2.1045892e+00   1.6323281e+00   9.0101846e-01   1.2191892e+00   6.9136288e-01   2.5199233e-01  -1.2837952e-01  -5.5894565e-01  -5.8939911e-01  -4.4656558e-01  -2.3299560e-01  -6.3020853e-01  -8.3489611e-01  -1.3446052e+00  -1.3392388e+00  -1.5991951e+00
   1.8736545e+00   1.0491070e+00   8.3212111e-01   7.1469500e-01   3.6538003e-01   3.8592730e-01   3.6224174e-02  -2.5809248e-01  -4.4481319e-01  -2.3081710e-01   9.2437419e-02  -6.5137484e-02  -8.4580316e-01  -1.3435915e+00  -1.4538303e+00  -1.5146117e+00
   2.4718464e+00   1.7527275e+00   9.2743427e-01   7.9928503e-01   8.1545029e-01   3.3335495e-01   3.0952640e-01  -8.0655127e-02  -1.8140970e-01  -3.0473122e-01  -5.7667587e-02  -3.0732432e-01  -8.0598706e-01  -1.3925590e+00  -1.5236409e+00  -1.2373352e+00
   2.0401144e+00   1.2136899e+00   9.3602656e-01   1.0853234e+00   9.8143798e-01   6.7253642e-01  -2.9986287e-01  -1.1201717e-01  -2.0423394e-01  -2.3348751e-01  -4.4307848e-01  -3.6919766e-01  -6.2304589e-01  -1.3058789e+00  -1.1479002e+00  -1.4275279e+00
   2.1219066e+00   1.2461622e+00   1.0717344e+00   1.1830911e+00   9.3218325e-01   3.8043791e-01   1.7105896e-01  -1.1986919e-01  -4.5325873e-01  -4.1498522e-01  -6.2440115e-01  -6.4837179e-01  -8.7143144e-01  -1.1369985e+00  -1.3783876e+00  -1.3778639e+00
   2.2171440e+00   7.3462543e-01   1.2008415e+00   5.3632416e-01   3.6708517e-01  -1.6477980e-02   9.9280068e-02  -2.5407209e-01  -2.7350645e-01  -1.4222041e-01  -1.5251032e-01  -4.2212345e-01  -8.5007778e-01  -9.6337601e-01  -1.2716271e+00  -1.3716870e+00
   2.4593707e+00   1.3600951e+00   1.5279084e+00   1.3097069e+00   7.4653383e-01   8.6817509e-02  -1.1485290e-01  -3.0822464e-01  -4.4908111e-01  -4.2369499e-01  -4.7330940e-01  -3.7014620e-01  -8.2544525e-01  -1.3583550e+00  -1.5905938e+00  -1.3774907e+00
