   1.3678764e+00   1.6392113e+00   1.5185407e+00   6.2425236e-01  -7.5897605e-02   4.2785240e-02  -1.0510760e-01   1.0033866e-01   5.6715872e-02  -2.0655556e-01   5.3953053e-02  -1.4273682e-01  -4.2501829e-01  -6.8140479e-01  -1.2293010e+00  -1.1662400e+00
   1.5908368e+00   1.6501933e+00   1.9013710e+00   8.9650485e-01   3.3573227e-01   1.7373533e-01   2.2784451e-01   1.8958437e-03  -2.3770654e-01  -4.9160889e-01   1.1127865e-01  -1.4116873e-01  -3.7016838e-01  -6.5280048e-01  -1.2299412e+00  -1.2189584e+00
   1.7070546e+00   1.6837180e+00   1.4497323e+00   1.3446942e+00   1.0296350e+00   5.9776517e-01  -2.4897139e-01  -2.0660341e-01  -3.9682455e-01  -4.3133441e-01  -2.6723894e-01  -9.5106005e-02  -4.8059163e-01  -7.2335688e-01  -9.2896447e-01  -1.1349720e+00
   2.2832766e+00   1.7536979e+00   1.5494437e+00   1.4011025e+00   9.1609132e-01   4.0047477e-01  -1.8879425e-01  -4.0787518e-01  -3.8379619e-01  -1.8298680e-01   9.1907092e-03   3.1184670e-01  -2.9696637e-01  -8.0194523e-01  -9.8528309e-01  -1.2168456e+00
   2.4519484e+00   1.7956858e+00   1.1067581e+00   7.8492200e-01   1.5142704e-01   5.6877801e-01   2.6481159e-01  -1.4521760e-01   7.1188185e-02  -1.8415919e-01  -1.9516412e-01  -6.2215710e-01  -5.4067445e-01  -7.6368129e-01  -1.1128814e+00  -1.4073047e+00
   2.4453281e+00   2.0941644e+00   1.5196959e+00   8.6035441e-01   9.6070199e-01   8.2525440e-01   1.8494023e-01  -4.1008371e-02  -3.6073320e-01  -1.2554652e-02  -4.3861767e-02  -1.6996113e-01  -4.5444100e-01  -7.1205795e-01  -7.9436908e-01  -1.1482012e+00
   2.4434076e+00   1.9065945e+00   1.2878482e+00   1.0927244e+00   7.8507088e-01   6.3496047e-01   1.9157535e-01  -1.0154308e-01  -5.0432204e-01  -2.6448317e-01  -3.0035147e-02   2.1645047e-02  -4.3364134e-01  -7.7028265e-01  -1.1748628e+00  -1.0793060e+00
   2.4445411e+00   1.6301866e+00   1.0664223e+00   6.0595741e-01   2.0046958e-01   2.9921123e-01  -5.5233836e-02   2.1795889e-01  -3.2772457e-01  -4.7901243e-01  -5.1531351e-01   2.8772132e-02  -2.0951014e-01  -6.7262089e-01  -1.0274087e+00  -1.1058069e+00
   2.2106001e+00   1.5447177e+00   1.1495891e+00   8.5648668e-01   7.4761604e-01   5.6312715e-01  -1.2662796e-01  -4.4970141e-01  -6.0438259e-01  -4.7134530e-01  -1.9534405e-01   4.5904173e-02  -1.2861741e-01  -7.6202012e-01  -1.0475797e+00  -1.1715355e+00
   2.5473899e+00   1.1394745e+00   1.4216268e+00   1.3137048e+00   8.2988588e-01   5.7533484e-01   2.4781015e-01  -2.3716888e-01  -5.2100698e-01  -4.9641463e-01   1.3342937e-02   2.0857712e-02  -2.8036798e-01  -6.6331075e-01  -9.8897463e-01  -1.3516962e+00
   1.9715874e+00   1.4280168e+00   1.6186501e+00   1.3750212e+00   8.9346976e-01   7.1586546e-01   2.5755392e-01   6.0285310e-02  -2.2284387e-01  -3.4063587e-01   8.2817724e-03   4.2309576e-01  -2.1913251e-01  -7.0138961e-01  -7.6435087e-01  -1.1053812e+00
   2.6443876e+00   1.4851602e+00   9.4713452e-01   6.3526594e-01   4.0277881e-01   2.5410269e-01   7.6639862e-02  -1.0978069e-01  -1.5050311e-01  -1.7414605e-01   2.8714286e-01   1.9347067e-01  -3.5674287e-01  -8.9643808e-01  -7.8324425e-01  -9.9379558e-01
   2.2248782e+00   1.5894642e+00   9.8681731e-01   9.4705483e-01   9.6245905e-01   6.1922228e-01  -8.8171819e-02  -4.3616160e-01  -5.2785482e-01  -1.4592750e-01   2.5946326e-01  -5.0253487e-02  -4.5289242e-01  -7.9765350e-01  -9.0672897e-01  -1.0963907e+00
   2.3208808e+00   1.6942826e+00   1.0100479e+00   3.9527790e-01   3.2641657e-01   6.7446075e-01   5.3661453e-01  -5.1631855e-02  -4.0064027e-01  -1.5324352e-01  -1.8448765e-01   1.7111368e-01  -6.8254673e-02  -6.4575974e-01  -8.4692312e-01  -1.1955233e+00
   2.4510804e+00   2.0047883e+00   1.5718374e+00   1.0128938e+00   7.7994902e-01   1.0242500e+00   3.9297143e-01  -7.8020447e-02  -2.2246356e-01  -1.1035253e-01   7.7594755e-02   8.7293863e-02  -1.2051966e-01  -5.2428251e-01  -6.0734964e-01  -1.0106468e+00
   2.5682348e+00   2.1068477e+00   8.1416312e-01   1.5631309e+00   1.1879483e+00   6.0179197e-01   1.4864487e-01  -2.9481550e-01  -2.3982858e-01  -5.5667771e-01  -2.2408831e-01  -4.4516915e-02  -2.1324410e-01  -7.3792534e-01  -1.0126009e+00  -1.2049093e+00
   1.8286875e+00   1.8065648e+00   1.7427581e+00   1.7359431e+00   1.1161379e+00   1.2197238e-01   2.3150597e-01  -1.8481195e-01  -4.7718755e-01  -5.8639670e-01  -2.6978363e-01  -2.2728700e-02  -3.8116377e-01  -7.3649255e-01  -9.8461570e-01  -1.0571274e+00
   2.1329245e+00   1.5686007e+00   1.2229008e+00   8.1845170e-01   5.3174478e-01   1.1938638e-01   2.6805578e-01  -3.0710317e-02  -1.6455878e-01  -4.4429916e-01  -1.4487338e-01  -8.4880334e-02  -4.9248209e-01  -8.3570155e-01  -8.8986556e-01  -1.0022487e+00
   2.3322114e+00   1.9824397e+00   9.6464071e-01   4.8586845e-01   9.7298506e-01   1.1028109e+00   3.9646587e-01  -1.7799712e-01  -1.0701470e-01  -1.3792942e-01   2.7067366e-01   1.5296623e-01  -1.6107944e-01  -5.3969144e-01  -8.8613867e-01  -1.0283624e+00
   2.3014436e+00   2.0787467e+00   1.2460934e+00   9.9686495e-01   1.0232525e+00   6.1096568e-01   3.0643759e-01  -1.0867147e-01  -1.4352128e-01  -3.9552465e-01  -6.4744555e-02   1.6970737e-01   2.9789198e-03  -5.3294959e-01  -6.3368070e-01  -8.4275424e-01
   2.4874895e+00   2.1311507e+00   1.7776425e+00   9.3481463e-01   4.0075866e-01   4.6816087e-01   1.5895596e-01  -1.7025125e-01   1.3517281e-03  -2.3976874e-01  -4.3113558e-01   6.9164292e-02  -3.0622836e-02  -5.7204754e-01  -1.0015214e+00  -1.3532687e+00
   2.5540472e+00   2.0930201e+00   1.5653242e+00   9.1474058e-01   2.6405121e-01   4.2899289e-01   7.6314861e-02   1.5098405e-01   5.9629710e-02  -2.2533478e-02  -4.3679676e-02  -1.8816008e-02  -2.9283785e-01  -5.2755840e-01  -9.3932979e-01  -1.2491462e+00
   2.6347000e+00   2.2862321e+00   1.7673412e+00   9.7535331e-01   7.4661274e-01   5.5754154e-01   3.5666508e-01  -4.8967336e-02  -3.8878013e-01  -3.9496498e-01  -4.9853126e-02   6.7642396e-02  -5.8042970e-01  -1.0229820e+00  -9.8791153e-01  -1.0261215e+00
   2.3524120e+00   2.1947797e+00   1.3160442e+00   6.7008189e-01   4.9535748e-01  -2.0142873e-01  -1.9351862e-01  -1.0705450e-01  -1.5922820e-01  -4.7456109e-01  -2.4272141e-01  -1.5434525e-01  -3.5707871e-01  -8.8946469e-01  -1.0993035e+00  -1.0441792e+00
   2.3187987e+00   2.0794913e+00   1.1370595e+00   8.4702247e-01   8.7418727e-01   6.7589649e-01   4.6972726e-01   1.5640206e-02   1.0954566e-01  -8.7153365e-03  -6.2545691e-03  -5.5284377e-02  -6.6156515e-01  -1.2991246e+00  -9.3410341e-01  -1.0559527e+00
   1.5062356e+00   2.0081428e+00   1.5999074e+00   5.6641189e-01   5.1946539e-01   6.5172572e-01   6.8761482e-01   1.0318833e-01  -8.1391747e-02  -3.5034058e-01  -6.4716358e-02  -8.0027827e-02  -5.6778341e-01  -7.6971765e-01  -8.7637424e-01  -1.0375061e+00
   2.1599335e+00   2.2997772e+00   1.3530881e+00   1.0628906e+00   7.7526435e-01   4.6592374e-01   2.5002216e-01  -1.9199767e-01  -1.2886871e-01  -3.7191739e-01   1.3347197e-01   9.1823678e-02  -3.5615436e-01  -7.5432539e-01  -1.0905175e+00  -1.2514583e+00
   2.0481260e+00   1.8043372e+00   1.2043865e+00   3.3837649e-01   8.9747244e-01   5.5419420e-01   1.5208310e-01  -1.4251307e-01  -2.2026968e-01  -4.3684519e-01   1.4705643e-02  -1.0721706e-01  -6.6737297e-01  -7.3871343e-01  -1.0458862e+00  -9.3752846e-01
   2.1487676e+00   1.8045953e+00   1.1456257e+00   7.9076800e-01   3.3040791e-01   6.2633135e-01   1.9687438e-01  -1.2621120e-01  -2.9405097e-01  -1.7034496e-01  -6.1917645e-02   2.2980568e-02  -6.2529508e-01  -7.5085400e-01  -9.1671550e-01  -1.1050202e+00
   2.1693029e+00   1.3777358e+00   1.2855289e+00   1.2470714e+00   7.2002032e-01   6.4466570e-01  -3.0919830e-01  -3.9098471e-02  -4.4924906e-01  -3.1228915e-01  -3.5762064e-01   6.5417139e-03  -3.5817478e-01  -6.4468002e-01  -7.2664880e-01  -8.4828274e-01
   2.6495826e+00   1.9472180e+00   1.2856411e+00   1.1165979e+00   5.4681483e-01   3.8506715e-01   3.4191359e-02  -3.9800923e-02  -3.7027657e-01   2.8618444e-02   2.9033378e-01   4.1235155e-01  -3.6625095e-01  -3.6456154e-01  -3.6711793e-01  -6.2011095e-01
   2.4536870e+00   2.2700888e+00   1.4996907e+00   9.7874554e-01   6.2187065e-01   7.4664794e-01   4.2183836e-01  -3.6775259e-01  -1.1733595e-01   2.0221758e-01   2.4939293e-01   7.3609620e-01   2.0417210e-01   1.2794428e-01   1.4031573e-01  -4.7236632e-01
   2.1678277e+00   1.9325443e+00   1.6140104e+00   1.1283309e+00   9.0321600e-01   5.9559553e-01   4.9857336e-01   2.8674941e-02  -1.8867888e-01  -5.0350708e-02   5.7177240e-01   1.1376840e+00   2.8244881e-01   5.4758611e-01   1.5997562e-01  -7.1551457e-01
   1.8954528e+00   1.7534586e+00   1.8152727e+00   1.8028000e+00   9.0918937e-01   6.4765892e-01   5.8996911e-01  -1.0121266e-01   1.3564139e-01   2.2372346e-01   7.9651354e-01   1.3742240e+00   6.4334577e-01   8.9999231e-01   7.5553472e-01  -4.8858533e-01
   2.4109471e+00   2.3376055e+00   1.7699882e+00   2.1201902e+00   1.0724328e+00   7.0220240e-01   5.4290283e-01   2.4758522e-02   1.2175519e-01   2.1902743e-01   7.4108882e-01   1.6316583e+00   8.4082864e-01   9.3257156e-01   9.8661404e-01  -4.1944328e-01
   2.4923710e+00   2.1797660e+00   1.6504339e+00   1.8799248e+00   8.3716983e-01   6.1517065e-01   2.4075993e-01  -3.1728477e-01   3.5463058e-01   2.4768263e-01   3.9346888e-01   1.3476873e+00   8.3279308e-01   1.0476075e+00   1.0526973e+00  -3.9477427e-01
   2.0101797e+00   2.3854937e+00   1.7614691e+00   2.0817538e+00   9.4308550e-01   4.6594149e-01   1.7172362e-01  -1.8086810e-01  -5.2703895e-02  -1.3392559e-01   5.2538994e-01   1.3813242e+00   8.8320545e-01   1.0547815e+00   1.0594113e+00  -3.8070116e-01
   1.7747659e+00   1.7439575e+00   1.4835633e+00   1.9964812e+00   7.2991266e-01   2.8900210e-01   4.2034600e-01   1.2754963e-01   6.3290356e-02   5.2382343e-02   3.2568694e-01   1.1302489e+00   8.5599094e-01   1.1672627e+00   1.0388519e+00  -4.2961266e-01
   2.2458422e+00   1.2805908e+00   1.5120859e+00   1.9873075e+00   6.9590290e-01   6.4767021e-01   2.1930655e-01  -1.0907890e-01  -1.1649252e-01  -5.8189023e-02   3.1656525e-01   1.2324316e+00   9.3736080e-01   1.2131085e+00   1.0657880e+00  -3.6971148e-01
   2.0502447e+00   1.8069134e+00   1.1417714e+00   1.7325426e+00   7.0167688e-01   8.3828239e-01  -5.1499078e-02  -3.3064620e-01  -4.3952568e-01  -3.5126920e-01   6.0779828e-02   1.3013768e+00   1.0931905e+00   1.2182813e+00   1.1384458e+00  -3.3809283e-01
   1.9880912e+00   1.9142800e+00   1.3743830e+00   1.7655087e+00   8.3639675e-01   4.2642896e-01  -8.1993942e-02  -2.1625586e-01  -2.8986134e-01  -4.2401661e-01   3.0260060e-01   1.3582473e+00   1.3714936e+00   1.2950338e+00   1.1317532e+00  -6.0779141e-01
   1.9861362e+00   1.8778083e+00   1.2352747e+00   1.7436691e+00   5.3921978e-01   7.4455619e-01  -1.6262594e-01   1.6079885e-01   1.5700931e-01  -3.0185705e-01   7.7945071e-02   1.2510382e+00   1.1954026e+00   1.0184013e+00   6.2778649e-01  -7.0457696e-01
   2.4956793e+00   2.3075750e+00   1.3666982e+00   1.4718611e+00   1.0962045e+00   8.9492065e-01   1.4775119e-01  -3.1938765e-01  -2.8564386e-01  -7.0688868e-02  -1.9039449e-01   9.7125212e-01   9.2946255e-01   8.5618613e-01   6.5702325e-01  -9.2989864e-01
   2.0509398e+00   1.5034303e+00   1.6186539e+00   1.2949353e+00   6.7393082e-01   7.4897430e-01   6.8016190e-02  -3.0396501e-01  -4.0174101e-01  -2.8210388e-01  -6.0593693e-01   2.5438332e-01   6.3753840e-01   8.4271903e-01   5.1141536e-01  -8.6200289e-01
   2.3045203e+00   1.8273581e+00   1.7378217e+00   1.2936388e+00   7.2758031e-01   6.0459201e-01  -9.1793936e-02  -2.5813391e-01  -4.4861146e-01  -6.0594556e-01  -2.8626167e-01   5.3976028e-01   7.0701757e-01   7.5557052e-01   4.3504080e-01  -7.4696193e-01
   2.6290015e+00   1.7469439e+00   1.2869638e+00   1.0552690e+00   3.3046017e-01   7.2731987e-01   6.0218776e-02   1.1579708e-01  -1.4355533e-01  -5.4147132e-01  -5.6483876e-02   6.7960440e-01   7.7473190e-01   8.3762096e-01   3.5496227e-01  -8.3070289e-01
   2.9658366e+00   1.9963482e+00   1.4718000e+00   2.9778634e-01   3.0315297e-01   5.8116206e-01   3.9515660e-01   2.4294848e-01  -2.6303908e-01  -2.9505081e-01   6.2480309e-02   7.9394940e-01   6.7934995e-01   6.8388350e-01   2.9798899e-01  -7.4982962e-01
   2.9232393e+00   2.2067906e+00   1.3832382e+00   8.5012139e-01   2.6429266e-01   7.3820868e-01   4.6404445e-01   3.1178454e-01   1.9121419e-01  -1.8732117e-01   7.6736040e-02   4.7490832e-01   5.8816599e-01   8.2365971e-01   3.4309040e-01  -5.5537001e-01
   2.7559009e+00   1.7270048e+00   1.3865826e+00   1.4038167e+00   6.4386931e-01   4.1920391e-01   1.7949329e-03  -3.1044385e-01  -1.8082397e-01  -2.3245086e-01   5.0384061e-02   5.0854812e-01   6.2126931e-01   6.1208705e-01   8.3700264e-02  -8.4680056e-01
   2.6196275e+00   2.0574517e+00   1.3452862e+00   1.2634010e+00   6.9410790e-01   1.2336564e-01  -3.4923449e-02  -4.5555429e-02  -3.5374611e-01  -3.0478154e-01   3.0433749e-02   3.9126824e-01   2.8196175e-01   3.3745602e-01   7.8009131e-02  -7.8637671e-01
   2.6132077e+00   1.7872247e+00   1.5316116e+00   1.4934536e+00   8.1308517e-01   5.1372217e-01  -1.0907052e-01  -2.6315486e-03   2.3702717e-02   6.6092305e-02   8.4489283e-02   5.1001571e-01   1.5873697e-01   7.8869171e-02  -1.7921234e-02  -6.5995926e-01
   2.7276147e+00   1.9061649e+00   1.3771079e+00   1.5648073e+00   6.8553466e-01   2.7115944e-01  -2.3034998e-01   9.6718608e-02  -5.7851678e-01  -3.2090453e-01   1.9116078e-01   4.7178371e-01   3.9634264e-01   3.0619957e-01  -7.8329728e-02  -7.9594135e-01
   2.8505967e+00   1.7453127e+00   1.3775276e+00   1.1040487e+00   8.0847075e-01   7.2436101e-01   1.9016635e-01  -9.9027873e-02  -2.9732922e-01  -3.8154394e-01  -2.0184703e-02   4.7506431e-01   2.5972585e-01   3.4384700e-01  -2.9537015e-01  -9.0753579e-01
   2.6519993e+00   1.8402687e+00   1.4298530e+00   1.2853405e+00   6.5373056e-01   6.5254600e-01  -1.9509151e-01  -1.6562474e-01  -4.8369982e-01  -2.4754833e-01   2.4492552e-02   2.0622631e-01   3.1408714e-01   3.2156975e-01  -2.3835746e-01  -6.9564184e-01
   2.4549737e+00   1.5117336e+00   1.7342762e+00   1.6193412e+00   5.8513060e-01   3.6949599e-01  -7.8863688e-02   1.7429617e-01  -3.7936642e-02  -4.6005720e-01  -1.6014650e-01   4.7994830e-01   4.7982347e-01   5.2356072e-01  -1.6532328e-01  -1.0085408e+00
   2.3201036e+00   1.7014435e+00   1.8862611e+00   1.5226718e+00   6.1588760e-01   6.5350190e-01  -5.7601126e-02   2.8245008e-01  -8.1988084e-02  -3.1281731e-01  -6.7276987e-02   5.9932825e-01   5.1675768e-01   2.3434401e-01  -2.6804136e-01  -9.8116791e-01
   2.6451963e+00   1.2228742e+00   1.9264722e+00   1.6399563e+00   4.2160403e-01   6.6352276e-01   2.1856476e-01  -4.3511391e-01  -5.0074132e-01  -9.5407093e-02  -5.0061428e-02   4.9881888e-01   4.9745513e-01   4.2682475e-02  -2.8922665e-01  -1.0375350e+00
   2.2284183e+00   1.4603060e+00   1.2298326e+00   1.1969827e+00   7.1692808e-01   7.2419488e-01   2.8726754e-01   2.0992201e-01   5.3508015e-02  -1.9052909e-01   8.2209608e-04   2.7168298e-01   5.2236229e-01   1.9915767e-01  -2.3602597e-01  -8.9890801e-01
   2.3069464e+00   1.9449302e+00   1.3953893e+00   9.2668798e-01   6.4811845e-01   6.7096098e-01  -3.6943769e-01  -1.6826424e-01  -6.6188914e-01  -5.4670046e-01   9.2669515e-02   5.6251929e-01   5.0278658e-01   2.4549377e-01  -3.1137618e-01  -9.8232121e-01
   2.2285575e+00   1.7986436e+00   1.4397909e+00   1.5245309e+00   4.6483286e-01   2.8291566e-01  -7.6271768e-02  -2.2566368e-01  -2.4452365e-01  -4.7077691e-01  -2.4126525e-01   7.5035535e-01   7.1269719e-01   2.7429018e-01  -2.1185254e-01  -8.0377294e-01
   1.9910710e+00   1.8469094e+00   1.9033074e+00   1.2666176e+00   3.7506769e-01   2.2346189e-01   1.3186908e-01  -8.0873224e-02  -2.6552937e-02  -5.7750922e-01  -9.2577842e-02   4.7593458e-01   7.4317589e-01   3.2661552e-01   5.0221425e-02  -5.0030500e-01
   2.3212366e+00   1.7271385e+00   1.5844216e+00   1.2855337e+00   1.6696703e-01  -8.8510073e-02  -1.9412639e-01   1.2233718e-01  -4.3993461e-01  -5.5547931e-01  -3.0744692e-01   5.6082436e-01   8.0607990e-01   1.1411255e-01   1.2239416e-02  -5.2167674e-01
   1.4256958e+00   1.4550102e+00   9.0412537e-01   2.5458753e-01   3.7177328e-01  -1.9514740e-01  -6.3127902e-02  -6.2651818e-02  -2.8062501e-01  -2.5346099e-01   9.3821195e-02   2.7743977e-01   2.2866389e-01  -5.0909617e-02  -2.7005833e-01  -7.2405649e-01
   1.5223996e+00   1.8183416e+00   1.3427060e+00   9.3153146e-01   6.3157225e-01   4.3456369e-01   1.8025775e-01  -2.9104557e-01  -4.5482948e-01  -2.8488264e-01   5.6143681e-02   1.3378671e-01  -4.0909366e-01  -4.4396760e-01  -6.7156183e-01  -9.1106309e-01
   2.5010922e+00   1.0172142e+00   1.2311657e+00   1.4201364e+00   7.6816200e-01   6.6039841e-01  -2.1525336e-01  -5.6086147e-01  -1.3209494e-01  -3.8151264e-01   2.7026654e-01  -4.4568675e-02  -5.7527564e-01  -7.1248408e-01  -1.0038374e+00  -9.3616606e-01
   2.4215761e+00   1.3515719e+00   1.4554216e+00   9.7250277e-01   7.9035630e-01   1.0089863e+00  -1.0471428e-01  -4.3705392e-01  -3.0599344e-01  -2.5144449e-01   6.0815836e-02   9.3887312e-02  -5.4499769e-01  -7.3393009e-01  -6.5899684e-01  -1.0266953e+00
   2.1834049e+00   1.7573077e+00   1.5299444e+00   1.2058851e+00   9.7967854e-01   5.6515226e-01   4.1424935e-02  -3.9196716e-01  -9.3565695e-02   3.0580921e-02   4.1528546e-02  -1.2569976e-01  -5.0443725e-01  -6.1438338e-01  -7.0041036e-01  -9.4582447e-01
   1.1680343e+00   1.0728375e+00   1.6120900e+00   7.6252321e-01   9.4599113e-01   7.3984553e-01   1.2148215e-01  -2.1554764e-01   1.0217020e-01  -4.0262854e-01  -1.5090119e-01  -1.8394416e-02  -3.0015685e-01  -7.4847195e-01  -6.7545662e-01  -9.7488998e-01
   2.4915820e+00   1.9151568e+00   1.4785238e+00   1.0512715e+00   5.7316980e-01   8.5724913e-01   3.3195102e-01  -8.1676295e-02  -2.8617784e-01  -9.2434201e-02  -2.3827724e-01  -4.4658857e-02  -5.8976685e-01  -7.9310500e-01  -6.1692924e-01  -1.4220379e+00
   2.1166789e+00   1.9884844e+00   1.2751987e+00   1.0272922e+00   7.3697668e-01   7.6275019e-01   2.1624172e-01  -3.1319589e-01  -4.0252440e-01  -1.4190754e-01  -1.1029669e-01   1.9055617e-02  -4.3825123e-01  -7.7840587e-01  -7.5236413e-01  -1.1178482e+00
   2.1698913e+00   1.4938124e+00   1.3649597e+00   8.0877987e-01   2.0527333e-01   1.1490127e-01  -4.4387167e-01  -4.1594364e-01  -5.0570384e-01  -3.6560735e-01  -1.2383773e-01   2.4237074e-01  -2.2335300e-01  -6.0764725e-01  -6.6889484e-01  -9.9282089e-01
   1.5228129e+00   1.4289388e+00   1.7138877e+00   6.0171519e-01   3.4333427e-01   5.0722101e-01  -2.2924862e-02  -1.3600167e-01   1.2134172e-02  -3.0167419e-02   1.0358148e-01   2.3827106e-01  -1.7450852e-01  -8.0336676e-01  -9.4360218e-01  -1.3974678e+00
   1.4655701e+00   1.6835601e+00   1.3525456e+00   5.8726261e-01   1.9154505e-01   7.4306151e-01   4.4338474e-01  -2.4606150e-01  -2.3986537e-01  -3.3507636e-01   1.3803542e-01   3.2930243e-01  -3.3809530e-01  -9.4191425e-01  -1.1084009e+00  -1.4113515e+00
   2.3822645e+00   1.7406580e+00   1.0491350e+00   8.3744984e-01   6.4798742e-01   8.7002075e-01   1.4059351e-01   5.6501520e-02  -3.7201671e-01  -3.6406416e-01   5.1184089e-01   3.2099921e-01  -4.8788309e-01  -8.7686558e-01  -1.0693954e+00  -1.3106867e+00
   1.6052772e+00   1.8644640e+00   7.5250881e-01   4.5541194e-01   8.0968583e-01   9.1052700e-01  -2.2842370e-02  -7.9477721e-02  -8.3626872e-02  -5.3188631e-01  -3.5671153e-01   4.1167728e-02  -5.1292190e-01  -8.4908885e-01  -1.0843177e+00  -1.1042342e+00
   1.5826114e+00   2.0146730e+00   1.3011638e+00   9.0485808e-01   1.0348207e+00   9.7393817e-01   2.1387593e-01  -4.2663196e-01  -4.7177400e-01  -3.0538922e-01  -2.1222043e-01   2.6094070e-01  -2.1032138e-01  -5.9816812e-01  -8.2875511e-01  -9.4995423e-01
   2.5198448e+00   1.7028344e+00   9.8298371e-01   1.0849139e+00   7.7923998e-01   8.2909352e-01   4.6188949e-01  -1.5452302e-01  -3.7345581e-01  -3.8339155e-02   3.3600369e-02   4.1490644e-01  -1.3924936e-01  -4.7742523e-01  -8.1144388e-01  -1.1872432e+00
   1.6866417e+00   1.4531157e+00   1.4254553e+00   7.9741366e-01   5.6981185e-01   4.9069177e-01   9.7229345e-03   1.7096953e-01  -1.2552114e-01  -2.5068170e-01   1.2106732e-02   1.5622701e-01  -4.5900219e-01  -8.3484097e-01  -9.3382943e-01  -1.1398023e+00
   2.5838543e+00   1.2471615e+00   1.3282209e+00   8.4105715e-01   6.2400576e-01   6.0067493e-01   4.2126582e-01  -1.6117454e-01  -6.6057120e-01  -4.9769958e-01  -5.2556147e-02   1.5783284e-01  -4.0907029e-01  -6.8249151e-01  -9.8274193e-01  -1.1043877e+00
   1.8510394e+00   1.5962553e+00   1.4869704e+00   1.4235239e+00   7.4858458e-01   8.0077845e-01   1.2880666e-01   1.3533348e-01  -1.9036293e-01   2.4558917e-02  -5.4815865e-02   5.2391608e-02  -2.9478483e-01  -7.9138451e-01  -7.3453222e-01  -1.1718031e+00
   2.3629056e+00   9.9156996e-01   9.1648360e-01   8.6145275e-01   4.4820843e-01   5.4801133e-01   6.6126514e-02  -2.6446831e-01  -1.8056314e-01  -4.3066051e-02  -2.0716223e-01  -2.5105076e-01  -2.7496030e-01  -6.3178508e-01  -7.0597495e-01  -1.2054933e+00
   1.6011512e+00   1.1722228e+00   7.9657650e-01   1.2067919e+00   5.6158488e-01   5.8367064e-01  -9.9522331e-02  -5.3580162e-01  -4.7860732e-01  -3.8321269e-01   3.8310131e-02   1.0284688e-01  -1.4322643e-01  -5.1228552e-01  -8.7145659e-01  -1.0793333e+00
   2.7474857e+00   1.8630842e+00   1.5840694e+00   1.1561129e+00   8.8445348e-01   6.3114308e-01   2.1646253e-01  -3.4794970e-01   2.2899244e-03  -3.5230039e-01  -2.6685075e-01  -2.7522271e-01  -5.4589825e-01  -6.7409467e-01  -9.8700243e-01  -1.3378921e+00
   2.3246743e+00   1.4057516e+00   1.2837999e+00   1.1483125e+00   6.4681724e-01   7.9131343e-01   5.4311017e-02  -2.6705380e-01  -4.5536814e-01  -3.1790921e-01  -1.5669589e-01  -2.3904883e-01  -5.7788902e-01  -8.3294341e-01  -6.6390990e-01  -9.0416588e-01
   1.6758270e+00   1.4004446e+00   1.4246899e+00   1.1280891e+00   7.7931272e-01   8.3954979e-01  -2.4122233e-01  -4.7870678e-01  -6.4856913e-01  -2.1566540e-01  -5.7893107e-02   1.8811138e-01  -2.2879039e-01  -6.8661946e-01  -9.8691102e-01  -1.4152354e+00
