   3.2015053e+00   2.2856854e+00   8.3299506e-01   6.5043585e-01   2.4339685e-01   1.9141367e-01  -5.7353241e-01  -8.2926476e-01  -1.1415286e+00  -1.3101726e+00  -9.6588835e-01  -7.5746621e-01  -1.5190043e+00  -1.7190183e+00  -1.8141643e+00  -1.7366238e+00
   2.6753738e+00   2.6152935e+00   9.4412256e-01   8.4107245e-01   5.2812557e-01   7.3825242e-01  -4.7195306e-01  -5.6060913e-01  -6.6746686e-01  -1.2403683e+00  -1.0735611e+00  -9.8168838e-01  -1.3691379e+00  -1.5822757e+00  -1.6419227e+00  -1.6914602e+00
   3.2586390e+00   3.1057254e+00   1.9316969e+00   8.9933139e-01   2.6588353e-01  -6.2407848e-02  -5.1518439e-01  -7.1057504e-01  -9.1981802e-01  -8.4037295e-01  -7.6069634e-01  -7.8113876e-01  -1.2220294e+00  -1.3675960e+00  -1.3577218e+00  -1.3318447e+00
   2.4928423e+00   2.1553746e+00   1.3311503e+00   9.4679500e-01   7.1220510e-01   3.5126758e-01  -4.5210671e-01  -5.4252154e-01  -7.1510326e-01  -7.9042002e-01  -6.2862240e-01  -6.3161203e-01  -9.7912558e-01  -9.3379928e-01  -9.9413121e-01  -9.4846169e-01
   2.7604847e+00   2.3507632e+00   9.6223742e-01  -1.4627934e-01   3.2897997e-01   1.2427356e-01  -8.5228608e-01  -5.8501188e-01  -1.0635662e+00  -1.1573661e+00  -1.2472830e+00  -8.5039910e-01  -1.3740664e+00  -1.5785177e+00  -1.5262011e+00  -1.6363376e+00
   2.7540369e+00   2.5301452e+00   1.3188583e+00   3.7572724e-01   1.9226262e-01   2.2670506e-01  -4.9543752e-01  -4.9508475e-01  -7.6957942e-01  -6.9111351e-01  -7.5015015e-01  -8.4588836e-01  -9.6717012e-01  -9.8880931e-01  -9.3348141e-01  -9.1749591e-01
   3.1628294e+00   2.6555528e+00   1.4400628e+00   6.0541944e-01   3.8083103e-01   1.4775566e-01  -5.0037305e-01  -7.0163445e-01  -8.5494325e-01  -1.0188001e+00  -9.0498648e-01  -7.5595267e-01  -1.1459966e+00  -1.0738217e+00  -1.0888892e+00  -1.1523181e+00
   3.0526472e+00   1.7064680e+00   7.6252265e-01   8.7515832e-01   1.6294000e-01   1.2365530e-01  -5.9866080e-01  -8.9905018e-01  -8.8472952e-01  -1.3717289e+00  -1.1761315e+00  -9.6226332e-01  -1.4940799e+00  -1.5863757e+00  -1.6674820e+00  -1.7234901e+00
   3.1364858e+00   2.2271834e+00   9.9048614e-01   4.4768415e-01   3.5927556e-01   5.1337884e-02  -3.0361961e-01  -5.3602713e-01  -7.3183389e-01  -7.9221455e-01  -6.7366297e-01  -6.5629152e-01  -8.9797285e-01  -9.7746734e-01  -9.0682549e-01  -9.0576381e-01
   3.3881965e+00   2.4502323e+00   1.3866696e+00   8.5954949e-02   8.1646805e-02   3.5193216e-01  -6.8633651e-01  -7.6601408e-01  -8.7916165e-01  -1.0223433e+00  -8.5391136e-01  -7.8853591e-01  -1.1996469e+00  -1.3343721e+00  -1.3312047e+00  -1.3799603e+00
   3.1387815e+00   2.5669404e+00   1.1709779e+00  -2.4825549e-01  -3.6242713e-01  -2.6571464e-01  -9.6386594e-01  -9.0134451e-01  -1.0766904e+00  -1.4080733e+00  -1.2921903e+00  -1.3963627e+00  -1.6376062e+00  -1.6972446e+00  -1.9272782e+00  -1.8888285e+00
   3.2889552e+00   1.8938091e+00   8.6607856e-01   4.3588418e-01   2.3873754e-01   2.4504374e-01  -1.5918817e-01  -6.0825896e-01  -8.1165389e-01  -7.3877829e-01  -6.3043689e-01  -6.9886829e-01  -9.1753732e-01  -9.8441741e-01  -9.3975294e-01  -9.2339597e-01
   3.2705802e+00   2.0704249e+00   1.3023954e+00   8.0971112e-01   5.0427717e-01  -1.8389494e-01  -3.6200219e-01  -5.8575267e-01  -8.6589430e-01  -1.0941509e+00  -9.2202284e-01  -8.4636542e-01  -1.0416609e+00  -1.1896391e+00  -1.2702332e+00  -1.2779024e+00
   3.4093689e+00   2.5993235e+00   1.3062242e+00   7.4100207e-01   3.7586109e-01   3.1496939e-01  -3.9341160e-01  -6.0674445e-01  -8.9794190e-01  -8.7225213e-01  -7.7832669e-01  -9.1064338e-01  -1.0604599e+00  -1.1195267e+00  -1.0959802e+00  -1.0704670e+00
   2.7554444e+00   2.0931997e+00   1.0892229e+00   9.4691562e-01   5.8069640e-01   3.7471427e-01  -3.1645005e-01  -4.8753509e-01  -4.5589870e-01  -5.4803144e-01  -4.4810308e-01  -5.1339273e-01  -6.4456328e-01  -6.4131766e-01  -6.4370335e-01  -6.0773601e-01
   3.0014992e+00   1.4633226e+00   1.0909748e+00   6.9272127e-01   6.4370855e-02  -3.6733905e-02  -4.9124155e-01  -5.0838152e-01  -8.7301351e-01  -9.8644261e-01  -1.0883090e+00  -9.1504549e-01  -1.6629123e+00  -1.7593820e+00  -1.7910687e+00  -1.7210616e+00
   2.5785218e+00   2.0230612e+00   1.2566019e+00   4.0282670e-01   1.6814957e-01  -1.0215848e-01  -2.2857858e-01  -4.5390408e-01  -6.5683654e-01  -9.1295919e-01  -7.7115301e-01  -8.1649095e-01  -1.0159005e+00  -1.1663705e+00  -1.1275589e+00  -1.1696100e+00
   3.1636788e+00   2.2760155e+00   1.2085038e+00   2.2239912e-01   6.0038809e-01   1.2094572e-01  -2.8916385e-01  -8.4228925e-01  -1.1008709e+00  -9.7777547e-01  -1.0136020e+00  -1.0644245e+00  -1.6010357e+00  -1.9012468e+00  -1.8620947e+00  -1.8545455e+00
   3.0039201e+00   2.4058675e+00   1.1789746e+00   8.0399214e-01   7.4021652e-01   3.3773375e-01  -4.7794489e-01  -1.0555835e+00  -1.1792746e+00  -1.1661463e+00  -1.0636445e+00  -9.4187300e-01  -1.2423105e+00  -1.5969584e+00  -1.6460904e+00  -1.6400591e+00
   2.8853966e+00   2.4703524e+00   1.1660652e+00   5.2580810e-01   2.0378413e-01  -1.1870803e-01  -7.4582149e-01  -8.3146822e-01  -1.2470681e+00  -1.0630885e+00  -1.0131117e+00  -7.9811380e-01  -1.3778874e+00  -1.5065065e+00  -1.5085600e+00  -1.6284245e+00
   2.7113658e+00   2.0759975e+00   1.5122125e+00   7.0922892e-01   7.7179878e-01   7.0848533e-01  -2.6316794e-01  -1.0042378e+00  -1.0599302e+00  -1.3458504e+00  -9.4160303e-01  -9.9678292e-01  -1.5486985e+00  -1.8333779e+00  -2.0320872e+00  -1.8152940e+00
   3.1976353e+00   1.5068045e+00   8.7228812e-01   5.6122973e-01   2.7462754e-02   3.6606965e-01  -3.6321140e-01  -7.3031039e-01  -1.0832449e+00  -1.1277276e+00  -8.5161515e-01  -8.9171041e-01  -1.3561646e+00  -1.3539840e+00  -1.5535766e+00  -1.5439191e+00
   3.4645500e+00   2.3413087e+00   1.7567703e+00   6.4708110e-01   5.2842124e-01   1.9305214e-01  -4.4324547e-01  -5.6052559e-01  -7.3881214e-01  -8.3038263e-01  -8.5791566e-01  -7.5394187e-01  -8.6042596e-01  -8.9775627e-01  -9.1636527e-01  -8.9931934e-01
   3.4009098e+00   1.7201123e+00   6.1102785e-01   7.5150821e-01   6.4186743e-01   4.0639702e-02  -7.5068413e-01  -4.1262689e-01  -7.5598656e-01  -1.0012539e+00  -9.2927658e-01  -8.8539055e-01  -1.2444440e+00  -1.5124797e+00  -1.4539331e+00  -1.5164518e+00
   2.2366964e+00   2.2360158e+00   9.5811060e-01   4.4732473e-01   3.8282406e-01   9.4900117e-04  -4.4430502e-01  -6.1731862e-01  -7.8681380e-01  -8.1718794e-01  -7.2423837e-01  -8.2699492e-01  -1.0116659e+00  -1.0445373e+00  -1.0514461e+00  -1.0014459e+00
   3.1033149e+00   2.0871854e+00   9.1761940e-01   3.2100323e-01   2.6607260e-01   9.8950541e-02  -3.0380122e-01  -7.6429151e-01  -1.0308675e+00  -1.0426437e+00  -8.5455921e-01  -7.3830339e-01  -9.9869997e-01  -1.1126440e+00  -1.1535521e+00  -1.1313619e+00
   3.1707980e+00   1.8654050e+00   9.3660379e-01   6.6324570e-01  -2.4162529e-03  -4.0123067e-02  -3.1135098e-01  -6.1978869e-01  -7.7092926e-01  -6.7779421e-01  -6.0561318e-01  -6.9346233e-01  -8.8784061e-01  -9.1625397e-01  -9.0854449e-01  -8.8697288e-01
   3.0263858e+00   2.0429275e+00   1.3447469e+00   3.5036776e-01   3.3296620e-01   2.4902412e-01  -2.8716422e-01  -6.5502864e-01  -5.9177049e-01  -6.7221727e-01  -5.5989356e-01  -5.9693443e-01  -8.4322050e-01  -8.1623310e-01  -8.2302771e-01  -8.2661976e-01
   3.2579665e+00   2.0291176e+00   1.0239961e+00   6.4023358e-01   5.4420337e-01   2.2249536e-01  -4.6682568e-01  -7.4352631e-01  -1.2757458e+00  -1.0924584e+00  -7.7700947e-01  -8.9324375e-01  -1.2728358e+00  -1.5835206e+00  -1.4582155e+00  -1.4649810e+00
   2.3888922e+00   1.8553507e+00   5.6526261e-01   6.6460194e-01   4.4478823e-01   2.6492602e-01  -4.2044487e-01  -6.5925708e-01  -9.6840625e-01  -1.3988235e+00  -1.1430154e+00  -9.6553068e-01  -1.4172627e+00  -1.9294031e+00  -2.0089411e+00  -1.8329299e+00
   2.8772400e+00   1.8085688e+00   6.5437172e-01   6.2698809e-01   1.0571881e-01   6.4594715e-02  -4.0217859e-01  -7.1809110e-01  -8.7301735e-01  -9.2281013e-01  -6.9311057e-01  -8.6193246e-01  -1.1006840e+00  -1.1831454e+00  -1.1249884e+00  -1.1599863e+00
   3.1138334e+00   1.4859662e+00   7.3980261e-01  -4.4617298e-03   1.6894499e-01   9.7776164e-02  -6.2310270e-01  -1.0010315e+00  -1.0513623e+00  -1.0385871e+00  -9.6277551e-01  -1.0039073e+00  -1.4166854e+00  -1.7813205e+00  -1.9935521e+00  -1.9498839e+00
   2.7671269e+00   1.6657981e+00   1.2555989e+00   5.8485657e-01   3.8264640e-01  -1.4905635e-01  -5.5779404e-01  -7.2225716e-01  -7.0361080e-01  -1.0170419e+00  -8.0908427e-01  -7.7959280e-01  -1.1827108e+00  -1.3431356e+00  -1.3250937e+00  -1.2980843e+00
   2.8956259e+00   1.8810083e+00   9.4772587e-01   6.6212779e-01   4.8870575e-01   6.1214176e-02  -5.2304019e-01  -7.6649793e-01  -1.0004136e+00  -1.3359111e+00  -1.1851629e+00  -9.9648097e-01  -1.2234518e+00  -1.3937886e+00  -1.1475765e+00  -1.2593340e+00
   2.8490580e+00   2.2640389e+00   1.1026079e+00   2.5152983e-01  -1.5238566e-01  -1.8485989e-01  -7.6412238e-01  -6.0358572e-01  -7.2528453e-01  -8.2744291e-01  -2.5577423e-01   1.4510304e-01  -3.0366177e-01  -6.5480411e-01  -3.4774022e-01  -4.7608610e-01
   3.1325762e+00   2.3699370e+00   1.2659457e+00   6.4804736e-01   8.7533108e-02  -1.9739138e-01  -8.7001016e-01  -7.1462536e-01  -9.6051945e-01  -1.0285740e+00  -1.3546869e-01  -1.7180118e-02   7.4799733e-03   1.9828481e-02   2.1316414e-02  -1.1267569e-02
   2.7551288e+00   2.1144652e+00   1.0913989e+00   6.8681210e-01   2.6009261e-01  -5.1180106e-01  -6.6718845e-01  -4.5605190e-01  -7.7027446e-01  -8.8035408e-01  -5.2734959e-01  -2.6518064e-01   1.3475586e-01   3.3991116e-01   4.2990258e-01   1.2683071e-01
   3.1984280e+00   2.6325161e+00   1.0367868e+00   2.6998503e-01  -1.1898394e-01   7.9878793e-02  -3.5646833e-01  -4.7656881e-01  -1.3495456e+00  -1.0578990e+00  -8.3798667e-01  -6.1030935e-01  -2.4884408e-01   5.2444222e-01   1.1954308e-01   2.9425496e-01
   2.8411329e+00   1.6493949e+00   1.2288851e+00   2.3914664e-01  -2.3845713e-01   2.0284460e-01  -3.6643355e-01  -5.1580485e-01  -8.5288938e-01  -9.1938151e-01  -8.3923688e-01  -5.5634162e-01  -3.6445043e-01   3.2047348e-01   3.9327307e-01   3.1848879e-01
   2.7646392e+00   8.7149124e-01   5.3355929e-01   2.0650076e-01   7.7186930e-02  -2.4968592e-01  -4.5865533e-01  -7.0470361e-01  -7.9618294e-01  -7.2271888e-01  -6.4587915e-01  -6.7260085e-01  -4.8547503e-01   1.8002189e-01   1.7755488e-01   2.5317360e-01
   2.8121629e+00   2.3418094e+00   1.0865219e+00   9.8659785e-01   4.4060912e-01  -1.9559179e-01  -4.5497022e-01  -8.0138322e-01  -8.1002449e-01  -8.2791425e-01  -8.0753619e-01  -8.0432273e-01  -6.8744761e-01   2.6243740e-01   3.1548771e-01   2.4017071e-01
   2.6889488e+00   2.1489984e+00   7.8290682e-01   7.2959925e-01   4.5160500e-01   1.6518605e-01  -6.7939602e-01  -8.9563696e-01  -9.9475226e-01  -9.7099258e-01  -9.3944053e-01  -7.9635332e-01  -7.0359678e-01   1.9869098e-01  -2.5796731e-01  -1.0467030e-01
   2.3771643e+00   2.4168502e+00   1.3605115e+00   3.4112111e-01   6.4656501e-01   4.3521081e-01  -4.1188945e-01  -5.5692665e-01  -8.1894514e-01  -1.3401070e+00  -1.1016954e+00  -8.0659981e-01  -8.6806336e-01  -1.8477412e-01  -4.8241793e-01  -4.9082553e-01
   2.8343093e+00   2.5600374e+00   1.5572559e+00   7.8471607e-01   5.2197521e-01   3.9039324e-02  -3.6513184e-01  -4.2099162e-01  -9.5292240e-01  -1.3636703e+00  -1.2092113e+00  -6.4636580e-01  -3.7977058e-01  -1.7157506e-01  -7.3916194e-01  -9.6816445e-01
   2.8043025e+00   1.9560192e+00   1.6114181e+00   1.3764770e+00   5.0577115e-01  -2.8852692e-02  -1.0165201e+00  -9.1015633e-01  -8.5394463e-01  -1.1302906e+00  -7.8412828e-01  -7.0888535e-02  -1.4865823e-01   1.2771068e-01  -5.5386489e-01  -1.1889724e+00
   2.9497519e+00   1.5918349e+00   7.3102884e-01   1.2877218e+00   5.6434180e-03  -1.8575900e-01  -9.3999788e-01  -8.8669024e-01  -1.0688665e+00  -1.2977701e+00  -8.4285148e-01   1.0463134e-01   1.6003643e-01   4.5734593e-01  -3.5951494e-01  -1.3455010e+00
   2.4060078e+00   2.3149264e+00   1.2283080e+00   1.4242039e+00   4.3386925e-01  -9.3603339e-02  -5.2863673e-01  -7.4750351e-01  -8.9353513e-01  -8.8997995e-01  -6.6726661e-01   1.2321690e-01   1.1062754e-01   2.5811154e-01  -3.3232585e-01  -1.0402103e+00
   3.1968399e+00   2.2368266e+00   1.0891036e+00   1.0354669e+00   2.6687540e-01  -1.8987596e-01  -7.1228314e-01  -5.8771265e-01  -7.4409803e-01  -1.0207910e+00  -8.8709736e-01  -3.1921994e-03   1.9751131e-02   1.8930478e-01  -1.7185593e-01  -1.0611494e+00
   3.0079507e+00   2.4153655e+00   1.1833332e+00   6.8735472e-01   4.3716388e-01   3.8535798e-01  -1.9571809e-01  -5.6792223e-01  -1.0041503e+00  -8.7221865e-01  -8.4634437e-01   2.0296145e-01   2.2210209e-01   8.0885320e-02  -3.7480081e-01  -8.2069505e-01
   3.2242262e+00   2.7987622e+00   1.6082967e+00   1.0164540e+00   3.8406816e-01   2.5499851e-01  -3.8951515e-01  -6.2839535e-01  -1.1046024e+00  -1.2629197e+00  -1.0170070e+00   8.5055924e-02  -7.0785991e-03   7.0507451e-02  -4.6643716e-01  -1.1313308e+00
   3.2629337e+00   1.8423407e+00   1.0649342e+00   8.4639046e-01   4.3718242e-01   1.7649147e-01  -6.0761647e-01  -6.8081824e-01  -9.3004166e-01  -1.2856962e+00  -1.4226416e+00  -2.4190344e-01  -2.3671508e-01  -1.0760057e-01  -5.4612462e-01  -1.3252825e+00
   2.6459265e+00   1.9527950e+00   1.1134501e+00   9.4321105e-01   1.3217448e-01  -8.2745664e-02  -5.5822658e-01  -5.8154572e-01  -3.6929313e-01  -5.3542146e-01  -6.9335124e-01  -1.3733418e-01  -3.7356272e-02   3.1770218e-02  -4.3296321e-01  -7.0844443e-01
   3.3907653e+00   1.7585734e+00   1.1857549e+00   1.5541810e+00   4.3669896e-01   3.9228514e-02  -5.2949374e-01  -8.1814320e-01  -8.5294680e-01  -1.0934136e+00  -7.4067912e-01  -6.4871844e-03  -5.6295241e-02  -8.8723857e-02  -6.2439233e-01  -1.1552501e+00
   3.0413334e+00   1.6432979e+00   1.6879436e+00   1.3005304e+00   2.5328583e-01   2.5935813e-01  -9.5623361e-03  -4.8839873e-01  -5.7917825e-01  -6.3350621e-01  -6.2105901e-01   3.3749724e-02   1.3293250e-02  -2.2146730e-01  -4.1157174e-01  -5.9305347e-01
   3.5259170e+00   1.7511659e+00   1.4272046e+00   1.1894973e+00   2.6074037e-01   3.3180437e-01  -2.7346600e-01  -8.1792436e-01  -1.0976892e+00  -1.0262848e+00  -1.0801469e+00  -4.2576474e-01  -5.1677092e-01  -4.3362627e-01  -6.7371773e-01  -1.2367201e+00
   2.7256073e+00   2.5010878e+00   1.5460576e+00   1.3856658e+00  -2.5629622e-01  -2.8798995e-01  -8.3201274e-01  -6.0952984e-01  -9.8055411e-01  -1.0271582e+00  -9.2088662e-01  -3.3977533e-01  -6.5960614e-01  -5.6984212e-01  -9.0571032e-01  -1.1785606e+00
   3.0266697e+00   2.5579392e+00   1.5034870e+00   1.0882321e+00   4.0039218e-01  -2.9600935e-01  -4.5339466e-01  -3.2204932e-01  -7.1813862e-01  -7.8966626e-01  -8.2758123e-01  -4.4183355e-01  -4.3440321e-01  -3.4114165e-01  -8.5848008e-01  -9.1297592e-01
   3.1534113e+00   2.1505740e+00   1.6718196e+00   8.9436388e-01   3.2702476e-01   3.2672443e-01  -3.1698418e-01  -1.0537184e+00  -8.3697457e-01  -1.0695662e+00  -1.0108240e+00  -2.6685229e-01  -4.0408685e-01  -6.4278580e-01  -1.0619737e+00  -1.3933930e+00
   2.9302640e+00   1.8247861e+00   1.8225766e+00   1.2774274e+00  -1.2446285e-01  -2.1990502e-01  -6.0130185e-01  -9.2991533e-01  -1.2225872e+00  -9.1323936e-01  -7.9617039e-01  -3.5767042e-01  -7.4459968e-01  -8.1653791e-01  -5.4299009e-01  -1.2871360e+00
   3.1841478e+00   1.9145935e+00   1.2012247e+00   1.1402981e+00   2.0316862e-01  -1.3324227e-01  -3.7608687e-02  -1.0094610e+00  -1.2767350e+00  -1.0685703e+00  -7.5264134e-01  -6.1147619e-01  -8.3738523e-01  -1.0269835e+00  -8.6629462e-01  -1.3161078e+00
   2.9523191e+00   1.9547366e+00   1.7663089e+00   1.3289512e+00   3.0416392e-01   1.4018960e-01  -6.7362851e-02  -2.2649243e-01  -2.5497996e-01  -2.6101406e-01  -2.3799526e-01  -2.8511283e-01  -2.6301936e-01  -3.9441540e-01  -3.0178139e-01  -3.5873724e-01
   3.6167237e+00   2.0134937e+00   1.9046383e+00   8.3257474e-01  -1.5469792e-01   2.5225057e-01  -5.7080159e-01  -7.9333518e-01  -1.1155858e+00  -1.2889970e+00  -1.0937969e+00  -7.8914116e-01  -9.9100804e-01  -1.1314254e+00  -1.4100724e+00  -1.6746510e+00
   3.0732561e+00   2.0729280e+00   1.7369655e+00   7.0249182e-01   5.0326470e-01   1.3454918e-01  -7.1211518e-01  -7.7509029e-01  -8.9955645e-01  -9.6230844e-01  -8.9114440e-01  -3.9164751e-01  -5.3730982e-01  -1.3251738e+00  -1.1951453e+00  -1.3113337e+00
   3.4184289e+00   2.0518781e+00   1.4758467e+00   8.3704004e-01   3.0358747e-01   5.0929717e-01  -1.3803634e-01  -1.0084899e+00  -6.0444767e-01  -7.9887916e-01  -1.1063691e+00  -3.4735823e-01  -3.0248267e-01  -1.0424765e+00  -9.5385011e-01  -1.0629045e+00
   3.1470832e+00   2.3237317e+00   1.3214017e+00   6.3684654e-01   9.9795740e-02   1.7778011e-01  -2.2902830e-01  -6.6094679e-01  -7.6411509e-01  -8.8499898e-01  -6.4251114e-01  -2.9717771e-01  -4.3598044e-01  -9.7707605e-01  -1.0889901e+00  -1.2440261e+00
   3.3155930e+00   1.6150673e+00   1.5067244e+00   6.8322296e-01  -1.9243550e-01  -1.1624694e-01  -3.9398657e-01  -7.8128797e-01  -6.1068773e-01  -9.6556062e-01  -8.5096491e-01  -5.1928692e-01  -5.8642626e-01  -1.0144167e+00  -1.0806167e+00  -1.1476778e+00
   2.3469189e+00   1.6058440e+00   1.0877031e+00   7.8054980e-01   4.0136268e-01   2.3137662e-01  -2.9931818e-01  -3.2040414e-01  -3.7051531e-01  -4.8885412e-01  -4.6934636e-01  -3.7128908e-01  -4.7634681e-01  -5.5654245e-01  -5.3731149e-01  -5.4618782e-01
   3.1474810e+00   2.2138985e+00   1.2535895e+00   8.6998583e-01   4.7125711e-01   2.4498706e-01  -7.0524019e-01  -1.2320869e+00  -9.5208660e-01  -1.1188518e+00  -1.2550494e+00  -9.8554181e-01  -1.0537860e+00  -1.3413101e+00  -1.5001070e+00  -1.6351055e+00
   3.1260147e+00   2.2615210e+00   1.2762570e+00   1.1823912e+00   6.2714207e-01   4.8166743e-02  -1.3936873e-02  -3.2651583e-01  -4.2651118e-01  -5.2743367e-01  -5.5485229e-01  -3.8167611e-01  -5.8977604e-01  -6.4688104e-01  -6.2084252e-01  -5.8980251e-01
   3.4502480e+00   1.7915944e+00   1.1179223e+00   7.8512421e-01   1.7815617e-01  -1.5911146e-01  -4.7978395e-01  -7.9451111e-01  -1.1962526e+00  -1.0489321e+00  -7.9628949e-01  -7.8422255e-01  -1.1414203e+00  -1.3319772e+00  -1.3524834e+00  -1.3967269e+00
   2.5342267e+00   1.9046016e+00   1.2017393e+00   5.9816661e-01   4.0662839e-01   1.3324466e-02  -4.7012254e-01  -8.5277556e-01  -9.8448038e-01  -1.1699313e+00  -1.1818755e+00  -6.6098412e-01  -1.0459023e+00  -1.4390176e+00  -1.4915810e+00  -1.4950445e+00
   2.3033262e+00   1.8748559e+00   8.5731929e-01   7.7335503e-01   3.4434777e-01  -1.0698626e-02  -3.9028453e-01  -7.6399075e-01  -1.0928191e+00  -8.3995980e-01  -8.9616134e-01  -8.6640061e-01  -1.1474637e+00  -1.2686358e+00  -1.3018118e+00  -1.2529869e+00
   2.8572705e+00   2.4739977e+00   1.4250807e+00   1.0746120e-01   3.1831044e-04   1.7057113e-01  -3.4953321e-01  -3.4822831e-01  -7.1658688e-01  -9.4782512e-01  -8.6746720e-01  -9.1905987e-01  -9.9571084e-01  -1.1183696e+00  -1.0829581e+00  -1.1475612e+00
   2.9903911e+00   2.2165106e+00   1.5097412e+00   6.5950655e-01   1.8101619e-01   3.1126890e-01  -4.6944888e-01  -6.0750868e-01  -8.3603390e-01  -1.1253500e+00  -1.0895283e+00  -9.4904274e-01  -1.0394825e+00  -1.2592604e+00  -1.2743687e+00  -1.3060647e+00
   2.8195917e+00   1.8596556e+00   1.1537025e+00   6.9082313e-01   2.7312096e-01   3.8481335e-01  -4.3375204e-01  -5.8386816e-01  -5.1791830e-01  -7.5296941e-01  -7.1510356e-01  -5.2784781e-01  -7.7046096e-01  -8.0473783e-01  -8.5151493e-01  -8.3689491e-01
   2.7020314e+00   1.7994983e+00   1.5291776e+00   8.0810203e-01   6.2215435e-01   1.4779260e-01  -3.9382637e-01  -6.0766825e-01  -6.5265429e-01  -8.0379148e-01  -8.0353847e-01  -8.4352991e-01  -8.8394468e-01  -8.9536916e-01  -9.1355225e-01  -8.7702365e-01
   2.9061540e+00   1.8274655e+00   1.0970603e+00   2.9491469e-01   1.2038412e-01   3.2595338e-02  -6.6883587e-01  -9.0736016e-01  -1.1028718e+00  -1.1500851e+00  -1.0497185e+00  -1.1372564e+00  -1.4467098e+00  -1.5152712e+00  -1.4483529e+00  -1.4665432e+00
   3.0756533e+00   2.1221062e+00   1.0077524e+00   4.8613177e-01   5.5708685e-01  -4.5268688e-01  -6.4131976e-01  -8.6657749e-01  -8.6758356e-01  -9.6619758e-01  -8.4432636e-01  -8.0762807e-01  -1.2676715e+00  -1.3316133e+00  -1.3674460e+00  -1.2290772e+00
   2.8129904e+00   1.8992451e+00   8.0052731e-01   3.8186995e-02   4.3773097e-01   3.6839707e-01  -1.9662660e-01  -5.0130494e-01  -5.2023110e-01  -6.3287938e-01  -5.9587707e-01  -5.5164990e-01  -7.0682475e-01  -7.4484089e-01  -7.2108905e-01  -7.1490942e-01
   3.1837384e+00   2.3823412e+00   1.2013723e+00   1.6350241e-01   2.2334917e-01   1.6069908e-01  -2.5847350e-01  -8.6121426e-01  -1.4226585e+00  -1.3404827e+00  -8.6985349e-01  -9.7163382e-01  -1.7799691e+00  -1.6616807e+00  -1.7539804e+00  -1.8562497e+00
   2.2712318e+00   2.0051425e+00   1.1535524e+00   2.4379719e-02  -5.4219219e-02   1.3216520e-01  -4.9811563e-01  -7.7090047e-01  -1.0252161e+00  -1.1650455e+00  -9.7773605e-01  -7.7327297e-01  -1.2934033e+00  -1.2827015e+00  -1.3176489e+00  -1.3005742e+00
   2.2320255e+00   1.9022841e+00   1.0374651e+00   5.1981795e-01   2.8270574e-01   7.3324053e-02  -5.4794967e-01  -6.6049013e-01  -8.9028417e-01  -1.0384294e+00  -9.6878280e-01  -8.0008850e-01  -1.0317338e+00  -1.1001681e+00  -1.0495164e+00  -1.0623634e+00
   3.3725558e+00   2.2578912e+00   5.8076841e-01   6.5540673e-01   3.1985393e-01  -1.3103571e-01  -9.3850969e-01  -1.0937271e+00  -8.7733258e-01  -1.2908652e+00  -1.1275702e+00  -1.1194443e+00  -1.4803051e+00  -1.7363950e+00  -1.7456503e+00  -1.7229551e+00
   3.0253327e+00   2.0200980e+00   5.9526697e-01   6.8254928e-01   3.5502482e-01   8.8093304e-02  -4.2570649e-01  -7.9563802e-01  -9.6904533e-01  -1.0573192e+00  -8.5603002e-01  -8.8345451e-01  -1.2068363e+00  -1.4254133e+00  -1.3762491e+00  -1.2972346e+00
   2.9124442e+00   1.9983535e+00   1.2823589e+00   7.5038049e-01   6.5495835e-01  -2.3089576e-01  -6.2562896e-01  -9.1831773e-01  -1.0213699e+00  -1.0433268e+00  -1.0368397e+00  -9.1082952e-01  -1.2388756e+00  -1.4341397e+00  -1.3882323e+00  -1.3537317e+00
   2.8378878e+00   1.9732156e+00   8.6078324e-01   6.1199019e-01   8.4613843e-02  -3.6717666e-01  -5.9013040e-01  -1.0183596e+00  -1.1737264e+00  -1.2175138e+00  -1.2394070e+00  -1.0337639e+00  -1.5028660e+00  -1.3725177e+00  -1.7539255e+00  -1.8046117e+00
   2.7226098e+00   2.1278425e+00   8.7968954e-01   9.1408171e-01   3.6579008e-01  -1.9848918e-01  -4.8824929e-01  -6.8453861e-01  -7.7550525e-01  -8.4360962e-01  -6.8225934e-01  -6.4459311e-01  -9.4453013e-01  -9.3969219e-01  -1.0291809e+00  -9.9857177e-01
   2.6066311e+00   2.2487998e+00   8.5745851e-01   1.3159320e-01   3.5518884e-02  -1.4610961e-01  -3.3434380e-01  -6.3084920e-01  -1.1329339e+00  -1.0475904e+00  -7.7009713e-01  -6.4753649e-01  -1.1373693e+00  -1.3471331e+00  -1.2961985e+00  -1.3292760e+00
   3.2217444e+00   2.0984683e+00   1.2355089e+00   7.4728289e-01   4.1720601e-01  -1.4709555e-01  -5.8968392e-01  -8.5244873e-01  -1.3865942e+00  -1.1870937e+00  -1.0400364e+00  -9.7691760e-01  -1.3192831e+00  -1.5820014e+00  -1.6298125e+00  -1.6875559e+00
   2.5742873e+00   1.8141025e+00   1.4653398e+00   6.0872646e-01   6.8662276e-01   4.0449053e-01  -1.8261289e-01  -3.3848243e-01  -5.2751267e-01  -4.3578741e-01  -4.4003852e-01  -5.0987234e-01  -6.4792274e-01  -6.7035934e-01  -6.7910195e-01  -6.5367625e-01
   3.1519237e+00   2.0033664e+00   1.0809747e+00   1.9794500e-01   4.9160250e-01   2.7415186e-01  -5.1786580e-01  -1.0160820e+00  -9.2940020e-01  -1.1702590e+00  -1.0456500e+00  -1.0083735e+00  -1.3893848e+00  -1.8727163e+00  -1.7593205e+00  -1.6867320e+00
   3.2390387e+00   1.6678912e+00   6.5641029e-01   5.0823139e-01   5.8504239e-01   2.0082311e-01  -2.7006285e-01  -8.2008690e-01  -8.8281053e-01  -9.6651796e-01  -7.6713381e-01  -7.5323638e-01  -9.7796993e-01  -1.1790673e+00  -1.3353394e+00  -1.2847591e+00
   4.0473729e+00   2.2529719e+00   1.1410287e+00   5.4632279e-01   6.4631199e-01   1.6836658e-01  -3.6392329e-01  -6.4401995e-01  -6.5545755e-01  -6.9479893e-01  -6.4891271e-01  -5.6588376e-01  -9.1102875e-01  -9.6210687e-01  -9.1393631e-01  -9.2734969e-01
   3.6074576e+00   1.7554053e+00   1.1712550e+00   8.6655564e-01   3.9941271e-01   2.4883184e-01  -6.8670266e-02  -2.0677711e-01  -3.8963641e-01  -4.0170926e-01  -3.5225050e-01  -3.7155827e-01  -5.0574221e-01  -5.1135287e-01  -4.8071921e-01  -4.5223296e-01
   3.6848677e+00   2.0984845e+00   1.3328313e+00   6.8864983e-01   9.3392174e-02   4.4793112e-01  -9.1563160e-02  -3.8196163e-01  -4.6634238e-01  -4.5621407e-01  -3.5055323e-01  -4.4963345e-01  -6.6636551e-01  -6.4270140e-01  -6.8075379e-01  -6.5648618e-01
   3.2684670e+00   1.5772269e+00   9.7498886e-01   7.7743682e-01   4.7261486e-01   4.6358314e-01  -6.5756987e-02  -3.3455669e-01  -3.6827741e-01  -4.1281878e-01  -3.1054492e-01  -4.0819649e-01  -5.2991935e-01  -5.2834582e-01  -5.2187756e-01  -4.9368047e-01
   3.0333568e+00   2.0806248e+00   1.2432177e+00   9.5410657e-01   8.2947129e-01   3.5548056e-01  -2.9480289e-01  -6.9743264e-01  -1.3892104e+00  -1.2123285e+00  -9.7240234e-01  -1.1403759e+00  -1.4503456e+00  -1.4249191e+00  -1.6937775e+00  -1.9352449e+00
