   3.4566803e-01  -6.3099955e-01  -1.1653152e+00  -8.7622307e-01  -1.4195716e+00  -1.8510922e+00  -2.2739360e+00  -2.2348124e+00  -2.0031803e+00  -2.4532568e+00  -2.6208939e+00  -2.7213050e+00  -2.5952883e+00  -2.5565329e+00  -2.3767064e+00  -2.1062772e+00
   7.4802196e-01  -3.0751940e-01  -1.0546761e+00  -9.6321035e-01  -1.3104364e+00  -1.9360514e+00  -2.2098190e+00  -2.3368103e+00  -2.0445883e+00  -2.2090071e+00  -2.4371966e+00  -2.8378379e+00  -2.6618327e+00  -2.5248488e+00  -2.6173405e+00  -2.2054298e+00
   6.0254800e-01  -1.0567000e-01  -1.1114433e+00  -1.1085715e+00  -1.5112776e+00  -1.4811328e+00  -1.9178301e+00  -1.8526581e+00  -1.9589985e+00  -2.2512905e+00  -2.2886488e+00  -2.7847378e+00  -2.6275186e+00  -2.4494232e+00  -2.4252544e+00  -2.4625800e+00
   7.2112037e-01   1.6508515e-01  -5.7612785e-01  -4.1458954e-01  -1.2053398e+00  -1.7065208e+00  -2.3483207e+00  -1.9570794e+00  -2.3243390e+00  -2.5841713e+00  -2.6246262e+00  -2.7935958e+00  -2.4685829e+00  -2.6822423e+00  -2.7771866e+00  -2.6125260e+00
   7.2354082e-01   3.4253920e-01  -4.5768893e-01  -1.7358521e-01  -1.1029917e+00  -1.3568306e+00  -2.2131265e+00  -2.4247874e+00  -2.3439711e+00  -2.3386241e+00  -2.7143604e+00  -2.4512869e+00  -2.5456493e+00  -2.4755712e+00  -2.6404443e+00  -2.4005869e+00
   6.4236725e-01   2.8673576e-02  -7.5724756e-01  -6.8969543e-01  -1.3874476e+00  -1.5137280e+00  -2.2354656e+00  -2.4288839e+00  -2.4980902e+00  -2.3305086e+00  -2.5818404e+00  -2.7032643e+00  -2.6513502e+00  -2.5862549e+00  -2.6376762e+00  -2.4313045e+00
   8.7084151e-02  -4.0775927e-01  -7.6759180e-01  -2.4925139e-01  -1.2010851e+00  -1.5889917e+00  -2.2418808e+00  -2.1528135e+00  -2.3145701e+00  -2.3949845e+00  -2.6957495e+00  -2.6662363e+00  -2.8861268e+00  -2.5164069e+00  -2.6260033e+00  -2.5073890e+00
   2.1325169e-01  -2.4693561e-01  -9.8050774e-01  -8.8653967e-01  -1.7159553e+00  -1.9378204e+00  -2.2063738e+00  -2.3168067e+00  -2.2306091e+00  -2.2756809e+00  -2.6985122e+00  -2.6704482e+00  -2.6072582e+00  -2.3071487e+00  -2.4400493e+00  -2.2072959e+00
   7.8179592e-01  -3.2107272e-01  -9.1608539e-01  -8.8341268e-01  -1.4833971e+00  -1.5634415e+00  -2.3374697e+00  -2.1282920e+00  -2.1888628e+00  -2.6723237e+00  -2.9717084e+00  -2.8866477e+00  -2.6930309e+00  -2.6008470e+00  -2.6894957e+00  -2.3503018e+00
   8.0433136e-01  -9.0138057e-02  -7.8905705e-01  -4.1495795e-01  -1.3835516e+00  -1.6058558e+00  -2.1193189e+00  -2.2634852e+00  -2.2265840e+00  -2.5817946e+00  -2.6712085e+00  -2.5412797e+00  -2.5488797e+00  -2.4990484e+00  -2.3777698e+00  -2.4230270e+00
   8.5809371e-01  -7.0447203e-01  -8.2347756e-01  -2.7658150e-01  -7.9309358e-01  -1.9801826e+00  -2.1510596e+00  -2.5119573e+00  -2.6329574e+00  -2.5425993e+00  -2.8360552e+00  -3.0147152e+00  -2.8719519e+00  -2.7375049e+00  -2.5283390e+00  -2.4136506e+00
   5.5627229e-01  -3.0466529e-01  -7.1692082e-01  -3.4486592e-01  -1.2621153e+00  -1.5074991e+00  -2.3579836e+00  -2.3302676e+00  -2.2896927e+00  -2.3318701e+00  -2.6393763e+00  -2.8978626e+00  -2.7741678e+00  -2.4570312e+00  -2.5119384e+00  -2.3021281e+00
   2.8265356e-01  -2.1779853e-01  -3.9009186e-01  -4.4788042e-01  -9.9909979e-01  -1.1777094e+00  -2.4856798e+00  -2.0168455e+00  -2.1823298e+00  -2.7037772e+00  -2.6524888e+00  -2.6106638e+00  -2.8356116e+00  -2.4997605e+00  -2.5717428e+00  -2.2350064e+00
   6.9882919e-01   1.4421695e-02  -6.8524353e-01  -4.1787079e-01  -9.1409922e-01  -1.7890208e+00  -2.3974353e+00  -2.2338863e+00  -2.4244246e+00  -2.5830900e+00  -2.8821307e+00  -2.7890769e+00  -2.7176032e+00  -2.6000171e+00  -2.4399529e+00  -2.2881866e+00
   6.9036462e-01  -3.6381336e-01  -8.9037414e-01  -3.6579074e-01  -8.8524232e-01  -2.1342624e+00  -2.6329372e+00  -2.4418078e+00  -2.2776377e+00  -2.8871121e+00  -2.8727387e+00  -2.8885728e+00  -2.7863480e+00  -2.7298317e+00  -2.4624221e+00  -2.3278436e+00
   1.9770232e-02  -8.1963013e-01  -7.5584929e-01  -4.7707474e-01  -1.1624646e+00  -2.1945821e+00  -2.2810726e+00  -2.2188140e+00  -2.0969759e+00  -3.1665296e+00  -2.7073198e+00  -2.7556527e+00  -2.6400555e+00  -2.5686742e+00  -2.5209682e+00  -2.5021439e+00
   6.4778827e-01  -6.9883007e-02  -9.8220810e-01  -3.3645104e-01  -7.1953876e-01  -1.8873817e+00  -2.0255628e+00  -1.9560072e+00  -2.1611977e+00  -2.4583965e+00  -2.5953786e+00  -2.8027421e+00  -2.7330414e+00  -2.8462793e+00  -2.8812135e+00  -2.4956589e+00
   1.0264494e+00  -3.4025607e-01  -4.6252762e-01  -4.9710214e-01  -7.7448313e-01  -2.2057735e+00  -2.5526744e+00  -2.1702086e+00  -2.1843165e+00  -2.6701589e+00  -2.4027009e+00  -2.6679066e+00  -2.9362188e+00  -2.7903367e+00  -2.8191094e+00  -2.3853855e+00
   8.0827957e-01  -2.7915267e-01  -7.8463756e-01  -4.0830787e-01  -6.0387648e-01  -1.5516513e+00  -2.6274006e+00  -2.5528214e+00  -2.2088986e+00  -2.6965419e+00  -2.5388812e+00  -2.8253992e+00  -2.7110351e+00  -2.4537271e+00  -2.6365808e+00  -2.1326985e+00
   8.9962031e-01  -4.3352780e-01  -1.0351906e+00  -5.6667915e-01  -6.3319728e-01  -1.4799366e+00  -2.3373428e+00  -2.0348397e+00  -2.0935370e+00  -2.3995854e+00  -2.7781085e+00  -2.7417962e+00  -2.6026337e+00  -2.7184411e+00  -2.6562016e+00  -2.3214280e+00
   3.6917544e-01  -7.9224346e-01  -1.2748627e+00  -8.7923414e-01  -9.3842672e-01  -1.5603502e+00  -2.4347434e+00  -2.2783902e+00  -2.2669211e+00  -2.3023965e+00  -2.7716978e+00  -3.0149056e+00  -2.5921173e+00  -2.8397329e+00  -2.6242271e+00  -2.3658536e+00
   6.8823904e-01  -2.8630238e-01  -1.1181848e+00  -9.3292125e-01  -9.5485844e-01  -2.0938434e+00  -2.6064801e+00  -2.2675865e+00  -2.4707303e+00  -2.5424201e+00  -2.8932825e+00  -2.6812761e+00  -2.5480856e+00  -2.4145818e+00  -2.4323399e+00  -2.3544828e+00
   8.5380241e-01  -4.6093168e-01  -1.1351717e+00  -1.3037877e+00  -1.2859796e+00  -1.9532540e+00  -2.8758818e+00  -2.3619643e+00  -2.3408178e+00  -2.4884997e+00  -3.0307250e+00  -2.6616908e+00  -2.4229001e+00  -2.4867467e+00  -2.5682971e+00  -2.3815607e+00
   5.4060943e-01  -6.7729307e-01  -9.4545260e-01  -8.8563369e-01  -1.5927155e+00  -2.0355432e+00  -2.3448429e+00  -2.4454414e+00  -2.2141228e+00  -2.6076597e+00  -2.7045367e+00  -2.8879155e+00  -2.3685128e+00  -2.3531827e+00  -2.5186947e+00  -2.5910711e+00
   2.7662415e-01  -1.3931845e-01  -3.3453348e-01  -6.6134527e-01  -1.8054806e+00  -1.8831004e+00  -2.3196316e+00  -1.9186396e+00  -2.1453069e+00  -2.5726059e+00  -2.6453384e+00  -2.6285583e+00  -2.3837124e+00  -2.3631907e+00  -2.6533472e+00  -2.4951469e+00
   8.3456404e-01  -1.8534788e-01  -8.9211328e-01  -1.2711007e+00  -1.7044144e+00  -1.7466192e+00  -2.2598398e+00  -2.0825572e+00  -1.9257107e+00  -2.1925940e+00  -2.2984628e+00  -2.4186472e+00  -2.3970195e+00  -2.5115322e+00  -2.7588698e+00  -2.6025190e+00
   6.5566068e-01  -6.0009464e-01  -8.3806852e-01  -9.2300255e-01  -1.2291101e+00  -1.5831058e+00  -1.9742554e+00  -2.0160336e+00  -2.0805474e+00  -2.1467760e+00  -2.3314530e+00  -2.1607219e+00  -1.8593803e+00  -1.9009987e+00  -2.2275292e+00  -2.1439116e+00
   3.0672086e-01  -2.8006313e-01  -6.3162514e-01  -1.7198954e-01  -9.7713925e-01  -1.6930621e+00  -1.9890247e+00  -2.0102786e+00  -2.5054796e+00  -2.0858752e+00  -2.2015367e+00  -2.2218211e+00  -2.1646053e+00  -2.0827860e+00  -2.3394716e+00  -2.3514094e+00
   1.0017757e+00  -1.9460871e-01  -7.2670148e-01  -1.8506826e-01  -1.0837013e+00  -2.0233062e+00  -2.4776576e+00  -2.1537541e+00  -2.1033079e+00  -2.2376420e+00  -2.7384841e+00  -2.5300068e+00  -2.4329103e+00  -2.3903088e+00  -2.4924620e+00  -2.3389817e+00
   4.6437360e-01   3.0588092e-01  -8.5840294e-01  -4.6912242e-01  -1.3566781e+00  -2.3880522e+00  -2.4401173e+00  -2.1138199e+00  -2.3956442e+00  -2.4046009e+00  -2.6403130e+00  -1.6663561e+00  -2.2649952e+00  -1.8482322e+00  -2.0800404e+00  -2.5841553e+00
   9.5698764e-01   2.4703354e-01  -5.8444330e-01  -7.7175413e-01  -1.1714490e+00  -1.5849526e+00  -2.1550480e+00  -2.2287187e+00  -2.1588814e+00  -2.2499286e+00  -2.3540451e+00  -1.8260525e+00  -2.4326435e+00  -1.9912994e+00  -2.1484541e+00  -2.3473154e+00
  -1.0658863e-01   5.3163515e-01   1.9101353e-01  -7.7164700e-01  -2.3216153e-01  -7.1989784e-01  -1.1568748e+00  -1.4858834e+00  -1.3667474e+00  -1.6117057e+00  -1.6508881e+00  -9.7048351e-01  -2.1344970e+00  -1.3578762e+00  -1.7168691e+00  -2.4663421e+00
   2.8710107e-02   4.8586203e-01  -1.3604848e-01  -1.3018802e-02  -3.8368915e-01  -6.0374483e-01  -7.8698851e-01  -1.3330380e+00  -1.5562753e+00  -1.5478946e+00  -1.9285022e+00  -1.3149996e+00  -1.8338007e+00  -5.4295703e-01  -7.7316061e-01  -2.0698138e+00
   2.4282464e-01   4.9595605e-01  -2.6318307e-01   2.9372752e-01  -1.7079617e-01  -3.0785657e-01  -6.5490246e-01  -9.0893142e-01  -1.2937678e+00  -1.4055849e+00  -1.7163560e+00  -1.2212012e+00  -1.7834377e+00  -6.8945632e-01  -8.3706539e-01  -1.9127317e+00
   7.2898365e-01   6.0226430e-01  -1.6746070e-01  -4.8020297e-02  -6.0519671e-02  -5.8904176e-01  -8.5977917e-01  -8.0472510e-01  -1.1789774e+00  -1.2315140e+00  -1.5944521e+00  -9.4819265e-01  -1.6651056e+00  -5.3885415e-01  -9.3629876e-01  -2.0086217e+00
   7.8900791e-01   7.4149154e-01  -2.6463375e-01  -5.3447166e-02  -1.4465075e-01  -4.8429093e-01  -6.1103861e-01  -7.9773520e-01  -1.2065757e+00  -1.1123677e+00  -1.2805214e+00  -4.9386940e-02  -5.3390157e-01   2.5325047e-01  -1.2103168e-01  -1.9386068e+00
   1.1306554e+00   7.2388763e-01  -3.9009673e-02   2.5089008e-01   3.8831468e-02  -3.6200350e-01  -6.8025987e-01  -9.1703065e-01  -1.0387151e+00  -8.7137079e-01  -1.4300938e+00  -2.4362374e-01  -7.6657995e-01   1.8670235e-01  -2.3336228e-01  -1.5728142e+00
   4.9560649e-01   8.9584963e-01   1.1331646e-01  -5.4105737e-02  -1.4617213e-01  -5.1469108e-01  -9.4525001e-01  -9.8369345e-01  -1.5855275e+00  -1.1750418e+00  -1.7286703e+00  -6.9526187e-01  -1.0015279e+00  -1.9074983e-01  -6.7417738e-01  -1.8184042e+00
   1.7139097e-02   8.2456557e-01  -7.9789472e-03  -2.9961696e-01  -1.3197498e-01  -6.7057110e-01  -1.1148762e+00  -1.0713014e+00  -1.2844985e+00  -1.0603606e+00  -1.5092578e+00  -3.7409074e-01  -5.2298403e-01  -2.6035142e-01  -6.4662743e-01  -1.6541725e+00
   8.3842087e-01   1.0518107e+00  -1.5947000e-02   1.5532711e-01  -1.7090722e-01  -6.5902951e-01  -1.2581424e+00  -1.2898969e+00  -1.4753926e+00  -8.0323532e-01  -1.4053083e+00  -5.9929853e-01  -6.0701958e-01  -1.1818813e-01  -6.7847088e-01  -1.8966703e+00
  -2.0133072e-01   9.7769670e-01   1.9808154e-02   5.7279336e-03  -4.5356193e-02  -4.1146685e-01  -1.1223617e+00  -1.4490027e+00  -1.7748841e+00  -1.2466503e+00  -1.7519029e+00  -4.6038221e-01  -5.4412704e-01  -1.6663626e-01  -7.0373769e-01  -2.2556353e+00
   4.5598357e-01   1.1520518e+00   1.3215896e-01   3.2785275e-01  -1.6350494e-01  -9.0895470e-01  -1.3608543e+00  -1.3800894e+00  -1.8168992e+00  -1.1694625e+00  -1.8154429e+00  -6.3467026e-01  -6.3161638e-01  -1.1414860e-01  -6.5397486e-01  -1.9764523e+00
   9.4040825e-01   9.1548828e-01   4.5082087e-02  -1.5244688e-01   1.0545948e-01  -4.8564455e-01  -8.9835428e-01  -1.3735870e+00  -1.3660083e+00  -1.0066197e+00  -1.6387053e+00  -7.3405888e-01  -7.6585333e-01  -2.6242176e-01  -6.6524338e-01  -2.1114958e+00
   7.4225052e-01   1.0375407e+00   1.9533734e-01   3.8190776e-01   1.6192914e-01  -3.2402549e-01  -7.7144540e-01  -1.4068009e+00  -1.3292394e+00  -9.4348202e-01  -1.6376256e+00  -6.3673366e-01  -8.5891609e-01  -3.7234049e-01  -6.0804610e-01  -2.1885253e+00
   4.5416354e-01   9.5058275e-01  -5.1678597e-02  -1.0911287e-01  -2.0027093e-02  -2.4544856e-01  -8.5775779e-01  -1.3996455e+00  -1.2655457e+00  -1.0382887e+00  -1.3958270e+00  -4.9629854e-01  -8.4430961e-01  -2.5428133e-01  -4.5585935e-01  -1.8692663e+00
   5.8347986e-01   1.1851825e+00   1.3113732e-01   5.9955599e-02  -3.6582850e-02  -5.1368823e-01  -9.4331070e-01  -1.5840662e+00  -1.3312641e+00  -9.4919240e-01  -1.3293362e+00  -7.9508970e-01  -8.0481569e-01  -5.8079657e-01  -8.4103149e-01  -1.6762096e+00
   7.5333936e-01   1.0109179e+00  -2.3527418e-01  -1.8239181e-01  -1.9151158e-02  -3.1027206e-01  -7.6474573e-01  -1.4868772e+00  -1.5675121e+00  -1.1592498e+00  -1.4768672e+00  -7.7527937e-01  -1.0270658e+00  -8.1494726e-01  -9.3420729e-01  -1.8625091e+00
   4.0830368e-01   9.1411764e-01   4.8800587e-03   1.7940179e-01   4.7067545e-02  -2.5566125e-01  -8.1940914e-01  -1.6100135e+00  -1.5971545e+00  -1.4539603e+00  -1.7164381e+00  -7.3642246e-01  -9.1940405e-01  -7.3089011e-01  -9.3695718e-01  -1.9795884e+00
   4.1431255e-01   1.0202518e+00   6.9667176e-02   1.7937167e-01   8.6447446e-02  -3.8229765e-01  -1.0181161e+00  -1.6914432e+00  -1.9497934e+00  -1.6711134e+00  -1.5870742e+00  -6.9816183e-01  -1.0278126e+00  -8.2827240e-01  -8.8430115e-01  -1.9618874e+00
   5.6274349e-01   1.0553807e+00   1.3941739e-01   1.7490836e-01  -1.6944306e-01  -4.9368437e-01  -9.0430648e-01  -1.4170356e+00  -1.8543480e+00  -1.7890218e+00  -1.6442925e+00  -7.2650696e-01  -1.0133667e+00  -8.9964116e-01  -9.0777364e-01  -1.8513424e+00
   4.1270711e-01   1.0971312e+00  -3.1828864e-03   1.2077952e-01   9.2548614e-02  -4.6897564e-01  -1.0318552e+00  -1.5584787e+00  -2.1962250e+00  -1.5242523e+00  -1.6103970e+00  -7.7119246e-01  -1.0768724e+00  -7.6171001e-01  -8.0797282e-01  -2.1019338e+00
   3.1772755e-01   1.0894702e+00   1.2835869e-01  -8.2190952e-02  -3.7573078e-02  -6.7488699e-01  -1.1651876e+00  -1.6511663e+00  -2.0369605e+00  -1.4309262e+00  -1.5541215e+00  -8.2399384e-01  -1.3365888e+00  -7.2153756e-01  -8.2802169e-01  -2.0723864e+00
   5.8909488e-01   1.0338014e+00  -7.6423858e-02  -7.1459568e-02  -7.7333713e-02  -5.2840088e-01  -1.1140041e+00  -1.6283110e+00  -1.9936094e+00  -1.5347715e+00  -1.6758920e+00  -1.0366172e+00  -1.5597510e+00  -7.6246790e-01  -9.3105893e-01  -2.2606604e+00
   7.2070728e-01   8.5218384e-01   1.8729661e-01   1.0832849e-01  -1.8857393e-01  -5.7034107e-01  -1.3718663e+00  -1.6678240e+00  -2.2825888e+00  -1.5865839e+00  -1.5217488e+00  -9.8004321e-01  -1.3975262e+00  -7.9846863e-01  -9.5589921e-01  -2.3221930e+00
   1.7270077e-01   9.4979607e-01   7.4265812e-02  -5.7548223e-02  -1.4119863e-01  -8.2790038e-01  -1.3648915e+00  -1.5691721e+00  -2.0909210e+00  -1.9006349e+00  -1.6565461e+00  -8.2517169e-01  -9.4721918e-01  -6.9682734e-01  -1.0478767e+00  -2.2182209e+00
   7.6666315e-01   8.4656362e-01  -1.6248414e-01  -2.1885443e-01  -3.4667575e-01  -7.6720178e-01  -1.4103318e+00  -1.6340650e+00  -2.0931362e+00  -2.1238839e+00  -1.6392866e+00  -7.1223030e-01  -8.0169355e-01  -8.8499646e-01  -1.2307184e+00  -2.1116578e+00
   1.0047475e+00   1.0786587e+00   2.5747788e-01   1.8659990e-01  -1.4363674e-01  -7.4881474e-01  -1.4402623e+00  -1.4894632e+00  -1.6071250e+00  -1.7854395e+00  -1.3556261e+00  -7.8730775e-01  -8.6818766e-01  -7.5648561e-01  -1.0939655e+00  -2.2423745e+00
   2.1563464e-01   6.5271112e-01  -1.4275939e-01  -8.9328714e-02  -3.2369416e-01  -8.5348530e-01  -1.6876003e+00  -1.7244396e+00  -2.0105690e+00  -2.1937691e+00  -1.5336095e+00  -7.6455804e-01  -7.1285773e-01  -1.0224726e+00  -1.4012787e+00  -2.2225049e+00
  -7.8089725e-02   9.3425993e-01   1.5602217e-01   3.1300186e-01  -2.6228628e-01  -8.9843096e-01  -1.5509762e+00  -1.7624747e+00  -2.4081533e+00  -2.1356647e+00  -1.5938618e+00  -7.6092479e-01  -6.7283160e-01  -8.1658235e-01  -1.0788604e+00  -1.9249995e+00
   5.8713909e-01   8.6735059e-01   1.0337808e-01  -5.2406697e-02  -3.1615914e-01  -1.0056107e+00  -1.7881872e+00  -1.6701050e+00  -1.6808404e+00  -1.9119894e+00  -1.7698723e+00  -9.2132766e-01  -8.1991002e-01  -8.6762637e-01  -1.0474921e+00  -2.0206539e+00
   1.4797181e-01   9.1557528e-01   3.2358672e-01   1.3363775e-02  -4.5306027e-01  -8.7772301e-01  -1.5868987e+00  -1.6304378e+00  -2.1060829e+00  -2.2450190e+00  -1.7381704e+00  -1.0741116e+00  -1.0210139e+00  -1.0162842e+00  -1.1577564e+00  -2.2864726e+00
   6.4358893e-01   1.0432888e+00   2.5680584e-01   4.2341311e-02  -1.0409108e+00  -1.4144399e+00  -1.5575432e+00  -1.6492608e+00  -2.1196377e+00  -2.2034609e+00  -1.6380285e+00  -1.3543059e+00  -1.3719648e+00  -1.3478141e+00  -1.4167405e+00  -2.1881928e+00
   4.1413769e-01   9.6790726e-01   1.2498542e-01   1.4313459e-02  -1.3270157e+00  -1.3464798e+00  -1.6910992e+00  -1.5584951e+00  -2.1143680e+00  -2.0917577e+00  -1.8116162e+00  -1.9519666e+00  -1.8290200e+00  -1.6250765e+00  -1.5402751e+00  -2.1498739e+00
   8.1347914e-01   1.1095069e+00   2.6820673e-01   2.4167852e-01  -1.5142492e+00  -1.5288749e+00  -1.9742994e+00  -2.2483656e+00  -1.9795126e+00  -1.4395859e+00  -1.6855314e+00  -1.8166462e+00  -2.2549616e+00  -1.8842091e+00  -1.6921101e+00  -2.3693029e+00
   8.7878030e-01   1.1517935e+00   2.6234948e-01   3.2360009e-01  -9.1406281e-01  -1.1706079e+00  -1.9294477e+00  -2.0975394e+00  -2.4535676e+00  -1.6313398e+00  -1.6777804e+00  -1.9671858e+00  -2.4117062e+00  -2.1886439e+00  -1.8994831e+00  -2.3622259e+00
   8.8521469e-01   1.1314877e+00   2.3859583e-01   4.8275038e-01  -5.6970878e-01  -1.4164305e+00  -1.9117039e+00  -1.8255884e+00  -2.3755927e+00  -2.3023667e+00  -1.7413632e+00  -1.9517765e+00  -2.2867575e+00  -2.2851373e+00  -2.0078632e+00  -2.4531222e+00
   1.1840285e+00   1.2880142e+00   1.9640583e-01   1.8757510e-01  -7.3146887e-01  -8.9799989e-01  -2.0728583e+00  -2.0088233e+00  -2.1327337e+00  -2.0282410e+00  -1.8098571e+00  -2.2337385e+00  -2.4677617e+00  -2.4607521e+00  -2.0179300e+00  -2.2718602e+00
   7.9387340e-01   1.2417597e+00   3.8149090e-01   2.6724739e-01  -7.0586961e-01  -1.0442750e+00  -1.8273685e+00  -1.8461583e+00  -2.0656254e+00  -2.3325672e+00  -1.8010573e+00  -2.0235058e+00  -2.4535116e+00  -2.4508578e+00  -1.9310938e+00  -2.2442279e+00
   3.1619637e-01   9.9508664e-01   2.5552546e-01   2.7417744e-01  -8.1853556e-01  -1.1661473e+00  -1.9480094e+00  -2.0691970e+00  -2.3219820e+00  -2.1659833e+00  -1.8591868e+00  -2.0886967e+00  -2.4774209e+00  -2.3481640e+00  -2.1088630e+00  -2.2962712e+00
   7.1610168e-01   1.1205237e+00   3.5039363e-01   1.4520679e-01  -1.0834872e+00  -1.2785871e+00  -2.0275450e+00  -2.2121499e+00  -2.0311702e+00  -2.2771341e+00  -2.0042412e+00  -2.2604061e+00  -2.5290907e+00  -2.4354532e+00  -2.2340663e+00  -2.6913755e+00
   8.2201541e-01   1.0435297e+00   2.0941388e-02   4.0235806e-01  -5.3307647e-01  -1.4262471e+00  -2.2622230e+00  -1.9970737e+00  -2.1225032e+00  -2.0312518e+00  -1.8391332e+00  -2.0817145e+00  -2.3494992e+00  -2.2180210e+00  -2.0069329e+00  -2.3677135e+00
   7.5386328e-01   8.5384529e-01   2.3807583e-01   4.9262890e-02  -5.8568012e-01  -1.5122218e+00  -2.3232590e+00  -2.6365091e+00  -1.7963426e+00  -1.9543956e+00  -2.0243694e+00  -2.4744566e+00  -2.5071294e+00  -2.4738629e+00  -2.2553598e+00  -2.5208331e+00
   1.3079511e+00   1.1727508e+00   2.5969913e-02   6.3695773e-02  -7.1726173e-01  -1.6308391e+00  -2.4458863e+00  -2.6655114e+00  -1.9975126e+00  -1.9619916e+00  -2.1034453e+00  -2.5010189e+00  -2.3683955e+00  -2.5399083e+00  -2.1841646e+00  -2.2886836e+00
   6.6052332e-01   1.0219310e+00   9.8023347e-02  -2.4894401e-01  -1.3303714e+00  -1.8067442e+00  -2.4238447e+00  -2.3249724e+00  -1.9942740e+00  -2.3190637e+00  -1.8655939e+00  -2.4791111e+00  -2.4281424e+00  -2.3309420e+00  -2.1032075e+00  -2.2886876e+00
   6.5322299e-01   9.8028578e-01   2.5343516e-01   1.7997665e-01  -8.7095472e-01  -1.7126612e+00  -2.3739318e+00  -1.9286651e+00  -2.2040446e+00  -2.1243816e+00  -1.7196804e+00  -2.2925486e+00  -2.6868416e+00  -2.4592031e+00  -2.7535507e+00  -2.8291219e+00
   5.5108129e-01   7.4330487e-01   6.5503028e-02   2.6782180e-01  -1.1035898e+00  -1.7869907e+00  -2.2007328e+00  -2.1276254e+00  -2.0226027e+00  -2.2431156e+00  -2.1603537e+00  -2.1731974e+00  -2.4725068e+00  -2.5531606e+00  -2.4709170e+00  -2.5246806e+00
   9.1453313e-01   8.7107650e-01   2.8057057e-01  -1.2209143e-01  -1.1059414e+00  -1.5121738e+00  -2.3593137e+00  -2.3103214e+00  -2.0831152e+00  -1.8607759e+00  -1.9868299e+00  -2.4517143e+00  -2.4920516e+00  -2.5203440e+00  -2.3942535e+00  -2.4441605e+00
   4.4200726e-01   6.1105282e-01   1.0653386e-01   2.1008171e-01  -7.2504401e-01  -9.5639654e-01  -2.1895594e+00  -1.8336710e+00  -1.8805000e+00  -2.2032764e+00  -1.9033874e+00  -2.2556484e+00  -2.3031344e+00  -2.3492115e+00  -2.4371657e+00  -2.4105229e+00
   7.4697788e-01   5.7961408e-01  -2.1445511e-01  -1.0487383e+00  -9.9938343e-01  -1.6986236e+00  -2.2440596e+00  -2.0140775e+00  -1.6923781e+00  -2.0358042e+00  -2.1183379e+00  -2.4093545e+00  -2.1858123e+00  -2.0782806e+00  -2.2230880e+00  -2.2240525e+00
   7.0248725e-01   4.2973394e-01  -3.8494339e-01  -6.4200629e-01  -1.0118003e+00  -1.4340373e+00  -2.1595515e+00  -2.1787667e+00  -2.0055258e+00  -2.1005754e+00  -2.5669151e+00  -2.4600474e+00  -2.4651460e+00  -2.2138693e+00  -1.9558084e+00  -2.4162174e+00
   3.6426737e-01   2.3226327e-01  -7.0418402e-01  -9.8501992e-01  -1.5908031e+00  -1.7882560e+00  -2.2694215e+00  -2.2423136e+00  -2.2086897e+00  -2.1091464e+00  -2.4694446e+00  -2.3342032e+00  -2.2779435e+00  -2.1383292e+00  -2.1843962e+00  -2.4218711e+00
   4.9101081e-01   1.1457868e-01  -8.3617802e-01  -1.3916294e+00  -1.4124691e+00  -2.2945662e+00  -2.4727770e+00  -1.9405462e+00  -1.5770641e+00  -2.2012292e+00  -2.2195629e+00  -2.2449131e+00  -2.3382148e+00  -2.1156693e+00  -2.1356496e+00  -2.2850312e+00
   1.3276633e-01   5.6383275e-02  -9.8578217e-01  -6.7101133e-01  -1.3663881e+00  -2.4127302e+00  -2.4609660e+00  -2.4169376e+00  -1.9178412e+00  -2.0736705e+00  -2.1835225e+00  -2.2693497e+00  -2.1205507e+00  -1.9057738e+00  -2.0191671e+00  -2.3144281e+00
   3.9604737e-01  -3.6567618e-01  -1.2641181e+00  -8.3377187e-01  -1.2172047e+00  -2.0408075e+00  -2.5042362e+00  -2.3053900e+00  -2.4377391e+00  -2.3918976e+00  -2.3711734e+00  -2.6548500e+00  -2.0586643e+00  -1.9565368e+00  -2.1117958e+00  -2.3846508e+00
   9.3196371e-01  -2.4241921e-01  -6.9226536e-01  -7.3143083e-01  -1.0865984e+00  -1.7203101e+00  -2.3754721e+00  -2.3034120e+00  -2.3460615e+00  -2.5785444e+00  -2.4437698e+00  -2.6207310e+00  -2.3439918e+00  -2.0386152e+00  -2.1656225e+00  -2.4631011e+00
   2.3462308e-01  -2.8566170e-01  -7.5919267e-01  -9.0415922e-01  -1.5503300e+00  -1.8402948e+00  -2.0763703e+00  -2.2992985e+00  -2.2793352e+00  -2.3712793e+00  -2.3585642e+00  -2.6134175e+00  -2.5856610e+00  -2.0896543e+00  -2.1995560e+00  -2.1262721e+00
   8.1583948e-01  -1.5541088e-01  -1.1010506e+00  -6.7108371e-01  -1.1826795e+00  -1.5375383e+00  -2.1674629e+00  -2.4154544e+00  -2.2503817e+00  -2.1976353e+00  -2.0593198e+00  -2.3356497e+00  -2.5085712e+00  -2.0953590e+00  -2.0626862e+00  -2.2573283e+00
   9.0822453e-01   3.8202103e-02  -1.0419806e+00  -8.5272772e-04  -7.5577132e-01  -1.9439334e+00  -2.3397589e+00  -2.7928111e+00  -2.3245925e+00  -2.1986557e+00  -2.3933611e+00  -2.4525209e+00  -2.5750646e+00  -2.2599355e+00  -2.2464655e+00  -2.3594982e+00
   5.5532832e-01  -1.4666252e-01  -1.0217446e+00  -3.4884450e-01  -7.3655600e-01  -1.9008680e+00  -2.2501323e+00  -2.8841872e+00  -2.3254141e+00  -2.0718677e+00  -2.4756679e+00  -2.2961765e+00  -2.5984967e+00  -2.1726154e+00  -2.2891813e+00  -2.3714081e+00
   4.3860772e-01  -9.7849567e-01  -2.3662756e+00  -7.0846962e-01  -1.3205964e+00  -2.1140181e+00  -2.5022109e+00  -2.4074673e+00  -2.1697590e+00  -2.7367787e+00  -2.6923941e+00  -2.6002990e+00  -2.3365397e+00  -2.2550481e+00  -2.2602781e+00  -2.5096230e+00
