   1.1571986e+00   1.3209096e+00   4.3322554e-01   9.1066337e-01   4.9266441e-01   2.6276947e-01  -4.5420352e-01  -8.3344590e-01  -1.5599140e+00  -1.4469104e+00  -1.2971593e+00  -1.7533480e+00  -1.8318905e+00  -1.8658334e+00  -1.6485757e+00  -1.6482662e+00
   2.0089442e+00   1.4249863e+00   9.2095810e-01   3.4830117e-01   6.6379368e-01   5.3600537e-01  -8.5397508e-01  -1.4135082e+00  -1.4972730e+00  -1.4249747e+00  -1.2075997e+00  -1.7246321e+00  -1.8763216e+00  -1.7186091e+00  -1.6261832e+00  -1.6397034e+00
   2.2183092e+00   1.2320849e+00   7.8243765e-01   7.6671051e-01   6.3437542e-01  -3.4420521e-02  -5.6389463e-01  -1.1347749e+00  -1.0053020e+00  -1.3541696e+00  -1.2659613e+00  -1.6484783e+00  -1.6061218e+00  -1.9179897e+00  -1.8083096e+00  -1.8367112e+00
   2.2450485e+00   1.1912300e+00   4.9531165e-01   2.5632743e-01   2.8087851e-02   1.3405987e-01  -5.0345084e-01  -1.2083100e+00  -1.1155365e+00  -1.3362748e+00  -1.2175145e+00  -1.7099025e+00  -1.7439983e+00  -1.8985071e+00  -1.8771439e+00  -1.8843772e+00
   2.0168466e+00   3.9700936e-01   5.3521990e-01   5.2969113e-01   1.4092588e-01   4.1680142e-01  -3.5995783e-01  -1.0179142e+00  -1.4280440e+00  -1.0635748e+00  -1.2762003e+00  -1.7857223e+00  -2.0957961e+00  -1.8214806e+00  -1.8391774e+00  -1.6907530e+00
   2.1917633e+00   6.8714799e-01   7.6142263e-01   6.5559904e-01   6.8928409e-01   3.0587351e-01  -2.5793652e-01  -9.8681904e-01  -1.1090386e+00  -1.3679374e+00  -1.4951291e+00  -1.6189136e+00  -1.8199307e+00  -1.7769972e+00  -1.6318767e+00  -1.5428435e+00
   1.4603468e+00   1.3458030e+00   1.1142547e+00   3.3853087e-01   5.2445623e-02  -6.7952748e-02  -7.8265747e-01  -1.4418090e+00  -1.3714092e+00  -1.1191185e+00  -1.3665483e+00  -1.7255519e+00  -1.6973364e+00  -1.6731215e+00  -1.5963457e+00  -1.6539315e+00
   2.3353969e+00   9.0812641e-01   4.9104866e-01   3.0818578e-01   4.7985578e-01   2.0771038e-01  -8.4802206e-01  -1.3772912e+00  -1.5274715e+00  -1.3963249e+00  -1.1903927e+00  -1.5573080e+00  -1.7330876e+00  -1.8817418e+00  -2.2244534e+00  -1.9675756e+00
   1.7870104e+00   6.5823171e-01   4.4433098e-01   2.3331154e-01   5.9365149e-02   2.2479130e-01  -5.8305306e-01  -1.0965068e+00  -1.1612732e+00  -1.1707337e+00  -1.2664925e+00  -1.5303343e+00  -1.7277591e+00  -1.7552483e+00  -1.6504383e+00  -1.6721705e+00
   2.2453342e+00   1.5188669e+00   3.7943929e-01  -6.1862424e-02   3.1886287e-01   5.1285280e-01  -1.4536952e+00  -1.4959269e+00  -1.2776489e+00  -1.1415505e+00  -1.2779082e+00  -1.7998946e+00  -1.8141718e+00  -2.0388563e+00  -1.9435356e+00  -1.6694629e+00
   1.8950916e+00   1.5160266e+00   1.0256566e+00   7.6918206e-02  -1.0200498e-01   3.4565747e-01  -8.7842280e-01  -1.3134154e+00  -1.4341116e+00  -1.4055798e+00  -1.2487060e+00  -1.8795539e+00  -1.9332379e+00  -1.9547625e+00  -1.8771895e+00  -1.7178653e+00
   1.4621360e+00   1.3787395e+00   6.3991639e-01  -2.7606288e-02  -1.4908383e-01  -1.8092141e-01  -7.3616609e-01  -8.9732293e-01  -1.5439024e+00  -1.3659499e+00  -1.1604629e+00  -1.9036827e+00  -1.9069774e+00  -1.9370529e+00  -1.9686992e+00  -1.7895837e+00
   2.2161553e+00   8.7886120e-01   6.7722261e-01   3.3064564e-01  -6.9363003e-02   5.9223510e-01  -4.6459136e-01  -1.0337455e+00  -1.7168158e+00  -1.4988893e+00  -1.2381419e+00  -1.8753986e+00  -1.7647785e+00  -2.1593409e+00  -1.9721607e+00  -1.6642517e+00
   1.8290036e+00   9.5450000e-01   7.1018647e-01   9.6616051e-01   9.4967385e-02   4.6901799e-01  -5.5363895e-01  -9.4085288e-01  -1.8413344e+00  -1.5604900e+00  -1.0946518e+00  -1.6409612e+00  -1.7999003e+00  -1.7563315e+00  -1.9010368e+00  -1.7624794e+00
   2.1301891e+00   1.4356666e+00   5.4901620e-01   6.4113217e-01  -7.5599375e-02  -3.5285599e-01  -8.4106964e-01  -1.2505347e+00  -1.2148767e+00  -1.4765136e+00  -9.9846613e-01  -1.3754533e+00  -1.5571373e+00  -1.5584932e+00  -1.5525929e+00  -1.5013178e+00
   2.5256484e+00   1.6175926e+00   3.4978119e-01  -6.1156014e-02   1.5553505e-01   3.1027466e-02  -7.9857179e-01  -1.3430016e+00  -1.6413478e+00  -1.7541673e+00  -1.5281662e+00  -1.7161148e+00  -1.6823365e+00  -1.9197069e+00  -1.6898419e+00  -1.5967116e+00
   2.4367844e+00   9.4333601e-01   4.2728872e-01   1.5129498e-02  -3.1760510e-01  -2.3460890e-01  -8.1899551e-01  -1.1640556e+00  -1.4423788e+00  -1.4744059e+00  -9.4939176e-01  -1.6070401e+00  -1.8348418e+00  -1.8657058e+00  -1.6883716e+00  -1.8579883e+00
   1.8899229e+00   1.4166611e+00   5.7302445e-01   6.8219931e-01   2.6986200e-01   4.6247902e-01  -7.8919699e-01  -1.1208864e+00  -1.3110380e+00  -1.5827677e+00  -1.2269297e+00  -1.4862056e+00  -1.5911480e+00  -1.8292529e+00  -1.9437402e+00  -1.6875627e+00
   1.6475078e+00   1.1010984e+00   9.9708098e-01   9.3682978e-02   1.2433208e-01   4.9168380e-01  -7.6679894e-01  -1.1244143e+00  -1.1666267e+00  -1.4720020e+00  -1.0509723e+00  -1.3091045e+00  -1.7535451e+00  -1.8194969e+00  -1.7278084e+00  -1.7926495e+00
   2.2478937e+00   1.3524106e+00   6.2585795e-01   5.9928799e-01   3.9825539e-01   5.3693497e-01  -5.9852570e-01  -1.2820091e+00  -1.7189252e+00  -1.3009414e+00  -1.2016421e+00  -1.6986763e+00  -1.8223248e+00  -1.9890026e+00  -1.8087535e+00  -1.7535191e+00
   2.1404388e+00   1.0123818e+00   4.2502918e-01   5.2014328e-01  -1.1264110e-02  -5.3470164e-02  -7.2298859e-01  -1.0104485e+00  -1.0795632e+00  -1.4353282e+00  -1.2580681e+00  -1.5439558e+00  -1.8106049e+00  -1.7190318e+00  -1.6152226e+00  -1.7777744e+00
   2.2487457e+00   1.5473914e+00   8.2876150e-01   4.8753673e-01   2.0100261e-01   7.0017201e-02  -9.0248129e-01  -1.2739390e+00  -1.5876956e+00  -1.4007416e+00  -1.1488266e+00  -1.8083778e+00  -2.0044763e+00  -1.7783845e+00  -1.8462846e+00  -1.7174585e+00
   1.6125697e+00   1.1814294e+00   4.8892866e-01   2.9787573e-01   8.6084671e-02   2.5430047e-01  -5.9027008e-01  -1.3702145e+00  -1.4007719e+00  -1.4210830e+00  -1.2752935e+00  -1.5614212e+00  -2.0427123e+00  -1.9995474e+00  -1.7312227e+00  -1.6839847e+00
   1.3309886e+00   9.9777440e-01   3.9805718e-01   2.8720156e-01  -2.6092178e-01  -2.9323180e-01  -1.2857625e+00  -1.1834696e+00  -1.0094164e+00  -1.5252140e+00  -1.1593318e+00  -1.6851741e+00  -2.0228328e+00  -1.9260152e+00  -1.7585253e+00  -1.7953191e+00
   1.5569826e+00   1.5092705e+00   1.9999927e-01   1.9294262e-01   7.9047882e-02   3.1656821e-01  -9.1785692e-01  -1.1811967e+00  -1.3928406e+00  -1.2263959e+00  -1.1850575e+00  -1.4131875e+00  -1.8697259e+00  -2.0274516e+00  -1.9008550e+00  -1.5430191e+00
   1.7476149e+00   1.5014094e+00   6.7516654e-01   3.5251116e-01   3.2988325e-01   1.5858190e-01  -1.0407243e+00  -8.5147763e-01  -1.2207925e+00  -1.3979755e+00  -1.3889326e+00  -1.8379332e+00  -1.7901214e+00  -1.7393265e+00  -1.8721290e+00  -1.6942561e+00
   2.4386685e+00   1.7986787e+00   6.9505406e-01   6.3909032e-01   5.0222023e-02  -1.8327575e-01  -1.0681975e+00  -9.9400116e-01  -1.1867791e+00  -1.3746370e+00  -1.4245717e+00  -1.2315146e+00  -1.4896330e+00  -1.1275184e+00  -1.5587573e+00  -1.6644729e+00
   1.6600386e+00   5.7238257e-01   2.3726882e-01   8.0017000e-01   3.0598489e-01   4.9496653e-01  -5.1990121e-01  -1.1996901e+00  -1.3025405e+00  -1.4973830e+00  -1.1868926e+00  -1.6146066e+00  -1.7141101e+00  -1.7593774e+00  -1.5739895e+00  -1.6759655e+00
   1.5685191e+00   1.2906380e+00   1.1506161e+00   6.7525252e-01   2.5990169e-01   6.1725074e-01  -3.4833200e-01  -1.1187425e+00  -1.3717755e+00  -1.6518554e+00  -1.1626460e+00  -1.6566009e+00  -2.0917836e+00  -1.8270055e+00  -1.4670849e+00  -1.4749342e+00
   2.1628975e+00   9.7300158e-01   9.9054840e-01   6.3811944e-01   6.6387792e-01   6.1179341e-01  -5.2731286e-01  -1.0049773e+00  -5.7535742e-01  -1.2914511e+00  -1.2214143e+00  -1.7052997e+00  -1.8025809e+00  -1.0244183e+00  -1.1681530e+00  -1.1392618e+00
   2.4482529e+00   1.6521872e+00   7.9623200e-01   5.6215243e-01   1.1137667e+00   9.8687159e-01  -3.9017967e-01  -6.7035118e-01   2.8252888e-01  -6.4464700e-01  -7.1887891e-01  -1.0943322e+00  -1.5904372e+00   1.4155569e-01  -2.6746380e-01  -2.2252848e-01
   2.4248095e+00   1.8926258e+00   5.6554438e-01   9.0977282e-01   1.3060080e+00   1.2993119e+00   3.7721288e-01  -2.2364217e-01   7.1482134e-01  -3.3022526e-01  -5.3125582e-01  -9.0873940e-01  -1.1852359e+00   4.4659369e-01  -1.7216846e-01  -2.6067770e-01
   2.7177698e+00   1.8942853e+00   1.0117912e+00   1.1314821e+00   1.5028799e+00   1.3855003e+00   6.4621373e-01  -1.5892149e-01   9.0284217e-01   1.2418704e-01  -3.1218307e-01  -3.2794081e-01  -8.5342343e-01   4.5018998e-01  -5.5735429e-02   2.3590370e-01
   2.6597102e+00   2.2510456e+00   1.3392884e+00   1.3378006e+00   1.9697596e+00   1.9709442e+00   9.5031813e-01   3.4506448e-01   1.3921364e+00   4.6764231e-01  -2.9605649e-01  -2.5312958e-01  -7.4337594e-01   9.4605970e-01   4.9781799e-01   1.7681885e-01
   2.5856642e+00   1.8661302e+00   1.1402428e+00   1.6488879e+00   1.8896155e+00   1.8940735e+00   1.3119661e+00   9.9284051e-01   1.7330837e+00   8.9645311e-01   1.2131242e-01   3.6259517e-01  -2.5958480e-01   1.6471588e+00   1.0827853e+00   3.5623551e-01
   2.2284823e+00   1.9979704e+00   1.0740245e+00   1.5219678e+00   2.0014711e+00   2.2633708e+00   1.3934410e+00   1.0387827e+00   2.0903953e+00   1.2762392e+00   7.5040004e-01   8.4503429e-01  -2.8714478e-01   1.8196190e+00   1.5938016e+00   1.3328470e+00
   2.6533617e+00   2.1162758e+00   1.0510431e+00   1.6097006e+00   1.9014555e+00   2.0483206e+00   1.2819143e+00   1.0163430e+00   1.9397477e+00   1.3775460e+00   5.5205328e-01   5.1966012e-01  -3.3149500e-01   1.6705685e+00   1.3502631e+00   1.2406335e+00
   2.4786841e+00   1.9079023e+00   1.3875951e+00   1.8247934e+00   1.9417680e+00   1.9962039e+00   1.1640834e+00   7.2498523e-01   1.7562704e+00   1.2653224e+00   5.3448532e-01   4.8196797e-01  -4.6329020e-01   1.6338575e+00   1.3578663e+00   1.3792108e+00
   2.3946327e+00   2.2989061e+00   1.0544531e+00   1.7728115e+00   1.8777660e+00   1.9821828e+00   9.7423716e-01   7.2318426e-01   1.7263279e+00   1.1591834e+00   6.2193359e-01   4.1344653e-01  -6.8719132e-01   1.4729242e+00   1.2165209e+00   1.3333235e+00
   1.8473771e+00   2.0441968e+00   2.7952084e-01   1.7486500e+00   1.8427082e+00   1.7481194e+00   6.3566437e-01   7.7522034e-01   1.7864834e+00   1.0026024e+00   3.8054832e-01   1.4448128e-01  -7.9265079e-01   1.3189977e+00   9.7047289e-01   1.0399265e+00
   1.8042252e+00   1.7328567e+00   6.9594093e-01   1.8497280e+00   1.8007450e+00   1.6510001e+00   5.7336380e-01   8.7088010e-01   1.7806205e+00   9.3898153e-01   5.5592497e-01   1.6284738e-01  -6.4166600e-01   1.3367082e+00   1.1718241e+00   1.2989073e+00
   1.9570734e+00   1.9764926e+00   4.9453597e-01   1.6825651e+00   1.8473571e+00   1.8672301e+00   6.1706438e-01   8.3350167e-01   1.7180323e+00   1.2901143e+00   6.4277516e-01   5.4555562e-01  -5.4305285e-01   1.5038214e+00   1.2523923e+00   1.2571700e+00
   1.8149058e+00   1.8002000e+00   7.5333910e-01   1.8909309e+00   2.1213304e+00   2.2513524e+00   6.5630498e-01   8.6003298e-01   1.5418671e+00   1.5390725e+00   5.0723766e-01   3.9693376e-01  -7.9582661e-01   1.2896616e+00   1.1446856e+00   9.7478144e-01
   2.1235553e+00   2.1691310e+00   1.1242916e+00   1.6562600e+00   2.3625330e+00   1.9292847e+00   3.5528339e-01   7.0314691e-01   1.2892874e+00   1.3543924e+00   7.1806689e-01   5.1438194e-01  -4.3968001e-01   1.1592038e+00   1.0754814e+00   9.6706543e-01
   2.0855101e+00   1.8390627e+00   1.3351222e+00   1.4467345e+00   2.2627746e+00   1.6182402e+00   2.2345971e-01   5.2672558e-01   1.0712443e+00   1.0527429e+00   6.8983947e-01   5.5236574e-01  -2.6898811e-01   9.8399377e-01   1.0926604e+00   1.1690727e+00
   2.0702384e+00   1.2248748e+00   1.1623458e+00   1.2323808e+00   1.7262107e+00   1.0712370e+00  -1.0761178e-05   3.7385111e-01   6.8069257e-01   1.0506489e+00   6.3030227e-01   4.8208910e-01  -3.1904234e-01   5.7505954e-01   7.3250199e-01   7.7641039e-01
   2.0982905e+00   1.1771526e+00   8.6169178e-01   1.1860893e+00   1.2597219e+00   9.7073913e-01  -1.1036918e-01   1.1385138e-02   3.7549011e-01   6.7864977e-01   3.6035477e-01  -1.1838365e-01  -8.3174261e-01  -6.0047763e-02   2.2469457e-01   4.6563844e-01
   1.6564799e+00   1.6010063e+00   5.2689378e-01   9.7426876e-01   1.2492280e+00   6.1008023e-01  -5.8934233e-01  -2.0030337e-01  -9.3794147e-03   5.0429111e-01   2.4278905e-02  -4.2715667e-01  -1.0910653e+00  -3.8913072e-01  -1.7902728e-01  -3.4349048e-01
   1.6041472e+00   1.4774314e+00   1.0380868e+00   1.2273462e+00   1.3176870e+00   5.7763960e-01  -4.9957149e-01  -6.9720063e-01   3.6671454e-02   3.1559958e-01   1.7427336e-01  -5.0176360e-01  -1.2705099e+00  -7.1657442e-01  -4.2128283e-01  -7.7640988e-02
   2.4624758e+00   1.4297573e+00   1.0070962e+00   9.5915534e-01   8.5898136e-01   5.5197769e-01  -7.0447019e-01  -7.8159294e-01  -5.3595132e-01  -6.8909631e-02   7.0090859e-02  -4.9766913e-01  -1.4222471e+00  -8.7950627e-01  -7.2600054e-01  -5.7781758e-01
   2.6115578e+00   1.9039905e+00   1.1931163e+00   1.5612807e+00   5.4224233e-01   4.6401008e-01  -2.7339586e-01  -8.3351810e-01  -5.8894989e-01  -6.1154400e-01  -3.0415400e-01  -6.9564052e-01  -1.2303205e+00  -9.9587159e-01  -7.9195184e-01  -4.8358805e-01
   2.9423140e+00   1.2462395e+00   8.5749088e-01   1.1818629e+00   1.1332146e-01   5.9582767e-01  -5.8037430e-01  -7.7193622e-01  -5.1418254e-01  -6.8575631e-01  -6.0939735e-01  -1.2147483e+00  -1.5210265e+00  -1.5538017e+00  -1.2720144e+00  -7.8069916e-01
   2.0130486e+00   1.3749580e+00   8.0300253e-01   5.2157953e-01  -7.0311398e-02   1.1748542e-01  -3.5732568e-01  -9.2799835e-01  -1.1784722e+00  -1.1846162e+00  -8.8024251e-01  -1.2217451e+00  -1.5302249e+00  -1.8596928e+00  -1.7289369e+00  -1.3507196e+00
   1.4717665e+00   1.3517983e+00   5.4726328e-01   6.6915080e-01  -2.8259232e-01  -3.1581927e-02  -3.5957012e-01  -1.1388564e+00  -1.1805696e+00  -1.5068070e+00  -9.3472281e-01  -8.9232030e-01  -1.3356633e+00  -1.3435910e+00  -1.4787636e+00  -1.4288725e+00
   1.5847662e+00   9.1889210e-01   9.3832189e-01   2.3305190e-01   3.0615394e-01   4.5372566e-01  -6.3568788e-01  -7.0405248e-01  -9.4780637e-01  -1.1330859e+00  -6.3523051e-01  -8.5861390e-01  -1.0255613e+00  -1.3306778e+00  -1.6162472e+00  -1.4476564e+00
   1.3166054e+00   9.4731810e-01   1.7148882e-01  -1.9341677e-01   4.1024199e-01   2.8833495e-02  -5.5120342e-01  -9.0361313e-01  -8.1737605e-01  -1.1783743e+00  -1.0545651e+00  -8.8690028e-01  -9.7621284e-01  -1.0433843e+00  -1.2675404e+00  -1.1867866e+00
   9.3378867e-01   3.7316865e-01   1.0055575e-01   3.5402329e-01   3.1624420e-01   2.8511651e-01  -3.7599382e-01  -1.1018136e+00  -5.0901844e-01  -8.0891247e-01  -5.1192776e-01  -6.4986540e-01  -1.1758653e+00  -8.1802033e-01  -1.0118897e+00  -1.0138473e+00
   1.5705801e+00   9.4277681e-01  -1.9794502e-01   1.6661034e-01  -6.1932807e-02   1.5007456e-01  -7.6567703e-01  -1.0407064e+00  -1.0406485e+00  -9.2727180e-01  -6.0230089e-01  -7.7422580e-01  -1.1459247e+00  -1.0372164e+00  -1.1646182e+00  -1.0977886e+00
   2.0005554e+00   7.8890220e-01   3.4762778e-01   6.6344718e-01   1.6734627e-01  -1.2420975e-01  -4.5124308e-01  -7.8803155e-01  -1.0498984e+00  -1.2879856e+00  -8.4269995e-01  -1.2827410e+00  -1.3426853e+00  -1.2270350e+00  -1.3949435e+00  -1.3898110e+00
   2.3001427e+00   8.3969285e-01   1.1555969e+00   7.0409109e-01  -2.8800324e-02  -1.9168460e-01  -5.0465367e-01  -8.9069884e-01  -1.3366551e+00  -8.6232100e-01  -8.7547325e-01  -1.2047324e+00  -1.4051809e+00  -1.3314820e+00  -1.2968288e+00  -1.3971216e+00
   1.7924624e+00   6.7223137e-01   8.7287311e-01   5.0228166e-01   6.0311004e-01   4.3420779e-01  -8.7857684e-01  -1.0078965e+00  -1.2250131e+00  -9.8994467e-01  -7.5771751e-01  -1.0368621e+00  -1.4979017e+00  -1.1471157e+00  -1.3581549e+00  -1.2770399e+00
   1.5758763e+00   1.2039070e+00   7.1344959e-01   5.5870144e-01   3.9117861e-01   3.5594013e-01  -5.5421190e-01  -7.2816774e-01  -1.5752563e+00  -1.1836775e+00  -7.6841727e-01  -1.1394304e+00  -1.1532539e+00  -1.1619985e+00  -1.5112643e+00  -1.3939459e+00
   1.4979265e+00   1.6132753e+00   5.3516273e-01   1.9566144e-01   1.8674212e-02   8.9808245e-02  -7.2744545e-01  -1.1756367e+00  -1.3445191e+00  -1.0535025e+00  -9.8342729e-01  -1.3150123e+00  -1.3415756e+00  -1.3012423e+00  -1.4994609e+00  -1.3186810e+00
   1.4655939e+00   3.4390089e-01   9.3960754e-01   9.2114506e-01   5.5127392e-01   6.8824175e-01  -8.3611682e-01  -1.2656350e+00  -1.4654479e+00  -1.2713926e+00  -9.4718090e-01  -1.2521577e+00  -1.1623786e+00  -1.6019023e+00  -2.0638703e+00  -1.6346042e+00
   1.4084700e+00   1.9862537e-01   6.6173709e-01   9.4474862e-01   1.5405783e-01   6.1605348e-01  -7.8758176e-01  -8.4243567e-01  -1.3360873e+00  -1.1261451e+00  -1.1294254e+00  -1.1883821e+00  -1.7314509e+00  -1.7249384e+00  -1.8876315e+00  -1.6925621e+00
   1.5223428e+00  -3.6027663e-02   6.4732662e-01   5.7364228e-01  -8.1565139e-02  -2.4449887e-02  -8.3648674e-01  -1.0208008e+00  -1.3433865e+00  -8.6302444e-01  -9.8631135e-01  -1.2810744e+00  -1.7008987e+00  -1.6687064e+00  -1.8207367e+00  -1.4690571e+00
   2.0927641e+00   8.7908867e-01   7.8118080e-01   4.8711020e-01   5.3764471e-01   2.0345125e-02  -8.0201540e-01  -1.1187788e+00  -1.2447708e+00  -9.3491327e-01  -9.5164533e-01  -1.3144597e+00  -1.6060246e+00  -1.6851222e+00  -1.8315488e+00  -1.8035992e+00
   2.5618611e+00   1.1420367e+00   1.2323428e-01   3.9692626e-01   5.2716047e-01   3.0717048e-01  -1.0734725e+00  -1.0706283e+00  -9.9524681e-01  -9.3839618e-01  -7.8112271e-01  -1.2421449e+00  -1.5654095e+00  -1.6314111e+00  -1.5187880e+00  -1.5339507e+00
   1.4792938e+00   9.5222460e-01   8.5875569e-01   6.7298555e-01   1.6709997e-01   5.0474974e-01  -8.2360788e-01  -9.8731015e-01  -1.0551239e+00  -1.2661459e+00  -1.0153482e+00  -1.7294484e+00  -1.9572926e+00  -1.3388366e+00  -1.4761688e+00  -1.6604145e+00
   1.5351791e+00   1.1545423e+00   7.4510943e-01   4.4896120e-01   5.2603761e-02   6.5589597e-02  -6.4573542e-01  -1.1580154e+00  -9.7356802e-01  -1.3140723e+00  -1.4759245e+00  -1.8699841e+00  -1.6582927e+00  -1.6387828e+00  -1.4217810e+00  -1.7617905e+00
   9.3557912e-01   1.3280709e-01   3.9503957e-01   6.0412271e-01  -1.5721888e-01  -7.0044659e-01  -6.1206070e-01  -1.2538949e+00  -1.4196490e+00  -1.3102338e+00  -1.1884521e+00  -1.3152994e+00  -1.6353943e+00  -1.6523007e+00  -1.8208920e+00  -1.5694699e+00
   1.7839511e+00   1.1110658e+00   5.1557852e-01   7.0088408e-01   8.8106859e-03  -2.1326125e-01  -8.1348711e-01  -1.3316325e+00  -1.3845578e+00  -1.5108099e+00  -1.3027675e+00  -1.6999839e+00  -1.9064605e+00  -1.5284278e+00  -1.9016115e+00  -1.7689709e+00
   1.3615537e+00   1.0122988e+00   4.1742318e-01   7.4319748e-01   2.4994553e-01   2.2689032e-01  -7.8370089e-01  -9.7672146e-01  -1.5354838e+00  -1.5341298e+00  -1.1051214e+00  -1.7291219e+00  -1.9019236e+00  -1.8273436e+00  -1.8601017e+00  -1.9495502e+00
   1.6526743e+00   1.1987079e+00  -2.6305216e-02   5.1436671e-01   2.0397616e-01   1.2434279e-01  -6.9102194e-01  -9.3593847e-01  -1.5963664e+00  -1.3716161e+00  -1.2795146e+00  -1.4018627e+00  -1.4773758e+00  -1.5369204e+00  -1.9128456e+00  -1.7664977e+00
   2.2317784e+00   1.2056119e+00   3.3996891e-01   3.1639082e-01   1.5578482e-01   1.2339612e-01  -6.5216649e-01  -9.5921510e-01  -1.4701121e+00  -1.2580885e+00  -1.1536964e+00  -1.5797257e+00  -1.8296055e+00  -1.5838276e+00  -1.7809746e+00  -1.7547273e+00
   2.3472276e+00   8.2837514e-01   6.7236556e-01   1.3402897e-01  -3.1727576e-01   1.9208896e-01  -7.7784007e-01  -8.1386660e-01  -1.4460860e+00  -1.3622183e+00  -1.1269193e+00  -2.0563140e+00  -1.9349034e+00  -2.0411574e+00  -1.8308236e+00  -1.5701966e+00
   1.9771921e+00   9.0644386e-01   4.2816667e-01  -4.0016309e-02  -3.5643294e-01   4.6302606e-02  -6.0338156e-01  -8.8514106e-01  -1.2863119e+00  -1.4210353e+00  -1.1819346e+00  -1.6199845e+00  -1.7785826e+00  -1.8819057e+00  -1.6580757e+00  -1.5967905e+00
   2.4682540e+00   1.2709080e+00   6.8369937e-01   5.9264363e-01   2.4919171e-01   5.1871209e-01  -1.0497092e+00  -1.2468000e+00  -1.2849644e+00  -1.4783007e+00  -1.2729078e+00  -1.4565890e+00  -1.6749180e+00  -1.7095797e+00  -1.8881845e+00  -1.6658634e+00
   2.7120716e+00   1.3782891e+00   8.2003407e-01   4.1622540e-01   4.4375721e-01   6.8647908e-01  -5.6694027e-01  -8.3800869e-01  -1.1104939e+00  -1.4135011e+00  -1.2595889e+00  -1.6227268e+00  -1.8538361e+00  -2.1835213e+00  -1.6305311e+00  -1.7514611e+00
   2.6645636e+00   1.4191477e+00   2.6224827e-01   6.1916993e-01   2.4969533e-01   5.3945340e-01  -6.8819967e-01  -1.0840386e+00  -1.2282807e+00  -1.6066467e+00  -1.5764674e+00  -2.0098089e+00  -2.0492741e+00  -1.7480369e+00  -1.7087548e+00  -1.6695215e+00
