   3.0810121e+00   2.4048220e+00   2.4758258e+00   2.4769294e+00   1.4792499e+00   1.2677115e+00   9.6558231e-01   1.3034469e+00   1.0661094e+00   1.2113133e+00   1.4253305e+00   1.1473262e+00   9.6959133e-01   1.1333225e+00   7.6017736e-01   5.1353342e-01
   2.7463897e+00   2.4144050e+00   1.4919570e+00   2.0363349e+00   1.5623081e+00   1.4742796e+00   1.5095137e+00   1.1414029e+00   1.0950684e+00   1.3015662e+00   1.8039534e+00   1.0808421e+00   7.3600605e-01   8.8886634e-01   8.5227108e-01   3.9693750e-01
   2.0955119e+00   2.3936531e+00   2.2456795e+00   1.5976502e+00   1.4986801e+00   1.2254348e+00   1.2697007e+00   1.3383525e+00   1.2095811e+00   1.3317959e+00   1.4450591e+00   9.1514961e-01   6.6884504e-01   7.1291527e-01   9.4237537e-01   5.9769019e-01
   2.6503107e+00   2.5778386e+00   1.8799258e+00   1.6079806e+00   1.4310551e+00   1.2229430e+00   1.1657854e+00   1.3474775e+00   1.4281717e+00   9.8071161e-01   1.4095829e+00   1.1737630e+00   8.0910710e-01   8.4191329e-01   7.7460184e-01   3.8607657e-01
   2.7387867e+00   2.4462167e+00   1.7510433e+00   1.4780051e+00   1.3113749e+00   1.5664616e+00   1.2287903e+00   1.2987449e+00   1.1292445e+00   1.2257080e+00   1.5315156e+00   1.0259972e+00   6.5195379e-01   9.5171037e-01   9.0477345e-01   3.8784193e-01
   1.8762746e+00   2.1655466e+00   1.2529470e+00   1.1103061e+00   1.6526065e+00   9.8476112e-01   9.4166418e-01   1.3860879e+00   1.3334917e+00   1.2804614e+00   1.5266805e+00   1.5753752e+00   9.6562940e-01   9.5124304e-01   7.9375503e-01   5.5066936e-01
   2.4636925e+00   2.6441724e+00   2.1286267e+00   2.1095129e+00   1.8792071e+00   1.4274611e+00   1.0684762e+00   1.4361610e+00   1.4845285e+00   1.3173550e+00   1.5436257e+00   1.2574732e+00   1.2313184e+00   1.2207194e+00   9.7930195e-01   9.4187443e-01
   2.4444803e+00   2.0040733e+00   1.9404322e+00   2.1669227e+00   1.3406113e+00   1.1245839e+00   1.4351004e+00   1.4472885e+00   1.4618464e+00   1.1894226e+00   1.4720692e+00   1.1626042e+00   9.9241138e-01   1.0655012e+00   9.7588250e-01   7.6090340e-01
   2.6196302e+00   1.7325999e+00   1.4175064e+00   2.0738734e+00   1.6463553e+00   1.2127726e+00   1.5276205e+00   1.4617122e+00   1.5672252e+00   1.2421008e+00   1.4117922e+00   6.9895568e-01   7.0363192e-01   8.5492254e-01   7.8705628e-01   6.7961011e-01
   1.8139196e+00   1.6801983e+00   1.3089562e+00   1.5871790e+00   1.7367645e+00   8.1515731e-01   1.0600117e+00   1.1582663e+00   8.9890087e-01   1.2735931e+00   1.0583968e+00   7.9793562e-01   7.8197658e-01   5.2376356e-01   4.5982208e-01   5.0920661e-01
   2.7275772e+00   1.6211576e+00   1.3045270e+00   1.6051938e+00   1.8525077e+00   1.0441814e+00   1.3287569e+00   1.5840634e+00   1.0727683e+00   1.2503559e+00   1.0183091e+00   1.0408049e+00   7.7984695e-01   7.4026975e-01   7.6771081e-01   5.1000186e-01
   2.7691218e+00   2.1982672e+00   1.8859336e+00   1.6618967e+00   1.6264217e+00   1.2520255e+00   1.3483258e+00   1.4446166e+00   1.0226330e+00   1.3075081e+00   1.6247678e+00   8.6462502e-01   8.9362652e-01   9.3730228e-01   8.5447011e-01   6.4614601e-01
   2.8863672e+00   2.1553263e+00   1.4168622e+00   1.7070271e+00   1.5399738e+00   1.3893996e+00   1.0253820e+00   1.1944126e+00   1.1478838e+00   1.3184930e+00   1.3110206e+00   1.0547887e+00   9.7272282e-01   5.4451313e-01   4.9291539e-01   4.2525407e-01
   2.1474525e+00   2.3021294e+00   1.9907617e+00   2.0851273e+00   1.9225230e+00   9.5451269e-01   1.2194481e+00   1.1889389e+00   1.1177516e+00   1.1417377e+00   1.2287272e+00   1.1879748e+00   9.6910234e-01   5.5108273e-01   7.9730764e-01   8.2428619e-01
   3.4512854e+00   3.3365065e+00   3.0605490e+00   2.7468978e+00   2.1431298e+00   1.3440621e+00   1.2222217e+00   1.4332242e+00   1.4904075e+00   1.4592423e+00   1.5612414e+00   1.2027452e+00   9.2584633e-01   9.0371822e-01   1.0758195e+00   8.5559212e-01
   2.9572658e+00   2.7752767e+00   2.5316153e+00   2.4843167e+00   2.1975479e+00   1.3283292e+00   1.1504176e+00   1.1440463e+00   1.2622799e+00   1.1063397e+00   1.6364669e+00   1.5189433e+00   5.5380558e-01   8.6958728e-01   7.2021394e-01   4.7015022e-01
   2.5652781e+00   2.1460226e+00   1.5845114e+00   1.9613084e+00   1.5098966e+00   1.2248552e+00   1.1860189e+00   8.3850239e-01   8.2014210e-01   6.0899241e-01   1.3355766e+00   1.7360196e+00   5.4859813e-01   4.7823798e-01   6.7368886e-01   6.2589967e-01
   2.5083499e+00   2.2454073e+00   2.2326395e+00   2.2852171e+00   1.1964983e+00   1.2032809e+00   1.4382814e+00   1.5694984e+00   1.2733555e+00   1.0535642e+00   1.5176860e+00   1.3798387e+00   8.8680069e-01   9.2587719e-01   7.6859781e-01   6.7182238e-01
   3.1609174e+00   2.2586238e+00   2.1873590e+00   2.5024887e+00   1.6634572e+00   1.1696260e+00   1.3848833e+00   1.5150627e+00   1.1969102e+00   1.4681466e+00   2.0693102e+00   1.5965924e+00   1.1030622e+00   8.1165209e-01   5.9051690e-01   5.9200951e-01
   3.0843019e+00   1.6762072e+00   1.5600361e+00   1.9118839e+00   1.8840031e+00   1.1671846e+00   1.1394431e+00   1.1978773e+00   1.0067977e+00   1.1341521e+00   1.7111540e+00   1.1152463e+00   8.3586794e-01   7.9062419e-01   5.5534560e-01   5.4033859e-01
   2.3504799e+00   1.6093879e+00   1.7345124e+00   2.0024337e+00   1.4721972e+00   1.0169706e+00   9.3334309e-01   1.3747397e+00   1.0002181e+00   1.2406628e+00   1.5404256e+00   1.3301449e+00   1.1812214e+00   1.2466586e+00   7.4182882e-01   4.1348467e-01
   2.9657511e+00   2.1484347e+00   1.8333936e+00   2.1663285e+00   1.8633764e+00   1.3509392e+00   1.3365944e+00   1.2867740e+00   1.3839289e+00   1.1398547e+00   1.3392058e+00   1.3025678e+00   8.5268046e-01   9.5704934e-01   9.7631364e-01   7.1277067e-01
   2.4274777e+00   2.4627922e+00   1.8314128e+00   2.0284640e+00   2.0872230e+00   1.0573828e+00   1.4178603e+00   1.1315496e+00   1.3146576e+00   1.4612591e+00   1.4033495e+00   1.0255600e+00   8.8212791e-01   8.6530155e-01   5.5077390e-01   7.8402272e-01
   2.5047175e+00   1.8616321e+00   1.8478890e+00   1.9344189e+00   1.8440506e+00   1.4223053e+00   1.4125164e+00   1.4484723e+00   1.5152981e+00   1.4401698e+00   1.4428035e+00   1.4713259e+00   1.2163164e+00   1.0600635e+00   9.6396052e-01   7.5979760e-01
   3.1813899e+00   1.5010785e+00   1.8456456e+00   2.5432471e+00   1.8630143e+00   1.1225380e+00   1.1223284e+00   1.1075398e+00   1.2204204e+00   1.7141809e+00   1.3169410e+00   1.4945768e+00   1.3398712e+00   9.5227778e-01   8.3273725e-01   6.6349816e-01
   2.5788361e+00   1.3620990e+00   1.6699372e+00   2.1950559e+00   1.7108911e+00   1.5742758e+00   1.5368687e+00   9.3606002e-01   1.7199483e+00   1.7066052e+00   1.5649299e+00   1.2477806e+00   1.0009790e+00   1.0306145e+00   8.7308821e-01   4.6885530e-01
   2.1763771e+00   2.5368045e+00   2.4187272e+00   2.0180014e+00   1.7329183e+00   1.5101639e+00   8.5200036e-01   8.9694084e-01   1.2777432e+00   1.3065781e+00   1.5777747e+00   1.2964946e+00   7.9013737e-01   8.4767259e-01   8.9273165e-01   6.7531036e-01
   2.7091567e+00   2.5411465e+00   1.9249580e+00   1.6768310e+00   2.0839607e+00   1.3802319e+00   1.3077562e+00   1.3802086e+00   1.6317639e+00   1.5263113e+00   1.5046732e+00   1.2474934e+00   9.8889820e-01   7.8185265e-01   1.0226263e+00   9.3087215e-01
   2.6679570e+00   2.2334756e+00   1.8241311e+00   1.7767205e+00   1.3224065e+00   1.1029959e+00   1.5021806e+00   1.7711444e+00   1.1744226e+00   1.1758953e+00   1.5197452e+00   1.3799512e+00   1.1302498e+00   1.1695153e+00   1.2772155e+00   1.0034161e+00
   2.2580696e+00   2.4651602e+00   2.1211763e+00   1.8417752e+00   1.9801892e+00   1.6283684e+00   1.5530921e+00   1.6077988e+00   1.7413396e+00   1.7282471e+00   1.5912256e+00   1.6912488e+00   1.1499069e+00   1.2916414e+00   1.1123129e+00   1.1807834e+00
   2.5426662e+00   2.6808103e+00   2.3748718e+00   2.1915259e+00   2.6178397e+00   3.0269449e+00   2.2890643e+00   1.8016315e+00   1.9638197e+00   1.8269442e+00   2.0952387e+00   2.0797482e+00   1.1616384e+00   1.6813238e+00   1.5528875e+00   1.4972143e+00
   2.8217958e+00   2.7565833e+00   2.0459365e+00   2.3276102e+00   2.8795345e+00   2.7933378e+00   1.8922345e+00   2.2399432e+00   2.3884885e+00   1.9813737e+00   2.0054212e+00   1.7796052e+00   1.3514801e+00   2.0763363e+00   1.7341494e+00   1.8668371e+00
   2.8002389e+00   2.3180885e+00   2.1258988e+00   2.5678389e+00   2.8860204e+00   2.9495742e+00   2.3320650e+00   2.6341987e+00   3.0096427e+00   2.2642896e+00   2.1197348e+00   2.0868264e+00   1.6204223e+00   2.2913045e+00   2.1674404e+00   2.2031827e+00
   3.0747418e+00   2.9058780e+00   2.4069139e+00   2.7812280e+00   3.2406414e+00   3.6469102e+00   2.2060663e+00   2.9717383e+00   3.0545571e+00   2.1820673e+00   2.0069442e+00   2.1967879e+00   1.5626547e+00   2.9528844e+00   2.7203068e+00   2.7807154e+00
   2.5950591e+00   2.3992934e+00   2.2772553e+00   2.8138980e+00   3.0692666e+00   3.6916232e+00   1.8106742e+00   2.8866773e+00   3.1810174e+00   2.4915062e+00   2.6183776e+00   2.8214719e+00   1.5624356e+00   2.9867997e+00   2.9027260e+00   3.1547864e+00
   3.3271265e+00   2.5131545e+00   1.9479019e+00   2.5383461e+00   2.9271016e+00   3.3588713e+00   1.9657745e+00   2.9362270e+00   3.3205319e+00   2.9304659e+00   2.6614602e+00   2.5805118e+00   1.7341642e+00   3.0004701e+00   2.8662604e+00   3.0698645e+00
   2.5883647e+00   2.3940925e+00   2.3758323e+00   2.8205901e+00   3.0583623e+00   3.4119491e+00   2.2270099e+00   2.7198205e+00   3.2653277e+00   2.9077200e+00   2.5692488e+00   2.2729510e+00   1.4738894e+00   2.9020394e+00   2.8521109e+00   3.0164532e+00
   3.0364479e+00   2.6720053e+00   2.8007334e+00   2.9614140e+00   3.0041640e+00   3.4649752e+00   2.2861465e+00   2.7522015e+00   3.2402324e+00   2.9270296e+00   2.6264970e+00   2.0325632e+00   1.4462784e+00   2.9489682e+00   2.7864291e+00   2.9837675e+00
   3.3058634e+00   2.6275356e+00   2.4727716e+00   2.8612380e+00   2.8795261e+00   3.4135923e+00   2.3636634e+00   2.8006751e+00   3.0302384e+00   2.9060180e+00   2.8944220e+00   2.2273733e+00   1.6425844e+00   3.0766102e+00   2.9117357e+00   3.1492998e+00
   2.5476144e+00   2.5006232e+00   2.5585698e+00   3.1807718e+00   3.1669659e+00   3.5698237e+00   2.0932713e+00   2.8403489e+00   3.1099519e+00   3.0348312e+00   2.8051903e+00   2.5537239e+00   1.6933165e+00   3.1466173e+00   2.8029268e+00   3.0942012e+00
   2.9882663e+00   2.7710534e+00   1.9873730e+00   3.1135390e+00   3.0072885e+00   3.6698152e+00   1.7184428e+00   2.7875337e+00   3.0828940e+00   3.1554877e+00   3.1224718e+00   3.0058264e+00   1.6685441e+00   3.2436215e+00   2.9874019e+00   3.3905659e+00
   2.7841783e+00   2.8381291e+00   2.2390249e+00   3.1155552e+00   3.1570104e+00   3.8220856e+00   2.1610688e+00   2.7399280e+00   2.8439979e+00   3.0681858e+00   3.0491357e+00   2.8837918e+00   1.5471481e+00   3.2413316e+00   3.0693952e+00   3.5146796e+00
   2.5114142e+00   2.4124662e+00   2.1610383e+00   3.4212478e+00   3.4318573e+00   3.9379985e+00   2.1131898e+00   2.5102553e+00   2.7329174e+00   2.8684410e+00   2.9264089e+00   2.4903395e+00   1.6958136e+00   3.2570077e+00   3.0888972e+00   3.4189438e+00
   2.7530834e+00   2.4674074e+00   2.3654383e+00   3.2588381e+00   3.7294990e+00   3.9170810e+00   2.1842489e+00   2.2661448e+00   2.5720915e+00   3.0204476e+00   2.9364702e+00   2.7557913e+00   1.7208942e+00   3.2730784e+00   3.0530994e+00   3.2175910e+00
   2.6376981e+00   2.6635703e+00   2.4307486e+00   3.1139794e+00   3.6786877e+00   3.3899959e+00   1.8201899e+00   1.9964246e+00   2.4487280e+00   3.2291782e+00   2.7198825e+00   2.6906260e+00   1.4108860e+00   2.9590538e+00   2.8335149e+00   2.9872024e+00
   2.9378615e+00   3.1106749e+00   2.4501014e+00   2.6491015e+00   3.5199032e+00   2.1810186e+00   1.4474933e+00   2.3728033e+00   2.4419413e+00   2.8396804e+00   2.7277047e+00   2.5997013e+00   1.3502530e+00   2.4890175e+00   2.2888455e+00   2.4942635e+00
   2.7098687e+00   2.8388298e+00   2.4633659e+00   2.8193156e+00   3.6797283e+00   2.1365251e+00   1.6650091e+00   1.9081613e+00   2.5299795e+00   2.9840162e+00   2.4867525e+00   2.1540877e+00   1.3862101e+00   1.8759763e+00   1.8633813e+00   1.9244510e+00
   2.7867071e+00   2.1442740e+00   2.5667925e+00   3.3313123e+00   3.6770307e+00   2.2979568e+00   2.0812368e+00   2.0383134e+00   2.2085431e+00   2.6688593e+00   2.3010051e+00   1.6772337e+00   7.5824393e-01   1.4416526e+00   1.5933721e+00   1.8117909e+00
   3.1300098e+00   2.7878415e+00   2.4147485e+00   2.9138643e+00   3.1366694e+00   2.2449551e+00   1.4855371e+00   1.9387753e+00   1.8463089e+00   2.5924513e+00   2.0454595e+00   1.6785429e+00   1.0719619e+00   1.2773266e+00   1.3285085e+00   1.6998766e+00
   2.7497203e+00   2.6263989e+00   2.5761490e+00   2.8519944e+00   2.6038311e+00   1.7602322e+00   1.3703986e+00   1.5536653e+00   1.6688038e+00   2.4166930e+00   2.1126919e+00   1.2288675e+00   9.2588960e-01   1.4673355e+00   1.5231877e+00   1.3419328e+00
   2.5153566e+00   2.4197666e+00   1.9376548e+00   2.7070972e+00   2.3706004e+00   1.7003567e+00   1.5099254e+00   1.3220130e+00   1.5170634e+00   2.3818514e+00   2.2013545e+00   1.6660975e+00   1.3092690e+00   1.4382791e+00   1.4844704e+00   1.8073427e+00
   2.9373452e+00   2.3719472e+00   1.6116879e+00   2.6881053e+00   1.7326649e+00   1.3482146e+00   1.4550917e+00   1.2518747e+00   1.2092005e+00   1.8841910e+00   1.9143614e+00   1.6218306e+00   1.1430200e+00   1.1992668e+00   1.4797396e+00   1.5746548e+00
   2.5320075e+00   1.8785245e+00   1.8515644e+00   2.3029938e+00   1.9953349e+00   1.8899145e+00   1.3921459e+00   1.4510542e+00   1.9309806e+00   1.9721824e+00   1.7270713e+00   1.4134047e+00   1.1071946e+00   1.2895534e+00   1.6203381e+00   1.5550755e+00
   2.1795449e+00   2.1583706e+00   1.6644015e+00   1.6574343e+00   1.8843308e+00   1.0609278e+00   1.2116878e+00   1.6342395e+00   1.6251000e+00   1.5307417e+00   1.5928223e+00   1.3740493e+00   1.0378882e+00   1.1049914e+00   1.3076340e+00   1.3419163e+00
   2.4585806e+00   2.3438738e+00   2.1145366e+00   2.1788174e+00   1.8596976e+00   1.1772294e+00   1.1947932e+00   1.3933390e+00   1.2827097e+00   1.6255343e+00   1.9723011e+00   1.3667563e+00   1.1024185e+00   1.1860624e+00   9.7909627e-01   1.9206175e+00
   2.0034854e+00   2.4318485e+00   1.6253849e+00   1.6060429e+00   1.7650104e+00   1.2876277e+00   1.3287285e+00   1.5747003e+00   1.3554799e+00   1.4777651e+00   1.6353501e+00   1.7238425e+00   1.1554876e+00   1.3858088e+00   1.3233612e+00   1.9399648e+00
   2.7440350e+00   2.1317852e+00   1.9084623e+00   1.8711102e+00   1.8384144e+00   1.0082984e+00   1.4078058e+00   1.4177824e+00   1.2271552e+00   1.5611350e+00   1.2509491e+00   1.3003990e+00   1.0907711e+00   1.1406312e+00   1.0130335e+00   1.6040697e+00
   2.7264836e+00   2.1229721e+00   2.0657298e+00   1.8653559e+00   1.5472181e+00   1.0043002e+00   1.4453013e+00   1.3243483e+00   1.3279892e+00   1.6839330e+00   1.4988564e+00   1.0193795e+00   1.0631718e+00   1.1429376e+00   1.4057071e+00   1.6873095e+00
   2.5773847e+00   1.9651804e+00   1.8108962e+00   1.9681094e+00   1.8374878e+00   1.7520898e+00   1.2863105e+00   1.4544793e+00   1.5985527e+00   1.3717837e+00   1.6580174e+00   1.2353650e+00   9.4214894e-01   1.3221878e+00   1.0597266e+00   1.5354544e+00
   2.6856556e+00   2.0070173e+00   1.4320304e+00   1.7951399e+00   1.7464249e+00   1.2827655e+00   1.2838190e+00   1.4888518e+00   1.6252259e+00   1.3625422e+00   1.5993721e+00   1.2827463e+00   5.5579114e-01   1.3290817e+00   1.1043211e+00   1.6222730e+00
   2.8664785e+00   2.0223316e+00   1.0910784e+00   1.9307999e+00   1.5394637e+00   1.1659395e+00   8.6832117e-01   9.0664890e-01   1.4003491e+00   1.6654296e+00   1.4673269e+00   1.2470118e+00   7.7044684e-01   1.1760036e+00   1.0637614e+00   1.6125263e+00
   2.6077788e+00   3.0647778e+00   2.9270765e+00   2.6016792e+00   1.8947190e+00   1.3377172e+00   1.6691775e+00   1.1378097e+00   1.3316072e+00   1.3690042e+00   1.5941455e+00   1.2785285e+00   9.8666859e-01   8.1441962e-01   8.5289310e-01   1.4454328e+00
   2.9386162e+00   2.7521013e+00   2.9444100e+00   2.6849266e+00   2.5650367e+00   2.0876816e+00   1.7375368e+00   1.3233595e+00   1.3103493e+00   1.5062378e+00   1.4041537e+00   1.1540983e+00   9.9947112e-01   1.0435950e+00   1.1846650e+00   1.6036177e+00
   2.7824110e+00   3.2298430e+00   2.8941771e+00   3.0395975e+00   2.8203586e+00   2.1806526e+00   1.6358365e+00   1.7257709e+00   1.9648527e+00   1.8319086e+00   1.4512140e+00   1.4509597e+00   9.4006296e-01   1.0507626e+00   9.9543014e-01   1.0723313e+00
   2.8489199e+00   2.4742413e+00   2.3003837e+00   2.4308909e+00   2.3198999e+00   1.7889736e+00   1.4054541e+00   1.3698979e+00   1.7386281e+00   1.7977437e+00   1.5135077e+00   1.2961068e+00   9.4922981e-01   1.1869621e+00   1.0108793e+00   1.0098896e+00
   3.0003144e+00   2.4916546e+00   2.3371149e+00   1.9766476e+00   1.8653805e+00   1.4562892e+00   1.0076788e+00   1.7612105e+00   1.3968392e+00   1.0974832e+00   1.2169335e+00   1.2794467e+00   1.1058855e+00   1.1745182e+00   1.0938691e+00   1.0743859e+00
   3.2834421e+00   2.4604442e+00   2.0912322e+00   1.4540936e+00   1.2905597e+00   1.2081247e+00   1.2307416e+00   9.8642140e-01   1.3706061e+00   1.6100679e+00   1.6497689e+00   1.1157138e+00   9.5562944e-01   5.5417264e-01   6.8293571e-01   1.1588423e+00
   2.3856956e+00   2.2509303e+00   1.9055723e+00   2.1401232e+00   1.5521852e+00   1.4432673e+00   1.5326711e+00   1.3449939e+00   1.3988436e+00   1.6367661e+00   1.5072370e+00   1.0305327e+00   1.0737658e+00   1.1696571e+00   1.1286479e+00   1.0289036e+00
   2.9434770e+00   2.3520076e+00   2.1452461e+00   1.9983115e+00   1.2855508e+00   1.2724535e+00   1.3797008e+00   1.6236295e+00   1.6056322e+00   1.4631824e+00   1.4795815e+00   1.4041900e+00   1.1619742e+00   1.0596805e+00   8.8465798e-01   1.2790496e+00
   3.3615829e+00   2.3190572e+00   1.6196538e+00   1.8939088e+00   1.5815118e+00   1.2869209e+00   1.1629433e+00   1.4630992e+00   1.4542055e+00   1.5256111e+00   1.4193918e+00   1.1304588e+00   8.4193633e-01   8.6670221e-01   5.4183252e-01   9.0299352e-01
   2.7092130e+00   2.1731709e+00   1.9956969e+00   1.9299458e+00   2.1168212e+00   1.7440892e+00   1.1678375e+00   1.5569994e+00   1.7004201e+00   1.6685571e+00   1.3845198e+00   1.2301710e+00   1.3635907e+00   9.4979667e-01   8.6183936e-01   1.2631541e+00
   3.0324833e+00   2.0855305e+00   1.4968433e+00   2.1166953e+00   1.7900451e+00   1.1766027e+00   1.3588138e+00   1.4666102e+00   1.4114816e+00   1.8229846e+00   1.3334250e+00   1.1688080e+00   9.8618899e-01   9.2913077e-01   9.6405680e-01   1.2592692e+00
   2.1769952e+00   1.6498516e+00   1.9987895e+00   2.3380689e+00   1.4057528e+00   1.6082446e+00   1.3515859e+00   1.4793595e+00   1.4139515e+00   1.2601721e+00   1.4021236e+00   9.8173985e-01   1.2270450e+00   6.5071821e-01   9.2246824e-01   1.0736728e+00
   2.2139033e+00   2.1919523e+00   2.1103117e+00   1.4321868e+00   1.2342037e+00   1.0866606e+00   1.4351943e+00   1.6425682e+00   1.7732617e+00   1.4235613e+00   1.8169250e+00   1.3433923e+00   1.1705382e+00   1.0254524e+00   1.1066142e+00   8.1441120e-01
   2.3619920e+00   2.6754032e+00   2.0321268e+00   1.3087509e+00   1.1407061e+00   1.3752340e+00   1.2870443e+00   1.6783285e+00   1.6746978e+00   1.5085515e+00   1.9498680e+00   1.2115662e+00   8.5930657e-01   9.1778253e-01   8.7545468e-01   7.6478952e-01
   3.0797439e+00   2.5950127e+00   1.8127776e+00   1.1819099e+00   1.2368957e+00   1.1570849e+00   1.5373282e+00   1.9096047e+00   1.3312372e+00   1.6731462e+00   1.7591828e+00   1.1496533e+00   5.9880731e-01   1.2552797e+00   1.0917563e+00   1.2161679e+00
   3.4158168e+00   2.8066782e+00   2.0012829e+00   1.7440801e+00   1.7948168e+00   1.5056499e+00   1.4396648e+00   1.5565699e+00   1.3465038e+00   1.4955719e+00   1.5234687e+00   1.2509811e+00   9.9058312e-01   1.1742567e+00   1.0975526e+00   1.0041698e+00
   2.6841324e+00   2.2350342e+00   1.8065090e+00   1.8555083e+00   2.0936172e+00   1.5707628e+00   1.3512336e+00   1.4238318e+00   1.4722264e+00   1.3124925e+00   1.7504056e+00   1.3904046e+00   1.1213848e+00   9.4737755e-01   9.1290245e-01   1.0663270e+00
   2.8444696e+00   2.1377689e+00   2.0072597e+00   2.4733415e+00   2.0797999e+00   1.4049221e+00   1.5117049e+00   1.5364753e+00   1.5798074e+00   1.4828059e+00   1.7344694e+00   1.5330484e+00   1.4004392e+00   1.2755978e+00   7.0185968e-01   1.1361594e+00
   2.7999906e+00   2.4567275e+00   1.9710177e+00   1.5174983e+00   1.7358282e+00   1.8559470e+00   1.3497645e+00   1.6685375e+00   1.6176320e+00   1.6890009e+00   1.6502978e+00   1.2669333e+00   8.4701125e-01   9.3761920e-01   1.1516340e+00   9.0842651e-01
