   2.0416769e-01  -8.0298971e-01  -1.1539477e+00  -8.4057776e-01  -1.0287766e+00  -1.6341856e+00  -1.8301788e+00  -1.6753232e+00  -1.9794769e+00  -1.4313568e+00  -9.4707473e-01  -2.0352284e+00  -1.8934731e+00  -1.9758821e+00  -2.0599284e+00  -1.9507432e+00
   6.7725063e-01   3.3002634e-01  -5.1623207e-01  -7.7127539e-01  -9.1815262e-01  -1.9882177e+00  -2.3405077e+00  -1.7187412e+00  -1.8246734e+00  -1.4593800e+00  -1.1516425e+00  -1.8366789e+00  -1.9483652e+00  -1.7525180e+00  -1.6508139e+00  -1.4800965e+00
  -1.9459344e-03  -6.3277461e-01  -9.2344959e-01  -3.4474746e-01  -8.7182604e-01  -2.0475667e+00  -1.9141071e+00  -1.9588388e+00  -1.5477155e+00  -1.6149707e+00  -1.3028151e+00  -1.7291155e+00  -1.8952517e+00  -1.8494247e+00  -1.5113303e+00  -1.4373177e+00
  -2.0940739e-01  -1.3310325e+00  -1.1345684e+00  -5.0998476e-01  -8.3734117e-01  -2.2274829e+00  -2.3174327e+00  -1.8292165e+00  -1.8511424e+00  -1.5317183e+00  -1.2275512e+00  -2.0745936e+00  -1.6630846e+00  -1.7075818e+00  -1.7732736e+00  -1.5910709e+00
   3.8414340e-01  -9.4549353e-01  -1.5217735e+00  -7.4612322e-01  -7.0425447e-01  -1.7902254e+00  -1.8819645e+00  -1.7833120e+00  -1.9655875e+00  -1.5931195e+00  -1.2993313e+00  -1.9486146e+00  -1.9506971e+00  -2.0098122e+00  -2.1101131e+00  -1.8401580e+00
   1.7478371e-01  -5.0438100e-01  -1.4980954e+00  -6.8237506e-01  -1.0795332e+00  -1.6426464e+00  -2.0424617e+00  -1.5174173e+00  -1.5863989e+00  -1.5966255e+00  -1.1884446e+00  -1.9617555e+00  -1.8966527e+00  -1.8645297e+00  -1.7609246e+00  -1.5628370e+00
   2.3129862e-01  -7.3761176e-01  -1.6005417e+00  -1.1499676e+00  -1.0285235e+00  -1.7332006e+00  -2.2631585e+00  -2.1444997e+00  -1.9001949e+00  -1.7517007e+00  -1.2569211e+00  -1.9660454e+00  -1.9393904e+00  -1.8829869e+00  -1.8017119e+00  -1.8983786e+00
   5.1665281e-02  -8.2925705e-01  -1.1472215e+00  -8.7885526e-01  -7.8776675e-01  -2.2146584e+00  -2.3074031e+00  -1.6709907e+00  -2.0253453e+00  -1.6400139e+00  -1.0339587e+00  -1.7946099e+00  -1.7947656e+00  -1.8277065e+00  -1.7012389e+00  -1.6304045e+00
   5.8579388e-01  -1.2256680e-01  -1.0859644e+00  -1.0845775e+00  -1.0827013e+00  -1.8189783e+00  -2.3213515e+00  -2.1777905e+00  -2.0107414e+00  -1.8334595e+00  -1.3150299e+00  -2.2500952e+00  -2.0636111e+00  -2.0522099e+00  -2.0321396e+00  -1.7551974e+00
   4.6162555e-01  -6.6468236e-01  -1.6055031e+00  -1.0736583e+00  -1.3925806e+00  -2.3438711e+00  -2.6919645e+00  -1.8877715e+00  -1.7428496e+00  -1.6474346e+00  -1.3160695e+00  -2.3556297e+00  -2.2899293e+00  -2.1425262e+00  -1.9071641e+00  -1.8075465e+00
   4.2065297e-02  -7.9500755e-01  -9.7979542e-01  -9.3336922e-01  -8.8808761e-01  -1.8576812e+00  -2.1607669e+00  -1.8615530e+00  -1.7197056e+00  -1.0581757e+00  -1.0754304e+00  -1.9719487e+00  -1.7907834e+00  -1.6556684e+00  -1.7234211e+00  -1.7335171e+00
   2.8341706e-01  -1.1719373e+00  -1.1469900e+00  -6.2343479e-01  -8.8396051e-01  -1.5042352e+00  -1.9017219e+00  -1.9396384e+00  -1.7223607e+00  -1.3943200e+00  -1.3028058e+00  -2.3580786e+00  -1.9463195e+00  -1.9758211e+00  -1.5806084e+00  -1.5482820e+00
   2.2707783e-01  -1.1885393e+00  -1.5787826e+00  -1.0067835e+00  -1.3755133e+00  -1.4242271e+00  -2.3591327e+00  -1.9723176e+00  -1.8891919e+00  -1.8235649e+00  -1.2357137e+00  -2.1084937e+00  -1.8344667e+00  -1.8366764e+00  -1.8455947e+00  -1.9475563e+00
   2.0141304e-01  -8.1270345e-01  -1.0619500e+00  -7.8898381e-01  -9.4026524e-01  -1.3046933e+00  -1.7775730e+00  -1.7436073e+00  -1.9479824e+00  -1.5913179e+00  -1.2002803e+00  -2.1987711e+00  -1.9243403e+00  -1.8171970e+00  -1.6193350e+00  -1.6504012e+00
  -4.5219009e-02  -5.2817916e-01  -9.2926404e-01  -8.0808342e-01  -7.8364413e-01  -1.4992350e+00  -1.9429736e+00  -1.8691774e+00  -1.8768038e+00  -1.7517284e+00  -1.2993771e+00  -2.2189001e+00  -2.1451008e+00  -2.0221049e+00  -1.6312938e+00  -1.4937061e+00
   4.5790077e-02  -2.8841080e-01  -1.1931484e+00  -1.0866212e+00  -9.8235572e-01  -1.2849788e+00  -1.5842447e+00  -1.7808228e+00  -1.7865787e+00  -1.6528883e+00  -1.3896452e+00  -2.2551657e+00  -2.1646014e+00  -1.9211725e+00  -1.9440935e+00  -1.7535211e+00
  -3.8925589e-01  -5.2164194e-01  -1.0833472e+00  -8.3543637e-01  -1.3309286e+00  -1.3287930e+00  -2.1477891e+00  -1.8381655e+00  -1.9931957e+00  -1.5098415e+00  -1.1596873e+00  -2.0862631e+00  -1.9311919e+00  -1.7458689e+00  -1.7774484e+00  -2.0614552e+00
  -3.4307548e-01  -5.5548297e-01  -6.9195463e-01  -4.2677289e-01  -1.5513934e+00  -1.7986074e+00  -1.8148090e+00  -1.5639766e+00  -1.8209531e+00  -1.7740945e+00  -1.3097318e+00  -1.9578961e+00  -2.1285699e+00  -2.1570609e+00  -1.7996473e+00  -1.8703150e+00
   4.6486964e-01  -1.0981772e+00  -1.0437971e+00  -8.8508574e-01  -1.9412988e+00  -2.6706362e+00  -2.3365316e+00  -1.9006755e+00  -1.7976942e+00  -1.6896435e+00  -1.2737580e+00  -2.1121363e+00  -1.7008993e+00  -1.8913185e+00  -1.7413963e+00  -1.5881938e+00
   5.9047088e-01  -6.0088427e-01  -1.2880035e+00  -9.7924051e-01  -1.3763825e+00  -1.9280256e+00  -2.0126918e+00  -1.9898595e+00  -2.0109516e+00  -1.6337278e+00  -1.2738528e+00  -2.0550054e+00  -1.8856290e+00  -1.7568453e+00  -1.6438674e+00  -1.5332329e+00
   6.2671409e-01   1.7784056e-01  -6.2691405e-01  -5.7429168e-01  -9.6312551e-01  -1.2102528e+00  -1.6737800e+00  -1.4932358e+00  -1.7691273e+00  -1.6087873e+00  -1.2506735e+00  -2.0877124e+00  -2.0259544e+00  -1.8624898e+00  -1.8286451e+00  -1.6317253e+00
  -4.1444444e-01  -5.0158751e-01  -9.4732546e-01  -2.8174739e-01  -4.9643806e-01  -1.3011242e+00  -1.9279466e+00  -1.7735112e+00  -1.8232220e+00  -1.6847989e+00  -1.1853653e+00  -2.2397322e+00  -2.2510824e+00  -1.7761752e+00  -1.7991961e+00  -1.7823010e+00
  -7.4911617e-02  -4.8574264e-01  -1.1997838e+00  -3.5767232e-01  -1.2069389e+00  -2.2630281e+00  -2.4359251e+00  -1.5733078e+00  -2.1224718e+00  -1.8628543e+00  -1.1770345e+00  -1.9402920e+00  -1.8302213e+00  -2.0385797e+00  -1.8443661e+00  -1.7770494e+00
   5.3460016e-02  -8.9183982e-01  -1.5385414e+00  -5.1580168e-01  -1.4200773e+00  -2.1204600e+00  -2.1263405e+00  -2.0243302e+00  -2.1074965e+00  -1.7441178e+00  -1.1659703e+00  -2.0914924e+00  -1.7905845e+00  -1.7795150e+00  -1.8403422e+00  -1.6596394e+00
   7.7394229e-02  -1.3084020e-01  -8.6405270e-01  -1.2930653e+00  -1.3172728e+00  -1.5879340e+00  -1.8246416e+00  -2.0170232e+00  -2.1627115e+00  -1.7813487e+00  -1.1603451e+00  -2.0556871e+00  -2.0071765e+00  -1.8780978e+00  -1.7950884e+00  -1.7062038e+00
   2.7888595e-01   2.3573579e-01  -9.4064044e-01  -1.3284401e+00  -1.4060228e+00  -1.4730506e+00  -1.9533983e+00  -1.3534899e+00  -1.7147336e+00  -1.8100416e+00  -1.2568070e+00  -2.1133920e+00  -2.0239390e+00  -1.5251440e+00  -1.4138996e+00  -1.0702673e+00
   7.3841425e-01   9.1878349e-01  -6.4256659e-01  -4.5628217e-01  -1.1243337e+00  -1.2900094e+00  -1.6132631e+00  -1.5528349e+00  -1.8892621e+00  -1.4986105e+00  -1.3244142e+00  -2.1217930e+00  -2.0687275e+00  -9.6899509e-01  -8.2525313e-01  -6.9960863e-01
   9.1515168e-01   1.1911734e+00  -6.3974305e-01  -9.8448900e-01  -8.2607558e-01  -1.6999866e+00  -1.9367959e+00  -1.8487488e+00  -1.3994541e+00  -1.3844799e+00  -9.8325636e-01  -2.0638530e+00  -1.5127991e+00   6.2167326e-02  -1.9426616e-01  -3.4338902e-01
   6.9243132e-01   1.5471998e+00   1.7356607e-01  -3.1839728e-01  -9.1598632e-01  -1.9175655e+00  -1.9198431e+00  -1.5245649e+00  -1.7903465e+00  -1.5034970e+00  -1.0120610e+00  -1.8138095e+00  -1.2792082e+00   8.1141572e-02  -3.9854626e-01  -6.9159339e-01
   7.4144854e-01   1.8268361e+00   5.7334184e-01  -7.7875601e-02  -1.0957398e+00  -1.1911116e+00  -1.8495150e+00  -1.6852589e+00  -1.7047456e+00  -1.4515128e+00  -9.3617224e-01  -1.6764365e+00  -1.4318241e+00   8.1550638e-02  -1.8959223e-01  -6.5110146e-01
   1.0712925e+00   1.9680922e+00   8.5431746e-01   1.9248915e-01  -1.1287151e+00  -1.3821820e+00  -1.7153568e+00  -1.6431978e+00  -1.6873255e+00  -1.6954557e+00  -1.1372472e+00  -1.6357525e+00  -1.1816942e+00   1.1987115e-01  -2.7634749e-01  -7.3373252e-01
   9.0827755e-01   2.0774312e+00   1.0327594e+00   2.3916949e-01  -1.3170213e+00  -1.5616732e+00  -2.1592232e+00  -1.6029957e+00  -1.8273317e+00  -1.2737257e+00  -1.0386993e+00  -1.7246489e+00  -1.2699597e+00   5.0148231e-01  -1.7545524e-01  -7.1829329e-01
   1.3285091e+00   2.1699088e+00   1.1170926e+00   2.8016129e-01  -6.5610225e-01  -1.2845374e+00  -2.2244786e+00  -1.7369992e+00  -1.5745466e+00  -1.3376347e+00  -7.8842976e-01  -1.3891064e+00  -9.4556524e-01   2.9012645e-01  -9.1719887e-02  -4.6559400e-01
   1.3655842e+00   2.1502484e+00   1.1439455e+00   5.4930766e-01  -4.1373057e-01  -1.7444329e+00  -1.9326750e+00  -1.9666890e+00  -1.5366269e+00  -1.2274837e+00  -5.7697947e-01  -1.2132447e+00  -6.9623342e-01   9.3607295e-01   1.8655923e-01  -2.0249491e-01
   1.3455131e+00   2.1695627e+00   1.1914983e+00   2.6395187e-01  -9.6269684e-01  -1.3567299e+00  -1.6677895e+00  -1.6509932e+00  -1.6707586e+00  -1.2483488e+00  -6.5191265e-01  -1.2523539e+00  -6.7135520e-01   1.1858687e+00   2.2211671e-01  -6.4801078e-01
   1.3841880e+00   2.0792221e+00   9.9565339e-01   2.2998882e-02  -8.9079083e-01  -2.1105209e+00  -2.3688577e+00  -1.7302494e+00  -1.3897166e+00  -1.2889588e+00  -5.6670222e-01  -1.2199547e+00  -7.6224965e-01   2.6948410e-01  -4.0627068e-01  -3.5389285e-01
   1.3369489e+00   1.9400169e+00   5.9500997e-01  -2.3083994e-01  -6.7711735e-01  -1.6582966e+00  -1.7302935e+00  -1.4652321e+00  -1.4512111e+00  -1.5133403e+00  -3.9762799e-01  -8.7838445e-01  -6.9334009e-02   8.5983940e-01  -1.8977851e-01  -1.7968466e-01
   1.2402512e+00   1.7078853e+00   1.0346169e-01  -3.3071992e-01  -1.1853589e+00  -1.4983984e+00  -2.0744605e+00  -1.3794188e+00  -1.6963130e+00  -1.5970409e+00  -2.5926098e-01  -9.7337072e-01  -2.2965305e-01   6.4203931e-01  -3.1537706e-01  -2.3153145e-01
   1.3329153e+00   1.5004021e+00   6.5271131e-01  -1.3906265e-01  -5.6929252e-01  -1.0756576e+00  -1.8561111e+00  -1.6793762e+00  -1.9721784e+00  -1.5244180e+00  -2.4622293e-01  -9.4390774e-01  -5.7363076e-01   2.0657303e-01  -6.6544019e-01  -1.5057529e-01
   1.1315208e+00   1.3219271e+00   1.1961011e+00  -1.7043627e-01  -7.4839359e-01  -5.1564835e-01  -1.2313059e+00  -1.4585092e+00  -1.7643656e+00  -1.5969852e+00  -1.7039692e-01  -8.8033422e-01  -5.7006760e-01   2.0007752e-01  -3.0745330e-01  -2.5529291e-01
   8.4736420e-01   9.7985514e-01   1.0487290e+00  -2.8240668e-01  -6.6636179e-01  -1.1558712e+00  -1.7100788e+00  -1.6660879e+00  -1.8911286e+00  -1.6164782e+00  -3.1104358e-01  -9.3723534e-01  -7.2928306e-01   2.9753184e-01  -3.7142893e-01  -3.0582430e-01
   1.4310582e+00   1.3296623e+00   6.7753193e-01  -9.5133882e-02  -1.3958278e+00  -1.7068193e+00  -2.0328307e+00  -1.7110082e+00  -1.9816696e+00  -1.7691419e+00  -4.9379191e-01  -1.1264253e+00  -5.8773592e-01  -2.1087404e-01  -9.1195322e-01  -4.3228426e-01
   8.6681695e-01   8.6089340e-01   4.7804699e-01  -2.9176422e-01  -1.3364378e+00  -1.7835032e+00  -1.9657344e+00  -1.9547212e+00  -1.9679446e+00  -1.6905712e+00  -9.6152888e-01  -1.6162704e+00  -8.1553589e-01  -5.1732089e-01  -1.0284297e+00  -3.5198667e-01
   1.1298189e+00   1.0011788e+00   4.5603875e-01  -5.5127167e-02  -8.6781307e-01  -1.7384626e+00  -2.2124133e+00  -1.9207164e+00  -2.0597361e+00  -1.9067976e+00  -8.7968285e-01  -1.6941124e+00  -7.5683784e-01  -6.3919797e-01  -1.2028983e+00  -6.0537498e-01
   1.2877862e+00   9.1741252e-01   3.4348476e-01  -9.0985144e-02  -6.0633086e-01  -1.3309413e+00  -2.1509482e+00  -1.7690155e+00  -1.9873559e+00  -1.8242562e+00  -1.1859717e+00  -1.7772700e+00  -9.6162699e-01  -9.5413293e-01  -1.3722502e+00  -1.0359226e+00
   7.0420036e-01   7.7873134e-01   8.6123714e-02  -2.1843615e-01  -7.9391911e-01  -1.9469979e+00  -2.3655356e+00  -1.9075855e+00  -1.9635658e+00  -1.9023959e+00  -1.2923376e+00  -1.9136265e+00  -9.6727682e-01  -1.0830572e+00  -1.6405773e+00  -1.1573286e+00
   1.1234712e+00   8.6313243e-01   2.9460773e-01  -4.1598294e-01  -1.0733004e+00  -2.1608701e+00  -2.2871593e+00  -1.9704397e+00  -2.2730134e+00  -1.7667537e+00  -9.6547148e-01  -1.8447926e+00  -1.3361474e+00  -1.2388373e+00  -1.7184603e+00  -1.5110934e+00
   4.4627068e-01   2.5533239e-01  -2.0098399e-01  -4.4399115e-01  -7.8850091e-01  -1.8531036e+00  -2.6089131e+00  -1.8775346e+00  -1.7608339e+00  -1.7598845e+00  -1.1579064e+00  -1.9370418e+00  -1.1182464e+00  -1.1474682e+00  -1.7784325e+00  -1.3052961e+00
   5.0340444e-01   3.0709112e-01  -5.5593548e-01  -5.0192755e-01  -7.5134258e-01  -1.5170058e+00  -2.2401299e+00  -1.7848474e+00  -1.7700910e+00  -1.9192877e+00  -9.3919475e-01  -1.8809695e+00  -1.4541406e+00  -1.4305041e+00  -1.9537735e+00  -1.1914305e+00
   6.4784056e-01   4.4437364e-01  -6.0882976e-01  -9.5991686e-01  -7.7864904e-01  -1.0908746e+00  -1.9088980e+00  -1.6638047e+00  -1.5998923e+00  -1.6288856e+00  -1.0047876e+00  -1.4578142e+00  -1.7365046e+00  -1.8086018e+00  -1.7776625e+00  -1.1344764e+00
   9.5436675e-01   4.8412790e-01  -8.9505461e-01  -9.2027128e-01  -1.1100196e+00  -1.8848195e+00  -2.4813747e+00  -1.7308169e+00  -1.8501282e+00  -1.5958974e+00  -9.6787639e-01  -1.6289549e+00  -1.7329422e+00  -1.6632680e+00  -1.5506830e+00  -1.2029395e+00
   1.0290872e+00   4.1133680e-01  -6.8296064e-01  -9.4586905e-01  -4.9602882e-01  -1.9190599e+00  -2.1558257e+00  -2.0053445e+00  -2.0928290e+00  -1.6903892e+00  -1.0541636e+00  -1.5393787e+00  -1.5258827e+00  -1.7222496e+00  -1.7264517e+00  -1.4125185e+00
   3.7469903e-01   3.4641700e-01  -4.9843976e-01  -1.0052992e+00  -1.3423006e+00  -1.8664152e+00  -2.1991499e+00  -2.1285914e+00  -2.0545784e+00  -1.8364272e+00  -1.2156808e+00  -2.0482764e+00  -2.0278252e+00  -1.8077703e+00  -1.6341011e+00  -1.3422171e+00
  -1.8108752e-01   6.8019414e-02  -3.2923850e-01  -1.1111709e+00  -1.5533714e+00  -1.8254488e+00  -1.8477137e+00  -1.8168692e+00  -2.0893605e+00  -1.7848689e+00  -1.1505848e+00  -1.8498551e+00  -2.0269203e+00  -2.0288860e+00  -1.8406647e+00  -1.6945144e+00
   4.6586432e-01  -4.1513000e-03  -2.8319011e-01  -8.1643081e-01  -9.1249415e-01  -1.0140504e+00  -1.7444856e+00  -1.8162033e+00  -1.8391081e+00  -1.7746345e+00  -1.1344592e+00  -1.9868143e+00  -2.0535466e+00  -1.9970978e+00  -1.8118992e+00  -1.6068383e+00
   6.5670633e-01   1.3389651e-01  -3.2010595e-01  -5.6392632e-01  -9.7557034e-01  -1.4939774e+00  -2.2850455e+00  -1.8215736e+00  -1.8720725e+00  -1.6508142e+00  -1.2273437e+00  -1.9540432e+00  -2.1041974e+00  -2.1822857e+00  -2.0181855e+00  -1.8364196e+00
   8.5581046e-01   5.4856278e-01  -4.5973668e-01  -9.4160198e-01  -1.2641938e+00  -1.8237517e+00  -1.8528780e+00  -1.7509994e+00  -1.8374822e+00  -1.5541231e+00  -1.2030563e+00  -2.2483483e+00  -2.1265083e+00  -1.9725106e+00  -1.7151507e+00  -1.7458835e+00
   1.4332778e-01  -7.8587408e-01  -1.0669165e+00  -9.5046319e-01  -1.2373245e+00  -1.8400699e+00  -2.0636573e+00  -1.6741931e+00  -1.8953947e+00  -1.6300231e+00  -1.1780580e+00  -2.2254696e+00  -2.1365446e+00  -1.9271336e+00  -1.5527330e+00  -1.5742078e+00
   8.9440885e-01  -6.9775911e-01  -1.1032710e+00  -7.1325681e-01  -1.4063597e+00  -1.9918281e+00  -2.5161905e+00  -2.0306883e+00  -1.5917222e+00  -1.6910771e+00  -1.0913786e+00  -2.1534645e+00  -1.9554492e+00  -1.9405319e+00  -1.7102744e+00  -1.7250951e+00
   7.6675669e-02  -3.9468094e-01  -1.4475016e+00  -6.1044214e-01  -9.8967514e-01  -1.8294794e+00  -2.2787462e+00  -1.6075983e+00  -2.0128376e+00  -1.4389170e+00  -1.1643103e+00  -2.3168556e+00  -2.2189176e+00  -2.0615629e+00  -1.9329443e+00  -1.5286827e+00
  -5.6235172e-01  -9.7300257e-01  -8.1680671e-01  -5.7651698e-01  -1.3395051e+00  -1.6181038e+00  -2.0924577e+00  -1.8606850e+00  -1.8445222e+00  -1.6338920e+00  -1.3091242e+00  -2.1775989e+00  -2.0000399e+00  -1.8114377e+00  -1.9506977e+00  -1.8443958e+00
  -5.2634461e-01  -7.4776398e-01  -1.1464562e+00  -1.2710049e+00  -9.4429240e-01  -1.2396779e+00  -2.0044421e+00  -1.6868911e+00  -2.0854203e+00  -1.7075570e+00  -1.2849309e+00  -2.0430079e+00  -1.8433020e+00  -1.7875848e+00  -1.5527498e+00  -1.7571986e+00
  -2.4788168e-01  -4.8100644e-01  -1.0276796e+00  -8.9170911e-01  -8.5953069e-01  -1.2684010e+00  -2.2408122e+00  -1.8751652e+00  -1.6660146e+00  -1.6870493e+00  -1.2951010e+00  -2.0220406e+00  -1.7134313e+00  -1.6839774e+00  -1.7476789e+00  -1.6455214e+00
   3.5978655e-01  -5.9274559e-01  -1.1879986e+00  -8.1403613e-01  -1.1416725e+00  -1.6490221e+00  -2.0055061e+00  -1.4517586e+00  -1.5632244e+00  -1.6851325e+00  -1.2999484e+00  -1.9121867e+00  -2.0486891e+00  -1.7681890e+00  -2.1576501e+00  -1.9953392e+00
  -1.9548909e-01  -7.7961172e-01  -1.5389166e+00  -5.8974807e-01  -1.0026160e+00  -1.8861631e+00  -1.9605672e+00  -1.3194916e+00  -1.6923764e+00  -1.7217897e+00  -1.4189352e+00  -1.8391069e+00  -1.8465350e+00  -1.9659448e+00  -2.0157866e+00  -1.5260964e+00
  -3.2457262e-01  -5.4859251e-01  -1.1701340e+00  -6.2100851e-01  -8.5226233e-01  -1.6388304e+00  -2.0095557e+00  -1.6345107e+00  -2.1246434e+00  -1.8310233e+00  -1.3264557e+00  -1.7747045e+00  -1.8699077e+00  -2.0339104e+00  -1.7242390e+00  -1.7556054e+00
  -2.4064449e-01  -8.1750738e-01  -6.2858201e-01  -5.0955304e-01  -1.3824637e+00  -2.2212847e+00  -2.2127991e+00  -1.5999619e+00  -1.8688050e+00  -1.6421537e+00  -1.2438697e+00  -2.1802442e+00  -1.9921194e+00  -1.7180206e+00  -1.7135938e+00  -1.6844994e+00
   1.6654501e-01  -8.9393949e-01  -1.2882611e+00  -7.9602948e-01  -1.1764489e+00  -1.9378272e+00  -2.0339400e+00  -1.4136034e+00  -1.9199683e+00  -1.7339828e+00  -1.3253797e+00  -2.0858061e+00  -1.7984347e+00  -2.0421514e+00  -1.9946508e+00  -1.6146552e+00
   5.3786144e-02  -4.7885170e-01  -1.1974726e+00  -4.3995630e-01  -8.9455144e-01  -2.0186681e+00  -2.2138603e+00  -1.6432649e+00  -1.9427951e+00  -1.5098661e+00  -1.2784087e+00  -1.9924133e+00  -1.7169039e+00  -1.9250354e+00  -1.8039528e+00  -1.4745007e+00
   2.8910347e-01  -8.3532760e-01  -9.3793746e-01  -2.1580353e-01  -7.0058840e-01  -2.2812217e+00  -2.2697857e+00  -2.0725362e+00  -1.8313336e+00  -1.6209746e+00  -1.1968221e+00  -1.9188221e+00  -2.0074969e+00  -1.6995416e+00  -1.8378049e+00  -1.7935508e+00
  -7.5307476e-01  -9.2414424e-01  -1.0472078e+00  -3.2963365e-01  -7.5301582e-01  -1.7205256e+00  -2.1457458e+00  -1.5314990e+00  -1.8522714e+00  -1.6761397e+00  -1.2098210e+00  -1.9289941e+00  -2.0137907e+00  -1.9622886e+00  -1.5864067e+00  -1.4902080e+00
  -3.1707796e-01  -9.5906269e-01  -1.1367821e+00  -5.0522199e-01  -7.8986392e-01  -2.2761543e+00  -2.2846674e+00  -1.9334665e+00  -1.6002956e+00  -1.5219314e+00  -1.1545905e+00  -1.9271389e+00  -1.7712354e+00  -1.7377673e+00  -1.5021050e+00  -1.5931368e+00
  -1.3149078e-01  -9.3844656e-01  -8.8978142e-01  -5.0406701e-01  -6.2975783e-01  -1.6509317e+00  -2.2744899e+00  -1.8256365e+00  -2.0450025e+00  -1.6225842e+00  -1.1621094e+00  -1.6661260e+00  -1.8414643e+00  -1.8924032e+00  -1.5058752e+00  -1.6002407e+00
   1.4489790e-01  -4.0640579e-01  -9.7733138e-01  -7.5898219e-01  -8.4835085e-01  -1.6496995e+00  -1.9100926e+00  -1.2413754e+00  -1.9427769e+00  -1.6476025e+00  -1.3405081e+00  -2.2052853e+00  -2.0008669e+00  -1.9108602e+00  -1.8299826e+00  -1.6338248e+00
   4.1978394e-01  -5.6297358e-01  -8.0836890e-01  -9.6859680e-01  -1.1998574e+00  -1.2464505e+00  -1.7752480e+00  -1.4146997e+00  -1.7755974e+00  -1.6943067e+00  -1.1583491e+00  -1.9170285e+00  -1.8388250e+00  -1.6945324e+00  -2.1168011e+00  -1.6467234e+00
   7.8724966e-01  -6.8753449e-01  -1.0458842e+00  -5.1087988e-01  -7.7691326e-01  -1.5210588e+00  -2.1441668e+00  -1.4747845e+00  -1.7294671e+00  -1.6794696e+00  -1.1817638e+00  -2.1250736e+00  -2.1797491e+00  -1.9608095e+00  -2.0901064e+00  -1.9269712e+00
