   2.4023453e+00   1.6315649e+00   7.4063837e-01   6.9427597e-01   5.7785902e-01   5.6156316e-01   1.0228722e-01  -4.0358095e-01  -6.5255449e-01  -1.1325754e+00  -1.0009760e+00  -1.2784102e+00  -1.4526120e+00  -1.7912796e+00  -1.8347951e+00  -1.8139657e+00
   2.7645074e+00   2.5066028e+00   1.6212175e+00   5.1235716e-01   4.8124658e-01   7.1104821e-01   3.0057705e-01  -3.0814992e-01  -6.2659152e-01  -9.0096847e-01  -1.2470819e+00  -1.1818687e+00  -1.5007929e+00  -1.7913708e+00  -1.7319743e+00  -1.7506733e+00
   2.6007385e+00   2.2059222e+00   1.2011175e+00   9.3003803e-01   6.1143058e-01   3.9945570e-01   1.2322921e-01  -4.2917282e-01  -7.2071178e-01  -8.6964358e-01  -9.0427441e-01  -9.1246612e-01  -1.4968366e+00  -1.6292924e+00  -1.6269506e+00  -1.5624028e+00
   2.6326483e+00   2.1804635e+00   1.3002453e+00   1.3482663e+00   1.0633186e+00   7.0325923e-01   4.8732933e-03  -8.2334688e-01  -8.1468622e-01  -9.5597183e-01  -1.1380423e+00  -1.1605919e+00  -1.4490946e+00  -1.8749942e+00  -1.9439796e+00  -1.7176324e+00
   2.1550117e+00   2.3919722e+00   1.4322158e+00   1.0835966e+00   3.7303980e-01   6.1015319e-01  -1.4704556e-01  -1.0583233e+00  -8.9365504e-01  -1.0220304e+00  -8.5361950e-01  -9.7459935e-01  -1.3448686e+00  -1.7431284e+00  -1.9881280e+00  -2.0657954e+00
   1.8929411e+00   2.2133386e+00   1.3200318e+00   5.6132648e-01   3.4266164e-01   3.8725977e-01  -2.6347557e-01  -9.1447922e-01  -9.1662018e-01  -1.1085704e+00  -1.2073631e+00  -9.6342890e-01  -1.6232610e+00  -1.8887053e+00  -1.7840313e+00  -2.0408679e+00
   2.2185206e+00   2.4990874e+00   1.3764580e+00   6.7648818e-01   4.2643828e-01   4.2059356e-01  -1.8460936e-01  -5.7537321e-01  -1.1000316e+00  -1.0399566e+00  -9.9117081e-01  -1.2858857e+00  -1.6365628e+00  -2.2752125e+00  -2.1133371e+00  -2.1613111e+00
   2.0676607e+00   2.4125077e+00   1.3257628e+00   6.0393710e-01   4.6725728e-02   6.0941603e-01   2.9839838e-01  -6.8675812e-01  -1.0272542e+00  -8.3870643e-01  -6.9855999e-01  -9.2598557e-01  -1.5464533e+00  -1.6051744e+00  -1.9611129e+00  -2.1494443e+00
   2.1418222e+00   1.8971699e+00   1.6191760e+00   1.3158547e+00   7.2378786e-01   6.9406861e-01  -1.7181002e-01  -6.6716482e-01  -1.1997466e+00  -1.0206131e+00  -8.8267567e-01  -9.2784832e-01  -1.5217789e+00  -1.9606042e+00  -2.1561771e+00  -1.9519884e+00
   2.2195888e+00   2.3494782e+00   1.3429283e+00   8.6552223e-01   5.5785033e-01   7.6857717e-01  -1.8951948e-01  -7.2675409e-01  -1.0561290e+00  -1.1720728e+00  -1.4049986e+00  -8.0279835e-01  -1.3400438e+00  -1.8261392e+00  -1.8348689e+00  -1.6506883e+00
   1.9456065e+00   2.0933987e+00   1.6549661e+00   9.1274775e-01   6.8650763e-01   7.2808827e-01   1.3966321e-01  -7.3169181e-01  -8.5124633e-01  -9.4700775e-01  -1.0102331e+00  -8.8193432e-01  -1.3063115e+00  -1.5725731e+00  -1.5453934e+00  -1.5668447e+00
   2.2934415e+00   2.4240801e+00   1.4120245e+00   1.0374876e+00   8.2196134e-01   9.1763922e-01   2.3093534e-01  -4.7402414e-01  -7.7116627e-01  -8.6859264e-01  -1.0969531e+00  -8.4398732e-01  -1.2076957e+00  -1.5431545e+00  -1.6087454e+00  -1.6629386e+00
   2.1745041e+00   2.4843047e+00   9.4045431e-01   5.3918333e-01   9.0400909e-01   4.6690280e-01  -2.7160800e-01  -9.0093823e-01  -6.8310266e-01  -1.1645235e+00  -1.1662137e+00  -1.3963307e+00  -1.5383873e+00  -2.0499870e+00  -2.0178909e+00  -1.8633954e+00
   2.0977167e+00   2.2410285e+00   7.7481342e-01   6.1865301e-01   9.2682171e-01   7.5120923e-01   2.4349157e-01  -5.7070280e-01  -9.0788121e-01  -9.8339861e-01  -8.8161289e-01  -1.3468453e+00  -1.4671753e+00  -1.8578914e+00  -1.7083986e+00  -1.6911023e+00
   2.3671135e+00   1.7221540e+00   7.6390415e-01   4.8263566e-01   7.7820715e-01   5.6842332e-01   2.5409582e-01  -4.4913019e-01  -7.0957975e-01  -1.1713241e+00  -1.0900674e+00  -9.3602054e-01  -1.4203396e+00  -1.8351560e+00  -1.9562774e+00  -2.0699982e+00
   2.5587800e+00   2.0706733e+00   1.1549499e+00   5.0021248e-01   1.5791128e-01  -1.5248741e-01  -2.9367560e-01  -6.8439599e-01  -8.2921785e-01  -1.3513519e+00  -1.3696259e+00  -1.0531844e+00  -1.6120598e+00  -1.6352897e+00  -2.0065864e+00  -1.9852663e+00
   2.5627771e+00   1.9276661e+00   1.4042554e+00   7.1767567e-01   4.3762798e-01   7.8999115e-02  -1.0134026e-01  -7.3749489e-01  -1.0271224e+00  -8.7982550e-01  -1.0169958e+00  -1.1666739e+00  -1.3780900e+00  -1.3710783e+00  -1.5012830e+00  -1.5532064e+00
   1.9655471e+00   1.0793920e+00   1.1372926e+00   8.2236629e-01   8.0957071e-01   6.8591193e-01  -5.5285460e-01  -5.4196836e-01  -6.5756608e-01  -1.2490868e+00  -1.5011739e+00  -1.3254223e+00  -1.3367829e+00  -1.8839395e+00  -1.7311779e+00  -1.9214037e+00
   1.5848548e+00   1.6770521e+00   7.9054171e-01   5.4248297e-01   5.6372030e-01   6.6853652e-01  -2.3248826e-01  -7.4713016e-01  -9.8534965e-01  -8.7830060e-01  -1.2440458e+00  -9.8514890e-01  -1.5115733e+00  -1.6538326e+00  -1.7082786e+00  -1.5962428e+00
   2.1407045e+00   2.0114808e+00   8.7306077e-01   8.6007284e-01   4.8428733e-01   7.1933756e-01  -3.0721978e-01  -6.1338338e-01  -9.8031337e-01  -1.0623986e+00  -1.0408838e+00  -1.0195450e+00  -1.1759085e+00  -1.5967524e+00  -1.4892904e+00  -1.3623673e+00
   2.3576791e+00   2.4965341e+00   1.7466032e+00   1.2099903e+00   7.6142615e-01   3.8453809e-01  -2.6647783e-01  -4.2109269e-01  -9.8763488e-01  -9.8764210e-01  -1.3090088e+00  -1.1316381e+00  -1.3921863e+00  -2.1515903e+00  -1.8092454e+00  -2.0227165e+00
   2.4024356e+00   1.9863172e+00   1.7983569e+00   1.5001272e+00   7.9540974e-01   5.6023573e-01   2.5033704e-01  -2.8868871e-01  -7.6003912e-01  -1.0477564e+00  -1.1938882e+00  -1.0189878e+00  -1.2873165e+00  -1.4890297e+00  -1.7283861e+00  -1.9434153e+00
   2.6385940e+00   2.4458264e+00   1.7784859e+00   9.4376519e-01   5.6024734e-01   8.6390872e-01   7.7712957e-02  -3.6049924e-01  -5.1610673e-01  -9.1197494e-01  -1.0114697e+00  -1.1323806e+00  -1.4911662e+00  -1.8452560e+00  -1.8756540e+00  -1.9994501e+00
   2.3639296e+00   2.0498835e+00   1.0674871e+00   1.4077617e+00   7.0769910e-01   1.0797139e+00   1.4348648e-01  -4.6273713e-01  -7.0596614e-01  -1.0890658e+00  -1.0643714e+00  -9.6961911e-01  -1.4416957e+00  -1.7981116e+00  -1.6638880e+00  -1.8573122e+00
   2.1426534e+00   2.3080149e+00   1.2146966e+00   1.1497128e+00   5.7033712e-01   5.2684280e-01  -4.5238599e-01  -1.0812980e+00  -1.0188053e+00  -1.3769910e+00  -7.8069762e-01  -8.9988496e-01  -1.4426001e+00  -1.8536559e+00  -1.7253193e+00  -2.0472315e+00
   2.0370973e+00   1.8319834e+00   1.1923812e+00   1.2180214e+00   7.8287446e-01   7.0020712e-01   2.2040484e-01  -2.5577944e-01  -9.0529599e-01  -1.0566919e+00  -1.0510793e+00  -1.2035729e+00  -1.5138205e+00  -1.7528901e+00  -1.9408242e+00  -2.1090922e+00
   2.3366741e+00   2.3582545e+00   1.5527793e+00   1.2202147e+00   9.3943840e-01   5.2385952e-01   3.5971353e-01  -5.4236259e-03  -8.9875179e-01  -1.2489294e+00  -1.1469541e+00  -1.1773658e+00  -1.5876659e+00  -1.7633522e+00  -1.7832693e+00  -1.7437276e+00
   2.4561897e+00   2.5496022e+00   1.4698631e+00   1.1854563e+00   1.1158927e+00   6.9447920e-01   1.4712395e-01  -3.9574963e-01  -1.0138329e+00  -9.4436716e-01  -9.6422181e-01  -1.1671821e+00  -1.4569362e+00  -1.7521081e+00  -1.8046822e+00  -1.8019066e+00
   2.0640766e+00   2.2984183e+00   1.6885294e+00   6.6431308e-01   7.0934063e-01   6.8243743e-01   1.7742320e-01  -4.9103790e-01   1.1730633e-01  -1.8318407e-01  -6.2717629e-01  -8.9535530e-01  -1.2340002e+00  -1.2933257e+00  -1.2261603e+00  -9.9820745e-01
   2.2526856e+00   2.7448380e+00   1.9462766e+00   1.1183725e+00   1.4055262e+00   1.0723342e+00   3.6579875e-01   5.0235484e-01   1.6596239e+00   9.0023989e-01   4.1147555e-01  -4.1001003e-01  -5.1813751e-01  -4.6402236e-01  -7.1064301e-01  -3.1884095e-01
   2.2911288e+00   2.2346327e+00   1.0823069e+00   1.5338635e+00   1.6916297e+00   3.4822674e-01   2.6179871e-01   1.0948619e+00   2.2391346e+00   1.0992322e+00   6.4854818e-01  -1.0550258e-01   1.6487026e-01   3.7630618e-01  -5.4321333e-01  -1.7511888e-01
   2.4379795e+00   2.4222719e+00   1.4604115e+00   1.2769696e+00   1.6503149e+00   1.3542192e+00   2.9421059e-01   1.4077294e+00   2.4982539e+00   1.3854221e+00   1.0733307e+00   3.7024893e-01   5.5259379e-01   6.3403430e-01  -6.3864831e-01  -5.0262857e-01
   2.3009088e+00   2.8759335e+00   1.7281357e+00   1.3864266e+00   1.5797244e+00   1.1988403e+00   3.9669765e-01   1.7384613e+00   2.6934934e+00   1.4046555e+00   1.0176398e+00   3.0078554e-01   6.6818579e-01   6.0109213e-01  -5.4240074e-01  -7.0937055e-02
   2.5122749e+00   2.4309003e+00   1.3421369e+00   1.7311954e+00   1.8508858e+00   1.5790921e+00   5.1419472e-01   1.8419422e+00   2.7496995e+00   1.3559765e+00   8.9494221e-01   1.2932871e-01   8.4640898e-01   7.6269934e-01  -5.3072985e-01  -7.0362770e-02
   2.4134147e+00   2.7970973e+00   1.3936175e+00   1.2561477e+00   1.8109920e+00   1.0513600e+00   2.6721156e-01   1.6710905e+00   2.4900595e+00   1.3037085e+00   9.8852595e-01   2.8937838e-01   8.9771974e-01   8.4682259e-01  -5.2349348e-01  -3.7810403e-01
   3.0034742e+00   2.9356200e+00   1.7248513e+00   1.3256887e+00   1.8109762e+00   1.1066779e+00   4.3140122e-01   1.7645647e+00   2.2421524e+00   1.3157068e+00   1.2522729e+00   6.4521373e-01   1.0709711e+00   9.9551151e-01  -4.5025257e-01  -4.2051658e-01
   2.9901224e+00   2.4205378e+00   1.4807381e+00   1.4692261e+00   2.0739381e+00   1.4152955e+00   7.2639773e-01   1.9323472e+00   2.2702395e+00   1.1674879e+00   1.4249334e+00   7.3466206e-01   9.4751419e-01   1.0230688e+00  -5.4185733e-01  -3.2347474e-01
   2.2036536e+00   2.4901692e+00   1.5766638e+00   1.6599905e+00   1.9488672e+00   1.2652164e+00   5.4216693e-01   1.9789712e+00   2.3377856e+00   1.3092602e+00   1.4615608e+00   6.4281439e-01   9.3070408e-01   8.0566289e-01  -4.8755682e-01  -4.4839225e-01
   2.8781583e+00   2.7173306e+00   1.2783729e+00   1.9262977e+00   2.1810872e+00   1.4605234e+00   3.0564053e-01   2.0939275e+00   2.4916631e+00   1.3870041e+00   1.3605047e+00   5.6489566e-01   9.8365261e-01   7.5133448e-01  -7.0365791e-01  -3.1977653e-01
   3.0348238e+00   2.8995301e+00   9.6180295e-01   2.0583847e+00   2.3925329e+00   1.6218953e+00   9.8075593e-01   2.2567035e+00   2.5340406e+00   1.3124840e+00   1.3226623e+00   5.2653919e-01   9.7688414e-01   7.4631145e-01  -7.4438339e-01  -1.9372869e-01
   2.1763165e+00   2.8331271e+00   1.7316275e+00   2.5063501e+00   2.6862897e+00   1.4910198e+00   9.5244556e-01   2.3839713e+00   2.4524005e+00   1.3873513e+00   1.3263515e+00   5.9707752e-01   9.2859189e-01   6.5687685e-01  -8.2842001e-01  -7.6473183e-01
   3.0301754e+00   2.9942822e+00   1.9980336e+00   2.8506145e+00   2.9365692e+00   1.4234004e+00   5.9296560e-01   2.2283894e+00   2.5088926e+00   1.4131220e+00   1.4266447e+00   7.5012938e-01   9.7189606e-01   6.5634642e-01  -6.9593347e-01  -6.1207325e-01
   2.8583321e+00   3.0276556e+00   1.9386925e+00   2.6424507e+00   2.9192342e+00   1.4319585e+00   7.9424557e-01   2.4357600e+00   2.5693557e+00   1.4442023e+00   1.4774987e+00   7.0580821e-01   8.5302748e-01   4.9077564e-01  -8.1381998e-01  -8.6338827e-01
   3.0035736e+00   2.9649545e+00   2.3616452e+00   2.6402712e+00   2.8803131e+00   1.4902239e+00   8.4933952e-01   2.5629578e+00   2.5225018e+00   1.3513354e+00   1.2781316e+00   6.9541832e-01   8.6525230e-01   4.4855311e-01  -8.9011692e-01  -1.0638713e+00
   2.4841476e+00   2.5038910e+00   1.2336242e+00   2.2984582e+00   2.3490630e+00   1.7186187e+00   1.0560271e+00   2.4912390e+00   2.4714900e+00   1.2435770e+00   1.4007947e+00   6.1032042e-01   7.7941263e-01   5.4709682e-01  -7.9217224e-01  -8.3014119e-01
   2.0211168e+00   2.8140726e+00   1.2309556e+00   2.0461422e+00   2.1843535e+00   1.6969497e+00   9.0650950e-01   2.1892650e+00   2.4009702e+00   1.2193418e+00   1.1371825e+00   6.1056473e-01   7.4014425e-01   5.0870495e-01  -7.3794101e-01  -7.5932760e-01
   2.0397759e+00   2.4145744e+00   1.5420983e+00   2.0719679e+00   2.1717647e+00   1.4270493e+00   6.8730315e-01   2.3398169e+00   2.5119309e+00   1.2539847e+00   1.1686302e+00   6.3316944e-01   6.3193376e-01   2.4941643e-01  -1.1271528e+00  -7.6985320e-01
   2.1696826e+00   2.1841896e+00   1.4342921e+00   1.8474259e+00   1.8898336e+00   1.0774703e+00   7.9664877e-01   2.5933523e+00   2.5505569e+00   1.2737198e+00   1.2628585e+00   5.2141581e-01   7.0497511e-01   4.5437019e-01  -7.3585361e-01  -6.7518505e-01
   2.6866736e+00   2.7172563e+00   1.4333406e+00   2.0590428e+00   1.7913471e+00   1.1254444e+00   8.5401051e-01   2.6452617e+00   2.4066052e+00   1.1332436e+00   1.2238574e+00   5.5755287e-01   5.0821072e-01   2.4192132e-01  -9.4272070e-01  -8.9534253e-01
   2.4798590e+00   2.6766434e+00   1.5953801e+00   1.9121853e+00   1.2931324e+00   1.1793065e+00   1.0009530e+00   2.5903423e+00   2.2123687e+00   1.0149213e+00   1.2913675e+00   5.4257809e-01   4.3242665e-01   2.3768230e-01  -1.0548046e+00  -6.5298124e-01
   2.2043669e+00   2.2540539e+00   1.6226612e+00   1.5244829e+00   1.9804638e+00   1.3919811e+00   6.5359848e-01   2.2126218e+00   1.9249144e+00   8.0043979e-01   8.5826796e-01   2.4384678e-01  -2.8184933e-01  -9.0039661e-02  -9.0077022e-01  -5.4667237e-01
   2.6193092e+00   1.8515653e+00   8.6087607e-01   1.5880205e+00   1.7991386e+00   9.9394760e-01   6.2116759e-01   1.4818977e+00   1.3524431e+00   1.8809675e-01   4.2408737e-01   1.0861916e-01  -7.9651796e-01  -7.6862257e-01  -9.5467758e-01  -2.1380112e-01
   2.7722245e+00   2.2586482e+00   1.3797395e+00   9.2281052e-01   1.1581000e+00   1.0756754e+00  -2.0548119e-01   3.2605499e-01   3.7363724e-01  -5.9057055e-01  -2.0441592e-01  -4.7273563e-01  -1.1862813e+00  -5.4592502e-01  -7.1168047e-01  -5.1863496e-01
   2.5882626e+00   2.5179554e+00   1.1653757e+00   8.8086878e-01   7.9173178e-01   5.1092819e-01  -8.4535809e-01  -4.5642477e-01  -2.3552513e-01  -6.8955827e-01  -7.7208824e-01  -9.1508610e-01  -8.4271650e-01  -2.9049551e-01   1.6139044e-01   6.6841220e-01
   1.8707681e+00   2.7406903e+00   1.6579850e+00   7.4313336e-01   8.6747054e-01   6.8955529e-01  -6.6881908e-02  -3.7998457e-01  -2.5956205e-01  -4.5262550e-01  -8.4708875e-01  -8.2423905e-01  -7.1188519e-01   1.6925987e-01   9.2120672e-01   1.4190328e+00
   2.4044952e+00   2.4822962e+00   1.7784078e+00   6.3572235e-01   4.5303726e-01   5.2936015e-01  -3.9356917e-01  -4.0489871e-01  -5.9049319e-01  -5.7130643e-01  -7.3252348e-01  -8.2540830e-01  -2.0460594e-01   4.4191400e-01   1.8946656e+00   2.2334547e+00
   2.6186555e+00   2.0899727e+00   1.3021932e+00   9.1012285e-01   8.7382019e-01   5.1461909e-01  -1.9034366e-01  -3.7264626e-01  -8.5124647e-01  -9.4942616e-01  -9.1019864e-01  -6.0892227e-01   1.9858810e-01   4.1452778e-01   2.3077037e+00   2.5674408e+00
   1.7728119e+00   2.1123749e+00   9.5921965e-01   1.2068739e+00   8.8141054e-01   3.8596650e-01  -1.7840463e-01  -6.4498701e-01  -9.4981305e-01  -8.5536732e-01  -6.3441650e-01  -9.9116148e-01   2.5494189e-01   2.4549939e-01   2.1266742e+00   2.4758000e+00
   2.4913416e+00   2.6384784e+00   7.7624800e-01   6.9581247e-01   2.2888895e-01   9.1540911e-02  -4.5862834e-01  -6.6180492e-01  -7.1672639e-01  -4.4083085e-01  -6.6648482e-01  -5.3437638e-01   2.5001460e-01   2.7324964e-01   2.5044130e+00   2.8056690e+00
   2.5682156e+00   2.6121469e+00   1.2129746e+00   8.0544720e-01   6.3572032e-01   1.6932743e-01  -5.3645104e-01  -8.9701252e-01  -9.6612053e-01  -7.2894585e-01  -6.4429741e-01  -4.9859510e-01  -1.0949825e-01   4.6543398e-01   2.0119123e+00   2.5477409e+00
   2.3227832e+00   2.1712896e+00   1.3133903e+00   7.2654090e-01   7.0998972e-01   6.2326715e-01  -2.6026970e-01  -5.3215087e-01  -8.8483485e-01  -1.6513782e+00  -1.0004067e+00  -8.7948561e-01  -1.4795987e-01   4.6549106e-01   2.4564560e+00   2.8331680e+00
   2.5798596e+00   2.6664569e+00   1.1551828e+00   1.4154896e+00   9.2844096e-01   7.9147425e-01   4.1219994e-01  -2.9197202e-01  -6.5440278e-01  -1.0021429e+00  -9.3497872e-01  -4.9206159e-01   1.5780858e-01   4.2645673e-01   2.3608379e+00   2.8134736e+00
   1.7378615e+00   2.3504538e+00   1.3489739e+00   1.1585154e+00   8.0826848e-01   9.7886612e-01   1.7669068e-01  -2.8355154e-01  -6.0377688e-01  -9.3639275e-01  -9.3595549e-01  -5.6851478e-01  -9.3540359e-02   2.0583579e-01   2.1711569e+00   2.7051950e+00
   2.4672947e+00   2.5645643e+00   1.2682597e+00   9.1828137e-01   3.1191644e-01   3.2641420e-02  -3.3709280e-01  -3.9518089e-01  -6.2967765e-01  -8.7152336e-01  -6.8188313e-01  -6.7087797e-01   1.6774903e-02   3.5797637e-01   2.7698447e+00   3.2273174e+00
   2.9665416e+00   2.0919125e+00   1.6382117e+00   8.3152213e-01   7.4001833e-01   6.0105694e-01  -2.2959488e-01  -7.2909470e-01  -3.9869933e-01  -7.8637093e-01  -8.0826922e-01  -7.6911574e-01   5.7579687e-02   8.0761502e-01   2.8343503e+00   2.9924388e+00
   2.4631728e+00   2.2287731e+00   1.2445008e+00   1.1711267e+00   9.6157642e-01   8.0290117e-01   4.2476334e-01  -3.3479757e-01  -5.5968095e-01  -5.9741819e-01  -1.0621132e+00  -5.1975333e-01   3.3424234e-01   1.2745825e+00   2.2984543e+00   2.5238805e+00
   2.7990608e+00   2.3825238e+00   8.3859185e-01   1.0036047e+00   6.2979774e-01   5.9569830e-01  -2.4699178e-01  -6.0307236e-01  -6.4697524e-01  -1.2064244e+00  -8.5573565e-01  -7.2681158e-01   5.3772850e-01   6.2761422e-01   2.4470861e+00   2.5460392e+00
   2.5547676e+00   2.9812327e+00   1.3758587e+00   8.9146224e-01   1.0736202e+00   4.4878920e-01  -2.6607051e-01  -8.0827145e-01  -8.7264190e-01  -9.9397655e-01  -1.0484882e+00  -6.7017548e-01   5.1890467e-01   2.7473017e-01   2.5562854e+00   2.7331895e+00
   1.9001382e+00   2.4038178e+00   1.2703761e+00   9.2641189e-01   1.0224685e+00   2.9154337e-01  -8.8346106e-02  -4.9548914e-01  -5.2060869e-01  -7.6311040e-01  -1.0698611e+00  -1.1875326e-01   6.7027322e-01   4.1428853e-01   2.5547377e+00   2.5625472e+00
   1.9743782e+00   1.9816146e+00   1.3616477e+00   1.0477793e+00   5.5343935e-01   4.2697026e-01  -2.6132137e-02  -4.4015083e-01  -3.4572340e-01  -4.5607380e-01  -7.7582324e-01  -3.9545794e-02   5.1620264e-01   5.0312999e-01   1.9676605e+00   2.2459025e+00
   2.1822796e+00   2.2384961e+00   1.6061536e+00   8.9502666e-01   9.4776861e-01   7.1593913e-01   1.0270545e-01  -5.5646313e-01  -9.9892532e-01  -1.0624286e+00  -1.2057254e+00  -8.2720323e-01  -2.4760576e-02   5.5877774e-01   2.1096267e+00   2.3537589e+00
   1.8992742e+00   2.4408079e+00   1.5579965e+00   6.5722329e-01   7.8645261e-01   4.6650025e-01   1.5201886e-01  -5.7889453e-01  -8.3324868e-01  -7.9383672e-01  -1.1219640e+00  -9.9866161e-01  -4.5630633e-01  -2.9041324e-02   2.5668397e+00   2.6170549e+00
   2.3562259e+00   2.1726428e+00   1.1289768e+00   7.3895639e-01   4.0467734e-01   3.2725971e-01   1.5687050e-01  -4.8715739e-01  -8.8235980e-01  -8.8538598e-01  -5.4148219e-01  -8.5088416e-01  -5.3797306e-01  -1.2981083e-01   2.4223151e+00   1.9274467e+00
   2.0054467e+00   1.6724339e+00   1.2596355e+00   9.7109998e-01   4.4037279e-01   4.4969904e-01  -4.2448190e-01  -9.3278532e-01  -8.2433154e-01  -7.4567816e-01  -8.5551803e-01  -9.8166565e-01  -5.1437655e-01  -2.0812361e-01   1.8015216e+00   1.2893318e+00
   2.3761020e+00   2.1394503e+00   1.6496602e+00   7.4096497e-01   5.0300353e-01   6.0912532e-01   1.5870769e-01  -4.6984326e-01  -7.0560144e-01  -1.1753994e+00  -1.0402810e+00  -1.1258023e+00  -9.1480800e-01  -8.2646599e-01   7.6192497e-01   3.4013776e-01
   2.4710306e+00   2.4259501e+00   1.2668872e+00   5.5491562e-01   1.7824414e-01   2.2349688e-01  -1.9156594e-01  -3.6602345e-01  -8.4263192e-01  -1.1751623e+00  -1.0823326e+00  -1.1706498e+00  -1.0042168e+00  -1.0850122e+00  -1.1196033e-01  -5.8941886e-01
   2.5884929e+00   1.9197636e+00   1.2528074e+00   8.9950981e-01   8.1890832e-01   6.3749526e-01   2.2758161e-02  -4.3393692e-01  -8.1945677e-01  -9.0222533e-01  -1.1375965e+00  -1.0635227e+00  -1.3519342e+00  -1.4723398e+00  -7.7825670e-01  -1.1624177e+00
   2.5486767e+00   2.5828048e+00   1.4550377e+00   8.8100799e-01   5.2612929e-01   6.3762894e-01   8.3541960e-03  -7.2670112e-01  -9.8928629e-01  -1.1371514e+00  -9.5771477e-01  -7.8380338e-01  -1.0685854e+00  -1.4701308e+00  -1.3006268e+00  -1.4001943e+00
   2.6653676e+00   2.7240570e+00   1.3646807e+00   5.4499775e-01   4.9681963e-01   1.8586626e-01   1.9005506e-02  -3.1894100e-01  -1.0790118e+00  -1.0690263e+00  -9.5319422e-01  -7.7497553e-01  -1.4183569e+00  -1.6667528e+00  -1.7913819e+00  -1.8076465e+00
   1.9620340e+00   2.3292998e+00   1.4756108e+00   9.6342939e-01   8.6288816e-01   2.0882230e-01  -4.8679323e-01  -7.1427471e-01  -1.3354689e+00  -1.1589771e+00  -9.8680620e-01  -1.1736574e+00  -1.4379743e+00  -1.6524846e+00  -2.0244646e+00  -2.1126773e+00
   2.4808596e+00   2.4066393e+00   1.5578381e+00   1.0662563e+00   5.9751334e-01   2.2384099e-01  -2.4649380e-01  -1.0981030e+00  -1.0076730e+00  -1.0430259e+00  -1.3477983e+00  -1.1272214e+00  -1.4552962e+00  -1.5594855e+00  -1.9942463e+00  -2.0416446e+00
   2.4475549e+00   2.7111266e+00   1.6612817e+00   1.1439546e+00   5.5277809e-01   7.0112987e-01  -2.5957663e-02  -7.6470704e-01  -8.8413026e-01  -8.9372650e-01  -1.0083929e+00  -9.9365476e-01  -1.4705311e+00  -1.7418328e+00  -1.9202038e+00  -2.0194567e+00
   1.8585520e+00   2.1757223e+00   1.2610766e+00   1.1810898e+00   5.4793240e-01   5.7677963e-01  -1.0768130e-01  -5.7224108e-01  -5.9619408e-01  -9.5540665e-01  -1.0311254e+00  -8.1425785e-01  -1.3468808e+00  -1.7543606e+00  -2.0945472e+00  -2.2903625e+00
   2.0814214e+00   1.8695964e+00   6.4418412e-01   3.1568771e-01   6.3176166e-01   6.1274671e-01  -1.6227718e-01  -5.5853995e-01  -7.9642858e-01  -1.0563337e+00  -9.2696789e-01  -1.0629770e+00  -1.3297331e+00  -1.8310300e+00  -1.7678188e+00  -2.0475950e+00
   2.5472255e+00   1.9296511e+00   8.5387108e-01   2.6201271e-01   1.7891165e-01   3.8013087e-01  -5.6996322e-01  -6.4893852e-01  -9.2682393e-01  -1.0849652e+00  -8.1739703e-01  -9.3657357e-01  -1.0239319e+00  -1.8966779e+00  -1.8171222e+00  -2.0409919e+00
   3.0633753e+00   2.6582944e+00   1.2124878e+00   1.0969638e+00   7.7823195e-01   4.9729649e-01  -4.7930647e-01  -8.1097455e-01  -6.4609679e-01  -1.2268170e+00  -6.9903530e-01  -8.2644249e-01  -1.1937728e+00  -1.7297027e+00  -1.7266712e+00  -1.7841398e+00
   2.5813187e+00   2.4642323e+00   1.5223201e+00   1.1334677e+00   2.9326280e-01   5.6003703e-01  -8.4647181e-02  -5.6707056e-01  -4.6953575e-01  -9.3512469e-01  -9.3407392e-01  -7.9328994e-01  -9.6265111e-01  -1.1021960e+00  -1.1433317e+00  -1.0613185e+00
   2.6599557e+00   2.7155026e+00   1.7105991e+00   1.4305812e+00   5.4024285e-01   2.8665384e-01  -9.2049966e-02  -6.2582083e-01  -1.0856869e+00  -9.4038948e-01  -1.2532486e+00  -1.0746499e+00  -1.2702118e+00  -1.7701582e+00  -2.0415118e+00  -1.9771085e+00
   1.7826066e+00   1.6513939e+00   1.4765151e+00   6.3490533e-01   3.2187057e-01  -2.9910195e-02  -4.1944187e-01  -1.0617415e+00  -1.4314558e+00  -1.0573474e+00  -1.4064753e+00  -1.1728532e+00  -1.4519166e+00  -1.7663084e+00  -1.8545951e+00  -1.7854419e+00
   2.2943171e+00   2.4261219e+00   1.4946701e+00   5.0188585e-01   7.0193972e-01   6.1091420e-01  -4.8588341e-01  -5.5353654e-01  -7.9954548e-01  -1.2543355e+00  -1.3686770e+00  -1.1790694e+00  -1.5325077e+00  -1.7866523e+00  -1.9174284e+00  -1.8369360e+00
   2.5724908e+00   2.1485742e+00   1.1945707e+00   8.4734421e-01   7.9538671e-01   5.8327653e-01  -2.7681597e-01  -5.0175098e-01  -8.5416577e-01  -1.2383758e+00  -1.1828135e+00  -1.0822121e+00  -1.4522299e+00  -1.6642115e+00  -1.6759484e+00  -1.9101441e+00
   2.5959909e+00   2.2244298e+00   1.5702367e+00   6.6005533e-01   6.3974277e-01   2.4195109e-01  -3.0647938e-01  -7.9654132e-01  -8.3765034e-01  -1.1106284e+00  -8.4008041e-01  -7.9710690e-01  -1.5950040e+00  -1.6462827e+00  -1.8186341e+00  -1.8859539e+00
   2.4677695e+00   2.8474322e+00   1.9708719e+00   6.8288718e-01   6.3760211e-01   5.5520622e-01  -2.1686005e-01  -6.5868361e-01  -9.0434215e-01  -9.3009114e-01  -8.0986220e-01  -9.3756727e-01  -1.5610467e+00  -1.6949319e+00  -1.7347270e+00  -1.7090616e+00
   1.9356538e+00   2.7678984e+00   1.5751105e+00   5.9314657e-01   5.5049322e-01   1.5247448e-01  -4.2972831e-01  -7.0581935e-01  -7.4014537e-01  -1.0004988e+00  -1.0136156e+00  -1.1456673e+00  -1.7599707e+00  -2.0683060e+00  -1.9825938e+00  -1.8772343e+00
