  -4.3073445e-01  -3.1951163e-01  -9.5236568e-01  -8.4474970e-01  -8.7236993e-01  -1.6126238e+00  -2.2565476e+00  -1.9778966e+00  -1.7699595e+00  -2.0595684e+00  -1.9291827e+00  -2.2593583e+00  -2.2556574e+00  -2.3385485e+00  -2.4122812e+00  -2.5113310e+00
  -4.7915762e-01  -6.7452994e-01  -7.5154945e-01  -1.4265802e+00  -1.3108316e+00  -1.4806738e+00  -1.8942884e+00  -1.6564186e+00  -2.1142854e+00  -2.0830674e+00  -2.1584461e+00  -2.2547225e+00  -2.5035537e+00  -2.2967565e+00  -2.3446830e+00  -2.3837974e+00
  -3.9605668e-02  -5.6048660e-01  -8.5231061e-01  -7.0230152e-01  -1.5717529e+00  -1.7599147e+00  -1.8579237e+00  -1.8447600e+00  -1.9420056e+00  -1.8266868e+00  -1.9209001e+00  -2.1772419e+00  -2.1664769e+00  -2.3597398e+00  -2.1968874e+00  -2.0915604e+00
  -1.9888592e-01  -1.1439358e-01  -8.0672793e-01  -9.3868158e-02  -8.4951792e-01  -1.4296149e+00  -2.2094314e+00  -2.0761589e+00  -1.9785285e+00  -2.2150783e+00  -1.8371234e+00  -2.1749840e+00  -2.3199856e+00  -2.3392825e+00  -2.3406867e+00  -2.1953761e+00
   1.1197552e-02  -5.4856098e-01  -1.0083781e+00  -1.0541678e-01  -1.0596931e+00  -2.1233543e+00  -2.1694879e+00  -1.5344987e+00  -1.7397283e+00  -1.6601509e+00  -1.6158328e+00  -2.3016594e+00  -2.3522750e+00  -2.4593592e+00  -2.3400505e+00  -2.0465515e+00
  -3.3385472e-01  -9.9444138e-01  -1.2656815e+00  -8.8591966e-01  -1.2974826e+00  -1.9877118e+00  -2.2566750e+00  -2.0619191e+00  -2.0886237e+00  -1.7531321e+00  -1.7419036e+00  -2.0993921e+00  -2.2047439e+00  -2.2526956e+00  -2.1032122e+00  -2.0715050e+00
   5.0208974e-02  -2.2300153e-01  -9.2529326e-01  -6.0989798e-01  -8.3209860e-01  -1.6688657e+00  -1.9691265e+00  -1.3829787e+00  -1.7396499e+00  -1.8664964e+00  -1.8136712e+00  -1.8114277e+00  -2.3351710e+00  -2.3253460e+00  -2.1967848e+00  -1.9705060e+00
  -1.9859320e-01  -7.7430945e-02  -7.2425081e-01  -6.7023818e-01  -1.2882556e+00  -2.1434509e+00  -2.4747631e+00  -1.9612511e+00  -2.2132898e+00  -1.7768921e+00  -1.9982672e+00  -2.0929782e+00  -2.1013411e+00  -2.3211184e+00  -2.1894945e+00  -2.1264543e+00
  -2.3673072e-01  -4.9125311e-01  -5.8212955e-01  -9.8015270e-01  -1.3624469e+00  -2.2991316e+00  -2.2032845e+00  -2.3784751e+00  -2.5392530e+00  -1.8271960e+00  -1.8754527e+00  -2.2753069e+00  -2.2651413e+00  -2.1746881e+00  -1.9646527e+00  -2.1187007e+00
  -3.1324595e-01  -8.5836885e-01  -1.0544911e+00  -6.5539722e-01  -9.9587870e-01  -1.3454299e+00  -1.9088412e+00  -1.8754691e+00  -2.1466111e+00  -2.0177661e+00  -1.8496549e+00  -1.7690589e+00  -2.0355224e+00  -2.0847973e+00  -2.3407246e+00  -2.1840281e+00
  -1.5112848e-01  -2.5127729e-01  -7.2507256e-01  -1.9999997e+00  -1.7041824e+00  -1.6226470e+00  -2.1513644e+00  -2.1985914e+00  -2.1266273e+00  -1.7420956e+00  -1.6502002e+00  -1.9622548e+00  -2.2518803e+00  -2.2386793e+00  -2.1857673e+00  -2.3145107e+00
   2.7866937e-01   8.9682781e-02  -8.7596248e-01  -1.0624633e+00  -1.3297020e+00  -1.4739236e+00  -2.1529854e+00  -1.7344593e+00  -2.0107080e+00  -1.9759977e+00  -1.6895447e+00  -2.1870635e+00  -2.1638776e+00  -2.1260671e+00  -1.9607541e+00  -2.1786688e+00
   7.1506644e-01  -1.7404954e-01  -1.0766837e+00  -7.3688153e-01  -1.5045784e+00  -2.1509840e+00  -2.0887286e+00  -1.4873482e+00  -2.0464339e+00  -2.0696698e+00  -1.7889169e+00  -2.1482633e+00  -2.2038497e+00  -2.3170019e+00  -2.0648371e+00  -2.2573650e+00
  -4.7486979e-01  -4.2235283e-01  -7.7086665e-01  -3.5845130e-01  -1.4481947e+00  -1.9118318e+00  -2.2273952e+00  -1.7413477e+00  -2.1887540e+00  -1.8718838e+00  -1.6328323e+00  -2.2862408e+00  -2.3050218e+00  -2.4863117e+00  -2.1716118e+00  -2.1293429e+00
   3.7879996e-01  -6.5339022e-02  -3.7824259e-01  -1.6384702e-01  -1.4390980e+00  -1.7938234e+00  -2.5019738e+00  -1.7640466e+00  -1.9430336e+00  -1.7557452e+00  -2.0879261e+00  -2.1930378e+00  -2.4761988e+00  -2.2268200e+00  -2.1173933e+00  -2.1267070e+00
  -2.3836733e-01  -4.4512605e-01  -6.7821687e-01  -3.3827402e-01  -1.0994698e+00  -1.3465568e+00  -2.0828964e+00  -1.8301418e+00  -1.6452745e+00  -1.8866362e+00  -1.9334718e+00  -2.1272708e+00  -1.9422252e+00  -1.9571122e+00  -1.5970596e+00  -1.7440448e+00
  -2.2418930e-01  -3.4977913e-02  -7.4740627e-01  -9.2919102e-01  -1.5161935e+00  -1.6437477e+00  -2.2741353e+00  -1.8810576e+00  -1.8107712e+00  -2.2082347e+00  -1.8911725e+00  -2.0949788e+00  -2.4164394e+00  -1.9968533e+00  -1.5005650e+00  -1.8605656e+00
   3.0290037e-01   3.1545557e-01  -2.6465705e-01  -8.4454216e-01  -1.4854686e+00  -1.8860189e+00  -2.2605139e+00  -1.5665920e+00  -1.8786355e+00  -1.8134745e+00  -1.7558270e+00  -2.1389473e+00  -2.1985046e+00  -1.9248973e+00  -1.7991547e+00  -2.1706346e+00
   5.1303452e-01  -4.1030081e-01  -1.0152551e+00  -6.0966394e-01  -8.6865959e-01  -1.6869290e+00  -2.3639251e+00  -1.7157698e+00  -1.8988824e+00  -1.6741522e+00  -1.7365798e+00  -2.4565283e+00  -2.2139279e+00  -2.1648196e+00  -1.9851257e+00  -2.0216690e+00
   1.5803261e-01  -8.2361306e-01  -8.2685259e-01  -8.6391062e-01  -9.5892321e-01  -1.8699429e+00  -2.1588642e+00  -1.5484779e+00  -1.6474510e+00  -1.6846055e+00  -1.6116468e+00  -2.0635534e+00  -2.1706066e+00  -2.2491356e+00  -2.2287187e+00  -2.0527226e+00
   3.5028866e-01  -4.5084370e-01  -1.3380468e+00  -7.9909108e-01  -1.0757271e+00  -1.8909733e+00  -2.4586135e+00  -1.5953824e+00  -1.7311389e+00  -1.6451711e+00  -2.0366156e+00  -2.4013229e+00  -2.5589556e+00  -2.1991877e+00  -2.0034792e+00  -2.0319444e+00
   2.3196223e-01  -2.6564986e-01  -7.6284718e-01  -6.5439052e-01  -1.2415040e+00  -1.7049498e+00  -2.0685564e+00  -2.1178446e+00  -2.0003810e+00  -2.1056701e+00  -2.3306685e+00  -2.2977503e+00  -2.1944559e+00  -2.3026487e+00  -2.1543902e+00  -2.0099821e+00
  -1.9699760e-01  -9.0668298e-01  -7.2546806e-01  -3.5957686e-01  -1.3009671e+00  -2.0604192e+00  -2.1866763e+00  -1.6597902e+00  -2.2041341e+00  -1.8777398e+00  -2.0440728e+00  -2.2170139e+00  -2.1766347e+00  -2.3182849e+00  -2.2128143e+00  -2.0159772e+00
   2.5915463e-01  -5.9418303e-01  -1.0306421e+00  -8.3024818e-01  -1.6958579e+00  -2.0855906e+00  -2.2974670e+00  -1.7907724e+00  -2.1678917e+00  -1.9256256e+00  -1.8949641e+00  -2.1776853e+00  -2.2698257e+00  -2.0864352e+00  -2.0732216e+00  -1.9674851e+00
  -4.5962779e-01  -4.8112921e-01  -1.0108423e+00  -1.5877496e+00  -2.0133301e+00  -1.9667775e+00  -2.1748666e+00  -1.8768130e+00  -2.2822223e+00  -1.9154310e+00  -2.0703003e+00  -1.9705272e+00  -2.0928140e+00  -2.2269855e+00  -2.1618069e+00  -2.2098996e+00
  -1.9296156e-01  -8.5181810e-01  -8.7678698e-01  -8.7664261e-01  -1.2472696e+00  -1.3006109e+00  -1.8626182e+00  -1.6208752e+00  -2.4796052e+00  -1.9199602e+00  -1.8357845e+00  -2.1830641e+00  -2.4532285e+00  -2.3056539e+00  -2.0373529e+00  -1.8749143e+00
  -1.6904386e-01  -1.8962128e-01  -7.8286682e-01  -9.4663625e-01  -1.3811109e+00  -1.3113117e+00  -2.1652753e+00  -1.8027444e+00  -1.6872336e+00  -1.4341599e+00  -1.7069436e+00  -2.2564444e+00  -2.2596761e+00  -1.5190952e+00  -1.3218657e+00  -1.5576573e+00
  -5.1396929e-01  -3.8497141e-01  -7.4596317e-01  -4.6856139e-01  -1.5127206e+00  -1.5541819e+00  -1.9794655e+00  -1.2567547e+00  -1.1736406e+00  -4.0248033e-01  -1.2044452e+00  -1.3713731e+00  -1.2157123e+00  -1.5847198e-01  -3.9193570e-01  -1.2565136e+00
  -3.6731977e-01  -2.8029636e-02  -7.8933734e-01  -1.0517952e+00  -1.1406768e+00  -1.3854888e+00  -2.2337715e+00  -1.2134210e+00  -4.8544235e-01  -6.2449359e-03  -5.1163198e-01  -5.2403986e-01  -7.5030077e-01   3.5670121e-01   6.1482431e-01  -5.0223319e-01
  -3.1719698e-01  -6.5105615e-01  -1.4096252e+00  -1.1867773e+00  -1.5511610e+00  -1.7916801e+00  -2.0045393e+00  -1.4550556e+00  -1.2534735e+00  -7.6334356e-01  -9.3020679e-01  -8.2654976e-01  -1.0760836e+00  -1.8506432e-01   3.5037918e-01  -5.1667192e-01
   2.5267926e-01  -6.4229016e-01  -6.7082451e-01  -1.1424268e+00  -1.1598893e+00  -1.6893243e+00  -1.8144429e+00  -1.8463024e+00  -1.3413249e+00  -1.2335949e+00  -1.3501156e+00  -3.3264930e-01  -6.6835568e-01  -1.4315416e-01   4.8138796e-01  -2.5685821e-01
   1.8377267e-01  -5.5687570e-01  -8.6051643e-01  -8.7777173e-01  -1.6609584e+00  -1.5735311e+00  -1.5622285e+00  -1.5307249e+00  -1.6393871e+00  -1.1631308e+00  -1.5651270e+00  -6.3217024e-01  -7.6150989e-01  -1.1293914e-01   4.2613641e-01  -2.9531657e-01
  -6.0537895e-02  -2.6118756e-01  -7.5685864e-01  -8.8538918e-01  -1.1209841e+00  -1.1728798e+00  -1.2552336e+00  -1.6880440e+00  -1.3167430e+00  -1.4897255e+00  -1.7513078e+00  -5.0520785e-01  -5.1340825e-01  -1.9086942e-01   5.0419403e-01  -7.1684419e-02
  -5.6067474e-01  -8.9619844e-01  -6.0901034e-01  -4.6409415e-01  -1.1835118e+00  -1.7498211e+00  -1.9165286e+00  -1.8885508e+00  -1.7881897e+00  -1.7169968e+00  -2.0039414e+00  -1.0708180e+00  -9.6692082e-01  -5.3068291e-01   4.8219833e-01  -2.2687918e-01
   5.7952280e-01   6.0194999e-01  -1.4568311e-01  -4.6111485e-01  -1.1500387e+00  -1.4932028e+00  -1.6097985e+00  -1.6003876e+00  -1.8814275e+00  -1.6707394e+00  -1.8906675e+00  -8.4969453e-01  -5.4311352e-01  -2.4343796e-01   4.7959332e-01  -3.3089952e-01
   1.0942874e+00   1.2174074e+00   7.4653908e-01  -1.5624019e-01  -1.0260074e+00  -1.2733844e+00  -1.7300600e+00  -1.3551646e+00  -1.3941285e+00  -9.4520447e-01  -9.7732588e-01  -6.5778402e-01  -8.2519657e-01  -7.6913059e-01   3.8238199e-01  -3.7599459e-01
   1.1988998e+00   1.3034014e+00   8.1931372e-01   4.9467022e-02  -8.0184919e-01  -1.2440458e+00  -1.9805553e+00  -1.6944046e+00  -1.3880647e+00  -5.6227922e-01  -5.9400236e-01  -9.8847645e-01  -1.1129855e+00  -7.5169776e-01  -3.4594170e-01  -8.0860072e-01
   1.0901081e+00   1.5139145e+00   1.1183928e+00  -7.6079333e-02  -1.0217184e+00  -1.4471456e+00  -1.8373824e+00  -1.5390213e+00  -9.3368223e-01   7.3304435e-03  -1.5983448e-01  -3.0792749e-01  -6.2627787e-01  -1.2989373e+00  -8.8806412e-01  -7.4390270e-01
   1.3683596e+00   1.8344169e+00   1.1566184e+00   3.6212134e-01  -6.7745967e-01  -1.1046310e+00  -1.6122492e+00  -1.0995733e+00  -6.4751554e-01   4.0498653e-01   3.5943009e-01   1.1070424e-01   5.7910128e-02  -1.0982870e+00  -1.4888897e+00  -9.3363036e-01
   1.0912180e+00   1.8318479e+00   1.1727797e+00  -8.2608639e-02  -1.0137608e+00  -9.8480703e-01  -1.8597099e+00  -9.3359657e-01  -5.3248489e-01   6.4138699e-01   8.4957841e-01   2.6266206e-01   3.9195195e-01  -6.4875014e-01  -1.5227155e+00  -1.4648007e+00
   1.3031333e+00   1.7636335e+00   9.9118117e-01  -2.1254781e-01  -7.7691084e-01  -1.3180111e+00  -1.8804517e+00  -1.1514141e+00  -5.7816346e-01   5.9615420e-01   9.0095553e-01   7.0842797e-01   9.4559532e-01  -8.2398887e-02  -1.0362510e+00  -1.5860307e+00
   1.2531377e+00   1.8914275e+00   1.1462823e+00   7.5082435e-02  -8.7189878e-01  -1.0874246e+00  -1.9332669e+00  -1.2723137e+00  -5.2188578e-01   4.9321318e-01   7.6599905e-01   7.5877592e-01   1.0476733e+00   1.0807549e-01  -7.4382409e-01  -1.1657938e+00
   1.0781532e+00   1.8701210e+00   1.0562908e+00  -3.6059270e-01  -7.1130431e-01  -8.9372208e-01  -1.4935952e+00  -1.2855791e+00  -6.5908545e-01   2.9627109e-01   4.5585136e-01   6.9924201e-01   9.9682235e-01   1.9822864e-01  -5.0920473e-01  -8.8717870e-01
   1.0840512e+00   1.9150475e+00   1.1058755e+00  -3.3812741e-01  -8.2514384e-01  -1.2787985e+00  -1.8247409e+00  -9.4979649e-01  -6.4948528e-01   3.8567122e-01   5.2097557e-01   5.5728790e-01   1.0988930e+00   4.0432925e-01  -8.2733027e-02  -7.6213382e-01
   9.1939246e-01   1.9239348e+00   1.0487178e+00  -9.0504256e-01  -1.1040206e+00  -1.4484545e+00  -1.6667652e+00  -1.3443317e+00  -7.0195690e-01   4.5902249e-01   7.8601978e-01   6.7730110e-01   1.3619783e+00   5.3171312e-01  -2.1482560e-01  -7.2506192e-01
   8.6143284e-01   1.9016408e+00   1.0958322e+00  -4.9899400e-01  -1.0674923e+00  -1.2286759e+00  -1.9093041e+00  -1.0663841e+00  -6.4501732e-01   6.5548090e-01   1.1295288e+00   8.6918440e-01   1.4428206e+00   4.8425270e-01  -4.7492454e-01  -8.6715879e-01
   1.2267245e+00   1.9379352e+00   1.2241466e+00  -3.7556822e-01  -1.0070020e+00  -8.8436172e-01  -1.7428498e+00  -8.6469176e-01  -5.3800213e-01   6.1107125e-01   1.1429138e+00   9.7999659e-01   1.2783849e+00   2.7808795e-01  -6.2756597e-01  -1.3324681e+00
   1.0351144e+00   1.9915789e+00   1.3186439e+00  -1.9731268e-01  -1.3269105e+00  -1.5172672e+00  -2.0552683e+00  -9.8565105e-01  -5.3865949e-01   6.4755226e-01   1.0719082e+00   1.0271123e+00   1.4230771e+00   4.4472256e-01  -3.4065879e-01  -1.0099933e+00
   9.9758842e-01   1.9443599e+00   1.4155047e+00  -1.3447999e-02  -9.2395516e-01  -1.3297755e+00  -2.1584973e+00  -1.2356774e+00  -7.2201695e-01   5.4107309e-01   9.0023820e-01   7.9511794e-01   1.3023667e+00   4.6978114e-01  -4.0733052e-01  -1.0195457e+00
   4.9742279e-01   1.8437231e+00   1.2801234e+00  -3.4554471e-01  -8.4572747e-01  -1.1407187e+00  -2.0335302e+00  -1.3997276e+00  -5.9489142e-01   4.7937465e-01   6.9282594e-01   6.8589166e-01   1.2259183e+00   4.1171338e-01  -6.3009316e-01  -1.0009111e+00
   9.8453220e-01   1.9007593e+00   1.4690615e+00  -3.0776551e-01  -7.4689964e-01  -1.0237921e+00  -1.5499831e+00  -9.6779339e-01  -4.9435763e-01   5.0126496e-01   7.7708893e-01   7.9953024e-01   1.3059637e+00   6.4739896e-01  -1.6686160e-01  -6.8630637e-01
   7.5454553e-01   1.8835048e+00   1.3786071e+00  -2.0349662e-01  -5.1101542e-01  -1.2266057e+00  -1.6623739e+00  -9.9895520e-01  -5.5414710e-01   5.8721070e-01   8.8953578e-01   8.0464121e-01   1.2116102e+00   5.3671044e-01  -4.1353305e-01  -8.4434819e-01
   8.4469446e-01   1.8135648e+00   1.3648689e+00  -2.1875325e-01  -1.1534422e+00  -1.1836787e+00  -1.3858787e+00  -1.0937340e+00  -3.7859173e-01   6.5899020e-01   9.8847605e-01   8.1112819e-01   1.1707927e+00   4.3610499e-01  -3.1753510e-01  -1.0009181e+00
   9.2885852e-01   1.8398227e+00   1.3891614e+00  -5.1451828e-01  -9.2790717e-01  -9.9919568e-01  -1.9821924e+00  -8.1962067e-01  -4.9283728e-01   6.6143154e-01   9.6573071e-01   7.6531332e-01   1.1001320e+00   3.2353751e-01  -6.5505106e-01  -1.1450057e+00
   8.0443272e-01   1.8654990e+00   1.3894798e+00  -5.3218146e-01  -1.1528915e+00  -9.5875292e-01  -1.6553490e+00  -8.2435981e-01  -4.3568870e-01   6.6619642e-01   9.0956691e-01   6.5986660e-01   1.0408632e+00   2.2259092e-01  -9.3276433e-01  -1.3148731e+00
   1.0900638e+00   1.9799920e+00   1.4651861e+00  -5.1645707e-02  -8.1698540e-01  -1.1139848e+00  -1.7573696e+00  -8.6330555e-01  -5.5169410e-01   6.6213006e-01   8.8930235e-01   6.3031084e-01   1.0622439e+00   2.7254427e-01  -1.0323528e+00  -1.4111155e+00
   6.6271350e-01   1.8642925e+00   1.4454669e+00  -2.9273067e-01  -9.7769225e-01  -9.5393595e-01  -1.8344797e+00  -1.1604738e+00  -5.4660050e-01   5.2269540e-01   6.3872148e-01   4.4994350e-01   9.8824507e-01   3.1332739e-01  -8.7796696e-01  -1.6418131e+00
   9.9532275e-01   1.8903767e+00   1.4653498e+00   2.4900099e-02  -1.0466811e+00  -1.0897021e+00  -1.7097054e+00  -9.4197077e-01  -5.5551249e-01   4.0396631e-01   5.5493311e-01   4.9373479e-01   9.3647437e-01   2.4417632e-01  -9.0379090e-01  -1.7630272e+00
   8.2967959e-01   1.7332485e+00   1.3978152e+00   3.9032362e-03  -1.0414842e+00  -1.1097552e+00  -1.7737864e+00  -1.2243401e+00  -7.5694982e-01   3.6726638e-01   5.0576861e-01   4.8470694e-01   9.4613102e-01   2.4464492e-01  -7.7861777e-01  -1.3216658e+00
   7.4343772e-01   1.7450795e+00   1.4051705e+00  -3.5614516e-01  -1.1085623e+00  -1.1649423e+00  -1.6128084e+00  -1.0249619e+00  -6.9075987e-01   2.9657362e-01   3.6295980e-01   4.7197951e-01   9.6594231e-01   2.8793115e-01  -8.5778335e-01  -1.4649255e+00
   7.8033532e-01   1.7665066e+00   1.3487455e+00  -6.1212750e-01  -1.0148881e+00  -1.3326558e+00  -1.7884288e+00  -1.4105342e+00  -1.1187663e+00   1.3289758e-01   2.9261566e-01   4.8104783e-01   9.2985834e-01   1.2405416e-01  -1.1684440e+00  -1.4664118e+00
   9.1555803e-01   1.6767511e+00   1.2094149e+00  -5.1514491e-01  -9.5577963e-01  -1.0244993e+00  -1.6387531e+00  -1.2939760e+00  -8.8688242e-01   1.6823466e-01   3.0681820e-01   4.3107761e-01   8.4494787e-01   8.7828429e-02  -1.1652239e+00  -1.6145933e+00
   8.5922828e-01   1.8470600e+00   1.3599970e+00   5.0729729e-02  -6.5949639e-01  -8.8338620e-01  -1.9576152e+00  -1.4004385e+00  -7.6492208e-01   3.6932736e-01   5.4629407e-01   4.3562966e-01   7.1204577e-01  -6.8036909e-02  -1.2019506e+00  -1.5726623e+00
   8.8689443e-01   1.6226877e+00   1.3027707e+00  -5.3883569e-02  -6.4288138e-01  -9.2985846e-01  -1.6755656e+00  -1.3146610e+00  -8.2794080e-01   4.3103911e-01   6.1023863e-01   2.6258587e-01   5.9197511e-01  -1.8845118e-02  -9.1148931e-01  -1.3872483e+00
   4.8661758e-01   1.6768508e+00   1.2982313e+00   1.6716932e-01  -7.6293775e-01  -1.2824470e+00  -1.6446743e+00  -9.9218778e-01  -7.0330359e-01   4.1219047e-01   6.8555123e-01   2.9175535e-01   3.5763690e-01  -2.8458750e-01  -1.1398014e+00  -1.4948531e+00
   1.2047731e+00   1.6379818e+00   1.1872227e+00  -6.5473694e-02  -7.7387109e-01  -1.3096336e+00  -1.4278497e+00  -9.4034377e-01  -9.2451952e-01   1.0921132e-01   4.8334054e-01  -1.0471747e-01  -3.4386685e-01  -5.9703571e-01  -1.0383922e+00  -9.5808367e-01
   1.2625891e+00   1.4199519e+00   3.4384895e-01  -3.7592554e-01  -9.0834009e-01  -1.2021066e+00  -1.4353916e+00  -1.4190843e+00  -1.7593121e+00  -9.6551479e-01  -3.1632262e-01  -8.9377117e-01  -9.5000289e-01  -4.0722466e-01  -9.1560982e-01  -1.2963580e+00
   1.0898172e+00   1.1169624e+00   3.2664744e-02  -8.7917613e-01  -1.3219560e+00  -2.0005224e+00  -2.2565472e+00  -1.9310820e+00  -1.8429959e+00  -1.5741927e+00  -8.0307143e-01  -9.4245326e-01  -1.6250704e+00  -1.2340126e+00  -1.5651950e+00  -1.7142338e+00
   1.2204057e+00   9.0416014e-01  -2.4541335e-01  -1.0077399e+00  -1.1909732e+00  -1.6590666e+00  -1.9969510e+00  -1.8183264e+00  -1.6833498e+00  -1.7379695e+00  -1.2404885e+00  -1.6916607e+00  -2.2493195e+00  -1.7731870e+00  -1.4179116e+00  -1.7572330e+00
   8.5723571e-01   3.1048677e-01  -9.3078849e-01  -1.6600829e-01  -1.2093976e+00  -1.6677829e+00  -1.9759094e+00  -2.0598846e+00  -1.9842141e+00  -1.9110655e+00  -1.7283798e+00  -1.8650854e+00  -2.2432771e+00  -1.7034098e+00  -1.5401804e+00  -2.0242922e+00
   1.1852560e+00   4.0769489e-01  -9.9679746e-01  -6.6661406e-01  -1.2769088e+00  -1.9443558e+00  -2.0372794e+00  -1.7854110e+00  -2.1833044e+00  -1.6897025e+00  -1.6095056e+00  -1.9514361e+00  -2.0866355e+00  -1.9447067e+00  -1.7055174e+00  -1.7975765e+00
   8.2186115e-01   3.0074377e-01  -6.9285027e-01  -3.6171974e-01  -8.4128384e-01  -1.5873257e+00  -1.9814881e+00  -2.0135449e+00  -1.8370864e+00  -1.4960821e+00  -1.6441591e+00  -2.0247077e+00  -2.1284743e+00  -2.2099471e+00  -2.0362900e+00  -1.9380973e+00
   7.5942666e-01   1.9005527e-01  -7.0387544e-01  -1.0974614e+00  -9.8096279e-01  -1.4462856e+00  -1.8696992e+00  -1.8644705e+00  -1.9050757e+00  -2.0286375e+00  -1.9384374e+00  -2.1534645e+00  -2.3438914e+00  -2.1157637e+00  -2.2682429e+00  -2.0064841e+00
   6.4383547e-01  -2.2208556e-01  -4.9001247e-01  -5.1789285e-01  -8.8088673e-01  -1.4757703e+00  -1.7411290e+00  -1.4891317e+00  -1.8002322e+00  -1.7295460e+00  -2.0818111e+00  -1.9889354e+00  -2.0271463e+00  -2.2883371e+00  -2.1898852e+00  -2.1479514e+00
   4.4130473e-01  -4.4541161e-01  -1.1776032e+00  -6.1832191e-01  -1.4832439e+00  -1.6390244e+00  -2.2681686e+00  -2.0853097e+00  -1.6714038e+00  -1.4286886e+00  -1.8043015e+00  -2.2237924e+00  -2.1981404e+00  -2.2243267e+00  -2.0680269e+00  -2.1308551e+00
  -1.3729067e-01  -2.4169485e-01  -8.2180894e-01  -8.3141741e-01  -1.2771730e+00  -2.2643295e+00  -2.1592695e+00  -1.8500602e+00  -1.9512521e+00  -1.7335050e+00  -1.8105772e+00  -2.3027302e+00  -2.2713316e+00  -2.2171602e+00  -1.9258607e+00  -2.0092884e+00
  -2.1439792e-01  -1.5941169e-01  -4.6826194e-01  -7.4983096e-01  -1.2073222e+00  -1.6292164e+00  -1.9219380e+00  -1.6242973e+00  -1.8741724e+00  -1.9447963e+00  -1.8525634e+00  -2.0490593e+00  -2.2750350e+00  -2.2814516e+00  -1.9287429e+00  -1.8214803e+00
  -2.9267721e-01  -5.2122631e-01  -4.4500250e-01  -8.1942560e-01  -1.5782270e+00  -1.7558936e+00  -2.3832272e+00  -1.3006532e+00  -1.7696648e+00  -1.6973571e+00  -1.7498556e+00  -2.3555995e+00  -2.2292421e+00  -2.1344833e+00  -2.2648758e+00  -1.8542762e+00
   4.3653836e-01  -8.7124180e-01  -1.0084547e+00  -4.6152486e-01  -1.2946450e+00  -2.2264382e+00  -2.1581893e+00  -1.7039878e+00  -1.7994815e+00  -1.7834667e+00  -1.6411390e+00  -2.0079992e+00  -2.1916249e+00  -2.3190228e+00  -2.2131650e+00  -2.0172143e+00
  -4.4805984e-01  -5.5661388e-01  -7.2929597e-01  -5.3950072e-01  -1.3828194e+00  -2.3926773e+00  -2.5145062e+00  -1.9633983e+00  -1.8570196e+00  -1.8117779e+00  -2.0333662e+00  -2.4508113e+00  -2.2730701e+00  -2.0445699e+00  -2.3228556e+00  -2.1495141e+00
   1.5968178e-01  -5.2070184e-01  -6.6834680e-01  -5.1428368e-01  -9.3279115e-01  -1.7149495e+00  -2.1436332e+00  -2.1343660e+00  -2.1604748e+00  -1.8725324e+00  -2.0541423e+00  -2.4204220e+00  -2.3683020e+00  -2.3005298e+00  -2.4322631e+00  -2.2966237e+00
   1.2858149e-01  -3.7183697e-01  -5.2041847e-01  -8.6702553e-01  -1.4482081e+00  -1.6622488e+00  -2.3305298e+00  -2.5737797e+00  -1.9119506e+00  -1.9568666e+00  -1.7360181e+00  -2.2370800e+00  -2.1954781e+00  -2.1604016e+00  -2.1044080e+00  -1.9203028e+00
   3.5040340e-04  -9.4487777e-01  -9.0659326e-01  -6.0887971e-01  -1.1570173e+00  -1.9955971e+00  -2.2580943e+00  -2.3552291e+00  -1.7494723e+00  -1.5201737e+00  -1.4587069e+00  -2.0881647e+00  -1.9307745e+00  -1.9756937e+00  -2.1726977e+00  -2.1494639e+00
   1.9344514e-01  -5.2386273e-01  -6.7281067e-01  -5.0271816e-01  -1.4923809e+00  -1.5758011e+00  -2.0477191e+00  -2.2670023e+00  -2.0773312e+00  -1.9700898e+00  -1.8297310e+00  -1.9685723e+00  -2.3505112e+00  -2.1766649e+00  -2.0616541e+00  -2.0650214e+00
  -4.2712817e-01  -7.5516200e-01  -1.1583063e+00  -7.0162826e-01  -1.4433730e+00  -1.6097996e+00  -1.9108671e+00  -1.9547719e+00  -1.8281041e+00  -1.8012766e+00  -1.9110894e+00  -1.9902827e+00  -2.3605563e+00  -2.1765056e+00  -1.9837191e+00  -2.1757523e+00
  -3.8238852e-01  -1.2104777e+00  -5.5030099e-01  -3.9234851e-01  -1.2866922e+00  -1.6100044e+00  -1.9735567e+00  -2.0599371e+00  -2.0638321e+00  -1.9252110e+00  -1.6057816e+00  -1.9105284e+00  -2.3659959e+00  -2.3589165e+00  -2.1386842e+00  -1.9811833e+00
  -7.1054750e-02  -7.6288111e-01  -6.1893417e-01  -9.8990881e-02  -9.0516547e-01  -1.5288052e+00  -2.0980155e+00  -2.0206398e+00  -1.5157779e+00  -1.7198350e+00  -1.9529215e+00  -2.3016973e+00  -2.0882902e+00  -2.2815284e+00  -1.9709887e+00  -2.0402671e+00
