  -3.6975305e-01  -6.9375255e-01  -1.2834277e+00  -1.2526969e+00  -1.4902132e+00  -1.6393817e+00  -2.0860926e+00  -1.9419202e+00  -2.2261298e+00  -1.8252897e+00  -1.7491130e+00  -2.1530646e+00  -2.0767955e+00  -2.2615657e+00  -2.1802460e+00  -1.9922451e+00
  -2.6875932e-01  -6.4696904e-01  -1.0740773e+00  -1.2621398e+00  -1.8610487e+00  -2.3521329e+00  -2.5848763e+00  -2.0805268e+00  -2.1003738e+00  -1.6812389e+00  -1.8882326e+00  -2.1026223e+00  -2.0695456e+00  -2.2239038e+00  -2.1819617e+00  -2.0314266e+00
  -4.9689537e-01  -8.1203991e-01  -1.3157709e+00  -1.1254801e+00  -1.4479160e+00  -1.8802636e+00  -2.0891087e+00  -1.9492174e+00  -2.0182245e+00  -1.6055267e+00  -1.8361171e+00  -2.1731830e+00  -2.2073413e+00  -2.5218598e+00  -2.3363921e+00  -1.9734138e+00
  -3.9674503e-02  -9.3458966e-01  -1.4922496e+00  -8.9164748e-01  -1.2988082e+00  -1.8208880e+00  -2.2138489e+00  -2.2160269e+00  -1.9340132e+00  -1.7931562e+00  -1.9198750e+00  -2.4723827e+00  -2.3008410e+00  -2.1547199e+00  -2.1847994e+00  -2.1112371e+00
  -8.1383794e-02  -4.5962540e-01  -7.1262598e-01  -1.0677483e+00  -1.4087617e+00  -1.7141910e+00  -2.2671780e+00  -2.1434480e+00  -1.7694213e+00  -1.5440737e+00  -1.6342746e+00  -2.1929061e+00  -2.1524187e+00  -1.8938828e+00  -2.3076240e+00  -1.9563778e+00
   1.0759560e-01  -9.9046977e-01  -1.2193952e+00  -9.3010968e-01  -1.3332495e+00  -1.1618711e+00  -1.8267140e+00  -2.1888560e+00  -2.0579660e+00  -1.5155330e+00  -1.7412158e+00  -2.2361848e+00  -2.3842539e+00  -2.1893646e+00  -1.9905457e+00  -2.1152221e+00
  -6.2829313e-01  -7.1930498e-01  -1.4025875e+00  -1.0570387e+00  -1.6684103e+00  -1.8406928e+00  -1.9730412e+00  -1.9900220e+00  -2.1655753e+00  -1.6242181e+00  -1.7066189e+00  -2.0603468e+00  -2.3407793e+00  -2.1508275e+00  -2.1658347e+00  -1.8902752e+00
  -4.0739098e-02  -3.8900220e-01  -1.4311813e+00  -9.8414881e-01  -1.4684544e+00  -1.9850229e+00  -2.1515212e+00  -2.2788602e+00  -2.1152732e+00  -1.7375380e+00  -1.6901161e+00  -2.1042336e+00  -1.9927054e+00  -2.2691118e+00  -2.3784981e+00  -2.0018610e+00
  -2.6655090e-01  -7.3030667e-01  -2.9647352e-01  -6.4031236e-01  -8.2147162e-01  -1.7944168e+00  -2.1704781e+00  -1.9965794e+00  -2.1256541e+00  -1.9399779e+00  -1.7904644e+00  -2.1218661e+00  -2.0953254e+00  -2.3784326e+00  -1.9455088e+00  -1.9041156e+00
  -1.4493046e-01  -7.8359305e-01  -8.8994399e-01  -8.6009132e-01  -6.8914376e-01  -1.3891982e+00  -2.4504866e+00  -1.8878947e+00  -2.0302672e+00  -1.7884977e+00  -1.9031867e+00  -2.2641610e+00  -2.0601472e+00  -2.1883333e+00  -2.1146337e+00  -1.9691405e+00
  -7.5623423e-02  -6.9719765e-01  -6.1700909e-01  -9.8697222e-01  -1.0008801e+00  -1.3699597e+00  -1.9763028e+00  -2.0349569e+00  -2.0121332e+00  -2.0029656e+00  -1.7895927e+00  -2.1968999e+00  -2.1538316e+00  -1.9846371e+00  -2.2051844e+00  -2.0934589e+00
  -6.1187999e-01  -8.1401649e-01  -1.4066460e+00  -1.0101783e+00  -1.2468645e+00  -1.7731322e+00  -1.7897237e+00  -2.2918645e+00  -2.1204889e+00  -1.6437156e+00  -1.6213210e+00  -2.1189053e+00  -2.3028997e+00  -2.3507752e+00  -2.1369654e+00  -1.9899276e+00
   5.6260441e-02  -4.2693642e-01  -5.8540569e-01  -7.8177142e-01  -1.1427960e+00  -1.5453777e+00  -1.7139541e+00  -2.0570148e+00  -2.1421959e+00  -2.1934374e+00  -1.9392529e+00  -2.2738684e+00  -2.3289148e+00  -2.2590634e+00  -2.2899741e+00  -2.1558935e+00
   1.6810099e-02  -1.0186953e-01  -5.5955433e-01  -8.4569735e-01  -1.8379064e+00  -2.0134713e+00  -2.1370889e+00  -2.4422673e+00  -2.1914927e+00  -1.8933965e+00  -1.6211053e+00  -1.9680606e+00  -1.9046062e+00  -2.1751986e+00  -2.2023474e+00  -1.9476528e+00
  -3.7159231e-02  -5.7189674e-01  -9.0106719e-01  -1.4230103e+00  -1.7652516e+00  -1.6165659e+00  -2.0980583e+00  -2.5463497e+00  -1.9812582e+00  -1.6139051e+00  -1.5794579e+00  -2.3754942e+00  -2.2896874e+00  -2.2922509e+00  -2.2027994e+00  -2.0186790e+00
  -1.8924651e-01  -2.7978917e-01  -1.3206117e+00  -1.9189554e+00  -1.5523806e+00  -1.8322931e+00  -1.9118812e+00  -1.9785866e+00  -2.0708127e+00  -1.7845790e+00  -1.7349302e+00  -2.0143063e+00  -2.2592911e+00  -2.2341227e+00  -2.0031472e+00  -2.0462290e+00
  -6.2053034e-01  -4.6010713e-01  -1.3671106e+00  -1.7645037e+00  -1.8591250e+00  -2.4327760e+00  -2.1986071e+00  -1.8986388e+00  -2.0108450e+00  -1.9014328e+00  -1.7024930e+00  -2.1738383e+00  -1.9965497e+00  -2.1275891e+00  -2.1337918e+00  -2.2456471e+00
  -1.7155612e-01  -2.2176858e-01  -6.8554077e-01  -7.4749383e-01  -1.1544359e+00  -2.0315982e+00  -2.2181668e+00  -1.9215250e+00  -2.1007450e+00  -1.7595003e+00  -1.7744197e+00  -2.0334037e+00  -2.1639908e+00  -2.1344390e+00  -2.0363375e+00  -2.1949074e+00
   1.8842655e-01   6.2086674e-03  -8.3882517e-01  -7.5361170e-01  -1.2178034e+00  -1.7567839e+00  -2.3301387e+00  -1.7784503e+00  -1.4940263e+00  -1.6391756e+00  -1.6884837e+00  -1.8351375e+00  -2.6027147e+00  -2.0553421e+00  -2.0889409e+00  -2.1183257e+00
  -3.8721086e-01  -1.0942861e+00  -1.4122667e+00  -4.7218212e-01  -8.3536228e-01  -1.9757382e+00  -2.0896360e+00  -1.8572890e+00  -2.1660323e+00  -1.9450749e+00  -1.9206362e+00  -2.3646796e+00  -2.1452319e+00  -2.3875607e+00  -2.2302605e+00  -2.1793885e+00
  -3.8830087e-01  -8.0527556e-01  -1.4103905e+00  -8.2573695e-01  -8.9991895e-01  -1.8453666e+00  -1.6814998e+00  -1.6302822e+00  -1.9959216e+00  -1.8015288e+00  -1.7691176e+00  -2.1510012e+00  -2.1478918e+00  -2.2344021e+00  -2.4077374e+00  -2.0947076e+00
  -6.6778254e-01  -9.8381382e-01  -1.4483202e+00  -1.3651332e+00  -1.6098585e+00  -1.7729436e+00  -2.3986652e+00  -2.0441042e+00  -1.8217297e+00  -1.9100067e+00  -2.0610081e+00  -2.1941782e+00  -2.2197316e+00  -1.9124478e+00  -2.0089080e+00  -1.8074495e+00
  -6.0420332e-01  -5.0409809e-01  -1.2818096e+00  -5.1813745e-01  -1.2796859e+00  -2.1246126e+00  -2.2754853e+00  -1.8841494e+00  -1.6149444e+00  -1.7061415e+00  -1.7124610e+00  -1.9098045e+00  -2.1483725e+00  -2.4980108e+00  -2.2939228e+00  -2.1926249e+00
   1.3864843e-01  -6.5139407e-01  -7.5596792e-01  -8.6949976e-01  -1.1485854e+00  -1.4839266e+00  -1.7712853e+00  -1.7680162e+00  -1.7096467e+00  -1.7777425e+00  -1.7408935e+00  -2.1018793e+00  -2.4067409e+00  -2.2323475e+00  -2.2896892e+00  -2.0048997e+00
  -6.5910526e-01  -5.5079947e-01  -5.4964008e-01  -1.4743343e+00  -1.4045288e+00  -1.6691536e+00  -2.0241960e+00  -1.7913679e+00  -1.7489114e+00  -1.9465503e+00  -2.0617295e+00  -2.0186550e+00  -2.3176860e+00  -2.1356551e+00  -2.1317185e+00  -1.7885574e+00
  -5.6524361e-03  -6.8162808e-01  -1.0194935e+00  -8.6690655e-01  -6.7249399e-01  -1.4802098e+00  -2.2031966e+00  -1.8346572e+00  -1.9297012e+00  -1.8961941e+00  -1.7665967e+00  -2.0763163e+00  -2.0987369e+00  -2.2843722e+00  -2.2919250e+00  -1.9098618e+00
   1.6553205e-01  -1.0861424e+00  -1.3941004e+00  -9.1611467e-01  -1.3973701e+00  -1.7607809e+00  -2.1492597e+00  -1.7779568e+00  -2.0204580e+00  -1.7999224e+00  -1.7607248e+00  -2.0947380e+00  -2.3209557e+00  -2.1267573e+00  -2.0892196e+00  -1.9349536e+00
  -4.7034383e-01  -3.6939817e-01  -4.9374762e-01  -1.1684254e+00  -1.4026584e+00  -1.6441617e+00  -1.9260854e+00  -2.2535153e+00  -2.0208562e+00  -1.7352742e+00  -1.7504079e+00  -2.0932503e+00  -2.3861121e+00  -2.0981535e+00  -1.9167254e+00  -1.9961631e+00
  -1.3353202e-01  -4.8330820e-01  -1.5416556e+00  -1.2072373e+00  -1.0973570e+00  -1.5997099e+00  -1.9036452e+00  -1.8762824e+00  -1.9616405e+00  -1.8511059e+00  -1.9051525e+00  -2.1639930e+00  -1.9380466e+00  -1.7413811e+00  -1.1384226e+00  -1.2413311e+00
  -4.3158225e-01  -9.9953837e-01  -8.2375523e-01  -6.0620607e-01  -8.5858702e-01  -1.7065999e+00  -1.9148641e+00  -1.5332577e+00  -1.0350603e+00  -7.4828670e-01  -1.2930343e+00  -1.9527347e+00  -1.9239153e+00  -1.0504715e+00  -3.3175065e-01  -4.9827883e-01
   1.4409413e-01   3.8140930e-02  -6.4923658e-01  -8.2074068e-01  -6.5545971e-01  -1.0648794e+00  -1.9548175e+00  -1.3914068e+00   1.9295417e-01   9.2122876e-02  -8.1498056e-01  -1.8801020e+00  -1.9460924e+00  -7.8398746e-01  -8.5832906e-01  -6.2885860e-01
   2.2471753e-01   4.5579562e-01  -5.3382822e-02   6.2053301e-01   6.1056549e-01  -2.7892056e-01  -1.0365550e+00  -6.3068695e-01   8.9725639e-01   7.0266222e-01  -2.8359094e-01  -1.5551742e+00  -1.5439918e+00  -1.4318839e+00  -1.0537338e+00  -5.8933762e-01
   2.0779768e-01   9.5027674e-01   3.9351565e-01   8.2707482e-01   7.9057414e-01  -3.8973060e-01  -1.2070458e+00  -3.5491802e-01   1.1364048e+00   9.5066694e-01   2.1518750e-01  -1.1912840e+00  -6.3906296e-01  -1.1339496e+00  -1.2706132e+00  -5.6915781e-01
   5.6122296e-01   1.0202923e+00   6.6873924e-01   1.0781981e+00   6.8905553e-01  -3.9547470e-01  -9.0094348e-01  -1.4925909e-01   1.1415340e+00   1.1181038e+00   5.9030548e-01  -9.0085828e-01  -2.4823758e-01  -6.7906185e-01  -7.3079843e-01  -1.3461953e-01
   8.0397744e-01   1.1055077e+00   4.7052121e-01   1.2961557e+00   9.6921984e-01  -9.1406447e-02  -6.3473546e-01   1.9092692e-01   1.6107156e+00   1.2286627e+00   2.9941939e-01  -9.1172155e-01  -3.3448940e-01  -6.3883750e-01  -6.5393656e-01  -5.0795354e-01
   5.5352195e-01   1.2976233e+00   7.0460379e-01   1.4683420e+00   1.0943268e+00   2.0876741e-01  -4.2034426e-01   3.6121070e-01   1.5733749e+00   1.1593213e+00   5.0853181e-01  -6.8037578e-01  -5.7173146e-02  -3.6295048e-01  -8.0312702e-01  -1.1930626e-01
   4.7065824e-01   1.1749056e+00   8.0093476e-01   1.6472981e+00   1.5992147e+00   4.7792941e-01  -1.9371552e-01   6.8569777e-01   1.8891078e+00   1.5330500e+00   1.0887769e+00  -4.4548348e-01   2.2273627e-02  -7.3596958e-01  -8.3029945e-01  -1.0788502e-02
   1.1474646e+00   1.3460989e+00   7.7083427e-01   1.5811488e+00   1.5474644e+00   2.6788960e-01  -4.2181673e-01   6.2294484e-01   1.5956861e+00   1.2806066e+00   8.0883097e-01  -5.0803831e-01   2.9143050e-02  -4.0147219e-01  -3.5590500e-01   4.0646034e-02
   7.9051060e-01   1.3154171e+00   6.2400669e-01   1.7277376e+00   1.9500116e+00   5.7136219e-01  -1.5852301e-01   6.9526683e-01   2.0093182e+00   1.6558692e+00   1.2285229e+00  -2.8813930e-01   2.4295206e-01  -5.6762485e-01  -2.1826393e-01   1.3703652e-01
   7.4804787e-01   1.3420437e+00   8.9573372e-01   1.8249271e+00   2.1847478e+00   5.7916509e-01  -1.6362511e-01   6.4667024e-01   1.9557252e+00   1.5104382e+00   9.9876198e-01  -3.9348091e-01   5.9792432e-02  -7.9869005e-01  -5.7174254e-01  -3.0466183e-01
   8.7593290e-01   1.4445461e+00   1.0059641e+00   1.8745153e+00   2.3064281e+00   6.1651952e-01   2.2925763e-02   6.8477617e-01   1.8930445e+00   1.5749846e+00   1.0784779e+00  -3.9491466e-01   4.2480873e-01  -5.1480739e-01  -4.6366414e-01  -1.7552959e-01
   9.4515884e-01   1.2784603e+00   8.9930608e-01   1.8855887e+00   2.3634958e+00   7.4576990e-01   2.2719745e-01   9.0862875e-01   1.7863672e+00   1.5530915e+00   9.4642870e-01  -5.6492201e-01   2.5296235e-01  -6.4624295e-01   1.2616507e-01  -6.5859048e-02
   8.6655303e-01   1.4727757e+00   1.1895823e+00   1.9032303e+00   2.3725933e+00   9.1635533e-01   2.8607988e-01   1.1236794e+00   1.8579055e+00   1.6097276e+00   1.0680112e+00  -2.9012910e-01   3.9629395e-01  -5.8310161e-01  -1.8408830e-03   3.2458669e-01
   1.1654543e+00   1.4775424e+00   1.1176050e+00   1.9425883e+00   2.3386877e+00   9.8775186e-01   2.5025202e-01   1.2760644e+00   2.0095536e+00   1.6969344e+00   1.1088664e+00  -2.9466307e-01   3.9266741e-01  -6.7756281e-01  -3.0596686e-01   2.0246779e-01
   1.1754621e+00   1.5439588e+00   1.1615505e+00   1.9081515e+00   2.2677410e+00   1.1914784e+00   3.2531439e-01   1.4473086e+00   2.3278904e+00   1.9758612e+00   1.0301250e+00  -5.3401408e-01   1.9436217e-01  -7.9521253e-01  -2.3916887e-01  -1.8677561e-01
   1.1048684e+00   1.5947034e+00   1.1735511e+00   1.8622564e+00   2.1781514e+00   1.1276693e+00   2.2603498e-01   1.3504358e+00   2.2179081e+00   2.0626130e+00   9.1913283e-01  -6.7953668e-01  -1.7248010e-01  -1.1695300e+00  -2.8011610e-01  -7.0236849e-01
   8.8458453e-01   1.5008984e+00   1.1233991e+00   1.8617371e+00   2.0670603e+00   1.2089845e+00   1.9490756e-01   1.3481980e+00   2.4062550e+00   2.2538824e+00   6.5161273e-01  -1.0955984e+00  -3.7761848e-01  -1.2467314e+00  -4.0268965e-01  -7.2486031e-01
   9.9928998e-01   1.5185956e+00   1.2862930e+00   1.9026237e+00   1.6910606e+00   9.7434409e-01   1.6778703e-02   1.3044313e+00   2.4129412e+00   2.4470982e+00   2.6645272e-01  -1.2436297e+00  -9.3620314e-01  -1.7871610e+00  -7.8459621e-01  -9.8283550e-01
   8.4321986e-01   1.3016657e+00   1.1167089e+00   1.6349746e+00   1.0909874e+00   5.0309881e-01  -3.4026185e-01   1.0398371e+00   2.3179544e+00   2.2358420e+00  -1.5600843e-01  -1.3398948e+00  -1.3149365e+00  -1.6721482e+00  -1.1076699e+00  -1.5842554e+00
   8.3631911e-01   9.4803268e-01   1.0128295e+00   1.0608265e+00   3.0996082e-01  -2.1985635e-01  -1.0061139e+00   5.4008489e-01   1.8740456e+00   1.5801784e+00  -7.4538012e-01  -1.6850177e+00  -1.7424558e+00  -1.7537464e+00  -1.6833318e+00  -2.1395338e+00
   7.5368697e-01   5.8581470e-01   5.0731176e-01  -2.6956474e-01  -2.6424019e-01  -7.2761436e-01  -1.8910767e+00  -7.9949762e-01   6.2174812e-01  -3.7819668e-02  -1.4411417e+00  -1.8313806e+00  -2.0491524e+00  -2.0840440e+00  -1.9601111e+00  -2.0820724e+00
  -5.1069277e-01  -9.7841550e-02  -2.7167459e-01  -1.0167784e+00  -1.2096536e+00  -1.7351047e+00  -1.7232302e+00  -1.6660491e+00  -1.3563333e+00  -1.3810220e+00  -1.8184377e+00  -2.0300240e+00  -2.2156180e+00  -1.9985011e+00  -2.0065392e+00  -2.2518655e+00
  -6.0056131e-01  -9.7635579e-01  -7.8774513e-01  -1.2091220e+00  -1.4567354e+00  -1.6999812e+00  -1.9901667e+00  -1.5401347e+00  -1.9294073e+00  -1.8948097e+00  -1.6983828e+00  -2.2614139e+00  -2.2856674e+00  -2.2655744e+00  -1.9472233e+00  -1.9609938e+00
  -2.6673210e-01  -1.6838376e+00  -1.7018142e+00  -1.2518797e+00  -9.6181643e-01  -1.1764658e+00  -1.7765187e+00  -2.0452855e+00  -2.0145059e+00  -1.6387010e+00  -1.8593504e+00  -2.3102374e+00  -2.1668409e+00  -2.3921521e+00  -2.1481591e+00  -2.0306531e+00
  -4.9973137e-01  -6.8008399e-01  -8.3988543e-01  -7.5209596e-01  -8.2316096e-01  -1.6954085e+00  -2.3392469e+00  -1.6557093e+00  -2.3887778e+00  -1.8578911e+00  -1.6748586e+00  -2.0633841e+00  -2.0258943e+00  -2.2409743e+00  -2.2165291e+00  -2.0352994e+00
  -3.9303311e-01  -1.1002642e+00  -1.1084317e+00  -9.2712410e-01  -8.8200808e-01  -1.4163121e+00  -2.2643076e+00  -1.6470312e+00  -2.0032328e+00  -1.6410785e+00  -1.9344583e+00  -2.3056208e+00  -2.0542089e+00  -2.3128090e+00  -2.1626748e+00  -2.1541181e+00
  -6.6774040e-01  -7.9974805e-01  -1.0184610e+00  -7.0717133e-01  -7.2122487e-01  -9.2188791e-01  -1.3584045e+00  -9.8464089e-01  -7.0578998e-01  -7.8225087e-01  -1.1798266e+00  -1.9224632e+00  -1.9201111e+00  -8.4078034e-01  -4.1091739e-01  -1.3795075e+00
  -2.1230529e-01  -8.3118847e-01  -1.0309087e+00  -7.9741242e-01  -1.1090331e+00  -1.0089953e+00  -6.7067511e-01  -6.5434839e-02   3.8215287e-01  -1.0678201e-01  -9.1380109e-01  -1.9103509e+00  -1.7683867e+00  -8.2065875e-01  -5.8454166e-01  -1.0493921e+00
  -3.7800690e-01  -6.9570072e-02  -9.4899073e-01  -8.1153702e-01  -8.1148395e-01  -1.0869314e+00  -1.3658592e+00  -9.7069883e-01  -3.8100427e-01  -4.5224280e-01  -1.4126302e+00  -1.8547500e+00  -1.7497631e+00  -1.0793139e+00   7.7190551e-02  -1.4850907e-01
  -9.5577621e-02   6.2539261e-02  -6.1699776e-01  -9.0655992e-01  -1.0393064e+00  -1.5119413e+00  -1.9071827e+00  -7.1487838e-01   7.2004864e-01   4.2018976e-01  -6.1608671e-01  -1.5328422e+00  -1.2655041e+00  -1.0777116e-01   1.4987852e+00   1.1277133e+00
  -6.0694839e-02   9.8438422e-02  -5.4731863e-01  -5.0647493e-01  -1.4395631e+00  -1.2926049e+00  -2.0720415e+00  -8.4876928e-01  -3.0331890e-02  -1.5504319e-02  -5.9884891e-01  -1.3318019e+00  -8.5089566e-01   3.8354788e-01   1.8912835e+00   1.6207679e+00
  -2.9965331e-01  -2.0529285e-01  -2.0498601e-01  -5.5224410e-01  -9.9946285e-01  -1.2589731e+00  -2.6293977e+00  -1.3666367e+00  -9.0427065e-01  -1.4920502e-01  -7.8136542e-01  -1.3542939e+00  -1.0818998e+00   3.3010224e-01   2.1866458e+00   1.8440237e+00
  -6.9651458e-01  -6.7843109e-01  -9.8092763e-01  -6.3508143e-01  -8.9941752e-01  -1.4965357e+00  -2.1882859e+00  -1.6008729e+00  -1.6312727e+00  -6.0428088e-01  -8.3642606e-01  -1.4322239e+00  -1.2287520e+00   4.8555486e-01   1.8581334e+00   2.0129268e+00
  -4.0295635e-01  -2.0357135e-01  -9.9320010e-01  -7.1818340e-01  -9.9998212e-01  -1.3939387e+00  -1.8970705e+00  -1.8231575e+00  -1.7732207e+00  -6.7353896e-01  -8.0911600e-01  -1.4588425e+00  -6.8575575e-01   8.3364250e-01   2.2847121e+00   2.2723132e+00
  -6.7283474e-01  -9.7718704e-01  -8.3025480e-01  -7.0103897e-01  -1.3571694e+00  -1.7238573e+00  -1.7961239e+00  -1.3971152e+00  -1.3724913e+00  -7.4189458e-01  -1.1101398e+00  -1.6246417e+00  -8.0037725e-01   8.7113998e-01   2.4234317e+00   2.1537517e+00
  -8.7981160e-01  -1.8793709e+00  -9.4223712e-01  -9.2449491e-01  -9.7771491e-01  -1.5327875e+00  -1.8259726e+00  -1.5027838e+00  -1.4689775e+00  -1.0742409e+00  -1.0205763e+00  -1.5075122e+00  -8.2940050e-01   8.4016682e-01   2.5905722e+00   2.3062411e+00
  -9.7276537e-01  -6.6275021e-01  -7.0644227e-01  -7.1373601e-01  -1.4799382e+00  -1.9297555e+00  -2.0239295e+00  -2.1778715e+00  -1.6253069e+00  -1.0723895e+00  -1.0449927e+00  -1.6838373e+00  -1.0511605e+00   7.5341158e-01   2.9637469e+00   2.6670160e+00
  -6.1211820e-01  -7.4170032e-01  -1.1342887e+00  -1.3538693e+00  -1.2630426e+00  -1.4552729e+00  -1.9568108e+00  -1.5987165e+00  -1.4879085e+00  -1.0787087e+00  -1.0713627e+00  -1.6763348e+00  -6.9239433e-01   6.8237766e-01   2.7089999e+00   2.3904406e+00
  -7.1364430e-01  -8.4188160e-01  -1.5437584e+00  -1.5283266e+00  -1.5883941e+00  -1.6550168e+00  -2.1616293e+00  -1.8227015e+00  -2.0410143e+00  -1.0814082e+00  -1.1900790e+00  -1.5765264e+00  -1.0649242e+00   5.5803244e-01   2.8358336e+00   2.4288159e+00
   1.1627290e-02  -2.2101291e-01  -8.6980679e-01  -7.9061120e-01  -1.4105855e+00  -1.7874162e+00  -2.5008781e+00  -1.8711978e+00  -1.8345031e+00  -1.0998802e+00  -1.3156172e+00  -1.6266812e+00  -1.0701092e+00   9.3943110e-01   3.0751803e+00   2.4250129e+00
  -8.7677375e-01  -5.1485398e-01  -8.2811209e-01  -1.0376220e+00  -8.7486809e-01  -5.1791812e-01  -1.4543794e+00  -1.6022862e+00  -1.5717925e+00  -1.0411047e+00  -8.7131031e-01  -1.5779450e+00  -7.5597990e-01   1.0771372e+00   2.7632097e+00   2.1859452e+00
  -2.8328671e-01  -8.0277369e-01  -1.0252457e+00  -9.1858961e-01  -1.2553597e+00  -1.2798182e+00  -1.8101955e+00  -1.5718058e+00  -1.2197472e+00  -1.0189332e+00  -7.5277442e-01  -1.7071485e+00  -1.0144834e+00   7.5085301e-01   2.0277743e+00   1.9249388e+00
  -4.8463784e-01  -7.1582357e-01  -7.4333634e-01  -1.1632740e+00  -1.2083889e+00  -1.2087653e+00  -1.6595501e+00  -1.4477134e+00  -1.0509015e+00  -7.5795876e-01  -9.6986025e-01  -1.5339485e+00  -6.5203941e-01   4.3494036e-01   1.8533602e+00   1.8847625e+00
  -4.7385442e-01  -6.2741054e-01  -8.7355382e-01  -5.8097962e-01  -1.1962081e+00  -1.6426194e+00  -2.2669239e+00  -1.6659530e+00  -1.1618129e+00  -8.7868322e-01  -1.0715265e+00  -1.5670121e+00  -7.2325111e-01   4.7166891e-01   1.7010698e+00   1.3782322e+00
  -1.4004987e-01  -9.8675327e-01  -1.0021550e+00  -1.0399399e+00  -2.0185260e+00  -1.4650061e+00  -2.2264447e+00  -1.6393283e+00  -1.3061876e+00  -1.0970388e+00  -9.9276410e-01  -1.8126084e+00  -1.1228620e+00  -1.0366336e-01   9.1976652e-01   8.7598056e-01
  -3.2547710e-01  -9.8266688e-01  -9.1128916e-01  -1.0389022e+00  -1.5831385e+00  -1.0435583e+00  -1.9538288e+00  -2.0886632e+00  -1.8295981e+00  -1.3046115e+00  -1.3227200e+00  -1.7849641e+00  -1.5091865e+00  -4.5238114e-01   6.2250521e-01   1.6807039e-01
   3.9312462e-01  -2.8492394e-01  -9.1203934e-01  -6.3214416e-01  -1.1292257e+00  -1.7310621e+00  -2.0348236e+00  -1.7899955e+00  -1.7214708e+00  -1.3021553e+00  -1.3332301e+00  -1.8613075e+00  -1.8537441e+00  -1.2781458e+00  -6.0053083e-01  -6.3070822e-01
  -3.6884653e-01  -9.8778115e-01  -1.4430388e+00  -8.0142552e-01  -8.2191370e-01  -1.4542552e+00  -1.8275309e+00  -2.4130860e+00  -2.3661827e+00  -1.5373307e+00  -1.3258566e+00  -1.9242763e+00  -1.8486066e+00  -1.4986849e+00  -1.3522164e+00  -1.3215709e+00
  -4.0771751e-02  -2.9602700e-01  -8.4360199e-01  -7.8616761e-01  -1.2522925e+00  -1.8207678e+00  -1.6410263e+00  -1.5582531e+00  -2.2536202e+00  -1.7729930e+00  -1.5933205e+00  -2.2472161e+00  -2.3948329e+00  -2.0086137e+00  -1.9000220e+00  -1.9284075e+00
  -3.7887484e-01  -5.9903926e-01  -8.4607063e-01  -1.0229363e+00  -9.2141988e-01  -1.7312097e+00  -1.9777682e+00  -1.8751527e+00  -1.9638130e+00  -1.9035192e+00  -1.7588731e+00  -2.0317712e+00  -2.1538111e+00  -2.1490541e+00  -2.3428595e+00  -2.1551925e+00
  -4.4662777e-01  -8.1701890e-01  -1.4384799e+00  -6.3908314e-01  -7.5761138e-01  -1.5495805e+00  -2.0032083e+00  -2.4181328e+00  -2.3882745e+00  -2.0689343e+00  -1.8785270e+00  -2.3070017e+00  -2.3902786e+00  -2.0974347e+00  -2.3783516e+00  -1.9309208e+00
