   4.2238403e+00   2.8934405e+00   1.8404326e+00   1.6839864e+00   1.6053401e+00   1.9258574e+00   1.7239986e+00   1.8416812e+00   1.1795953e+00   1.1928522e+00   1.5835079e+00   1.1448850e+00   1.0995324e+00   7.1905315e-01   7.7093454e-01   7.4822887e-01
   4.1979142e+00   3.4532460e+00   2.3220455e+00   2.2585616e+00   2.0515258e+00   1.6757438e+00   1.4158652e+00   1.5247794e+00   1.5016152e+00   1.3283552e+00   1.5229756e+00   1.2338862e+00   1.0469039e+00   9.3406529e-01   9.5600651e-01   9.8305313e-01
   3.8081007e+00   2.9506728e+00   2.2241899e+00   2.4904055e+00   1.7984639e+00   1.6074030e+00   1.2035416e+00   1.4591434e+00   1.8163699e+00   1.3489907e+00   1.8023553e+00   1.5527514e+00   1.0856114e+00   1.0459136e+00   1.1416570e+00   8.5684868e-01
   3.9404944e+00   3.4496381e+00   2.2032540e+00   2.4726972e+00   1.5736457e+00   1.8998181e+00   1.8937705e+00   1.4366638e+00   1.4216407e+00   1.6721625e+00   1.4835507e+00   1.1480133e+00   1.0587891e+00   9.4908847e-01   7.8589409e-01   6.5327875e-01
   3.9040866e+00   2.4998159e+00   2.2303627e+00   3.0013587e+00   1.7930617e+00   1.8315684e+00   1.4766496e+00   1.8277773e+00   1.9170043e+00   1.8713022e+00   1.5198726e+00   1.2997309e+00   9.4177090e-01   9.4823937e-01   8.0988707e-01   4.7528314e-01
   4.3121523e+00   3.2372131e+00   2.5148542e+00   2.4648128e+00   1.4144204e+00   1.9808318e+00   1.6272381e+00   1.9737106e+00   1.7832780e+00   1.7257561e+00   1.4460780e+00   1.2360058e+00   8.5670778e-01   8.4959099e-01   8.8080767e-01   7.0860668e-01
   4.0287354e+00   3.4966990e+00   2.1422054e+00   2.5071478e+00   2.0239179e+00   1.7274851e+00   1.3256181e+00   1.7254813e+00   1.7742477e+00   1.3721064e+00   1.6612490e+00   1.2924667e+00   1.0979886e+00   7.9900100e-01   9.2091753e-01   7.2245889e-01
   3.7864761e+00   3.2556541e+00   2.4637485e+00   1.9770311e+00   1.8413576e+00   1.7643627e+00   1.6071184e+00   1.5217527e+00   1.8362350e+00   1.3973175e+00   1.4569853e+00   1.4745676e+00   9.9861708e-01   7.5761323e-01   8.3555030e-01   6.9083097e-01
   3.1318104e+00   2.2681284e+00   2.4673759e+00   3.0603561e+00   2.1268682e+00   1.9724203e+00   1.7740144e+00   1.6659354e+00   1.8629827e+00   1.6695493e+00   1.0850435e+00   1.3741985e+00   1.0829417e+00   1.0001544e+00   8.1456159e-01   5.4514066e-01
   3.7599933e+00   2.5846465e+00   2.1548121e+00   2.6790231e+00   2.0228515e+00   2.1366122e+00   1.5380654e+00   1.5542048e+00   1.6307885e+00   1.2541149e+00   1.2899354e+00   1.1400152e+00   1.0607066e+00   9.0580141e-01   7.9669851e-01   8.5347433e-01
   4.3512635e+00   2.7383112e+00   1.7769123e+00   1.9005310e+00   1.8379564e+00   1.6349968e+00   1.5996424e+00   1.6740155e+00   1.7929284e+00   1.6352388e+00   1.2434771e+00   1.0952227e+00   9.3242742e-01   6.8540859e-01   6.6678427e-01   8.5599467e-01
   4.6589046e+00   2.9630170e+00   2.0702876e+00   2.2194109e+00   2.0226898e+00   2.1782586e+00   1.6343874e+00   2.0396000e+00   1.9678188e+00   1.6944372e+00   1.5023899e+00   1.1529576e+00   9.9563497e-01   6.7525747e-01   8.2273912e-01   6.1393340e-01
   4.5691654e+00   2.9514278e+00   2.1451325e+00   2.3006922e+00   2.3551239e+00   2.3085897e+00   1.4442067e+00   1.2717638e+00   1.9353737e+00   1.7987655e+00   1.4258528e+00   1.1422282e+00   1.1416583e+00   1.0038201e+00   1.0678583e+00   7.9826780e-01
   4.0898325e+00   3.0485001e+00   2.3706857e+00   2.4608177e+00   1.4807535e+00   2.3948074e+00   1.5740428e+00   1.7924622e+00   2.1375895e+00   1.6351111e+00   1.4066531e+00   1.2896924e+00   1.2253768e+00   1.0825289e+00   9.6623922e-01   5.3343939e-01
   4.4021655e+00   3.8019468e+00   2.7906830e+00   2.5843423e+00   2.3568473e+00   1.9955125e+00   1.7862129e+00   1.7834937e+00   1.4739191e+00   1.5669733e+00   1.8486177e+00   1.6947318e+00   1.2212967e+00   1.1634356e+00   1.2422769e+00   8.5314723e-01
   4.2006995e+00   2.9804699e+00   2.0276870e+00   2.3237038e+00   2.0005845e+00   1.8919975e+00   1.7304105e+00   1.8509336e+00   1.6484957e+00   1.6585054e+00   1.5741987e+00   1.0995825e+00   5.2504788e-01   6.3612300e-01   8.7072101e-01   7.5384192e-01
   4.3380907e+00   3.4960464e+00   2.0104598e+00   2.1616399e+00   1.7907916e+00   1.9307964e+00   1.9455298e+00   1.9790659e+00   1.6005283e+00   1.5599852e+00   1.5755528e+00   1.4445865e+00   1.3324013e+00   1.1979467e+00   1.2425735e+00   1.1218874e+00
   4.9348471e+00   3.3826178e+00   2.0724721e+00   1.4237317e+00   1.5832914e+00   1.7589469e+00   1.4449736e+00   1.4568855e+00   1.5367872e+00   1.3313327e+00   1.2236869e+00   1.0581170e+00   1.2246091e+00   8.0502159e-01   9.8553547e-01   7.8089664e-01
   4.9683071e+00   2.7547967e+00   2.1202549e+00   2.3745342e+00   1.8059264e+00   1.9888114e+00   1.8197404e+00   1.7602381e+00   1.8753774e+00   1.8291105e+00   1.7062332e+00   1.3151795e+00   1.2898445e+00   1.1934232e+00   1.0987871e+00   1.1282376e+00
   4.2148343e+00   3.7906553e+00   2.9257688e+00   3.0382768e+00   2.6091616e+00   1.9952458e+00   1.4677028e+00   1.8851484e+00   1.7324848e+00   1.7179953e+00   1.5330641e+00   1.5253964e+00   1.0424054e+00   1.0076041e+00   9.4141998e-01   8.1323243e-01
   3.6524599e+00   3.4452634e+00   2.6769103e+00   2.5080244e+00   2.1906001e+00   1.8585884e+00   1.3736964e+00   1.3478429e+00   1.7353599e+00   1.4527823e+00   1.3760738e+00   1.3583456e+00   1.1329808e+00   7.6022839e-01   1.0545958e+00   6.4850257e-01
   4.2106810e+00   2.9599673e+00   2.1212814e+00   2.1032169e+00   1.7004369e+00   2.0582063e+00   1.7247453e+00   1.8684523e+00   1.7107462e+00   1.3732268e+00   1.4403871e+00   1.0411530e+00   1.0012453e+00   8.5002504e-01   1.0011369e+00   8.3136848e-01
   3.9011783e+00   2.6232219e+00   2.4905493e+00   2.1140642e+00   1.7322945e+00   2.3859775e+00   1.8428392e+00   1.3852492e+00   1.4724252e+00   1.7938830e+00   1.7341528e+00   1.2169022e+00   1.4150804e+00   1.1060258e+00   1.3939963e+00   9.5050184e-01
   3.9465142e+00   2.9281942e+00   1.7905238e+00   1.9900233e+00   1.6548030e+00   2.0705145e+00   1.8075033e+00   1.6849626e+00   1.7269760e+00   1.7598713e+00   1.6077618e+00   1.4722128e+00   1.0038219e+00   9.3512373e-01   1.2154428e+00   8.6805340e-01
   4.2177489e+00   3.2136847e+00   1.5361831e+00   2.5270277e+00   2.1283782e+00   2.0321069e+00   1.8028359e+00   1.7135717e+00   1.9322363e+00   1.4843983e+00   1.4043009e+00   1.1404434e+00   1.2169289e+00   8.8948489e-01   7.9196996e-01   4.8152505e-01
   4.1662416e+00   3.0149324e+00   1.8730979e+00   2.1338325e+00   1.7906665e+00   1.9023606e+00   1.6778195e+00   1.4098510e+00   1.4910580e+00   1.6676277e+00   1.5634333e+00   1.2058750e+00   9.1123762e-01   8.4508622e-01   7.3407949e-01   6.3865268e-01
   4.4894483e+00   2.5971610e+00   2.1699303e+00   1.9582768e+00   2.2994771e+00   1.5346693e+00   1.9933879e+00   2.0678508e+00   2.0234210e+00   2.2658817e+00   1.9907187e+00   1.6544258e+00   1.1224939e+00   1.0420851e+00   9.9999105e-01   7.6972674e-01
   4.2547509e+00   3.4398079e+00   2.3860181e+00   2.3242550e+00   2.4761734e+00   2.0372081e+00   1.5708534e+00   1.8198816e+00   2.0237508e+00   2.1498306e+00   1.9833201e+00   1.7485755e+00   1.4181533e+00   1.1364601e+00   1.0417693e+00   8.2832066e-01
   4.5703866e+00   2.9068858e+00   2.2942584e+00   2.8718759e+00   2.4581613e+00   2.4290529e+00   1.9555559e+00   1.8453531e+00   2.1546292e+00   2.3788207e+00   2.0944874e+00   1.6145871e+00   1.2986790e+00   1.2683703e+00   1.1678840e+00   9.5503187e-01
   4.4472108e+00   2.7378838e+00   2.3681482e+00   2.9023881e+00   2.7220461e+00   2.4864377e+00   1.7057874e+00   1.9622011e+00   2.7970973e+00   3.0252601e+00   2.2425072e+00   1.8385915e+00   1.3079406e+00   1.0681196e+00   1.0502363e+00   7.3505687e-01
   4.8677418e+00   3.4818753e+00   2.8575721e+00   2.8300558e+00   2.8990223e+00   2.8831680e+00   2.0844122e+00   2.1566467e+00   2.9640408e+00   3.0788719e+00   2.4297205e+00   2.0061114e+00   1.4942713e+00   1.1864884e+00   9.0676084e-01   1.1178973e+00
   4.2645892e+00   3.6121066e+00   2.8550688e+00   2.6592464e+00   3.1047492e+00   2.7980264e+00   2.0553321e+00   1.8484736e+00   2.6519621e+00   3.0787778e+00   2.5859073e+00   1.9765721e+00   1.1138810e+00   1.2297035e+00   1.1628242e+00   9.9039448e-01
   4.1493944e+00   2.8942134e+00   2.7813130e+00   3.0296933e+00   3.1210404e+00   3.0831316e+00   2.1052087e+00   2.2371512e+00   2.9282247e+00   3.4886673e+00   3.2024313e+00   2.7377631e+00   1.5331325e+00   1.0159477e+00   8.4703983e-01   7.3063923e-01
   3.9319521e+00   3.0019387e+00   2.1664806e+00   3.0414986e+00   2.8301760e+00   3.1601587e+00   2.1742915e+00   1.9813890e+00   2.9406212e+00   3.7405958e+00   3.6006030e+00   3.0200145e+00   1.9172483e+00   1.3049159e+00   1.1598210e+00   1.1944774e+00
   4.4724773e+00   3.2583280e+00   2.1714430e+00   2.6991129e+00   2.8586347e+00   2.9359599e+00   2.1931553e+00   2.2710115e+00   3.0010947e+00   3.6400708e+00   3.7431912e+00   3.2279397e+00   2.3201198e+00   1.5041113e+00   1.4737237e+00   1.0204112e+00
   4.2800245e+00   3.0500961e+00   2.8993974e+00   2.8596843e+00   2.7552369e+00   2.6857630e+00   2.2681930e+00   2.4432233e+00   3.2264714e+00   3.8342637e+00   3.9283590e+00   3.3679387e+00   2.2584512e+00   1.4166180e+00   1.0714807e+00   1.1423237e+00
   4.4074617e+00   2.3399071e+00   2.3673715e+00   3.3591046e+00   2.9094511e+00   2.8180036e+00   2.0552471e+00   2.3817542e+00   3.1926020e+00   3.9306935e+00   3.9821087e+00   3.4636461e+00   2.3611206e+00   1.8876333e+00   1.5704512e+00   1.4659696e+00
   4.8390605e+00   3.0435062e+00   2.2056824e+00   2.9539521e+00   2.6933820e+00   2.7429722e+00   2.1525795e+00   2.4411015e+00   3.1105299e+00   4.1450936e+00   4.1155696e+00   3.4696831e+00   2.5413716e+00   2.0805452e+00   1.4809345e+00   1.7050668e+00
   4.6592277e+00   2.6594326e+00   2.2744645e+00   3.3818605e+00   3.0786617e+00   3.0109443e+00   2.4203823e+00   2.6084422e+00   3.1215021e+00   4.1969847e+00   4.1881532e+00   3.4293022e+00   2.5134172e+00   2.1857666e+00   2.1757454e+00   1.8538399e+00
   4.2927857e+00   3.4332274e+00   2.2835075e+00   3.1252160e+00   2.8877099e+00   2.4974356e+00   1.8730337e+00   2.0014794e+00   2.6511603e+00   3.9343307e+00   4.1383062e+00   3.0757689e+00   2.3403005e+00   2.1020187e+00   1.1999527e+00   1.7596913e+00
   3.9051525e+00   2.9292173e+00   2.6492859e+00   3.2621099e+00   2.7423865e+00   2.2214266e+00   1.7638998e+00   2.1805961e+00   2.4843202e+00   3.4760668e+00   3.4911603e+00   2.2942560e+00   1.7430616e+00   1.7908986e+00   1.0640154e+00   1.4198542e+00
   4.3505954e+00   3.3590164e+00   2.6240758e+00   2.4284651e+00   2.3298248e+00   2.4672588e+00   1.6952098e+00   1.8554610e+00   2.2335013e+00   2.8692880e+00   2.6969133e+00   1.4961290e+00   1.1927226e+00   1.2116397e+00   1.1737750e+00   1.3216818e+00
   4.0856776e+00   3.2142914e+00   2.3603979e+00   2.3386243e+00   2.2795374e+00   1.7799862e+00   1.4496728e+00   1.7112808e+00   1.7396990e+00   1.8112062e+00   1.9195083e+00   1.2321500e+00   1.0344115e+00   8.5628866e-01   1.0138916e+00   8.7096553e-01
   4.2720100e+00   3.0323112e+00   2.3548607e+00   2.5853965e+00   2.2608535e+00   2.1315953e+00   1.3033111e+00   1.8615647e+00   1.5300976e+00   1.8032127e+00   1.5917417e+00   1.4391177e+00   1.0584702e+00   8.6098006e-01   6.4323580e-01   7.2297367e-01
   3.9718825e+00   3.0580308e+00   2.6483792e+00   2.1183451e+00   1.9462863e+00   2.1063288e+00   1.4927106e+00   1.8907486e+00   1.6896570e+00   1.4889065e+00   1.7863933e+00   1.1519392e+00   9.5266841e-01   8.0253413e-01   8.2842168e-01   8.6384081e-01
   3.8120536e+00   3.3516391e+00   2.6298819e+00   2.5597850e+00   2.3399769e+00   1.6872105e+00   1.8645057e+00   1.5535040e+00   1.8605055e+00   2.0250667e+00   1.6332653e+00   1.3103784e+00   1.1533582e+00   1.0406460e+00   7.8977681e-01   7.2629894e-01
   3.8248211e+00   3.6111096e+00   3.0457574e+00   2.7483945e+00   1.9628096e+00   1.7580194e+00   1.5509779e+00   1.6734764e+00   1.5822483e+00   1.6643004e+00   1.2606031e+00   1.2227344e+00   1.1855271e+00   7.2613747e-01   4.4447682e-01   7.7456283e-01
   2.9825413e+00   3.4844204e+00   2.9708590e+00   2.9256425e+00   1.9987802e+00   1.6407787e+00   1.5801470e+00   1.1333579e+00   1.5862819e+00   1.3254229e+00   1.6271189e+00   1.2974455e+00   1.4035948e+00   8.6784132e-01   8.3253718e-01   7.5224691e-01
   3.9666239e+00   3.1279185e+00   2.3859959e+00   2.1944205e+00   1.6545849e+00   1.5053861e+00   1.5329809e+00   1.4833810e+00   1.6506031e+00   1.6474402e+00   1.5026103e+00   1.3713448e+00   9.9966594e-01   1.0383372e+00   1.0505621e+00   7.7907973e-01
   4.2588433e+00   3.4600169e+00   2.2679794e+00   1.8571686e+00   1.8344610e+00   2.4113161e+00   1.7723416e+00   1.6537707e+00   1.8428789e+00   2.0715654e+00   1.6650517e+00   1.3730712e+00   1.1610303e+00   9.5809083e-01   9.2795475e-01   8.5541404e-01
   3.8691190e+00   2.4710273e+00   1.8353749e+00   2.0130627e+00   1.7868288e+00   2.1392825e+00   1.7492433e+00   1.6665866e+00   1.1078343e+00   1.5861923e+00   1.5471780e+00   1.3862577e+00   1.2128660e+00   8.3767968e-01   7.0030204e-01   7.2386761e-01
   3.8907661e+00   2.4291038e+00   1.7764735e+00   2.2337256e+00   1.7907333e+00   1.9254610e+00   1.6229994e+00   1.8435830e+00   1.4557201e+00   1.4400508e+00   1.4080954e+00   1.1805671e+00   1.0979844e+00   8.1293294e-01   9.1699207e-01   5.8011374e-01
   3.9563525e+00   2.5894757e+00   2.1254572e+00   2.1283212e+00   1.4630330e+00   2.0384768e+00   1.5310910e+00   1.6757896e+00   1.4983019e+00   1.6052302e+00   1.3276258e+00   7.2987067e-01   9.1346412e-01   8.6130392e-01   1.0076403e+00   7.7486035e-01
   3.3444618e+00   2.9360505e+00   2.2437220e+00   2.5704466e+00   1.6950170e+00   1.7025176e+00   1.4611880e+00   1.7712173e+00   1.5228647e+00   1.5697664e+00   1.2199829e+00   1.1728249e+00   1.0415162e+00   1.2668697e+00   1.2281607e+00   1.0571916e+00
   3.1472050e+00   2.3080380e+00   2.4123898e+00   3.1404543e+00   1.5209062e+00   1.5454281e+00   1.4313200e+00   1.3862685e+00   1.5032129e+00   2.0205278e+00   1.4464687e+00   1.1830023e+00   1.1622160e+00   1.6963124e+00   2.0488803e+00   2.0842356e+00
   3.0186195e+00   2.7961291e+00   2.3581627e+00   2.7727920e+00   1.4630616e+00   2.1672739e+00   1.6445692e+00   1.4181428e+00   1.9533208e+00   2.2592034e+00   1.4277542e+00   1.4953457e+00   1.2998825e+00   1.9645718e+00   2.5147319e+00   2.4074747e+00
   3.5397950e+00   3.3142887e+00   2.7966014e+00   2.4450472e+00   1.8232688e+00   1.8375907e+00   1.4916652e+00   1.5171183e+00   1.6577040e+00   1.6725937e+00   1.7472313e+00   1.6074641e+00   1.1805751e+00   1.9397437e+00   2.4050200e+00   2.3389196e+00
   4.3257604e+00   2.7594776e+00   2.3437924e+00   2.5848559e+00   1.9639888e+00   2.0134699e+00   1.8801166e+00   1.7659756e+00   1.4508367e+00   1.5769907e+00   1.5828012e+00   1.4311054e+00   1.2233963e+00   1.7980339e+00   2.3685587e+00   2.3730375e+00
   4.4036599e+00   3.0358057e+00   1.9625212e+00   2.6907002e+00   2.1347307e+00   2.2655434e+00   1.5861695e+00   1.7293587e+00   1.4713149e+00   1.5123854e+00   1.3227230e+00   1.4966663e+00   1.4045020e+00   2.2013004e+00   2.4892335e+00   2.2312800e+00
   4.5661621e+00   3.6012691e+00   2.2762812e+00   2.5748976e+00   2.2084075e+00   1.9031599e+00   1.6296828e+00   1.8117983e+00   1.5456296e+00   1.5375066e+00   1.4716706e+00   1.3862573e+00   1.3794209e+00   2.0453291e+00   2.6055061e+00   2.5130318e+00
   4.0470922e+00   3.2944848e+00   2.3381560e+00   2.7711265e+00   2.2980387e+00   1.9492211e+00   1.4904814e+00   1.5298772e+00   1.7552020e+00   1.6003440e+00   1.5066015e+00   1.3517983e+00   1.3291105e+00   2.3620129e+00   2.6582054e+00   2.7640597e+00
   4.3572091e+00   2.6745261e+00   2.3446008e+00   1.9701018e+00   1.8656799e+00   2.0586817e+00   1.3605014e+00   1.8021726e+00   1.8084644e+00   1.4879878e+00   1.6219898e+00   1.2601320e+00   1.3232021e+00   2.2529543e+00   2.5369876e+00   2.8909712e+00
   3.6531686e+00   2.6086487e+00   2.6832149e+00   2.7305937e+00   2.0638093e+00   2.0566046e+00   1.9506748e+00   1.7864230e+00   1.6837815e+00   1.6796478e+00   1.7122528e+00   1.2564027e+00   1.0724926e+00   1.9617514e+00   2.6186568e+00   2.7407477e+00
   3.9922371e+00   3.2676648e+00   2.0806549e+00   2.4738814e+00   1.6651088e+00   1.8625991e+00   1.3841631e+00   1.8270436e+00   1.6725747e+00   1.5129676e+00   1.3923938e+00   1.3385315e+00   1.3362170e+00   2.1284255e+00   2.6311268e+00   2.9860752e+00
   4.1266669e+00   3.2576225e+00   2.1531171e+00   1.9838904e+00   1.7903366e+00   1.8549752e+00   1.3532827e+00   1.5469224e+00   1.4507467e+00   1.5370295e+00   1.0482596e+00   9.0572943e-01   1.1618511e+00   1.7804164e+00   2.2806743e+00   2.7604988e+00
   4.4668497e+00   3.2224659e+00   2.1110144e+00   2.1875114e+00   1.4765979e+00   1.9498983e+00   1.6267897e+00   1.2626228e+00   1.5299691e+00   1.7655651e+00   1.2551667e+00   7.1540210e-01   1.1969717e+00   1.6378344e+00   1.9543072e+00   2.6598328e+00
   3.6735120e+00   3.2972599e+00   2.0544695e+00   2.5173150e+00   1.2107847e+00   2.1572588e+00   1.6228538e+00   1.6202946e+00   1.6678154e+00   1.8465280e+00   1.6721577e+00   1.2662502e+00   1.2556820e+00   2.1829634e+00   2.1297325e+00   2.5271304e+00
   3.6904986e+00   2.6363140e+00   1.3934967e+00   2.0512822e+00   2.1851390e+00   1.9200789e+00   1.4493420e+00   1.8196647e+00   1.6021119e+00   1.7406030e+00   1.5673969e+00   1.0717380e+00   1.1893450e+00   1.9650673e+00   2.3602476e+00   2.5870537e+00
   3.0890334e+00   2.6106146e+00   2.1114727e+00   2.3686680e+00   1.4777924e+00   2.0251776e+00   1.6596527e+00   1.3210794e+00   1.5005954e+00   1.7132350e+00   1.4624704e+00   1.1955316e+00   9.6306791e-01   1.9105439e+00   2.3557175e+00   2.4069269e+00
   3.9193566e+00   2.9928383e+00   2.8268476e+00   2.4668419e+00   2.2276624e+00   2.1425894e+00   1.3909267e+00   1.4281041e+00   1.7082574e+00   1.8116274e+00   1.3297280e+00   1.3859210e+00   7.5674465e-01   1.9159277e+00   2.2635328e+00   2.5315424e+00
   3.9888938e+00   2.5627833e+00   2.1659672e+00   2.3632253e+00   2.0370642e+00   2.4370366e+00   1.6749398e+00   1.6773092e+00   1.9167021e+00   1.6277827e+00   1.5275338e+00   1.1239919e+00   1.0664981e+00   1.9938478e+00   2.2867254e+00   2.0496739e+00
   4.4623074e+00   3.1070352e+00   2.5817810e+00   2.5981625e+00   1.7828873e+00   1.9680712e+00   1.6418633e+00   1.7436917e+00   1.9852788e+00   1.8411968e+00   1.4482435e+00   1.2632100e+00   1.0898512e+00   1.9902793e+00   2.1528365e+00   2.1388188e+00
   3.7425454e+00   3.4573421e+00   2.7318687e+00   2.4558796e+00   1.4754025e+00   1.4688400e+00   1.6825141e+00   1.5590849e+00   1.8981962e+00   1.8523011e+00   1.3623027e+00   1.1251754e+00   1.1881998e+00   1.7700045e+00   1.7140003e+00   1.9923261e+00
   3.8820382e+00   3.4153913e+00   2.2464106e+00   2.3999963e+00   1.8361054e+00   1.5663787e+00   1.6150817e+00   1.7942559e+00   1.6527892e+00   1.9952444e+00   1.1804871e+00   1.1885321e+00   1.1155586e+00   2.1080312e+00   1.9760813e+00   1.8364090e+00
