   4.7760011e+00   3.5631944e+00   2.7205808e+00   2.5695786e+00   1.8197246e+00   1.9885742e+00   1.5827597e+00   2.0141631e+00   2.1294899e+00   1.7450633e+00   1.6282421e+00   1.7520065e+00   1.5193509e+00   1.4195779e+00   1.3864186e+00   1.0884674e+00
   4.0901925e+00   3.6228208e+00   2.2626096e+00   2.6427205e+00   1.9982246e+00   1.8302137e+00   1.8816432e+00   1.9931562e+00   1.7715294e+00   1.7560958e+00   1.6061564e+00   1.6793332e+00   1.4987705e+00   1.3128098e+00   1.3413973e+00   1.3399331e+00
   3.4950873e+00   3.2545945e+00   2.1693525e+00   2.4356113e+00   1.8863262e+00   2.2141093e+00   1.9740183e+00   1.8979024e+00   1.6918964e+00   1.8221384e+00   1.8904322e+00   1.5829529e+00   1.5988346e+00   1.4112928e+00   1.5728922e+00   1.0644015e+00
   3.4152964e+00   2.9828149e+00   2.1630101e+00   2.3245281e+00   1.9012635e+00   2.4111563e+00   1.4561513e+00   1.8199450e+00   2.0579380e+00   1.8482943e+00   1.4989214e+00   1.7837015e+00   1.5394773e+00   1.2004682e+00   1.4951666e+00   1.1797595e+00
   3.9924449e+00   3.5319177e+00   2.3863148e+00   2.1365988e+00   1.6441383e+00   1.5984511e+00   1.6033602e+00   1.4927170e+00   2.1195373e+00   1.6436805e+00   1.8024849e+00   1.7397093e+00   1.7459600e+00   1.2519192e+00   1.5464587e+00   1.4214531e+00
   3.7100978e+00   2.9954613e+00   2.7026798e+00   2.8711929e+00   2.3562848e+00   1.9654086e+00   2.0072524e+00   1.8854200e+00   1.7472409e+00   1.9035324e+00   2.2281124e+00   2.3022177e+00   1.7693122e+00   1.5121236e+00   1.5346388e+00   1.5249782e+00
   4.0607927e+00   3.3344479e+00   2.0565631e+00   2.6062681e+00   2.0798724e+00   2.0604192e+00   1.6011997e+00   1.2771508e+00   1.8975430e+00   1.7152171e+00   2.1873869e+00   1.9734285e+00   1.3363352e+00   1.3284514e+00   1.4324635e+00   1.2393779e+00
   4.5685549e+00   3.3173868e+00   1.9522043e+00   2.7686581e+00   2.1824667e+00   2.1517374e+00   1.5666534e+00   1.5898620e+00   2.6084035e+00   2.4339806e+00   2.1510583e+00   1.6617352e+00   1.4714079e+00   1.1602392e+00   1.2291262e+00   9.5792247e-01
   4.6789935e+00   3.2157848e+00   2.8138936e+00   2.6649843e+00   2.4153054e+00   1.8655392e+00   1.7695032e+00   1.9761430e+00   1.8389375e+00   1.8367515e+00   2.2240750e+00   2.1080267e+00   1.8561991e+00   1.4887882e+00   1.3460685e+00   1.1183855e+00
   4.4088036e+00   3.9219377e+00   3.0162764e+00   2.8192518e+00   2.5255513e+00   2.0201907e+00   1.5237357e+00   2.1015695e+00   2.0288029e+00   1.5595613e+00   1.7539833e+00   2.0634821e+00   1.8038385e+00   1.7164045e+00   1.3650430e+00   1.2427840e+00
   4.4802720e+00   3.6747317e+00   3.5735998e+00   3.1906783e+00   3.1040748e+00   2.7266649e+00   1.9479778e+00   1.4279542e+00   1.7166859e+00   1.9333037e+00   1.8637297e+00   1.7192950e+00   1.3687734e+00   1.5188542e+00   1.2541505e+00   1.2588464e+00
   4.8024077e+00   3.3418312e+00   3.2009217e+00   2.9444405e+00   2.1934760e+00   1.6846636e+00   1.6498596e+00   1.8966727e+00   1.9895759e+00   1.9774902e+00   1.9038799e+00   1.5524394e+00   1.7102648e+00   1.5032302e+00   1.6444173e+00   1.3397837e+00
   4.7810690e+00   2.9072195e+00   2.8675957e+00   3.0152631e+00   2.2970674e+00   2.0368067e+00   1.8887338e+00   2.0904326e+00   1.7082442e+00   1.3056903e+00   1.5816591e+00   1.4234874e+00   1.6674395e+00   1.4779660e+00   1.7106191e+00   1.4973894e+00
   4.6087693e+00   3.5388825e+00   3.5803400e+00   3.5744054e+00   3.1518496e+00   1.9060884e+00   1.8567421e+00   2.0314080e+00   1.9018946e+00   1.6243934e+00   1.7175616e+00   1.2724187e+00   1.4510601e+00   1.4642531e+00   1.5899965e+00   1.4636892e+00
   4.1778263e+00   3.6601912e+00   3.0683332e+00   2.8948475e+00   2.5851289e+00   2.0607867e+00   1.9722372e+00   2.0350894e+00   2.2829384e+00   1.9245765e+00   2.0100818e+00   1.7330233e+00   1.5986511e+00   1.5184672e+00   1.5047095e+00   1.2778049e+00
   3.7221644e+00   3.0075904e+00   2.6841731e+00   3.0839364e+00   2.0617736e+00   2.3665330e+00   1.9019388e+00   1.7890653e+00   1.9188125e+00   2.0975710e+00   1.8713027e+00   1.6786408e+00   1.4823369e+00   1.2914314e+00   1.3987486e+00   1.0977723e+00
   4.2767397e+00   3.3887868e+00   3.0458288e+00   2.6260321e+00   2.0976615e+00   2.1019788e+00   1.7832066e+00   1.9982157e+00   2.2873097e+00   1.7243767e+00   1.9922318e+00   2.0002188e+00   1.8123098e+00   1.3082900e+00   1.3938781e+00   1.2357573e+00
   3.7436785e+00   2.9411295e+00   2.5165182e+00   2.2199693e+00   1.5810491e+00   1.3334228e+00   1.4864179e+00   2.0000149e+00   1.8365391e+00   1.7893021e+00   1.7071845e+00   1.4760813e+00   1.4108775e+00   1.1149776e+00   1.3224995e+00   1.1668059e+00
   4.1954643e+00   2.7887355e+00   2.6489189e+00   2.2515791e+00   1.4513374e+00   1.9653764e+00   1.6712135e+00   2.2156230e+00   1.9557585e+00   1.6008441e+00   1.6894244e+00   1.3819200e+00   1.2759097e+00   1.2565058e+00   1.1129335e+00   8.0575140e-01
   4.4855700e+00   3.6636446e+00   2.7914326e+00   2.5972617e+00   2.1428810e+00   2.1750671e+00   1.6108796e+00   1.6801453e+00   1.7640008e+00   1.6890043e+00   1.9844406e+00   1.7491872e+00   1.5234025e+00   1.5115980e+00   1.6520603e+00   1.4764928e+00
   4.1803486e+00   3.2965382e+00   2.7214185e+00   2.8619532e+00   1.6821444e+00   1.9088388e+00   1.8519143e+00   1.6015725e+00   1.9363469e+00   2.2143027e+00   2.1752568e+00   1.7551636e+00   1.4117640e+00   1.4657744e+00   1.4744904e+00   1.2990787e+00
   4.4456698e+00   3.0313510e+00   2.7962022e+00   2.9558022e+00   2.0249152e+00   1.9676420e+00   1.6546909e+00   1.8376096e+00   1.6649940e+00   1.9205399e+00   1.9276249e+00   1.7157782e+00   1.4460454e+00   1.4784545e+00   1.3272604e+00   1.1081004e+00
   4.5274125e+00   3.0414711e+00   2.2406117e+00   2.9340489e+00   2.3860545e+00   2.1287726e+00   1.9990926e+00   1.8444611e+00   1.6173934e+00   1.8270366e+00   1.8420894e+00   1.7958285e+00   1.4283184e+00   1.3462547e+00   1.2639998e+00   1.4290670e+00
   3.9880784e+00   3.4004140e+00   2.3705098e+00   2.0116200e+00   1.9992945e+00   2.0433068e+00   1.6262057e+00   2.1093255e+00   2.3793580e+00   2.2714446e+00   2.1930301e+00   1.8602136e+00   1.6919875e+00   1.5194523e+00   1.1867216e+00   1.3609913e+00
   3.6389220e+00   2.8601220e+00   2.1825471e+00   1.8706897e+00   2.1143531e+00   2.7513480e+00   1.7748059e+00   1.7645721e+00   1.8028181e+00   2.3247892e+00   2.3155250e+00   2.2139785e+00   1.8600627e+00   1.4938231e+00   1.3770807e+00   1.4280900e+00
   4.0841754e+00   3.4001443e+00   2.6354683e+00   2.7768341e+00   2.3932148e+00   2.2229870e+00   1.9584981e+00   1.9964103e+00   1.6780310e+00   1.8019804e+00   2.3604454e+00   2.8663633e+00   2.2249293e+00   1.7461227e+00   1.9635410e+00   1.4599009e+00
   4.0441077e+00   3.2072958e+00   2.6528277e+00   2.3567043e+00   1.8361074e+00   1.8282545e+00   1.7195281e+00   1.9302122e+00   1.6411047e+00   1.6628834e+00   2.4615679e+00   3.3212136e+00   2.7186982e+00   2.1488781e+00   1.7632891e+00   1.4944828e+00
   4.4206472e+00   3.3620689e+00   2.9262904e+00   2.5374611e+00   1.9520995e+00   2.0006414e+00   1.7218219e+00   1.9565062e+00   2.3165707e+00   2.0189621e+00   2.6697562e+00   3.5104066e+00   3.0766310e+00   1.9858694e+00   1.3717097e+00   1.3789276e+00
   4.6024466e+00   3.0715461e+00   2.7574978e+00   2.1074075e+00   1.5344956e+00   1.7549147e+00   1.8063817e+00   1.7629401e+00   2.4119576e+00   2.2670453e+00   2.5240753e+00   3.5200054e+00   2.9458447e+00   2.1426738e+00   1.2851682e+00   1.6440819e+00
   4.1497763e+00   3.4628746e+00   2.5821295e+00   2.5756605e+00   2.5254778e+00   2.0684124e+00   1.8949435e+00   1.5371331e+00   2.1130175e+00   2.0435585e+00   2.3330369e+00   3.5456332e+00   2.8293767e+00   2.2562760e+00   1.5047798e+00   1.5498180e+00
   4.4477633e+00   3.7070530e+00   3.0529872e+00   2.7138985e+00   2.1708837e+00   2.0614548e+00   1.7788938e+00   1.9675414e+00   1.9120157e+00   1.8488387e+00   2.1577124e+00   3.3874316e+00   2.8534174e+00   2.1848692e+00   1.7418276e+00   1.4707749e+00
   4.5586003e+00   3.8848156e+00   3.3472893e+00   2.6285216e+00   2.3667612e+00   2.1334894e+00   1.9896966e+00   2.3306611e+00   2.1980751e+00   1.4550445e+00   2.1121517e+00   3.3552937e+00   2.8852252e+00   2.2190977e+00   1.5676312e+00   1.5223270e+00
   4.4379104e+00   3.8290678e+00   3.1379046e+00   3.0532706e+00   1.9763951e+00   2.3519344e+00   1.4903001e+00   1.6740983e+00   1.7433829e+00   2.0292614e+00   2.0909939e+00   3.3164890e+00   2.5574534e+00   2.2389006e+00   1.6862355e+00   1.6500627e+00
   4.3086560e+00   3.4655485e+00   2.7734766e+00   2.4029067e+00   2.3137305e+00   2.4771695e+00   1.5662277e+00   1.8370796e+00   1.9038208e+00   2.0703210e+00   2.4233417e+00   3.3732889e+00   2.3701703e+00   2.2549465e+00   1.6410646e+00   1.5472476e+00
   3.8277859e+00   3.5725245e+00   2.8879208e+00   2.9078770e+00   2.3592811e+00   2.2273139e+00   1.6718703e+00   1.7291561e+00   1.7300855e+00   2.0697738e+00   2.2573917e+00   2.9871695e+00   2.3540558e+00   2.1968141e+00   1.5071058e+00   1.3182946e+00
   3.9747486e+00   3.7184276e+00   2.6789202e+00   3.0570353e+00   2.6353740e+00   2.5124855e+00   1.9619166e+00   2.0508483e+00   2.3188105e+00   2.1010834e+00   2.3895777e+00   3.2230395e+00   2.5046863e+00   2.3303783e+00   1.6326755e+00   1.1691609e+00
   4.2323648e+00   2.7034639e+00   2.5973466e+00   2.6080073e+00   2.2623556e+00   2.2063305e+00   1.8885665e+00   2.0175615e+00   2.0591865e+00   2.1759341e+00   2.5459639e+00   3.2819890e+00   2.1402951e+00   2.2682142e+00   1.7624606e+00   1.4546099e+00
   4.1345661e+00   2.7777067e+00   1.9707644e+00   2.5237156e+00   2.7094453e+00   2.3015145e+00   2.0522846e+00   1.7851317e+00   1.8850178e+00   1.9336702e+00   2.0403877e+00   3.3208780e+00   2.4950383e+00   2.4331342e+00   1.9241676e+00   1.7174410e+00
   3.8433101e+00   3.2404800e+00   2.7123187e+00   2.5482441e+00   2.0893852e+00   2.3752652e+00   2.0175439e+00   1.6284722e+00   1.9429544e+00   1.9142863e+00   2.0989921e+00   3.2688498e+00   2.7039628e+00   2.5025677e+00   1.6404978e+00   1.5339716e+00
   3.9579568e+00   3.7817339e+00   2.5304392e+00   2.3293245e+00   1.7999620e+00   2.0677764e+00   2.0100944e+00   1.9462235e+00   1.7419951e+00   1.7826291e+00   2.3614579e+00   3.2768110e+00   2.2953327e+00   2.3592975e+00   1.7927751e+00   1.4968422e+00
   4.2328712e+00   3.7182359e+00   3.2649655e+00   2.9146043e+00   2.4234700e+00   2.3350307e+00   2.1116484e+00   1.9856414e+00   1.8436854e+00   1.6800556e+00   2.3546470e+00   3.2745019e+00   2.3350708e+00   2.5699824e+00   1.7708416e+00   1.4512854e+00
   3.5303886e+00   3.7419716e+00   2.6165796e+00   2.7568637e+00   2.6954591e+00   2.1767007e+00   1.9531175e+00   2.2489065e+00   2.2928676e+00   1.9046941e+00   2.3221321e+00   3.0852599e+00   2.5583922e+00   2.4850923e+00   1.9297359e+00   1.4681194e+00
   4.4254951e+00   3.4254002e+00   2.8770363e+00   2.4576956e+00   2.1185541e+00   2.2504887e+00   1.8182875e+00   1.8377250e+00   2.2927952e+00   1.9374413e+00   2.0084839e+00   3.0013480e+00   2.3044483e+00   2.4338391e+00   2.0471954e+00   1.5466521e+00
   4.1447028e+00   3.4482555e+00   2.7851992e+00   2.5993990e+00   1.6733607e+00   1.9623059e+00   1.4354479e+00   1.5116273e+00   2.1382081e+00   1.9454600e+00   2.2260915e+00   3.0366131e+00   2.1272470e+00   2.1562304e+00   2.0547950e+00   1.3441429e+00
   3.8285580e+00   3.3391142e+00   2.6776745e+00   2.9189604e+00   2.4281584e+00   2.1471896e+00   1.6081509e+00   1.6271282e+00   2.0055944e+00   2.0788622e+00   2.2882507e+00   2.5174037e+00   1.6207305e+00   1.7983705e+00   1.7718610e+00   1.6668261e+00
   4.4733236e+00   3.4928945e+00   3.1501141e+00   3.3204477e+00   3.1985081e+00   2.3343083e+00   1.7763875e+00   1.8135005e+00   2.2191402e+00   2.1646347e+00   2.1373133e+00   2.0392270e+00   1.7111085e+00   1.4412798e+00   1.6549082e+00   1.4367933e+00
   4.7637831e+00   3.8858750e+00   3.0245047e+00   3.0121147e+00   2.9654094e+00   2.2013215e+00   1.8524747e+00   2.1946111e+00   2.5241990e+00   2.3686569e+00   2.0039750e+00   1.9284970e+00   1.6226662e+00   1.4646594e+00   1.4141181e+00   1.4599260e+00
   4.4715280e+00   3.4376351e+00   2.2718436e+00   1.8767167e+00   1.9960288e+00   1.9368402e+00   1.7704601e+00   1.5901554e+00   2.2361194e+00   2.0748160e+00   1.9836483e+00   1.5968284e+00   1.5150424e+00   1.3887852e+00   1.3594826e+00   1.4468605e+00
   4.3455782e+00   3.0867126e+00   2.0596252e+00   1.6240905e+00   2.1902318e+00   2.0863357e+00   1.7334364e+00   1.8493910e+00   2.2267133e+00   2.0848399e+00   1.8395706e+00   1.9478431e+00   1.6824307e+00   1.4120181e+00   1.5472774e+00   1.4643836e+00
   4.4915592e+00   3.1384670e+00   2.4995150e+00   1.7588710e+00   2.1164043e+00   2.1723072e+00   1.7969856e+00   1.8024739e+00   2.0884967e+00   2.3090037e+00   2.2482469e+00   1.9831265e+00   1.6200204e+00   1.4580599e+00   1.3369008e+00   1.3105531e+00
   4.9950488e+00   3.4404085e+00   2.6252119e+00   2.4968284e+00   2.1856355e+00   1.9860477e+00   1.8670030e+00   1.8865487e+00   1.8612692e+00   1.9398119e+00   2.1170541e+00   1.8291660e+00   1.5790986e+00   1.4393179e+00   1.5776749e+00   1.5316257e+00
   4.3074632e+00   3.1274063e+00   2.5324287e+00   2.8887861e+00   2.3041986e+00   2.2496396e+00   1.8690947e+00   1.6998008e+00   2.0853043e+00   1.7302137e+00   2.0103598e+00   1.8876424e+00   1.8317721e+00   1.3541235e+00   1.6858554e+00   1.4081619e+00
   4.2415488e+00   3.6779268e+00   2.7292500e+00   2.4965588e+00   2.4965273e+00   2.2847930e+00   1.8795335e+00   1.8619522e+00   2.2827855e+00   1.9163285e+00   1.9783081e+00   1.9522452e+00   1.7232567e+00   1.4977385e+00   1.4819908e+00   1.3839185e+00
   4.2793460e+00   3.3857772e+00   2.4882716e+00   2.5424229e+00   2.3940806e+00   2.3009794e+00   2.1068841e+00   1.8683474e+00   1.9125124e+00   1.7897274e+00   1.7760345e+00   1.7797561e+00   1.6368303e+00   1.1482348e+00   1.3690061e+00   1.3849240e+00
   3.6661968e+00   3.1495468e+00   2.8686949e+00   2.2897559e+00   2.3916354e+00   2.2387764e+00   1.5479859e+00   1.8959852e+00   1.9394994e+00   1.3841816e+00   1.6819294e+00   1.4956759e+00   1.3494672e+00   1.3750793e+00   1.5024798e+00   1.1642487e+00
   4.2537171e+00   2.6872037e+00   2.4311794e+00   2.2932236e+00   2.0779920e+00   2.4113761e+00   2.0125695e+00   1.9809488e+00   2.0615342e+00   2.0017599e+00   1.6944353e+00   1.9759861e+00   1.5577156e+00   1.3742986e+00   1.6658064e+00   1.4269689e+00
   3.9366556e+00   2.9124837e+00   2.1734897e+00   2.3676819e+00   2.4696027e+00   2.4915225e+00   1.9407920e+00   1.3193266e+00   1.9347649e+00   1.9206996e+00   1.9710505e+00   1.8983775e+00   1.6070942e+00   1.0654577e+00   1.5662512e+00   1.4618076e+00
   3.5711953e+00   3.2748970e+00   2.0107964e+00   2.3726076e+00   1.9650025e+00   2.3031283e+00   1.9945102e+00   2.0876112e+00   1.8735930e+00   1.7243432e+00   1.8330175e+00   1.9012583e+00   1.4381678e+00   1.2124542e+00   1.6415818e+00   1.5137658e+00
   4.0861760e+00   3.5911557e+00   2.5248983e+00   2.6208204e+00   2.2409524e+00   2.0653461e+00   1.9895709e+00   2.0829880e+00   2.2225110e+00   1.9037574e+00   2.3015666e+00   1.9781033e+00   1.4657945e+00   1.3497532e+00   1.5636597e+00   1.3223525e+00
   3.9220608e+00   2.9413803e+00   2.6738103e+00   2.3048891e+00   2.4841846e+00   2.3104487e+00   1.5691750e+00   1.3401309e+00   1.7052158e+00   1.8771388e+00   2.0080904e+00   1.9425885e+00   1.5312411e+00   1.4308170e+00   1.5537138e+00   1.2973624e+00
   3.2576905e+00   3.4083986e+00   2.7088653e+00   2.7013250e+00   2.1368446e+00   2.0052776e+00   1.5673527e+00   1.6955962e+00   2.0227518e+00   1.8006733e+00   1.8087702e+00   1.6366188e+00   1.2338318e+00   1.3233806e+00   1.3817975e+00   1.2984105e+00
   4.1510334e+00   3.8516676e+00   2.2633661e+00   2.4636530e+00   1.9375822e+00   2.0941918e+00   1.4466059e+00   1.6825674e+00   2.1632719e+00   1.9354164e+00   2.0231268e+00   2.0807849e+00   1.5509387e+00   1.3851147e+00   1.5552705e+00   1.5230575e+00
   4.2764777e+00   3.3935460e+00   2.7199544e+00   2.7792842e+00   2.1228789e+00   2.4021925e+00   1.8985759e+00   1.8722235e+00   1.8509509e+00   1.8862058e+00   1.4799475e+00   1.8845252e+00   1.5813421e+00   1.4834302e+00   1.7693334e+00   1.5289903e+00
   4.5044290e+00   3.0413299e+00   2.2439942e+00   2.8544539e+00   2.4492672e+00   2.6036872e+00   2.0078056e+00   2.0783033e+00   2.4327963e+00   1.9899210e+00   1.7581510e+00   1.8760003e+00   1.6575555e+00   1.6199033e+00   1.5435928e+00   1.3291721e+00
   4.7532667e+00   2.7381024e+00   2.5338612e+00   2.2083966e+00   1.8146187e+00   2.0880311e+00   1.6793005e+00   1.4215694e+00   2.2205805e+00   1.9914015e+00   1.9174992e+00   1.6963724e+00   1.1881141e+00   1.3405344e+00   1.5647845e+00   1.4948926e+00
   4.5312673e+00   3.1494372e+00   2.7446851e+00   2.5595045e+00   2.2151726e+00   2.4361981e+00   1.5986830e+00   1.5175505e+00   1.9223966e+00   1.7637788e+00   2.0259799e+00   2.0467460e+00   1.5831856e+00   1.5777225e+00   1.7906090e+00   1.5551477e+00
   4.6516561e+00   2.7654217e+00   2.2494247e+00   2.4599755e+00   1.9859014e+00   1.9162719e+00   1.6745490e+00   1.7606193e+00   1.6224622e+00   1.5231321e+00   1.9941965e+00   1.8638104e+00   1.7170713e+00   1.3090486e+00   1.5506966e+00   1.5241545e+00
   4.8188566e+00   3.0877327e+00   2.2598152e+00   2.2680081e+00   1.8659685e+00   1.9133776e+00   1.5917379e+00   1.6519470e+00   1.9116435e+00   1.9283659e+00   1.8724232e+00   1.5850477e+00   1.5083771e+00   1.2558699e+00   1.2874177e+00   1.0246287e+00
   3.7561188e+00   3.3311569e+00   2.4882834e+00   1.9227113e+00   1.8696366e+00   1.8989202e+00   1.8024079e+00   1.7470889e+00   1.8002609e+00   1.8791594e+00   1.7481666e+00   1.6105674e+00   1.3500576e+00   1.5120920e+00   1.4594932e+00   1.2085262e+00
   4.1864240e+00   3.1640053e+00   2.6041567e+00   2.3119530e+00   1.8459518e+00   1.6445810e+00   1.5401830e+00   1.4241608e+00   2.0775425e+00   1.5266740e+00   1.7466126e+00   1.7172482e+00   1.4358179e+00   1.2290435e+00   1.3475706e+00   1.2800936e+00
   4.6494788e+00   3.1630634e+00   3.1464253e+00   2.6860004e+00   2.7203581e+00   2.3213307e+00   1.8333273e+00   1.9372624e+00   2.1612792e+00   1.7999412e+00   2.1709709e+00   2.2413743e+00   1.7198302e+00   1.5339703e+00   1.4544291e+00   1.5226548e+00
   4.6661359e+00   3.3352954e+00   2.7091502e+00   2.5201495e+00   2.0005272e+00   2.0388206e+00   1.9138203e+00   1.8849084e+00   2.1000320e+00   1.9697419e+00   2.0603932e+00   1.9065047e+00   1.7227366e+00   1.2103115e+00   1.5741876e+00   1.4420641e+00
   4.4470525e+00   3.5788939e+00   2.9510487e+00   2.8013999e+00   2.0612104e+00   1.6687471e+00   1.6612853e+00   1.8492279e+00   1.9451335e+00   1.8832164e+00   1.9916155e+00   1.9091990e+00   1.9607462e+00   1.6268708e+00   1.6537604e+00   1.7720103e+00
   4.7082145e+00   3.5745617e+00   2.3032673e+00   2.4943555e+00   2.0601475e+00   2.1710206e+00   1.9144768e+00   1.6842601e+00   2.0939181e+00   2.1826437e+00   2.3506397e+00   1.8419485e+00   1.6259842e+00   1.7089775e+00   1.8589835e+00   1.5167624e+00
   4.3521930e+00   3.0097145e+00   2.6211568e+00   2.4451863e+00   2.6223523e+00   2.4156609e+00   1.6276508e+00   1.8643984e+00   2.2070756e+00   2.0599626e+00   2.0876947e+00   1.8896716e+00   1.7916655e+00   1.7449649e+00   1.9932880e+00   1.8609075e+00
   3.9782421e+00   3.0219160e+00   2.4681878e+00   2.2663484e+00   2.2221619e+00   2.2413005e+00   1.9329473e+00   2.1491220e+00   2.2530806e+00   1.9659845e+00   1.9677046e+00   1.8163518e+00   1.6215338e+00   1.5149316e+00   1.5691030e+00   1.4750010e+00
   3.6428242e+00   3.4343055e+00   2.9409535e+00   2.7119701e+00   2.5388163e+00   1.8614382e+00   1.3282611e+00   2.0547419e+00   2.1300171e+00   2.1127946e+00   2.0357948e+00   1.9077272e+00   1.5721037e+00   1.2314203e+00   1.5348697e+00   1.4110105e+00
