   3.1106640e+00   1.8865380e+00   1.5026466e+00   1.8190045e+00   1.3492443e+00   1.2553180e+00   1.3150583e+00   1.3485252e+00   1.2703165e+00   1.2457632e+00   1.1633700e+00   6.1579199e-01   2.1734333e-01   1.7162543e-01   4.2049108e-01   2.4416867e-01
   3.0849299e+00   2.6840029e+00   1.8589472e+00   1.5971486e+00   1.3813572e+00   9.6709091e-01   1.2925159e+00   1.5895980e+00   1.4416316e+00   1.3260527e+00   1.1409442e+00   8.5517732e-01   4.9883234e-01   1.5129961e-01   2.7835226e-01   3.5007619e-01
   3.1898687e+00   1.9517298e+00   1.6886901e+00   1.9074676e+00   1.4625064e+00   1.6526661e+00   1.4927227e+00   1.3774501e+00   1.5279350e+00   9.0306738e-01   8.8919145e-01   9.8713565e-01   5.2302842e-01   4.9334082e-01   3.3659693e-01   5.2605408e-01
   3.2932313e+00   2.1104383e+00   1.7353662e+00   1.7974980e+00   1.4388559e+00   1.6258721e+00   1.2977270e+00   1.6397442e+00   1.2909162e+00   9.6544090e-01   9.9574127e-01   1.2136345e+00   8.3783439e-01   4.7373031e-01   5.9808994e-01   5.8772385e-01
   3.5141405e+00   1.7118118e+00   1.5976160e+00   9.4536378e-01   1.2571926e+00   1.7349052e+00   8.2306096e-01   1.1363080e+00   1.5601115e+00   1.1129411e+00   1.2574180e+00   8.8423162e-01   5.2147204e-01   3.9302253e-01   4.2525420e-01   4.3941520e-01
   2.9156380e+00   2.1669867e+00   1.4663836e+00   1.9095443e+00   1.0292698e+00   1.2608815e+00   1.2848100e+00   1.5123016e+00   1.3994367e+00   1.1050250e+00   1.0293743e+00   8.7783028e-01   5.6753232e-01   4.8277670e-01   3.9394922e-01   3.1150203e-01
   2.5651846e+00   2.2038686e+00   1.3547792e+00   1.5789554e+00   1.0349789e+00   1.2037820e+00   1.0352113e+00   1.3898711e+00   1.3855009e+00   7.8880084e-01   8.1811677e-01   9.4022897e-01   4.9151064e-01   5.3825805e-01   1.6984945e-01   4.0875705e-01
   3.3517906e+00   1.7976820e+00   1.0212610e+00   1.6334281e+00   1.3805074e+00   1.1878909e+00   1.0719157e+00   1.4694382e+00   1.5253113e+00   1.0319328e+00   8.6151222e-01   8.0733754e-01   3.4982426e-01   4.8480989e-02   4.7359596e-01   4.0706629e-01
   3.5056658e+00   1.9584440e+00   1.2085942e+00   1.6552254e+00   1.7006864e+00   1.3826837e+00   1.0145663e+00   1.5564634e+00   1.1452260e+00   1.1425832e+00   9.4124834e-01   7.0438804e-01   5.3406545e-01   3.2806990e-01   6.4242734e-01   5.4392354e-01
   3.0780234e+00   2.0545461e+00   1.7592959e+00   1.8481930e+00   1.3261637e+00   1.6084405e+00   1.3132090e+00   1.7604423e+00   1.1988183e+00   1.1479376e+00   1.0009204e+00   6.4880574e-01   2.0865465e-01   3.7367365e-01   4.1589415e-01   3.4600422e-01
   3.3010570e+00   1.9636237e+00   9.8202287e-01   1.5361229e+00   1.2500527e+00   7.8407371e-01   1.4029368e+00   1.9377300e+00   1.5954954e+00   9.9222758e-01   1.0527383e+00   9.0346988e-01   7.2333426e-01   2.1423604e-01   2.2423980e-01   3.2751099e-01
   3.0837544e+00   2.3050028e+00   1.2057943e+00   9.9830400e-01   5.6470271e-01   8.7389982e-01   1.4133493e+00   1.3534067e+00   1.3927693e+00   1.2081585e+00   1.1474628e+00   1.0603771e+00   5.0026384e-01   5.6586978e-01   3.6057528e-01   5.0731366e-01
   2.7899565e+00   1.7707068e+00   1.8425709e+00   1.8611578e+00   1.2065599e+00   1.4389343e+00   1.3624242e+00   1.1873605e+00   1.4622029e+00   9.8388597e-01   1.2004784e+00   1.0812284e+00   7.1943774e-01   6.2907723e-01   7.5651650e-01   4.5424437e-01
   2.9866006e+00   1.7129512e+00   1.9766077e+00   1.9882657e+00   1.1943142e+00   1.6783141e+00   1.2266157e+00   1.4536980e+00   1.5698881e+00   1.2130191e+00   9.8450392e-01   9.7875952e-01   7.6454878e-01   5.6621662e-01   4.0110018e-01   2.6637831e-01
   3.2416565e+00   2.1565345e+00   1.5104363e+00   1.4101280e+00   1.3395414e+00   1.5623272e+00   1.3436647e+00   1.2678752e+00   1.3232731e+00   1.2048339e+00   8.0412629e-01   6.1255217e-01   5.7468830e-01   4.9499719e-01   5.8199458e-01   1.7289746e-01
   3.4081085e+00   1.9304130e+00   1.6482691e+00   1.2342054e+00   1.2527325e+00   1.2539625e+00   1.3132250e+00   1.3920580e+00   1.5173815e+00   1.3882991e+00   8.0544523e-01   4.5653690e-01   4.8623771e-01   3.2774412e-01   5.4842036e-01   3.9764444e-01
   3.4729651e+00   2.4615527e+00   1.8524789e+00   1.5399525e+00   1.4067336e+00   1.3851505e+00   1.4956324e+00   1.2684221e+00   1.1781059e+00   1.1400628e+00   8.2967641e-01   8.6694670e-01   3.7250494e-01   5.0645914e-01   5.6815018e-01   3.5697827e-01
   2.8755047e+00   2.0221603e+00   1.3731078e+00   1.5434371e+00   1.1766740e+00   1.7658666e+00   1.2049567e+00   1.6113608e+00   1.2017432e+00   1.3218704e+00   7.1769860e-01   6.7743353e-01   9.8587394e-02   5.5932873e-01   5.5202728e-01   1.7061878e-01
   1.6851113e+00   2.0638920e+00   1.4014954e+00   1.3828571e+00   1.3527162e+00   1.2805213e+00   1.3256251e+00   1.3399329e+00   1.3201969e+00   1.4673602e+00   8.2731685e-01   4.8952724e-01   2.1512756e-01   6.7721713e-01   7.4792481e-01   2.9667011e-01
   2.3103353e+00   1.6940298e+00   1.4456502e+00   2.0939937e+00   1.7986796e+00   1.5407144e+00   1.1886894e+00   1.2612609e+00   1.5211300e+00   9.0409960e-01   8.5199922e-01   4.3977549e-01   3.5225475e-01   4.3878633e-01   5.5879536e-01   3.0000070e-01
   2.7627683e+00   1.6375745e+00   1.6430942e+00   1.4875199e+00   1.5076305e+00   1.6517997e+00   1.0760455e+00   1.3572743e+00   1.4888363e+00   1.1742413e+00   1.0186155e+00   5.5557646e-01   4.2195879e-01   4.6387819e-01   2.2890116e-01   3.8074243e-01
   3.3760620e+00   2.6085419e+00   2.1789526e+00   1.6715010e+00   9.3490520e-01   1.0570121e+00   1.1759961e+00   1.3970765e+00   1.2076707e+00   1.2276633e+00   9.2400388e-01   5.6913733e-01   7.3340363e-01   6.7901565e-01   6.9057496e-01   5.7069569e-01
   3.3529358e+00   2.2114755e+00   1.0233342e+00   9.2308998e-01   1.0925808e+00   1.1083120e+00   1.1205672e+00   1.6948724e+00   1.2695937e+00   7.2201353e-01   5.2681664e-01   6.4545057e-01   3.9278378e-01   2.9339322e-01   3.8312890e-01   3.6802539e-01
   3.1237130e+00   2.5508850e+00   1.8895816e+00   1.7175113e+00   1.1008955e+00   9.6588681e-01   1.2060242e+00   1.4683778e+00   1.3026369e+00   1.0344589e+00   8.7265371e-01   1.1452939e+00   6.3806817e-01   3.4719398e-01   4.2772489e-01   5.2384799e-01
   2.6879836e+00   2.1389565e+00   1.8232524e+00   1.7426930e+00   1.0173897e+00   1.2120748e+00   1.6941670e+00   1.5717842e+00   1.4581389e+00   1.0002561e+00   9.8009809e-01   1.0439309e+00   6.1230963e-01   5.4721471e-01   5.1030883e-01   5.2510547e-01
   2.9036249e+00   1.6137369e+00   1.6041315e+00   1.5737725e+00   1.4906429e+00   1.4343289e+00   1.2278919e+00   1.5623809e+00   1.3510307e+00   1.2458683e+00   1.1948109e+00   6.8576222e-01   3.4815161e-01   5.3733857e-01   6.7914650e-01   5.1507948e-01
   3.1291155e+00   2.8843978e+00   2.1953167e+00   1.8499871e+00   9.4503824e-01   8.1051319e-01   1.2513745e+00   1.6354769e+00   1.3888290e+00   1.3055150e+00   1.3030227e+00   8.2691975e-01   3.2945838e-01   4.6683117e-01   6.3967338e-01   4.8955090e-01
   3.5484311e+00   1.9339132e+00   1.2237674e+00   1.6243766e+00   1.4739922e+00   1.7381397e+00   1.2105751e+00   1.4707532e+00   1.5030810e+00   1.5086349e+00   1.0240679e+00   8.2975796e-01   3.8377790e-01   4.4878892e-01   6.4973802e-01   5.8703218e-01
   3.4850141e+00   2.3449352e+00   1.4671903e+00   1.5093933e+00   1.0985019e+00   1.4597111e+00   9.6467306e-01   1.3965899e+00   1.4252750e+00   1.0711661e+00   1.0941806e+00   4.9021471e-01   2.0220232e-01   3.3685463e-01   5.2697027e-01   5.4296079e-01
   3.0443075e+00   2.3406024e+00   1.4259098e+00   8.7231205e-01   7.4014900e-01   1.2292256e+00   1.2791041e+00   1.4860795e+00   1.0125593e+00   9.5094712e-01   8.1664703e-01   6.4643520e-01   5.4385719e-01   3.1756079e-01   4.3332845e-01   5.8706434e-01
   3.2961161e+00   2.1333916e+00   1.0835093e+00   9.1016357e-01   7.3542529e-01   1.1408532e+00   7.2819765e-01   1.4726392e+00   1.0706742e+00   6.5660066e-01   7.0938526e-01   8.2050728e-01   7.7781546e-01   3.8044540e-01   5.1833271e-01   5.6136358e-01
   2.9212341e+00   1.9983759e+00   9.5967379e-01   1.3011356e+00   1.2355017e+00   1.5902813e+00   1.3372533e+00   1.4073026e+00   1.3367305e+00   9.8522203e-01   1.1161973e+00   5.5887186e-01   5.4964093e-01   4.0122357e-01   5.9159740e-01   1.0025625e+00
   3.1362587e+00   2.0964568e+00   1.8305746e+00   2.3785667e+00   1.5341357e+00   1.3820352e+00   9.9339988e-01   1.5863671e+00   1.5660230e+00   6.6455201e-01   8.3285551e-01   6.6801302e-01   3.9823043e-01   5.3353011e-01   5.6200081e-01   1.0393179e+00
   3.2277465e+00   2.0971344e+00   1.3941994e+00   1.5285442e+00   1.4542419e+00   1.6519138e+00   1.2593578e+00   1.4940603e+00   1.2397174e+00   9.9645630e-01   8.9867644e-01   9.1348490e-01   4.3963067e-01   7.3497267e-01   3.8611997e-01   8.4336216e-01
   3.7625240e+00   2.3494434e+00   1.6914636e+00   1.6017699e+00   1.0901110e+00   1.2472820e+00   1.3613405e+00   1.4601558e+00   1.3911214e+00   9.6010495e-01   9.7686482e-01   7.9098546e-01   4.3477364e-01   5.7753823e-01   4.8516570e-01   7.2465509e-01
   3.8704507e+00   2.5036015e+00   2.1484018e+00   1.3670917e+00   1.6409230e+00   1.5532635e+00   9.1675277e-01   1.3317267e+00   1.1058109e+00   1.2237209e+00   1.0746099e+00   5.7334206e-01   3.9201918e-01   3.4747362e-01   5.8943618e-01   7.7453604e-01
   3.3739002e+00   2.3996941e+00   1.5365413e+00   1.1595517e+00   1.4936705e+00   9.8014659e-01   6.9948122e-01   8.6572926e-01   1.0687226e+00   8.9514405e-01   1.2633939e+00   8.4615569e-01   3.9147106e-01   5.1509026e-01   5.8089396e-01   1.5032469e+00
   2.7592303e+00   1.7673143e+00   1.7197142e+00   1.0978646e+00   1.2482393e+00   8.8687283e-01   4.5651973e-01   1.0626154e+00   1.4970953e+00   6.8272433e-01   9.1368782e-01   6.2599387e-01   4.8351553e-01   6.0854721e-01   6.1417530e-01   1.4104588e+00
   2.6460032e+00   1.9069914e+00   1.2784532e+00   1.4856553e+00   8.4161975e-01   1.6035309e+00   1.6301236e+00   1.5187182e+00   1.3225736e+00   1.1203806e+00   1.1559182e+00   7.7302683e-01   4.7778350e-01   4.5251494e-01   7.4038572e-01   1.4848818e+00
   3.1123424e+00   1.9674279e+00   1.2534428e+00   1.5267681e+00   1.0799341e+00   1.4998966e+00   1.0429536e+00   1.4216703e+00   1.3822318e+00   9.0369078e-01   6.4456225e-01   5.5926073e-01   3.9494524e-01   6.3630865e-01   5.9134529e-01   1.5847321e+00
   2.9860238e+00   2.0908528e+00   1.5734965e+00   1.7885404e+00   1.0673409e+00   9.8165183e-01   1.2593588e+00   1.4767757e+00   1.0748118e+00   8.2167045e-01   1.1259452e+00   5.1079603e-01   3.7770962e-01   5.1867229e-01   5.9364934e-01   1.1693768e+00
   3.0485815e+00   2.1436672e+00   1.4220789e+00   1.2957311e+00   1.2976608e+00   1.5003060e+00   9.7928217e-01   1.4342712e+00   1.1627957e+00   8.6082347e-01   8.6496488e-01   6.1814244e-01   6.2665562e-01   5.7857207e-01   4.5344842e-01   1.0689204e+00
   3.4305531e+00   1.4709371e+00   1.6382707e+00   1.6907390e+00   1.9441159e+00   1.7549169e+00   1.1683504e+00   1.4237962e+00   1.1862939e+00   1.0182398e+00   1.1116972e+00   8.6511769e-01   4.6350201e-01   5.3381037e-01   9.2171042e-01   1.0187304e+00
   3.1900241e+00   2.2835263e+00   1.6161489e+00   1.3694869e+00   1.9594512e+00   1.7895064e+00   1.1288206e+00   1.0880231e+00   1.2330865e+00   1.3682216e+00   7.3517799e-01   6.3082469e-01   4.1285112e-01   3.4679647e-01   8.7058327e-01   7.9352491e-01
   2.6272951e+00   1.7268141e+00   1.1914397e+00   1.8271663e+00   1.8609471e+00   1.4484653e+00   1.3751741e+00   1.6840418e+00   1.3877409e+00   1.3043401e+00   1.0572502e+00   8.2559185e-01   5.4824547e-01   1.1476823e-01   4.4540253e-01   3.2284928e-01
   3.2620386e+00   1.4751633e+00   1.2463109e+00   2.5575842e+00   1.7806454e+00   1.5322598e+00   1.0025491e+00   1.3429464e+00   1.2465712e+00   1.5296709e+00   1.5061286e+00   1.0210259e+00   7.6364847e-01   4.0903532e-01   3.9728329e-01   2.4484821e-01
   3.1331575e+00   2.6705102e+00   1.3720038e+00   2.2827179e+00   1.9475411e+00   1.0840639e+00   7.5429889e-01   1.3843390e+00   1.3403714e+00   8.8466144e-01   1.4707402e+00   1.4107143e+00   9.2242717e-01   6.6119802e-01   5.7471806e-01   3.4014184e-01
   3.4648765e+00   2.2712186e+00   1.6307059e+00   2.7683462e+00   1.9849945e+00   1.2209073e+00   7.5606926e-01   1.4808038e+00   1.1855560e+00   1.0931144e+00   1.5673799e+00   1.5501836e+00   1.1117870e+00   8.4307968e-01   8.0264362e-01   6.7885022e-01
   3.6313525e+00   1.9573343e+00   1.7006823e+00   2.7205909e+00   1.8347850e+00   1.3529869e+00   1.2501673e+00   1.7794416e+00   1.2955741e+00   9.9676818e-01   1.7637117e+00   1.4210405e+00   1.0734918e+00   6.7013000e-01   6.9367209e-01   9.0754801e-01
   2.9262552e+00   1.9754966e+00   1.5004483e+00   2.5457809e+00   1.8546837e+00   1.4357257e+00   1.4475663e+00   1.5128849e+00   1.2924156e+00   9.2230446e-01   1.6714178e+00   1.3166577e+00   1.1384862e+00   6.8842798e-01   7.2437342e-01   6.8307251e-01
   2.6756815e+00   2.1182976e+00   1.5715317e+00   2.5030097e+00   1.7392209e+00   1.3496009e+00   1.2664716e+00   1.5591233e+00   1.3764608e+00   1.0909871e+00   1.6389955e+00   1.6373394e+00   1.1672676e+00   1.0404004e+00   9.0378785e-01   8.5857833e-01
   3.0314464e+00   1.8359844e+00   1.3392082e+00   2.1265860e+00   1.5583625e+00   1.1225161e+00   1.1448832e+00   1.3773655e+00   9.4891804e-01   1.1564088e+00   1.3342556e+00   1.4450233e+00   1.2249490e+00   7.7595998e-01   7.6335477e-01   8.4159026e-01
   3.0825010e+00   2.1941731e+00   1.9917344e+00   2.8114566e+00   1.9269892e+00   1.2826292e+00   1.4599039e+00   1.3652394e+00   1.2738508e+00   1.0861401e+00   1.3549044e+00   1.4131224e+00   1.0737705e+00   4.7155786e-01   5.5253523e-01   8.1190629e-01
   2.0319995e+00   1.7773112e+00   1.6901697e+00   2.4188099e+00   1.7841360e+00   1.9463235e+00   1.3751726e+00   1.7580809e+00   1.2734192e+00   1.2614181e+00   1.7627346e+00   1.4251828e+00   1.2159422e+00   7.5276496e-01   6.7505048e-01   8.0521921e-01
   2.3195882e+00   2.2988411e+00   1.2839914e+00   2.2828649e+00   1.7436321e+00   1.9113107e+00   1.2210897e+00   1.3461502e+00   1.3146274e+00   1.1535439e+00   1.2094964e+00   1.4069903e+00   1.0279218e+00   8.4440226e-01   6.8760584e-01   7.0478350e-01
   1.9179817e+00   2.0760721e+00   1.5720254e+00   2.1669170e+00   1.5606818e+00   1.6341061e+00   1.1341518e+00   1.2818651e+00   1.4735021e+00   1.4008245e+00   1.4785611e+00   1.4064060e+00   1.2463889e+00   9.1116743e-01   4.7492971e-01   5.4649521e-01
   2.1645885e+00   1.7847916e+00   1.5396043e+00   2.1720200e+00   1.4176540e+00   1.0016892e+00   8.9700326e-01   1.7115503e+00   1.7507459e+00   1.1274136e+00   1.6590913e+00   1.7293989e+00   1.2253046e+00   8.1303321e-01   7.0718415e-01   4.8133228e-01
   3.1005959e+00   2.0710302e+00   1.6544735e+00   1.9130460e+00   1.3885956e+00   1.3936926e+00   1.0244030e+00   1.4051606e+00   1.4261290e+00   7.4377714e-01   1.2167876e+00   1.6571789e+00   1.1328474e+00   8.0466123e-01   6.0428015e-01   7.2835119e-01
   3.0451227e+00   1.9851923e+00   1.7703099e+00   2.2494875e+00   1.6315742e+00   1.1635850e+00   1.0881531e+00   1.2147413e+00   8.9047294e-01   9.4612706e-01   1.4174962e+00   1.8119052e+00   1.1266345e+00   7.7372691e-01   6.5020886e-01   5.0925620e-01
   2.8500646e+00   2.2770991e+00   1.7375631e+00   2.1277769e+00   1.5799102e+00   1.3238521e+00   1.2329027e+00   1.2359743e+00   1.1843456e+00   9.4699931e-01   1.4904839e+00   1.8898262e+00   1.0556306e+00   6.8710698e-01   7.8455266e-01   5.0914525e-01
   3.0773278e+00   2.1149191e+00   1.5860580e+00   1.2806769e+00   8.7311097e-01   1.1867294e+00   1.4444618e+00   1.6180049e+00   1.3000561e+00   1.3891795e+00   1.4361086e+00   2.0905799e+00   1.1830015e+00   7.3195117e-01   7.6643440e-01   5.5303494e-01
   3.3381857e+00   2.1180879e+00   2.0591603e+00   1.9578481e+00   1.2611748e+00   1.0018789e+00   1.5336752e+00   1.6083086e+00   1.6201329e+00   1.3499257e+00   1.4117041e+00   2.0023123e+00   1.2879309e+00   8.4685311e-01   1.0956106e+00   9.0946971e-01
   2.7974644e+00   1.8024805e+00   1.4768875e+00   1.7998578e+00   1.2161548e+00   1.2842624e+00   1.2690294e+00   1.4536113e+00   1.1928469e+00   9.3279319e-01   1.4977260e+00   1.8356404e+00   1.3548071e+00   6.6039793e-01   1.0820907e+00   1.0605093e+00
   2.9511884e+00   1.9215253e+00   1.6908941e+00   1.9634671e+00   1.3106178e+00   1.6347357e+00   1.3638080e+00   1.6819595e+00   1.5498144e+00   1.1424624e+00   8.5571886e-01   1.4743355e+00   1.2356467e+00   8.1718032e-01   1.0635880e+00   6.1719821e-01
   2.3054013e+00   1.5548451e+00   1.6680808e+00   1.7038302e+00   1.6907586e+00   1.0543147e+00   1.6015994e+00   1.7213480e+00   1.5877180e+00   1.0856860e+00   1.2456602e+00   1.8772361e+00   1.6312503e+00   7.7043983e-01   1.2221591e+00   1.0574606e+00
   2.3659074e+00   1.9328798e+00   1.6296371e+00   1.9282469e+00   1.4369628e+00   1.1209440e+00   9.2926489e-01   1.6309392e+00   1.5449950e+00   9.6270414e-01   9.9203981e-01   1.5549463e+00   1.5872200e+00   5.2237369e-01   1.1027686e+00   1.0664957e+00
   2.4419196e+00   2.0268310e+00   1.7595523e+00   1.7055158e+00   1.4255334e+00   1.7176355e+00   9.4693561e-01   1.5005642e+00   1.5119197e+00   1.0023787e+00   9.4290245e-01   1.2476544e+00   1.4594581e+00   7.9640516e-01   1.1117607e+00   1.1387738e+00
   2.1317511e+00   1.6870635e+00   1.4779101e+00   1.8909369e+00   1.5398775e+00   1.2924962e+00   1.3570583e+00   1.2527373e+00   1.0140113e+00   1.0934983e+00   1.0960919e+00   1.5186097e+00   1.4103248e+00   8.9712284e-01   1.1541824e+00   1.0955494e+00
   2.3906281e+00   1.6860097e+00   1.8396914e+00   1.7838615e+00   1.5999093e+00   1.3738582e+00   1.2365295e+00   1.6094248e+00   1.5104939e+00   1.3693324e+00   1.1517509e+00   1.4904042e+00   1.2012702e+00   9.9663847e-01   1.0908199e+00   8.6796846e-01
   2.5770715e+00   2.1177911e+00   1.9072817e+00   1.7379339e+00   1.2757617e+00   1.3130867e+00   1.3808264e+00   1.6003498e+00   1.4676854e+00   1.0133305e+00   1.0948968e+00   1.7969100e+00   1.2231217e+00   7.1845225e-01   9.8564336e-01   5.8738101e-01
   2.3984948e+00   1.9384309e+00   2.0922007e+00   1.6427499e+00   1.2495881e+00   9.7620831e-01   1.3620707e+00   1.7515016e+00   1.4250442e+00   1.3819103e+00   7.7284597e-01   1.6856907e+00   1.3453397e+00   7.3095645e-01   9.3828763e-01   1.0908384e+00
   2.0513678e+00   1.6855812e+00   2.1334110e+00   1.3065203e+00   8.5312025e-01   5.7692201e-01   9.2567340e-01   1.1481573e+00   1.2396235e+00   1.2576091e+00   1.0685895e+00   1.0807647e+00   9.7567213e-01   8.3559778e-01   7.6398663e-01   8.5460171e-01
   2.6946424e+00   1.8918195e+00   1.9609678e+00   1.3998337e+00   1.8390877e+00   1.3359715e+00   1.1079685e+00   1.6251242e+00   1.4398795e+00   1.3607937e+00   1.5524213e+00   1.2159148e+00   9.3368253e-01   7.4924466e-01   6.3644511e-01   6.8825909e-01
   3.1224092e+00   2.4006029e+00   2.1736354e+00   1.3305431e+00   1.2046415e+00   1.6952729e+00   1.3607250e+00   1.4150535e+00   1.4316164e+00   5.4108714e-01   9.5937068e-01   8.5420115e-01   6.4357296e-01   5.5321179e-01   3.9703874e-01   3.9666697e-01
   3.0727525e+00   2.0437494e+00   1.3542853e+00   1.4226914e+00   1.2094340e+00   1.4561981e+00   1.1029163e+00   1.6061403e+00   1.4493668e+00   8.7759148e-01   7.4105139e-01   7.4248880e-01   3.6180259e-01   4.4291396e-01   5.7306737e-01   2.9564020e-01
   3.0771886e+00   1.6574591e+00   1.3094426e+00   1.3732887e+00   1.4394704e+00   1.3314819e+00   1.0342967e+00   1.2560507e+00   1.4921112e+00   1.2908843e+00   1.1657621e+00   8.0996000e-01   4.3223422e-01   5.7725683e-01   5.7140220e-01   3.3037395e-01
   3.0879474e+00   1.8652424e+00   1.5384678e+00   1.7856741e+00   1.0718436e+00   1.3849100e+00   1.0313018e+00   1.6024940e+00   1.7064087e+00   1.3589633e+00   1.0651569e+00   9.3106461e-01   5.0753251e-01   3.9376867e-01   7.3730842e-01   4.1503417e-01
   2.4466242e+00   1.5245211e+00   1.3339256e+00   1.6930254e+00   7.8538654e-01   9.8693135e-01   1.3419252e+00   1.5413073e+00   1.4919611e+00   1.2484456e+00   7.8310063e-01   6.3130292e-01   8.5108665e-02   2.6064787e-01   3.3318759e-01   1.2226727e-01
   1.7924800e+00   1.7118425e+00   9.9184832e-01   1.2733308e+00   9.2508831e-01   7.5169635e-01   6.2064653e-01   1.5451982e+00   1.2772059e+00   1.1594158e+00   8.0711782e-01   4.8098541e-01   1.9833911e-01   2.8855229e-01   5.3741746e-01   3.7068397e-01
   3.1403306e+00   1.7571091e+00   6.5457949e-01   1.2277650e+00   1.5460678e+00   1.3142425e+00   1.1531874e+00   1.3491235e+00   8.1692130e-01   8.1050712e-01   1.0846003e+00   7.0808834e-01   6.6667357e-02   1.1831897e-01   1.4115324e-01  -1.5571161e-02
   3.2609811e+00   1.6765813e+00   1.3627121e+00   1.6899201e+00   1.1236640e+00   1.6728160e+00   1.2365241e+00   1.4703187e+00   1.2268458e+00   9.7385551e-01   7.9913426e-01   6.3931761e-01   1.5629081e-01   1.7094357e-01   4.4115487e-01   9.6644153e-02
   2.3315786e+00   1.7392859e+00   1.0060598e+00   1.3877641e+00   1.2785639e+00   1.7785876e+00   1.2705013e+00   1.8039512e+00   1.7169009e+00   1.2273034e+00   8.0143346e-01   7.5963933e-01   5.2536666e-01   4.6146674e-01   6.6541425e-01   3.5180719e-01
   2.5919396e+00   1.3256996e+00   1.3161044e+00   1.8125902e+00   1.2177339e+00   1.3106293e+00   1.3282257e+00   1.5848452e+00   1.0059586e+00   1.0271695e+00   7.2416605e-01   7.0433210e-01   1.9443275e-01   2.9566706e-01   4.2129037e-01   3.0271015e-01
   3.0733236e+00   1.4837655e+00   1.2891425e+00   1.3521123e+00   6.6314290e-01   8.8625406e-01   1.1186288e+00   1.2264063e+00   1.1132029e+00   8.1367501e-01   8.7346504e-01   7.2415088e-01   7.3078280e-02   7.9270229e-02   2.8835307e-01   1.3087015e-01
   2.9716978e+00   2.1942869e+00   1.4918521e+00   1.4090446e+00   1.0998183e+00   1.3432928e+00   1.2390515e+00   1.4527694e+00   1.3290225e+00   1.3226249e+00   1.1373884e+00   4.6724145e-01   3.1071931e-01   1.0339482e-01   9.9668490e-02  -5.1847493e-02
   2.7383758e+00   1.6083141e+00   1.6114154e+00   1.9617367e+00   1.0594582e+00   1.4446798e+00   1.2005298e+00   1.2394431e+00   1.1260354e+00   1.2446377e+00   1.0726101e+00   3.3903033e-01   1.9539388e-01   8.5626388e-02   1.2277978e-01   2.6982318e-01
   3.2215596e+00   1.3913034e+00   6.0485928e-01   9.6669171e-01   9.9283533e-01   1.5724990e+00   1.0700533e+00   1.1475185e+00   1.2147084e+00   1.0712361e+00   8.9164159e-01   6.1668627e-01   3.5781078e-01   7.5151964e-02  -4.1412356e-02  -2.7236382e-02
   2.4232572e+00   1.7155065e+00   1.1209272e+00   1.4736745e+00   1.1590772e+00   1.2456357e+00   8.0098082e-01   1.3150146e+00   1.1720298e+00   1.0690506e+00   7.6813654e-01   7.3771761e-01   5.2292879e-01   1.9687737e-01   1.5922176e-01   6.3079491e-02
   2.4238491e+00   1.7978655e+00   1.0475969e+00   1.5390904e+00   6.9518175e-01   8.8341402e-01   9.0140650e-01   1.6384083e+00   1.2941995e+00   6.2618803e-01   1.1418331e+00   8.6142570e-01   4.1641860e-01   1.9620007e-01   3.6787594e-01   1.9016570e-01
   3.1317556e+00   2.1267094e+00   1.5943320e+00   1.8392487e+00   1.0910636e+00   7.4069327e-01   5.8345176e-01   1.6812646e+00   1.4787834e+00   8.9247394e-01   9.1411903e-01   8.3425549e-01   2.1811309e-01   2.2035967e-01  -4.7048519e-02  -2.0865109e-01
   2.6519910e+00   1.7967726e+00   1.4968392e+00   1.6941154e+00   1.7182480e+00   1.5585647e+00   1.2392220e+00   1.4401345e+00   1.3221699e+00   1.0780961e+00   8.7155598e-01   5.9338174e-01   2.4293717e-01  -4.1806213e-02   1.3202195e-01  -1.3865130e-01
   3.0967383e+00   1.9382266e+00   1.3417948e+00   1.2632813e+00   1.6631680e+00   1.5736404e+00   1.0159902e+00   1.6300287e+00   1.2643774e+00   1.0786745e+00   9.6537511e-01   8.2763271e-01   1.8097796e-01   2.4673658e-01   4.5270217e-01  -6.9669090e-02
   2.7924927e+00   1.8798384e+00   1.1601575e+00   1.1997600e+00   1.0668943e+00   1.1961181e+00   1.3477152e+00   1.2183553e+00   1.1663890e+00   9.8211703e-01   1.0413206e+00   6.2425904e-01   3.6787048e-01   4.8323153e-01   3.3927867e-01   2.1612209e-01
   2.2114856e+00   1.9511646e+00   1.5639973e+00   2.0341628e+00   1.0925443e+00   1.4940023e+00   1.1136703e+00   1.7411654e+00   1.5189631e+00   1.1358598e+00   9.5272579e-01   7.1977483e-01   3.5689777e-01   4.0594147e-01   3.8174712e-01   8.6487309e-02
   3.0006078e+00   1.8207686e+00   1.2471310e+00   1.8942234e+00   1.3488324e+00   9.9069365e-01   8.9291390e-01   1.4420617e+00   1.3136053e+00   1.2481665e+00   7.2885650e-01   6.3233233e-01   6.0538846e-01   4.4673446e-01   1.4050059e-01  -1.2101607e-01
   3.5418355e+00   2.1581094e+00   1.8229000e+00   1.8517317e+00   1.2458814e+00   1.2925741e+00   7.3992973e-01   1.2949510e+00   1.2864237e+00   1.0980442e+00   1.1066913e+00   5.4279118e-01   1.7795640e-01   2.7365592e-01   5.2383482e-01   8.8192870e-02
   3.3630295e+00   1.8120638e+00   1.1888086e+00   1.1993724e+00   1.3503751e+00   1.3521850e+00   1.1754147e+00   1.2288062e+00   1.2894024e+00   9.0811938e-01   8.9627086e-01   6.9118712e-01   1.9630662e-01   1.9447383e-01   3.2774546e-01   2.8603226e-01
   3.4123335e+00   1.0512684e+00   1.6058246e+00   1.7349964e+00   1.4296635e+00   8.6724927e-01   7.8978165e-01   1.1621545e+00   1.1556086e+00   7.9588673e-01   4.9037251e-01   8.1414684e-01   4.6629703e-01   5.5438176e-01   3.3592790e-01   2.2496388e-01
   3.7857728e+00   1.5852132e+00   5.9816533e-01   1.5122651e+00   1.2202828e+00   8.3317101e-01   9.6035981e-01   1.2352419e+00   1.4584989e+00   7.6666341e-01   6.1914067e-01   7.3156535e-01   6.4908610e-02   1.3360991e-01   4.5332132e-02   1.7339299e-01
   3.5501655e+00   1.4692345e+00   8.9945700e-01   1.5803721e+00   8.7110799e-01   1.7238696e+00   1.0620141e+00   1.2803879e+00   1.4797685e+00   7.7809794e-01   9.2120415e-01   6.3722899e-01   1.0557539e-01  -5.7695193e-02   4.3474021e-01   2.1895704e-01
   2.8992385e+00   1.6382528e+00   1.4425850e+00   1.5935243e+00   1.1369470e+00   1.2918994e+00   9.5067400e-01   1.2757960e+00   1.5114908e+00   1.0015150e+00   8.3387883e-01   6.5202001e-01   3.6937003e-01   3.6425964e-02   1.9884601e-01   1.6366933e-01
   2.9431726e+00   1.7836369e+00   1.3950162e+00   1.6644293e+00   1.4164830e+00   1.3024203e+00   8.8109339e-01   1.1281236e+00   1.4264045e+00   1.4032973e+00   9.3928867e-01   6.0240728e-01   2.3321044e-01   7.5650716e-03   5.3792602e-02  -2.3567333e-02
