   2.2442588e+00   1.6254230e+00   1.0171724e+00   1.5619753e+00   1.2013931e+00   1.0376868e+00   8.3870491e-01   6.7804459e-01   7.2790534e-01   3.8790304e-01   2.4647801e-01   3.9852130e-01   2.1903228e-01   9.6922451e-02   1.0035100e-01   2.3283981e-01
   1.4828182e+00   1.6573454e+00   1.0126346e+00   1.2570755e+00   1.0332697e+00   1.3472419e+00   1.0872409e+00   9.6412432e-01   7.0753933e-01   3.9772735e-01   7.6391644e-01   9.1118065e-01   3.0019151e-01   2.5529928e-01   4.4841841e-01   4.4515710e-01
   1.7992736e+00   1.7519421e+00   1.2702515e+00   1.2660841e+00   1.3587110e+00   1.1482662e+00   8.1462412e-01   9.3399087e-01   8.7501283e-01   5.2339728e-01   1.0521261e+00   4.6149505e-01   4.7761172e-01   4.2445921e-01   8.1495803e-01   4.8260581e-01
   2.0985044e+00   1.8409245e+00   1.5425034e+00   9.8791609e-01   6.2773357e-01   8.5633561e-01   4.3714253e-01   6.3962206e-01   1.0270271e+00   7.5137541e-01   1.0651361e+00   9.8397489e-01   4.1361671e-01   5.8119653e-01   6.4519633e-01   4.0102751e-01
   2.9066526e+00   2.0527662e+00   8.5865108e-01   9.4396881e-01   7.5800334e-01   1.0224850e+00   9.8058207e-01   7.9836492e-01   7.8623773e-01   4.5209746e-01   3.4175383e-01   6.4795103e-01   4.0034532e-01   6.1887124e-01   5.0848188e-01   1.3982151e-01
   2.5070215e+00   2.0194875e+00   1.2163854e+00   1.2925382e+00   1.0647898e+00   1.3636780e+00   1.1257309e+00   5.9578371e-01   5.7210633e-01   6.5633196e-01   6.5239511e-01   5.4191653e-01   2.1336075e-01   4.1922995e-01   3.7980081e-01   1.9432561e-01
   2.2203102e+00   1.7620434e+00   9.8608181e-01   1.2462469e+00   1.0535064e+00   8.2826474e-01   7.3115011e-01   5.0355829e-01   2.5355250e-01   5.0534237e-01   4.0885779e-01   5.7746011e-01   4.9720982e-01   3.0355467e-01   5.3949758e-01   4.6844912e-01
   1.8742578e+00   2.1856407e+00   1.1148751e+00   1.1429826e+00   1.2861491e+00   1.1329279e+00   8.5272537e-01   8.8437178e-01   7.7492071e-01   2.8289433e-01   8.6047443e-01   1.9723630e-01   3.4419017e-01   4.1825863e-01   6.0691484e-01   4.1172495e-01
   1.6621140e+00   1.4659717e+00   1.0053411e+00   1.3787278e+00   1.3284991e+00   1.1984172e+00   7.4928432e-01   8.1229198e-01   7.5611892e-01   3.2342833e-01   8.7068847e-01   5.6269060e-01   5.5586297e-01   2.4797870e-01   5.4491970e-01   8.8700273e-01
   2.5874957e+00   1.4287921e+00   7.1197383e-01   1.1672172e+00   1.0735530e+00   1.2989432e+00   8.3498789e-01   4.8749906e-01   6.3713838e-01   3.0921849e-01   3.9373190e-01   5.0921456e-01   5.7767596e-02  -9.1915339e-03   1.2707476e-01   4.0632855e-01
   2.7297479e+00   1.6089110e+00   1.2472985e+00   1.0244962e+00   1.0606488e+00   1.0847758e+00   2.4634739e-01   3.6409891e-01   6.8636763e-01   4.9960643e-01   3.7075679e-01   8.3662987e-01   2.6709990e-01   4.8690595e-01   4.7062420e-01   6.6354542e-01
   2.2305002e+00   2.2792152e+00   1.1512556e+00   8.7704255e-01   7.8713848e-01   1.1187845e+00   3.4275549e-01   6.0383804e-01   4.3954400e-01   6.3633630e-01   5.9325758e-01   7.4834898e-01   2.5090824e-02   1.8828344e-01   3.0142577e-01   4.3797470e-01
   2.0769610e+00   1.8749678e+00   1.0382306e+00   1.0460927e+00   1.1927880e+00   1.1215428e+00   5.9336679e-01   5.9454307e-01   6.5427667e-01   3.7578300e-01   5.2999524e-01   2.6780421e-01   5.3200046e-01   1.7598632e-01   4.3343320e-01   2.8855742e-01
   2.1648641e+00   1.4633011e+00   8.3329933e-01   1.2426861e+00   1.2228225e+00   1.1957895e+00   3.4395940e-01   7.9302375e-01   5.8558895e-01   3.6836273e-01   4.0438984e-01   1.3632734e-02   1.3327922e-01   6.2368472e-02   2.9406605e-01   1.1462763e-01
   2.8165651e+00   1.7467799e+00   1.0261333e+00   1.2542204e+00   1.3479461e+00   1.2152886e+00   4.8228683e-01   2.4077973e-01   5.4425225e-01   1.5006171e-01   3.0737962e-01   5.6625538e-01   2.5227003e-01   1.1525318e-02   8.4614645e-02   7.6334043e-02
   2.2064187e+00   1.6999209e+00   1.2413113e+00   1.4357954e+00   1.0664263e+00   1.2997443e+00   6.7956799e-01   4.1295628e-01   5.8884851e-01   4.7326803e-01   3.7561338e-01   5.1220884e-01   2.9561888e-01   3.9814973e-01   4.5091548e-01   6.9980216e-01
   2.0460712e+00   2.1109783e+00   1.6670571e+00   1.1099574e+00   1.0582039e+00   1.0869653e+00   8.0045450e-01   4.5016092e-01   4.8155640e-01   3.6897217e-01   3.1704971e-01   3.1653596e-02  -1.0691030e-01   1.1137136e-02   1.4565841e-01   5.6559245e-02
   2.0842188e+00   1.3025633e+00   1.0281797e+00   1.2435753e+00   1.0594417e+00   1.5078856e+00   1.1381285e+00   6.8584382e-01   5.5862687e-01   4.4139161e-01   4.3099840e-01   1.7511237e-01  -6.7541268e-02   8.7942725e-02   1.2002787e-01   1.3050388e-02
   2.6558505e+00   1.5220065e+00   1.3912993e+00   1.3512466e+00   1.1187872e+00   1.0473665e+00   3.5911358e-01   7.2910364e-01   5.2899583e-01   3.0768415e-01   1.2221074e-01   3.0512362e-02  -1.4346078e-01   7.2532425e-02   2.4998920e-01   1.0666666e-01
   2.2008764e+00   1.9041049e+00   9.4987575e-01   1.2107518e+00   1.0070277e+00   8.3452220e-01   1.9135098e-01   3.3849130e-01   9.0136198e-01   1.1504769e-01   1.8629594e-01   1.2415306e-01  -3.6033155e-01  -2.3911111e-01   3.8964808e-01   8.8900130e-02
   2.0518165e+00   1.4410828e+00   9.3599174e-01   7.4711466e-01   7.3084239e-01   1.0908366e+00   5.0256406e-01   4.6666434e-01   7.6064981e-01   5.8060137e-01   6.2074016e-01   1.1369114e-01  -1.8659665e-01  -2.9117084e-01   3.2530507e-01   1.7363780e-01
   1.7383603e+00   1.8534254e+00   1.4550336e+00   1.2484813e+00   1.3549045e+00   1.2945435e+00   8.1940625e-01   7.0697115e-01   4.4027673e-01   6.0683256e-01   8.5641993e-01   1.1540888e-01  -4.6645487e-02  -6.8353148e-02   1.7463997e-01   9.4536380e-02
   1.9358993e+00   1.0018132e+00   1.0502994e+00   1.1914513e+00   9.8336190e-01   1.2672413e+00   5.5810825e-01   5.6336723e-01   4.4449164e-01   3.2723136e-01   6.8962834e-01   6.8061477e-01   3.0045767e-01   1.3706707e-01   4.2255223e-01   2.0639924e-01
   1.4412536e+00   7.0062829e-01   7.3677097e-01   7.7307399e-01   6.8970975e-01   8.9666041e-01   1.0752698e+00   9.5482384e-01   2.5268218e-01   3.2390827e-01   3.7634601e-01   4.4817810e-01   3.0910728e-02   1.3447531e-01   1.9300809e-01   7.3041562e-02
   1.9101737e+00   1.3868849e+00   9.0442248e-01   7.7878783e-01   7.8497755e-01   9.6700060e-01   7.2960007e-01   6.3123890e-01   2.9044168e-01   3.0603212e-01   2.5474895e-01  -3.3898908e-02  -1.3328649e-01   6.5966053e-02   1.6015663e-01  -6.9926390e-02
   2.1484512e+00   1.6913497e+00   8.6212670e-01   8.5907237e-01   8.5608697e-01   9.0326734e-01   4.2607876e-01   7.8309522e-01   4.7432456e-01   6.6293600e-01   2.0188866e-01  -2.2338111e-01  -2.3857154e-01   6.0163269e-02  -9.5515902e-02   2.2763164e-01
   1.8152436e+00   1.1320402e+00   8.8387493e-01   1.5351979e+00   1.3318286e+00   1.0422502e+00   2.0894938e-01   6.2737103e-01   4.7874954e-02   1.7744820e-01   3.8077220e-01   9.3261338e-02   3.7277922e-01   1.4439854e+00   8.1932075e-01   5.1458407e-01
   2.1008773e+00   1.5040288e+00   8.6867845e-01   1.5104463e+00   1.0459182e+00   7.0899119e-01   7.5234589e-01   5.7626326e-01   2.7856631e-01   2.7524126e-01   3.2850973e-01   4.2197266e-01   9.2256544e-01   1.7193411e+00   1.5185793e+00   1.1633237e+00
   2.1253495e+00   1.5003518e+00   1.2222102e+00   1.6489381e+00   1.2447964e+00   6.5537765e-01   6.5186599e-01   5.2031440e-01   6.2714524e-01   2.8825309e-01   5.9958569e-01   5.6674893e-01   1.3255718e+00   2.0766129e+00   1.9291740e+00   1.4203738e+00
   2.5445249e+00   1.6538675e+00   9.6811783e-01   1.4221268e+00   9.5068692e-01   8.5375084e-01   7.6600387e-01   7.0876958e-01   1.0941642e-01   5.6185040e-02   4.8918513e-01   6.2121385e-01   1.7790499e+00   2.2709145e+00   2.1469362e+00   1.6058150e+00
   2.9177452e+00   1.8058041e+00   1.4055511e+00   1.3577956e+00   1.1613176e+00   9.0420417e-01   6.7290703e-01   6.4435586e-01   5.5078534e-01   2.9509534e-01   5.6542337e-01   6.5226947e-01   1.6898778e+00   2.2019024e+00   1.8166594e+00   1.1944805e+00
   2.0519352e+00   1.9351690e+00   1.4535300e+00   1.6063581e+00   1.1125766e+00   3.7950261e-01   5.1810807e-01   6.2320133e-01   1.1372776e-01   5.5337985e-01   5.1563809e-01   3.7826646e-01   1.4426791e+00   1.2916629e+00   9.0573757e-01   6.7106401e-01
   1.5900524e+00   1.4930201e+00   1.8006196e+00   2.0556736e+00   1.4027098e+00   1.0341167e+00   6.1683885e-01   6.4369599e-01   4.3843500e-01   3.8031667e-01   9.2736036e-01   1.2667822e+00   1.0005423e+00   1.1226496e+00   4.9183630e-01   2.2394467e-01
   7.7599465e-01   1.4202656e+00   1.3515467e+00   2.2294695e+00   1.0483315e+00   9.4679523e-01   5.6092171e-01   2.6089109e-01   3.2944125e-01   2.9477173e-01   7.7319176e-01   1.5589075e+00   1.4520044e+00   1.5417022e+00   9.9307673e-01   3.0692438e-01
   2.1209092e+00   9.6239905e-01   8.0108504e-01   2.2268293e+00   1.0373007e+00   4.1278505e-01   4.7620939e-01   6.6911606e-01   8.6608595e-01   4.0753647e-01   1.1643336e+00   2.0757838e+00   2.1049478e+00   2.1809595e+00   1.7608872e+00   5.1153843e-01
   2.5285963e+00   2.2574127e+00   1.5380174e+00   2.3479199e+00   1.3353687e+00   9.8275728e-01   6.6022061e-01   5.8883757e-01   3.0437840e-01   7.1421433e-01   1.2931015e+00   2.3106194e+00   2.3332429e+00   2.4284220e+00   2.1886208e+00   4.4528958e-01
   2.6714670e+00   2.0958832e+00   1.5679547e+00   2.1505126e+00   1.1634425e+00   1.1999644e+00   8.8623198e-01   7.8777831e-01   3.9811867e-01   3.8880005e-01   1.1198845e+00   2.0457118e+00   2.2640698e+00   2.6281569e+00   2.4804679e+00   1.3988130e-01
   2.2767200e+00   1.8543006e+00   1.6898217e+00   2.1341748e+00   1.0777676e+00   1.2650534e+00   6.7276167e-01   6.1924826e-01   7.0602216e-01   8.7895410e-01   9.9669316e-01   1.8765298e+00   2.4344625e+00   2.9579430e+00   2.8784406e+00   7.7132122e-01
   2.6582370e+00   2.0877701e+00   1.4046685e+00   2.1266416e+00   9.1978237e-01   7.7747709e-01   7.2444736e-01   7.7345731e-01   7.8094036e-01   5.6434106e-01   1.4126124e+00   2.1270710e+00   2.4959270e+00   2.9532238e+00   2.9159719e+00   4.6505109e-01
   2.8664435e+00   2.0700202e+00   1.9564587e+00   2.4614217e+00   1.1500359e+00   1.0791474e+00   3.9769457e-01   6.9416138e-01   7.7511122e-01   4.1287758e-01   1.1602137e+00   2.2378334e+00   2.4105459e+00   2.9025168e+00   2.8756575e+00   4.7239004e-01
   2.8432837e+00   2.2127726e+00   1.7500486e+00   2.4558089e+00   1.5723391e+00   9.0488920e-01   3.5899289e-01   6.7774817e-01   6.2026033e-01   1.2948064e-01   1.1880256e+00   2.2320787e+00   2.4164177e+00   2.9291403e+00   2.9282740e+00   5.9536111e-01
   2.8312201e+00   1.5336025e+00   1.5829425e+00   2.2095111e+00   1.0410860e+00   1.3056525e+00   1.0677717e+00   7.9735264e-01   8.8508296e-01   4.8707706e-01   1.0182985e+00   2.0491416e+00   2.3752395e+00   2.9217870e+00   2.9540389e+00   6.8779139e-01
   2.3561884e+00   1.9066063e+00   1.8217013e+00   2.4519052e+00   6.1371814e-01   1.3790391e+00   7.8186655e-01   6.7376390e-01   7.1138069e-01   5.8532727e-01   1.3375293e+00   2.0509156e+00   2.5518456e+00   2.9456221e+00   3.0542006e+00   9.8569325e-01
   1.9626303e+00   1.9734491e+00   1.9141329e+00   2.4674715e+00   1.0404613e+00   1.1934594e+00   1.1701999e+00   8.5610110e-01   5.1514290e-01   7.0203676e-01   1.1551331e+00   2.1290275e+00   2.4325496e+00   2.9031781e+00   2.9384874e+00   6.7203471e-01
   2.5365397e+00   1.6548481e+00   2.0121198e+00   2.6743755e+00   1.1641364e+00   1.3106565e+00   9.0784981e-01   7.2538488e-01   2.7487666e-01   3.8736786e-01   1.0108602e+00   2.1651517e+00   2.3800435e+00   2.8267031e+00   2.8599996e+00   5.7366527e-01
   1.9872226e+00   1.1586899e+00   1.9147922e+00   2.5874109e+00   1.0308385e+00   1.2241194e+00   1.0138010e+00   3.2287945e-01   7.7268881e-01   8.8286667e-01   1.2070897e+00   2.3340485e+00   2.3792250e+00   2.6625080e+00   2.6826101e+00   6.0714094e-01
   2.7478968e+00   1.7431353e+00   1.9576757e+00   2.7543483e+00   1.4102652e+00   1.2096653e+00   8.0008910e-01   5.1404570e-01   4.6041452e-01   9.7296428e-01   1.4148542e+00   2.6805985e+00   2.6042792e+00   2.4838081e+00   2.5264077e+00   7.5716934e-01
   2.9088711e+00   2.0408143e+00   2.0298058e+00   2.6760264e+00   1.3399911e+00   1.1608700e+00   3.3667662e-01   6.0598699e-01   6.9746451e-01   7.9367000e-01   1.5911891e+00   2.8676162e+00   2.6994870e+00   2.5825880e+00   2.7153466e+00   6.3645038e-01
   2.0792843e+00   1.5236637e+00   2.2697755e+00   2.6155767e+00   9.0731708e-01   1.2596269e+00   8.3613835e-01   6.9551733e-01   9.2844643e-01   7.1384868e-01   1.3876435e+00   2.8847553e+00   2.6119313e+00   2.5761317e+00   2.7830298e+00   8.0805209e-01
   2.4267196e+00   2.0200033e+00   2.2353453e+00   2.7371756e+00   1.2614600e+00   9.2418232e-01   8.4125927e-01   7.3020360e-01   6.7697717e-01   5.7471592e-01   1.5035816e+00   2.7931884e+00   2.4552159e+00   2.6202944e+00   2.8583933e+00   7.5185739e-01
   2.2944826e+00   1.8808141e+00   2.1152719e+00   2.5493362e+00   1.2783718e+00   1.1859430e+00   5.6252000e-01   9.6575036e-01   7.8994606e-01   7.5873121e-01   1.2851204e+00   2.7602341e+00   2.4750264e+00   2.7282725e+00   2.9560797e+00   6.7584969e-01
   1.3492757e+00   1.7288759e+00   2.3215957e+00   2.6763787e+00   9.8066866e-01   1.3532862e+00   8.9473067e-01   1.2739834e+00   7.9217137e-01   1.0875763e+00   1.8448273e+00   2.9266284e+00   2.6491620e+00   2.7269434e+00   2.9520064e+00   8.3455988e-01
   1.8465999e+00   2.1271323e+00   2.3154593e+00   2.8181880e+00   1.2271469e+00   1.1907425e+00   9.7137176e-01   1.0800745e+00   1.1033131e+00   8.6693272e-01   1.8453572e+00   3.0730540e+00   2.7802241e+00   2.6820468e+00   2.7875858e+00   8.9523469e-01
   2.4383792e+00   2.4703120e+00   2.3106752e+00   2.7883254e+00   1.4221374e+00   1.2400740e+00   7.2986062e-01   6.6788452e-01   1.0626226e+00   6.0457189e-01   1.5584239e+00   3.0465906e+00   2.8284864e+00   2.5510646e+00   2.6792356e+00   8.7666425e-01
   2.2893374e+00   1.9591069e+00   2.3503449e+00   2.7469531e+00   1.1776953e+00   1.4745702e+00   7.2089440e-01   5.9238296e-01   8.8347679e-01   8.2899954e-01   1.7119290e+00   3.1167462e+00   2.8888706e+00   2.5245149e+00   2.5977665e+00   8.5965327e-01
   2.5521689e+00   1.9909201e+00   2.2343002e+00   2.5291777e+00   6.9802001e-01   1.1213267e+00   8.5442278e-01   6.2932003e-01   7.8018914e-01   7.1737269e-01   1.7856193e+00   2.9906129e+00   2.8380147e+00   2.4102701e+00   2.4070188e+00   4.0372131e-01
   2.2822342e+00   1.7248976e+00   2.0937785e+00   2.6713252e+00   1.0390115e+00   6.8219297e-01   6.1807653e-01   5.1669663e-01   1.0938024e+00   1.1239492e+00   1.7026632e+00   2.5170290e+00   2.4195969e+00   2.1590342e+00   2.1953315e+00   7.1251716e-01
   2.2102518e+00   1.7415623e+00   1.9877014e+00   2.9024391e+00   1.0273939e+00   1.0666745e+00   1.0090107e+00   7.4868506e-01   7.9945883e-01   6.6000159e-01   1.3034636e+00   1.9146781e+00   2.0489256e+00   1.5304422e+00   1.4072760e+00   8.2170529e-01
   2.7489825e+00   2.0009254e+00   1.8242947e+00   3.0557457e+00   1.4844528e+00   1.4932192e+00   1.3650832e+00   1.1566932e+00   1.1649046e+00   7.7763148e-01   1.2095409e+00   1.7975526e+00   1.3246521e+00   1.1732114e+00   1.5211481e+00   9.2716298e-01
   2.2587236e+00   1.5299562e+00   1.6708533e+00   3.1077861e+00   1.2941244e+00   9.2281567e-01   6.7677060e-01   6.5853250e-01   6.0850508e-01   4.7708909e-01   9.1853673e-01   1.2695159e+00   9.5074637e-01   1.1303434e+00   1.4056320e+00   4.0592475e-01
   2.4863998e+00   2.1932300e+00   1.7057463e+00   3.0076351e+00   1.5129573e+00   1.2446820e+00   7.1421537e-01   9.7347833e-01   9.9998213e-01   9.0517576e-01   1.0230751e+00   1.1765976e+00   9.1366807e-01   6.2606926e-01   9.3022885e-01   6.4557042e-01
   2.1476609e+00   2.0946761e+00   1.0666751e+00   2.7325255e+00   1.7118911e+00   1.1749776e+00   7.3829943e-01   1.0203279e+00   8.7533849e-01   5.8194618e-01   1.2783301e+00   1.4212702e+00   1.0085710e+00   6.3019520e-01   8.2734551e-01   5.4480718e-01
   1.7983613e+00   1.4674737e+00   8.3230610e-01   2.3743969e+00   1.5709759e+00   9.6968700e-01   4.6721462e-01   4.3989796e-01   9.2055609e-01   5.4569683e-01   1.0802668e+00   1.0470556e+00   7.7478758e-01   3.1986748e-01   7.1342398e-01   5.5956884e-01
   1.8921787e+00   1.6419102e+00   6.5304654e-01   1.5455627e+00   1.3352500e+00   1.3422195e+00   6.2880688e-01   5.0708318e-01   8.5148290e-01   7.5450065e-01   8.9961122e-01   1.0036233e+00   5.1262194e-01   3.1118383e-01   6.5168804e-01   4.3731435e-01
   2.4225790e+00   1.6358972e+00   1.2547711e+00   1.5204658e+00   1.0716571e+00   7.3728474e-01   5.0690505e-01   8.1560675e-01   7.7148386e-01   7.6093176e-01   8.2845194e-01   6.2498532e-01   6.9069076e-01   5.3549205e-01   7.3640131e-01   9.7305952e-01
   3.0128149e+00   2.1077348e+00   1.0318341e+00   1.4359909e+00   8.9043109e-01   1.1926600e+00   7.8264378e-01   6.7069773e-01   3.7654855e-01   4.2949556e-01   7.6289649e-01   5.7999963e-01   7.6128568e-01   2.6844870e-01   4.1525277e-01   7.7034499e-01
   1.8276552e+00   2.0991873e+00   1.2849064e+00   1.3138048e+00   8.9947197e-01   9.9968102e-01   3.4071937e-01   9.4688021e-01   6.7937841e-01   5.0108327e-01   9.2324638e-01   7.1456516e-01   3.8249886e-01   1.7378505e-01   6.8403883e-01   7.2781151e-01
   2.0150263e+00   1.9880589e+00   1.6126237e+00   1.7450934e+00   7.8262980e-01   8.7663446e-01   5.7949432e-01   6.9400870e-01   4.6112283e-01   6.4436468e-01   8.1537326e-01   7.2119498e-01   5.6247142e-01   4.4907126e-01   8.4308793e-01   6.6048319e-01
   1.8652358e+00   1.7909382e+00   1.7237097e+00   1.5848654e+00   1.0400562e+00   1.2149642e+00   1.3087274e+00   9.9326789e-01   2.8059466e-01   7.5803979e-01   9.8738336e-01   8.1340271e-01   6.2759160e-01   2.1731456e-01   6.3599133e-01   6.0438725e-01
   2.4302265e+00   1.2598936e+00   9.2369326e-01   1.5883165e+00   1.4781196e+00   1.1329541e+00   9.1423625e-01   8.5692783e-01   9.7320522e-01   4.3926441e-01   1.0138553e+00   5.6022889e-01   5.7773859e-01   4.6102662e-01   5.8382945e-01   5.8591395e-01
   2.2535213e+00   1.4187641e+00   7.0870297e-01   1.0371441e+00   1.4022308e+00   1.4649320e+00   7.6359394e-01   5.2012193e-01   7.7511173e-01   7.5946038e-01   9.1630801e-01   6.3633838e-01   5.2753849e-01   6.5877164e-01   6.8723550e-01   4.9977681e-01
   2.0135610e+00   1.4228692e+00   7.4050734e-01   1.4386772e+00   9.8475149e-01   1.2334278e+00   1.1128077e+00   1.1949688e+00   1.2248184e+00   1.1274576e+00   7.8696870e-01   9.8606154e-01   9.4052780e-01   5.2691201e-01   9.2726390e-01   9.8926197e-01
   1.8399071e+00   1.4887282e+00   8.5282461e-01   8.8753117e-01   1.2467083e+00   1.1910684e+00   9.9948880e-01   8.4667519e-01   1.0130008e+00   9.0600267e-01   8.5716185e-01   9.4809220e-01   4.5083204e-01   6.0645969e-01   6.8602373e-01   5.9503405e-01
   1.9570633e+00   1.7657042e+00   1.3596938e+00   1.2760847e+00   9.8391375e-01   1.1895270e+00   1.1866276e+00   1.0725934e+00   1.0127928e+00   8.6334295e-01   2.3679161e-01   5.4624575e-01   3.7550559e-01   4.3031614e-01   7.9042883e-01   6.8163455e-01
   1.7155844e+00   1.1740627e+00   6.5800923e-01   7.5809403e-01   1.1896678e+00   1.1282417e+00   8.2317313e-01   8.5466438e-01   9.9747293e-01   8.3935279e-01   5.5802949e-01   6.5629912e-01   2.8425663e-01   2.8427183e-01   4.6128449e-01   1.4836581e-01
   1.6996405e+00   1.3749379e+00   9.2877291e-01   1.1983282e+00   6.7237612e-01   9.0278119e-01   5.1077897e-01   8.2073394e-01   9.6609211e-01   8.0447044e-01   7.1033525e-01   6.9290404e-01   3.9423896e-01   6.2229265e-02   2.8996531e-01   3.9048275e-01
   2.0993830e+00   2.0777247e+00   1.2249170e+00   1.2604190e+00   1.0669046e+00   9.2002415e-01   2.6157199e-01   8.3690410e-01   1.0472231e+00   8.0913618e-01   7.6258339e-01   8.0264008e-01   6.8390998e-01   3.6881140e-01   5.8066192e-01   5.5643209e-01
   2.4096930e+00   1.8366851e+00   1.3607054e+00   1.4494461e+00   1.8087759e-01   6.4841070e-01   4.1842922e-01   3.5327519e-01   7.5520277e-01   2.9921070e-01   4.4835378e-01   8.2111186e-01   5.2327673e-01   3.0946700e-01   5.8960746e-02   2.8151810e-01
   2.2924441e+00   1.6795937e+00   4.5089791e-01   1.0781979e+00   6.7722491e-01   1.1564594e+00   8.9586092e-01   9.1507028e-01   5.1670322e-01  -4.5136150e-02   4.8416541e-01   3.9492397e-01   3.9478567e-01   1.0960247e-01   1.9003218e-01  -6.8399482e-02
   2.3712442e+00   2.1338282e+00   5.0098839e-01   1.2423457e+00   1.2711662e+00   9.1638558e-01   5.4461517e-01   7.6533006e-01   3.7104707e-01   5.5195669e-01   6.1059099e-01   5.5336542e-01   2.2830984e-01   3.7764208e-01   8.5097094e-01   8.7209138e-01
   2.4425971e+00   1.1838111e+00   4.2960535e-01   8.7677819e-01   9.9313853e-01   1.0630606e+00   9.2334672e-01   4.9293238e-01   5.0442657e-01   7.5628728e-01   8.3328588e-01   4.9504025e-01   3.1069139e-01   4.6626293e-01   7.1919531e-01   4.3267789e-01
   1.6374691e+00   1.5905382e+00   1.3103966e+00   1.2261265e+00   1.3097184e+00   1.3449508e+00   8.2380580e-01   4.9807035e-01   4.7854104e-01   6.4235615e-01   9.1324161e-01   5.2436008e-01   2.4461945e-01   1.7177428e-01   4.8725458e-01   4.5437106e-01
