   3.2279720e+00   2.1616493e+00   1.2824915e+00   1.4646741e+00   1.2226019e+00   9.2824668e-01   9.9578148e-01   6.2383248e-01   5.4044377e-01   7.2086894e-01   6.8699132e-01   5.0242375e-01   1.5882416e-01   1.0639990e-01   2.0888901e-01  -5.6539846e-03
   2.3108747e+00   2.0978233e+00   1.4862718e+00   1.5527809e+00   9.3311585e-01   1.3494977e+00   9.0831456e-01   8.6006604e-01   1.1652230e+00   9.4148896e-01   8.0054372e-01   5.1411643e-01   3.2991903e-01   1.0616658e-01   4.0638533e-01   1.3827560e-01
   2.6704408e+00   2.1334496e+00   1.2204631e+00   1.4478313e+00   8.0431459e-01   1.0631041e+00   1.1063539e+00   1.1611097e+00   9.9899584e-01   8.4789574e-01   5.9836851e-01   5.6497173e-01   8.8972425e-02   8.2084575e-02   1.4862208e-01   1.6715806e-01
   2.7477790e+00   1.4584297e+00   9.5676309e-01   1.1130058e+00   1.0039623e+00   1.0641735e+00   9.0857143e-01   8.1296489e-01   8.0267497e-01   7.0223134e-01   7.4786305e-01   7.9038676e-01   2.0075788e-01  -6.8933906e-02   2.3789798e-01   1.9528304e-01
   2.7171838e+00   1.7277190e+00   1.0039314e+00   9.3005425e-01   1.2100115e+00   7.9922582e-01   1.0650544e+00   1.1877623e+00   9.8219859e-01   1.0064767e+00   9.6073830e-01   8.0235866e-01   3.9251899e-01   2.0295789e-01   4.0124916e-01   3.0796083e-01
   2.9767774e+00   1.7897212e+00   5.5839208e-01   1.1556705e+00   1.2273745e+00   1.0795419e+00   8.5490491e-01   7.1615827e-01   7.2716310e-01   9.0895034e-01   9.6705911e-01   8.1621758e-01   2.5586157e-01   2.6289354e-01   2.3154381e-01   4.9580659e-01
   2.4144471e+00   1.4825134e+00   9.6270115e-01   1.5564817e+00   7.9568790e-01   1.1502925e+00   1.4926188e+00   6.9767549e-01   2.9252571e-01   8.0802288e-01   8.1133219e-01   3.5253420e-01   8.7664195e-02   1.8285464e-01   1.9765608e-01   2.7131347e-01
   2.2691663e+00   2.3656634e+00   1.1379741e+00   1.1714003e+00   7.4211032e-01   1.3786529e+00   1.2182280e+00   7.9744916e-01   6.4930442e-01   6.9435274e-01   6.2599957e-01   2.6976046e-01   3.8748751e-01   2.7012317e-01   4.5544284e-01   1.7345719e-01
   2.4176089e+00   1.7987557e+00   1.4681513e+00   1.4252368e+00   9.8800336e-01   1.2209270e+00   7.9078094e-01   9.1356102e-01   6.4235432e-01   6.0064940e-01   7.2141514e-01   6.8284005e-01   3.4639310e-01   1.6200300e-01   5.1525658e-01   4.7997503e-01
   2.8836108e+00   1.1834607e+00   1.2846259e+00   1.2226093e+00   9.0474982e-01   1.2167638e+00   8.2477033e-01   1.2107644e+00   9.2790169e-01   7.0169179e-01   9.8551641e-01   4.3041226e-01   3.7490446e-01   3.4812513e-01   2.8821785e-01   3.4840768e-01
   2.0861471e+00   1.0219844e+00   9.5412914e-01   1.0618119e+00   1.4558976e+00   1.2289645e+00   9.7004555e-01   1.0621779e+00   8.3246545e-01   9.9900095e-01   9.0217573e-01   7.7538544e-01   6.4836832e-01   2.1094906e-01   1.4740107e-01   4.4268368e-01
   2.7697586e+00   1.7823227e+00   9.3266634e-01   1.2902856e+00   1.1278801e+00   1.0501598e+00   9.7697233e-01   9.2376669e-01   8.4559225e-01   7.9919310e-01   7.3557137e-01   7.7422568e-01   3.3107202e-01   1.7586094e-01   2.7730430e-01   2.2076365e-01
   1.7851290e+00   1.6974560e+00   1.2909095e+00   8.2753473e-01   7.5174944e-01   8.6224081e-01   1.0088793e+00   1.0953936e+00   8.2896818e-01   1.6266340e-01   5.3655530e-01   5.2852767e-01   2.4749790e-02   1.9626861e-01   2.8555146e-01   2.9320351e-01
   2.1336869e+00   2.0492641e+00   1.1954435e+00   1.5507085e+00   5.4667116e-01   8.9368551e-01   1.4164292e+00   1.1670131e+00   8.2729451e-01   7.6585062e-01   9.1826728e-01   8.6365396e-01   2.2108198e-01   1.8048425e-01   2.5172328e-01   3.6051420e-01
   2.8483371e+00   1.6834745e+00   9.9149204e-01   1.3205921e+00   1.5515342e+00   1.5044412e+00   1.2784643e+00   1.2367310e+00   1.0985409e+00   1.3153883e+00   8.4837697e-01   9.0501922e-01   3.0298757e-01   1.8642067e-01   4.2533708e-01   2.5675726e-01
   2.4809069e+00   1.5492055e+00   1.2010191e+00   1.3868998e+00   1.3154948e+00   1.0188640e+00   9.8323550e-01   6.1720579e-01   7.1072829e-01   7.6858387e-01   4.4148705e-01   3.8059402e-01   3.2040163e-01   1.9395911e-01   3.4429825e-01   3.6005723e-01
   1.7620635e+00   1.7648028e+00   1.0341931e+00   1.4677890e+00   1.5208143e+00   1.3196163e+00   1.1127340e+00   1.2879105e+00   6.8817285e-01   1.1354024e+00   9.9835201e-01   5.6567356e-01   1.8878524e-01   1.7953760e-01   4.9666384e-01   3.4163904e-01
   2.4395951e+00   1.9296207e+00   7.0433534e-01   1.0222465e+00   1.1209315e+00   1.4007697e+00   1.1685238e+00   1.5415648e+00   1.0724467e+00   1.0064702e+00   9.7836931e-01   7.6413175e-01   2.4994243e-01   2.1179162e-01   2.6007227e-01   4.3730326e-01
   2.5319753e+00   1.7310021e+00   7.9724827e-01   1.0011449e+00   1.1049452e+00   1.0176630e+00   9.5557665e-01   8.3802893e-01   1.1853231e+00   9.0356125e-01   4.8109971e-01   6.3048432e-01   3.7417355e-01   3.9230911e-01   5.0319970e-01   5.6118299e-01
   2.4015132e+00   1.5897950e+00   1.0096108e+00   1.1880814e+00   6.6554133e-01   1.2492309e+00   9.3892996e-01   1.1341465e+00   1.0946771e+00   8.6228697e-01   6.1449399e-01   4.9406102e-01   3.9594713e-01   1.2394855e-01   2.9646489e-01   3.8136647e-01
   2.3367508e+00   1.6920754e+00   1.0015792e+00   1.3111595e+00   1.1647403e+00   1.1822671e+00   9.9555562e-01   9.7279604e-01   9.6179603e-01   6.4706543e-01   7.5756461e-01   7.8119583e-01   5.2944762e-01   5.5831174e-01   7.6204620e-01   6.6958157e-01
   2.4730492e+00   1.6440506e+00   8.7539950e-01   1.5929081e+00   1.3672983e+00   1.6109912e+00   1.2937345e+00   7.8200070e-01   6.9619104e-01   7.1006523e-01   7.7466736e-01   6.7399299e-01   3.3060471e-01   4.2884469e-01   5.3265947e-01   5.4227438e-01
   2.1825846e+00   1.6245525e+00   1.1881468e+00   9.0860932e-01   1.1932846e+00   1.5033673e+00   1.1331719e+00   1.1559032e+00   8.0882527e-01   1.0716817e+00   7.2152748e-01   5.2554604e-01   3.8348543e-01   1.8513017e-01   2.9729778e-01   6.4406336e-01
   1.7523366e+00   1.6285550e+00   9.9965394e-01   9.7871567e-01   9.6219106e-01   1.3700039e+00   1.2354450e+00   1.1040726e+00   9.6422385e-01   1.0106912e+00   7.4886440e-01   6.5330716e-01   4.2683313e-01   4.2184943e-01   2.6242421e-01   5.3428819e-01
   2.1314377e+00   1.3913839e+00   7.0983478e-01   8.4818918e-01   1.4175638e+00   1.0285175e+00   1.1286952e+00   9.1571273e-01   1.0618229e+00   1.1615245e+00   1.1073197e+00   4.7298740e-01   2.8500844e-01   4.9614706e-01   5.2315099e-01   4.5055043e-01
   2.0956275e+00   2.1772337e+00   1.7382899e+00   1.2546598e+00   1.4396570e+00   1.1829417e+00   1.2324791e+00   1.2851628e+00   8.8677347e-01   7.7045090e-01   1.2406089e+00   6.4257332e-01   2.5260554e-01   3.2684403e-01   4.7059197e-01   5.3770085e-01
   2.6341095e+00   2.3560593e+00   1.6553710e+00   1.3193403e+00   1.3598151e+00   1.0042638e+00   1.3487439e+00   7.3159212e-01   8.9753346e-01   6.7736981e-01   1.2066531e+00   6.7467760e-01   3.9486797e-01   1.4225406e-01   4.0415616e-01   7.1901152e-01
   2.4386302e+00   1.7849767e+00   8.5183035e-01   9.1909822e-01   8.5440877e-01   3.6146805e-01   7.3119680e-01   8.1730818e-01   7.5861175e-01   7.9520052e-01   8.4627227e-01   5.1475558e-01   4.0016698e-01   2.3955836e-01   4.3920341e-01   7.9900848e-01
   2.3950843e+00   1.5033182e+00   3.1400929e-01   7.2079549e-01   1.4669213e+00   1.0932089e+00   9.4215535e-01   8.8841579e-01   7.4270789e-01   7.6834855e-01   8.7652152e-01   6.9221824e-01   3.3742126e-01   5.3329465e-01   5.7450356e-01   8.5956346e-01
   2.1877020e+00   1.9660311e+00   1.3056865e+00   1.3442610e+00   1.3379574e+00   1.2884756e+00   1.1477264e+00   9.2685942e-01   9.7388312e-01   9.7737793e-01   7.0388746e-01   6.3292961e-01   4.4617254e-01   5.8031318e-01   6.4550331e-01   8.9141676e-01
   2.2677214e+00   1.7255006e+00   1.3817977e+00   1.3590312e+00   6.5025562e-01   1.3915901e+00   1.2151246e+00   9.1753468e-01   6.4146739e-01   6.4652463e-01   1.4346570e+00   1.6935575e+00   1.6249744e+00   1.3568187e+00   1.1394218e+00   7.3165042e-01
   1.6493397e+00   2.2015978e+00   1.3830849e+00   1.6735846e+00   8.5842998e-01   1.4471853e+00   1.1875238e+00   1.3478085e+00   7.1844988e-01   4.9494496e-01   1.8261538e+00   2.0821412e+00   2.3898409e+00   2.1253426e+00   1.9082097e+00   5.7830331e-01
   1.8782177e+00   1.8365680e+00   1.3888513e+00   1.9419317e+00   1.3576356e+00   1.0045364e+00   1.1806297e+00   1.5882320e+00   9.8411072e-01   4.7348025e-01   1.8043198e+00   2.4737136e+00   2.8217046e+00   2.6299239e+00   2.1921227e+00   5.5574681e-01
   2.1648362e+00   2.3857113e+00   1.3056162e+00   1.9076157e+00   1.5491310e+00   1.4585221e+00   1.1246175e+00   8.9592171e-01   9.9286877e-01   8.0414120e-01   1.5300724e+00   2.7119229e+00   3.2068377e+00   3.1194335e+00   2.6718113e+00   9.5139922e-01
   2.4072648e+00   1.7796913e+00   1.3719905e+00   2.0322284e+00   1.4673857e+00   1.5387621e+00   1.0051965e+00   1.2063497e+00   1.0865762e+00   5.1004033e-01   1.2206949e+00   2.7491600e+00   3.3510754e+00   2.9396117e+00   2.4632683e+00   7.9877267e-01
   2.1930237e+00   1.6373708e+00   1.1331019e+00   1.8657478e+00   1.2017965e+00   1.2381244e+00   9.7330687e-01   1.0949980e+00   1.1318363e+00   9.1748174e-01   1.2835231e+00   2.3751164e+00   3.2309997e+00   3.0711372e+00   2.6364174e+00   8.6112974e-01
   2.3784963e+00   1.7987073e+00   9.5311490e-01   1.6866545e+00   1.4813079e+00   1.2777666e+00   1.2520608e+00   1.2541575e+00   9.5527030e-01   1.1380248e+00   1.4485736e+00   2.3772924e+00   3.0931559e+00   3.2205198e+00   2.7397862e+00   9.0736627e-01
   2.4019753e+00   2.2092187e+00   1.5779331e+00   1.7764297e+00   8.8207522e-01   1.0295560e+00   1.4530371e+00   1.1974591e+00   7.5958859e-01   7.1813764e-01   9.8124072e-01   2.5837021e+00   3.1684579e+00   3.3643332e+00   2.8826394e+00   7.5196108e-01
   2.8543293e+00   1.9577499e+00   1.4184110e+00   2.0155217e+00   9.1908450e-01   1.0252976e+00   1.3661919e+00   1.0928839e+00   7.2704535e-01   1.1714174e+00   1.2320130e+00   2.5721733e+00   3.3250973e+00   3.5444878e+00   3.0823977e+00   9.9581513e-01
   1.9126715e+00   1.3631353e+00   1.0303581e+00   1.6466771e+00   1.1553810e+00   1.7259253e+00   1.3380510e+00   1.1631764e+00   9.1504460e-01   1.0957564e+00   1.0496677e+00   2.4710401e+00   3.4756071e+00   3.4598783e+00   3.0393395e+00   9.3563890e-01
   2.4698156e+00   1.7912136e+00   1.3379904e+00   1.5499518e+00   1.1592818e+00   1.1195660e+00   8.8603594e-01   1.2036444e+00   9.8431762e-01   1.0238867e+00   1.1255111e+00   2.7048241e+00   3.4208119e+00   3.3077814e+00   3.1042777e+00   8.7684258e-01
   2.6571282e+00   2.2347851e+00   1.4283377e+00   1.5926437e+00   1.3286237e+00   1.6435705e+00   1.5747224e+00   1.2369631e+00   9.3077556e-01   7.2673137e-01   9.1188471e-01   2.3778655e+00   3.2217720e+00   3.3518445e+00   3.2684695e+00   1.0405799e+00
   2.7807762e+00   1.6884939e+00   6.6182499e-01   1.1959685e+00   1.4918656e+00   1.6106963e+00   1.4157841e+00   1.4515503e+00   1.2092395e+00   1.0341348e+00   1.0405185e+00   2.3760271e+00   3.2818202e+00   3.1953967e+00   3.1375101e+00   7.5222305e-01
   2.8349233e+00   1.9279765e+00   1.2963664e+00   1.1030009e+00   7.7811862e-01   1.1719764e+00   1.2875821e+00   1.3750267e+00   1.0907823e+00   8.5572018e-01   1.1476864e+00   2.4466132e+00   3.0651394e+00   3.0128641e+00   3.1253568e+00   8.7811658e-01
   2.9524937e+00   1.7573563e+00   1.9646600e+00   1.4474113e+00   1.3316289e+00   1.1650519e+00   1.1670120e+00   1.2187395e+00   8.5754320e-01   9.5598206e-01   9.5979461e-01   2.1882461e+00   2.8334831e+00   2.8534021e+00   3.0300426e+00   8.9973852e-01
   2.9678310e+00   2.3458215e+00   2.0273328e+00   1.5103921e+00   1.1825828e+00   9.4271863e-01   7.2072370e-01   1.0464586e+00   7.8861207e-01   9.4231216e-01   1.0643099e+00   2.0949046e+00   2.6037742e+00   2.5990076e+00   2.8340609e+00   7.0372070e-01
   3.1069261e+00   2.3635217e+00   2.1531170e+00   1.5436768e+00   1.1009922e+00   1.0818865e+00   7.9328177e-01   1.0954937e+00   8.5430807e-01   9.4669489e-01   1.1714840e+00   1.9651797e+00   2.6405242e+00   2.3099309e+00   2.7059818e+00   6.1925178e-01
   2.4101028e+00   1.9410268e+00   1.8455678e+00   1.3133584e+00   7.7728824e-01   1.3499878e+00   1.0233237e+00   9.3131399e-01   1.0226046e+00   7.2257129e-01   8.9477750e-01   1.9932095e+00   2.7089736e+00   2.1325818e+00   2.5242745e+00   8.0768113e-01
   2.1766418e+00   1.9708470e+00   1.5094694e+00   1.4743280e+00   9.7619035e-01   1.3173759e+00   1.2001654e+00   1.5277835e+00   7.5224422e-01   8.9033254e-01   8.2592318e-01   1.8518191e+00   2.5563524e+00   2.1214548e+00   2.4596695e+00   6.6679149e-01
   2.7107479e+00   2.0136974e+00   1.6143246e+00   1.7782645e+00   1.3799532e+00   1.6617926e+00   9.7148823e-01   8.4364941e-01   6.1233391e-01   6.5170614e-01   7.5976122e-01   1.7312423e+00   2.2447019e+00   1.5414047e+00   1.7373998e+00   3.3941431e-01
   2.2718887e+00   1.8142863e+00   1.3104473e+00   1.5547426e+00   1.5301978e+00   1.9580695e+00   1.0174509e+00   9.3754227e-01   8.1933540e-01   2.3068464e-01   5.6592292e-01   1.0380317e+00   1.4689038e+00   8.6081134e-01   8.9697884e-01   5.0208387e-01
   2.4500709e+00   1.9033846e+00   1.1805834e+00   1.1086293e+00   9.1629925e-01   1.2925896e+00   1.4980604e+00   1.1151020e+00   1.1064707e+00   1.3232662e+00   1.1183827e+00   8.8637258e-01   9.1358351e-01   6.7776115e-01   4.6882630e-01   5.0957884e-01
   2.7108374e+00   1.7515932e+00   6.4834995e-01   1.5542520e+00   1.7084946e+00   1.0822014e+00   5.1587157e-01   1.0772946e+00   1.0112425e+00   9.8257434e-01   6.2197977e-01   6.1493080e-01   3.5543014e-01   4.8061288e-01   5.0969546e-01   3.0082525e-01
   1.9258426e+00   1.6703299e+00   3.1140766e-01   9.6945244e-01   8.8863515e-01   1.2123031e+00   9.8319248e-01   1.0794684e+00   8.9815504e-01   7.2333813e-01   5.8732484e-01   8.7564062e-01   3.4565956e-01   3.6147843e-01   1.9609012e-01   4.8772202e-01
   2.6595443e+00   1.3384813e+00   9.4012772e-01   9.6358964e-01   1.1976452e+00   1.0089790e+00   6.3338248e-01   1.2478035e+00   1.3673424e+00   8.4201627e-01   6.8439337e-01   7.4498389e-01   5.6776232e-01   1.7544769e-01   2.9148630e-01   3.1191244e-01
   3.1386087e+00   1.9719524e+00   1.4230341e+00   1.5731621e+00   9.5366784e-01   9.1680242e-01   9.8125156e-01   8.4701854e-01   1.0003134e+00   1.2447111e+00   8.3151475e-01   6.1624597e-01   6.0501337e-01   1.4178920e-01   1.1245289e-01   3.6272195e-01
   2.5932763e+00   1.4908713e+00   8.8364747e-01   1.3839761e+00   1.3048535e+00   1.2218046e+00   1.1552622e+00   1.1568653e+00   1.1680804e+00   1.0531502e+00   1.1819391e+00   7.7613602e-01   5.1286655e-01   1.4987537e-01   3.5389073e-01   3.7986332e-01
   2.7221726e+00   1.8245261e+00   1.0467191e+00   1.1640240e+00   1.6169117e+00   1.6015339e+00   1.2884932e+00   1.3392905e+00   1.1781277e+00   1.0612125e+00   8.5722341e-01   5.4989467e-01   2.0646878e-01   4.2411002e-01   4.5837477e-01   3.1501337e-01
   2.9475199e+00   1.4477280e+00   1.0854623e+00   1.2549955e+00   1.2081345e+00   1.3253766e+00   1.2154518e+00   1.5066809e+00   1.0904679e+00   9.6477157e-01   8.5484705e-01   6.6209735e-01   1.6179839e-01   4.4115423e-01   4.2250898e-01   2.4404018e-01
   2.2948689e+00   1.2852105e+00   1.2084555e+00   1.6043149e+00   1.1453791e+00   1.4456664e+00   9.1158708e-01   1.5476997e+00   9.7517690e-01   7.8052651e-01   6.6580151e-01   5.2915602e-01   2.8781900e-01  -4.1817410e-02   2.3025817e-01   3.0272154e-01
   2.7454066e+00   1.8513104e+00   7.9298616e-01   1.2760627e+00   1.0383433e+00   8.5703559e-01   9.4929842e-01   9.6555090e-01   1.0163054e+00   7.8474786e-01   4.0408563e-01   5.2299580e-01   5.2205944e-01   2.1287551e-01   3.9308670e-01   4.8411331e-01
   2.3141873e+00   1.8589672e+00   1.4234913e+00   1.7717351e+00   1.2802102e+00   1.3099552e+00   1.4532197e+00   1.0984505e+00   7.3396637e-01   5.1224922e-01   9.5067941e-01   5.8915215e-01   5.6104337e-01   6.7733721e-01   4.3862331e-01   6.2160863e-01
   2.5932687e+00   1.5615100e+00   1.0544663e+00   9.1317278e-01   8.8870813e-01   1.2422341e+00   9.1569399e-01   1.2875532e+00   9.5306871e-01   1.0135001e+00   9.9337466e-01   7.1029171e-01   5.1353641e-01   5.9098096e-01   5.2309815e-01   2.6556045e-01
   2.7191278e+00   2.1177047e+00   8.2275318e-01   1.5368119e+00   7.2305727e-01   1.4645697e+00   1.3696334e+00   9.7847107e-01   6.6071458e-01   6.2294951e-01   8.6214186e-01   6.2281707e-01   6.6423625e-01   3.7212396e-01   9.3043931e-02   1.5552156e-01
   1.9467509e+00   2.2477011e+00   1.2278820e+00   1.6605192e+00   1.0008367e+00   1.3762171e+00   9.5870370e-01   5.9161503e-01   4.9832224e-01   5.3452122e-01   8.4752989e-01   6.6753121e-01   5.8847697e-01   5.1614906e-01   3.4765223e-01   3.6249424e-01
   2.4860314e+00   1.2858229e+00   1.4575870e+00   1.2701357e+00   8.2123970e-01   1.4983663e+00   1.0930524e+00   1.0293040e+00   1.8633402e-01   5.7561169e-01   8.0218836e-01   6.8969178e-01   5.6292744e-01   3.8172538e-01   3.7248634e-01   3.2187059e-01
   2.4683612e+00   6.0439647e-01   1.1745448e+00   1.6680566e+00   1.3593480e+00   1.4847660e+00   1.0289064e+00   8.6101288e-01   4.2996437e-01   8.6892292e-01   1.0402086e+00   6.3200159e-01   4.2516583e-01   5.2367211e-01   4.3748258e-01   4.0611881e-01
   2.3454631e+00   7.7499588e-01   8.7611111e-01   1.4832656e+00   1.3745517e+00   1.4497422e+00   8.2375700e-01   6.7016949e-01   5.9656214e-01   4.3532061e-01   5.7730461e-01   5.7187970e-01   3.8874606e-01   5.0023896e-01   1.8716337e-01   1.8961992e-01
   2.7207844e+00   1.6209552e+00   9.1441518e-01   3.9255431e-01   9.2283434e-01   1.2286531e+00   8.2041547e-01   1.0477767e+00   1.0213540e+00   8.6878525e-01   7.7388608e-01   6.4821835e-01  -5.8331974e-02   3.2958588e-01   2.7352912e-01   1.2753123e-01
   2.3874377e+00   1.8634200e+00   7.7470184e-01   7.3077642e-01   1.0185363e+00   9.4613491e-01   1.0193904e+00   7.1129591e-01   6.4806787e-01   5.5598275e-01   6.5429439e-01   3.7755174e-01   1.5936056e-02   1.4966533e-01   2.9259209e-01   2.9463628e-01
   2.6544228e+00   2.3279608e+00   1.2255706e+00   1.1711357e+00   1.0901163e+00   1.2135113e+00   9.7520066e-01   9.1131904e-01   1.1050599e+00   8.0194322e-01   9.6226899e-01   5.0136743e-01   3.1909595e-01   4.0175067e-01   5.3729796e-01   6.5364431e-01
   2.0144479e+00   1.8820419e+00   1.0705185e+00   3.6715783e-01   7.6173697e-01   1.3340333e+00   1.2001640e+00   6.5928454e-01   8.8971711e-01   9.3521144e-01   5.6800582e-01   8.5454629e-01   3.6900515e-01   1.7186657e-01   1.9459695e-01   4.8955181e-01
   1.6229774e+00   1.7272918e+00   9.4661632e-01   2.5614934e-01   6.1023858e-01   1.0717972e+00   7.9848434e-01   7.4151346e-01   9.6941776e-01   7.4585349e-01   8.4328487e-01   6.9305805e-01   1.1549804e-01   2.6840446e-01   5.4086275e-01   3.6621218e-01
   1.9819323e+00   1.1334951e+00   1.1687888e+00   1.2477479e+00   8.6369657e-01   1.2202283e+00   5.1805970e-01   8.0545074e-01   1.0049105e+00   8.0492867e-01   8.6427986e-01   6.1831504e-01   1.1607035e-01   3.3611004e-01   2.6727026e-01   2.8657627e-01
   2.9035980e+00   1.6140575e+00   9.4876263e-01   1.5933248e+00   1.2090029e+00   1.5460480e+00   6.6477706e-01   8.3861578e-01   1.1400641e+00   7.7981216e-01   1.0501546e+00   7.6772303e-01   3.0236910e-01   2.3605297e-01   3.1791449e-01   3.1981905e-01
   2.8039907e+00   2.2891550e+00   1.0095738e+00   1.1450955e+00   1.2344459e+00   1.4675572e+00   5.8320805e-01   9.3853341e-01   9.4713978e-01   6.9438026e-01   6.6553128e-01   8.9776211e-01   3.9715320e-01   1.4578133e-01   2.5670207e-01   4.1331367e-01
   2.4485966e+00   1.7066722e+00   1.3612361e+00   1.3222163e+00   1.3180940e+00   1.3911922e+00   1.0591800e+00   1.2114318e+00   1.0583445e+00   1.2050868e+00   8.1237539e-01   4.8709921e-01   1.3217719e-01   1.9668065e-01   2.1898304e-01   3.3671397e-01
   2.6379059e+00   1.2350774e+00   1.1196074e+00   8.9145336e-01   1.0189993e+00   1.4323179e+00   7.5683635e-01   1.0535191e+00   1.0863457e+00   1.0386819e+00   7.3343711e-01   5.7202791e-01   4.7517663e-01   2.7959629e-01   3.8420960e-01   4.0015155e-01
   1.9278149e+00   6.1893742e-01   8.8090487e-01   2.4244601e-01   7.7536540e-01   9.4265729e-01   9.9668323e-01   1.4774635e+00   1.5335576e+00   1.0489308e+00   6.1654825e-01   6.7173424e-01   5.5781028e-01   3.1088407e-01   2.9180766e-01   3.1799229e-01
   2.3374476e+00   1.0749930e+00   5.6529130e-01   1.3526545e+00   1.3568467e+00   1.0685901e+00   1.0977400e+00   1.0416937e+00   8.7458310e-01   3.7948512e-01   7.0170746e-01   6.9364560e-01   2.8768279e-01   4.4075836e-01   1.4467570e-01   1.6577916e-01
