   2.5777851e+00   1.9142630e+00   7.4138509e-01   4.4353959e-01   8.0028915e-01   1.1012711e+00   3.7383382e-01   5.7573530e-01   4.4404124e-01   2.2538676e-02  -2.0810522e-01  -6.7671839e-01  -1.0241344e+00  -9.2224297e-01  -8.7121782e-01  -9.2901828e-01
   2.4919343e+00   1.8553111e+00   1.9926099e+00   2.0724941e+00   1.6918504e+00   1.1641009e+00   6.4779847e-01   5.5818603e-01   4.7368160e-01  -1.0105852e-01  -2.6246861e-01  -6.1441440e-01  -1.0935229e+00  -1.0522143e+00  -1.0954783e+00  -1.1479032e+00
   2.6186260e+00   2.2311713e+00   1.1151989e+00   1.4712409e+00   1.5256619e+00   1.0444248e+00   4.7670046e-01   3.6510147e-01   8.0809472e-02   1.8635761e-01  -4.7232131e-01  -7.5088386e-01  -9.0298338e-01  -8.8606773e-01  -1.2663215e+00  -1.2129178e+00
   2.5938456e+00   2.3014053e+00   8.1358487e-01   9.9000982e-01   7.5866937e-01   9.3697941e-01   1.0090912e-01   4.2797996e-01   6.5540722e-01   4.1326838e-01  -3.1062354e-01  -5.7959494e-01  -6.0929213e-01  -8.8304850e-01  -9.3012106e-01  -1.0511326e+00
   1.9517105e+00   2.6777005e+00   1.5448466e+00   9.4843575e-01   1.0717024e+00   1.0342289e+00   5.3289601e-01   6.0477609e-01   5.4530100e-01   1.9908863e-01  -1.8754886e-01  -4.4461573e-01  -9.8301946e-01  -1.1374829e+00  -1.1576112e+00  -1.2719941e+00
   2.3298823e+00   1.8405688e+00   8.4337930e-01   3.0884370e-01   1.0577425e+00   6.3118770e-01   8.2224681e-01   5.2198046e-01   3.8887103e-01   4.3936187e-01  -2.8478906e-01  -8.5861852e-01  -1.1229179e+00  -7.2727930e-01  -1.0880094e+00  -1.2643972e+00
   2.7067886e+00   1.9645700e+00   5.2160278e-01   5.6595553e-01   4.9228046e-01   8.6805267e-01   7.1019268e-01   8.3709993e-01   5.0998437e-01   2.7790234e-01  -3.5051680e-01  -7.5966679e-01  -1.1150853e+00  -9.8716189e-01  -1.0938325e+00  -1.2389375e+00
   2.2743036e+00   1.2445802e+00   5.4848988e-01   8.8981747e-01   6.5907991e-01   9.4026864e-01   6.1076305e-01   1.1226228e+00   7.9907829e-01  -7.3285294e-02  -3.9571137e-01  -7.4797597e-01  -9.9889125e-01  -9.8184220e-01  -1.0659698e+00  -1.2597698e+00
   2.1333902e+00   1.6589965e+00   8.3599301e-01   5.6552018e-01   1.3529003e-01   1.3132032e+00   8.2529672e-01   8.1797557e-01   4.1690325e-01  -1.6140989e-01  -2.6525477e-01  -5.8289104e-01  -1.1654529e+00  -1.1647397e+00  -1.1814463e+00  -1.3468451e+00
   2.3947961e+00   1.5090402e+00   9.1258950e-01   9.5382928e-01   5.3226459e-01   9.4531232e-01   7.3958915e-01   5.8138506e-01   7.3300500e-01   2.7714365e-01  -1.5487837e-01  -6.8076812e-01  -9.8746806e-01  -1.3308919e+00  -1.1655290e+00  -1.3335204e+00
   2.3967702e+00   1.8827613e+00   6.7280308e-01   1.3535252e+00   8.4421561e-01   6.9099812e-01   6.0769795e-01   4.1859485e-01   6.4616966e-01   2.7438290e-01   2.0541818e-01  -5.0291524e-01  -8.1565786e-01  -9.9114433e-01  -1.0472298e+00  -1.2540149e+00
   2.0040949e+00   2.0665111e+00   7.1728253e-01   3.5068836e-01   8.2304224e-01   1.6429615e+00   4.8234651e-01   5.0951228e-01   7.3949326e-01   4.7329612e-01   1.9378876e-01  -6.0278131e-01  -9.6365097e-01  -8.6674246e-01  -1.0589362e+00  -1.1870279e+00
   2.4331482e+00   1.9702964e+00   9.1613040e-01   6.4941411e-01   5.9220324e-01   1.3537207e+00   6.5734669e-01   7.9622038e-01   6.1367290e-01   9.7317919e-02  -3.4415848e-01  -7.6531466e-01  -1.1440119e+00  -1.0645849e+00  -1.1522783e+00  -1.3177608e+00
   2.5606844e+00   2.4645230e+00   1.0888395e+00   7.6284577e-01   8.2687118e-01   1.2256849e+00   7.7689259e-01   6.7501512e-01   3.3791056e-01  -2.4986170e-01  -3.2538191e-01  -6.7892199e-01  -1.0860698e+00  -9.5665980e-01  -1.1688382e+00  -1.2167955e+00
   2.9360477e+00   2.4490697e+00   7.1097228e-01   4.8248042e-01   7.0216710e-01   1.3261946e+00   5.6886076e-01   1.9203484e-01   2.5546032e-01  -2.1428745e-01  -2.7719497e-01  -7.2321113e-01  -1.3287307e+00  -1.2013470e+00  -1.1257816e+00  -1.1481765e+00
   3.0891276e+00   2.6405791e+00   8.8509042e-01   7.5061621e-01   6.9857639e-01   6.8533152e-01   8.9883903e-01   6.9421211e-01   3.9760041e-01   1.1245442e-01  -2.3210588e-01  -7.8293831e-01  -1.1551955e+00  -1.1108716e+00  -1.3892667e+00  -1.2174026e+00
   2.8443706e+00   2.0617732e+00   1.1560611e+00   7.4260373e-01   7.6093409e-01   1.2134961e+00   3.7136296e-01   3.9334643e-01   4.3991507e-01   3.9715028e-01  -3.7800803e-01  -6.9690901e-01  -1.0723654e+00  -9.9152907e-01  -9.7115140e-01  -8.5044795e-01
   3.1370432e+00   2.4981736e+00   1.0763629e+00   3.0024768e-01   7.8320267e-01   1.1165124e+00   4.9867290e-01   5.0507783e-01   9.3694705e-02   1.9044396e-01  -2.9243998e-01  -5.9078245e-01  -8.4671364e-01  -9.3010074e-01  -7.4432691e-01  -8.2949077e-01
   3.3902787e+00   2.1143996e+00   8.2007613e-01   1.0176421e+00   6.7718004e-01   7.5458827e-01   3.1801238e-01   5.2115622e-01   3.0686370e-01   5.7760254e-02  -3.0432222e-01  -6.3849292e-01  -8.1308094e-01  -8.8507675e-01  -6.7002103e-01  -9.2814135e-01
   2.2912752e+00   1.5289320e+00   9.6467162e-01   5.8636392e-01   1.1586770e+00   8.1638450e-01   4.3503018e-01   6.0717628e-01   3.1103246e-01   2.2705920e-01  -2.4762494e-01  -3.9707842e-01  -7.3194106e-01  -9.4575305e-01  -8.4343172e-01  -9.8982610e-01
   2.7050480e+00   1.5124351e+00   7.3933142e-01   8.2094598e-01   7.4687512e-01   7.6449701e-01   5.6051911e-01   3.4353009e-01   1.7304797e-01  -6.4738557e-02  -2.1351207e-01  -6.5426791e-01  -1.1787164e+00  -1.3230890e+00  -1.1736864e+00  -1.2655908e+00
   2.2725054e+00   1.4634464e+00   8.2827667e-01   9.0518372e-01   5.1276413e-01   9.9451215e-01   7.3870176e-01   5.2545873e-01   1.2632892e-01  -1.1661302e-01  -2.2205067e-01  -4.6912059e-01  -8.5408796e-01  -1.0616764e+00  -1.1590052e+00  -1.1422414e+00
   1.8544149e+00   1.9045421e+00   1.0884456e+00   1.1415862e+00   6.7556013e-01   6.4127673e-01   4.7178743e-01   6.1134355e-01   2.7377144e-01  -1.8259375e-02  -2.1028687e-01  -6.7933454e-01  -7.5784027e-01  -1.1037788e+00  -1.2136529e+00  -1.3518727e+00
   2.1442410e+00   1.0650462e+00   8.6570896e-01   6.3489476e-01   4.3197450e-01   4.3383625e-01   4.9581002e-01   5.0824945e-01   7.3735235e-01   1.5723038e-01  -4.4160308e-01  -6.1142638e-01  -7.9334120e-01  -9.3861072e-01  -1.1913059e+00  -1.1308548e+00
   2.8405156e+00   1.2567891e+00   9.4620698e-01   1.1240769e+00   4.4357882e-01   2.5713329e-01   2.1739259e-01   5.7774951e-01   6.6167607e-01   1.8871349e-01  -3.0394403e-01  -5.0303151e-01  -8.7211777e-01  -9.5468566e-01  -9.0315586e-01  -1.0802124e+00
   3.1073523e+00   7.3403294e-01   5.4474033e-01   4.7157832e-01   6.3747189e-01   7.2235861e-01   4.6634219e-01   4.3327106e-01   8.7609313e-01   1.3646367e-01  -9.2369256e-03  -2.9788169e-01  -9.0083559e-01  -7.0131241e-01  -9.3203983e-01  -1.0626305e+00
   2.8898896e+00   1.6502922e+00   2.7690635e-01  -7.9879185e-03   5.4104963e-01   8.5255241e-01   4.1014880e-01   3.1173224e-01   7.0015652e-01   1.9670544e-01  -4.2172624e-02  -5.6853889e-01  -9.3696835e-01  -1.0857077e+00  -9.7037361e-01  -1.3265869e+00
   2.7419322e+00   1.3924100e+00   7.8429326e-01   4.3042156e-01   9.4652510e-01   1.3815561e+00   7.4589198e-01   4.9507605e-01   8.6674910e-01   2.9468037e-01  -1.7564812e-01  -6.6727355e-01  -1.1759136e+00  -1.3180442e+00  -1.0155115e+00  -1.2226233e+00
   2.8399436e+00   2.0821182e+00   1.0776838e+00   9.9313359e-01   1.1244116e+00   8.9182628e-01   5.5187306e-01   6.5454597e-01   5.8579864e-01   1.8098740e-01  -2.7929736e-01  -5.3509485e-01  -9.4724556e-01  -9.5071244e-01  -9.0900579e-01  -1.2276372e+00
   2.8450833e+00   1.6184986e+00   1.0550009e+00   8.8770563e-01   7.7848667e-01   1.1220909e+00   5.1368516e-01   4.7934100e-01   5.1752878e-01   4.9394891e-01  -5.8750489e-02  -7.0108701e-01  -7.5327815e-01  -6.9139832e-01  -8.8856829e-01  -1.1494712e+00
   3.0145202e+00   1.8163247e+00   1.0892918e+00   6.2842575e-01   2.8906928e-01   1.5515911e+00   9.5834562e-01   3.2506390e-01   6.0810456e-01   5.7626521e-01   6.2550978e-01   4.0764497e-01   4.9350037e-01   8.1034399e-01   7.1283523e-01  -1.0733039e+00
   3.2413654e+00   2.0608541e+00   1.2419151e+00   1.5600168e+00   9.2728345e-01   1.5272764e+00   1.0687143e+00   1.0065248e+00   1.3502538e+00   1.4449301e+00   1.0087164e+00   1.0900976e+00   1.0958455e+00   1.6326071e+00   1.5318298e+00  -9.2744937e-01
   2.9137581e+00   1.7033473e+00   1.2637258e+00   1.2058115e+00   1.3581518e+00   1.5930104e+00   1.2562687e+00   1.2057278e+00   1.3589852e+00   1.8337844e+00   1.6018709e+00   1.6235597e+00   1.5812316e+00   1.9536796e+00   1.7653124e+00  -6.7337258e-01
   3.3037751e+00   1.8987445e+00   1.4474299e+00   8.9371439e-01   1.0935839e+00   1.5928188e+00   1.2643390e+00   1.5226139e+00   1.6465408e+00   2.0599280e+00   1.6980133e+00   1.7800748e+00   1.7994164e+00   1.9758706e+00   1.7958711e+00  -4.5095350e-01
   2.6579330e+00   1.8008526e+00   1.2363759e+00   1.1858117e+00   1.4302424e+00   2.0549850e+00   1.5767062e+00   1.4562461e+00   1.6265213e+00   1.8295036e+00   1.9721257e+00   1.8541198e+00   2.1314579e+00   2.3233655e+00   2.0927665e+00  -5.7688126e-01
   2.3426250e+00   1.5010390e+00   9.9585561e-01   1.1058897e+00   1.5465658e+00   2.0331977e+00   1.8558843e+00   1.7793596e+00   2.0005441e+00   2.2522128e+00   2.3151672e+00   2.0899564e+00   2.3978019e+00   2.6123792e+00   2.4437446e+00  -5.2693020e-02
   2.8693183e+00   1.8090425e+00   8.2773880e-01   1.0104576e+00   1.5744363e+00   2.0599180e+00   1.6780986e+00   1.8481311e+00   2.0135761e+00   2.3243165e+00   2.4110325e+00   2.2071196e+00   2.4886211e+00   2.7438495e+00   2.6188666e+00   6.5191796e-02
   3.0881007e+00   2.5021458e+00   1.2984939e+00   1.1599589e+00   1.7392935e+00   1.9146509e+00   1.8193427e+00   1.8251455e+00   1.9554936e+00   2.4268433e+00   2.5427167e+00   2.2389038e+00   2.6270120e+00   2.8859718e+00   2.8163294e+00   1.8481288e-01
   3.4127181e+00   2.5953125e+00   1.6618204e+00   1.6805972e+00   2.0810493e+00   2.1472173e+00   1.9446343e+00   1.7551209e+00   1.8134089e+00   2.1177201e+00   2.5532765e+00   2.3359532e+00   2.8542881e+00   2.9117350e+00   2.9501841e+00   3.0438840e-01
   3.2749332e+00   2.7027722e+00   1.4927655e+00   1.0251636e+00   1.6476870e+00   2.1140963e+00   1.8971026e+00   1.6886564e+00   1.7676245e+00   2.3765391e+00   2.7198011e+00   2.5626927e+00   3.1151449e+00   3.0199051e+00   3.1249659e+00   5.5988621e-01
   3.4464364e+00   1.8304157e+00   1.5610103e+00   1.3011336e+00   1.3905830e+00   1.9784608e+00   1.5754294e+00   1.5486058e+00   1.8559992e+00   2.2563620e+00   2.5262577e+00   2.5432426e+00   2.9367602e+00   2.9598681e+00   3.0096308e+00   7.5582473e-01
   3.1734079e+00   1.8942102e+00   1.1996337e+00   1.3780712e+00   1.7242079e+00   1.9977219e+00   1.2574048e+00   1.5606353e+00   1.7562971e+00   1.9439941e+00   2.4522800e+00   2.5584066e+00   2.9214690e+00   3.0426668e+00   3.2286107e+00   8.0317469e-01
   3.4517944e+00   2.4344092e+00   1.9816338e+00   1.1932765e+00   1.7277382e+00   1.8778749e+00   9.6392543e-01   1.2426011e+00   1.4728930e+00   1.5145443e+00   2.3545403e+00   2.3925638e+00   2.7568297e+00   3.0722113e+00   3.2879472e+00   8.1522942e-01
   2.7598507e+00   1.8373347e+00   1.7258108e+00   1.3636774e+00   1.8486418e+00   2.0354926e+00   1.0311811e+00   1.4024882e+00   1.3002720e+00   1.3717558e+00   2.2381505e+00   2.2417242e+00   2.7020796e+00   2.9910157e+00   3.2049865e+00   6.7732450e-01
   2.0288406e+00   1.6023456e+00   1.0038565e+00   1.4331721e+00   1.8077990e+00   1.9875052e+00   1.2634153e+00   1.2829811e+00   1.1511316e+00   1.3925769e+00   2.2607749e+00   2.1845753e+00   2.7446847e+00   2.9336159e+00   3.1344812e+00   6.7292807e-01
   2.9006279e+00   1.3157039e+00   1.3247514e+00   9.5531166e-01   1.2378443e+00   1.9125313e+00   1.0745642e+00   1.3365960e+00   1.2330211e+00   1.3264006e+00   2.3397999e+00   2.1908813e+00   2.7406340e+00   2.8757860e+00   3.0824841e+00   5.5575779e-01
   2.8932723e+00   1.7376648e+00   1.4053359e+00   1.4191101e+00   1.2858712e+00   1.9955005e+00   9.0591551e-01   1.1523767e+00   1.0851252e+00   1.4805992e+00   2.5009884e+00   2.1113399e+00   2.7866825e+00   2.7194488e+00   2.9402342e+00   7.1328296e-01
   2.1991149e+00   1.3123975e+00   1.2977192e+00   1.4759120e+00   1.4271594e+00   1.8261177e+00   8.5590239e-01   1.1605940e+00   7.1266271e-01   1.4702962e+00   2.6042685e+00   2.0226501e+00   2.9108922e+00   2.7198211e+00   2.8212229e+00   8.4502727e-01
   2.8453955e+00   1.5522440e+00   1.1640594e+00   1.3199129e+00   1.2640636e+00   1.3423860e+00   9.0956692e-01   7.6426812e-01   1.1527759e+00   1.6982013e+00   2.6414358e+00   1.6984497e+00   2.9476058e+00   2.6717835e+00   2.7696403e+00   8.7360294e-01
   2.8768260e+00   1.7833585e+00   1.0387226e+00   1.3313865e+00   1.6410805e+00   1.6080597e+00   5.6614481e-01   1.0809656e+00   1.2369572e+00   1.5560531e+00   2.5527504e+00   1.4390656e+00   2.7166206e+00   2.4066968e+00   2.7059495e+00   9.7025288e-01
   3.1965448e+00   2.6024565e+00   1.2891015e+00   1.1694713e+00   1.4177770e+00   1.3244900e+00   4.3277491e-01   7.8411245e-01   9.9117108e-01   1.2270002e+00   2.5176219e+00   1.3729037e+00   2.5598203e+00   2.4070781e+00   2.7571882e+00   9.0739739e-01
   2.7592030e+00   1.3115222e+00   1.0600037e+00   9.7767355e-01   1.0781305e+00   1.3346415e+00   8.8610462e-01   8.0700820e-01   8.3333815e-01   8.0741718e-01   2.2321116e+00   1.3721496e+00   2.2459916e+00   2.2922485e+00   2.1887218e+00   4.7373954e-01
   1.6088004e+00   1.0721460e+00   1.4818197e+00   1.4638270e+00   1.1445992e+00   7.0251741e-01   6.4528377e-01   8.7344220e-01   7.4462852e-01   7.8692143e-01   1.7181882e+00   9.3610700e-01   1.7911711e+00   1.9652917e+00   2.0717718e+00   2.0220103e-01
   1.9301134e+00   1.4666058e+00   8.3591977e-01   1.0891250e+00   6.0049370e-01   1.0484476e+00   7.4417206e-01   5.7144319e-01   1.4967218e-01   1.9728855e-01   9.6479802e-01   5.9354100e-01   9.4203433e-01   1.0589536e+00   1.4589544e+00   1.9318642e-01
   2.5910602e+00   1.4562867e+00   1.0169738e+00   7.2048678e-01   5.6788861e-01   1.0620588e+00   6.2697501e-01   2.7425855e-01   2.1618280e-01   2.0533880e-01   2.5580487e-02  -3.7099128e-01  -1.0915164e-01  -5.8253465e-02   3.8246508e-01  -4.6286063e-01
   1.5787709e+00   1.2913242e+00   9.2022886e-01   8.3827142e-01   7.7395488e-01   9.9253139e-01   6.1754542e-01   1.6458492e-01   3.9285410e-01   4.3126903e-01   1.6195526e-02  -4.6596252e-01  -3.9180814e-01  -1.0233729e+00  -7.2451118e-01  -8.7765274e-01
   2.1162716e+00   1.4425792e+00   7.0842289e-01   5.9138401e-01   7.6318449e-01   1.2610878e+00   1.6320725e-01   4.3548382e-01   5.7753483e-01   1.4009822e-01   5.8933651e-03  -2.8261607e-01  -4.1558651e-01  -1.1207934e+00  -1.0983535e+00  -1.1543414e+00
   2.7408055e+00   1.8474137e+00   5.0662224e-01   8.0187082e-01   6.8787465e-01   1.0053406e+00   3.4000202e-01   6.7279253e-01   4.6422951e-01   3.9265189e-01   3.7990045e-01   1.4899660e-02  -2.3173339e-01  -9.4455628e-01  -1.0551844e+00  -1.0868126e+00
   2.0035882e+00   1.4883296e+00   6.0285891e-01   4.5836897e-01   1.0448959e+00   9.0624819e-01   3.4023406e-01   3.7874534e-01   4.0185526e-01   5.8586354e-01   3.3711300e-01  -9.3409120e-02  -3.1728133e-01  -8.2489192e-01  -1.0692649e+00  -1.1342651e+00
   1.9718237e+00   1.6996635e+00   9.5093568e-01   1.0748931e+00   3.0544946e-01   5.9134763e-01   5.0428485e-01   3.4390006e-01   2.3584004e-01   1.3072118e-01   2.8432042e-01  -1.5013894e-01  -5.0664161e-01  -1.0061949e+00  -1.1563816e+00  -1.0969163e+00
   2.1072474e+00   1.3363899e+00   7.7003614e-01   6.7650199e-01   8.6935533e-01   7.6713541e-01   4.1529463e-01   4.4734224e-01   6.1638494e-01   3.6979958e-01   4.1080845e-01  -2.1852788e-01  -5.0573042e-01  -9.6655178e-01  -1.1472109e+00  -1.2928626e+00
   2.5162558e+00   1.4955204e+00   6.6420766e-01   2.7730374e-01   3.6462501e-01   1.4235134e+00   6.9691309e-01   5.9247626e-01   5.0436706e-01   5.9106527e-01   3.3520041e-01  -2.7475153e-01  -5.7783214e-01  -8.5761414e-01  -9.2156142e-01  -1.0844930e+00
   2.8358161e+00   2.1270977e+00   7.7637222e-01   8.5867214e-01   3.1555532e-01   3.7861841e-01   3.7973205e-01   6.9356951e-01   4.8611127e-01   3.8513389e-01   1.6446821e-01  -2.7151687e-01  -6.8317558e-01  -8.6731619e-01  -8.2976455e-01  -1.0171980e+00
   3.2436306e+00   1.6829203e+00   3.5358911e-01   5.8845418e-01   7.1913131e-01   5.5134811e-01   3.8353145e-01   2.1727131e-01   2.3070762e-01   5.4396639e-02  -1.9968978e-01  -5.2944363e-01  -8.8641238e-01  -9.6220122e-01  -1.1964233e+00  -1.2951296e+00
   2.4384040e+00   2.1856253e+00   9.3428968e-01   3.7699258e-01   7.0591905e-01   7.1408812e-01   4.4736847e-01   5.5582724e-01   5.4326375e-01   3.7049884e-01  -2.6370892e-01  -5.1874025e-01  -7.7900714e-01  -1.2615187e+00  -1.3168708e+00  -1.3045256e+00
   2.8001519e+00   2.1355015e+00   4.8943205e-01   5.6317810e-01   1.0507242e+00   5.1504664e-01   3.3349439e-01   3.2086654e-01   2.2346348e-01   1.7496410e-01  -1.1143227e-01  -5.7847065e-01  -9.6414933e-01  -1.2121039e+00  -1.3801585e+00  -1.4493695e+00
   2.4724093e+00   1.4126143e+00   1.0703773e+00   1.0275906e+00   8.6564273e-01   7.8765944e-01   7.0831953e-01   5.0291301e-01   1.5145546e-01   1.0427218e-01  -2.3933109e-01  -6.1810505e-01  -9.5054073e-01  -1.1877020e+00  -1.3746234e+00  -1.1533376e+00
   2.6297764e+00   1.9780368e+00   4.4405181e-01   6.3481943e-01   6.7613253e-01   4.0729404e-01   4.7196441e-01   4.3056433e-01   2.5822329e-01  -4.0204497e-02  -3.7775220e-01  -4.8317822e-01  -8.4402751e-01  -8.9827338e-01  -1.0805509e+00  -1.3773629e+00
   2.1903850e+00   1.2034444e+00   5.1960582e-01   3.5568557e-01   5.0539254e-01   1.2519902e+00   7.4595021e-01   4.7087233e-01   3.5317287e-01   1.9908865e-01  -3.4718680e-01  -6.2136623e-01  -6.3745883e-01  -2.8886948e-01  -7.1746033e-01  -1.0605821e+00
   2.3662471e+00   1.2370094e+00   4.5953155e-01   7.6094943e-01   7.9777347e-01   8.3200423e-01   8.9030166e-01   6.9923508e-01   6.8128866e-01   1.2755474e-01  -4.2971212e-01  -6.8375453e-01  -1.0475278e+00  -9.2327004e-01  -7.8387367e-01  -1.1966093e+00
   2.5165906e+00   1.7044346e+00   7.4874060e-01   8.2325423e-01   7.7765778e-01   9.9342349e-01   6.5525648e-01   5.7124539e-01   6.2768735e-01   4.8241017e-01  -3.2272376e-01  -4.2126205e-01  -9.8467409e-01  -7.7871468e-01  -7.6660088e-01  -1.0569600e+00
   1.9246453e+00   1.4093041e+00   1.3621625e-01   4.0163302e-01   6.9750693e-01   9.2011249e-01   4.4728229e-01   4.2193631e-01   4.8448050e-02   8.3088425e-02  -8.7513841e-02  -5.8759923e-01  -1.0687935e+00  -1.0742549e+00  -1.3017337e+00  -1.1416789e+00
   1.9194412e+00   1.3461843e+00  -1.4287731e-01   5.9875007e-01   5.4425955e-01   4.6957219e-01   3.2165718e-01   8.2333607e-01   2.8131743e-01   2.1929296e-01  -1.2243742e-01  -6.5646072e-01  -1.1851331e+00  -1.0594445e+00  -1.1433807e+00  -1.3117347e+00
   2.3081694e+00   1.5900250e+00   5.7404338e-01   1.0395238e+00   5.2334507e-01   1.1074684e+00   3.5831008e-01   6.0782983e-01   2.3602090e-01   1.0749911e-01  -5.5438871e-03  -7.0799562e-01  -8.9643367e-01  -7.0442231e-01  -9.3720095e-01  -1.2631740e+00
   2.1655322e+00   1.9072809e+00   5.8052180e-01   5.0555109e-01   5.0462684e-01   1.0872808e+00   4.5729077e-01   4.0972890e-01  -1.1944301e-01   1.2510202e-01  -1.4702618e-01  -4.4225044e-01  -7.1916779e-01  -8.1616407e-01  -9.5843028e-01  -1.2668959e+00
   2.1563426e+00   1.4110021e+00   2.3452167e-01   5.8887864e-01   8.2905082e-01   1.2033087e+00   2.8977190e-01   2.2899418e-01   7.4293016e-02   1.0015096e-01  -2.7792186e-01  -5.7127257e-01  -9.7939088e-01  -8.2545685e-01  -9.2782405e-01  -1.0667085e+00
   1.8591174e+00   1.6679791e+00   7.3246614e-01   1.1387207e+00   1.0456606e+00   1.0480789e+00   3.6461847e-01   6.4621330e-01   5.7030501e-01   1.0188319e-02  -1.6303257e-01  -3.4992493e-01  -1.1647706e+00  -8.1857740e-01  -9.1188259e-01  -1.2941687e+00
   2.3188909e+00   1.5822531e+00   6.9022157e-01   6.3716438e-01   1.0853675e+00   1.2796346e+00   6.6728743e-01   4.2138488e-01   2.6897770e-01  -1.2662120e-02  -2.7895220e-01  -3.4210048e-01  -8.3960687e-01  -8.1734786e-01  -9.3512050e-01  -1.1495141e+00
   2.2682478e+00   1.7763129e+00   7.5099807e-01   7.8011442e-01   7.0167758e-01   3.2486257e-01   4.1542250e-01   6.0120809e-01   4.3508648e-01   1.3070149e-01  -4.1201008e-01  -3.9892599e-01  -8.3086975e-01  -1.0756649e+00  -1.0837078e+00  -1.0568042e+00
   2.4402272e+00   1.9702343e+00   4.7978705e-01   5.9422914e-01   6.4411722e-01   5.5756867e-01   5.8420943e-01   4.2495164e-01   5.4314574e-01  -4.1145770e-01  -1.7406173e-01  -4.2618210e-01  -1.0309844e+00  -1.1088514e+00  -9.4187416e-01  -1.0922343e+00
   2.1875228e+00   1.5429788e+00   3.0789224e-01   5.0064600e-01   3.0935654e-01   4.4730275e-01   2.1140824e-01   3.5359659e-01   3.8638703e-01  -5.9641838e-02  -4.1639362e-01  -6.4806680e-01  -1.1537555e+00  -1.2508164e+00  -9.7556531e-01  -1.1982190e+00
   2.0534186e+00   2.2144219e+00   8.0738204e-01   6.4625929e-01   3.2367376e-01   6.2395891e-01   2.9563758e-01   3.6552026e-01   2.4802700e-01   1.9775673e-01  -2.4556569e-01  -8.3720633e-01  -1.0438529e+00  -7.9633729e-01  -9.0205639e-01  -1.1580097e+00
   2.0069571e+00   1.3853422e+00   1.0246064e+00   7.7119572e-01   7.0535792e-01   1.0973483e+00   6.8439087e-01   2.8342039e-01   3.8782803e-01   5.5440402e-02  -3.7720561e-01  -5.8858027e-01  -6.2547670e-01  -1.0330423e+00  -8.7605077e-01  -1.0818639e+00
   2.8938482e+00   1.9435937e+00   2.6778369e-01   3.0480200e-01   2.9216292e-01   1.0389527e+00   7.1103190e-01   4.8908971e-01   7.1751236e-01   1.1523295e-01  -4.3401076e-01  -7.7484062e-01  -9.6266687e-01  -1.0800267e+00  -1.0480334e+00  -1.0645715e+00
