   2.7317297e+00   1.7724790e+00   1.7226226e+00   1.6576579e+00   1.1341611e+00   1.2366171e+00   1.1317854e+00   1.1738968e+00   1.3982021e+00   1.1359550e+00   8.1135600e-01   1.0858434e+00   6.5333621e-01   7.5578474e-01   5.4353114e-01   6.4115882e-01
   2.5000980e+00   1.6775841e+00   1.0872908e+00   1.2056974e+00   1.0762723e+00   1.0033191e+00   1.1238960e+00   1.2690088e+00   1.1163412e+00   1.0288338e+00   7.7180400e-01   8.0409391e-01   6.2632509e-01   4.8231727e-01   4.8941331e-01   5.8883456e-01
   2.4246815e+00   1.8015481e+00   1.6846768e+00   1.0915202e+00   1.3784295e+00   1.3277386e+00   9.3441205e-01   1.3365777e+00   9.1604662e-01   9.2528738e-01   1.1098066e+00   8.3510145e-01   4.9759391e-01   2.7792799e-01   3.6376037e-01   4.6315429e-01
   2.3535140e+00   1.9348145e+00   1.2989081e+00   1.5367790e+00   1.1922122e+00   1.4538256e+00   1.3490551e+00   1.0772031e+00   1.3869689e+00   1.0990007e+00   9.8399909e-01   1.0518933e+00   5.2801704e-01   6.6095610e-01   5.2877229e-01   4.1449676e-01
   2.6136676e+00   2.3299544e+00   1.8350635e+00   1.7691642e+00   9.7573231e-01   1.3431702e+00   9.8844074e-01   8.9680147e-01   9.9853275e-01   1.1200093e+00   1.0825039e+00   1.1244065e+00   5.8083368e-01   5.4061502e-01   7.2554110e-01   5.4472058e-01
   2.7099128e+00   2.0749106e+00   1.5058278e+00   1.5624930e+00   1.4718891e+00   1.0186333e+00   8.6150707e-01   8.1065144e-01   1.1595170e+00   1.1646307e+00   1.0056435e+00   1.0541598e+00   7.7586209e-01   7.2959884e-01   3.8135924e-01   4.5735074e-01
   2.8356252e+00   1.9087655e+00   1.4050580e+00   1.6248515e+00   1.1657389e+00   1.2706398e+00   1.1098626e+00   9.1377087e-01   1.0609283e+00   1.0083045e+00   6.5561816e-01   1.0168527e+00   9.0554305e-01   6.6636515e-01   7.7123629e-01   8.9016664e-01
   2.4804935e+00   1.8530072e+00   1.0688812e+00   8.1765421e-01   1.0514749e+00   1.6719141e+00   1.1489359e+00   1.0019339e+00   1.3225315e+00   1.3505005e+00   9.7415812e-01   6.3220772e-01   6.1094008e-01   5.7015964e-01   6.5440807e-01   7.4575499e-01
   2.5536087e+00   2.0085766e+00   1.2002720e+00   8.4886434e-01   9.8476487e-01   1.5333438e+00   1.1642927e+00   1.0502236e+00   8.5897096e-01   1.0727129e+00   1.0721974e+00   1.1006303e+00   4.7841464e-01   6.5852991e-01   6.8659394e-01   6.9080741e-01
   2.6492126e+00   1.7404851e+00   1.4597741e+00   7.2012919e-01   1.1250739e+00   1.3765015e+00   1.3367144e+00   1.3168891e+00   1.2102797e+00   9.8455381e-01   1.1553098e+00   1.4236651e+00   1.0387955e+00   9.0341627e-01   7.1463682e-01   8.7852076e-01
   2.7424632e+00   1.4650108e+00   1.4752347e+00   1.1673660e+00   1.4742084e+00   1.1538539e+00   1.3612617e+00   1.4092351e+00   1.2581999e+00   1.1072903e+00   1.3207135e+00   9.8961688e-01   8.0558181e-01   5.9886240e-01   4.5122793e-01   6.5532315e-01
   2.0638275e+00   1.7653317e+00   1.1836727e+00   9.6786571e-01   8.3724678e-01   1.3818127e+00   1.3671521e+00   9.9321738e-01   9.8204746e-01   7.9581077e-01   6.8946878e-01   7.6427247e-01   7.4778969e-01   6.1427318e-01   4.4024019e-01   5.9210053e-01
   2.0185550e+00   1.9733137e+00   1.3362772e+00   1.2380679e+00   1.3186667e+00   1.6535031e+00   9.3873213e-01   1.1355206e+00   1.3667552e+00   6.9673751e-01   8.3461272e-01   8.2870512e-01   6.5170890e-01   8.3319706e-01   8.5641155e-01   7.3835865e-01
   2.3706504e+00   1.2667604e+00   1.9420423e+00   1.6535665e+00   8.8287596e-01   1.8279464e+00   9.8116223e-01   9.3752613e-01   9.9257566e-01   7.5170617e-01   5.6182721e-01   8.0504668e-01   5.2695228e-01   3.8463897e-01   5.0620857e-01   6.8142594e-01
   2.2117001e+00   2.1829768e+00   2.1084710e+00   1.0081048e+00   1.3953143e+00   1.6217715e+00   8.7515842e-01   6.7753996e-01   9.9259875e-01   7.3087515e-01   9.3897213e-01   1.0314843e+00   3.0090896e-01   4.2989645e-01   6.7925777e-01   2.0792697e-01
   2.1355083e+00   1.6733960e+00   1.1843864e+00   6.5008483e-01   1.1095712e+00   1.2719050e+00   1.0450342e+00   9.7438476e-01   9.9071634e-01   1.0630752e+00   1.2877280e+00   1.1112826e+00   6.1099465e-01   5.4666460e-01   5.5473703e-01   7.3706474e-01
   2.4107342e+00   2.1879438e+00   1.8428648e+00   1.0326812e+00   1.1805352e+00   9.6021966e-01   9.3125917e-01   5.9707806e-01   1.0980861e+00   1.0922204e+00   1.1929130e+00   1.0341212e+00   2.8126441e-01  -8.8998047e-02   5.0496922e-01   3.3341534e-01
   2.7087957e+00   1.9141470e+00   1.0175978e+00   1.0200736e+00   1.3157820e+00   1.2736778e+00   1.0447377e+00   9.4208877e-01   9.1200937e-01   1.1762935e+00   1.1077536e+00   7.8984415e-01   6.9299397e-01   2.9026455e-01   3.9422045e-01   6.0987314e-01
   1.8021301e+00   1.2414203e+00   7.0865268e-01   1.0807119e+00   1.7250031e+00   1.2348284e+00   7.5816368e-01   6.6088421e-01   5.1512909e-01   9.3372992e-01   1.1428539e+00   1.0206844e+00   6.0992530e-01   6.1567958e-01   5.6262991e-01   9.6057795e-01
   2.6916693e+00   1.6396867e+00   1.1503510e+00   1.0836047e+00   1.1067314e+00   1.4698432e+00   8.7699609e-01   9.8392161e-01   1.2830103e+00   9.7815973e-01   9.1245759e-01   6.0796201e-01   2.8687519e-01   5.4857429e-01   4.8076267e-01   4.1118179e-01
   1.8340271e+00   1.6015807e+00   1.0229119e+00   1.4349401e+00   1.3978373e+00   1.4148458e+00   8.5708755e-01   1.0070529e+00   9.8973344e-01   7.3941440e-01   8.8648770e-01   6.7583943e-01   5.4456455e-01   4.6066411e-01   2.6737300e-01   5.3499899e-01
   2.2713550e+00   2.1645765e+00   1.4085647e+00   1.0770711e+00   1.1839162e+00   1.4235606e+00   7.1190695e-01   1.2556425e+00   1.2055416e+00   5.3694016e-01   1.0869499e+00   1.2391888e+00   8.8369480e-01   5.7346541e-01   4.9322635e-01   5.5281802e-01
   2.5476001e+00   1.8023637e+00   1.1571367e+00   1.0217120e+00   1.0645856e+00   1.1132550e+00   8.2263927e-01   9.5549193e-01   1.1580218e+00   1.0003554e+00   1.0406138e+00   7.6267362e-01   6.4748218e-01   4.7556540e-01   5.1887725e-01   6.6035903e-01
   2.6181941e+00   1.6518630e+00   1.1401523e+00   1.1964600e+00   1.3502017e+00   1.5544680e+00   1.2992284e+00   1.0021933e+00   1.3317910e+00   1.1796871e+00   7.0632244e-01   4.7797765e-01   6.0446767e-01   4.2977588e-01   6.2104694e-01   6.0765763e-01
   2.1822118e+00   1.3934517e+00   1.1853488e+00   1.7825815e+00   1.5365468e+00   1.3339592e+00   8.8371403e-01   1.0885294e+00   1.2752466e+00   1.3559226e+00   7.9740089e-01   6.6114431e-01   5.5857659e-01   4.3543882e-01   4.8586445e-01   3.0689947e-01
   2.7408123e+00   1.8186553e+00   1.5619402e+00   1.0120425e+00   9.5483571e-01   1.3267481e+00   1.0059930e+00   6.8878964e-01   1.0563868e+00   1.3809119e+00   1.2405082e+00   8.8797447e-01   4.2544404e-01   4.8501747e-01   5.3020436e-01   4.9858569e-01
   2.8278488e+00   2.0846872e+00   1.6173225e+00   1.3376813e+00   9.9849019e-01   1.0863035e+00   7.0499134e-01   5.6286686e-01   9.3898089e-01   1.1412032e+00   1.0406903e+00   5.3420969e-01   6.8006363e-01   6.6402156e-01   6.8417979e-01   5.6408781e-01
   2.2905777e+00   1.6538765e+00   1.2284339e+00   1.6622618e+00   1.3586925e+00   1.4269546e+00   8.2456179e-01   7.2936750e-01   7.2566308e-01   9.0910427e-01   9.1301916e-01   9.6431140e-01   6.1112003e-01   8.2358380e-01   7.8662426e-01   4.2394740e-01
   2.3347514e+00   1.9476880e+00   1.3928070e+00   1.7109976e+00   1.6192340e+00   1.6787003e+00   9.5360066e-01   1.1577166e+00   1.1733911e+00   1.2000957e+00   8.8100486e-01   1.2577720e+00   6.2270519e-01   9.2323893e-01   8.9725140e-01   2.9261657e-01
   2.4714123e+00   2.1447214e+00   1.6781244e+00   1.9786552e+00   1.2906305e+00   1.4749336e+00   9.7479180e-01   6.1454644e-01   1.2694300e+00   1.1358745e+00   9.5191601e-01   1.2805712e+00   1.0410768e+00   1.1497307e+00   1.0297459e+00   3.9012771e-01
   2.4574546e+00   2.1053912e+00   1.5307818e+00   2.0071288e+00   1.0640984e+00   1.4233344e+00   1.1634569e+00   1.2085188e+00   8.7679097e-01   9.5567870e-01   1.3981839e+00   1.2788872e+00   8.4988227e-01   1.2229148e+00   1.0345195e+00   5.5464534e-01
   2.9810004e+00   2.3799542e+00   2.0394280e+00   2.1139040e+00   1.4016666e+00   1.5256704e+00   1.1297513e+00   6.3916430e-01   1.1569805e+00   1.0537628e+00   1.2357650e+00   1.6017734e+00   1.0656573e+00   1.3709706e+00   1.2290680e+00   5.7034126e-01
   2.5106412e+00   2.3566520e+00   1.8360583e+00   1.5327397e+00   9.2851958e-01   1.5741991e+00   1.3740039e+00   8.0662968e-01   9.5795777e-01   1.2258773e+00   1.4707555e+00   1.4540871e+00   7.6069581e-01   1.3845931e+00   1.3798109e+00   4.6331052e-01
   2.2347009e+00   2.3787200e+00   1.7490659e+00   1.6171665e+00   1.5543928e+00   1.3737505e+00   1.0498226e+00   1.0848251e+00   9.4114317e-01   1.2615041e+00   1.4726886e+00   1.5574550e+00   8.5333088e-01   1.4507414e+00   1.3087814e+00   4.0583179e-01
   2.9200886e+00   2.1048313e+00   1.7169275e+00   2.0136812e+00   1.6486428e+00   1.2074067e+00   1.2424000e+00   1.1913936e+00   1.0317595e+00   1.0934098e+00   1.6272513e+00   1.4154117e+00   1.0363977e+00   1.5878174e+00   1.2127628e+00   3.1677987e-01
   2.3783534e+00   2.0268837e+00   1.7057417e+00   1.8378386e+00   1.2732427e+00   1.2796145e+00   1.2405307e+00   1.1908571e+00   7.6747905e-01   1.1391512e+00   1.6746505e+00   1.6243539e+00   1.1305279e+00   1.7632265e+00   1.3259852e+00   4.5468302e-01
   2.6296723e+00   1.9462471e+00   1.9328035e+00   1.9651483e+00   1.4249553e+00   1.4120555e+00   1.2085350e+00   1.0850751e+00   1.3265439e+00   1.2366703e+00   1.7570539e+00   1.8568191e+00   1.4390097e+00   1.9717465e+00   1.5329031e+00   4.3544964e-01
   3.2384549e+00   1.6241250e+00   1.9751148e+00   2.0791928e+00   1.5458707e+00   1.6158541e+00   1.1370303e+00   1.0440824e+00   1.3943938e+00   1.0849964e+00   1.4230717e+00   1.6166413e+00   1.3013991e+00   1.9278787e+00   1.5636418e+00   5.7017425e-01
   2.7876668e+00   2.0091912e+00   1.5916153e+00   1.5911470e+00   1.5333729e+00   1.5021230e+00   1.1416316e+00   1.0585189e+00   1.3738450e+00   8.7775267e-01   1.0605141e+00   1.6146143e+00   1.4943897e+00   2.1597090e+00   1.6806197e+00   1.4443488e-01
   2.6775714e+00   1.9414279e+00   1.9972032e+00   1.9388756e+00   1.4210479e+00   1.4064199e+00   1.0505376e+00   8.1621922e-01   1.1866491e+00   8.9123545e-01   1.0178893e+00   1.4799517e+00   1.2020040e+00   2.1188348e+00   1.6680893e+00   2.1368338e-01
   3.1719055e+00   2.0211753e+00   1.8666694e+00   1.7853327e+00   1.1300902e+00   1.2239312e+00   1.1335270e+00   9.5781615e-01   1.2700807e+00   1.3642408e+00   1.0862856e+00   1.3690647e+00   1.2839267e+00   2.1112366e+00   1.7610385e+00   5.6367835e-01
   2.9951502e+00   2.4196288e+00   1.6818050e+00   1.7324430e+00   1.1144771e+00   1.2161807e+00   9.9260190e-01   1.0823902e+00   1.0756735e+00   9.6016114e-01   1.2064570e+00   1.4224091e+00   1.5148688e+00   2.1760802e+00   1.5955232e+00   5.1469072e-01
   2.6459746e+00   2.1073856e+00   1.7727273e+00   1.6152056e+00   1.1997124e+00   1.4263507e+00   1.1030318e+00   1.0853974e+00   1.2163338e+00   9.3026911e-01   1.3887572e+00   1.6151714e+00   1.6533115e+00   2.2064431e+00   1.6922867e+00   6.2453672e-01
   2.8852611e+00   2.1411280e+00   1.3468634e+00   1.7825288e+00   1.3106410e+00   1.3679185e+00   8.9344910e-01   8.1499764e-01   9.0225972e-01   1.1917504e+00   1.4890953e+00   1.4535499e+00   1.5957157e+00   2.2607881e+00   1.8003028e+00   4.4946980e-01
   2.7607526e+00   2.3576228e+00   1.8088329e+00   1.7439468e+00   1.8258767e+00   1.3180848e+00   1.2794503e+00   7.6431184e-01   8.2882307e-01   1.0851770e+00   1.1501979e+00   1.4163912e+00   1.6825158e+00   2.2723138e+00   1.9442149e+00   6.6884539e-01
   2.7255656e+00   2.3200469e+00   1.7954257e+00   1.5415903e+00   1.2688586e+00   1.4813337e+00   1.2364390e+00   8.4523904e-01   1.1301344e+00   1.0042258e+00   1.1170503e+00   1.4168577e+00   1.4887717e+00   2.1390409e+00   1.8291398e+00   4.8023652e-01
   2.6865175e+00   1.9083064e+00   1.8018037e+00   1.7170690e+00   1.3419401e+00   1.7652816e+00   1.0384718e+00   5.9069860e-01   9.0542747e-01   6.4129923e-01   1.0790731e+00   1.1957337e+00   1.3316759e+00   2.1642366e+00   1.6309791e+00   2.9585943e-01
   2.1479591e+00   2.2346641e+00   2.0309578e+00   1.7089912e+00   1.5038733e+00   1.5097322e+00   1.0231961e+00   7.2848102e-01   1.0806343e+00   9.5755617e-01   1.1075735e+00   1.1994988e+00   1.2998069e+00   2.0976158e+00   1.5732393e+00   2.8978412e-01
   1.9876326e+00   1.6618473e+00   1.6960644e+00   1.6872686e+00   1.4811742e+00   1.5684542e+00   1.2459393e+00   9.0464901e-01   1.0547993e+00   9.4771428e-01   1.1350511e+00   1.1931494e+00   1.0912262e+00   1.8608096e+00   1.2943122e+00   4.4016442e-01
   2.2588326e+00   2.3529151e+00   1.7265515e+00   7.3136043e-01   8.3807595e-01   1.2540274e+00   8.5909586e-01   7.5885876e-01   9.8704304e-01   1.0001973e+00   1.1685451e+00   1.2505872e+00   1.1517758e+00   1.7977208e+00   1.3301796e+00   6.0830610e-01
   2.5525115e+00   1.7143905e+00   1.3234166e+00   1.5398897e+00   1.5148648e+00   1.4214480e+00   1.4050190e+00   7.0191818e-01   8.9761434e-01   1.1741048e+00   1.2682518e+00   1.2856456e+00   1.1132411e+00   1.5930009e+00   1.0066511e+00   3.7387687e-01
   2.5875953e+00   1.5077582e+00   1.4058613e+00   1.2454951e+00   1.4637574e+00   1.5888598e+00   9.7584528e-01   8.3999570e-01   6.2870892e-01   1.0914361e+00   1.0952109e+00   1.3671112e+00   1.1721538e+00   1.6347368e+00   1.0139450e+00   3.6331185e-01
   2.5551639e+00   1.8076620e+00   1.3603754e+00   1.2833018e+00   1.0657120e+00   1.3235487e+00   9.1025302e-01   9.9457290e-01   9.9690892e-01   7.0786093e-01   1.0375336e+00   1.3399425e+00   1.3489049e+00   1.4336115e+00   8.0997505e-01   2.1505984e-01
   2.5148769e+00   1.5029497e+00   1.5896453e+00   1.4975278e+00   1.2780722e+00   1.0936452e+00   1.0624873e+00   8.9663809e-01   1.1144450e+00   1.0182330e+00   1.0261461e+00   1.0669137e+00   1.0489455e+00   1.3414460e+00   9.4461066e-01   4.4620529e-01
   2.4704577e+00   1.6045197e+00   1.6811914e+00   1.3536942e+00   5.0022099e-01   1.1852426e+00   1.0239133e+00   8.4577809e-01   9.9701695e-01   6.0950709e-01   1.1896079e+00   1.2698946e+00   1.0145939e+00   1.4187971e+00   9.7147117e-01   5.4463944e-01
   2.3808141e+00   1.4241354e+00   1.5581701e+00   1.4303718e+00   1.1861420e+00   9.5789788e-01   6.8499403e-01   6.0401602e-01   7.9943539e-01   4.2716371e-01   6.3715464e-01   1.1272265e+00   9.9197900e-01   1.3744469e+00   9.2888277e-01   1.1770959e-01
   1.6360666e+00   1.6495800e+00   1.5123942e+00   1.4626943e+00   1.1736173e+00   1.3348280e+00   6.9676873e-01   7.4414958e-01   8.7639407e-01   5.5380559e-01   7.5158508e-01   1.2045651e+00   7.3675276e-01   1.0955658e+00   9.7147043e-01   4.4489940e-01
   1.9964430e+00   1.7441168e+00   1.6641484e+00   1.7822721e+00   1.5659635e+00   1.5483901e+00   6.5252311e-01   6.5264567e-01   6.5509609e-01   8.2760462e-01   9.3677990e-01   1.0741768e+00   8.5596729e-01   1.2595433e+00   8.2934747e-01   3.4119108e-01
   2.6524286e+00   1.9314090e+00   1.8037311e+00   1.4604944e+00   9.8270287e-01   1.3916357e+00   1.0167671e+00   4.9185825e-01   8.5661195e-01   7.3688940e-01   7.1376763e-01   6.8834343e-01   5.1855512e-01   9.7709968e-01   5.8288425e-01  -5.9254384e-02
   2.1117006e+00   1.8584683e+00   9.3961810e-01   1.8394338e+00   1.2682135e+00   1.4091565e+00   9.4357120e-01   9.0896483e-01   8.0733475e-01   8.2691264e-01   4.5995351e-01   8.2625378e-01   6.2791692e-01   7.3338721e-01   5.1981413e-01   3.8599843e-01
   2.4301243e+00   1.7793937e+00   1.0274708e+00   1.5335857e+00   1.5439681e+00   1.3663480e+00   5.7997830e-01   7.5271729e-01   6.9726978e-01   6.3198560e-01   8.3322410e-01   9.2879904e-01   5.5824951e-01   7.2212087e-01   5.5745997e-01   2.5134366e-01
   1.9141076e+00   1.1160263e+00   1.1661333e+00   1.3321303e+00   1.3475299e+00   1.0929908e+00   1.2811965e+00   1.0427093e+00   7.0712993e-01   1.0143895e+00   1.0345441e+00   1.0107644e+00   5.7507125e-01   9.0061089e-01   5.3691974e-01   4.1098843e-01
   2.5915766e+00   1.4616819e+00   8.8480912e-01   7.9480664e-01   1.2169699e+00   1.4333726e+00   1.0418247e+00   7.8489963e-01   1.0429512e+00   8.6881170e-01   1.4311238e+00   1.2775763e+00   5.7896974e-01   9.0214484e-01   8.7129253e-01   6.6117933e-01
   2.4680722e+00   2.3007703e+00   1.3636601e+00   8.1363320e-01   1.1788705e+00   1.4180271e+00   6.8922010e-01   4.1228304e-01   1.0629500e+00   1.0809729e+00   8.2289771e-01   8.1214590e-01   3.9529942e-01   3.5704500e-01   3.9052485e-01   2.0540163e-01
   2.2795417e+00   2.3869883e+00   1.3104444e+00   1.0373468e+00   1.3628519e+00   1.2158022e+00   1.1233347e+00   5.9111526e-01   1.0069703e+00   1.0609899e+00   1.0610455e+00   9.5276460e-01   4.4857965e-01   2.9195666e-01   4.7983297e-01   3.9815504e-01
   2.7315494e+00   2.2567061e+00   1.3810626e+00   1.5178797e+00   1.2263395e+00   1.2313758e+00   8.4116809e-01   8.8778960e-01   1.1092601e+00   1.0942466e+00   5.7632841e-01   5.2637655e-01   5.7654438e-01   3.9401744e-01   2.7456945e-01   4.5125728e-01
   2.5231626e+00   2.1335803e+00   1.0935240e+00   9.8118697e-01   1.0441395e+00   1.4346896e+00   8.8110809e-01   7.5650254e-01   7.0482346e-01   8.7286691e-01   3.8676474e-01   3.4633241e-01   2.7993722e-01   1.8231255e-01   4.2542322e-01   5.0871217e-01
   2.6121532e+00   1.3521854e+00   7.1774655e-01   2.4806156e-01   8.1417433e-01   1.3609742e+00   8.2692451e-01   4.3009189e-01   1.0052508e+00   9.0280458e-01   6.5125122e-01   4.0935310e-01   4.8859807e-01   8.7496116e-02   1.8998654e-01   2.8782059e-01
   2.6379463e+00   1.8821864e+00   9.8235436e-01   6.5706733e-01   6.0676736e-01   1.3949407e+00   9.8649989e-01   9.2464123e-01   7.8626838e-01   8.2323832e-01   5.1747252e-01   5.7648831e-01   2.3339104e-01   1.3945404e-01   7.7113500e-02   1.3012881e-01
   2.4102357e+00   2.2513874e+00   1.5015055e+00   1.4052209e+00   7.8433790e-01   1.4421887e+00   1.3324780e+00   8.3778986e-01   8.7862095e-01   1.0642652e+00   3.9473691e-01   5.4886401e-01   4.9132873e-01   3.4033189e-01   3.1984785e-01   2.1208152e-01
   2.1426823e+00   1.3196093e+00   1.3405160e+00   1.2972227e+00   5.5689927e-01   8.1506023e-01   8.4749731e-01   1.0818340e+00   1.1335935e+00   8.0254860e-01   6.8744049e-01   7.8418298e-01   4.5784188e-01   3.6982017e-01   2.3379923e-01   3.3510880e-01
   2.6037736e+00   1.6859308e+00   1.4763642e+00   9.6154358e-01   7.5420027e-01   1.1885735e+00   6.6102897e-01   8.7195075e-01   6.1323507e-01   8.2373784e-01   9.7202947e-01   1.2686090e+00   6.1117440e-01   2.2389493e-01   1.6092127e-01   7.5908133e-02
   2.6045160e+00   1.5857385e+00   9.5302752e-01   1.1124486e+00   1.3518285e+00   1.1689840e+00   9.2330305e-01   9.4785526e-01   7.2011598e-01   1.0433507e+00   6.2774809e-01   6.8147827e-01   3.5645079e-01   4.0308689e-01  -3.5101105e-03   3.0383556e-02
   2.1982342e+00   1.3423927e+00   1.3707830e+00   1.0087405e+00   8.3026298e-01   1.0216035e+00   1.0512490e+00   5.5524838e-01   2.5026285e-01   8.6964508e-01   4.6412240e-01   6.3064501e-01   4.1050060e-01   2.2490454e-01   2.7945620e-01   6.6671574e-02
   1.6692051e+00   1.7258680e+00   8.9785968e-01   4.9109103e-01   6.7190677e-01   1.0437640e+00   1.0011441e+00   1.0399595e+00   9.6691651e-01   1.0899893e+00   4.9726742e-01   6.5907922e-01   7.0658973e-01   3.0137296e-01   4.9921173e-01   2.0600771e-01
   2.4666973e+00   1.5958881e+00   6.0056540e-01   7.4619693e-01   8.3218415e-01   1.2498021e+00   8.5915733e-01   1.1025193e+00   8.2312770e-01   6.3342669e-01   6.7993506e-01   1.0094625e+00   4.2527872e-01   2.3562603e-01   2.9211817e-01   3.7065353e-01
   1.8061828e+00   1.5027245e+00   8.9324543e-01   1.0714253e+00   1.0894632e+00   1.0622143e+00   6.7482546e-01   6.6454765e-01   1.0621907e+00   7.2703728e-01   9.5396367e-01   7.6273562e-01   3.9041310e-01   1.9660703e-01   4.6389851e-01   5.2903408e-01
   2.6719005e+00   1.9402731e+00   7.4275825e-01   1.4249880e+00   1.3529251e+00   8.2788935e-01   8.3484204e-01   4.3779518e-01   9.2645032e-01   1.1724835e+00   9.5104480e-01   8.3621881e-01   2.3170567e-01   4.2821701e-01   4.3574327e-01   3.5771808e-01
   2.6372635e+00   1.4926380e+00   1.0329718e+00   1.3499105e+00   1.1129407e+00   1.4961789e+00   9.8299832e-01   7.4471935e-01   1.2218044e+00   1.1093526e+00   8.4803078e-01   1.0947488e+00   7.3394659e-01   1.2497200e-01   1.3557786e-01   3.4938401e-01
   2.8537534e+00   1.5912282e+00   1.4915102e+00   1.3575340e+00   1.2935456e+00   1.2588661e+00   6.4163616e-01   8.8409388e-01   6.9012566e-01   8.8537336e-01   9.5568714e-01   1.0006422e+00   5.5850541e-01   4.7466901e-01   4.1551979e-01   5.8500838e-01
   2.2509530e+00   2.1391299e+00   1.2286844e+00   1.3962219e+00   1.6831786e+00   1.6183136e+00   4.6566798e-01   7.0651901e-01   9.1022976e-01   9.8670947e-01   9.3545951e-01   8.1114767e-01   4.7322860e-01   4.8979182e-01   3.5756362e-01   2.8204491e-01
   1.7317480e+00   1.9840384e+00   1.5873321e+00   1.2914194e+00   1.5645431e+00   1.4576926e+00   5.8498345e-01   8.5813596e-01   4.6617646e-01   8.1347619e-01   9.1160485e-01   8.3550329e-01   4.5644096e-01   6.6977077e-02   3.7939853e-01   3.3134852e-01
   2.0529249e+00   1.7911343e+00   1.0465040e+00   7.3369574e-01   1.4627823e+00   1.7908998e+00   8.6441017e-01   7.8003099e-01   6.5700606e-01   7.0733772e-01   6.9091987e-01   7.1254559e-01   8.6165245e-02  -3.8994225e-02  -5.8685680e-03   3.2070827e-01
   2.3896338e+00   1.9915814e+00   1.6174546e+00   9.4290360e-01   7.1653797e-01   1.4297521e+00   1.0543394e+00   7.0967843e-01   6.9438997e-01   4.3644362e-01   7.0565929e-01   5.0940599e-01   3.8532036e-01   1.6034502e-01   3.8045178e-01   2.2287361e-01
   2.5021865e+00   1.7923479e+00   9.7816929e-01   1.3062020e+00   6.6684291e-01   1.5311651e+00   1.0013340e+00   2.5797078e-01   8.9666305e-01   8.4025296e-01   9.0170429e-01   3.7959610e-01   2.7898306e-01   1.4510305e-01   2.4512971e-01   2.7368141e-01
