   3.0823877e-01  -3.1701082e-01  -8.5847758e-01  -1.5883396e-01  -8.2627004e-01  -1.4058065e+00  -2.1580158e+00  -1.9469418e+00  -1.5257495e+00  -1.6325620e+00  -1.8514155e+00  -2.7946547e+00  -2.2959633e+00  -2.1001064e+00  -2.3822889e+00  -2.1322065e+00
   2.9326413e-01  -7.0552524e-01  -8.4476691e-01  -7.1337312e-01  -1.1614181e+00  -1.9556535e+00  -2.3410738e+00  -1.7558877e+00  -1.5763267e+00  -1.6589800e+00  -1.6743097e+00  -2.4581722e+00  -2.3669179e+00  -2.1321101e+00  -2.3379897e+00  -2.0327862e+00
   7.1429294e-01  -3.0441974e-01  -7.4611420e-01  -1.2146660e+00  -9.6830914e-01  -1.7437791e+00  -2.2497011e+00  -1.8805294e+00  -1.8698799e+00  -1.8712920e+00  -1.6926820e+00  -2.4795918e+00  -2.1108021e+00  -1.8102666e+00  -2.1486190e+00  -2.1529724e+00
   2.1478761e-01  -5.8507643e-01  -6.5629203e-01  -5.7685608e-01  -9.7861202e-01  -1.5277833e+00  -2.2754504e+00  -1.8497740e+00  -1.8289132e+00  -1.8374154e+00  -1.8941984e+00  -2.6833539e+00  -2.1462529e+00  -2.0767111e+00  -2.5548538e+00  -2.3398761e+00
   7.6151811e-01  -5.1619330e-01  -4.5786025e-01  -3.9174086e-01  -1.3951483e+00  -1.4053090e+00  -2.3062510e+00  -1.8673201e+00  -1.5118571e+00  -1.5102404e+00  -2.0282598e+00  -2.4832672e+00  -2.3418153e+00  -2.2175510e+00  -2.2222990e+00  -2.4676848e+00
   5.5552796e-01  -5.8036872e-01  -9.1164988e-01  -3.3529012e-01  -1.2100856e+00  -1.7275025e+00  -2.3994837e+00  -1.8552779e+00  -2.3856066e+00  -1.8553178e+00  -1.6090737e+00  -2.6779231e+00  -2.1868681e+00  -2.0197867e+00  -2.3009578e+00  -2.2569043e+00
   7.4327625e-02  -6.7693776e-01  -1.1918500e+00  -5.7800407e-01  -7.5377437e-01  -1.4864896e+00  -2.3631966e+00  -2.1152338e+00  -1.7926480e+00  -1.9638053e+00  -1.8736688e+00  -2.6512128e+00  -1.9777818e+00  -1.9582827e+00  -2.1181205e+00  -1.7993540e+00
   2.6341347e-01  -6.5601642e-01  -1.2218074e+00  -5.1520584e-01  -1.2257953e+00  -1.4862543e+00  -2.4132735e+00  -1.9440399e+00  -1.9582615e+00  -1.7503850e+00  -1.6929859e+00  -2.4328623e+00  -1.8224209e+00  -1.8324089e+00  -1.8932498e+00  -1.6331125e+00
   2.8008930e-01  -7.8332914e-01  -1.7884547e+00  -8.8780424e-01  -1.3547157e+00  -1.1603133e+00  -2.1294233e+00  -2.0399140e+00  -1.5877062e+00  -1.6425032e+00  -1.5726976e+00  -1.9158777e+00  -1.9070358e+00  -1.4972369e+00  -1.4865054e+00  -1.7848292e+00
   4.6409542e-01  -3.7864833e-01  -7.9754711e-01  -2.0081098e-01  -9.1454039e-01  -8.5060818e-01  -2.1342329e+00  -1.7104929e+00  -1.4741293e+00  -1.5550559e+00  -1.5786941e+00  -2.3051934e+00  -1.7597947e+00  -1.6502857e+00  -1.6980496e+00  -1.7299968e+00
   7.7208463e-01  -3.5060300e-01  -8.6686168e-01  -1.7697617e-01  -7.0735516e-01  -1.1624796e+00  -2.1650096e+00  -1.9107342e+00  -1.6297737e+00  -1.3565840e+00  -1.6511248e+00  -1.8316368e+00  -1.3329380e+00  -1.4246287e+00  -1.5306361e+00  -1.5949034e+00
   1.1013500e-01  -6.0229667e-01  -9.4565088e-01  -6.1900291e-01  -7.8754635e-01  -8.5586327e-01  -2.4170718e+00  -2.2196884e+00  -1.4278507e+00  -1.7575303e+00  -2.0494498e+00  -2.4501401e+00  -2.1771093e+00  -2.3162094e+00  -1.9395781e+00  -2.1600607e+00
   2.4666850e-01  -4.7507461e-01  -9.3882599e-01  -4.1141356e-01  -9.0057243e-01  -1.2468042e+00  -2.1383989e+00  -2.0041026e+00  -2.1066574e+00  -2.1660378e+00  -2.0165703e+00  -3.0147831e+00  -2.2551748e+00  -2.3290594e+00  -2.4901590e+00  -2.1703199e+00
  -3.8463479e-01  -1.3958540e+00  -7.3192625e-01  -7.0803644e-01  -8.7917324e-01  -1.9926183e+00  -2.4466467e+00  -1.9397716e+00  -1.8665607e+00  -1.8607824e+00  -1.8400079e+00  -2.3335812e+00  -2.1985451e+00  -2.3757903e+00  -2.3308677e+00  -2.4330814e+00
   2.1595604e-01  -9.4845613e-01  -1.0872379e+00  -1.0628682e+00  -1.3434913e+00  -1.5215598e+00  -2.1304264e+00  -1.9929901e+00  -1.9008978e+00  -1.9749717e+00  -1.9066976e+00  -2.5368957e+00  -2.1120983e+00  -2.4978300e+00  -2.8785329e+00  -2.3020566e+00
   2.3414871e-01  -7.8048756e-01  -1.0043007e+00  -6.0065919e-01  -1.3277047e+00  -1.1766473e+00  -2.0043955e+00  -2.1110669e+00  -1.7376382e+00  -1.9376148e+00  -1.9140704e+00  -3.0635647e+00  -2.7505756e+00  -2.4644275e+00  -2.5423069e+00  -2.4783253e+00
  -1.3187983e-01  -7.7830538e-01  -8.8785469e-01  -7.8112552e-01  -8.6744958e-01  -1.0555382e+00  -2.5426739e+00  -2.6693990e+00  -2.3112768e+00  -2.2090013e+00  -1.8224278e+00  -2.5932371e+00  -2.4767957e+00  -2.3813027e+00  -2.5817387e+00  -2.4417144e+00
  -1.4728987e-01  -4.4306700e-01  -3.8338303e-01  -6.9973683e-01  -5.8279214e-01  -1.3336095e+00  -2.0739509e+00  -2.2059720e+00  -2.2481374e+00  -2.0313155e+00  -1.7909397e+00  -2.7198169e+00  -2.1931680e+00  -2.3162630e+00  -2.4535275e+00  -2.1270524e+00
   8.9519497e-01   1.8289536e-01  -5.2275458e-01  -5.3825387e-01  -8.9703471e-01  -1.2041400e+00  -2.0193595e+00  -1.9590969e+00  -1.6714851e+00  -1.8860410e+00  -1.6743302e+00  -2.4680516e+00  -2.1560602e+00  -2.2946448e+00  -2.5482381e+00  -2.1812603e+00
   1.0409823e+00  -3.0661788e-01  -1.6925607e+00  -1.0592548e+00  -9.4482691e-01  -1.1667218e+00  -2.3233461e+00  -1.9422408e+00  -1.6554578e+00  -1.7475397e+00  -1.8231692e+00  -2.5078853e+00  -2.4181524e+00  -2.3460539e+00  -2.5296110e+00  -2.3453188e+00
   5.0186010e-01  -6.6730352e-01  -1.4480032e+00  -1.2506938e+00  -1.0366370e+00  -1.3314728e+00  -1.7875339e+00  -1.7649527e+00  -1.8738071e+00  -1.6757574e+00  -1.8251477e+00  -2.4297241e+00  -2.3083212e+00  -2.1390764e+00  -2.3038687e+00  -2.0701353e+00
  -3.2304773e-01  -5.4056157e-01  -1.1542537e+00  -9.0967595e-01  -1.3583020e+00  -2.0385300e+00  -2.1095537e+00  -1.7634862e+00  -2.1568250e+00  -1.8278012e+00  -1.8623145e+00  -2.9006578e+00  -2.2228639e+00  -2.3769439e+00  -2.4045578e+00  -2.1791193e+00
   7.3082235e-01  -2.5520327e-01  -8.6804775e-01  -8.6850687e-01  -7.9236907e-01  -1.5134134e+00  -2.1338020e+00  -1.9667191e+00  -2.0221229e+00  -1.9051651e+00  -1.8144350e+00  -2.7291767e+00  -2.0143864e+00  -2.3307063e+00  -2.2555915e+00  -2.1044019e+00
   5.5591644e-01  -6.8548509e-01  -1.2171913e+00  -4.3813368e-01  -9.8228650e-01  -1.0967941e+00  -2.2256849e+00  -1.8236709e+00  -1.7568400e+00  -2.1419946e+00  -1.8658198e+00  -2.6189356e+00  -2.4171367e+00  -2.4512632e+00  -2.4213343e+00  -2.3002569e+00
   1.2950634e-01  -8.6007090e-01  -9.7936714e-01  -2.7200517e-01  -7.8674031e-01  -8.2077429e-01  -2.1830566e+00  -1.7770022e+00  -1.3531833e+00  -1.9478480e+00  -2.1348375e+00  -2.7356200e+00  -2.1713805e+00  -2.1604692e+00  -2.5736542e+00  -2.5186622e+00
  -2.1525650e-02  -9.2908118e-01  -9.6165660e-01  -6.1991286e-01  -1.0842822e+00  -1.2626568e+00  -2.5108292e+00  -2.0323652e+00  -1.9275210e+00  -1.8648395e+00  -1.7895447e+00  -2.3758625e+00  -2.4040476e+00  -2.3563360e+00  -2.5955994e+00  -2.2798764e+00
   8.1397844e-01  -9.0800392e-01  -1.1328160e+00  -3.4771931e-01  -9.0488711e-01  -1.0355473e+00  -2.7172259e+00  -2.0575079e+00  -1.8780547e+00  -1.9925653e+00  -2.0682534e+00  -2.5368465e+00  -2.5837701e+00  -2.2179467e+00  -2.1959046e+00  -2.2914144e+00
   6.7360425e-01   3.0277258e-02  -3.9565481e-01  -1.1718923e+00  -9.7399666e-01  -1.4747511e+00  -2.3765375e+00  -2.0461489e+00  -2.1350059e+00  -1.6293499e+00  -1.6876841e+00  -2.5773007e+00  -2.2267356e+00  -2.3753790e+00  -2.5036705e+00  -2.4420293e+00
   3.0991627e-01   5.3099612e-01  -7.3460585e-01  -1.1549283e+00  -9.8652763e-01  -1.8097769e+00  -2.3317237e+00  -2.0432689e+00  -2.0567431e+00  -2.0812186e+00  -1.9303322e+00  -2.5201073e+00  -2.3988178e+00  -2.3879455e+00  -2.2964839e+00  -2.3445548e+00
   6.4019323e-01   7.5742655e-01  -4.9112402e-01  -1.1133525e+00  -1.5676220e+00  -1.6669666e+00  -1.8113468e+00  -1.7814449e+00  -1.9989824e+00  -1.7478543e+00  -1.6348760e+00  -2.6428918e+00  -2.2612238e+00  -2.2842722e+00  -2.4142259e+00  -2.2927405e+00
   2.6233820e-01   4.3357614e-01  -4.7612443e-01  -5.5628867e-01  -4.9531726e-01  -6.1897468e-01  -2.2000628e+00  -1.4759599e+00  -1.5756193e+00  -1.6815714e+00  -1.5588005e+00  -2.1398763e+00  -2.1615533e+00  -2.5633430e+00  -2.6047573e+00  -2.4579078e+00
   8.2696298e-01   7.3342007e-01  -6.0299343e-01  -5.9612329e-01  -8.2436461e-01  -1.8201714e+00  -2.1112448e+00  -1.8052306e+00  -1.9929861e+00  -1.8219795e+00  -1.8477728e+00  -2.3583034e+00  -2.3196208e+00  -2.4126198e+00  -2.2873651e+00  -2.3825928e+00
   1.1216367e+00   4.9935781e-01  -6.3035145e-01  -4.2646718e-01  -8.8786624e-01  -1.6700300e+00  -1.7654782e+00  -2.1061283e+00  -2.2856891e+00  -2.2115889e+00  -1.8772154e+00  -2.5959436e+00  -2.1686906e+00  -2.1139369e+00  -2.1082967e+00  -2.1930791e+00
   6.2546139e-01   7.2894955e-01  -8.3813448e-01  -2.1520600e-01  -1.0592268e+00  -1.3650687e+00  -1.8385795e+00  -1.5916947e+00  -1.3574002e+00  -1.6322027e+00  -1.6026710e+00  -2.3096256e+00  -1.7227141e+00  -7.3790077e-01  -9.7631054e-01  -1.5480770e+00
   5.4810484e-01   8.4194229e-01   5.7072491e-01  -4.2017349e-02  -5.2810207e-01  -1.3103398e+00  -1.7006813e+00  -1.5670586e+00  -1.1271283e+00  -6.9315858e-01  -1.1775758e+00  -1.2491297e+00  -9.3239228e-01   1.0769803e-01  -9.0427328e-01  -2.0499790e+00
   7.4221971e-01   1.0580899e+00   8.6642733e-01   4.9979952e-01  -3.5063630e-01  -1.2341084e+00  -1.8657379e+00  -1.8932374e+00  -8.9391734e-01  -7.7417957e-02  -6.4264868e-01  -6.7549321e-01  -6.9764269e-01   3.7204410e-01  -7.9467401e-01  -2.0738023e+00
   6.6612246e-01   1.1997761e+00   8.0367539e-01   5.0388511e-01  -2.0444349e-01  -1.0330762e+00  -1.9919003e+00  -1.8355439e+00  -9.6043461e-01  -2.0725853e-01  -4.7572871e-01  -7.9384965e-01  -9.9552624e-01   1.0935712e-01  -9.7859795e-01  -2.1154674e+00
   6.3821939e-01   1.3762752e+00   8.4296181e-01   4.1655574e-01  -4.9464869e-01  -1.0748543e+00  -1.9843724e+00  -1.5133416e+00  -1.0969724e+00  -5.9591003e-01  -4.8467708e-01  -9.7886070e-01  -1.5215534e+00  -3.5640438e-01  -1.1167948e+00  -2.1463458e+00
   1.1330738e+00   1.3164009e+00   7.3405537e-01   1.8933840e-01  -4.4661395e-01  -9.1329998e-01  -2.2206952e+00  -2.0714261e+00  -1.2143558e+00  -8.2124297e-01  -4.9583564e-01  -1.1251063e+00  -1.9142004e+00  -3.7578937e-01  -9.1624512e-01  -2.0362027e+00
   9.1201742e-01   1.3038025e+00   7.8134430e-01   7.8599557e-02  -2.2290937e-01  -9.3737039e-01  -1.9408229e+00  -1.8489632e+00  -1.8554352e+00  -1.5153087e+00  -9.7850901e-01  -1.2476753e+00  -1.7325948e+00  -1.1862830e+00  -1.4985681e+00  -1.9979245e+00
   8.8275685e-01   1.1727729e+00   7.0725211e-01   3.4697915e-01  -3.5167190e-01  -1.0659734e+00  -1.9642925e+00  -1.8344676e+00  -1.8150903e+00  -1.8748366e+00  -1.6657622e+00  -1.6323531e+00  -1.6607769e+00  -9.5129349e-01  -1.4075919e+00  -2.2964854e+00
   1.0553765e+00   1.1907152e+00   3.1322048e-01  -2.9585473e-01  -9.3399998e-01  -1.6766680e+00  -2.2955005e+00  -2.0433441e+00  -1.8368429e+00  -1.4195519e+00  -1.0519765e+00  -1.3481938e+00  -1.7012010e+00  -6.9802496e-01  -1.2876644e+00  -2.0963054e+00
   7.6424765e-01   1.1008140e+00   4.0778015e-01  -1.0263815e-01  -6.8578814e-01  -1.9704324e+00  -2.1225793e+00  -1.7672659e+00  -1.9651309e+00  -1.7031817e+00  -1.3613148e+00  -1.4344823e+00  -1.7674907e+00  -8.3985129e-01  -9.4862042e-01  -2.1925904e+00
   8.8852399e-01   1.1125885e+00   5.5290255e-01   2.4699162e-01  -6.5542857e-01  -1.8554781e+00  -2.1576881e+00  -1.9825093e+00  -2.0987999e+00  -1.9120461e+00  -1.3947478e+00  -1.7286957e+00  -1.8381298e+00  -6.8587467e-01  -9.4544607e-01  -2.2686344e+00
   4.4428980e-01   1.0765184e+00   3.9113228e-01  -2.5796671e-01  -6.0434160e-01  -1.1399138e+00  -2.1346149e+00  -1.8903876e+00  -2.1974083e+00  -1.7586452e+00  -1.7209114e+00  -1.7812236e+00  -1.7207483e+00  -9.4880537e-01  -1.1453225e+00  -2.2835127e+00
   1.9807933e-01   9.3754071e-01   3.1785848e-01  -9.6557162e-02  -8.7729431e-01  -1.1935830e+00  -1.9526843e+00  -1.7200328e+00  -1.9643253e+00  -1.7685542e+00  -1.6395495e+00  -1.4538275e+00  -1.9053632e+00  -1.5790011e+00  -1.4179875e+00  -2.1672209e+00
   1.1117469e+00   1.2882970e+00   2.8702477e-01  -3.0737985e-01  -8.6275984e-01  -1.2197092e+00  -2.0446212e+00  -1.7205358e+00  -2.0105827e+00  -1.6391298e+00  -1.4399742e+00  -1.4468744e+00  -1.8042884e+00  -1.4566685e+00  -1.5441472e+00  -1.9505616e+00
   1.1590098e+00   1.3155389e+00   1.8942630e-01  -7.1092837e-02  -5.2234925e-01  -1.2484483e+00  -1.9543787e+00  -1.8089519e+00  -1.8407031e+00  -1.7307253e+00  -1.4446223e+00  -1.3875023e+00  -1.8583311e+00  -1.2091202e+00  -1.0877415e+00  -1.9761333e+00
   4.8641513e-01   1.1049862e+00   2.6762060e-01  -2.0544803e-01  -8.3572246e-01  -1.6243389e+00  -2.0870750e+00  -1.9356815e+00  -1.8685968e+00  -1.5180480e+00  -1.7301699e+00  -1.3908978e+00  -1.7277559e+00  -1.1337014e+00  -1.1443960e+00  -1.9370787e+00
   9.7864837e-01   1.1067365e+00   3.2518881e-01   1.2131376e-02  -9.0509259e-01  -1.4828031e+00  -2.2978226e+00  -2.1522748e+00  -1.8571908e+00  -1.9054891e+00  -1.2839520e+00  -1.3668582e+00  -1.7467924e+00  -1.3730341e+00  -1.4488352e+00  -2.2395805e+00
   7.9313588e-01   1.0685537e+00   4.7801586e-01  -2.0401561e-01  -5.8623927e-01  -1.3765526e+00  -1.9854437e+00  -2.1849456e+00  -1.9115556e+00  -1.7851440e+00  -1.3632326e+00  -1.5837900e+00  -1.8172124e+00  -1.2136802e+00  -9.5796436e-01  -2.2941258e+00
   6.5727592e-01   9.1268090e-01   4.2119276e-01   1.1296526e-02  -5.0266182e-01  -1.8632126e+00  -2.1647480e+00  -2.0917319e+00  -1.9454515e+00  -1.7995274e+00  -1.2731146e+00  -1.1334896e+00  -1.5164750e+00  -1.1490683e+00  -1.2580782e+00  -1.9176517e+00
   6.4364041e-01   1.0423070e+00   3.1715292e-01   1.0785872e-01  -8.6952806e-01  -1.7425391e+00  -2.0591600e+00  -1.6656416e+00  -2.0626446e+00  -1.9830047e+00  -1.3284795e+00  -1.0896489e+00  -1.5150217e+00  -1.3424284e+00  -1.4218338e+00  -2.1264809e+00
   3.8337190e-01   9.2258999e-01   2.7358392e-01  -2.9968455e-01  -8.7595203e-01  -1.2430702e+00  -1.9816330e+00  -1.9162854e+00  -1.8234453e+00  -1.9474084e+00  -1.2392537e+00  -1.0964625e+00  -1.6380305e+00  -1.4829150e+00  -1.4752053e+00  -2.1066571e+00
   6.4199331e-01   9.3725188e-01   4.6475931e-02  -6.1690195e-01  -8.9675848e-01  -1.2534171e+00  -2.5371105e+00  -1.6711877e+00  -1.6359444e+00  -1.9989321e+00  -1.4273237e+00  -1.5842893e+00  -1.9444011e+00  -1.6100804e+00  -1.5896676e+00  -2.0493170e+00
   4.5252493e-01   7.5453069e-01   2.0187371e-01  -5.7300465e-01  -1.1397597e+00  -1.5741148e+00  -2.2803934e+00  -1.7527318e+00  -2.0036973e+00  -1.7113349e+00  -1.2163246e+00  -1.1414227e+00  -1.7979740e+00  -1.4024294e+00  -1.2771240e+00  -1.9993490e+00
   6.8092813e-01   9.8246773e-01   2.2268378e-01  -4.1639249e-01  -9.8549342e-01  -1.3795626e+00  -2.3785085e+00  -1.7216770e+00  -1.9581715e+00  -1.9243723e+00  -1.2967270e+00  -1.1535688e+00  -1.5493858e+00  -1.2242923e+00  -1.1104117e+00  -2.0275753e+00
   4.9525268e-01   8.0883355e-01  -7.2425825e-02  -8.0696571e-01  -9.0267154e-01  -1.8463546e+00  -2.7229399e+00  -2.0778877e+00  -1.9209680e+00  -2.0259615e+00  -1.4643543e+00  -1.3343210e+00  -1.6122464e+00  -9.7157583e-01  -9.6439299e-01  -2.2254050e+00
   8.9159804e-01   9.1876583e-01  -6.4971931e-02  -1.1951592e-01  -6.2983712e-01  -1.4221678e+00  -1.9185531e+00  -1.7361072e+00  -1.7823457e+00  -2.2670109e+00  -1.6691536e+00  -1.2398721e+00  -1.4125625e+00  -9.7467988e-01  -7.4757510e-01  -2.0374316e+00
   3.6373350e-01   5.8564265e-01  -5.0541195e-01  -3.6222888e-01  -8.6401280e-01  -1.2182450e+00  -1.9520506e+00  -1.9999742e+00  -2.0527567e+00  -2.1404692e+00  -1.7851877e+00  -1.7352830e+00  -1.7127824e+00  -1.1024116e+00  -1.0959904e+00  -2.1506186e+00
   1.1020390e+00   7.7138960e-01  -2.2776075e-01  -2.1135692e-01  -1.0217905e+00  -1.3597158e+00  -1.9091225e+00  -1.8535845e+00  -1.8772787e+00  -1.7152983e+00  -1.8395713e+00  -1.8033588e+00  -1.7900649e+00  -1.0143230e+00  -1.0509746e+00  -2.0540539e+00
   1.0729251e+00   9.6574323e-01  -6.7219362e-02   1.7698540e-01  -5.8228122e-01  -1.1707476e+00  -1.8584181e+00  -2.1264192e+00  -2.0185331e+00  -1.6743581e+00  -1.7194185e+00  -1.7320525e+00  -2.0412844e+00  -1.4145664e+00  -1.1654276e+00  -2.2715269e+00
   7.3398701e-01   6.8998103e-01  -4.3589347e-01  -4.0512998e-01  -9.6834651e-01  -1.2073924e+00  -2.3376498e+00  -2.2279937e+00  -2.2129199e+00  -1.8223811e+00  -1.5029432e+00  -1.5544002e+00  -1.7900712e+00  -1.2100407e+00  -1.2326512e+00  -2.2678356e+00
   9.6999133e-01   8.1382091e-01  -6.6742299e-01  -6.5691480e-01  -9.6659257e-01  -1.1092222e+00  -2.0876019e+00  -2.0862841e+00  -2.3327167e+00  -2.0039139e+00  -1.7834686e+00  -1.7422144e+00  -1.8610866e+00  -1.5047126e+00  -1.3216056e+00  -2.3569175e+00
   3.4733831e-01   5.1957153e-01  -1.3025328e+00  -8.2722378e-01  -7.2817036e-01  -9.8856801e-01  -2.0849197e+00  -1.4438906e+00  -1.5864242e+00  -1.5320306e+00  -1.2395310e+00  -1.6360915e+00  -1.9063212e+00  -1.4112808e+00  -1.4306375e+00  -2.1671516e+00
   7.3625470e-01   7.1788962e-01  -8.0487414e-01  -4.1134919e-01  -8.7652287e-01  -1.2551110e+00  -2.2835200e+00  -1.9653637e+00  -1.5961624e+00  -1.9183858e+00  -1.2419439e+00  -1.1958387e+00  -1.6948440e+00  -1.3369791e+00  -1.2380420e+00  -2.2217776e+00
   3.6774493e-01   7.6583254e-01  -9.9699064e-01  -7.1891288e-01  -1.3601118e+00  -1.5536406e+00  -1.8834238e+00  -1.6653701e+00  -1.6564379e+00  -1.6814154e+00  -1.2762085e+00  -1.1530675e+00  -1.5752703e+00  -1.2913973e+00  -1.1411009e+00  -2.0011547e+00
   4.9169282e-01   9.4914981e-01  -5.1190217e-01  -7.2810778e-01  -1.1973680e+00  -1.0328649e+00  -1.8899184e+00  -1.7678663e+00  -1.6013039e+00  -1.6710720e+00  -1.2568367e+00  -1.3359795e+00  -1.9212239e+00  -1.4057014e+00  -1.1186366e+00  -1.9683500e+00
   9.3300043e-01   1.0633662e+00  -5.2657280e-01  -7.2733975e-01  -8.0046881e-01  -1.1318628e+00  -1.8087805e+00  -1.8897786e+00  -1.5589670e+00  -1.7047328e+00  -1.6553350e+00  -1.5525174e+00  -1.9961200e+00  -1.5828253e+00  -1.2044541e+00  -1.9580505e+00
   7.3472168e-01   9.1557365e-01  -7.8662740e-01  -1.2424749e+00  -1.2170158e+00  -1.3031066e+00  -1.9987671e+00  -1.6908793e+00  -1.4527143e+00  -2.2861707e+00  -1.9485347e+00  -1.9008399e+00  -2.1517883e+00  -1.9382533e+00  -1.6944472e+00  -2.4743580e+00
   7.5768255e-01   7.3460168e-01  -1.4436412e+00  -8.2178648e-01  -6.7593151e-01  -1.2152231e+00  -2.0426105e+00  -1.5358115e+00  -1.6216277e+00  -2.0442316e+00  -1.5938545e+00  -1.7620819e+00  -1.7284605e+00  -1.2822934e+00  -1.4938976e+00  -2.1675009e+00
   6.5612477e-01   9.8078313e-02  -1.3085427e+00  -9.5732913e-01  -8.2393742e-01  -1.5441415e+00  -2.2528983e+00  -1.6579219e+00  -1.8229502e+00  -1.8288777e+00  -1.8247425e+00  -1.9010827e+00  -1.6756585e+00  -1.1914264e+00  -1.3409406e+00  -1.8042966e+00
   1.0042286e-01  -2.7828622e-01  -9.9381869e-01  -1.1498513e+00  -1.3253085e+00  -1.6526566e+00  -2.0855825e+00  -1.7045016e+00  -1.7055858e+00  -1.7464468e+00  -1.4296695e+00  -1.6469173e+00  -1.3803093e+00  -9.0464446e-01  -1.0491158e+00  -1.8276942e+00
  -8.1855872e-01  -7.8571952e-01  -9.3573259e-01  -5.9070230e-01  -9.4222200e-01  -1.6597655e+00  -2.5594516e+00  -1.8839139e+00  -2.1781433e+00  -1.7554835e+00  -1.7214080e+00  -1.7654187e+00  -1.2892268e+00  -8.5162285e-01  -1.1514753e+00  -1.9178171e+00
   3.9147355e-01  -7.4862410e-01  -7.7517830e-01  -4.8085728e-01  -8.1592716e-01  -1.5075249e+00  -1.9962091e+00  -2.1019174e+00  -2.1621496e+00  -1.8157649e+00  -1.7359470e+00  -1.9034139e+00  -1.3543373e+00  -1.1040632e+00  -1.0673072e+00  -1.9083817e+00
   7.0290131e-01  -4.5971613e-01  -1.0460724e+00  -6.9092091e-01  -8.5085044e-01  -1.4912423e+00  -2.2360499e+00  -1.5923834e+00  -1.4605042e+00  -1.7540944e+00  -1.8326852e+00  -1.9469570e+00  -1.4641281e+00  -1.2464624e+00  -1.0715702e+00  -1.6257659e+00
   4.4460409e-01  -3.5831479e-01  -8.8046904e-01  -1.0004573e+00  -9.5044033e-01  -1.1778642e+00  -2.0452586e+00  -1.8087814e+00  -1.8083025e+00  -1.9490493e+00  -1.4088593e+00  -1.9893226e+00  -1.6103413e+00  -1.4681826e+00  -1.2758710e+00  -1.7004395e+00
   5.8092714e-01  -8.0238832e-01  -1.0937455e+00  -7.5125382e-01  -9.1851675e-01  -1.2870417e+00  -1.9028871e+00  -2.2482871e+00  -2.5279952e+00  -2.2163151e+00  -1.9281594e+00  -2.2768535e+00  -1.9151679e+00  -1.4564418e+00  -1.6628890e+00  -2.1757474e+00
   2.2237288e-01  -7.6978184e-01  -1.0734566e+00  -8.3878322e-01  -8.8107930e-01  -1.0244286e+00  -2.1228294e+00  -2.0183461e+00  -2.0683442e+00  -1.9431593e+00  -2.0402971e+00  -2.4281140e+00  -1.7781632e+00  -1.6036851e+00  -1.4864931e+00  -2.1709657e+00
  -1.8546125e-01  -8.0874086e-01  -1.2492901e+00  -9.3393556e-01  -8.8297276e-01  -1.4352207e+00  -2.4464030e+00  -1.7641388e+00  -2.0605786e+00  -1.5205487e+00  -1.5829896e+00  -2.5432462e+00  -1.8941075e+00  -1.4558196e+00  -1.5594397e+00  -2.1858026e+00
   2.6292610e-01  -6.3852263e-01  -1.3413341e+00  -5.1747239e-01  -9.0555926e-01  -1.2369763e+00  -1.9980495e+00  -1.8236097e+00  -1.8606889e+00  -1.7611110e+00  -1.6576530e+00  -2.5837459e+00  -2.0134978e+00  -1.6782107e+00  -1.8241006e+00  -2.2634801e+00
   1.4838914e-01  -5.9428613e-01  -8.4281885e-01  -6.8203014e-02  -9.2551609e-01  -1.6535826e+00  -2.3285756e+00  -2.1153744e+00  -2.2346505e+00  -1.9203871e+00  -1.7652120e+00  -2.6342492e+00  -2.0428421e+00  -2.3107936e+00  -2.2278108e+00  -2.3184967e+00
   7.8452638e-01  -2.7220255e-01  -1.2175795e+00  -6.6485273e-01  -8.6579626e-01  -1.2690426e+00  -2.5167160e+00  -2.1516547e+00  -1.8025046e+00  -2.0308312e+00  -1.9201134e+00  -2.1761488e+00  -1.9979487e+00  -2.0491168e+00  -2.2323895e+00  -2.2199582e+00
   9.8032428e-01  -1.8152374e-01  -1.3672276e+00  -6.1202580e-01  -7.3720831e-01  -1.1884834e+00  -2.4715927e+00  -1.7610999e+00  -2.1251394e+00  -2.3019714e+00  -1.9481481e+00  -2.4702100e+00  -2.1506401e+00  -1.8714507e+00  -2.1688705e+00  -2.3614312e+00
   1.9825240e-01  -5.2105113e-01  -7.9828465e-01  -6.9374353e-01  -7.1664079e-01  -1.5943505e+00  -2.0327299e+00  -1.6705801e+00  -2.0940367e+00  -2.0867789e+00  -1.8253671e+00  -2.7255378e+00  -1.9288888e+00  -1.9080560e+00  -2.3599936e+00  -2.3943360e+00
   5.9121833e-01  -4.8023649e-01  -6.7210997e-01  -3.5397463e-01  -5.6895944e-01  -1.0267096e+00  -1.8184589e+00  -1.9503999e+00  -1.8975098e+00  -1.8390248e+00  -1.7258798e+00  -2.4693631e+00  -2.1553418e+00  -2.3846326e+00  -2.4927366e+00  -2.2551923e+00
   1.9065751e-01  -8.0981416e-01  -8.9889512e-01  -3.5730543e-01  -7.2321299e-01  -1.3678919e+00  -2.1619453e+00  -1.8573807e+00  -2.0516109e+00  -1.9148867e+00  -1.9776488e+00  -2.4170488e+00  -2.0186580e+00  -2.1798755e+00  -2.4674250e+00  -2.2738851e+00
  -3.0096194e-01  -7.7163360e-01  -6.4394451e-01  -4.3558760e-01  -8.0763490e-01  -1.1359942e+00  -2.0794495e+00  -1.7991719e+00  -1.6451030e+00  -1.8723919e+00  -1.8063078e+00  -2.2662682e+00  -1.9184280e+00  -2.0049229e+00  -2.5393374e+00  -2.3214374e+00
   1.4467634e-01  -6.1503046e-01  -7.2445002e-01  -2.9902081e-01  -8.0938752e-01  -1.5505876e+00  -1.9835892e+00  -1.9133218e+00  -1.9011570e+00  -1.9739034e+00  -1.8177108e+00  -2.5389824e+00  -2.1199536e+00  -2.3251589e+00  -2.4479581e+00  -2.2090829e+00
   5.1666778e-01  -8.0455095e-01  -3.9598002e-01  -1.8194804e-01  -8.6462057e-01  -1.3626697e+00  -2.1428080e+00  -1.9973211e+00  -1.7549177e+00  -2.1999903e+00  -1.9318285e+00  -2.6429449e+00  -2.2853372e+00  -2.4795702e+00  -2.5041805e+00  -2.1133493e+00
  -1.4221101e-02  -8.0485649e-01  -1.0010191e+00  -8.7516725e-01  -1.2402241e+00  -1.6015869e+00  -2.1143692e+00  -2.0920864e+00  -2.1282519e+00  -1.9461457e+00  -1.7914484e+00  -2.7807661e+00  -2.5170969e+00  -2.6270297e+00  -2.3237094e+00  -2.3039619e+00
   4.6167785e-01  -1.6907308e-01  -8.2852977e-01  -1.0270477e+00  -9.3781600e-01  -1.1716202e+00  -2.4734359e+00  -2.1824933e+00  -2.1369469e+00  -1.8723810e+00  -2.0352719e+00  -2.6811667e+00  -2.1047694e+00  -2.1363692e+00  -2.4084141e+00  -2.2680238e+00
  -3.2551065e-01  -8.7919081e-01  -8.4906231e-01  -4.2514717e-01  -8.3107580e-01  -1.0253318e+00  -2.2645630e+00  -1.8316151e+00  -1.7791063e+00  -1.6071767e+00  -1.8240014e+00  -2.3668529e+00  -2.3822348e+00  -2.3867825e+00  -2.6303319e+00  -2.1833153e+00
   1.8080379e-01  -8.1043152e-01  -6.4581796e-01  -3.6378465e-01  -1.0812444e+00  -1.2803992e+00  -2.4272425e+00  -2.5797113e+00  -2.2467988e+00  -2.0146980e+00  -1.9285549e+00  -2.6050734e+00  -2.0833656e+00  -2.1749655e+00  -2.5398483e+00  -2.3844851e+00
   7.5896492e-01  -1.7284438e-01  -6.8274388e-01  -3.5417219e-01  -1.0705332e+00  -1.1553410e+00  -2.2194067e+00  -1.8871088e+00  -1.7302107e+00  -2.0782240e+00  -2.1127113e+00  -3.0063252e+00  -2.0618637e+00  -2.1709260e+00  -2.2404258e+00  -2.2392424e+00
   4.6210676e-01  -4.4223595e-01  -1.2033936e+00  -5.1241063e-01  -1.1483046e+00  -1.3657589e+00  -1.9769748e+00  -1.7649622e+00  -1.9749238e+00  -1.9125788e+00  -1.9994531e+00  -2.6683106e+00  -2.1789802e+00  -2.2568246e+00  -2.3163446e+00  -2.1675906e+00
  -2.5222908e-02  -6.7670036e-01  -9.9619165e-01  -6.8301769e-01  -8.5587942e-01  -1.3401197e+00  -2.0206267e+00  -1.5662269e+00  -1.4947467e+00  -1.8635043e+00  -2.0623371e+00  -2.6825693e+00  -2.2169428e+00  -2.2035274e+00  -2.4759406e+00  -2.2435804e+00
   3.7470164e-01  -5.3879609e-01  -7.6689787e-01  -7.5044103e-01  -6.4182149e-01  -1.4946787e+00  -2.3207273e+00  -1.9447589e+00  -2.1657833e+00  -1.7946636e+00  -1.8367626e+00  -2.6864811e+00  -2.4274874e+00  -2.4320028e+00  -2.5085374e+00  -2.3702149e+00
  -1.3187162e-01  -6.6579797e-01  -9.7608297e-01  -4.6092670e-01  -8.7205492e-01  -1.6885245e+00  -2.3840865e+00  -2.0193531e+00  -2.2106145e+00  -1.8442298e+00  -1.8173061e+00  -2.6474953e+00  -2.0080676e+00  -2.4483187e+00  -2.7089178e+00  -2.2921524e+00
   9.4680705e-02  -1.0945558e+00  -1.3011139e+00  -5.7908122e-01  -1.0760827e+00  -1.6147906e+00  -1.8376551e+00  -1.7639508e+00  -1.6982871e+00  -1.8581857e+00  -1.7573541e+00  -2.3254211e+00  -1.9982057e+00  -2.4035458e+00  -2.2994207e+00  -2.3011386e+00
   7.6497779e-01  -6.1322348e-01  -1.4779358e+00  -5.9019701e-01  -9.9875257e-01  -1.0996845e+00  -1.7276598e+00  -1.6861928e+00  -1.2848706e+00  -1.7054352e+00  -1.8821754e+00  -2.7284960e+00  -2.1951111e+00  -2.3851705e+00  -2.2559264e+00  -2.2225777e+00
  -1.3741682e-01  -8.9912348e-01  -1.1000227e+00  -9.4346204e-01  -1.1180209e+00  -1.7741395e+00  -2.1903604e+00  -2.1438655e+00  -1.6513813e+00  -1.6853546e+00  -1.6688146e+00  -2.6813826e+00  -2.2561235e+00  -2.4519497e+00  -2.4681099e+00  -2.2058345e+00
   4.4871789e-01  -4.5284122e-01  -5.9146931e-01  -5.1011559e-01  -1.4277042e+00  -1.2258887e+00  -1.8435575e+00  -1.8478697e+00  -1.7149521e+00  -1.7044183e+00  -1.8567112e+00  -2.6852814e+00  -2.2795017e+00  -2.2918760e+00  -2.4124999e+00  -2.1802862e+00
   7.3074481e-01  -4.4814343e-01  -6.6102958e-01  -9.1618804e-01  -1.5902212e+00  -1.7497572e+00  -2.2806733e+00  -1.6867319e+00  -1.8168245e+00  -1.6908213e+00  -1.9219614e+00  -2.5635407e+00  -2.1757621e+00  -2.1935754e+00  -2.1131127e+00  -2.3242205e+00
   9.0923361e-01   5.5266248e-02  -5.0307039e-01  -1.0523020e+00  -8.8388958e-01  -1.3637820e+00  -1.9282483e+00  -1.6225491e+00  -1.7832366e+00  -1.6133873e+00  -1.8951348e+00  -2.5973798e+00  -1.8260233e+00  -2.1239812e+00  -2.4354013e+00  -2.1973076e+00
   7.0785492e-01  -5.1329667e-01  -1.8233164e+00  -1.3298162e+00  -1.0291923e+00  -1.6241325e+00  -2.4024474e+00  -1.4350157e+00  -1.7370315e+00  -1.9307515e+00  -1.7480143e+00  -2.4578608e+00  -1.9561117e+00  -2.4034187e+00  -2.5382738e+00  -2.3131432e+00
