   2.5329311e+00   1.2602485e+00   4.7439202e-01   8.4186536e-02  -1.1296611e-01  -1.0578006e-01  -7.3310784e-01  -1.4457637e+00  -1.0607394e+00  -1.5298806e+00  -1.4165749e+00  -1.2861716e+00  -1.9957999e+00  -2.1821751e+00  -2.2700437e+00  -2.0352544e+00
   2.1481726e+00   1.4735859e+00   1.0459368e+00   3.1361163e-01   7.3622818e-02   2.3379709e-01  -2.7297057e-01  -1.1354520e+00  -1.0467616e+00  -1.2475179e+00  -1.3216483e+00  -1.4137392e+00  -1.7205142e+00  -1.9946030e+00  -2.0998758e+00  -2.1625111e+00
   1.8393627e+00   1.4540717e+00   7.7242192e-01   3.7710094e-01  -3.4464615e-01  -2.8598147e-01  -2.0826265e-01  -5.8832702e-01  -8.3181158e-01  -1.1803327e+00  -1.1288721e+00  -1.4111979e+00  -1.7656226e+00  -1.7635096e+00  -1.4121152e+00  -1.4274470e+00
   1.7023576e+00   9.8622280e-01   2.4500471e-01   3.3562781e-02  -1.3021310e-01  -4.1202864e-01  -3.8355438e-01  -4.1431970e-01  -1.0905015e+00  -1.2429610e+00  -1.3747789e+00  -1.4170326e+00  -1.8728263e+00  -2.0286870e+00  -1.8863637e+00  -1.9786456e+00
   1.4554306e+00   1.1407387e+00   1.8512095e-01  -6.6451429e-02  -3.7583774e-01  -7.3943508e-01  -9.5542022e-01  -1.2171060e+00  -1.2044814e+00  -1.4787524e+00  -1.3944867e+00  -1.4541690e+00  -1.6137520e+00  -1.4943615e+00  -1.7376093e+00  -1.9401765e+00
   1.2642106e+00   1.2959818e+00   8.6238514e-01   5.8973591e-01   2.9134767e-01   5.9599329e-03  -8.5982184e-01  -1.0063389e+00  -1.2962292e+00  -1.4762924e+00  -1.0547559e+00  -1.3631941e+00  -1.6039656e+00  -1.9752178e+00  -1.8980013e+00  -2.1834314e+00
   2.1406815e+00   1.3736891e+00   6.7453580e-01  -1.9601689e-02  -3.1754879e-02   4.7181296e-02  -6.3109497e-01  -1.2263900e+00  -1.2657774e+00  -1.2962893e+00  -1.4257301e+00  -1.4123986e+00  -1.6311286e+00  -1.6846991e+00  -1.7356149e+00  -1.9902770e+00
   2.7717330e+00   1.6796841e+00   1.1327282e+00   6.0974461e-01   7.7314526e-02   1.0285129e-02  -4.2112822e-01  -1.2781265e+00  -1.0299474e+00  -1.3617734e+00  -1.3002171e+00  -1.6940148e+00  -1.8217910e+00  -1.9918314e+00  -2.1096486e+00  -2.1633566e+00
   2.3535004e+00   1.1229447e+00   1.0634505e+00   3.3870204e-01   3.1701610e-01   1.0610970e-01  -5.5522670e-01  -6.3301337e-01  -1.0503460e+00  -1.4113337e+00  -1.2962809e+00  -1.3146993e+00  -1.4408402e+00  -1.9036210e+00  -1.7989155e+00  -1.8250344e+00
   2.1219468e+00   1.5071941e+00   1.1562475e+00   9.4646018e-02  -2.3792322e-01   4.0292322e-02  -7.7074310e-01  -7.7844851e-01  -1.1190434e+00  -1.4316749e+00  -1.1552898e+00  -1.4695030e+00  -1.6854249e+00  -2.1929864e+00  -2.0709220e+00  -2.0296398e+00
   2.7821963e+00   1.7610637e+00   7.3018637e-01  -3.4091365e-01   4.2798942e-01   8.2799044e-02  -6.2200366e-01  -8.2895041e-01  -8.7073463e-01  -1.3035399e+00  -1.3974934e+00  -1.4228130e+00  -1.6346196e+00  -1.7460540e+00  -2.0799937e+00  -1.9905936e+00
   2.4501824e+00   2.1805737e+00   6.0781853e-01   3.5925853e-01   1.4274849e-01   9.8857423e-02  -4.5896601e-01  -1.1190402e+00  -7.2602362e-01  -1.2550975e+00  -1.3945628e+00  -1.1835924e+00  -1.7080008e+00  -2.2127215e+00  -2.3002401e+00  -2.0525276e+00
   2.6755778e+00   2.0802340e+00   6.9407077e-01   2.6639566e-01  -4.0764961e-01   1.7369301e-01  -2.6923103e-01  -1.6467606e+00  -1.0280362e+00  -1.1556540e+00  -1.1493174e+00  -1.6397267e+00  -1.7624573e+00  -1.9921079e+00  -2.0549294e+00  -2.0365767e+00
   2.5523541e+00   1.6784734e+00   7.9503634e-01  -4.2735362e-01  -7.0077302e-02  -1.3388930e-01  -4.7771412e-01  -9.3572152e-01  -5.8934124e-01  -1.3447317e+00  -8.9870655e-01  -1.2871920e+00  -1.6489067e+00  -1.7737424e+00  -1.8155109e+00  -1.6605316e+00
   2.4334131e+00   1.8112426e+00   9.0456956e-01   2.3545601e-01   1.2660815e-02   2.8067304e-02  -3.0004934e-01  -7.8568161e-01  -7.6405425e-01  -1.5663585e+00  -1.0478749e+00  -1.1664898e+00  -1.5694516e+00  -1.9320401e+00  -2.0295718e+00  -2.0190450e+00
   1.8139606e+00   1.3597852e+00   7.5242513e-01   5.9847000e-01   6.4446257e-02   3.7809169e-01  -2.1422181e-01  -7.2463191e-01  -7.9427651e-01  -1.3812071e+00  -1.0759163e+00  -1.1432072e+00  -1.4912501e+00  -1.7234100e+00  -1.6361087e+00  -1.6832282e+00
   2.0796579e+00   1.7975048e+00   1.1106606e+00   4.5240538e-01   3.3048296e-01   1.5693761e-03  -6.1084011e-01  -8.4149786e-01  -9.1025324e-01  -1.0797263e+00  -1.0715642e+00  -1.2170968e+00  -1.6407339e+00  -1.9141820e+00  -2.0067619e+00  -1.8673337e+00
   1.8501553e+00   1.3851815e+00   4.9801213e-01   7.5700187e-01   3.0791911e-01  -2.2210002e-01  -7.0517055e-01  -6.0631766e-01  -1.1185733e+00  -1.4206779e+00  -1.1264280e+00  -1.1969431e+00  -1.5518558e+00  -1.9312426e+00  -1.9033079e+00  -1.9904135e+00
   1.4339672e+00   1.6256938e+00   6.8864971e-01   3.2402680e-01   1.6849323e-01  -1.6808919e-01  -3.2160834e-01  -6.2655204e-01  -7.7821355e-01  -1.3416311e+00  -1.0647872e+00  -1.1728724e+00  -1.6389288e+00  -1.8294299e+00  -2.0346390e+00  -1.9397998e+00
   2.1883216e+00   1.4128907e+00   7.7127309e-01   2.4042238e-01   2.5216506e-01   1.1214189e-01  -5.0276728e-01  -8.5808706e-01  -1.2454396e+00  -1.4015892e+00  -9.5106089e-01  -1.3494079e+00  -1.9504502e+00  -1.8788356e+00  -2.3047971e+00  -2.0807801e+00
   2.1377295e+00   1.1384093e+00   6.9266548e-01   1.5476873e-01  -2.9367299e-01  -1.0928709e-01  -2.8538683e-01  -5.9914859e-01  -1.0099886e+00  -1.3980680e+00  -1.2312229e+00  -1.1576158e+00  -1.3947389e+00  -1.7224656e+00  -1.9413192e+00  -1.7896233e+00
   2.2122143e+00   1.5966880e+00  -9.5831537e-02  -7.4745516e-02  -5.7629034e-02  -1.5238768e-01  -4.8527463e-01  -6.3259031e-01  -5.8049573e-01  -1.3794502e+00  -1.1527451e+00  -1.6049259e+00  -1.3783750e+00  -2.0246103e+00  -2.1656915e+00  -2.1547878e+00
   2.2640346e+00   1.0150864e+00   7.4611368e-01   3.8209850e-01   2.3504519e-01   3.7448440e-02  -3.3625698e-01  -4.9581810e-01  -8.6036467e-01  -1.4053358e+00  -1.0049334e+00  -1.6932821e+00  -1.6488051e+00  -2.0504756e+00  -1.9728813e+00  -1.9728174e+00
   1.6517233e+00   1.3986755e+00   1.2555200e+00   2.6930381e-01   7.7266585e-02  -1.8155237e-01  -8.8830577e-01  -8.8894325e-01  -1.1725971e+00  -1.4043313e+00  -1.0972626e+00  -1.1469948e+00  -1.7468281e+00  -1.9487630e+00  -1.9386192e+00  -2.0550786e+00
   2.0478467e+00   1.5243272e+00   9.9038008e-01   4.7202958e-01   2.0319369e-01   3.1799941e-01  -7.6894258e-01  -6.3377456e-01  -7.1284464e-01  -1.0759013e+00  -8.8753033e-01  -1.2555838e+00  -1.8821280e+00  -1.7174829e+00  -2.0647321e+00  -2.0553065e+00
   1.7917398e+00   1.2165048e+00   1.1702750e+00   6.9272930e-01   4.5757463e-01  -1.7262916e-01  -8.2111423e-01  -8.7067034e-01  -6.5638623e-01  -1.2570709e+00  -1.5189278e+00  -1.0014311e+00  -1.4417252e+00  -1.6169797e+00  -2.1054738e+00  -2.0451128e+00
   2.7096540e+00   1.5652200e+00   1.2215818e+00   6.5053527e-01   5.0528225e-01  -4.3222915e-01  -9.4622705e-01  -1.2952414e+00  -1.0157832e+00  -1.2568021e+00  -1.4216514e+00  -1.1820864e+00  -1.6111070e+00  -1.7974839e+00  -2.0776869e+00  -1.9707111e+00
   2.2794241e+00   7.1489220e-01   6.1214282e-01   6.6914296e-01   5.2391377e-01   2.1740489e-01  -2.9163147e-01  -8.8197397e-01  -1.0175587e+00  -1.5574867e+00  -1.5784801e+00  -1.5318468e+00  -1.6896415e+00  -1.8690547e+00  -1.9976512e+00  -2.1704372e+00
   1.8410732e+00   8.9320687e-01   3.4781341e-01   8.0458134e-01   3.5728387e-01  -1.5757119e-02  -2.4232768e-01  -5.3364599e-01  -2.5813450e-01  -2.9379013e-01  -6.9121670e-01  -8.7670506e-01  -9.2593516e-01  -4.2880596e-01  -3.7955082e-01  -1.4926619e+00
   2.2473829e+00   1.2061763e+00   5.4298438e-01   4.8923512e-01   1.4375364e+00   6.5900554e-01  -3.8452345e-01  -2.2487628e-01   1.2011235e-02   2.9484293e-01  -2.1757365e-01  -2.4228295e-01   1.1994171e-01   3.3675028e-01  -3.8904835e-01  -1.4446124e+00
   2.3365894e+00   9.8228264e-01   5.0060358e-02   9.4997761e-01   1.5147692e+00   6.9973392e-01   3.1206708e-01   1.0071136e-01  -5.3316369e-02   2.6633137e-01  -1.2453670e-01  -4.1184997e-01  -8.0084374e-01  -4.7138773e-01  -6.3930002e-01  -1.4778535e+00
   2.2862824e+00   9.0699586e-01   8.1244582e-01   9.5416687e-01   1.2573407e+00   8.5242734e-01  -2.8583401e-01  -2.7284123e-01  -2.4607895e-01  -1.5525468e-01  -5.3650286e-01  -7.5438508e-01  -8.9450474e-01  -2.5335357e-01  -3.6951806e-01  -1.5023013e+00
   2.2084661e+00   1.2268329e+00   4.0243976e-01   5.8853684e-01   8.8774149e-01   6.4461699e-01  -5.1357169e-01  -3.1573597e-01  -4.5646848e-01  -1.4812128e-01  -8.4554798e-01  -9.7678645e-01  -1.1299568e+00  -7.6393195e-01  -5.3203509e-01  -1.5778981e+00
   2.6768709e+00   2.0733415e+00   1.0150712e+00   7.2785722e-01   7.4197696e-01   5.6863032e-01  -2.2952700e-01  -3.0495886e-01  -3.1824684e-01  -3.1943447e-01  -7.3753004e-01  -1.0714707e+00  -1.1003306e+00  -4.9667118e-01  -8.0045060e-01  -1.8521767e+00
   2.1179856e+00   1.5308274e+00   1.4919976e+00   1.2253379e+00   7.8598596e-01   9.6118554e-01  -1.7635086e-01  -7.9830735e-01  -4.3036936e-01  -3.2979279e-01  -9.2969641e-01  -1.3079179e+00  -1.1951749e+00  -3.7486740e-01  -4.2191471e-01  -2.0257992e+00
   1.6475746e+00   1.7103886e+00   1.2978578e+00   1.0626168e+00   1.1761723e+00   5.5839004e-01  -1.5166959e-01  -5.0969719e-01  -4.8613386e-01  -5.0783336e-01  -6.3353215e-01  -9.9160573e-01  -1.2187656e+00  -6.8451553e-01  -9.2229813e-01  -1.7428345e+00
   2.0143294e+00   1.3229879e+00   1.4143346e+00   8.4103632e-01   8.2764151e-01   4.8613596e-01  -5.0625147e-01  -7.8076637e-01  -6.7599056e-01  -5.6192733e-01  -5.9851566e-01  -1.0732976e+00  -1.3096947e+00  -7.5452965e-01  -1.1307141e+00  -1.9959863e+00
   2.1803585e+00   1.6537647e+00   1.1620205e+00   1.3232474e+00   7.5617549e-01   8.4852591e-02  -3.8290661e-01  -7.8716275e-01  -9.3972795e-01  -7.7123304e-01  -6.4079047e-01  -1.1087485e+00  -1.1262510e+00  -5.1544017e-01  -8.7575360e-01  -1.9561352e+00
   2.3699752e+00   1.3073543e+00   9.3618916e-01   1.2558958e+00   1.0888948e+00   4.6524463e-01  -1.2442852e-01  -8.5946167e-01  -9.2592642e-01  -6.5859506e-01  -6.1577179e-01  -9.0060602e-01  -1.1747729e+00  -8.7523142e-01  -1.0686424e+00  -2.0153539e+00
   2.5057072e+00   1.6178653e+00   5.8790824e-01   8.7016546e-01   1.0503003e+00   1.5826040e-01  -4.5226749e-01  -4.9010146e-01  -5.7685183e-01  -5.9812024e-01  -6.0539472e-01  -8.0511421e-01  -1.4193296e+00  -1.0893825e+00  -1.1634621e+00  -1.9901670e+00
   2.1083103e+00   1.8782436e+00   1.2253569e+00   1.3431037e+00   1.1516457e+00   2.1113252e-01  -7.1596476e-01  -8.9267467e-01  -1.0211533e+00  -6.8322481e-01  -7.6489802e-01  -1.1462237e+00  -1.5391456e+00  -9.3684202e-01  -1.1927340e+00  -2.0428206e+00
   2.1621611e+00   1.5443283e+00   1.1422527e+00   1.3042273e+00   1.1875506e+00   4.1676145e-01  -8.6777208e-02  -9.0667733e-01  -7.0833608e-01  -5.9577175e-01  -9.4874346e-01  -1.2259275e+00  -1.6518969e+00  -1.0123423e+00  -1.2617815e+00  -1.9397093e+00
   2.5744192e+00   1.6540280e+00   6.6397735e-01   1.1415279e+00   1.0743575e+00   5.8921329e-01  -5.2716637e-01  -7.8018785e-01  -4.6386862e-01  -3.3028608e-01  -5.3031199e-01  -1.0482327e+00  -1.3421262e+00  -1.0895691e+00  -1.4627133e+00  -2.3234541e+00
   2.2868364e+00   2.1447438e+00   1.0890583e+00   1.3512985e+00   8.2982875e-01   4.1014516e-01  -3.1214970e-01  -4.1714505e-01  -7.0253482e-01  -2.9607953e-01  -5.2651104e-01  -1.0681100e+00  -1.2451615e+00  -1.4252777e+00  -1.6029107e+00  -2.2006585e+00
   2.6145447e+00   2.2471162e+00   1.0526659e+00   1.2895851e+00   8.4395031e-01   4.9841740e-01   3.8349765e-02  -9.6042696e-01  -8.8551429e-01  -3.4750512e-01  -6.5279638e-01  -1.0003433e+00  -1.1738149e+00  -1.0466320e+00  -1.5864761e+00  -1.9529922e+00
   2.7567512e+00   2.1909240e+00   1.3065919e+00   1.5206697e+00   1.1662497e+00   1.6858844e-01  -1.3468106e-01  -7.6644572e-01  -5.5939049e-01  -2.0721920e-01  -8.1314851e-01  -9.4366238e-01  -1.1565514e+00  -1.0630281e+00  -1.2628724e+00  -1.8695550e+00
   2.0992954e+00   1.9457219e+00   4.9594468e-01   8.6360800e-01   6.7427124e-01   3.3713015e-02  -2.1635780e-01  -4.5909896e-01  -2.3859773e-01  -3.8744202e-01  -7.6530282e-01  -9.3195809e-01  -1.2655638e+00  -1.3154348e+00  -1.6076892e+00  -2.0417131e+00
   2.2144462e+00   1.6828545e+00   6.3984415e-01   8.4314364e-01   8.3036662e-01   3.8464039e-01  -9.2493557e-02  -7.7421478e-01  -1.4978640e-01  -2.5125252e-01  -9.5218163e-01  -1.2960502e+00  -1.2258678e+00  -9.6817602e-01  -1.3352253e+00  -1.8213017e+00
   2.1875137e+00   1.9233618e+00   9.5055368e-01   9.6365125e-01   9.8097373e-01   1.8610528e-01  -5.3515595e-01  -4.4706327e-01  -1.9760634e-01  -3.4443430e-01  -1.0853601e+00  -1.1532119e+00  -1.2379812e+00  -7.7569878e-01  -1.1522402e+00  -1.9295116e+00
   2.4674668e+00   1.5903754e+00   4.8524361e-01   6.1362715e-01   7.3299398e-01  -1.2779528e-01  -2.2402528e-01  -2.5682395e-01  -2.3525573e-01  -5.6391239e-01  -1.0438858e+00  -9.9526380e-01  -9.0642659e-01  -4.7505143e-01  -7.1960914e-01  -1.7046006e+00
   1.5507148e+00   1.5110187e+00   1.2446456e+00   9.4764753e-01   1.3012710e+00   4.6205553e-01  -1.7407538e-01  -1.7338302e-01   8.6921981e-02  -7.0433938e-01  -9.8504524e-01  -8.2543878e-01  -1.0923336e+00  -4.4713123e-01  -8.3864682e-01  -1.6805271e+00
   2.2489493e+00   1.9460941e+00   9.2456379e-01   7.6231732e-01   9.4177153e-01   5.2086153e-01  -1.5715855e-01  -8.1116694e-02  -1.1876683e-01  -6.7444526e-01  -1.2133014e+00  -1.1833962e+00  -1.1929560e+00  -4.9759960e-01  -9.0750647e-01  -1.7698914e+00
   1.7438633e+00   2.1072213e+00   8.6629358e-01   1.0704986e+00   1.2101804e+00   7.4578419e-01   2.3679410e-02   1.6636522e-01  -1.4146456e-01  -7.9847620e-01  -1.1403729e+00  -1.2240851e+00  -1.1320403e+00  -5.6143435e-01  -9.2798379e-01  -1.7930238e+00
   2.4073288e+00   2.4320293e+00   7.0604552e-01   6.7389338e-01   7.7121103e-01   5.4881364e-02   1.6528784e-01   4.1435087e-01  -2.9666149e-01  -9.8501620e-01  -1.1703474e+00  -1.4892981e+00  -1.2449704e+00  -3.9182716e-01  -1.0564231e+00  -2.1208467e+00
   2.1035787e+00   1.9337622e+00   6.4145689e-01   3.9555192e-01   7.4694270e-01  -7.3144547e-02   1.1841624e-01   3.6879827e-01  -2.0800835e-01  -1.1946619e+00  -1.4206736e+00  -1.3315687e+00  -1.1611424e+00  -4.9546155e-01  -1.3734740e+00  -2.0132570e+00
   2.4995876e+00   1.8341846e+00   8.2604610e-01   2.5175777e-01   8.5457075e-01   3.9291216e-01  -8.7738776e-02  -9.5382536e-03  -5.8409947e-01  -1.2010620e+00  -1.3478528e+00  -1.3173605e+00  -1.3073946e+00  -6.9832236e-01  -1.4215473e+00  -1.8917278e+00
   2.7179468e+00   1.8328965e+00   1.1827944e+00   4.4575667e-01   4.6354046e-01   3.5915821e-01  -3.4879501e-02  -2.5372449e-01  -1.1236694e+00  -9.7824848e-01  -1.3014065e+00  -1.4919249e+00  -1.0269258e+00  -7.3388914e-01  -1.4009091e+00  -2.0520535e+00
   2.6336189e+00   1.5164397e+00   9.6639412e-01   5.6580584e-01   5.3970802e-01   1.3746582e-02   7.5363867e-02  -5.0908411e-01  -1.0895455e+00  -1.3678543e+00  -1.4562831e+00  -1.4193070e+00  -1.0467681e+00  -7.4193328e-01  -1.3758789e+00  -1.8447745e+00
   2.1651731e+00   1.9278854e+00   1.1124689e+00   6.9945922e-01   6.4427411e-01   1.3777664e-01   1.3006025e-01  -4.5130870e-01  -7.7426370e-01  -1.3304240e+00  -1.2234143e+00  -1.6156449e+00  -1.3110299e+00  -8.1478893e-01  -1.5017198e+00  -1.8387770e+00
   1.6948220e+00   1.0974141e+00   5.4807800e-01   8.0569680e-01   2.6840426e-01   4.5456001e-01  -4.2557756e-02   1.4930727e-02  -7.4663337e-01  -1.2022761e+00  -1.1639990e+00  -1.5748650e+00  -1.1164098e+00  -6.7331889e-01  -1.4998437e+00  -2.0372615e+00
   2.5729370e+00   1.4170956e+00   6.9219351e-01   4.2508041e-01   2.7715761e-01   3.2412591e-01   4.8000796e-01  -1.1233073e-01  -9.2368338e-01  -1.3227992e+00  -1.1699836e+00  -1.3409684e+00  -1.5217771e+00  -1.2109440e+00  -1.6257191e+00  -2.0041416e+00
   2.2743838e+00   1.6745862e+00   6.7151123e-01   2.4804613e-01   2.8012502e-01   1.0229087e-02   1.1812259e-01  -3.6976695e-01  -7.5834843e-01  -1.4566484e+00  -1.2531171e+00  -1.8031089e+00  -1.4841022e+00  -1.5347554e+00  -1.9310816e+00  -2.1349706e+00
   1.4654703e+00   1.3532611e+00   8.8113260e-01   4.6000332e-01   2.4004123e-01   3.1946530e-01   3.2680756e-01  -3.4212972e-01  -1.0269999e+00  -1.2457011e+00  -1.2927410e+00  -1.5052405e+00  -1.4002498e+00  -1.1968836e+00  -1.6537657e+00  -1.9766131e+00
   2.3080694e+00   1.5525196e+00   6.9974381e-01   2.6797521e-01   2.9821534e-01  -5.1321300e-02  -1.2701618e-01  -8.6287179e-01  -9.1937688e-01  -1.2459675e+00  -1.4003034e+00  -1.7873674e+00  -1.6616167e+00  -1.4596281e+00  -1.6820626e+00  -2.2104230e+00
   2.3978479e+00   1.3359119e+00   3.7144381e-01   7.4801882e-01   5.2961687e-01   7.3482504e-02   1.5954657e-01  -6.2318559e-01  -8.5488213e-01  -1.4199651e+00  -1.3218708e+00  -1.7844166e+00  -1.8490559e+00  -1.4488545e+00  -1.8787643e+00  -2.1041512e+00
   2.6028070e+00   1.5948581e+00   8.9641251e-02   1.6107747e-01   4.7002975e-01   2.8246233e-01   2.0984116e-02  -7.4564781e-01  -1.5034676e+00  -1.5267378e+00  -1.1808626e+00  -1.2439993e+00  -1.6349130e+00  -1.5759899e+00  -1.8913234e+00  -1.9542550e+00
   2.5653189e+00   1.4810927e+00   6.3321380e-01   3.2318928e-01   6.9737982e-01   5.3651922e-01   2.6911314e-01  -8.9306199e-01  -1.3177829e+00  -1.5752010e+00  -1.2424137e+00  -1.2432092e+00  -1.6353015e+00  -1.6076649e+00  -1.8829359e+00  -2.0030188e+00
   1.9756454e+00   1.5190590e+00   1.0299366e+00   7.3463490e-01   2.4753078e-01   2.4439703e-01  -7.5658402e-02  -8.9920135e-01  -1.0728144e+00  -1.0638194e+00  -1.4060628e+00  -1.3292239e+00  -1.5931253e+00  -1.4883778e+00  -1.5278476e+00  -1.5782688e+00
   2.4977698e+00   1.3288147e+00   4.6925983e-01   5.4809894e-01   5.3163496e-01   2.9299459e-01  -1.2612953e-01  -6.7916941e-01  -1.2181202e+00  -1.0701673e+00  -9.3620332e-01  -1.3092419e+00  -1.7906609e+00  -1.8201245e+00  -2.1174499e+00  -2.0653714e+00
   2.5359817e+00   1.5445648e+00   2.2191522e-01   9.3485836e-01   5.2752832e-01  -1.0928553e-01  -5.0132519e-01  -7.7145457e-01  -1.0148711e+00  -1.0622903e+00  -1.0161049e+00  -1.1589072e+00  -1.5375704e+00  -1.7182728e+00  -2.0148673e+00  -2.0886278e+00
   2.5150227e+00   1.8399297e+00   7.2333321e-01   1.2438394e-01   4.6415371e-01  -8.6312644e-02  -5.7029396e-01  -8.4343700e-01  -1.1278099e+00  -1.0601943e+00  -1.1168144e+00  -1.1239632e+00  -1.6830910e+00  -1.8371650e+00  -2.1002560e+00  -2.3811880e+00
   1.1465200e+00   1.3751317e+00   7.4697049e-01   8.4428289e-01   5.1072222e-01  -1.5818938e-01  -3.8477138e-01  -7.2375411e-01  -1.2122979e+00  -1.1693417e+00  -1.1313085e+00  -1.2717721e+00  -1.4086091e+00  -1.4766560e+00  -1.5254072e+00  -1.5097702e+00
   1.8695597e+00   8.7461164e-01   4.4911353e-01   6.9520804e-01   6.8073655e-01  -1.0312230e-01  -4.7390524e-01  -6.7961042e-01  -1.1157398e+00  -1.4518708e+00  -1.5693400e+00  -1.3517011e+00  -1.4587489e+00  -1.7449768e+00  -1.7321414e+00  -1.8360067e+00
   2.2722978e+00   1.3815480e+00   9.9466633e-01   6.9042167e-01  -3.7831871e-02  -3.7321829e-01  -4.2814632e-01  -7.6967155e-01  -8.8260669e-01  -1.1264170e+00  -1.3244115e+00  -1.4524765e+00  -1.7802593e+00  -1.6938720e+00  -2.1309611e+00  -2.0152822e+00
   1.6144555e+00   1.2099812e+00   6.4213771e-01   2.6263172e-01  -8.5242411e-02   1.9231211e-02  -6.0054271e-01  -6.2045571e-01  -9.0937882e-01  -1.2469061e+00  -1.2684937e+00  -1.1420517e+00  -1.4670602e+00  -1.5748414e+00  -1.7147217e+00  -1.8187812e+00
   2.1075661e+00   8.7480460e-01   8.7590002e-01  -6.4481884e-01  -2.1669936e-01  -3.9772430e-01  -2.7919634e-01  -9.2997915e-01  -1.1189472e+00  -1.7289191e+00  -1.9580451e+00  -1.6574215e+00  -1.8318111e+00  -2.2209409e+00  -2.2195403e+00  -2.3008983e+00
   1.9879676e+00   1.3722131e+00   9.4441217e-01   6.3876170e-01   3.3189471e-01  -1.2754063e-02   4.3940050e-02  -9.0186244e-01  -1.1664976e+00  -1.2517006e+00  -1.2203888e+00  -1.3407368e+00  -1.5092295e+00  -1.7966852e+00  -2.1466244e+00  -2.1817095e+00
   2.0915830e+00   1.0588942e+00   7.1875473e-01   6.6258573e-01   5.0878302e-01  -5.5838593e-01  -7.0666338e-01  -3.4719965e-01  -7.9020006e-01  -1.3179160e+00  -1.1472887e+00  -1.1570071e+00  -1.3375719e+00  -1.3962740e+00  -1.5640295e+00  -1.7389670e+00
   2.1123942e+00   1.4938975e+00   5.5021493e-01   2.6072057e-02   5.4967305e-02  -1.9957744e-01  -7.2367948e-01  -8.9373663e-01  -1.0070815e+00  -1.1282628e+00  -1.1651092e+00  -1.1259768e+00  -1.6565918e+00  -1.4526331e+00  -1.5853632e+00  -1.8742503e+00
   2.1176573e+00   1.5085338e+00   9.6261695e-01   8.2792324e-01   3.5434588e-01   4.1991673e-02  -8.4093060e-01  -9.3159458e-01  -8.1441042e-01  -1.0667277e+00  -8.3361138e-01  -1.1147128e+00  -1.5873119e+00  -1.3342368e+00  -1.2289845e+00  -1.6378520e+00
   2.3366242e+00   1.3978170e+00   8.5702487e-01   3.5984203e-01   2.8615121e-01  -3.1606827e-01  -6.2906808e-01  -4.4198727e-01  -7.1909067e-01  -1.4175483e+00  -1.0468210e+00  -1.5066532e+00  -1.6089542e+00  -1.4179546e+00  -1.3435455e+00  -2.1263353e+00
   2.2805237e+00   1.2459265e+00   2.9268101e-01   1.2947321e-01  -3.5112193e-01  -4.2610725e-01  -2.9715621e-01  -6.4830162e-01  -1.0749656e+00  -1.2246827e+00  -1.1300807e+00  -1.2702192e+00  -1.4661951e+00  -1.7050197e+00  -1.3155268e+00  -1.9425427e+00
   1.6953489e+00   6.1086386e-01   3.1821782e-01  -5.2144568e-04   1.3573148e-01  -3.6547442e-02  -4.5100475e-01  -6.5057124e-01  -6.7745955e-01  -7.8519744e-01  -1.0348745e+00  -1.2418582e+00  -1.2509629e+00  -1.4420709e+00  -1.3578728e+00  -1.7465341e+00
   2.3483162e+00   1.6391960e+00   1.1024538e+00   6.3245505e-01   2.0428205e-01  -1.4065706e-01  -1.0289000e+00  -1.1163938e+00  -6.3741381e-01  -1.2388601e+00  -1.3704459e+00  -1.4018090e+00  -1.6861426e+00  -1.5855265e+00  -1.5289057e+00  -2.0759798e+00
   2.4276797e+00   1.4665668e+00   5.9181650e-02   5.8625813e-01   2.8000889e-01  -2.1805732e-01  -8.5472756e-01  -1.0236988e+00  -1.3224620e+00  -1.5185454e+00  -1.4117240e+00  -1.3224011e+00  -1.4657217e+00  -1.4591196e+00  -1.3356912e+00  -1.7192946e+00
   1.8983886e+00   1.6921979e+00   7.6190403e-01   4.3017979e-01  -9.0020309e-02  -4.1829975e-01  -7.3434626e-01  -7.2727295e-01  -8.2676582e-01  -1.0061991e+00  -9.0099185e-01  -1.0328330e+00  -1.3623985e+00  -1.3282602e+00  -1.2429835e+00  -1.5027371e+00
   2.0565553e+00   1.4741539e+00   1.0258629e+00   6.7984690e-01  -1.9926768e-02  -1.7438066e-01  -2.6073684e-01  -7.7378547e-01  -8.9502474e-01  -1.3286530e+00  -1.2344151e+00  -1.3541222e+00  -1.5711897e+00  -1.5855247e+00  -1.6779380e+00  -1.9128448e+00
   1.6254604e+00   1.8495859e+00   1.2558617e+00   1.8448179e-01   6.6171162e-02  -2.7824063e-01  -5.1357866e-01  -5.0532531e-01  -7.5446094e-01  -1.2320468e+00  -1.0944013e+00  -1.3384918e+00  -1.3883034e+00  -1.5866333e+00  -1.5233219e+00  -1.6612327e+00
