   4.4643606e+00   2.9286052e+00   1.9008214e+00   2.2525560e+00   1.6067452e+00   1.5330215e+00   1.2922303e+00   1.3656978e+00   1.4020174e+00   8.2944052e-01   7.7263159e-01   8.1663060e-01   6.1007207e-01   3.0261490e-01   3.3948973e-01   2.9040566e-01
   4.0603777e+00   3.4110513e+00   2.5094071e+00   1.6776793e+00   1.2874038e+00   1.7528293e+00   1.3994086e+00   1.1400384e+00   8.6430447e-01   7.2351315e-01   8.8467478e-01   8.6540913e-01   3.0881129e-01   3.5575471e-01   5.3820008e-01   3.0471259e-01
   3.7924173e+00   3.6507625e+00   2.1088503e+00   1.5433385e+00   1.4120034e+00   1.6592963e+00   1.8590808e+00   1.7286886e+00   1.6002299e+00   1.3635432e+00   1.2971704e+00   7.2577377e-01   1.0663964e-01   4.0253994e-01   3.9046819e-01   1.7352899e-01
   3.4972138e+00   3.3760128e+00   2.1451438e+00   1.5612975e+00   1.9061268e+00   1.7980932e+00   1.9996691e+00   1.6961421e+00   1.8335160e+00   1.4068954e+00   1.3844029e+00   9.9041848e-01   4.0603494e-01   5.1464668e-01   4.7003883e-01   2.7040668e-01
   3.1722812e+00   3.2644242e+00   2.3791994e+00   1.2061011e+00   1.5510793e+00   1.6159905e+00   1.8373965e+00   1.6843319e+00   1.7490112e+00   1.4925534e+00   1.0790753e+00   9.5065017e-01   3.3245376e-01   5.3468975e-01   5.9230172e-01   3.5201251e-01
   2.8395287e+00   3.1170014e+00   2.3468086e+00   2.0067025e+00   1.7023309e+00   1.6886517e+00   1.5955359e+00   1.4868852e+00   1.5838768e+00   8.4676779e-01   8.7104858e-01   7.2264068e-01   1.9640738e-01   3.7237293e-01   2.9525421e-01   1.3614734e-01
   3.4646505e+00   2.8899188e+00   2.1290687e+00   1.6022396e+00   1.0897378e+00   1.1537691e+00   1.1635972e+00   1.1332875e+00   1.1717021e+00   1.2055316e+00   1.0662472e+00   8.4234961e-01   3.1004127e-01   3.9509851e-01   3.9439214e-01  -7.8384646e-02
   4.0562629e+00   2.9682380e+00   2.1710767e+00   2.1738214e+00   1.5170918e+00   1.3620684e+00   1.7611607e+00   1.2632380e+00   7.4239754e-01   1.3386819e+00   9.8380555e-01   9.5614661e-01   4.8025698e-01   5.0052871e-01   3.3992502e-01   1.4631996e-01
   4.1521638e+00   3.6214356e+00   2.2830811e+00   1.4940306e+00   1.4596454e+00   1.4570310e+00   1.5274541e+00   1.6252600e+00   1.0500704e+00   1.0443154e+00   7.4563770e-01   8.5885522e-01   8.3072612e-02   1.4334737e-01   2.7437637e-01  -2.2117253e-02
   3.9665689e+00   3.1319937e+00   1.7503726e+00   1.0591276e+00   1.2450375e+00   1.3750577e+00   1.2894593e+00   1.2916875e+00   1.2247784e+00   9.4683940e-01   8.7247688e-01   8.1827216e-01   2.8289827e-01   3.3436978e-01   2.0429597e-01   3.0331033e-02
   3.5375309e+00   3.0189450e+00   2.3031276e+00   9.2672511e-01   1.2750518e+00   1.4466302e+00   1.1903972e+00   1.4253993e+00   1.1905810e+00   1.1547405e+00   1.0131308e+00   8.6056268e-01   7.2242937e-01   3.8141123e-01   5.1537517e-01   1.4516382e-01
   4.0973786e+00   3.5220281e+00   2.1939784e+00   1.4203414e+00   9.0672162e-01   1.2115231e+00   1.5625719e+00   1.7754892e+00   1.5305794e+00   8.9199221e-01   1.0165804e+00   1.0405104e+00   6.3436303e-01   5.4670065e-01   3.3143386e-01   3.7515530e-02
   3.5569226e+00   3.0426493e+00   1.9811314e+00   1.5095488e+00   1.9100484e+00   1.6053690e+00   9.3445135e-01   1.4269892e+00   1.2664138e+00   1.0480188e+00   1.1688603e+00   8.0305465e-01   5.4091390e-01   4.4529633e-01   4.3150730e-01   2.9235598e-01
   3.4811677e+00   2.5136121e+00   1.5944621e+00   1.1443146e+00   1.4469317e+00   1.3164005e+00   1.3751694e+00   1.4585258e+00   1.4275046e+00   1.2490406e+00   9.7604318e-01   9.3335112e-01   6.6301334e-01   6.1106669e-01   6.9431639e-01   2.9304778e-01
   3.7489181e+00   2.3981293e+00   1.9450948e+00   1.6593577e+00   1.4652537e+00   1.7030822e+00   1.3384299e+00   1.1777012e+00   1.3450459e+00   1.0420289e+00   1.0224587e+00   1.1425990e+00   5.5182464e-01   6.7561141e-01   5.3790976e-01   4.2342758e-01
   3.5337779e+00   2.4034589e+00   1.6441579e+00   9.1715177e-01   1.7201580e+00   1.8729194e+00   1.5887175e+00   1.4093016e+00   1.5129774e+00   1.1636704e+00   8.8729616e-01   1.0188819e+00   4.4737620e-01   7.2402063e-01   7.1561690e-01   4.1994331e-01
   3.5848614e+00   2.1448992e+00   1.9495205e+00   1.6581973e+00   1.4605819e+00   1.6503963e+00   1.6078273e+00   1.4925224e+00   1.3896957e+00   1.5394080e+00   1.2849351e+00   1.2205821e+00   6.1902249e-01   7.6003530e-01   7.3716094e-01   5.3935827e-01
   3.9062493e+00   3.1017016e+00   2.0206976e+00   1.9809118e+00   1.4668469e+00   1.6183648e+00   1.6099104e+00   1.5495699e+00   1.2480251e+00   1.1388520e+00   1.0322770e+00   9.6255628e-01   5.9755323e-01   8.9894579e-01   6.9210128e-01   4.6869365e-01
   3.9659243e+00   2.9841665e+00   2.2841404e+00   2.1205730e+00   1.3860223e+00   6.2175220e-01   1.3916597e+00   1.4669938e+00   1.2142274e+00   7.2986743e-01   1.0029667e+00   8.2341102e-01   4.5930170e-01   6.4007839e-01   5.4771549e-01   2.0942729e-01
   4.1478178e+00   3.1535375e+00   2.3361230e+00   2.0072217e+00   1.2650966e+00   1.0640163e+00   1.2355640e+00   1.5549367e+00   1.4732673e+00   8.1811299e-01   8.8761119e-01   7.1924751e-01   4.2404756e-01   4.7807239e-01   5.8601966e-01   3.5697358e-01
   4.2469572e+00   2.8232522e+00   1.9057074e+00   2.1223612e+00   1.5996567e+00   1.4458200e+00   1.3020652e+00   1.2770907e+00   1.5279612e+00   8.2838618e-01   1.3333621e+00   1.1024540e+00   6.9393342e-01   7.3571816e-01   6.1054239e-01   4.3238239e-01
   4.0592803e+00   2.0534458e+00   1.5007881e+00   1.9349291e+00   1.7447837e+00   2.2919081e+00   2.6614439e+00   2.6021435e+00   2.1496457e+00   1.8942771e+00   1.7768683e+00   1.3664284e+00   1.0749952e+00   8.0679983e-01   5.4940602e-01   3.0389684e-01
   3.4363181e+00   2.9465089e+00   2.1878570e+00   2.1235730e+00   2.0881852e+00   2.0882669e+00   2.3195370e+00   2.0454675e+00   1.8989126e+00   1.5522089e+00   1.5594509e+00   9.6814214e-01   6.8489764e-01   6.2935589e-01   8.1520600e-01   3.9352021e-01
   4.0940481e+00   2.5409384e+00   1.9879344e+00   1.8822007e+00   1.5196299e+00   1.5241812e+00   1.4122152e+00   1.9691945e+00   1.8428770e+00   1.4698358e+00   1.1883406e+00   1.1201732e+00   7.1360100e-01   6.7978977e-01   6.5663339e-01   3.4828642e-01
   3.9689756e+00   2.9336514e+00   2.1274442e+00   1.7046118e+00   1.2735425e+00   8.7088414e-01   1.3995973e+00   1.4527962e+00   1.4577338e+00   1.1045341e+00   1.3261219e+00   1.2527079e+00   6.8301625e-01   6.0415283e-01   6.2363942e-01   4.9556664e-01
   4.3798881e+00   3.2933611e+00   2.4241361e+00   1.7225259e+00   1.3132236e+00   1.6038254e+00   1.4321761e+00   1.3103483e+00   1.3569288e+00   8.7866755e-01   1.0106423e+00   1.0195274e+00   4.4659087e-01   6.9599530e-01   7.8662899e-01   3.8721750e-01
   3.9066007e+00   3.1663651e+00   2.4406911e+00   1.5489601e+00   1.9978857e+00   3.1298384e+00   2.5066636e+00   1.4046563e+00   1.5343965e+00   1.4898638e+00   1.4640661e+00   1.2079024e+00   8.6280952e-01   7.8351220e-01   5.3728682e-01   5.6727024e-01
   3.9141569e+00   3.0986217e+00   2.1958216e+00   1.7486963e+00   2.0389661e+00   2.9071988e+00   2.3396479e+00   2.1068222e+00   1.4558625e+00   1.5687527e+00   1.4904030e+00   1.1623665e+00   5.4163868e-01   6.1754827e-01   8.1465021e-01   6.3663106e-01
   4.1072710e+00   2.5675895e+00   1.5893051e+00   7.9836836e-01   5.2774793e-01   1.1083967e+00   8.3252242e-01   7.0936083e-01   5.6435735e-02  -9.6655784e-02   3.3222404e-01   2.3773918e-01  -1.6748244e-01  -1.2852735e-01  -1.8383644e-01  -4.1102746e-02
   4.7920083e+00   3.7793922e+00   2.1865878e+00   1.2631812e+00   1.6927040e+00   1.8117243e+00   1.4332708e+00   1.0421405e+00   1.6379308e+00   1.1736179e+00   8.2600831e-01   9.7488431e-01   7.6245941e-01   7.7114321e-01   6.4258937e-01   6.0755529e-01
   4.0318554e+00   2.9159446e+00   2.2333235e+00   2.1658740e+00   1.6490705e+00   1.9932840e+00   1.7482479e+00   1.4622804e+00   1.9447144e+00   1.7652814e+00   1.5609506e+00   1.3508415e+00   7.5044211e-01   1.2567974e+00   9.6961210e-01   6.4651057e-01
   3.8393993e+00   2.7750963e+00   1.9301005e+00   2.5038378e+00   2.3684172e+00   1.8019113e+00   1.8754595e+00   2.1392072e+00   2.5450090e+00   2.0967360e+00   1.9824471e+00   1.8234735e+00   1.5987482e+00   1.8108753e+00   9.9395312e-01   6.7529717e-01
   3.8031642e+00   3.1735541e+00   2.3047531e+00   2.0319860e+00   2.5783485e+00   1.7404292e+00   1.4232237e+00   1.4767135e+00   2.2085307e+00   1.8076445e+00   1.8003406e+00   1.4224885e+00   1.2467572e+00   1.2601482e+00   7.9736008e-01   3.5987292e-01
   3.8189569e+00   2.9200377e+00   2.4755480e+00   2.5748475e+00   2.8853669e+00   1.6675496e+00   1.9336497e+00   1.6500832e+00   2.1809595e+00   1.6774384e+00   1.4832051e+00   1.3242357e+00   1.6681193e+00   1.7357209e+00   6.8662847e-01   4.4566031e-01
   3.5733092e+00   3.7794836e+00   2.5852752e+00   2.8457253e+00   3.2798183e+00   2.2809672e+00   2.0689491e+00   2.1662339e+00   2.7549995e+00   2.0346847e+00   1.5133241e+00   1.3418894e+00   1.6290131e+00   1.6721459e+00   6.9125689e-01   4.8546275e-01
   3.3928389e+00   3.6941797e+00   2.2264636e+00   2.3313671e+00   3.1888619e+00   2.3411782e+00   1.9739520e+00   2.1569688e+00   2.8345911e+00   1.8127359e+00   2.0790845e+00   2.0275108e+00   2.1806104e+00   2.0603670e+00   6.8039341e-01   3.1703493e-01
   3.7794375e+00   3.0409867e+00   2.3499308e+00   2.8951999e+00   3.4192646e+00   2.4523278e+00   2.3282601e+00   2.3570710e+00   3.0485696e+00   2.0539068e+00   2.2122330e+00   2.1526166e+00   2.3811356e+00   2.0379172e+00   6.7746181e-01   5.9379150e-01
   4.8548351e+00   3.3347979e+00   2.7468530e+00   2.7915250e+00   3.4623944e+00   2.5160797e+00   2.4371846e+00   2.8003221e+00   3.2951511e+00   1.9874188e+00   2.2175047e+00   2.1819160e+00   2.0761666e+00   1.5017719e+00   6.1760141e-01   4.9314610e-01
   4.4171759e+00   3.6991584e+00   2.6137010e+00   2.7189478e+00   3.4736773e+00   2.7375822e+00   2.5257296e+00   2.5706301e+00   3.3567112e+00   2.0781733e+00   2.1964121e+00   1.9272156e+00   1.4986278e+00   1.3454445e+00   3.9139499e-01   1.4324347e-01
   3.9889958e+00   3.4423037e+00   2.4286961e+00   2.8585281e+00   3.5864553e+00   2.7590640e+00   2.8475945e+00   3.0995636e+00   3.5395312e+00   2.3516248e+00   2.5758656e+00   2.2660818e+00   1.9481954e+00   1.5097001e+00   6.1937349e-01   4.2403763e-01
   4.3943003e+00   3.5452148e+00   2.3299699e+00   2.8453914e+00   3.5845014e+00   2.6830232e+00   2.6136201e+00   2.9402753e+00   3.3170496e+00   1.9687788e+00   2.3569428e+00   2.1907407e+00   1.9613431e+00   1.5236373e+00   5.1912540e-01   1.5481375e-01
   3.9521750e+00   3.6751602e+00   2.5103557e+00   2.7577292e+00   3.5910463e+00   2.4236684e+00   2.5710995e+00   3.2626811e+00   3.4913870e+00   2.1129846e+00   2.3768269e+00   2.1186133e+00   1.8017539e+00   1.4464491e+00   3.4666690e-01   2.1585409e-01
   3.4673255e+00   3.5821465e+00   2.3125341e+00   2.8054613e+00   3.5134000e+00   2.5367176e+00   2.3798145e+00   3.2365567e+00   3.3597926e+00   1.8391305e+00   2.4318467e+00   2.1123044e+00   1.8118075e+00   1.5509249e+00   4.9809621e-01   3.5846963e-01
   3.8871827e+00   3.7024137e+00   2.5730546e+00   2.9128125e+00   3.2081377e+00   2.5504535e+00   2.1646009e+00   3.1432247e+00   3.1535377e+00   1.7883256e+00   2.0333630e+00   1.7912038e+00   1.7274172e+00   1.3861683e+00   4.5545246e-01   4.3811619e-01
   4.0062809e+00   2.6779700e+00   1.4388593e+00   2.9564234e+00   3.2140168e+00   2.3131377e+00   2.0221527e+00   3.1121435e+00   3.0971438e+00   1.7780012e+00   2.2957246e+00   1.8169599e+00   1.3791660e+00   9.3290144e-01   6.4519501e-01   3.0963999e-01
   3.7833203e+00   2.3774538e+00   1.5232538e+00   2.1958946e+00   2.7278634e+00   2.1250166e+00   1.7565270e+00   2.2056550e+00   2.1094059e+00   1.3535492e+00   2.0721296e+00   1.4843338e+00   1.1649340e+00   9.2076005e-01   7.7563900e-01   3.5090854e-01
   3.9887489e+00   3.1436791e+00   2.6685082e+00   2.4805263e+00   2.0631203e+00   2.0965988e+00   1.6057122e+00   1.7889731e+00   1.6566513e+00   1.3715970e+00   1.3782755e+00   1.0085138e+00   5.8941439e-01   7.1668967e-01   9.7406749e-01   6.5660858e-01
   3.7750550e+00   3.1474008e+00   2.3194466e+00   2.1522623e+00   1.8157791e+00   1.3457840e+00   1.3696265e+00   1.7556783e+00   1.6596630e+00   1.1573760e+00   1.1635266e+00   1.0592151e+00   4.0591528e-01   6.9827650e-01   6.4122040e-01   5.9079091e-01
   3.5550172e+00   2.3508750e+00   1.9867354e+00   1.7327961e+00   1.7951335e+00   1.5774749e+00   1.2868209e+00   1.5323371e+00   1.6669532e+00   1.4720826e+00   1.3025638e+00   1.2788990e+00   5.2869931e-01   7.3111116e-01   8.8844595e-01   6.2263155e-01
   2.8924006e+00   2.4273385e+00   2.0678990e+00   1.8990001e+00   2.1750943e+00   1.3627695e+00   1.1609371e+00   1.3565991e+00   1.4830152e+00   1.1061928e+00   9.2598378e-01   1.0567090e+00   7.1862250e-01   8.6443399e-01   7.0180973e-01   5.8281633e-01
   3.0394356e+00   2.8114994e+00   2.1199139e+00   1.7118929e+00   2.1189415e+00   1.3919928e+00   9.2677973e-01   1.2685680e+00   9.6518854e-01   1.1525582e+00   1.1790793e+00   1.1702819e+00   5.9880238e-01   6.7547526e-01   6.7836197e-01   2.6450697e-01
   3.5533879e+00   2.1567728e+00   1.7812918e+00   2.3400408e+00   1.6628027e+00   1.3521519e+00   1.0548132e+00   1.2026630e+00   1.4396832e+00   7.1029030e-01   9.0921609e-01   5.3918912e-01   4.7921448e-01   4.2067634e-01   7.9807274e-01   3.5952794e-01
   3.9998846e+00   3.3811830e+00   2.1918592e+00   1.9977807e+00   1.7194062e+00   2.5376833e+00   2.4935032e+00   2.4286453e+00   1.8942657e+00   1.7932815e+00   1.7271450e+00   1.2179122e+00   6.1706008e-01   6.4553035e-01   7.1606907e-01   4.0741231e-01
   4.3585984e+00   4.0527576e+00   3.1240880e+00   2.5115973e+00   1.3805989e+00   2.2961357e+00   2.2572868e+00   1.9239814e+00   1.4154949e+00   1.4961918e+00   1.6590290e+00   1.3781559e+00   6.6771718e-01   8.6425537e-01   9.2732243e-01   6.1397078e-01
   4.2865235e+00   3.4942194e+00   2.3895270e+00   1.6965237e+00   1.7180427e+00   1.5322751e+00   1.2892541e+00   1.4535060e+00   8.8365934e-01   8.2135048e-01   1.2192433e+00   9.5698199e-01   6.4203370e-01   5.6548463e-01   8.3195219e-01   5.6055808e-01
   3.8081191e+00   2.8698970e+00   1.5424883e+00   2.0073840e+00   1.3173425e+00   1.4715856e+00   1.4171450e+00   1.3105257e+00   1.1571503e+00   9.4769321e-01   1.3140760e+00   1.0692163e+00   8.0689906e-01   9.1933777e-01   1.0071529e+00   9.4972371e-01
   3.9771915e+00   2.8882413e+00   1.6096542e+00   1.7626378e+00   1.6456564e+00   1.9604543e+00   1.6301910e+00   8.6147513e-01   9.3623432e-01   1.0388773e+00   1.0824362e+00   9.7603578e-01   6.2706474e-01   7.6483682e-01   7.6465414e-01   6.4023545e-01
   4.2478631e+00   3.3253159e+00   2.3011928e+00   1.9393489e+00   2.2946486e+00   3.3636427e+00   2.7899978e+00   2.0728508e+00   1.6468803e+00   1.6617498e+00   1.5674422e+00   1.5657511e+00   1.0416921e+00   1.1129352e+00   1.0828635e+00   9.4305714e-01
   4.1928412e+00   3.6251429e+00   1.9073330e+00   1.8485899e+00   2.0887102e+00   3.1839008e+00   2.7206555e+00   1.7376949e+00   1.7713954e+00   1.2190839e+00   1.5283130e+00   1.4049921e+00   8.2598578e-01   9.3433057e-01   1.0635330e+00   9.2823131e-01
   3.8231240e+00   3.4565285e+00   1.6533244e+00   1.5846443e+00   1.6464318e+00   2.4237524e+00   1.7371016e+00   1.7245532e+00   1.5816385e+00   1.2897281e+00   1.4034793e+00   1.2912553e+00   7.3750526e-01   9.6322211e-01   9.5947739e-01   6.2089048e-01
   3.4453423e+00   2.6345184e+00   1.8591073e+00   2.0656963e+00   2.1676280e+00   1.9145768e+00   1.8405436e+00   1.4778370e+00   1.3473769e+00   1.2757270e+00   1.3826844e+00   1.3406347e+00   7.6518934e-01   1.0958784e+00   1.3479223e+00   9.4373403e-01
   4.0233160e+00   3.0035635e+00   2.0511917e+00   1.9779849e+00   1.1803653e+00   1.6340088e+00   1.7605464e+00   1.3460402e+00   1.2071814e+00   8.0595306e-01   1.1375260e+00   1.1874471e+00   5.4926694e-01   9.5490830e-01   1.2249186e+00   5.7460918e-01
   4.0079074e+00   3.0156569e+00   1.9419699e+00   1.6517543e+00   1.3276898e+00   1.8446175e+00   1.4837315e+00   1.5253990e+00   1.2902180e+00   1.1437184e+00   1.1956946e+00   1.2967231e+00   8.2992074e-01   1.0190118e+00   1.2269090e+00   7.4022676e-01
   3.6297695e+00   3.0821113e+00   1.9973573e+00   1.5217148e+00   1.8579478e+00   1.7114011e+00   1.1961752e+00   9.7545745e-01   1.1996453e+00   8.5662467e-01   9.7000489e-01   9.0240874e-01   6.9325324e-01   9.6092955e-01   1.0498723e+00   6.0778284e-01
   3.3700535e+00   3.1442900e+00   2.2831625e+00   1.6094686e+00   1.4826476e+00   1.5186977e+00   1.4956765e+00   1.5431675e+00   1.2233884e+00   1.4183016e+00   1.3258900e+00   1.3947049e+00   5.7892525e-01   1.0701073e+00   1.1104183e+00   8.9909888e-01
   3.4084453e+00   2.9491386e+00   1.7250971e+00   1.8558008e+00   1.2580024e+00   1.2233395e+00   1.5226530e+00   1.6942502e+00   1.2703673e+00   1.4894062e+00   1.4560899e+00   9.8370314e-01   4.9294245e-01   4.9567054e-01   9.9838044e-01   8.2526390e-01
   3.2504239e+00   2.6878109e+00   2.2718549e+00   1.6006354e+00   1.3861925e+00   1.2205527e+00   1.3238591e+00   1.3886113e+00   1.3584733e+00   1.5382726e+00   1.4002166e+00   1.0393247e+00   5.6415593e-01   1.0327624e+00   1.1135900e+00   8.0649605e-01
   3.9411021e+00   2.4135519e+00   2.2977923e+00   1.8830898e+00   1.2786889e+00   1.4153688e+00   1.5151161e+00   1.2259781e+00   1.2130783e+00   1.3323452e+00   1.0192226e+00   9.6859683e-01   7.8804378e-01   8.2480054e-01   8.9774336e-01   4.8594614e-01
   3.9344671e+00   2.4964339e+00   2.3394361e+00   1.6946790e+00   1.3139846e+00   1.8771553e+00   1.4194964e+00   1.3025343e+00   1.3106416e+00   1.3080904e+00   1.1324192e+00   1.1101255e+00   8.6319441e-01   7.2098819e-01   8.4714241e-01   6.2811109e-01
   4.0009308e+00   2.9455139e+00   2.0475373e+00   1.8563508e+00   1.9145918e+00   2.0338146e+00   1.5976789e+00   1.4772488e+00   9.6635270e-01   1.2193404e+00   1.1799223e+00   1.1220743e+00   6.2946419e-01   8.6360284e-01   9.2240387e-01   5.4001303e-01
   3.7612715e+00   3.3012325e+00   2.3093550e+00   1.9362980e+00   1.7961653e+00   2.0193772e+00   9.9301493e-01   1.0135333e+00   1.0455264e+00   1.2019074e+00   1.0519690e+00   1.2840792e+00   7.2031954e-01   7.0413334e-01   7.2371331e-01   5.9919930e-01
   3.6093734e+00   2.7086022e+00   1.8326738e+00   1.9506879e+00   1.8342662e+00   2.0267994e+00   9.1414172e-01   1.0337718e+00   1.0578051e+00   9.3735734e-01   1.0272295e+00   8.3363803e-01   6.3895643e-01   5.8488967e-01   9.4035050e-01   5.3227778e-01
   4.0991476e+00   2.9689924e+00   1.6713546e+00   1.7306851e+00   1.6642099e+00   1.1588095e+00   1.1432124e+00   1.4394726e+00   1.5397952e+00   1.2496947e+00   8.1303286e-01   7.4819258e-01   5.7621133e-01   6.2252287e-01   6.9590290e-01   4.9529821e-01
   4.0052571e+00   2.9336420e+00   2.5804611e+00   1.9290438e+00   1.4770410e+00   1.1693796e+00   1.5283483e+00   1.2157025e+00   1.1383539e+00   1.0891278e+00   9.8149881e-01   9.2438952e-01   6.6513029e-01   6.9557205e-01   7.5688598e-01   4.4065978e-01
   3.5859273e+00   2.9035045e+00   2.4580234e+00   2.0530124e+00   1.3302104e+00   1.2494141e+00   1.2435481e+00   1.4426167e+00   1.0928334e+00   1.0066029e+00   1.3293788e+00   1.1595078e+00   7.2379515e-01   7.6224026e-01   7.5304418e-01   3.5967443e-01
   3.9734952e+00   2.6430582e+00   1.6184412e+00   1.7143700e+00   1.5889554e+00   1.4860386e+00   1.0997667e+00   1.4569085e+00   1.1995559e+00   9.2956931e-01   1.2239181e+00   8.4280880e-01   5.3344181e-01   5.8652251e-01   7.7173367e-01   2.8768812e-01
   3.9883825e+00   2.8721670e+00   2.3881101e+00   2.0779826e+00   1.1724931e+00   1.8895477e+00   1.3869798e+00   1.3276716e+00   1.3499937e+00   1.0408833e+00   1.1697083e+00   1.0613965e+00   9.1191486e-01   5.7246371e-01   6.1333264e-01   3.6016398e-01
