   4.3492122e+00   2.8806544e+00   1.9655320e+00   1.6419300e+00   1.3996610e+00   1.0661191e+00   6.3655300e-01   5.8611795e-01   3.7307734e-01   6.9440655e-02  -2.4946911e-01  -1.6064117e-01  -4.0845526e-01  -8.4219301e-01  -8.0146611e-01  -8.1168030e-01
   3.9236891e+00   2.9494285e+00   2.3227960e+00   1.8844290e+00   1.1613304e+00   7.6864155e-01   7.9955168e-01   8.4023441e-01   2.6614868e-01  -4.2765519e-02  -4.1415377e-02   2.1530440e-01   1.5579123e-01  -3.7448024e-01  -4.5612305e-01  -4.0682773e-01
   3.6276617e+00   2.4782299e+00   1.9602236e+00   1.8772602e+00   1.1839970e+00   1.3374246e+00   9.2311707e-01   4.9609054e-01   3.9016887e-01  -1.5036046e-01   5.7294797e-02  -1.1946949e-02  -2.5933270e-01  -7.0556956e-01  -7.4088007e-01  -9.5081480e-01
   2.6570295e+00   2.6295773e+00   2.1972412e+00   1.9449970e+00   9.5356912e-01   1.4357673e+00   5.7238943e-01   5.2328958e-01   2.2727873e-01   1.7829332e-01   8.2944455e-02  -2.8754296e-01  -3.2307932e-01  -5.3595459e-01  -7.5210244e-01  -8.2121335e-01
   3.2280921e+00   2.3510904e+00   1.8832774e+00   1.5836961e+00   1.5054874e+00   1.0449017e+00   7.0726961e-01   5.9127180e-01   2.7266865e-01   1.8329580e-01  -2.5284325e-01  -1.8648956e-01  -1.0382547e-01  -4.4234792e-01  -6.2966245e-01  -6.5088100e-01
   3.7627338e+00   2.8622491e+00   2.0735743e+00   1.2882481e+00   1.2266342e+00   1.2417531e+00   1.1161173e+00   6.2152537e-01   4.2455691e-01   4.2365084e-01  -2.1083394e-01   1.8597618e-01  -9.8975070e-02  -3.8799118e-01  -5.0837833e-01  -5.2933585e-01
   4.0289873e+00   2.6854365e+00   2.1569487e+00   1.9893958e+00   1.7223861e+00   1.4323329e+00   7.2952727e-01   3.8667148e-01   3.6100162e-01   2.2164367e-01   6.3236049e-02   2.0209220e-01   9.6515393e-02  -1.6643334e-01  -2.0479306e-01  -1.4739965e-01
   4.5019643e+00   2.6336719e+00   2.2385254e+00   1.8399172e+00   1.4039965e+00   1.2923649e+00   6.4687374e-01   3.3303814e-01   4.2384881e-01   2.8667016e-01   1.6575252e-01   3.2933587e-01   2.4655177e-01   1.0260579e-01   1.8482672e-01   4.0582407e-01
   3.9689055e+00   1.8201069e+00   1.0462365e+00   1.0124798e+00   1.0314484e+00   1.0205329e+00   4.6462888e-01  -1.1729025e-01  -3.6106386e-02  -5.1451322e-01  -1.1105867e+00  -1.2472888e+00  -7.9362396e-01  -9.5134753e-01  -9.8322489e-01  -9.0687010e-01
   3.6337431e+00   2.7272786e+00   2.8324217e+00   1.5674925e+00   1.2096077e+00   1.4461531e+00   8.0771633e-01   3.5445064e-01   5.6112760e-01  -2.8920537e-01  -2.4969276e-01  -3.3092879e-01  -4.6541229e-01  -7.9014606e-01  -1.1276086e+00  -1.4322938e+00
   4.0191523e+00   2.5915852e+00   2.3871799e+00   1.6035184e+00   1.4941438e+00   9.1313290e-01   5.9286927e-01   7.2663066e-01   6.2768346e-01   2.8131053e-01   9.3221404e-02   4.1506274e-02  -7.8090621e-02  -4.1577917e-01  -2.7313346e-01   3.1101329e-01
   3.6027739e+00   2.6985184e+00   2.2733744e+00   1.6923552e+00   1.4193889e+00   1.2793909e+00   9.7277772e-01   4.2161313e-01   3.9227016e-01   4.4854840e-01  -1.9392619e-02   1.7580240e-01  -4.4696127e-02  -3.5414183e-01  -6.0369989e-01  -2.2520399e-01
   3.9550634e+00   2.8389129e+00   2.1248319e+00   1.9905784e+00   1.4001037e+00   1.6559807e+00   7.9920626e-01   5.6783619e-01   6.8139586e-01   2.2675632e-01   9.2040203e-02   4.6090015e-02  -2.9838760e-02  -5.0318314e-01  -6.5671731e-01  -1.1152864e+00
   3.7134751e+00   2.9704565e+00   2.2279455e+00   1.8342117e+00   1.6044916e+00   1.1627352e+00   7.3443528e-01   6.7939349e-01   2.6902286e-01   3.3122182e-01  -7.9586767e-03  -5.7992914e-02  -5.4046239e-01  -6.8134903e-01  -7.8856673e-01  -7.8705274e-01
   3.7954320e+00   2.6603183e+00   1.2080032e+00   1.3548976e+00   1.2518054e+00   1.0984308e+00   4.4855152e-01   3.1135776e-01   2.8802558e-01   2.3057779e-01   1.4424847e-01  -1.3075294e-01  -4.3953141e-01  -6.7295771e-01  -8.1802027e-01  -8.4564953e-01
   3.1781703e+00   2.5918446e+00   1.5131332e+00   1.0794134e+00   1.3908291e+00   1.2208767e+00   5.3122193e-01   4.5573054e-01   3.9482912e-01   1.6262463e-01   7.0653061e-02   2.4067582e-01  -3.5872027e-02  -7.4255990e-01  -8.1891814e-01  -1.1197126e+00
   3.1056442e+00   2.5928833e+00   1.9725124e+00   1.3955750e+00   1.5555721e+00   1.4311078e+00   7.2998695e-01   4.2264133e-01   5.9064457e-01   1.1399675e-01   8.5551555e-02   2.4377056e-01  -1.0221061e-01  -5.1538238e-01  -6.6220805e-01  -7.2063912e-01
   3.7538686e+00   2.7364821e+00   2.1511789e+00   1.6169239e+00   1.6802659e+00   1.3593771e+00   9.4688726e-01   1.1598033e+00   5.5717398e-01   3.1321950e-02   5.0168990e-02  -1.2471926e-01  -3.5040266e-01  -4.1826479e-01  -3.4367445e-01  -5.4601938e-01
   3.6580638e+00   3.0056583e+00   1.9101064e+00   1.4380699e+00   1.5340036e+00   1.2764609e+00   1.1127210e+00   8.6814783e-01   4.8734765e-01  -9.0448795e-02  -1.5780900e-01  -3.9899973e-02  -3.9561637e-02  -5.4264575e-01  -7.7634879e-01  -5.4053939e-01
   3.6825173e+00   2.0828415e+00   1.8458292e+00   1.1352149e+00   1.2678310e+00   1.2964767e+00   5.6352960e-01   2.6737380e-01   7.5089423e-02  -3.9712333e-02  -4.1386503e-01  -2.6701866e-01  -4.6867546e-01  -7.9969314e-01  -3.9551928e-01   7.6909197e-02
   3.1846155e+00   2.0341857e+00   2.2295591e+00   1.2799865e+00   1.4629310e+00   1.6452050e+00   1.1001201e+00   4.9751714e-01   1.1119035e-01   1.4896924e-01  -4.0582264e-01   1.4531395e-01  -2.2272907e-02  -8.4519705e-01  -1.0118926e+00  -8.2299033e-01
   3.5403754e+00   2.3798460e+00   1.7946061e+00   1.3854045e+00   1.3999401e+00   1.2143050e+00   7.8018007e-01   8.2566775e-01   1.7668870e-01   2.1546426e-01  -8.2842553e-02   7.3863398e-02  -1.5581736e-01  -5.7769834e-01  -5.9587215e-01  -7.8038725e-01
   3.5738429e+00   2.4770315e+00   1.9222637e+00   1.6263893e+00   1.1105351e+00   8.2102764e-01   4.0125917e-01   3.2153202e-01   3.2151425e-01   1.9275111e-03  -3.0491344e-01   1.0176692e-01  -4.4924314e-01  -9.2278076e-01  -7.6390630e-01  -1.2160382e+00
   3.8649305e+00   2.5791907e+00   1.6419322e+00   1.4682958e+00   1.0338182e+00   1.0429758e+00   7.6352039e-01   3.1118762e-01   4.9034908e-01   1.3369500e-01   2.8526758e-01   1.9525973e-01  -5.9624204e-02  -3.5443349e-01  -6.6606903e-01  -9.1398502e-01
   4.1305545e+00   2.6420995e+00   1.9942128e+00   1.3927653e+00   9.3402665e-01   6.7251568e-01   4.5517660e-01   8.0053898e-02   8.0401074e-02  -4.4403480e-02  -2.0639528e-01   9.4419269e-02  -1.0289891e-01  -3.8455960e-01  -7.4409708e-02   1.6089068e-01
   3.6708518e+00   2.0666962e+00   2.2707498e+00   1.3419156e+00   1.3084106e+00   1.0921158e+00   4.9067365e-01   2.5612358e-01   4.0746472e-01   1.7918285e-01   6.2392317e-02   2.8137607e-02  -2.5005466e-01  -7.6484743e-01  -6.7950287e-01  -1.1137375e+00
   3.8598735e+00   2.0636979e+00   1.5614846e+00   1.7269839e+00   1.0962506e+00   8.2347730e-01   6.3670339e-01   4.1806076e-01   3.4319697e-01   1.0041173e-01  -1.8837390e-01  -3.1211657e-01  -2.2559832e-01  -8.4841445e-01  -5.7512184e-01   9.3130690e-02
   3.5554601e+00   2.6878266e+00   2.1115215e+00   1.4389007e+00   1.3759403e+00   1.2144909e+00   7.7502869e-01   4.3868320e-01   1.7633179e-01  -8.7936620e-02  -1.9649655e-01  -2.0025577e-01  -4.0016075e-01  -5.9586912e-01  -3.4277738e-01   1.6494940e-01
   3.6399401e+00   2.6934972e+00   1.5289707e+00   1.2180022e+00   1.2674725e+00   1.4935023e+00   1.2898138e+00   5.2436193e-01   5.2216449e-01   1.3821917e-03  -3.8879691e-01   1.9770950e-01  -3.7308128e-01  -6.8675554e-01  -9.6756256e-01  -1.0038362e+00
   3.4776943e+00   2.5243103e+00   2.0800013e+00   1.7256123e+00   1.1381384e+00   9.7101582e-01   8.6213552e-01   1.9814671e-01   2.9402408e-01  -8.0386487e-02  -2.6757929e-01  -1.1689151e-01  -1.5379662e-01  -6.6311992e-01  -7.9446988e-01  -8.7988978e-01
   3.7008802e+00   2.6935946e+00   2.0699874e+00   1.8232370e+00   1.1770778e+00   1.2159909e+00   8.8278309e-01   6.9205118e-01   3.4335639e-01  -4.5162662e-02  -8.2234983e-02  -9.7138442e-02  -5.5289218e-01  -7.4036281e-01  -6.7543232e-01  -1.0308756e+00
   3.5596897e+00   2.6090507e+00   2.1137287e+00   1.3552905e+00   1.5714359e+00   1.3926164e+00   7.0688880e-01   5.9418668e-01   4.0414930e-01   1.3339232e-01  -3.2873651e-02  -7.2095714e-02   2.7376588e-01   1.0255679e-01   1.7558616e-01  -5.6386766e-02
   3.2482192e+00   2.0908046e+00   2.4606812e+00   1.5128484e+00   1.3134112e+00   7.4027720e-01   7.5862357e-01   9.3014734e-01   6.1251787e-01   4.3333779e-01   4.1979339e-03   5.3048221e-01   1.1007821e+00   9.8439960e-01   9.7434673e-01   3.7488942e-01
   3.0906870e+00   2.8330802e+00   2.0120445e+00   7.8701660e-01   1.1333945e+00   9.9709235e-01   4.8973040e-01   4.6932002e-01   2.1363856e-01   1.1165160e-01   1.3749452e-01   7.0767237e-01   1.1663469e+00   1.2987760e+00   1.1993697e+00   6.3961305e-01
   3.7825776e+00   3.0910990e+00   2.4542304e+00   1.3859287e+00   1.0736295e+00   8.8414476e-01   7.5293885e-01   6.7009252e-01   4.1244920e-01   1.4469238e-01   5.9094062e-02   6.2905034e-01   1.1643683e+00   1.4124980e+00   1.6390574e+00   1.1633512e+00
   3.7098441e+00   2.7062010e+00   2.0187868e+00   1.7529860e+00   1.2354620e+00   9.0022710e-01   6.3672266e-01   7.1689543e-01   7.6880292e-01   3.3530504e-01   4.2437577e-01   9.2800902e-01   1.5113396e+00   1.5888622e+00   1.6708702e+00   1.0818378e+00
   3.7298961e+00   2.1859222e+00   2.3705558e+00   1.4555919e+00   1.0414661e+00   1.3597087e+00   8.0932986e-01   1.4629301e-01   2.5924826e-01   5.9574747e-01   6.3148581e-01   8.7111028e-01   2.0684685e+00   1.9536226e+00   1.9086721e+00   1.2643461e+00
   3.7286039e+00   2.4752358e+00   1.6673619e+00   1.6809250e+00   1.3485456e+00   1.6270641e+00   7.1518278e-01   2.7994954e-01   5.0578055e-01   7.4527054e-01   3.4818292e-01   9.7706249e-01   2.1182100e+00   2.0637333e+00   1.5862689e+00   1.3830336e+00
   3.0895281e+00   2.2142975e+00   1.9410385e+00   1.9369318e+00   1.5162626e+00   1.3102796e+00   1.1051165e+00   7.1051979e-01   3.2402503e-01   5.3074590e-01   3.1534411e-01   9.5754476e-01   1.9599737e+00   2.2616744e+00   1.7180436e+00   9.2464924e-01
   3.3635479e+00   1.9122804e+00   1.8435315e+00   1.2405968e+00   1.5812444e+00   1.4163244e+00   8.2367356e-01   4.9419083e-01   4.4974111e-01  -1.5939913e-01   3.4344432e-01   9.3148760e-01   1.8425611e+00   1.7185341e+00   1.6710290e+00   9.3234646e-01
   3.8144232e+00   3.2099374e+00   2.5827132e+00   1.5003627e+00   1.1724074e+00   1.1882852e+00   7.7705612e-01   7.5239456e-01   3.1027292e-01   2.7033613e-01   5.3176998e-01   1.0161724e+00   1.1038644e+00   1.1097108e+00   1.1601696e+00   5.1545347e-01
   3.9267348e+00   2.7980250e+00   2.5746264e+00   1.9887670e+00   1.2744238e+00   1.2801828e+00   1.0028802e+00   9.2278867e-01   7.2983997e-01   8.2081043e-01   4.2605351e-01   8.8889586e-01   7.0401522e-01   7.0291963e-01   7.0871686e-01   2.1659932e-01
   3.7648831e+00   3.0233140e+00   2.7239888e+00   1.6339459e+00   7.6652190e-01   9.6309033e-01   4.6081757e-01   7.8741641e-01   3.4692342e-01   1.0033267e+00   7.5688629e-01   1.3477587e+00   1.4615394e+00   5.6354094e-01   1.5238427e-01  -2.7293212e-01
   3.3192951e+00   2.9016734e+00   2.7864873e+00   1.6112991e+00   7.2194969e-01   8.4320130e-01   6.9797806e-01   6.3686083e-01   5.0146316e-01   1.4141909e+00   9.4061884e-01   1.7934829e+00   1.9042304e+00   1.2378819e+00   1.6671046e-01  -6.6675326e-01
   2.4897596e+00   3.3285700e+00   2.7392423e+00   2.2553559e+00   1.5123257e+00   1.2867637e+00   7.6316780e-01   4.5397688e-01   7.0138390e-01   1.4019530e+00   8.8585729e-01   1.5923496e+00   1.7336809e+00   9.8467944e-01   1.2780228e-02  -7.0149977e-01
   3.0403960e+00   3.1254047e+00   2.9002328e+00   1.9658427e+00   1.6735431e+00   1.3406956e+00   5.7622010e-01   5.8019734e-01   5.8872226e-01   1.4088029e+00   8.7470243e-01   1.4820248e+00   1.7002158e+00   9.8259183e-01   1.9463301e-01  -1.0878192e+00
   3.6588066e+00   3.4178276e+00   3.1002090e+00   1.9697730e+00   1.2702198e+00   9.3826521e-01   9.5218440e-01   4.2739699e-02   2.5140651e-01   1.2968205e+00   1.1001619e+00   1.4754145e+00   1.5819744e+00   1.2290164e+00   3.0442388e-01  -7.7252037e-01
   4.0603847e+00   3.5382785e+00   2.4102362e+00   1.9936815e+00   2.0073178e+00   1.3167945e+00   1.1360148e+00   6.9236371e-01   5.8503092e-01   1.7015610e+00   1.5472007e+00   1.5465717e+00   1.6695529e+00   1.2954482e+00   2.4865762e-01  -4.8743420e-01
   3.7285947e+00   3.0908740e+00   2.7360299e+00   1.5367955e+00   1.3262884e+00   9.6431073e-01   6.0831674e-01   3.8326996e-01   5.9998803e-01   1.6265968e+00   1.5726541e+00   1.4653292e+00   1.6946241e+00   1.3367419e+00   5.1812327e-01   1.3672493e-01
   3.3374675e+00   2.1503650e+00   1.9130674e+00   1.0544659e+00   6.8214565e-02   1.4811621e-01   1.0265415e-01  -2.5394021e-01  -1.3834109e-01   6.0411970e-01   5.4893200e-01   4.3382032e-01   5.1141606e-01   1.4694021e-01  -4.0140314e-01   1.0100487e-01
   3.5429036e+00   2.8799003e+00   2.3945247e+00   1.8878998e+00   1.0074815e+00   1.2239435e+00   5.6867640e-01   6.3348803e-01   4.4645910e-01   1.4681544e+00   1.6244385e+00   1.2706282e+00   1.6260785e+00   1.4181569e+00   2.2492771e-01  -1.8280604e-01
   3.8178399e+00   2.9108926e+00   2.2386034e+00   1.7254920e+00   1.1802829e+00   1.1492418e+00   2.7904830e-01   4.5569734e-01   6.0805982e-01   1.3952638e+00   1.5502340e+00   1.7967056e+00   2.1395631e+00   2.0829270e+00   7.9259245e-01  -5.8581043e-01
   2.9672385e+00   2.3664605e+00   1.9982591e+00   1.5254585e+00   1.4896153e+00   1.2329279e+00   3.6223121e-01   7.8419481e-01   5.0975122e-01   1.2147628e+00   1.6316419e+00   1.6175036e+00   2.2485707e+00   2.0716200e+00   7.4800524e-01  -9.7126570e-01
   3.5481879e+00   2.5980988e+00   2.1652360e+00   1.4483577e+00   1.4343041e+00   1.5888013e+00   8.2089986e-01   8.0960740e-01   5.7907572e-01   5.6529909e-01   1.0668044e+00   1.2866752e+00   1.5125504e+00   1.5176029e+00   6.3422127e-02  -1.1811376e+00
   3.4779915e+00   2.6336406e+00   2.2320988e+00   1.5899766e+00   1.2545728e+00   1.6420373e+00   1.1691585e+00   5.5817913e-01   5.1078596e-01   6.4267992e-01   7.2037389e-01   9.8127856e-01   8.9018514e-01   1.1068537e+00   6.2061454e-02  -1.1503085e+00
   3.7086885e+00   2.4851979e+00   1.8495600e+00   1.0592966e+00   1.3859683e+00   1.2490772e+00   6.3306680e-01   2.0839500e-01   2.4668618e-02   2.2145736e-01   3.8446327e-01   4.2918496e-01   5.5868905e-01   8.5450037e-01  -6.1497408e-02  -1.0868486e+00
   3.7704913e+00   2.8327823e+00   1.4390049e+00   1.7486028e+00   1.2068062e+00   1.3066853e+00   6.7565189e-01   6.8251523e-01   5.8332526e-01   2.2856496e-01   9.2060873e-02   2.0131038e-01   4.7473927e-01   8.4088311e-01  -5.9917339e-03  -1.0761788e+00
   3.4442267e+00   2.8199027e+00   2.4724458e+00   1.6467726e+00   1.2042335e+00   1.3574686e+00   4.9344207e-01   5.3123024e-01   2.4163173e-01   2.6531984e-01  -1.2995855e-02   1.9443166e-01   3.0551132e-01   5.5721123e-01  -1.2375346e-01  -9.4352173e-01
   3.4403771e+00   2.9313887e+00   2.3589969e+00   1.6835283e+00   1.3154955e+00   1.2516056e+00   5.8245584e-01   4.9725151e-01   4.5688471e-01   2.5083113e-01   1.7911727e-01   2.8915280e-01   2.4737036e-01   4.2933886e-01  -1.1367160e-01  -4.2360087e-01
   4.6231971e+00   3.0903785e+00   1.9511849e+00   1.7991931e+00   1.4147590e+00   1.4335289e+00   9.4205787e-01   6.6480737e-01   6.9250539e-01   6.1960884e-01   4.9628959e-01   4.4393479e-01   7.6738976e-02   1.9655612e-01  -1.7649165e-02   2.8568931e-01
   4.2618762e+00   2.7394744e+00   1.0707500e+00   1.0931534e+00   4.9531211e-01   4.4479544e-01   1.5176106e-01   8.2642044e-02  -7.0425115e-02  -6.7798314e-02  -1.3039736e-01  -1.3250898e-01  -2.9738724e-01  -2.8260471e-01  -2.6480424e-01   4.2561317e-01
   3.6379215e+00   2.6637715e+00   1.5267043e+00   1.3579297e+00   1.0875346e+00   1.3815401e+00   1.0900847e+00   5.4475666e-01   1.7332406e-01  -9.5547614e-02  -2.4178532e-01  -2.8995340e-01  -3.3512594e-01  -3.8857024e-01  -5.4371271e-01  -6.6202469e-01
   3.4151638e+00   2.7153483e+00   1.2954598e+00   7.0491369e-01   1.3732135e+00   1.4445410e+00   8.2799549e-01   8.3858122e-01   3.9239715e-01   1.2366180e-01  -1.4951949e-01   2.7940246e-01   3.0634010e-02  -1.7158399e-01  -1.0780601e-01   8.8351144e-02
   3.6183536e+00   2.8287667e+00   2.0428367e+00   1.1096958e+00   1.0709561e+00   9.7729939e-01   7.4941912e-01   7.8927205e-02  -1.9121491e-01  -4.6082342e-01  -6.5194957e-01  -3.4147984e-01  -3.8460771e-01  -1.9931533e-01   5.5381016e-02   5.1656786e-01
   3.6132445e+00   3.0536771e+00   1.8975634e+00   1.8941623e+00   1.2733679e+00   3.3147644e-01   5.2942418e-01   7.1929348e-01   2.3226905e-01   4.6071028e-02   1.2923912e-01  -2.5039704e-01  -3.8645673e-01  -4.6247736e-01  -5.8124408e-01   2.4283637e-01
   3.6685669e+00   2.7104163e+00   1.4796054e+00   2.0566444e+00   1.4315737e+00   8.8222361e-01   7.8265290e-01   5.5756003e-01   9.6154406e-02   2.6552173e-01   5.5139399e-02  -2.3526898e-01  -3.6668416e-01  -4.6778858e-01  -6.4406749e-01  -7.9681382e-01
   3.2045040e+00   2.4764252e+00   1.5231482e+00   1.4215529e+00   1.4011461e+00   1.1917234e+00   9.0346909e-01   4.6571446e-01   4.3044813e-01   3.7382471e-01  -3.5075776e-01  -8.4460593e-02  -8.8457661e-02  -5.5064027e-01  -9.3784092e-01  -1.0178072e+00
   3.2586049e+00   2.9177092e+00   1.6867852e+00   1.3093311e+00   6.9339713e-01   1.4642997e+00   1.4181686e+00   4.5830778e-01   3.7748520e-01   2.1220496e-01  -2.7140838e-01   9.9936963e-02  -5.8520141e-02  -3.7129944e-01  -1.0236366e+00  -1.0243016e+00
   3.6590230e+00   3.0967234e+00   2.3679799e+00   1.4782278e+00   1.2609529e+00   1.4053288e+00   1.0298550e+00   2.2792128e-01   4.1654711e-01  -3.8153141e-02  -2.2181991e-01   7.6957278e-02   3.9770639e-02  -3.0145600e-01  -2.7118777e-01  -3.8869825e-02
   2.7240993e+00   2.6810236e+00   2.0830882e+00   1.5161124e+00   1.2398583e+00   1.4743375e+00   8.8943341e-01   1.8701400e-01   2.5502637e-01   1.1267376e-02   1.1273880e-01  -1.2635262e-01  -2.9814982e-01  -6.9007778e-01  -6.9592909e-01  -2.5802432e-01
   3.3945616e+00   2.6021544e+00   2.0798858e+00   1.2914421e+00   1.0016964e+00   9.8999406e-01   1.1042540e+00   2.5672273e-01   7.1792938e-02   1.1585449e-02  -4.0170416e-01  -1.5315631e-01  -3.9555580e-01  -5.8403903e-01  -2.8829118e-01   2.8178188e-01
   2.8796776e+00   9.9081035e-01   1.1958422e+00   4.7259581e-01  -6.6741466e-01   6.9945773e-02  -3.9155962e-01  -5.3874275e-01  -7.4342314e-01  -7.0921759e-01  -7.5953922e-01  -1.0720542e+00  -8.1692112e-01  -8.9211169e-01  -6.0224128e-01  -1.4048848e-01
   2.4704524e+00   1.0141624e+00   6.2768405e-01   2.6318245e-01   1.0779411e-01  -8.0982541e-01  -7.7363809e-01  -9.3868070e-01  -1.6364194e+00  -1.7925322e+00  -1.7626806e+00  -1.6368646e+00  -1.8768988e+00  -1.8870026e+00  -1.9847041e+00  -1.6161341e+00
   2.9593596e+00   2.2210778e+00   1.8529279e+00   1.4762212e+00   1.1213561e+00   5.9179531e-01   6.5803245e-01   2.0314491e-01  -1.4853258e-01  -3.3284170e-01  -6.0368405e-01  -5.7384422e-01  -3.8171692e-01  -2.9804213e-01  -2.3497574e-01   1.6667219e-01
   3.3821183e+00   2.8004645e+00   2.0087478e+00   1.8536922e+00   6.7820263e-01   9.1829184e-01   5.0626423e-01  -5.0046960e-04   2.2394451e-02  -5.1518524e-01  -1.0276784e-01   2.9601130e-01  -9.5943143e-02  -3.6058215e-01  -6.9863311e-02   2.5187092e-01
   2.9281907e+00   1.9495690e+00   1.4965072e+00   1.0491181e+00   2.5116627e-01   4.9091366e-01   1.2520533e-01  -3.3109859e-02  -1.1141456e-01  -4.8533372e-01  -6.7821818e-01  -2.5355428e-02  -5.3133357e-01  -6.8876588e-01  -5.2035670e-02   4.5711328e-01
   2.5190911e+00   1.7906040e+00   8.5783744e-01   5.1868194e-01   4.3252937e-02   2.0037771e-01   5.8730737e-02  -9.8656961e-02  -4.6163574e-01  -7.3645961e-01  -7.7272972e-01  -6.6246969e-01  -9.1019056e-01  -7.9996445e-01  -4.4791136e-01   7.0201970e-01
   3.0453690e+00   1.9685302e+00   1.4762210e+00   2.0590076e-01   4.4941855e-01   4.9233172e-01   4.0254774e-01   3.3433695e-01  -3.6678283e-01  -1.5224641e-01  -1.9052709e-01  -5.0611780e-01  -4.4579015e-01  -3.4518093e-01  -1.6458762e-01   3.0062045e-01
   3.5350331e+00   2.4822730e+00   1.8322143e+00   7.9609562e-01   5.6327739e-01   1.3959745e-01  -1.7388273e-01  -1.1863203e-02  -5.6957256e-01  -6.6746485e-01  -6.2820318e-01  -1.2237917e-01  -3.0105803e-01  -7.5667535e-01  -5.8658992e-01  -2.2810867e-01
   3.3472061e+00   2.6526877e+00   2.3485560e+00   1.5034318e+00   1.1473860e+00   1.1655901e+00   1.1275694e+00   8.5423876e-01  -4.1432659e-02   8.8082267e-04  -2.9989743e-01   1.1343896e-01  -6.8020456e-02  -4.5779166e-01  -6.4863888e-01  -4.9661069e-01
   3.2514576e+00   2.1924022e+00   1.8857174e+00   1.1753382e+00   1.1815658e+00   9.1659469e-01   7.1691706e-01   3.8723802e-02   1.9123799e-02  -1.9080897e-01  -4.6838331e-01  -3.3764854e-01  -1.1264594e-01  -3.3393806e-01  -1.0784992e-01   3.9806532e-01
   3.3583365e+00   2.5405323e+00   2.2759938e+00   1.4406682e+00   7.4101231e-01   5.5546701e-01   4.2437137e-01  -6.7145744e-02   4.3319709e-02  -2.6895115e-01  -1.1118753e-01   1.1841861e-01  -1.9675602e-01  -5.1919733e-01  -8.9230057e-02   5.5318395e-01
   3.1589808e+00   2.3284466e+00   1.9213453e+00   1.1312224e+00   1.3969110e+00   1.3285434e+00   9.9825944e-01   5.6571364e-01   4.7895593e-01   1.6667787e-01  -3.5477812e-01   1.7843873e-01   9.9204016e-02  -4.6310502e-01  -6.7695336e-01  -1.5818673e-01
   3.2254471e+00   2.6915832e+00   1.7194822e+00   1.4392337e+00   1.2315402e+00   1.1691268e+00   1.1318034e+00   8.4041751e-01   6.7166815e-01   4.1467035e-01  -1.5522689e-01  -9.9622205e-02  -1.6712594e-01  -4.9015475e-01  -6.6804774e-01  -7.3076865e-01
   3.4198378e+00   2.5525408e+00   1.4363326e+00   3.0823499e-01   5.0123829e-01   6.7167809e-01   6.9819650e-01   4.4535613e-02  -5.1850714e-03   1.0676901e-01  -3.1298210e-01  -6.1047805e-01  -7.8955817e-01  -8.4966122e-01  -1.8086750e-01   1.7392755e-01
   3.4763671e+00   2.6802665e+00   1.0240047e+00   1.1170641e+00   1.4517853e+00   1.0037000e+00   3.9033607e-01   4.2441548e-01   1.5610338e-01   8.0466333e-03  -5.5124421e-01  -7.5524014e-01  -2.6326879e-01  -5.1131855e-01  -9.9969591e-01  -8.9669111e-01
   3.4714941e+00   2.1484299e+00   1.6856363e+00   1.3963540e+00   8.7316640e-01   1.0851205e+00   5.4242060e-01   2.2745391e-01   3.6888686e-01   2.2443679e-01  -1.6046011e-01  -1.2811383e-01  -3.6163888e-02  -9.6703846e-01  -1.0381868e+00  -1.1581590e+00
   3.3274519e+00   2.3546497e+00   2.0607308e+00   1.4659179e+00   1.1366881e+00   1.0082065e+00   9.0417555e-01   4.2097733e-01   4.1260468e-01   3.1986699e-01  -2.0669528e-02  -6.2198325e-02  -1.8975996e-01  -4.7757188e-01  -3.2500625e-01  -9.8662884e-02
   2.5001035e+00   9.5714518e-01   4.8664289e-01   2.1382613e-01  -3.2730156e-01  -4.2454643e-01  -1.2408928e+00  -1.0276818e+00  -1.1267599e+00  -1.1587327e+00  -1.3283229e+00  -1.4223757e+00  -1.3225335e+00  -1.4472280e+00  -1.0273960e+00  -6.5985143e-01
