   1.7681180e+00   6.2250555e-01  -4.4717869e-01   1.6087555e-01  -3.8269218e-01  -1.2993658e+00  -1.5316675e+00  -1.8929109e+00  -1.4938059e+00  -1.7746506e+00  -1.8987705e+00  -1.9982887e+00  -1.5794986e+00  -1.7430782e+00  -1.5894373e+00  -1.7563316e+00
   1.7114189e+00   3.5781258e-02   1.1003969e-01   7.5609367e-01   2.2722541e-01  -7.7042408e-01  -1.8215518e+00  -1.7909532e+00  -1.6580507e+00  -1.7536953e+00  -1.6856965e+00  -1.8762420e+00  -1.8053234e+00  -1.8389411e+00  -1.9891257e+00  -2.1721947e+00
   1.1940334e+00  -1.2312969e-01  -5.2205318e-01  -1.2446965e-01  -1.9952148e-01  -9.5212268e-01  -1.7787709e+00  -2.0549546e+00  -2.1353335e+00  -1.9441213e+00  -1.6694547e+00  -2.0785459e+00  -2.0660184e+00  -1.8837847e+00  -1.9243211e+00  -1.7224036e+00
   8.1226320e-01   5.9342240e-02  -3.2716910e-02   5.3675640e-01  -1.6019366e-03  -9.6884012e-01  -1.8956922e+00  -2.1560463e+00  -1.9607449e+00  -2.2028246e+00  -1.7792364e+00  -2.0489364e+00  -2.0060581e+00  -1.9185567e+00  -1.8727092e+00  -1.9885482e+00
   1.6758841e+00   3.0917913e-01  -8.8532992e-01  -1.3783673e-01  -1.8998075e-01  -9.4944492e-01  -2.0756310e+00  -1.3804260e+00  -1.6792926e+00  -1.8195931e+00  -1.9399196e+00  -2.1494456e+00  -1.8646581e+00  -2.0176192e+00  -1.9320355e+00  -1.9571246e+00
   1.5096712e+00   7.1469711e-01  -3.4511378e-01   1.0180024e-01  -5.4744462e-01  -1.5535745e+00  -1.7615758e+00  -1.4705909e+00  -1.6495745e+00  -1.7844992e+00  -1.8185725e+00  -1.7257920e+00  -1.9900853e+00  -1.8978680e+00  -1.8144085e+00  -1.7819976e+00
   2.2932582e+00   1.0008853e+00  -1.6070916e-01   6.3793007e-02  -5.0054096e-01  -8.7927849e-01  -1.6973107e+00  -1.4223013e+00  -2.1993342e+00  -1.7062703e+00  -1.6251676e+00  -1.7656218e+00  -2.0488302e+00  -2.2709544e+00  -1.9896485e+00  -1.9810070e+00
   1.1829619e+00   4.3685725e-01  -2.0558499e-02   2.6138166e-01  -6.5088217e-02  -9.8179109e-01  -1.6756386e+00  -1.0578453e+00  -1.7105365e+00  -1.8152128e+00  -1.6074523e+00  -1.7489128e+00  -1.7445961e+00  -1.7166330e+00  -1.8013696e+00  -1.6830645e+00
   1.6526731e+00   2.7430809e-01  -3.5303712e-01  -1.2121618e-01  -3.1146544e-01  -1.1119575e+00  -1.7629886e+00  -1.1181900e+00  -1.8702534e+00  -1.9251775e+00  -1.8674895e+00  -1.9433778e+00  -2.2864232e+00  -2.0469553e+00  -2.0306390e+00  -1.8186518e+00
   1.6417365e+00   5.4361884e-01   6.2072801e-01   3.1283139e-01  -3.7115667e-01  -9.8557410e-01  -1.6855566e+00  -1.8493537e+00  -2.2654712e+00  -1.9186304e+00  -1.9847001e+00  -1.9165756e+00  -1.6902361e+00  -1.7694393e+00  -1.8439296e+00  -2.0175851e+00
   1.9751720e+00   3.2353375e-01  -2.5098571e-01  -2.5192248e-02  -8.1218657e-01  -1.5221041e+00  -2.1331640e+00  -1.8899630e+00  -1.8150756e+00  -1.5977407e+00  -2.0337565e+00  -2.0788095e+00  -1.8593302e+00  -1.9000105e+00  -2.0350117e+00  -1.8404199e+00
   1.0415557e+00   2.8265986e-01   1.3195813e-01  -4.6480891e-02  -5.3860808e-01  -1.0346013e+00  -1.6644840e+00  -1.6173026e+00  -1.4057049e+00  -1.5443921e+00  -1.8765231e+00  -1.9647341e+00  -2.0106738e+00  -1.8497858e+00  -1.8647264e+00  -1.8988310e+00
   1.3061732e+00   4.3201628e-01  -4.6846341e-01  -1.4088992e-01  -3.2788181e-01  -8.1022510e-01  -1.7082031e+00  -1.6452989e+00  -1.6889945e+00  -1.6425761e+00  -1.7111540e+00  -1.8821493e+00  -1.7299315e+00  -1.8718215e+00  -2.1299560e+00  -1.9548737e+00
   1.2374628e+00   4.6741423e-01  -3.9144661e-01   2.3721220e-01  -3.7973458e-01  -1.0093724e+00  -1.7565520e+00  -1.2485535e+00  -1.5815445e+00  -1.9900707e+00  -1.8850826e+00  -1.8024162e+00  -1.9642340e+00  -2.0983599e+00  -1.8842307e+00  -1.9708543e+00
   1.1958819e+00   4.5234984e-01  -5.6028754e-01  -9.6529984e-02  -2.8614643e-01  -1.3874501e+00  -1.7408726e+00  -1.6767739e+00  -1.4240500e+00  -1.6619437e+00  -1.6889641e+00  -2.0962564e+00  -1.9945295e+00  -2.0134047e+00  -1.9671660e+00  -1.9874212e+00
   1.5270819e+00   2.6782187e-01  -1.7331842e-01   4.5434865e-01   3.4580446e-02  -1.3253251e+00  -2.0355710e+00  -1.9404945e+00  -1.5839469e+00  -1.6788843e+00  -1.8235157e+00  -2.1749635e+00  -2.0686435e+00  -2.0215119e+00  -2.0015673e+00  -1.8383772e+00
   1.8127315e+00   8.4484252e-01  -1.1665318e-01   7.3428246e-02  -4.2782845e-01  -1.2487161e+00  -2.1507286e+00  -1.8034304e+00  -1.6239873e+00  -1.8012793e+00  -2.1354369e+00  -2.3519449e+00  -1.9896489e+00  -1.9135259e+00  -1.9746693e+00  -2.0199510e+00
   1.7653510e+00   7.9128003e-01  -4.3232990e-02   2.1398789e-01  -1.3286781e-01  -1.0594339e+00  -1.5436326e+00  -1.8210810e+00  -1.9852511e+00  -2.1135556e+00  -1.9409947e+00  -2.2174140e+00  -2.2233106e+00  -2.0722535e+00  -1.9287518e+00  -1.8185292e+00
   1.4401910e+00   2.8979431e-01  -1.3572042e-01   4.4890176e-01  -6.4979485e-01  -1.0904412e+00  -1.8394337e+00  -1.5907512e+00  -1.8692950e+00  -2.0728071e+00  -1.8286253e+00  -1.8995905e+00  -1.8307354e+00  -1.7982920e+00  -2.0699030e+00  -2.0643657e+00
   1.9760600e+00   5.0695917e-01   1.2037814e-01   1.1361456e-01  -5.4440715e-01  -7.4263617e-01  -2.0680785e+00  -1.8337561e+00  -1.6176632e+00  -1.6742622e+00  -1.6775070e+00  -1.9347391e+00  -1.9646205e+00  -1.7598912e+00  -1.8755087e+00  -1.7070451e+00
   1.8082708e+00   4.2098383e-01   1.5535426e-01   1.7883342e-01  -1.6061373e-01  -7.1207299e-01  -2.0277474e+00  -1.6578303e+00  -1.7117710e+00  -1.9503151e+00  -1.9998920e+00  -2.2557834e+00  -2.1345107e+00  -1.9995285e+00  -1.9839783e+00  -1.9756815e+00
   1.8779370e+00   1.0134906e+00  -3.3993626e-01  -1.7641397e-01  -7.6008044e-01  -7.0930622e-01  -1.7006136e+00  -1.7537324e+00  -1.4161235e+00  -1.9980026e+00  -2.1646575e+00  -2.3166737e+00  -2.0652529e+00  -1.9532375e+00  -2.1214193e+00  -2.0954090e+00
   1.2348409e+00   2.7083993e-01   3.4501139e-03   1.5229341e-01  -2.6433803e-01  -8.3288856e-01  -2.0588679e+00  -1.8229791e+00  -1.9364434e+00  -1.8862696e+00  -1.7769693e+00  -2.1432939e+00  -1.9824507e+00  -2.0061243e+00  -2.0118589e+00  -2.0227370e+00
   1.7965264e+00   7.0369488e-01  -3.2994660e-01  -7.0107109e-03  -4.8985368e-01  -1.0254683e+00  -1.8685022e+00  -1.8875711e+00  -1.7534008e+00  -1.9938908e+00  -1.8400397e+00  -2.1681974e+00  -1.7728700e+00  -1.8825080e+00  -1.8908922e+00  -2.1199587e+00
   2.2381435e+00   1.0810643e+00  -4.4210232e-02  -3.2451308e-01  -4.5311283e-01  -9.0267551e-01  -1.8737259e+00  -1.8873114e+00  -1.9425781e+00  -1.8944359e+00  -1.9965323e+00  -1.9110428e+00  -1.8170610e+00  -1.7344221e+00  -1.7289255e+00  -1.9409808e+00
   1.6182757e+00   6.4669679e-01   1.2428863e-02  -2.9621096e-01  -4.2983452e-01  -7.6884153e-01  -1.9485609e+00  -1.7385326e+00  -1.5875240e+00  -1.7220859e+00  -1.9038673e+00  -1.8910343e+00  -2.0671316e+00  -1.6909749e+00  -1.7074636e+00  -1.8812946e+00
   1.6388250e+00   8.5751101e-01  -3.8638688e-02   2.5228768e-01  -6.4470999e-01  -1.0000952e+00  -1.7800247e+00  -1.5095475e+00  -1.9301292e+00  -2.1107448e+00  -1.9270360e+00  -2.0641086e+00  -1.7798657e+00  -1.9160839e+00  -2.1069708e+00  -2.0444963e+00
   2.2754920e+00   1.0958611e+00  -3.9625091e-01  -1.4281442e-02  -3.7342923e-01  -1.1256430e+00  -1.8489004e+00  -1.7150095e+00  -1.8292680e+00  -1.3668080e+00  -1.6689702e+00  -1.9700135e+00  -2.1249935e+00  -1.8036449e+00  -2.0512226e+00  -1.9621678e+00
   2.2454432e+00   3.2527361e-01   2.0582847e-02   1.7695724e-01  -2.0200861e-01  -8.5239506e-01  -1.7643876e+00  -1.2877643e+00  -1.7578221e+00  -1.5917145e+00  -1.8233147e+00  -1.9693151e+00  -1.8624491e+00  -1.8024420e+00  -1.7128228e+00  -1.9342163e+00
   1.8060259e+00   9.2175983e-01   5.1151792e-01   5.8226861e-01   1.2376210e-03  -9.9016542e-01  -1.6737903e+00  -3.7467208e-01  -1.3526901e-01  -1.1616429e+00  -1.2505990e+00  -1.4844088e+00  -1.6791427e+00  -1.3586113e+00  -1.7361093e+00  -1.9318192e+00
   1.9496962e+00   1.2952417e+00   6.2721926e-01   1.4630034e+00   1.4997042e+00  -2.5053353e-01  -1.2123897e+00   3.9743370e-01   8.9976849e-01  -7.7057642e-01  -2.6682684e-01  -5.3061047e-01  -1.1596040e+00  -6.8720376e-01  -1.7551144e+00  -1.8415606e+00
   2.2043988e+00   1.6799007e+00   7.3544387e-01   1.8406676e+00   1.9332299e+00   2.7696030e-01  -8.2782650e-01   7.0356181e-01   1.0859866e+00  -6.4893215e-02   1.7943168e-01   5.5661528e-02  -5.5599826e-01  -2.4880866e-01  -1.5178193e+00  -1.4538462e+00
   1.9221510e+00   1.5721126e+00   1.4243118e+00   2.5260292e+00   2.6712944e+00   6.5856234e-01  -9.7891044e-02   1.6640907e+00   2.0518737e+00   7.3804429e-01   1.2075046e+00   1.1994792e+00   7.7399918e-01   5.4051536e-01  -1.5503067e+00  -1.1243088e+00
   2.4988579e+00   1.9890833e+00   1.5124000e+00   2.8322739e+00   3.0128330e+00   6.5749274e-01   2.0764986e-01   1.9746453e+00   2.3418977e+00   1.2224888e+00   1.8378844e+00   1.8092716e+00   1.1760957e+00   8.4561739e-01  -1.1114012e+00  -6.0658279e-01
   2.6528722e+00   2.2307539e+00   1.6706860e+00   2.9753446e+00   3.2548743e+00   9.8659340e-01   5.4034026e-01   2.3353904e+00   2.6010696e+00   1.5940189e+00   2.1780909e+00   2.1709593e+00   1.5203057e+00   1.0611764e+00  -9.0763219e-01  -6.0269946e-01
   2.7904851e+00   2.3792023e+00   1.5872289e+00   3.0714985e+00   3.4336086e+00   1.2102534e+00   7.0173131e-01   2.6885893e+00   2.8942441e+00   1.8657298e+00   2.4587842e+00   2.3345391e+00   1.6454317e+00   1.0049711e+00  -1.2482085e+00  -3.6113836e-01
   2.9902153e+00   2.3645881e+00   1.5893605e+00   3.1591473e+00   3.5688856e+00   1.5173802e+00   9.8200171e-01   2.9868867e+00   2.9883593e+00   1.9221139e+00   2.5160051e+00   2.3496254e+00   1.6640991e+00   1.2013459e+00  -8.9510276e-01  -3.4105823e-01
   2.6881627e+00   2.2329842e+00   1.7708813e+00   3.2789052e+00   3.7531353e+00   1.6439147e+00   9.8607030e-01   3.0910720e+00   2.9535293e+00   1.8531352e+00   2.5040550e+00   2.3141692e+00   1.6044864e+00   1.1500245e+00  -4.4879937e-01  -1.3897352e-01
   2.9287788e+00   2.3379491e+00   1.7283318e+00   3.3414341e+00   3.8390323e+00   1.7063696e+00   1.1611356e+00   3.0845940e+00   2.8435645e+00   1.8093410e+00   2.4668679e+00   2.2050038e+00   1.3481643e+00   7.9629386e-01  -9.2969372e-01  -5.3708390e-01
   2.9865007e+00   2.4134752e+00   1.9391430e+00   3.3798306e+00   3.9031737e+00   1.7967270e+00   1.2939162e+00   2.9157901e+00   2.4573837e+00   1.7026346e+00   2.3656260e+00   2.0627661e+00   1.3687348e+00   1.0743848e+00  -1.0372547e-01  -6.8783051e-03
   2.9921504e+00   2.4551050e+00   1.8693181e+00   3.4639669e+00   3.9281912e+00   1.7124369e+00   1.4561574e+00   2.9675055e+00   2.1360738e+00   1.5505762e+00   2.2434240e+00   2.0813865e+00   1.7400126e+00   1.1757139e+00  -6.6233385e-01  -5.4219919e-01
   2.6833255e+00   2.3509100e+00   2.0030890e+00   3.4295191e+00   3.7968112e+00   1.5786077e+00   1.4569662e+00   2.5896488e+00   1.9347923e+00   1.4702266e+00   2.1832574e+00   1.6387748e+00   1.5327500e+00   1.0512430e+00  -5.6160510e-01  -2.1944290e-01
   2.6661996e+00   2.1056757e+00   1.7724226e+00   3.2603652e+00   3.3357404e+00   1.3690452e+00   1.3343909e+00   2.0330852e+00   1.3811085e+00   6.9769261e-01   1.2604937e+00   7.9471858e-01   6.3608420e-01   7.1575262e-01  -1.1135163e+00  -8.9498484e-01
   2.4489066e+00   1.5576764e+00   8.9746019e-01   2.1918405e+00   2.1251229e+00   3.6137244e-01   3.5338025e-01   6.5971379e-01   5.8650092e-02  -8.8667838e-02   1.1852460e-01  -5.1238139e-01  -3.5373061e-01  -7.6521123e-02  -7.1162034e-01  -7.0157213e-01
   1.8416275e+00   3.5306085e-01   3.3310343e-01   2.2809476e-01   3.5030997e-01  -4.6587953e-01  -5.6182692e-01  -1.6642536e-01  -7.6947610e-01  -1.3012777e+00  -1.2032855e+00  -1.2192142e+00  -1.1299523e+00  -1.7563607e-01  -3.0537744e-01  -6.5101845e-01
   2.3140295e+00   7.1366602e-01  -9.2087931e-02  -1.6536524e-01  -3.2731769e-02  -1.0796972e+00  -1.3503763e+00  -9.2022119e-01  -1.3620246e+00  -1.4358176e+00  -1.3147098e+00  -1.3713844e+00  -1.1541908e+00  -2.2766045e-01  -4.5024913e-01  -4.7189707e-01
   1.9978517e+00   6.4300022e-01  -5.6366507e-02   1.1525612e-01  -3.3796806e-02  -1.2293813e+00  -1.6494268e+00  -6.5916404e-01  -7.8617972e-01  -1.1715754e+00  -1.4301917e+00  -1.4060407e+00  -1.1726372e+00  -6.4559376e-01  -7.3789633e-01  -6.8432598e-01
   1.5092255e+00   3.3110275e-01  -6.0573795e-01  -4.6121599e-01  -6.8849523e-01  -1.3270588e+00  -1.5366634e+00  -1.1249777e+00  -9.8675362e-01  -1.2424659e+00  -1.4071677e+00  -1.2730167e+00  -1.2218881e+00  -5.6386630e-01  -7.8978415e-01  -1.0285813e+00
   1.8588502e+00   7.0060397e-01   1.2842858e-01  -2.4518328e-02  -3.0776769e-01  -9.5401812e-01  -1.7059391e+00  -1.2338525e+00  -1.1039008e+00  -1.2205409e+00  -1.2352802e+00  -1.3784902e+00  -1.1287345e+00  -7.0126421e-01  -1.0971689e+00  -1.2327229e+00
   1.7823781e+00   6.5953744e-01  -5.3886813e-02   3.5792423e-01  -2.1632366e-01  -7.6791313e-01  -1.5042072e+00  -1.4126713e+00  -1.1508917e+00  -1.3417633e+00  -1.4023435e+00  -1.4589311e+00  -1.3139402e+00  -7.5858439e-01  -1.1774794e+00  -1.2950453e+00
   1.6694389e+00   6.8247526e-01  -5.4423353e-01  -8.7768403e-01  -9.8103530e-01  -1.0577701e+00  -1.5460290e+00  -1.2388736e+00  -1.4696659e+00  -1.7059110e+00  -1.4375072e+00  -1.6710710e+00  -1.4268538e+00  -9.1579469e-01  -1.2677142e+00  -1.3084607e+00
   1.8011158e+00   2.7785063e-01  -2.3365244e-01  -2.2926093e-02  -3.5322614e-01  -8.9203502e-01  -1.9441765e+00  -1.6343134e+00  -1.1768671e+00  -1.4660518e+00  -1.5879303e+00  -1.5273282e+00  -1.5980565e+00  -9.2348846e-01  -1.1285446e+00  -1.3557522e+00
   1.8733379e+00   5.9926722e-01  -2.0705714e-01   2.5170978e-01  -4.3866388e-01  -1.5920336e+00  -1.8242230e+00  -1.3561459e+00  -1.5030034e+00  -1.5982824e+00  -1.9348539e+00  -1.7906183e+00  -1.6663369e+00  -8.8492653e-01  -1.2662342e+00  -1.6122761e+00
   1.4186179e+00   1.1513551e-01  -3.0907353e-01  -3.9015974e-01  -6.4945850e-01  -1.3086519e+00  -2.0339546e+00  -1.5061846e+00  -1.7937310e+00  -1.3569162e+00  -1.7995395e+00  -1.6774687e+00  -1.6818547e+00  -1.2653804e+00  -1.6796543e+00  -1.7557828e+00
   1.8375820e+00   1.0822611e+00  -6.1958015e-01  -4.8632554e-02  -3.0369960e-01  -5.8504111e-01  -1.5145962e+00  -1.2558881e+00  -1.4657785e+00  -1.4388494e+00  -1.6517798e+00  -1.7061933e+00  -1.5463901e+00  -1.1352670e+00  -1.7114531e+00  -1.8977606e+00
   1.3083922e+00   7.7121355e-01  -2.9461977e-01  -2.8016300e-01  -5.9286779e-01  -1.2226102e+00  -1.5576404e+00  -1.3111789e+00  -1.8255538e+00  -1.3936156e+00  -1.5684751e+00  -2.2688802e+00  -2.0261670e+00  -1.5081846e+00  -1.7587085e+00  -1.9218577e+00
   1.9549853e+00   1.1290485e+00  -1.0572965e-01  -3.4364554e-01  -6.1651298e-01  -1.0396012e+00  -1.9854538e+00  -1.6831215e+00  -1.9887434e+00  -1.8307409e+00  -1.7178186e+00  -2.0028003e+00  -2.0136065e+00  -1.8113787e+00  -1.8180564e+00  -1.8433443e+00
   2.1720761e+00   1.0669275e+00  -2.9832663e-01   1.2302619e-01  -6.2093540e-01  -8.9394797e-01  -2.0011617e+00  -1.5887322e+00  -1.8917344e+00  -2.1071361e+00  -1.9217966e+00  -2.2591196e+00  -2.2839534e+00  -1.6531554e+00  -1.7557161e+00  -1.7549136e+00
   1.9055751e+00   7.0025967e-01   1.1551382e-01  -4.7312009e-02  -1.1621298e+00  -1.4085755e+00  -1.8580754e+00  -1.7498084e+00  -1.6391221e+00  -1.9452022e+00  -1.9862534e+00  -2.1243193e+00  -1.8609178e+00  -1.4584374e+00  -1.6760760e+00  -1.7393478e+00
   2.5238409e+00   1.4243117e+00   4.6176710e-02  -7.6196983e-02  -7.9687071e-01  -1.0308301e+00  -1.5705329e+00  -1.7463548e+00  -1.8206382e+00  -1.8284894e+00  -1.8307357e+00  -1.9374572e+00  -1.9266373e+00  -1.7182160e+00  -1.8749390e+00  -1.7041900e+00
   2.6914601e+00   1.0726262e+00  -1.1945567e-01   2.4098294e-01  -2.8780232e-01  -1.0950688e+00  -1.6608881e+00  -1.3404225e+00  -1.6530943e+00  -1.6802399e+00  -1.5669572e+00  -1.6071617e+00  -1.7157920e+00  -1.5795277e+00  -1.6510984e+00  -1.6043877e+00
   2.2935031e+00   9.7709129e-01  -2.0657994e-01  -3.9451008e-01  -5.7131555e-01  -1.0749075e+00  -1.5319881e+00  -1.4470796e+00  -1.6185457e+00  -1.7945432e+00  -1.7626498e+00  -1.9951627e+00  -2.1952632e+00  -1.9946138e+00  -1.9131315e+00  -1.8822713e+00
   2.1252917e+00   1.2266059e+00   8.9853862e-03  -2.6181114e-01  -9.6579534e-01  -9.7474742e-01  -1.8388468e+00  -1.8678483e+00  -1.8143615e+00  -1.3905786e+00  -1.7641289e+00  -1.8935717e+00  -1.9995506e+00  -1.7292751e+00  -1.6279923e+00  -1.5575596e+00
   2.0888593e+00   7.7229936e-01  -7.6145834e-01  -3.6635653e-02  -5.1003837e-01  -1.3768434e+00  -1.9001619e+00  -2.1650425e+00  -2.0506585e+00  -1.4956889e+00  -1.8957730e+00  -1.9367299e+00  -1.9007758e+00  -1.8788013e+00  -1.9836905e+00  -1.8272938e+00
   1.4839973e+00   8.8639717e-01  -1.2505581e+00   2.1227594e-01  -2.1687959e-01  -1.3562454e+00  -2.1652127e+00  -1.9458868e+00  -1.7916832e+00  -1.2617907e+00  -1.3757164e+00  -2.1692897e+00  -1.6460663e+00  -1.5551500e+00  -1.5368228e+00  -1.6072449e+00
   6.0847052e-01   1.6075920e-01  -1.0607732e-01   2.1497222e-01   4.3464480e-01  -4.9542301e-01  -1.7361177e+00  -1.5499912e+00  -1.8063252e+00  -1.6726739e+00  -1.8422713e+00  -1.9287110e+00  -1.6656186e+00  -1.9443850e+00  -1.8109768e+00  -1.7532483e+00
   1.6082654e+00   6.9582329e-01  -9.7691139e-01  -6.3299286e-01  -2.6973644e-01  -9.2961324e-01  -1.8465927e+00  -2.0000611e+00  -2.0506648e+00  -1.7708290e+00  -1.6217722e+00  -1.8077440e+00  -1.9246101e+00  -1.7763071e+00  -1.4750286e+00  -1.6133764e+00
   1.4552549e+00  -9.5783253e-02   1.8874485e-01   3.4485690e-01   3.0027788e-02  -5.7949930e-01  -1.8264249e+00  -1.4668958e+00  -1.4931995e+00  -1.3710867e+00  -1.5465218e+00  -1.6084070e+00  -1.6347461e+00  -1.6596734e+00  -1.4667171e+00  -1.5996192e+00
   2.0539668e+00  -4.8521975e-02  -1.0728123e-01   5.6838314e-01  -2.2770118e-01  -7.2668926e-01  -1.5368374e+00  -1.5856008e+00  -1.7699543e+00  -1.6310105e+00  -1.9734746e+00  -2.1146633e+00  -1.9263215e+00  -1.7843283e+00  -1.8855611e+00  -1.8697103e+00
   2.0351346e+00   8.3958355e-01  -2.3798934e-01   2.0728588e-01  -2.2352592e-01  -7.7190248e-01  -1.6959523e+00  -1.3664778e+00  -1.1795799e+00  -1.4581010e+00  -1.6867392e+00  -1.5056279e+00  -1.7666067e+00  -1.5208203e+00  -1.3478939e+00  -1.5518364e+00
   1.8569882e+00   6.4235040e-01  -1.0641317e-01   1.3441578e-01   1.2188848e-01  -7.8725160e-01  -1.9333190e+00  -1.4674900e+00  -1.2487859e+00  -1.5797881e+00  -1.9647381e+00  -1.9110226e+00  -1.8625847e+00  -1.9929730e+00  -1.6918593e+00  -1.8056873e+00
   1.9145983e+00  -6.8830741e-03  -4.0428846e-02   3.2603077e-01  -2.1367768e-01  -9.1172256e-01  -1.4815225e+00  -1.4764409e+00  -1.4605034e+00  -1.8650642e+00  -1.7697345e+00  -1.8488682e+00  -1.7869999e+00  -1.7758371e+00  -1.8569476e+00  -1.9134269e+00
   1.3537767e+00   4.0241351e-02  -4.2989492e-01   4.9635476e-01  -2.7054503e-01  -1.3014597e+00  -1.4846036e+00  -1.3691481e+00  -1.5586942e+00  -1.6801253e+00  -1.5083919e+00  -1.6320390e+00  -1.8629371e+00  -1.8329455e+00  -1.7370401e+00  -1.8432509e+00
   1.2061337e+00   5.7440011e-01  -2.8824585e-01   3.3611881e-01  -5.8323435e-01  -1.1130213e+00  -1.8303109e+00  -1.8507624e+00  -2.0401606e+00  -1.9558349e+00  -1.8811091e+00  -1.6632961e+00  -1.8226093e+00  -2.0641296e+00  -1.8915114e+00  -1.9132516e+00
   1.0270698e+00   2.3618403e-01  -4.0469356e-01   4.2713472e-03  -8.9182632e-01  -1.2559966e+00  -2.1689889e+00  -1.9172398e+00  -1.7740110e+00  -2.0566133e+00  -1.9377603e+00  -1.9033813e+00  -2.2953704e+00  -2.0909420e+00  -2.0365283e+00  -1.9497281e+00
