   5.1578885e+00   4.4423197e+00   4.0975094e+00   3.4628551e+00   3.2790625e+00   2.8842886e+00   2.3990086e+00   1.8729238e+00   2.0139965e+00   1.9297690e+00   1.9310861e+00   1.6918479e+00   1.8833814e+00   1.7143462e+00   1.5041331e+00   1.4230475e+00
   4.0925156e+00   4.3927813e+00   3.8576594e+00   3.2117458e+00   2.7844079e+00   2.1180027e+00   2.0242287e+00   1.6981653e+00   1.7959964e+00   2.0646121e+00   2.0286694e+00   1.8161585e+00   1.7184535e+00   1.6863344e+00   1.8402261e+00   1.4366713e+00
   4.4359942e+00   4.3177295e+00   3.3965778e+00   3.1430680e+00   2.5429880e+00   2.0007930e+00   2.2794489e+00   2.0443614e+00   1.8681541e+00   1.8730638e+00   1.8715367e+00   2.0151384e+00   1.8019342e+00   1.4049409e+00   1.7702739e+00   1.6134077e+00
   4.5558436e+00   3.3990285e+00   2.9040088e+00   2.7852737e+00   1.8346471e+00   2.2284176e+00   2.2905011e+00   2.1308894e+00   1.7166066e+00   1.8771957e+00   1.8657056e+00   1.7958779e+00   1.7422106e+00   1.4528250e+00   1.6620204e+00   1.7606835e+00
   4.4374486e+00   3.5565574e+00   2.6953902e+00   3.0830270e+00   2.4820556e+00   2.0520781e+00   2.4974695e+00   2.1955585e+00   2.1920756e+00   1.8587529e+00   2.0510291e+00   1.8054250e+00   1.2733704e+00   1.5134163e+00   1.6275403e+00   1.7280412e+00
   4.4588670e+00   3.5906044e+00   2.9737344e+00   2.5293559e+00   2.5420354e+00   2.4928931e+00   2.6535484e+00   2.4196309e+00   2.0698528e+00   1.9625681e+00   2.2091316e+00   1.9858934e+00   1.4916214e+00   1.4788403e+00   1.9064077e+00   1.4595544e+00
   5.0461132e+00   4.1562137e+00   3.7832451e+00   3.3309044e+00   3.1035716e+00   2.7655687e+00   2.3203260e+00   2.3677303e+00   1.7488998e+00   1.7884467e+00   1.7918074e+00   1.7192908e+00   1.4649827e+00   1.3855006e+00   1.5590610e+00   1.3526378e+00
   4.6127598e+00   4.1188775e+00   3.2691299e+00   2.3817230e+00   2.3882626e+00   1.9716034e+00   1.8237865e+00   1.9568858e+00   1.9315302e+00   2.0533931e+00   1.9981907e+00   1.9664096e+00   1.7270867e+00   1.2730873e+00   1.5206751e+00   1.5349602e+00
   4.9125630e+00   3.7875732e+00   2.8722650e+00   2.8788050e+00   2.5390844e+00   2.0030898e+00   2.1057936e+00   2.1273466e+00   2.0863031e+00   2.1169774e+00   2.0363048e+00   2.0486604e+00   1.7249442e+00   1.4197484e+00   1.5408944e+00   1.6109922e+00
   4.3457765e+00   4.2264679e+00   3.1484605e+00   2.6829921e+00   2.6712864e+00   2.3047932e+00   2.3560219e+00   2.0418880e+00   1.9734625e+00   1.8287286e+00   1.6983724e+00   2.1591583e+00   1.5118051e+00   1.4469536e+00   1.5456550e+00   1.4890007e+00
   5.2958217e+00   4.8251436e+00   3.5458207e+00   2.6322869e+00   2.6750894e+00   1.7391423e+00   2.4609295e+00   2.2637626e+00   1.6876536e+00   2.1474480e+00   2.0817445e+00   1.8750395e+00   1.6163318e+00   1.5472921e+00   1.4573437e+00   1.0086232e+00
   4.9413901e+00   4.9548454e+00   4.0317600e+00   3.2524508e+00   2.9296259e+00   2.1606718e+00   2.2422727e+00   1.8766691e+00   1.7248524e+00   1.8950974e+00   2.0872624e+00   1.8322399e+00   1.8536189e+00   1.2588583e+00   1.2833072e+00   1.3877523e+00
   5.1238657e+00   4.8397151e+00   3.6408491e+00   2.9843116e+00   2.0555184e+00   2.0909910e+00   2.4872277e+00   2.3052990e+00   1.8669456e+00   1.7300356e+00   1.9628964e+00   1.9205284e+00   1.7924697e+00   1.5437923e+00   1.4362544e+00   1.4089850e+00
   5.2246915e+00   4.4759531e+00   4.9330124e+00   4.2802220e+00   2.7580534e+00   3.5862959e+00   3.8618552e+00   3.0051448e+00   2.8440618e+00   2.6650371e+00   2.2521208e+00   2.2720589e+00   1.7828560e+00   1.8781469e+00   1.6584176e+00   1.5191151e+00
   5.1461062e+00   5.2357974e+00   4.7730367e+00   4.2599024e+00   3.8684736e+00   4.3352573e+00   3.7522761e+00   3.7093631e+00   3.0513596e+00   2.7417521e+00   2.6831500e+00   2.4745375e+00   2.0205443e+00   1.8567007e+00   2.0012900e+00   1.9256533e+00
   5.4952746e+00   4.9083903e+00   4.2384400e+00   3.9731310e+00   3.4653407e+00   3.4699269e+00   3.2070685e+00   2.6824486e+00   2.2220963e+00   2.0495561e+00   2.2831768e+00   1.6169501e+00   1.6694768e+00   1.4004439e+00   1.4267387e+00   1.4059922e+00
   5.0825693e+00   4.8277218e+00   3.7544865e+00   3.5052233e+00   3.1216235e+00   3.1627733e+00   2.7012529e+00   2.7080970e+00   2.4442973e+00   2.1200024e+00   2.2790532e+00   1.9224131e+00   1.9391184e+00   1.5977230e+00   1.7585947e+00   1.7255892e+00
   5.1908485e+00   4.9343318e+00   3.8868768e+00   4.1272944e+00   3.2956608e+00   2.7923202e+00   2.8149867e+00   2.6913310e+00   2.4496935e+00   1.8907255e+00   2.0567251e+00   1.8599532e+00   1.7589252e+00   1.6894808e+00   1.8257651e+00   1.5473585e+00
   4.8709653e+00   4.3856649e+00   4.3891345e+00   4.0821589e+00   3.7042438e+00   2.8964272e+00   2.4533298e+00   2.0469929e+00   2.0298772e+00   2.0183407e+00   2.4701313e+00   1.9183012e+00   1.9540984e+00   1.7602363e+00   1.7962248e+00   1.8540050e+00
   5.3099613e+00   4.3407739e+00   4.1065391e+00   3.5555715e+00   2.9655698e+00   2.3864253e+00   2.5179664e+00   2.0887232e+00   2.2296175e+00   1.9992115e+00   2.0575783e+00   1.9492708e+00   1.6963188e+00   1.7330487e+00   1.9595373e+00   1.8822865e+00
   4.9117934e+00   4.2235189e+00   3.9748383e+00   2.9114895e+00   3.0912085e+00   2.5045515e+00   2.6187780e+00   2.1781932e+00   2.1323427e+00   2.3315709e+00   2.2641413e+00   1.8962917e+00   1.9112971e+00   1.8273757e+00   1.9345408e+00   1.8458423e+00
   5.0902888e+00   4.1312237e+00   3.1360735e+00   2.4923058e+00   2.5124582e+00   2.5543753e+00   2.5552047e+00   2.3969719e+00   2.0288165e+00   1.8612723e+00   1.7621544e+00   1.8236297e+00   1.5369864e+00   1.4488019e+00   1.5283760e+00   1.5256219e+00
   4.6530997e+00   4.1655741e+00   3.3860836e+00   2.3375607e+00   1.9913406e+00   2.0340782e+00   2.1837319e+00   1.9932995e+00   1.9864947e+00   2.2430812e+00   1.8138467e+00   1.8891700e+00   1.2634880e+00   1.2474933e+00   1.6702166e+00   1.5280518e+00
   5.1035391e+00   4.1466618e+00   3.8805649e+00   3.1993258e+00   2.8172010e+00   2.4021180e+00   1.8598885e+00   1.9184290e+00   2.1169092e+00   1.6906230e+00   1.9866960e+00   1.7703265e+00   1.3230145e+00   1.4616670e+00   1.8615116e+00   1.5645072e+00
   5.0394774e+00   3.8150708e+00   3.3543778e+00   3.2850658e+00   2.6013213e+00   1.9765408e+00   1.9690259e+00   1.7953103e+00   2.2543352e+00   2.1986362e+00   2.0622715e+00   2.0686259e+00   1.7664411e+00   1.7047741e+00   1.7080129e+00   1.6593990e+00
   4.8171950e+00   3.5818223e+00   3.5158280e+00   2.8397203e+00   2.9512315e+00   2.1863984e+00   2.2266284e+00   1.8921529e+00   2.2607989e+00   2.0589523e+00   2.2094860e+00   2.1364041e+00   1.8468291e+00   1.7368449e+00   1.8073159e+00   1.7298366e+00
   4.6989542e+00   3.6875630e+00   3.5605216e+00   3.4220033e+00   2.6732059e+00   2.6828560e+00   2.1782435e+00   1.8910141e+00   1.7912524e+00   1.9383269e+00   2.4064703e+00   2.0176516e+00   1.7682516e+00   1.7146965e+00   1.8394600e+00   1.8712936e+00
   4.8579826e+00   4.6191473e+00   4.5887921e+00   3.9429278e+00   3.1713170e+00   3.3629526e+00   2.8569008e+00   2.3389321e+00   2.1934716e+00   1.8999427e+00   2.4192849e+00   2.0021706e+00   1.8472372e+00   1.7518805e+00   1.9419457e+00   2.1269588e+00
   4.8550257e+00   4.4348541e+00   4.3702691e+00   3.4640125e+00   3.0181821e+00   2.8188546e+00   2.6474951e+00   2.1640012e+00   2.0053073e+00   1.9313820e+00   1.9548519e+00   1.8602324e+00   1.7888788e+00   1.6798013e+00   1.8960160e+00   2.1803409e+00
   4.3483784e+00   4.2092734e+00   3.4674888e+00   3.0801138e+00   3.2837181e+00   2.7180179e+00   2.0360433e+00   2.0699263e+00   2.0682310e+00   2.1182116e+00   2.3920374e+00   2.0804430e+00   1.4062213e+00   1.6411351e+00   1.7332010e+00   2.0411933e+00
   4.7415298e+00   4.0561137e+00   3.3629630e+00   3.3303147e+00   2.9957443e+00   2.4516007e+00   2.4998229e+00   2.2945655e+00   2.2591044e+00   2.2043171e+00   2.6423896e+00   2.6656706e+00   1.9798248e+00   1.7542330e+00   1.8692119e+00   1.9059888e+00
   4.5629129e+00   4.5914270e+00   4.0474623e+00   3.1870417e+00   3.3867751e+00   2.9175192e+00   2.2178831e+00   2.3273603e+00   2.1766196e+00   2.5279618e+00   2.9672776e+00   2.6833609e+00   2.3871312e+00   1.8666598e+00   1.7365458e+00   1.8769807e+00
   5.2404173e+00   4.4777842e+00   4.0607539e+00   3.5289986e+00   2.6908850e+00   2.5905125e+00   1.9345179e+00   2.2508962e+00   1.9522962e+00   2.9881888e+00   2.9496053e+00   3.0459192e+00   2.7227595e+00   2.1896886e+00   2.1032805e+00   2.2529217e+00
   4.6536770e+00   3.9800889e+00   4.1317615e+00   3.9312648e+00   2.7944403e+00   2.4610796e+00   2.5361292e+00   2.1525196e+00   2.3521805e+00   3.5177310e+00   3.2571098e+00   3.2520473e+00   3.1372707e+00   2.4746965e+00   1.9664578e+00   2.0154948e+00
   4.8869404e+00   4.4768794e+00   4.1255253e+00   3.6574542e+00   2.6222653e+00   2.5415641e+00   2.4131469e+00   2.2962079e+00   2.2770898e+00   3.4761491e+00   3.4373750e+00   3.2702795e+00   2.8839004e+00   2.3979553e+00   2.2016241e+00   1.9530742e+00
   4.7242156e+00   4.5266635e+00   4.7046092e+00   3.9114918e+00   3.1596202e+00   2.7754886e+00   2.8484944e+00   2.8706382e+00   2.5316760e+00   3.6529852e+00   3.3552214e+00   3.3717622e+00   3.1418597e+00   2.8230672e+00   2.3499946e+00   2.3763474e+00
   4.7464637e+00   4.2308767e+00   4.6678563e+00   4.2242087e+00   2.8211632e+00   2.1352851e+00   2.7545759e+00   2.6275462e+00   2.5498722e+00   3.8465264e+00   3.6729177e+00   3.5007772e+00   3.2544926e+00   3.0266593e+00   2.2079547e+00   2.3094561e+00
   4.6029055e+00   4.1945350e+00   4.5681940e+00   3.9166396e+00   2.7703585e+00   2.1218773e+00   2.2922864e+00   2.6353297e+00   2.1578288e+00   3.8631968e+00   3.5693236e+00   3.6074409e+00   3.0701590e+00   2.6504509e+00   2.1295814e+00   2.1698318e+00
   4.6366145e+00   3.5373755e+00   4.5280976e+00   4.0190878e+00   2.6014035e+00   2.6359300e+00   2.4468311e+00   2.7295525e+00   2.2625200e+00   3.3866472e+00   3.4763986e+00   3.6057376e+00   3.2126844e+00   2.8399453e+00   1.9768404e+00   2.0522312e+00
   4.5978401e+00   3.8604727e+00   4.5034427e+00   3.7630428e+00   2.9276364e+00   2.2863409e+00   2.2063312e+00   2.5843822e+00   2.2293168e+00   3.4921769e+00   3.6015681e+00   3.6023766e+00   3.2268181e+00   3.1819090e+00   2.1569995e+00   2.4233028e+00
   4.2886075e+00   3.8511737e+00   4.5241170e+00   3.7326053e+00   2.6132612e+00   2.2814667e+00   2.0899565e+00   2.5583499e+00   2.0365071e+00   3.2384899e+00   3.6071717e+00   3.6087242e+00   3.2048908e+00   3.1996696e+00   2.1231893e+00   2.1952417e+00
   4.3519104e+00   4.0333465e+00   4.5892590e+00   3.7984852e+00   2.5103326e+00   2.5403012e+00   2.5546835e+00   2.1953470e+00   1.9000993e+00   2.9794963e+00   3.4978490e+00   3.4728002e+00   3.0534512e+00   2.9672808e+00   2.0338280e+00   1.9306561e+00
   3.7306401e+00   3.9552913e+00   4.7306797e+00   3.9346375e+00   2.5836424e+00   2.5575167e+00   2.6579545e+00   2.3656483e+00   2.1811200e+00   3.0323619e+00   3.4878304e+00   3.3823886e+00   2.9572388e+00   2.9081993e+00   1.9888906e+00   2.0196395e+00
   4.0467168e+00   3.9103419e+00   4.6620825e+00   3.7018821e+00   2.6249069e+00   2.6735389e+00   2.4268639e+00   2.1366891e+00   2.1985047e+00   2.8912727e+00   3.3894079e+00   3.2810881e+00   2.9088275e+00   2.8451970e+00   1.9603441e+00   2.1179040e+00
   4.4874875e+00   4.4290379e+00   4.7229973e+00   3.8452531e+00   2.7574157e+00   2.3469232e+00   2.2988487e+00   2.1848351e+00   2.3013291e+00   2.8600954e+00   3.3720928e+00   3.0593771e+00   3.0650351e+00   2.7532246e+00   1.9508213e+00   1.9575772e+00
   4.0616249e+00   3.8970374e+00   4.6463544e+00   3.7455349e+00   2.6448259e+00   2.6755106e+00   2.3340439e+00   2.0186290e+00   2.3393037e+00   2.8005156e+00   3.5114861e+00   3.1018717e+00   2.9906830e+00   2.6217130e+00   1.9310278e+00   2.0297536e+00
   4.9067323e+00   3.7658951e+00   4.6467873e+00   3.4487837e+00   2.4319246e+00   2.4459698e+00   1.9502644e+00   2.3276779e+00   2.1801609e+00   3.1116571e+00   3.3271058e+00   3.0445176e+00   3.1245333e+00   3.1506555e+00   2.0658332e+00   1.8932213e+00
   5.2711581e+00   4.2854122e+00   4.3134364e+00   3.5014707e+00   2.7230678e+00   2.2161630e+00   1.9975365e+00   1.8771718e+00   2.1230604e+00   2.9811669e+00   3.2611985e+00   3.1303739e+00   3.0549114e+00   3.0058892e+00   1.9724691e+00   1.6238549e+00
   5.3128046e+00   4.3585718e+00   4.3541058e+00   3.5955948e+00   3.0015129e+00   2.5683134e+00   2.2952272e+00   2.1586244e+00   2.0541193e+00   2.8691581e+00   3.1425293e+00   3.0342579e+00   2.7437309e+00   2.8073380e+00   1.7835900e+00   1.7914330e+00
   5.3155389e+00   3.8275488e+00   3.9269845e+00   3.7244567e+00   2.8173954e+00   2.5280572e+00   2.0015531e+00   2.0113894e+00   1.5964683e+00   2.4930384e+00   2.8208994e+00   2.7315276e+00   2.5590405e+00   2.3256105e+00   1.6878724e+00   1.6826632e+00
   5.5657047e+00   4.0980608e+00   4.0393335e+00   3.9848046e+00   3.3426736e+00   2.9986159e+00   2.3669413e+00   2.6018242e+00   2.3225890e+00   2.1058466e+00   2.8171948e+00   3.0110011e+00   2.8946264e+00   2.5796959e+00   1.9115675e+00   1.8579130e+00
   5.3293378e+00   4.3041063e+00   4.0017795e+00   3.8627845e+00   3.8082751e+00   3.2260138e+00   2.8681415e+00   2.7126573e+00   2.6401475e+00   2.6706651e+00   3.3569325e+00   3.2074698e+00   2.8419013e+00   2.7069054e+00   2.0122798e+00   1.7164589e+00
   4.3678832e+00   3.8914807e+00   4.4138380e+00   3.9870279e+00   3.3398161e+00   2.7271946e+00   2.7659636e+00   2.7511094e+00   2.0392087e+00   2.3675810e+00   3.0187649e+00   2.8628690e+00   2.6231582e+00   2.8073697e+00   2.0802886e+00   1.8021750e+00
   4.1664506e+00   4.1442517e+00   4.0731357e+00   3.8688086e+00   2.8091872e+00   2.1208821e+00   2.7780034e+00   2.1620485e+00   2.1198554e+00   2.1727314e+00   2.7804119e+00   2.9817064e+00   2.9033161e+00   2.6401001e+00   1.8919964e+00   1.9471522e+00
   5.1107007e+00   4.4276764e+00   3.9577320e+00   3.5023108e+00   2.6725231e+00   2.5660678e+00   2.5629802e+00   2.1171035e+00   2.0695552e+00   2.2989000e+00   2.9756414e+00   2.8355828e+00   2.6944493e+00   2.7252546e+00   1.9247468e+00   1.9739907e+00
   4.3391825e+00   3.9255765e+00   3.8771785e+00   3.2364067e+00   2.9976704e+00   2.6495414e+00   2.9129356e+00   2.5883030e+00   2.3713638e+00   2.4242462e+00   3.0234170e+00   2.8040590e+00   2.3533189e+00   2.6331753e+00   1.8975045e+00   1.8142649e+00
   5.0323585e+00   4.6140525e+00   3.7924912e+00   3.8098377e+00   3.5664638e+00   2.4899716e+00   2.8700045e+00   2.7062815e+00   1.9994572e+00   1.9556485e+00   2.9047382e+00   2.6346188e+00   2.6983672e+00   2.6760779e+00   1.8644141e+00   1.8342493e+00
   5.0475205e+00   3.9695279e+00   3.8101930e+00   3.4427830e+00   3.2416952e+00   2.6446845e+00   2.5120181e+00   1.8930432e+00   1.8719166e+00   2.2336199e+00   2.4747932e+00   2.4390573e+00   2.1760152e+00   2.4595008e+00   1.8880267e+00   1.8388084e+00
   5.1032509e+00   4.7876920e+00   4.0617430e+00   4.1419346e+00   4.0226618e+00   3.8931941e+00   3.0145933e+00   2.3649584e+00   2.1495563e+00   2.2070758e+00   2.5429850e+00   2.5701559e+00   2.4505758e+00   2.6018432e+00   1.9062295e+00   1.8504469e+00
   5.7261329e+00   5.1066582e+00   4.3679468e+00   4.1361807e+00   3.9041141e+00   3.7779549e+00   2.9131115e+00   2.5546413e+00   2.2252535e+00   2.4877707e+00   2.3906533e+00   2.1737559e+00   1.7393017e+00   1.8410418e+00   1.6967869e+00   1.7270782e+00
   4.7624986e+00   4.5887173e+00   4.1296563e+00   3.9863743e+00   3.8079966e+00   2.8148358e+00   2.5950172e+00   2.5086916e+00   2.1634706e+00   2.1158713e+00   2.5106872e+00   2.2488242e+00   2.3379052e+00   2.5693547e+00   1.8826807e+00   1.7852583e+00
   5.3499315e+00   4.6276682e+00   4.0307261e+00   3.7052283e+00   3.0155322e+00   2.7207483e+00   2.2672019e+00   2.3638342e+00   2.1793503e+00   2.2194846e+00   2.5208792e+00   2.2469065e+00   2.3220590e+00   2.4932102e+00   1.6407381e+00   1.5632844e+00
   4.8920009e+00   4.1427113e+00   3.8530555e+00   3.3322779e+00   2.5630110e+00   2.4360839e+00   2.1813162e+00   2.3484842e+00   2.2781398e+00   2.3173802e+00   2.6276073e+00   2.2150426e+00   2.3045722e+00   2.4421642e+00   1.6487125e+00   1.7060072e+00
   3.8672833e+00   3.4674613e+00   3.1349486e+00   2.8816187e+00   2.3633483e+00   1.7255930e+00   1.8348324e+00   2.2054168e+00   2.1713152e+00   2.0851004e+00   2.0590012e+00   1.8512455e+00   2.1402554e+00   2.5000312e+00   1.6700092e+00   1.6480687e+00
   3.7297890e+00   3.9564156e+00   3.3451399e+00   3.1467426e+00   2.8434143e+00   2.3952559e+00   2.7210808e+00   2.5176137e+00   1.9830139e+00   2.2131516e+00   2.5025491e+00   1.9650978e+00   2.1775656e+00   2.5114094e+00   1.7473353e+00   1.8385451e+00
   4.4669184e+00   3.8552621e+00   3.1352932e+00   2.9219837e+00   2.9965802e+00   2.8108441e+00   2.6106648e+00   2.4391663e+00   1.8053388e+00   2.0090286e+00   2.5444800e+00   1.6966774e+00   2.3879949e+00   2.6638481e+00   1.7416103e+00   1.5211825e+00
   5.3931229e+00   4.7198542e+00   3.9966076e+00   3.0835439e+00   2.8356655e+00   2.5956295e+00   2.9223643e+00   2.4208938e+00   1.9989179e+00   1.7825722e+00   1.8932440e+00   1.7299655e+00   1.8772229e+00   1.8991160e+00   1.6148184e+00   1.3980079e+00
   4.5919288e+00   4.2201453e+00   3.3279406e+00   2.4302795e+00   2.3923414e+00   2.5241811e+00   2.6630184e+00   2.0590701e+00   1.7649594e+00   2.0851840e+00   2.2661261e+00   1.8109278e+00   2.1844933e+00   2.1294325e+00   2.0031121e+00   1.6011492e+00
   4.6887377e+00   3.9493991e+00   3.2857616e+00   2.6806450e+00   2.4589612e+00   2.2419145e+00   2.0588076e+00   2.1014797e+00   2.2862956e+00   2.0230502e+00   2.0216227e+00   1.6426633e+00   1.8436113e+00   2.0289627e+00   1.6163648e+00   1.5356640e+00
   4.9664812e+00   4.1844717e+00   3.3360309e+00   3.1391668e+00   2.6362916e+00   2.2529339e+00   2.1705465e+00   2.3423038e+00   1.8350947e+00   1.8550367e+00   2.2896768e+00   2.1667526e+00   2.0649866e+00   2.1788644e+00   1.9050433e+00   1.4164353e+00
   4.3368639e+00   4.1652034e+00   2.9632768e+00   3.2024748e+00   2.2177131e+00   2.2731139e+00   2.2221983e+00   2.3187526e+00   1.6984265e+00   1.7869987e+00   1.9845338e+00   2.0508747e+00   2.0391692e+00   2.2370714e+00   2.2172153e+00   1.6957154e+00
   5.0561519e+00   4.4113111e+00   3.7041120e+00   3.3246916e+00   3.1615878e+00   3.0570166e+00   2.5284580e+00   2.1298919e+00   2.0531580e+00   2.0317401e+00   2.1764701e+00   2.0723787e+00   1.9512692e+00   2.1230286e+00   2.1696235e+00   1.8737950e+00
   5.3404503e+00   4.1215652e+00   3.3210091e+00   3.0317107e+00   2.8286749e+00   2.6441669e+00   1.9895468e+00   2.0155221e+00   2.0383418e+00   2.2221975e+00   1.9981230e+00   1.5992678e+00   1.7338048e+00   2.0778044e+00   1.9713861e+00   1.7737493e+00
   4.3481011e+00   4.1258506e+00   3.3434717e+00   3.4312299e+00   2.9109660e+00   2.2436822e+00   2.1148508e+00   2.2758163e+00   1.9500742e+00   2.0561461e+00   1.9823259e+00   1.5297291e+00   1.5786381e+00   1.7791047e+00   1.6766043e+00   1.6395239e+00
   4.6092723e+00   4.1175906e+00   3.5276217e+00   2.9545636e+00   2.4604490e+00   2.1398797e+00   2.5955834e+00   1.9904590e+00   1.7786298e+00   2.0345150e+00   1.9741827e+00   1.5259990e+00   1.5623606e+00   1.7274663e+00   1.3377117e+00   1.3646419e+00
   5.1551907e+00   4.9692280e+00   4.1840039e+00   3.2510965e+00   2.6958732e+00   2.5267003e+00   2.3005464e+00   1.9553001e+00   1.7390608e+00   1.8861645e+00   2.1387385e+00   2.0251126e+00   1.7232829e+00   1.5585993e+00   1.6365431e+00   1.4519583e+00
   4.9385891e+00   4.2366831e+00   3.2344404e+00   2.5131527e+00   2.5039874e+00   2.0704746e+00   2.0035564e+00   1.8207799e+00   1.7764249e+00   1.6842237e+00   1.6673946e+00   1.5043498e+00   1.3368360e+00   1.3436962e+00   1.5527114e+00   1.4905876e+00
   3.8975843e+00   3.9829640e+00   2.8652234e+00   3.1618041e+00   3.1878898e+00   2.4137619e+00   2.1020523e+00   1.5805843e+00   2.0234147e+00   1.8555264e+00   1.8806489e+00   1.6083651e+00   1.6746655e+00   1.5642082e+00   1.5603637e+00   1.3990446e+00
   4.9613346e+00   4.1194862e+00   3.3369267e+00   2.9670800e+00   2.6848754e+00   1.8364506e+00   1.9226160e+00   1.6803712e+00   1.8114730e+00   1.9279565e+00   2.0926829e+00   1.8318808e+00   1.6632510e+00   1.4623209e+00   1.5619431e+00   1.4907285e+00
   4.9068032e+00   3.7528394e+00   2.8703623e+00   2.6732966e+00   2.3605053e+00   2.4194117e+00   2.1660325e+00   1.8802726e+00   1.5704878e+00   1.3410232e+00   1.6904599e+00   1.6407390e+00   1.5303090e+00   1.5909092e+00   1.5342422e+00   1.5314855e+00
