   2.6887510e+00   1.9351427e+00   1.1414642e+00   8.1302841e-01   4.9115767e-01   4.6351939e-01   5.3962240e-01   4.1678440e-01   8.4622273e-02  -2.0095622e-01  -1.9492798e-01  -5.6461579e-01  -5.4733104e-01  -9.3239234e-01  -1.1050388e+00  -1.4039154e+00
   2.2491504e+00   2.0463467e+00   1.2396287e+00   8.6658722e-01   4.2340051e-01   8.5056524e-01   4.3579241e-01   2.5479982e-01   8.8315706e-02  -1.4546144e-01  -3.3329598e-02   6.4086469e-02  -4.1633803e-01  -7.7459138e-01  -9.9858867e-01  -1.2882110e+00
   2.4468320e+00   2.1508026e+00   1.2172492e+00   5.1718447e-01   5.7933907e-01   5.4950763e-01   3.0499097e-01   6.3219189e-02  -1.7924523e-01  -4.8439597e-01  -2.1754024e-01  -1.4417825e-01  -5.6653639e-01  -9.9637849e-01  -1.0656758e+00  -1.2295741e+00
   3.0306297e+00   2.6529016e+00   7.0412323e-01   7.1954818e-01   4.9299413e-01   7.2146383e-01   1.4361682e-01   9.6527344e-02  -2.6008540e-01  -6.2096966e-02  -2.1586423e-01  -7.5006335e-02  -2.8257443e-01  -9.4145177e-01  -1.1897448e+00  -1.3896693e+00
   2.7775002e+00   2.5804043e+00   1.0685021e+00   9.3606234e-01   8.6909973e-01   6.7031059e-01   3.6915056e-01   2.4318865e-01  -1.3757223e-01  -3.3149030e-01  -3.1672521e-01   2.8028158e-02  -5.5091541e-01  -8.4041707e-01  -1.1461036e+00  -1.3322746e+00
   2.5548485e+00   1.7697176e+00   1.2891775e+00   1.2959184e+00   7.8071434e-01   1.6986130e-01   1.1295183e-01  -7.5508682e-02  -1.6696511e-01  -3.1447436e-01  -2.5476026e-01  -3.7115998e-01  -3.0377987e-01  -7.4386546e-01  -1.0262857e+00  -1.2890809e+00
   2.6733607e+00   1.5692350e+00   1.2036560e+00   8.9511152e-01   4.2610570e-01   2.2378364e-01  -2.9807731e-01  -7.1033675e-02  -2.3092629e-01  -2.6634698e-01   3.2881868e-02  -1.5158970e-01   5.7322400e-02  -6.1348671e-01  -1.1285718e+00  -1.3145661e+00
   2.1777952e+00   2.1506267e+00   8.2849201e-01   7.5644616e-01   3.6675610e-01   5.9006883e-01   1.0721188e-01  -5.0187475e-02  -4.7247538e-01  -1.9348075e-01  -1.3764823e-01  -1.5673843e-01  -4.8685826e-01  -7.5680922e-01  -1.1889747e+00  -1.3492368e+00
   2.3417983e+00   2.4921683e+00   1.2871793e+00   1.0914363e+00   6.6614836e-01   1.1019645e+00   7.8627352e-01   2.1959570e-02  -5.2106930e-01  -5.8449536e-01  -2.7480052e-01  -4.2414639e-03  -3.2648363e-01  -6.6072549e-01  -1.0766811e+00  -1.3236023e+00
   2.3762624e+00   1.6438479e+00   9.0164936e-01   5.7927963e-01   9.4414031e-01   9.6933741e-01  -8.2433859e-02  -2.3079818e-02  -1.0850743e-01  -3.2649008e-01  -1.8386537e-01  -9.1459608e-02  -4.3584283e-01  -9.3495527e-01  -1.2062391e+00  -1.1807402e+00
   2.4246015e+00   1.9116558e+00   1.2051245e+00   8.9539449e-01   8.2932504e-01   6.0749614e-01  -2.4511534e-02  -6.7878895e-02  -2.4237414e-01  -2.9292715e-01  -2.9734801e-01   1.4634323e-02  -4.2738827e-01  -5.1635848e-01  -1.0898599e+00  -1.1698438e+00
   2.2842168e+00   2.1143861e+00   1.5066714e+00   6.9731972e-01   6.7125912e-01   7.0135943e-01   5.4866739e-01   7.8912552e-02  -9.0322875e-02  -1.7287085e-01  -7.9935093e-02  -8.5895547e-02  -4.2381521e-01  -7.0140732e-01  -1.0744612e+00  -1.2441656e+00
   2.7780189e+00   1.9474293e+00   1.3723244e+00   1.0206109e+00   9.0841670e-01   3.7521504e-01   4.5155768e-01   1.6518833e-01   1.8710806e-02  -1.9145369e-01   7.8845059e-02  -5.6055009e-02  -3.7256821e-01  -6.0007461e-01  -8.6131829e-01  -1.0350644e+00
   2.9287469e+00   2.3556410e+00   1.6911668e+00   1.0828860e+00   6.1694238e-01   5.2039335e-01   4.5668978e-02   1.6988425e-01  -3.1208061e-01  -4.1911008e-01  -1.2923321e-01  -4.5581104e-01  -4.7432205e-01  -6.6849833e-01  -9.1551768e-01  -1.1854887e+00
   2.8175824e+00   2.0076514e+00   8.5197231e-01   1.1098966e+00   6.9594513e-01   4.3204701e-01   7.3100233e-01   6.8026101e-01  -2.6331871e-01  -3.2698212e-01  -1.8114585e-01  -9.2839524e-02  -4.6629835e-02  -5.9674388e-01  -8.9274699e-01  -1.0744853e+00
   2.7658928e+00   1.9123350e+00   1.5960668e+00   1.4310853e+00   7.3977658e-01   3.1005937e-01   4.1979269e-01  -1.8672594e-01  -7.0964696e-01  -9.5874456e-01  -3.9543860e-01   8.9518292e-02  -2.5192887e-01  -5.1269835e-01  -9.4005236e-01  -9.5438742e-01
   3.1011903e+00   2.3245577e+00   1.3910099e+00   1.1802534e+00   6.7018652e-01   6.3480415e-01  -3.2682445e-02   1.8296477e-01  -6.3444234e-02  -5.6386979e-01   1.0844552e-01   1.4873837e-01  -1.3136319e-01  -8.2860730e-01  -1.1208083e+00  -9.6846183e-01
   3.0895389e+00   2.0251734e+00   1.4225690e+00   1.2776011e+00   5.6189504e-01   4.5592200e-01  -2.1666476e-01  -1.8337644e-02   3.0654333e-01  -2.4660306e-01   2.3859595e-01  -9.5709088e-02  -1.6324245e-01  -4.6856221e-01  -1.0382541e+00  -1.1905533e+00
   2.7326284e+00   1.5328745e+00   9.4316906e-01   1.4273716e+00   6.9530967e-01   3.4438868e-01  -3.9176351e-01  -2.7795224e-01  -1.3335826e-01  -2.1523774e-01  -8.2622182e-02  -1.1841266e-01  -8.7725695e-02  -1.1265168e+00  -1.1441244e+00  -1.4028306e+00
   3.1225484e+00   1.8519132e+00   9.5496919e-01   8.8505637e-01   6.7785900e-01   1.5347221e-01  -1.7208586e-01   8.2001833e-02  -5.0214957e-01  -6.0842044e-03   1.6217393e-01  -5.0448761e-02  -3.4993372e-01  -8.7749951e-01  -1.2583075e+00  -1.5113220e+00
   2.2090806e+00   1.2418630e+00   9.9327659e-01   7.8880280e-01   9.1995997e-01   7.5739919e-01   3.4693389e-01   4.3466732e-01   3.3358250e-01  -8.3842276e-02   1.7134449e-01   2.1501918e-01  -3.7153342e-01  -6.4851327e-01  -7.1816530e-01  -1.1257072e+00
   2.5164531e+00   1.9090244e+00   1.2547428e+00   1.1165104e+00   5.6373647e-01   5.8724053e-01   4.7431543e-01  -5.4983508e-03  -7.0125420e-02  -2.1574396e-01   2.6557034e-02   3.2944168e-02  -1.1611188e-01  -7.7475108e-01  -7.3645584e-01  -1.1311216e+00
   2.7107482e+00   2.3144101e+00   1.1427660e+00   6.3040264e-01   1.5263178e-01   3.8316067e-01   5.9322008e-02  -4.7610313e-02  -2.3417960e-01  -1.8922864e-01  -2.0452478e-01   1.1826080e-02  -2.4479306e-01  -7.6729466e-01  -9.4001037e-01  -1.3079045e+00
   2.3933458e+00   1.6861654e+00   1.0029419e+00   9.3446684e-01   3.4446896e-01   3.6279708e-01  -9.6223218e-04   3.2159381e-01  -1.3439504e-01  -1.4711741e-01   1.3607464e-01   4.4414734e-01  -3.2818381e-03  -5.8412696e-01  -9.3219106e-01  -1.1693548e+00
   2.7359282e+00   1.8546731e+00   1.4107056e+00   6.3627429e-01   2.6720774e-01   7.5740209e-01   3.0774747e-01   1.1625792e-01  -4.5235920e-01  -3.8059276e-01   5.4783769e-03   2.7793401e-01  -1.7383663e-01  -6.8753497e-01  -7.9573633e-01  -1.1397690e+00
   2.9926578e+00   2.3123981e+00   1.6812611e+00   6.8090597e-01   5.9762482e-01   8.1611672e-01  -8.3348872e-02   5.1831449e-02  -3.5472122e-01  -3.0579722e-01  -2.1320815e-01   2.0292420e-02  -1.5795756e-01  -5.7710096e-01  -9.5786131e-01  -1.2789382e+00
   2.8476420e+00   2.5061326e+00   1.8030663e+00   6.9974068e-01   9.0937120e-01   6.5555681e-01   2.0102784e-01   4.6551853e-01   2.2363626e-01   7.4451917e-02   4.5400891e-02   1.7058232e-03  -3.4364637e-01  -7.7106266e-01  -9.0311884e-01  -1.3054638e+00
   2.9517731e+00   2.0023754e+00   1.2895184e+00   1.0436214e+00   6.2693482e-01   5.0029767e-01   3.5750800e-01   2.8216863e-01   1.8328451e-01  -8.6630709e-02   5.7790393e-02   1.2321970e-01  -3.7073470e-01  -9.0107652e-01  -1.1143707e+00  -1.3734898e+00
   2.6807189e+00   2.2287021e+00   1.2231236e+00   8.4712505e-01   6.3482967e-01   7.4359374e-01   2.0270636e-01   5.0262436e-02  -5.7286567e-02  -1.2857998e-01  -8.9119900e-02  -5.0519087e-02  -4.7604195e-01  -1.0686169e+00  -1.1704742e+00  -1.2666882e+00
   2.5046713e+00   2.1854784e+00   1.4292049e+00   7.2158207e-01   7.9522232e-01   7.7360783e-01   2.5102797e-01   2.4058883e-01  -1.9246826e-01  -5.3308592e-01  -1.9216968e-01   1.0964872e-01   6.7272584e-02  -7.4438065e-01  -9.8897994e-01  -1.1816244e+00
   2.3274305e+00   1.7217524e+00   1.4107707e+00   1.3420004e+00   6.4747688e-01   5.3269325e-01   5.0529489e-01   2.5537693e-01  -2.1340957e-01  -5.9824133e-01  -4.7016713e-01  -5.5118802e-02  -3.0108976e-01  -7.6211642e-01  -7.1734955e-01  -1.2862916e+00
   2.8293667e+00   1.8289387e+00   1.0977384e+00   1.1257476e+00   1.2708603e+00   1.1109621e+00   7.6645715e-01   7.5370630e-01   8.4046493e-01   7.5641478e-01   1.2833603e-01   3.4449845e-01   2.7060588e-01   5.6424528e-01   3.2499230e-01  -9.4891491e-01
   1.8555914e+00   1.6466621e+00   1.1209584e+00   1.4542389e+00   1.3907177e+00   2.2516333e+00   1.8121393e+00   1.9823349e+00   2.3363435e+00   2.4124758e+00   1.4550482e+00   1.8336264e+00   1.6472680e+00   2.0855181e+00   1.9585976e+00  -4.8579346e-02
   2.8586488e+00   1.9217205e+00   1.6696907e+00   1.2144451e+00   1.7987628e+00   2.4849140e+00   2.1435818e+00   2.1734517e+00   2.4635780e+00   2.3587956e+00   1.4477224e+00   1.9386509e+00   1.7765937e+00   2.0556368e+00   2.0696332e+00  -2.3656560e-02
   2.8674176e+00   2.2818037e+00   1.2879231e+00   1.3305337e+00   1.8591114e+00   2.1688538e+00   1.6205560e+00   2.1090993e+00   2.5292874e+00   2.3887191e+00   1.5857187e+00   2.0464209e+00   1.8594113e+00   1.9377443e+00   1.9860817e+00   1.8497786e-01
   2.4693358e+00   2.2814653e+00   1.3499671e+00   1.2117595e+00   2.3062734e+00   2.5912979e+00   2.1381718e+00   2.3303496e+00   2.6508617e+00   2.1096932e+00   1.3498159e+00   2.0729120e+00   2.0438005e+00   2.1620982e+00   2.1839314e+00   2.7294298e-02
   2.5983229e+00   2.0469763e+00   1.5384069e+00   1.4207035e+00   2.0695166e+00   2.3898418e+00   1.8941211e+00   2.2170724e+00   2.4270780e+00   2.1182152e+00   1.5683689e+00   2.0486930e+00   1.9641786e+00   2.1344540e+00   2.1785764e+00   9.3449593e-02
   2.2116135e+00   1.3563582e+00   1.3651126e+00   1.0159225e+00   2.0994844e+00   2.3682382e+00   1.9201563e+00   2.3139033e+00   2.4956027e+00   1.8175057e+00   1.2730119e+00   1.8765124e+00   1.9134383e+00   1.9432740e+00   2.0158701e+00   3.8176877e-02
   1.5173654e+00   1.4996778e+00   1.3408390e+00   1.2411628e+00   1.9815095e+00   2.2148018e+00   1.9569231e+00   2.3985904e+00   2.5377404e+00   1.7259136e+00   1.2573074e+00   1.8295880e+00   1.9606791e+00   2.0487584e+00   2.0404420e+00   2.6903282e-01
   2.2343979e+00   2.3670959e+00   1.0852079e+00   1.3300571e+00   2.1314019e+00   2.0971218e+00   1.8307841e+00   2.4704124e+00   2.6252475e+00   1.6579000e+00   1.0482515e+00   1.7728994e+00   1.9008088e+00   2.0828610e+00   2.0589348e+00   5.7765721e-02
   2.4433915e+00   1.8147805e+00   1.1967424e+00   1.0166481e+00   2.2326881e+00   2.3614849e+00   1.9052734e+00   2.6639779e+00   2.7252031e+00   1.4082165e+00   9.7020867e-01   1.7201055e+00   2.0008082e+00   2.0246307e+00   2.0471055e+00  -1.1557863e-01
   3.1032231e+00   2.4253223e+00   1.5302395e+00   1.1246619e+00   2.1035205e+00   2.2060086e+00   2.0125879e+00   2.9101642e+00   2.7181258e+00   1.2514969e+00   9.0492378e-01   1.6320866e+00   2.0234333e+00   2.0320104e+00   2.0357516e+00  -1.6105971e-01
   2.9180253e+00   2.0653563e+00   1.5388516e+00   9.5283437e-01   2.2295474e+00   2.1992271e+00   1.9301222e+00   3.0445792e+00   2.8064370e+00   1.0733840e+00   7.6655808e-01   1.2515482e+00   1.7411452e+00   1.9403614e+00   2.0464242e+00   6.6707209e-02
   2.5197654e+00   1.7336756e+00   1.2191702e+00   1.3468090e+00   2.3437204e+00   2.2536127e+00   2.0411387e+00   2.9365995e+00   2.6250235e+00   8.8308969e-01   8.4307865e-01   1.0763817e+00   1.7851442e+00   2.0083306e+00   2.1318013e+00  -9.2121508e-03
   2.5338783e+00   1.6956556e+00   1.2170003e+00   1.4356050e+00   2.2434473e+00   2.1966077e+00   1.8470238e+00   2.7725169e+00   2.1592957e+00   7.2904172e-01   5.8723571e-01   9.8190425e-01   1.8954703e+00   1.9365008e+00   2.0800634e+00   3.3265574e-02
   2.9721837e+00   1.5997021e+00   1.0413634e+00   1.1809223e+00   2.3359748e+00   2.1200048e+00   1.9014076e+00   2.6093430e+00   1.8350653e+00   5.3714405e-01   4.2210856e-01   7.3754972e-01   1.5656046e+00   1.9041421e+00   1.9806204e+00  -1.0514393e-01
   2.0329416e+00   1.5502014e+00   5.6607541e-01   1.0634331e+00   2.2513138e+00   2.0339572e+00   1.8543083e+00   2.6310206e+00   1.4602486e+00   4.5278005e-01   2.9774036e-01   8.0594467e-01   1.8369649e+00   1.6067994e+00   1.8308315e+00  -1.6118650e-01
   2.7991782e+00   2.0465053e+00   8.7408650e-01   4.6973622e-01   2.2526842e+00   2.0073312e+00   1.6681182e+00   2.3351872e+00   7.9686796e-01   1.2712590e-01   5.2223897e-02   5.1382200e-01   1.1486084e+00   9.2523785e-01   9.8944045e-01  -8.5856620e-01
   3.2059162e+00   1.5884696e+00   1.3273205e+00   1.1370765e+00   2.2648230e+00   1.9877585e+00   1.6089792e+00   2.3811467e+00   8.0441776e-01   2.9629845e-02  -3.1065716e-01   1.4960652e-01   7.9978344e-01   4.3240411e-01   5.9324806e-01  -8.6982605e-01
   3.0756758e+00   2.1324589e+00   1.2332768e+00   1.1799825e+00   2.3391369e+00   1.9979648e+00   1.3405594e+00   1.9044344e+00   3.7544473e-01  -1.2613162e-01  -2.4340714e-01   8.8501900e-03   4.4885174e-01   4.8243716e-01   8.3527380e-01  -8.6902457e-01
   3.4636416e+00   2.1347543e+00   1.4904784e+00   1.2489907e+00   2.0568810e+00   1.8601506e+00   1.0538342e+00   1.2197295e+00   5.0976975e-01  -1.1124437e-01  -7.4169104e-02  -1.1970868e-01   6.1858541e-01   5.0774019e-01   5.2325144e-01  -1.0925705e+00
   3.0252468e+00   1.3748414e+00   1.3001656e+00   1.5541239e+00   2.0738967e+00   1.9676730e+00   1.3039176e+00   1.2935493e+00   1.7617726e-01  -2.8450001e-01  -4.2818282e-02  -3.0570027e-01   1.3143987e-01   4.1233265e-01   8.2905730e-01  -7.9983201e-01
   2.6644667e+00   1.9565701e+00   1.1448576e+00   1.3832141e+00   1.9572572e+00   1.8929060e+00   1.6687061e+00   1.1686280e+00   1.2383429e-01  -2.1009531e-01   1.9371983e-01   1.2128444e-01   2.5022596e-01   3.1942394e-01   4.2707334e-01  -1.1270719e+00
   2.9191798e+00   1.8801169e+00   1.2778410e+00   1.6347735e+00   2.1062503e+00   1.8836559e+00   1.6771357e+00   1.3064250e+00   4.2013893e-01   6.1920931e-02  -2.7145884e-01  -1.2090494e-01   7.3909832e-01   1.0994847e+00   1.2315562e+00  -5.2806430e-01
   3.0424871e+00   2.2413385e+00   1.2397568e+00   1.5627912e+00   2.0882367e+00   1.9025733e+00   1.7852512e+00   1.2836117e+00   4.4133072e-01  -7.4431177e-02  -2.5760016e-01  -9.1784981e-02   6.9933526e-01   1.0494408e+00   1.2815778e+00  -2.8228960e-01
   2.9861059e+00   2.0615529e+00   1.5435372e+00   1.5461459e+00   1.8068125e+00   1.7285541e+00   1.6428113e+00   1.0709961e+00   3.5373932e-02  -1.0299904e-02   2.2678992e-01  -3.3325218e-01   6.8968730e-01   9.7789378e-01   1.1413790e+00  -3.7869317e-01
   2.9029875e+00   1.8041653e+00   1.6345243e+00   1.8434067e+00   1.9121929e+00   1.2928835e+00   9.7008711e-01   5.4139624e-01   9.8193402e-02  -1.5202752e-01  -1.0481292e-01  -1.9776539e-01   2.5837685e-01   5.7970575e-01   5.1891185e-01  -9.7408585e-01
   2.8831439e+00   2.4418628e+00   1.2731680e+00   1.4279820e+00   1.8782702e+00   1.0998328e+00   6.8926679e-01   3.9508454e-01   8.1428218e-02  -2.1751791e-01   4.1581087e-02   9.1382004e-02   2.2802336e-01   2.2985914e-01  -1.8773149e-01  -1.2211372e+00
   2.8390378e+00   1.9775964e+00   2.0956802e-01   1.0048768e+00   1.9412559e+00   1.1715953e+00   8.5963521e-01   3.5285066e-01   1.6233399e-01  -1.6593482e-01  -3.0200452e-01  -8.8806909e-02  -3.9418922e-02  -9.6492445e-02  -9.3299956e-01  -1.1830479e+00
   3.0056507e+00   2.3058534e+00   9.5747728e-01   6.3761405e-01   1.3004730e+00   1.0105783e+00   6.4985176e-01   3.6726194e-01  -2.1260299e-01  -4.4102861e-01  -3.5577419e-01  -2.7039119e-01  -5.6035914e-01  -7.0321667e-01  -7.8848745e-01  -8.7551378e-01
   3.4411893e+00   2.5833668e+00   1.0585592e+00   9.0194492e-01   1.0837581e+00   9.2784264e-01   3.4999099e-01   3.6211109e-01  -4.6899197e-02  -3.4667317e-01  -6.3108508e-02   1.1605406e-01  -3.1952591e-01  -7.3372382e-01  -6.8628430e-01  -7.7036933e-01
   2.9812026e+00   2.7092448e+00   1.8804317e+00   1.2742556e+00   8.8779644e-01   9.6787028e-01   6.6730602e-01   5.0491364e-01  -5.3569612e-02  -3.2869386e-01  -2.9864847e-04   1.0636210e-01  -2.0212747e-01  -4.4974777e-01  -7.8321221e-01  -9.0144350e-01
   2.9617761e+00   2.5102634e+00   1.6312895e+00   6.7642319e-01   8.2315115e-01   7.5043999e-01   8.4106518e-01   6.2348280e-01   5.0591773e-02  -2.6910215e-01  -8.8973602e-02   1.5546640e-01  -3.3502694e-02  -5.5990026e-01  -7.7750957e-01  -9.5619811e-01
   3.2382501e+00   2.6651441e+00   1.7002191e+00   9.2365411e-01   8.3220246e-01   4.7413875e-01   5.9376458e-01   1.8319483e-01  -2.3795437e-04  -1.3695927e-01  -1.8990131e-02   2.4927834e-01  -1.8096101e-01  -6.4207221e-01  -7.9888326e-01  -8.7096475e-01
   3.0204141e+00   2.2099096e+00   8.7654121e-01   6.8528316e-01   4.5507229e-01   3.1498245e-01   5.2223021e-01   5.3557860e-01   3.0135596e-01   1.0789155e-01  -1.0192597e-02  -1.3712401e-01  -1.8539156e-01  -4.6581818e-01  -7.1675369e-01  -1.0822319e+00
   2.8965189e+00   2.1375589e+00   1.3602611e+00   8.9276490e-01   1.9174719e-01   3.6988511e-01   6.2942965e-01   2.9562350e-01  -1.1402834e-01  -3.8689650e-02   9.2201100e-02   3.9937528e-02  -2.4417828e-01  -8.7629398e-01  -1.2578775e+00  -1.5158480e+00
   2.6952279e+00   2.1356377e+00   1.3076292e+00   1.1828469e+00   1.0762272e+00   6.4669790e-01   3.2331262e-01   4.7752123e-02  -2.8349642e-01  -1.2554115e-01  -3.7073654e-01   1.5278887e-01  -4.2916110e-01  -6.2261917e-01  -7.2118741e-01  -1.0541288e+00
   2.7013231e+00   1.8674621e+00   1.2018398e+00   1.0496183e+00   1.0862114e+00   1.0481127e+00   6.3420266e-01   5.2742709e-01   1.9548410e-01   3.9378344e-02   1.5834550e-01   3.3290458e-01  -3.4220345e-01  -4.0834992e-01  -8.2179580e-01  -1.1165078e+00
   2.2573094e+00   1.9282750e+00   1.8763837e+00   1.1606804e+00   6.8440461e-01   9.8809329e-01   7.3743233e-01   6.9318825e-01   2.6703245e-01  -1.5669923e-01   5.6824262e-02   1.9804441e-01  -1.1101980e-01  -5.8162015e-01  -9.8799900e-01  -1.2279938e+00
   3.0194627e+00   2.1440636e+00   1.3462926e+00   1.0452658e+00   8.5763494e-01   4.7934383e-01   2.3554700e-01   2.6847895e-01   1.4326315e-01  -2.1781884e-01  -4.2429079e-01   1.1063742e-01   2.7413076e-02  -4.5962350e-01  -8.5134589e-01  -1.2015339e+00
   2.5062748e+00   1.3095641e+00   5.0655662e-01   3.6823773e-01   7.7302294e-01   8.4159685e-01   7.2251386e-01   5.3980783e-01  -1.0319070e-01  -1.8504386e-01  -3.5411098e-01  -3.4492598e-03  -2.2028215e-01  -6.0444700e-01  -1.0225907e+00  -1.4525609e+00
   2.9927731e+00   2.1116937e+00   1.1230756e+00   9.1881193e-01   9.1833112e-01   8.2919504e-01   1.5363001e-01   2.5921997e-01  -2.5732381e-01  -1.5575795e-01  -2.4532012e-01  -4.7524903e-02  -4.7590900e-02  -3.7930576e-01  -9.0652400e-01  -1.2234588e+00
   2.7207177e+00   1.6931626e+00   1.0891631e+00   1.0481080e+00   1.0300969e+00   7.3926522e-01   2.6849256e-01   4.3109951e-01   2.4080191e-01  -2.1690427e-01   7.1850809e-02   8.3675052e-02  -1.6410552e-01  -3.0217407e-01  -8.7430784e-01  -1.1624996e+00
   2.8382053e+00   1.8719349e+00   1.4025140e+00   1.3746329e+00   9.0493709e-01   9.2749389e-01   1.1127905e+00   5.1361965e-01   1.7639203e-01  -1.6880527e-01   7.7231527e-02   5.2702106e-01  -3.3281524e-02  -1.9704783e-01  -7.3173105e-01  -1.2529119e+00
   2.7201315e+00   2.4435238e+00   1.8551823e+00   1.1968475e+00   9.3515388e-01   6.4444026e-01   3.2604974e-01   2.2796320e-01  -1.8479764e-01  -3.2851368e-01  -1.9900213e-01  -3.1888367e-01  -1.3964793e-01  -4.9314186e-01  -7.5653633e-01  -1.1230998e+00
   2.3071163e+00   1.9922451e+00   1.0298741e+00   9.5326545e-01   8.6280615e-01   8.1686331e-01   4.9493498e-01  -3.6754630e-02   1.2395755e-01  -5.2775186e-01  -1.9029344e-01   1.5981128e-01   2.9056487e-02  -5.5048901e-01  -8.5775276e-01  -1.1835661e+00
   2.7208582e+00   1.4224577e+00   1.3233398e+00   7.3831671e-01   9.7036040e-01   1.0850164e+00   1.7026392e-01   6.4560705e-02   2.8031989e-01  -1.2266501e-01   5.6660210e-02   2.7314560e-01   4.2241093e-02  -4.2336671e-01  -9.3044189e-01  -1.2986699e+00
   2.2028238e+00   1.5968808e+00   8.3169582e-01   1.1187534e+00   8.9949830e-01   1.1179758e+00   8.6870003e-01   4.8435329e-01  -7.5828887e-02  -1.4834530e-01   2.3242342e-01   2.3900748e-02   8.9478352e-02  -3.3228956e-01  -1.1815703e+00  -1.3420492e+00
   2.5985065e+00   2.1488273e+00   7.9752671e-01   8.7172871e-01   9.5046327e-01   8.5405928e-01   3.2469378e-01   3.5340772e-01   4.0490681e-01  -4.8096209e-03   1.3665469e-01   1.7303762e-01  -2.1225944e-01  -5.6671185e-01  -1.1994080e+00  -1.3186089e+00
   2.9079511e+00   2.1883196e+00   1.0666760e+00   9.2866936e-01   1.0667993e+00   8.6100771e-01   3.2745305e-01   1.3920910e-02   9.0864127e-02  -3.0021063e-01  -1.3749713e-01   1.8038012e-01  -2.3383923e-01  -4.5163088e-01  -9.8659210e-01  -1.3291309e+00
   2.1585596e+00   2.2791252e+00   1.5603103e+00   1.3447408e+00   8.5649125e-01   1.0376142e+00   6.7625495e-01   9.5287644e-02   1.4655623e-01  -3.5583803e-01  -2.9490772e-01  -4.6294593e-02  -3.3301147e-02  -3.6196559e-01  -1.1401640e+00  -1.3999409e+00
   2.4466829e+00   2.0427506e+00   1.1449282e+00   8.3375858e-01   7.3224955e-01   8.6675157e-01   5.2670156e-01   9.4013550e-02   3.4446728e-01   1.4685584e-01   3.5930765e-01   1.7494847e-01   6.0845270e-03  -2.6060953e-01  -7.2898826e-01  -1.0710464e+00
   3.2036049e+00   2.6281171e+00   1.4400664e+00   4.3334145e-01   7.7251704e-01   5.9318781e-01   1.7233667e-01   1.3891642e-01  -2.2839795e-02  -1.0295996e-01   4.7799137e-02   1.6492118e-01   1.9241255e-01  -3.2698064e-01  -6.8689355e-01  -1.1436550e+00
