  -1.8672928e-01  -2.5150753e-01  -1.1024572e+00  -1.0871646e+00  -1.3737126e+00  -1.5056112e+00  -1.9910506e+00  -2.0035851e+00  -2.2354620e+00  -1.7462877e+00  -1.4541049e+00  -2.6909927e+00  -2.4963154e+00  -2.4462522e+00  -2.5444077e+00  -2.3360279e+00
  -1.6691451e-01  -4.7574283e-01  -1.3137555e+00  -1.2935854e+00  -1.3106496e+00  -1.7070282e+00  -2.1224997e+00  -1.8143080e+00  -2.2654472e+00  -1.6846016e+00  -1.5935965e+00  -2.3633004e+00  -2.4279499e+00  -2.4338784e+00  -2.3542338e+00  -2.1015781e+00
  -2.4646704e-01  -1.0155186e+00  -1.1187547e+00  -7.5971283e-01  -6.5950506e-01  -1.4247613e+00  -2.2145271e+00  -1.8579292e+00  -2.2468393e+00  -1.8224583e+00  -1.6478583e+00  -2.5423568e+00  -2.4345761e+00  -2.3051877e+00  -2.3374084e+00  -2.2424183e+00
  -4.6677443e-01  -1.3803405e+00  -1.4203178e+00  -3.3479680e-01  -7.6065731e-01  -1.8495264e+00  -1.9536488e+00  -1.7223511e+00  -2.2887681e+00  -1.9662286e+00  -1.5841425e+00  -2.3496616e+00  -2.1682140e+00  -2.2427972e+00  -2.4237342e+00  -2.1698757e+00
  -8.6020171e-02  -1.1121345e+00  -1.1920709e+00  -6.6185132e-02  -9.6000884e-01  -1.9411937e+00  -2.2771475e+00  -1.9171861e+00  -1.7509778e+00  -1.7746988e+00  -1.5820113e+00  -2.0736394e+00  -2.2488208e+00  -2.4898946e+00  -2.4461131e+00  -2.2266299e+00
  -6.0041792e-01  -6.3169827e-01  -1.1233407e+00  -8.2016101e-01  -1.2005422e+00  -1.4753100e+00  -1.9838311e+00  -2.3791943e+00  -2.0363206e+00  -1.6165821e+00  -1.4083112e+00  -2.4360880e+00  -2.3922058e+00  -2.2884468e+00  -2.7093974e+00  -2.3287978e+00
  -2.6967809e-01  -1.3909151e+00  -1.0670538e+00  -5.4806591e-01  -1.3934869e+00  -1.6076905e+00  -2.3784748e+00  -2.5397653e+00  -1.9611462e+00  -1.7114784e+00  -1.3788591e+00  -2.5683549e+00  -2.5819730e+00  -2.4168129e+00  -2.5070915e+00  -2.3059134e+00
  -8.6162569e-01  -9.9878116e-01  -1.0319547e+00  -8.6391208e-01  -1.2095030e+00  -1.4982715e+00  -2.2359558e+00  -1.8392545e+00  -2.0054565e+00  -1.5488933e+00  -1.5024929e+00  -2.2205315e+00  -2.2602884e+00  -2.1320400e+00  -2.6613308e+00  -2.2739116e+00
  -1.5138685e-01  -7.4850404e-01  -1.5705160e+00  -1.1768748e+00  -1.3087190e+00  -1.3098142e+00  -2.1348169e+00  -1.8468602e+00  -2.0289479e+00  -1.6644669e+00  -1.5970274e+00  -2.7507350e+00  -2.2262034e+00  -2.0097165e+00  -2.3095110e+00  -2.3487154e+00
  -6.2183956e-01  -6.5043378e-01  -1.5762883e+00  -1.5097832e+00  -1.2700974e+00  -1.3549700e+00  -2.1209111e+00  -1.5613400e+00  -2.3501971e+00  -1.8485720e+00  -1.5557651e+00  -2.7241003e+00  -2.2544675e+00  -2.2425900e+00  -2.7053492e+00  -2.3218583e+00
  -4.5456140e-02  -4.1141874e-01  -1.4609293e+00  -9.0333711e-01  -1.3622922e+00  -1.9461659e+00  -2.2067337e+00  -1.9294081e+00  -1.9926034e+00  -1.6952656e+00  -1.3842699e+00  -2.7554265e+00  -2.4833125e+00  -2.1334937e+00  -2.4915567e+00  -2.2002881e+00
  -6.1620783e-01  -8.0238020e-01  -1.1261976e+00  -6.4694922e-01  -9.2933712e-01  -1.5681752e+00  -2.3632090e+00  -2.2155951e+00  -2.1456322e+00  -1.6323897e+00  -1.4049078e+00  -2.3630012e+00  -2.1749643e+00  -2.1646380e+00  -2.3077228e+00  -2.3094952e+00
  -5.1463313e-01  -1.0314484e+00  -1.3493455e+00  -9.3849471e-01  -1.2507062e+00  -2.1745752e+00  -2.2402367e+00  -2.1563649e+00  -2.1817330e+00  -1.6831166e+00  -1.4723272e+00  -2.6199526e+00  -2.4583742e+00  -2.2855560e+00  -2.2521400e+00  -2.1807067e+00
  -5.1177753e-01  -6.0106590e-01  -1.1483671e+00  -8.3512727e-01  -1.1247981e+00  -1.4852808e+00  -2.0614066e+00  -2.4095762e+00  -1.8929666e+00  -1.5897990e+00  -1.4453391e+00  -2.7755384e+00  -2.5779210e+00  -2.4622543e+00  -2.3064068e+00  -2.2775556e+00
   1.8278775e-01   6.2295120e-02  -7.5154618e-01  -8.5518410e-01  -1.2826401e+00  -1.3022887e+00  -2.0435382e+00  -2.1711965e+00  -2.0633345e+00  -1.7915618e+00  -1.4618790e+00  -2.5272943e+00  -2.2525158e+00  -2.1894579e+00  -2.3925578e+00  -2.2988917e+00
   6.4772765e-03  -1.2544202e-01  -8.5347600e-01  -5.8421528e-01  -1.6254808e+00  -1.6258159e+00  -1.8039332e+00  -1.8028802e+00  -2.0840826e+00  -1.8558539e+00  -1.5833359e+00  -2.5004688e+00  -2.3854263e+00  -2.3327812e+00  -2.1445512e+00  -2.2493582e+00
  -9.4219407e-01  -1.2863464e+00  -8.5335998e-01  -3.1099322e-01  -1.0134933e+00  -1.7961116e+00  -2.2606694e+00  -1.8383833e+00  -1.9308267e+00  -1.8468851e+00  -1.6170126e+00  -2.6779981e+00  -2.2352474e+00  -2.2220627e+00  -2.2802347e+00  -2.3240793e+00
  -1.3835183e+00  -1.1022050e+00  -9.2772233e-01  -4.3530037e-01  -8.4755566e-01  -1.6287707e+00  -2.5126834e+00  -1.9624209e+00  -1.6712557e+00  -1.8129515e+00  -1.6184391e+00  -2.6069357e+00  -2.3202076e+00  -2.2857490e+00  -2.2640248e+00  -2.3899354e+00
  -2.0865918e-01  -7.0697630e-01  -1.2104365e+00  -8.4747799e-01  -1.1355912e+00  -1.4097308e+00  -2.6701361e+00  -2.0359106e+00  -1.7958020e+00  -1.8681848e+00  -1.5381330e+00  -2.4708832e+00  -2.2635673e+00  -2.5138139e+00  -2.4781717e+00  -2.4386855e+00
  -3.7714295e-01  -7.2833765e-01  -1.1510805e+00  -5.2155560e-01  -1.3517248e+00  -1.2762363e+00  -2.1155033e+00  -1.9737243e+00  -2.2738982e+00  -1.7285151e+00  -1.4319229e+00  -2.3277773e+00  -2.2052086e+00  -2.3194649e+00  -2.2837107e+00  -2.4613270e+00
  -3.5900886e-01  -1.5915308e-01  -4.5749748e-01  -9.1263928e-01  -1.1523438e+00  -1.1965810e+00  -2.3725974e+00  -2.5490760e+00  -2.0803736e+00  -1.7085082e+00  -1.5111718e+00  -2.3897287e+00  -2.2847123e+00  -2.3252018e+00  -2.5375747e+00  -2.3538426e+00
  -6.6226314e-02   1.6520503e-01  -2.2133231e-01  -9.9381125e-01  -8.3844786e-01  -1.5073191e+00  -2.1478613e+00  -2.1131045e+00  -1.7364794e+00  -1.6560927e+00  -1.4745210e+00  -2.2578804e+00  -2.3900104e+00  -2.3576416e+00  -2.3969208e+00  -2.4146653e+00
   3.2292038e-02   4.8606532e-01  -9.9641859e-01  -8.3936479e-01  -8.4880772e-01  -1.5569349e+00  -1.8046422e+00  -1.9750470e+00  -1.8434840e+00  -1.5964406e+00  -1.4930854e+00  -2.5819391e+00  -2.3187531e+00  -2.5194493e+00  -2.5965937e+00  -2.4749160e+00
   3.7668328e-01   6.5033373e-01  -6.9483150e-01  -7.4215341e-01  -1.0642220e+00  -1.7182168e+00  -2.2422001e+00  -2.1487230e+00  -1.6947497e+00  -1.6743639e+00  -1.5035433e+00  -2.5237902e+00  -2.3631491e+00  -2.2056640e+00  -2.2246341e+00  -1.9052809e+00
   3.3799064e-01   5.6356899e-01  -7.2863985e-01  -1.1711895e+00  -1.0394053e+00  -1.6736621e+00  -2.2931576e+00  -2.3281498e+00  -1.9098407e+00  -1.8738131e+00  -1.5051983e+00  -2.1426340e+00  -2.3037812e+00  -2.2432776e+00  -2.2577765e+00  -1.8943973e+00
   1.5989349e-01   7.7207410e-01  -6.6223765e-01  -1.1310240e+00  -1.1386352e+00  -1.3521955e+00  -2.1360059e+00  -1.8011693e+00  -2.0061893e+00  -1.8969467e+00  -1.6398395e+00  -2.2743343e+00  -2.3031195e+00  -2.2786914e+00  -2.1164380e+00  -1.9714892e+00
   1.8355971e-01   4.8806149e-01  -6.8178861e-01  -7.2894230e-01  -1.1438809e+00  -1.3881905e+00  -2.0798257e+00  -1.9376443e+00  -2.1780772e+00  -1.7678839e+00  -1.5868307e+00  -2.2224038e+00  -2.3590043e+00  -2.1339503e+00  -2.1400029e+00  -1.6677803e+00
   3.3112781e-01   4.6592074e-01  -4.6137394e-01  -8.4262778e-01  -1.2390799e+00  -1.3691248e+00  -2.0512122e+00  -2.0928199e+00  -1.7711315e+00  -1.4897583e+00  -1.4977403e+00  -2.4569392e+00  -2.3929961e+00  -2.1654479e+00  -2.1032532e+00  -1.9034267e+00
   5.1751009e-02   1.6997429e-01  -9.6662411e-01  -8.8778753e-01  -1.2791334e+00  -1.5318242e+00  -1.9744036e+00  -1.9580239e+00  -1.6630405e+00  -1.7063032e+00  -1.4758679e+00  -2.4373207e+00  -2.1985976e+00  -2.1442643e+00  -2.0519583e+00  -1.6340228e+00
   2.9768886e-01   4.8290521e-01  -8.6882370e-01  -3.9263160e-01  -5.7153822e-01  -1.2289982e+00  -2.1444001e+00  -1.9670000e+00  -2.1442703e+00  -1.6911760e+00  -1.4977961e+00  -2.2969655e+00  -2.4874689e+00  -1.6654850e+00  -1.4952313e+00  -1.2846615e+00
   3.3974510e-01   7.7115991e-01  -6.2396034e-01  -7.7753807e-01  -1.1380517e+00  -1.6407950e+00  -2.4990161e+00  -1.9350200e+00  -1.8885135e+00  -1.4810078e+00  -1.2511914e+00  -2.2979345e+00  -2.3263288e+00  -1.4538152e+00  -1.0735234e+00  -8.7172611e-01
   1.6384290e-01   4.4942237e-01  -1.1538571e+00  -9.4905967e-01  -1.1562780e+00  -1.7678634e+00  -2.2578979e+00  -2.0612211e+00  -1.8418813e+00  -1.3916638e+00  -1.2742487e+00  -1.8190292e+00  -1.7028073e+00  -1.1101133e+00  -8.2525464e-01  -6.9626959e-01
   1.2562366e-01   3.5142166e-01  -1.2946160e+00  -9.6520713e-01  -1.0644367e+00  -1.3270280e+00  -1.7023232e+00  -1.9476187e+00  -2.1743407e+00  -1.5526225e+00  -1.2727695e+00  -2.2293924e+00  -1.8678885e+00  -1.1945028e+00  -7.9829904e-01  -6.4312152e-01
   3.4225766e-02   3.8764130e-01  -1.5106845e-01  -5.0442887e-01  -1.5000918e+00  -1.6817053e+00  -1.4611900e+00  -1.3062182e+00  -1.4560315e+00  -1.1486570e+00  -6.9338690e-01  -1.8139235e+00  -1.8043532e+00  -1.4797292e+00  -9.5123675e-01  -9.6387271e-01
   2.6445660e-01   6.8462139e-01   3.7231784e-01   1.1927171e-01  -6.4074078e-01  -2.0126685e+00  -1.7735630e+00  -1.4491557e+00  -1.2789620e+00  -1.0080277e+00  -2.4744120e-01  -1.2976160e+00  -1.3209248e+00  -1.4705259e+00  -1.1799828e+00  -1.5637115e+00
   2.4518154e-01   1.0202333e+00   6.7044789e-01   1.2926442e-01  -8.5457199e-01  -1.8256696e+00  -1.8756847e+00  -1.1052046e+00  -1.2728897e+00  -1.0121098e+00   1.2602629e-01  -3.5439332e-01  -8.9271266e-01  -1.0800936e+00  -1.3108405e+00  -1.8666535e+00
   4.0644522e-01   1.2653169e+00   9.7627350e-01   2.2897078e-01  -7.2073279e-01  -1.2922760e+00  -1.8410413e+00  -1.4839343e+00  -1.7044163e+00  -1.2052125e+00  -2.1869260e-02  -4.1036561e-02  -4.5838484e-01  -8.7267847e-01  -1.0337052e+00  -1.8987682e+00
   4.3140046e-01   1.1729215e+00   1.1137989e+00   7.1723314e-01  -3.2516163e-01  -1.1937313e+00  -1.6280091e+00  -1.2255196e+00  -2.1035172e+00  -1.3831720e+00  -3.8175594e-01   2.8872214e-02  -1.1372587e-02  -1.7540919e-01  -6.4991824e-01  -2.0046208e+00
   1.9330247e-01   8.7894612e-01   8.2960119e-01   2.5673063e-01  -7.5076512e-01  -1.3114450e+00  -1.6973001e+00  -1.2641741e+00  -1.7496238e+00  -1.4301155e+00  -4.4177008e-01   3.5569169e-01   4.0410652e-01   6.4632173e-03  -3.8208925e-01  -1.8330453e+00
   2.4550070e-01   1.1238876e+00   8.9944412e-01   2.4816291e-02  -1.2523663e+00  -1.6436661e+00  -1.5623357e+00  -1.5097076e+00  -1.6421048e+00  -1.6784169e+00  -6.9714989e-01   5.2797132e-01   5.1043653e-01   7.5073485e-02  -4.5029399e-01  -2.1070103e+00
   5.0326956e-01   1.1379477e+00   7.8834686e-01  -8.3061047e-02  -1.0921312e+00  -1.5241300e+00  -1.4283702e+00  -1.7627948e+00  -1.7496857e+00  -1.4359767e+00  -7.0299497e-01   1.9686686e-01   3.5152585e-01   6.4247296e-02  -5.2275304e-01  -2.0231430e+00
   2.1691630e-01   9.2000609e-01   6.3418464e-01   4.7850451e-02  -9.0973869e-01  -1.6070273e+00  -1.6777031e+00  -1.6512310e+00  -1.7287795e+00  -1.3051113e+00  -8.7275525e-01   1.0791094e-01   5.4358482e-01   2.4853257e-01  -2.4858624e-01  -1.7451214e+00
   1.1749630e-01   8.2664733e-01   6.3594358e-01   2.0622935e-02  -7.5944594e-01  -1.7775532e+00  -1.7000410e+00  -1.5048393e+00  -1.6903704e+00  -1.3970816e+00  -8.8634174e-01   7.6156656e-02   3.6032380e-01   1.1011459e-01  -3.4924650e-01  -2.0120904e+00
   4.4644237e-01   1.0194418e+00   6.6900363e-01   1.3913857e-01  -8.9656871e-01  -1.6998115e+00  -1.8950808e+00  -1.7960060e+00  -2.0484212e+00  -1.5439194e+00  -9.8333105e-01  -1.2133645e-01   1.2366092e-01  -4.0284162e-02  -4.1708449e-01  -1.9375496e+00
   3.3047126e-01   8.7059747e-01   6.9165795e-01  -5.5157189e-03  -1.0397185e+00  -1.8017741e+00  -1.8518166e+00  -1.5826145e+00  -1.6231392e+00  -1.5338174e+00  -1.0870186e+00  -7.4994720e-02   1.0425110e-03  -4.4068886e-02  -2.5409784e-01  -2.0630007e+00
   1.2544666e-01   8.2662809e-01   4.8867180e-01   5.2380089e-02  -7.9625826e-01  -1.5330970e+00  -1.9418574e+00  -1.7703837e+00  -1.9201131e+00  -1.6830118e+00  -9.8072296e-01  -1.8051523e-02  -1.1273640e-02  -6.4000437e-02  -1.4915653e-01  -2.0268676e+00
   4.0794025e-01   1.2103907e+00   7.0339502e-01  -8.9138353e-02  -8.4089790e-01  -1.2556953e+00  -1.5864713e+00  -1.3477043e+00  -1.6612033e+00  -1.6898433e+00  -9.0443758e-01   6.1920253e-02  -6.7332044e-02  -1.3792564e-01  -8.2488940e-02  -2.1539544e+00
   2.9934059e-01   1.0433366e+00   8.6043958e-01   3.6844189e-01  -9.8525732e-01  -1.5622246e+00  -2.1569168e+00  -1.4513770e+00  -1.5743769e+00  -1.4433985e+00  -8.5306680e-01  -4.8059342e-02  -3.6911183e-02  -1.3378943e-01  -1.6615852e-01  -2.0208362e+00
   3.8683972e-01   1.0389350e+00   6.5761434e-01   4.4571292e-02  -1.2417074e+00  -1.7661086e+00  -1.9701484e+00  -1.3272090e+00  -1.6418261e+00  -1.6967245e+00  -9.6568174e-01   8.6777307e-02  -1.5275165e-02  -2.3127693e-01  -1.7598650e-01  -2.0597434e+00
   4.0633945e-01   1.0813901e+00   6.7672173e-01  -8.0904282e-02  -1.4279074e+00  -2.1845495e+00  -1.7946960e+00  -1.4684841e+00  -1.3258532e+00  -1.2011514e+00  -8.0599012e-01   2.7488635e-01   2.3943407e-02  -2.3886599e-01  -3.0200408e-01  -2.0606907e+00
   4.3905751e-01   1.1466066e+00   6.3407054e-01   3.6882549e-01  -3.6906984e-01  -1.4450872e+00  -1.9244415e+00  -1.6902496e+00  -1.6185969e+00  -1.2995629e+00  -8.0883891e-01   2.0639377e-01   6.5268641e-04  -2.7203160e-01  -2.8708633e-01  -2.0172841e+00
   1.7542646e-01   9.8201146e-01   6.1667287e-01   1.4336581e-01  -5.9002460e-01  -1.4382334e+00  -1.9934667e+00  -1.7702298e+00  -1.7375175e+00  -1.3569983e+00  -9.0981022e-01  -1.7338021e-01  -1.0057835e-02  -5.5236620e-01  -5.5458833e-01  -1.8586099e+00
   2.4381742e-01   1.0300648e+00   5.9846280e-01   6.0100312e-02  -6.5955923e-01  -9.0994731e-01  -1.8827769e+00  -1.7017166e+00  -1.8901640e+00  -1.3613158e+00  -7.0127796e-01  -8.2797542e-02  -4.3754875e-02  -4.8517323e-01  -5.3340217e-01  -1.8993204e+00
   4.4725137e-01   1.0780829e+00   3.8092865e-01   2.2605102e-02  -6.0550857e-01  -1.0179332e+00  -1.7881680e+00  -1.4610557e+00  -1.6553612e+00  -1.7430557e+00  -9.3422073e-01  -4.5488676e-01  -4.8605471e-01  -7.5452573e-01  -6.0835992e-01  -1.9959715e+00
   4.3886807e-01   1.0674461e+00   5.6417366e-01   6.6025531e-02  -7.2290295e-01  -1.7046253e+00  -2.1999914e+00  -2.2437825e+00  -2.1077863e+00  -1.3846719e+00  -7.9926844e-01  -6.7359983e-01  -6.4086035e-01  -1.0770426e+00  -8.9346110e-01  -2.0297349e+00
   1.1883626e-01   7.7931940e-01   4.9173656e-01   3.2384461e-01  -5.4012505e-01  -1.2069581e+00  -1.8949399e+00  -2.0831799e+00  -1.6790655e+00  -1.4841323e+00  -8.9720301e-01  -5.0242413e-01  -7.5606378e-01  -1.0657575e+00  -9.1211244e-01  -1.8867651e+00
   3.4029551e-02   8.7655801e-01   4.7036716e-01   3.0181721e-01  -4.9671212e-01  -1.4271507e+00  -2.0457053e+00  -2.1649286e+00  -1.7638486e+00  -1.7295826e+00  -1.0152293e+00  -3.2430955e-01  -6.9784379e-01  -1.0979479e+00  -9.6087905e-01  -1.9766192e+00
   5.7981801e-01   1.0106407e+00   3.2672367e-01   2.3139780e-01  -1.0308481e+00  -1.4663176e+00  -1.7148216e+00  -2.0286560e+00  -2.4710931e+00  -1.8886028e+00  -1.4875441e+00  -5.9226342e-01  -9.9991524e-01  -1.3153938e+00  -1.1133493e+00  -2.0653938e+00
   3.5335688e-01   1.0744637e+00   2.3488707e-02  -2.6867118e-02  -1.2129613e+00  -1.9130238e+00  -2.1005316e+00  -1.9008046e+00  -2.5706651e+00  -1.7279324e+00  -1.2325037e+00  -7.4802996e-01  -1.0203640e+00  -1.4165649e+00  -1.4584807e+00  -2.0166227e+00
   1.8650719e-01   1.1016258e+00  -2.4087548e-01  -2.0256669e-01  -8.1504558e-01  -1.5137059e+00  -2.0756371e+00  -2.1745108e+00  -2.2255407e+00  -1.8425647e+00  -1.2582520e+00  -8.6988799e-01  -1.1919567e+00  -1.7940684e+00  -1.4338139e+00  -2.0029208e+00
  -2.3746604e-02   1.0982629e+00  -6.9880806e-01  -7.2510866e-01  -9.7713494e-01  -1.4434606e+00  -2.1435495e+00  -1.7324588e+00  -1.6542588e+00  -1.7367526e+00  -1.4275991e+00  -1.2197176e+00  -1.4441458e+00  -1.6317556e+00  -1.6584347e+00  -1.9827381e+00
  -1.1796904e-01   1.0543313e+00  -7.5573393e-01  -1.4483070e+00  -1.1664987e+00  -1.4930173e+00  -2.1878498e+00  -1.6152461e+00  -2.4242602e+00  -1.7295747e+00  -1.3061222e+00  -1.0193366e+00  -1.3759587e+00  -2.0209188e+00  -2.0084218e+00  -2.2274182e+00
  -6.2645581e-02   6.3067869e-01  -4.5465986e-01  -1.3316160e+00  -1.2556104e+00  -1.8904597e+00  -1.8925482e+00  -2.2372194e+00  -2.1296902e+00  -1.7728402e+00  -1.0589403e+00  -1.1345321e+00  -1.5257783e+00  -2.0300093e+00  -1.5539605e+00  -1.9421096e+00
   1.3529717e-01   6.2409476e-01  -7.2701226e-01  -1.1796753e+00  -1.1338476e+00  -1.5529500e+00  -2.0856886e+00  -1.6306650e+00  -1.9921348e+00  -1.5493662e+00  -1.1469062e+00  -1.5208920e+00  -1.9582410e+00  -1.9214639e+00  -1.8625154e+00  -2.0923347e+00
  -4.5964355e-02  -3.7402236e-01  -1.2559384e+00  -1.1254871e+00  -1.1291432e+00  -1.5961766e+00  -2.1535185e+00  -1.9621405e+00  -2.3257764e+00  -1.8140332e+00  -1.2254033e+00  -1.6389244e+00  -1.9201361e+00  -1.9385847e+00  -2.0606950e+00  -2.0361021e+00
  -1.0483628e+00  -9.2812314e-01  -5.8759109e-01  -1.0508402e+00  -1.1115127e+00  -1.6105700e+00  -2.1627859e+00  -2.1802174e+00  -2.0232534e+00  -1.9747125e+00  -1.6550240e+00  -1.9427593e+00  -2.0797062e+00  -1.9040831e+00  -2.0811506e+00  -2.1361318e+00
  -1.0057162e+00  -7.8513232e-01  -1.2335154e+00  -1.0228381e+00  -1.0952477e+00  -1.7971703e+00  -2.3244630e+00  -1.7805773e+00  -1.9302250e+00  -1.7659249e+00  -1.5872202e+00  -2.4068122e+00  -2.2280822e+00  -2.4656442e+00  -2.2659374e+00  -2.1238944e+00
  -4.6912274e-01  -5.4748970e-01  -1.1538377e+00  -1.2643099e+00  -1.1598229e+00  -1.6577932e+00  -2.0647151e+00  -1.6237909e+00  -1.6327354e+00  -1.6845532e+00  -1.6613408e+00  -2.4964484e+00  -2.0945221e+00  -2.0958503e+00  -2.1756124e+00  -2.2535188e+00
  -3.2883019e-02  -3.2180071e-01  -1.1378702e+00  -5.6641795e-01  -1.7001105e+00  -1.8074435e+00  -2.1196091e+00  -2.0981449e+00  -1.5771150e+00  -1.5651347e+00  -1.5433022e+00  -2.5994527e+00  -2.2945564e+00  -1.9755472e+00  -2.4171161e+00  -2.4500118e+00
  -2.4480879e-01  -8.1976741e-01  -1.4200111e+00  -1.3135248e+00  -8.1850075e-01  -1.2642772e+00  -2.6027558e+00  -2.0043206e+00  -2.0192997e+00  -1.4911567e+00  -1.5708996e+00  -2.4029095e+00  -2.2678470e+00  -2.1577566e+00  -2.4828401e+00  -2.2221572e+00
  -5.9255947e-01  -6.7358070e-01  -1.2155746e+00  -1.4093782e+00  -1.3146175e+00  -1.5303143e+00  -2.0608338e+00  -1.7059139e+00  -1.7821703e+00  -1.7224764e+00  -1.4650175e+00  -2.4270219e+00  -2.2555613e+00  -2.4138615e+00  -2.4532795e+00  -2.4760264e+00
  -6.2143655e-01  -9.6620520e-01  -1.2201475e+00  -1.0374947e+00  -9.7415557e-01  -1.3632448e+00  -2.1604134e+00  -1.6571812e+00  -1.8117407e+00  -1.9031809e+00  -1.4509030e+00  -2.5948025e+00  -2.4540501e+00  -2.7308035e+00  -2.2190367e+00  -2.2834041e+00
  -8.6022224e-02  -3.1753559e-01  -8.8932321e-01  -9.8745952e-01  -1.4225010e+00  -1.5763562e+00  -2.1496108e+00  -1.9753988e+00  -2.0209670e+00  -1.7347985e+00  -1.5833498e+00  -2.7260588e+00  -2.5178153e+00  -2.6431941e+00  -2.2268755e+00  -2.1435689e+00
  -5.8538040e-01  -4.7116936e-01  -1.2270487e+00  -9.0799938e-01  -1.3480078e+00  -1.2060997e+00  -2.3986138e+00  -2.2622221e+00  -1.9311099e+00  -1.6419573e+00  -1.5519270e+00  -2.4984545e+00  -2.4575547e+00  -2.5244720e+00  -2.1434379e+00  -2.0183108e+00
  -1.1566157e+00  -1.0678064e+00  -2.2875596e+00  -1.1564863e+00  -1.0570401e+00  -1.6837794e+00  -2.1439434e+00  -2.1120100e+00  -1.7456810e+00  -1.6899290e+00  -1.5168293e+00  -2.7522516e+00  -2.6008857e+00  -2.3118371e+00  -2.3521464e+00  -2.3493549e+00
  -2.7258684e-01  -6.8661967e-01  -1.7874320e+00  -1.3234550e+00  -1.4918755e+00  -1.6266491e+00  -1.8448040e+00  -1.5529199e+00  -1.7992406e+00  -1.4656978e+00  -1.4392546e+00  -2.2974611e+00  -2.2619052e+00  -2.2566696e+00  -2.4291580e+00  -2.2580568e+00
  -4.7267375e-01  -5.3000144e-01  -1.1015988e+00  -1.0113663e+00  -1.4595605e+00  -1.4580350e+00  -1.9973880e+00  -1.5577986e+00  -1.9624056e+00  -1.6155896e+00  -1.5218366e+00  -2.5637550e+00  -2.6994008e+00  -2.3853272e+00  -2.5825451e+00  -2.3028741e+00
  -3.3133428e-01  -5.9825003e-01  -1.2374789e+00  -1.5050524e+00  -1.5250896e+00  -1.6708643e+00  -2.4322819e+00  -2.1289397e+00  -2.4184229e+00  -1.8519833e+00  -1.5728924e+00  -2.6669865e+00  -2.5765623e+00  -2.4693500e+00  -2.6026689e+00  -2.4011478e+00
  -5.1577384e-01  -8.1352932e-01  -1.0126817e+00  -1.0236021e+00  -1.4483833e+00  -1.4043339e+00  -2.1832453e+00  -2.0575160e+00  -2.3126382e+00  -1.8647125e+00  -1.6598633e+00  -2.3976277e+00  -2.2412189e+00  -2.2724769e+00  -2.3126483e+00  -2.4036403e+00
  -9.5982780e-01  -1.1134639e-01  -1.0096421e+00  -4.9887962e-01  -1.1261125e+00  -1.9129154e+00  -2.3763117e+00  -2.0223564e+00  -2.3041119e+00  -1.7672319e+00  -1.4273833e+00  -2.4297929e+00  -2.4833977e+00  -2.3160752e+00  -2.0205272e+00  -2.3518934e+00
  -7.7360186e-01  -6.8300436e-01  -8.1474395e-01  -7.4106427e-01  -1.3167713e+00  -1.8397178e+00  -2.2655793e+00  -1.9321230e+00  -2.0619105e+00  -1.7170518e+00  -1.4128445e+00  -2.7003207e+00  -2.5122387e+00  -2.2959310e+00  -2.3993639e+00  -2.5131277e+00
  -1.0300456e-01  -6.3793979e-01  -7.8191026e-01  -1.1535072e+00  -1.4494718e+00  -1.5730993e+00  -1.9206949e+00  -2.2331657e+00  -2.0100292e+00  -1.5403504e+00  -1.4287217e+00  -2.7005270e+00  -2.4374479e+00  -2.2739649e+00  -2.3896435e+00  -2.6089447e+00
  -6.3706488e-01  -1.2480881e+00  -1.1612777e+00  -8.8727547e-01  -1.2005727e+00  -1.8488054e+00  -2.5727844e+00  -2.6413504e+00  -1.8310064e+00  -1.7940826e+00  -1.7295727e+00  -2.7328013e+00  -2.1053680e+00  -2.1289943e+00  -2.2365175e+00  -2.1101104e+00
  -1.0064071e+00  -1.0316131e+00  -1.3451464e+00  -1.3971424e+00  -1.3274687e+00  -1.9869149e+00  -2.3879107e+00  -2.3493152e+00  -2.1123307e+00  -1.9808260e+00  -1.6113251e+00  -2.4856126e+00  -2.2123736e+00  -2.1835307e+00  -2.3463742e+00  -2.3502511e+00
  -3.4669520e-01  -3.9016846e-01  -1.1838480e+00  -1.0112299e+00  -1.0305829e+00  -1.5033210e+00  -2.0740380e+00  -2.1440847e+00  -1.7743454e+00  -1.7128134e+00  -1.5358969e+00  -2.5415734e+00  -2.7057729e+00  -2.4352479e+00  -2.3731074e+00  -2.3083299e+00
  -2.1797921e-01  -5.1394316e-01  -1.4120677e+00  -4.2667327e-01  -9.4631567e-01  -1.3155800e+00  -2.3249939e+00  -2.1401246e+00  -1.9909241e+00  -1.6934552e+00  -1.4056863e+00  -2.3734083e+00  -2.2546524e+00  -2.3369439e+00  -2.5628317e+00  -2.2551357e+00
  -3.2087697e-01  -1.1444469e+00  -1.1259261e+00  -6.2234163e-01  -9.4877391e-01  -1.9029410e+00  -2.2893154e+00  -2.0139405e+00  -1.9300836e+00  -1.6802699e+00  -1.4588285e+00  -2.1788677e+00  -1.9907682e+00  -2.3392529e+00  -2.4532623e+00  -2.2395536e+00
   1.3010186e-01  -4.9740661e-01  -4.2816987e-01  -4.5892034e-01  -7.6410132e-01  -1.7457916e+00  -2.0440317e+00  -2.2524118e+00  -2.2736117e+00  -1.6680280e+00  -1.4303234e+00  -2.6045237e+00  -2.6519891e+00  -2.3458687e+00  -2.2602490e+00  -2.4502081e+00
  -5.9559503e-01  -3.6839279e-01  -5.1722462e-01  -8.3529705e-01  -9.9942519e-01  -1.8900586e+00  -2.5299163e+00  -2.3725850e+00  -2.6371903e+00  -2.0766735e+00  -1.4580322e+00  -2.3885428e+00  -2.5886246e+00  -2.2628139e+00  -2.2346383e+00  -2.4431600e+00
  -3.8738340e-01  -2.8748324e-01  -1.3590249e+00  -9.5609330e-01  -1.1474562e+00  -1.8155596e+00  -2.5072173e+00  -2.2545919e+00  -2.2069587e+00  -1.7543428e+00  -1.5133823e+00  -2.4756380e+00  -2.5642245e+00  -2.1158412e+00  -2.2448222e+00  -2.3311075e+00
