   2.6504251e+00   2.0161126e+00   1.2948654e+00   1.3188653e+00   1.0286236e+00   8.9745014e-01   1.3607419e+00   1.8782087e+00   9.3787553e-01   1.0852474e+00   7.6124599e-01   6.3127071e-01   1.4776020e-01   1.3199682e-01   5.3420930e-01   3.9616161e-01
   2.1548635e+00   1.4188948e+00   1.0976966e+00   1.1779427e+00   1.3997768e+00   1.9107911e+00   1.6904326e+00   1.5281373e+00   8.4445005e-01   9.3481419e-01   1.0175987e+00   7.1258906e-01   5.1531540e-01   3.9265546e-01   4.6578795e-01   2.7505529e-02
   2.3076427e+00   2.0437041e+00   1.1163373e+00   1.2377557e+00   1.4237974e+00   1.7068852e+00   1.1491750e+00   7.8933570e-01   1.1208509e+00   1.1231660e+00   1.0546641e+00   7.2919732e-01   4.3656178e-01   4.0982157e-01   6.3080965e-01   4.2006828e-01
   3.3691432e+00   2.3641554e+00   1.4157421e+00   1.3697245e+00   1.6686095e+00   1.6087534e+00   1.5702557e+00   1.5763063e+00   9.0362085e-01   1.0145363e+00   8.3065066e-01   4.2201426e-01   5.6957443e-01   2.2911776e-01   2.7000245e-01   2.4405611e-01
   3.2455290e+00   2.3486905e+00   1.5195550e+00   1.2679914e+00   1.2000690e+00   1.1452632e+00   1.3615266e+00   1.4047644e+00   9.4312638e-01   6.8010918e-01   6.7938679e-01   7.6429967e-01   4.9045164e-01   3.6182550e-01   5.9992128e-01   1.6880038e-01
   3.1073476e+00   2.3769584e+00   1.5927887e+00   1.5735343e+00   1.1709683e+00   1.3172391e+00   1.1616918e+00   1.0792846e+00   1.3745001e+00   9.0094624e-01   7.7170957e-01   1.6026580e-01   2.8257387e-01   3.3510961e-01   3.3576730e-01   4.9097636e-02
   2.9226697e+00   1.8875175e+00   1.2323762e+00   1.4490794e+00   1.2061065e+00   1.3555739e+00   1.1448636e+00   1.2910251e+00   1.0898316e+00   9.1108563e-01   6.4498707e-01   4.2650637e-01   2.7682493e-02   1.5342733e-01   1.4944433e-01  -1.5616744e-01
   2.4235519e+00   1.9145952e+00   1.0390948e+00   1.5548628e+00   1.3904272e+00   1.2023361e+00   1.5727702e+00   1.4130884e+00   1.1162280e+00   1.0173393e+00   7.2845181e-01   3.5609559e-01   8.7432404e-02   3.0074759e-01   7.6408633e-02   1.8959042e-02
   2.0297906e+00   1.4857272e+00   9.5612733e-01   7.4504652e-01   1.1763749e+00   1.3097745e+00   1.0289762e+00   8.9903436e-01   8.7790458e-01   9.1552319e-01   7.6954359e-01   4.6435017e-01   9.3388085e-02   6.6221764e-02   1.7752136e-01   2.3162224e-01
   2.4236258e+00   1.7548306e+00   1.4002235e+00   1.1348967e+00   1.4124010e+00   1.3649346e+00   1.0136010e+00   9.9089242e-01   6.6328755e-01   8.2906297e-01   7.5645284e-01   4.7391170e-01   1.9884088e-01   2.8298909e-01  -1.4328806e-01  -1.7617265e-01
   2.6859270e+00   1.7501791e+00   1.3584654e+00   1.3848997e+00   9.7069508e-01   1.5972359e+00   1.6516996e+00   1.3160196e+00   5.1017568e-01   7.5678523e-01   4.7925852e-01   2.0620977e-01   9.8176275e-04   5.1323921e-02  -1.7899131e-01  -3.4508557e-01
   2.4209222e+00   1.8973275e+00   1.2749534e+00   1.3732468e+00   1.4512492e+00   1.5016131e+00   1.4257337e+00   1.2841337e+00   7.5050194e-01   7.6089163e-01   7.2085752e-01   1.6445927e-01  -6.8793664e-02   6.0497478e-02  -9.6290580e-02  -3.0143845e-01
   2.3722067e+00   1.9847688e+00   1.0773535e+00   1.0237671e+00   8.0425468e-01   1.3912064e+00   1.4539635e+00   1.3603198e+00   6.0162366e-01   8.5828474e-01   4.7017770e-01   4.6630475e-01  -3.4676828e-02  -1.5900673e-01  -2.3753636e-01  -2.6499317e-01
   2.4455397e+00   2.2010095e+00   8.0196357e-01   6.4068819e-01   3.4583426e-01   9.0365003e-01   6.6130290e-01   1.1124957e+00   7.5604780e-01   9.0157536e-01   5.5097976e-01   6.2413107e-01  -1.4646460e-03  -6.5283697e-02  -1.3608572e-01  -7.6411679e-02
   2.9036856e+00   1.5573338e+00   9.9660196e-01   3.7050648e-01   5.8047217e-01   1.4159251e+00   9.5309613e-01   1.0231548e+00   5.5838695e-01   6.3195086e-01   5.1059852e-01   3.3047147e-01   2.5769776e-01   3.9270729e-02  -2.5066859e-01  -3.7711232e-01
   2.7841533e+00   1.8747888e+00   1.2975444e+00   1.1297263e+00   5.2387122e-01   1.0914594e+00   1.2021469e+00   9.7881835e-01   6.2445582e-01   8.3823780e-01   5.9272875e-01   2.8255944e-01  -2.4070538e-01  -2.6168753e-01  -2.8417346e-01  -3.1151616e-01
   2.4188317e+00   2.1544797e+00   1.3831042e+00   9.9173838e-01   4.1780295e-01   1.1346829e+00   8.0931951e-01   7.8335162e-01   4.7554580e-01   5.3238240e-01   5.3038004e-01   4.0620693e-01   1.3055895e-01  -2.4151595e-01  -3.8129331e-01  -3.0955956e-01
   2.8956070e+00   1.7586813e+00   1.6011966e+00   8.4168898e-01   1.1261754e+00   1.6378551e+00   1.2000521e+00   1.1472919e+00   7.2401092e-01   6.2227208e-01   4.5997210e-01   2.5592701e-01  -2.0267161e-01  -1.3945549e-01  -2.2002232e-01  -4.2797054e-01
   2.7283851e+00   1.7314274e+00   1.2903952e+00   1.1477516e+00   1.1603248e+00   1.6838895e+00   8.6012797e-01   7.9593085e-01   7.3379437e-01   2.8954793e-01   4.5802040e-01   4.7846365e-01  -1.8868896e-01  -1.4825820e-01   2.7181554e-01  -6.1694426e-03
   2.3302370e+00   1.5225015e+00   6.9908120e-01   1.5163720e+00   1.2127524e+00   1.2074443e+00   5.6887668e-01   1.0424734e+00   3.2500296e-01   3.1686039e-01   2.1205496e-01   6.6034633e-02   1.1617909e-01  -1.8057737e-02   5.8123952e-02  -7.0564564e-02
   2.5912442e+00   2.0425452e+00   1.4024003e+00   1.1645999e+00   1.4835325e+00   1.5041869e+00   7.9862395e-01   6.3707213e-01   6.7099990e-01   7.0526650e-01   3.5434529e-01   1.1355215e-01  -1.8873312e-01  -4.4606987e-01  -2.2545401e-02  -2.5936540e-01
   2.8749192e+00   2.1661812e+00   1.4693076e+00   9.7787173e-01   1.2248007e+00   1.2063022e+00   9.3718920e-01   9.0969491e-01   9.5615454e-01   1.0391273e+00   7.2297297e-01   4.1984336e-01  -1.1164574e-01  -4.1207676e-01  -3.6147078e-01  -5.4516240e-01
   2.5554890e+00   1.1872468e+00   1.3125448e+00   6.5206616e-01   9.9686746e-01   1.5458830e+00   8.7161824e-01   1.0407037e+00   8.5359926e-01   3.7865130e-01   4.3146038e-01   1.8417921e-01  -7.6465570e-02  -4.4294123e-01  -4.5704918e-01  -5.7013572e-01
   1.9351276e+00   1.4496707e+00   9.5144022e-01   9.9021311e-01   1.0694898e+00   1.3442780e+00   1.2159145e+00   8.1009199e-01   6.4142256e-01   5.6713078e-01  -1.7621749e-01  -2.9804826e-01  -1.5068116e-01  -2.1178721e-01   4.0521802e-02  -1.1282272e-01
   2.6330940e+00   1.7298636e+00   1.8482549e+00   1.2313712e+00   8.1429437e-01   1.1535199e+00   6.5746809e-01   8.4943421e-01   8.1560572e-01   6.6549828e-01  -1.8003045e-01  -1.4156393e-01   2.1063990e-02  -4.5750746e-01   1.0466984e-01   1.9751775e-01
   3.0485977e+00   1.8328262e+00   1.5281823e+00   1.4925839e+00   1.0477258e+00   9.2048578e-01   3.8863824e-01   6.1679240e-01   6.5586280e-01   3.6721035e-01  -1.8598386e-01   5.2440344e-02   1.6499220e-01  -2.3515339e-01   1.4655565e-01  -1.3035755e-01
   2.6910736e+00   1.2648185e+00   1.1596002e+00   1.6486523e+00   1.2161219e+00   1.4341892e+00   5.5083304e-01   7.7163040e-01   8.0025163e-01   3.1657654e-01   1.2928210e-01   2.6793548e-01   4.5626948e-02  -3.9253746e-01  -4.9006247e-02  -1.3824689e-01
   1.9524123e+00   1.7940857e+00   1.5173075e+00   1.5261954e+00   1.1180113e+00   1.5184314e+00   1.0402056e+00   1.0315032e+00   6.5191188e-01   8.3666957e-01   3.5489358e-01   6.0883322e-01   8.7441575e-02  -1.2158307e-01   3.0524401e-01   3.7209157e-02
   2.5736066e+00   1.9547608e+00   1.5748242e+00   1.2383632e+00   1.2143025e+00   1.0913207e+00   1.0484752e+00   6.3312861e-01   5.7345318e-01   8.1431105e-01   5.7222214e-01   4.2733022e-01   3.1033249e-01   8.3294015e-02   6.9541588e-02  -2.0560112e-01
   2.1017697e+00   1.8591166e+00   1.7972726e+00   1.2741502e+00   5.9882252e-01   1.2859014e+00   1.2951889e+00   8.6747342e-01   4.6623015e-01   8.0991505e-01   7.5886873e-01   4.0966904e-01   1.9920011e-01  -7.9894045e-02   1.3890037e-01  -4.5636320e-02
   1.7395322e+00   2.1579354e+00   1.6409422e+00   1.2995389e+00   1.0042192e+00   1.2409899e+00   1.1289871e+00   1.0503028e+00   1.0078582e+00   4.8235883e-01   7.2701782e-01   4.8102938e-01   4.0430586e-01   2.4175319e-01   4.1303687e-01   1.5305433e-01
   1.7212440e+00   2.1066358e+00   1.5859994e+00   1.5736813e+00   1.4963770e+00   1.2623955e+00   6.4377041e-01   5.6039345e-01   7.0351353e-01   6.6991452e-01   8.2213343e-01   9.9501281e-01   1.1390804e+00   1.1495278e+00   9.4553438e-01   4.6510258e-02
   2.7731531e+00   2.0907015e+00   1.4888678e+00   1.5677220e+00   2.1244308e+00   1.7059104e+00   1.3522829e+00   7.8189344e-01   5.4458073e-01   8.0863372e-01   1.0376863e+00   1.2349492e+00   1.6017863e+00   1.9250134e+00   1.6135264e+00   1.0786101e-01
   2.1098957e+00   1.9330239e+00   1.6280577e+00   1.6165956e+00   1.9029203e+00   1.3789223e+00   5.3929014e-01   3.2199489e-01   3.7709126e-01   7.4173693e-01   1.3174515e+00   1.0645484e+00   1.5843087e+00   1.7936801e+00   1.5716148e+00   2.0804755e-01
   2.8291848e+00   1.9825588e+00   1.3417486e+00   1.7599104e+00   2.5935062e+00   2.0805331e+00   1.0392907e+00   8.5998484e-01   6.0074855e-01   1.2180083e+00   1.7382637e+00   1.6429697e+00   2.1697962e+00   2.2912962e+00   2.1375385e+00   6.3829679e-01
   3.3320047e+00   1.7962821e+00   1.8711488e+00   1.6228764e+00   2.1961710e+00   2.3277862e+00   7.6442079e-01   9.9583097e-01   9.4646724e-01   1.4737331e+00   1.8207817e+00   1.5896288e+00   2.2569761e+00   2.4101426e+00   2.2449285e+00   8.6129616e-01
   3.0742031e+00   2.3422203e+00   1.1489500e+00   1.4472971e+00   2.4363694e+00   2.5521304e+00   1.2481605e+00   1.2159920e+00   9.4559476e-01   1.4239590e+00   2.2730842e+00   1.6927353e+00   2.3532443e+00   2.5764760e+00   2.4886847e+00   9.6768043e-01
   3.3010177e+00   2.0289596e+00   1.8569214e+00   1.8092933e+00   2.1484887e+00   2.5562585e+00   1.0343059e+00   1.0016182e+00   1.0111006e+00   1.5044231e+00   2.0729846e+00   1.5525103e+00   2.4407108e+00   2.5244472e+00   2.3469559e+00   7.1709631e-01
   3.1308397e+00   1.6079519e+00   1.7249978e+00   1.8350653e+00   2.2271265e+00   2.4515824e+00   7.0527035e-01   7.3207254e-01   9.8789545e-01   1.7285711e+00   1.9715664e+00   1.4911907e+00   2.3519118e+00   2.4897232e+00   2.3268093e+00   9.9664046e-01
   2.6500194e+00   1.9477393e+00   1.2494232e+00   1.9542203e+00   2.5109707e+00   2.4196716e+00   9.7472406e-01   9.9820076e-01   1.2052800e+00   1.6581472e+00   1.8135026e+00   1.6078578e+00   2.4477911e+00   2.3256681e+00   2.2572473e+00   9.8808346e-01
   2.8885901e+00   1.7055823e+00   8.8343752e-01   1.8736068e+00   2.5563178e+00   2.2853190e+00   1.2167067e+00   1.0279622e+00   1.2124091e+00   1.7125554e+00   2.0033267e+00   1.6592535e+00   2.3956477e+00   2.3637833e+00   2.3204833e+00   1.0366383e+00
   3.0805274e+00   1.7232391e+00   1.1182981e+00   1.9762566e+00   2.7109195e+00   2.2041463e+00   1.4976820e+00   8.7658022e-01   8.6434348e-01   1.6099638e+00   1.8923352e+00   1.2908911e+00   2.2091863e+00   2.1722933e+00   2.0530030e+00   1.0291860e+00
   3.5529983e+00   2.1954981e+00   1.6304550e+00   1.8929012e+00   2.8661022e+00   2.1486714e+00   1.4196060e+00   6.5893090e-01   7.0026989e-01   1.3273244e+00   1.6870682e+00   7.0165321e-01   1.8722484e+00   1.7922553e+00   1.5841190e+00   5.6194735e-01
   2.8605229e+00   1.8783455e+00   1.3862511e+00   1.7744275e+00   2.9869282e+00   1.8228484e+00   1.3305438e+00   7.3923036e-01   1.3546737e+00   1.7266484e+00   1.7019766e+00   7.9245448e-01   1.7726599e+00   1.6753416e+00   1.5720772e+00   7.4657786e-01
   2.4722977e+00   1.9500137e+00   1.1462396e+00   1.6901264e+00   3.0080263e+00   1.6701510e+00   8.0961501e-01   8.7118906e-01   1.2662574e+00   1.4150472e+00   1.2236289e+00   8.0357441e-01   1.4613195e+00   1.3907940e+00   1.1911213e+00   5.2835594e-01
   2.2575918e+00   1.9840069e+00   1.5533000e+00   1.9881047e+00   2.4991368e+00   1.6781314e+00   1.0012167e+00   8.4685055e-01   7.4516995e-01   1.2646080e+00   1.2599701e+00   5.4478824e-01   8.0272450e-01   8.6465774e-01   5.6897356e-01   2.0899787e-01
   3.3181674e+00   1.9233250e+00   1.8365476e+00   1.7112754e+00   1.6060121e+00   1.5245409e+00   9.2978180e-01   7.8108131e-01   3.5377060e-01   7.8195447e-01   8.4860663e-01   4.3279315e-01   6.5430046e-01   5.6318038e-01   4.9483686e-01   1.5555985e-01
   3.3352450e+00   2.0607650e+00   1.7350987e+00   1.2088359e+00   1.0117459e+00   9.3712511e-01   5.0649821e-01   5.0975724e-01   3.3585409e-01   4.9153095e-01   7.3933023e-01   1.4613755e-01   1.5349430e-01   8.7615490e-03  -1.9703205e-01  -2.2300055e-01
   3.1018354e+00   2.1798126e+00   1.7019991e+00   1.3258676e+00   1.0447372e+00   9.5943811e-01   7.4234316e-01   8.1870056e-01   7.6647542e-01   7.5399110e-01   2.7132944e-01   2.6755604e-01   9.7403038e-03   2.4922713e-02   1.8338933e-01  -2.6048553e-02
   3.0453545e+00   2.1988738e+00   1.2641831e+00   1.0186897e+00   5.2895093e-01   1.0702267e+00   9.8310553e-01   7.8414524e-01   7.7750549e-01   6.3063523e-01   4.2124368e-01  -2.6455331e-01  -9.1686549e-02  -1.7577408e-01  -1.6635349e-01   9.9143504e-02
   2.8208484e+00   2.0250766e+00   1.5731536e+00   9.3132828e-01   1.0388135e+00   1.4844683e+00   5.3404623e-01   7.0327230e-01   3.1297718e-01   6.2600745e-01   4.2636781e-01   3.4154346e-01   9.2756550e-02   1.4968761e-02   8.9254063e-02   1.8505449e-01
   2.3167812e+00   1.7255727e+00   1.4500683e+00   1.2810265e+00   1.2034935e+00   1.1998490e+00   4.2961598e-01   2.0631963e-01   6.2023043e-02   4.6970878e-01   2.1200989e-01  -5.9346980e-02  -4.0015426e-01  -1.2198602e-01  -4.0996187e-02   3.3931395e-01
   2.2186758e+00   1.1877710e+00   1.1295603e+00   9.5812686e-01   8.6927043e-01   1.4018150e+00   1.1679634e+00   1.1833852e+00   5.0270666e-01   1.6636477e-01  -4.8242853e-01  -2.5187351e-01  -2.4328530e-01   1.8315196e-01   8.5685746e-02   6.1110142e-01
   2.9727401e+00   2.0265836e+00   1.4732991e+00   1.4647424e+00   1.3070238e+00   1.3009294e+00   9.9606344e-01   5.9538346e-01   8.6786706e-01   2.8826344e-01   2.4264114e-01   7.2611458e-02  -1.0564166e-01  -1.2153838e-01   2.9287183e-01   3.0079528e-01
   3.0866760e+00   1.8052443e+00   1.4183237e+00   1.1203172e+00   1.0376541e+00   1.5588033e+00   1.2505672e+00   5.1472725e-01   6.0172702e-01   2.6977990e-01   5.1273877e-01   2.9815829e-01  -1.2165249e-01   2.0149873e-01   3.2539724e-01   6.6366956e-01
   3.0609455e+00   1.5190727e+00   8.7135349e-01   8.2718558e-01   1.3097307e+00   1.4362497e+00   1.3346905e+00   1.1179219e+00   1.1907394e+00   5.9306023e-01   5.4895118e-01   4.4808707e-01   3.1787790e-02  -1.4102266e-02   4.6777123e-01   5.0420789e-01
   3.0397552e+00   2.0300953e+00   1.1267096e+00   9.3178641e-01   7.3766609e-01   1.2021946e+00   1.1472187e+00   6.0914996e-01   5.5816214e-01   3.6342703e-01   2.5507687e-01   2.5923863e-01  -3.4989420e-01  -1.7662459e-01   3.7852968e-01   3.4321668e-01
   2.5033007e+00   1.9318710e+00   1.4454488e+00   1.5507035e+00   7.5321962e-01   1.0913581e+00   4.3096712e-01   7.3801237e-01   7.8794131e-01   3.0191439e-01   3.9159225e-01   2.6859091e-01  -2.5693834e-01  -9.4673225e-02   2.6879024e-01   3.5873293e-01
   2.7971360e+00   1.9208612e+00   1.8354096e+00   1.4652906e+00   1.3542585e+00   1.1573711e+00   1.1872116e+00   1.0208038e+00   4.5621120e-01   7.3910044e-01   5.5484393e-01   2.6871494e-01  -4.2309904e-01   3.9049942e-02   3.4546545e-01   5.8569504e-01
   2.8021997e+00   1.6642960e+00   1.3046056e+00   8.4580225e-01   1.0787385e+00   1.1260721e+00   1.1916141e+00   7.4500884e-01   6.6531180e-01   5.6729434e-01   5.9372738e-01   2.0136783e-01   9.1109973e-02   6.0759335e-02   4.5643262e-01   6.7624113e-01
   3.3425470e+00   1.7979289e+00   1.4112068e+00   2.9750862e-01   7.8909958e-01   8.1071796e-01   1.0147217e+00   9.0601413e-01   6.3091272e-01   8.9712743e-01   8.0207356e-01   5.3482555e-01  -3.7770367e-02   2.2765765e-02   2.5823091e-01   5.8762800e-01
   2.1870331e+00   1.5089027e+00   1.2145442e+00   6.3878855e-01   5.8081717e-01   1.3095732e+00   1.1946386e+00   6.9789192e-01   8.0631516e-01   6.8043653e-01   5.6383224e-01   4.2014284e-01   7.3170564e-02   1.3828787e-01   4.4472517e-01   5.9192971e-01
   2.3046882e+00   1.3929829e+00   1.2533687e+00   1.3536696e+00   1.1377409e+00   1.2855561e+00   9.7073361e-01   9.7896396e-01   6.8294573e-01   3.8138738e-01   3.8620526e-01   2.5540488e-01   1.5675399e-01   2.5749230e-01   4.8155252e-01   4.8984716e-01
   2.4469769e+00   1.8237287e+00   9.4313180e-01   1.0711282e+00   7.2384177e-01   1.3923825e+00   1.2211031e+00   1.0431379e+00   2.9727090e-01   5.3430317e-01   2.9550490e-01  -9.9605468e-02  -2.6713846e-01   3.5590742e-01   4.7055656e-01   3.1731372e-01
   2.6616227e+00   1.6833750e+00   1.3735314e+00   1.6408423e+00   7.8723245e-01   1.0792095e+00   1.2026521e+00   1.1357166e+00   9.5699324e-01   6.9535851e-01   6.9132037e-01   5.2424549e-01   3.7451925e-02   1.8608791e-01   3.4944776e-01   3.4658001e-01
   2.1348957e+00   1.4040666e+00   7.0334120e-01   1.2444537e+00   1.5030838e+00   1.1448902e+00   6.0708390e-01   5.1982530e-01   9.7527347e-01   8.4268774e-01   8.8885675e-01   9.4917244e-01   2.3992895e-01   1.9994650e-01   6.4257558e-01   5.8307301e-01
   2.3072029e+00   1.2863268e+00   1.2370332e+00   1.3079089e+00   1.1129510e+00   1.4579608e+00   1.2030515e+00   7.2908037e-01   1.1010128e+00   8.6049149e-01   7.1091970e-01   5.4985946e-01  -4.3309564e-02  -5.1328437e-02   3.1752404e-01   5.3779678e-01
   2.0094424e+00   1.8098872e+00   9.9872206e-01   7.6184766e-01   1.1942134e+00   1.5555170e+00   1.5913226e+00   1.0367711e+00   7.7122633e-01   5.3746338e-01   6.5212107e-01   6.4409931e-01  -1.7608129e-01  -9.1794509e-02   2.5962517e-01   3.3165534e-01
   2.7978422e+00   2.4693361e+00   1.8437074e+00   1.3384203e+00   1.0840843e+00   9.7103368e-01   6.9443350e-01   9.8618800e-01   6.8310169e-01   7.2876037e-01   5.9421451e-01   6.6582496e-01   2.5652397e-01   2.5974841e-01   4.3310679e-01   5.6973745e-01
   3.2421429e+00   2.4304844e+00   1.3658151e+00   7.3261933e-01   1.2269521e+00   7.9458723e-01   8.8884695e-01   9.2126557e-01   7.4392206e-01   7.4496422e-01   2.2445679e-01   4.1031827e-01   1.6659873e-01   4.9468459e-02   3.8673659e-01   4.5261134e-01
   3.1615173e+00   2.5420665e+00   1.7316820e+00   1.2901597e+00   1.2718722e+00   1.2776786e+00   1.1412474e+00   8.3745991e-01   6.9514066e-01   3.0994743e-01   2.5963467e-01  -3.3595261e-02  -3.8862773e-01  -2.0979291e-03   7.7217536e-02   3.1518178e-01
   2.9636444e+00   1.9097784e+00   1.6619489e+00   1.2009390e+00   1.1180088e+00   1.4270382e+00   9.6060420e-01   4.7428651e-01   6.1653180e-01   3.3576344e-01   3.3727292e-01   1.0865529e-01  -1.1506883e-01   1.3408932e-01   4.6632548e-01   4.2230537e-01
   2.8254481e+00   2.0491544e+00   1.3181756e+00   1.3683547e+00   1.2467263e+00   1.5178488e+00   1.0012211e+00   3.8810606e-01   5.7595816e-01   1.7223626e-01   5.9090483e-01   2.7219280e-01   5.6726468e-02  -6.3500987e-04   3.6032261e-01   7.0400924e-01
   2.7724545e+00   1.5801526e+00   1.5101598e+00   1.3994895e+00   1.4763639e+00   1.8272294e+00   9.9796368e-01   1.0367521e+00   7.8718914e-01   6.8543815e-01   8.2421842e-01   8.5108809e-01   3.5924913e-01   4.7252391e-01   6.8947343e-01   1.0170843e+00
   2.6196579e+00   1.3637431e+00   1.3833060e+00   1.5792702e+00   1.3293469e+00   6.3894376e-01   9.5241965e-01   1.3262424e+00   9.7062414e-01   8.3737320e-01   7.2291926e-01   7.5773816e-01   3.3823822e-01   4.1836930e-01   8.8344071e-01   7.0067532e-01
   2.0778553e+00   1.8418950e+00   1.4293386e+00   1.1921969e+00   1.1469060e+00   1.3788287e+00   6.8262918e-01   1.1780650e+00   8.0315366e-01   6.1514298e-01   6.1899170e-01   8.2019547e-01   4.6071282e-01   3.5491236e-01   6.5552665e-01   3.0174824e-01
   2.1051165e+00   1.4982993e+00   1.4340861e+00   1.2356233e+00   1.3285651e+00   1.4646760e+00   9.0614141e-01   6.6898063e-01   1.0306977e+00   8.6420603e-01   1.1359047e+00   8.5145904e-01   3.8934175e-01   3.4108318e-01   6.4420071e-01   3.6406911e-01
   1.9619276e+00   2.2977857e+00   1.4483351e+00   1.1646584e+00   1.3322360e+00   9.6449448e-01   1.0330828e+00   9.8282956e-01   1.1789827e+00   1.2837479e+00   1.1923926e+00   8.8063764e-01   6.5553677e-01   3.5502186e-01   6.4534821e-01   3.3896393e-01
