   2.0613927e+00   1.2616606e+00   9.4757755e-01  -4.2640594e-02   8.9295528e-02   1.6555944e-01  -2.6377208e-01  -7.0669679e-01  -1.1190296e+00  -1.0640768e+00  -1.3661974e+00  -1.3319048e+00  -1.4656115e+00  -1.3958654e+00  -1.2901689e+00  -1.2656131e+00
   2.4403124e+00   1.5828257e+00   1.1884161e+00   4.1018569e-01   5.0407067e-01  -1.6065713e-01  -4.0337951e-01  -8.5415625e-01  -1.5366697e+00  -1.8198147e+00  -1.6021998e+00  -2.0212523e+00  -1.6152774e+00  -1.7439687e+00  -1.6998485e+00  -1.6179889e+00
   2.1862216e+00   2.1617151e+00   1.5586332e+00   4.9776480e-01   1.0074179e-01   6.6425776e-02  -8.0195701e-01  -9.2366165e-01  -1.3113297e+00  -1.7517246e+00  -1.4602809e+00  -1.7428756e+00  -1.5989352e+00  -1.5578613e+00  -1.7553262e+00  -1.6379266e+00
   2.6750852e+00   2.1262188e+00   1.1792740e+00   1.1049170e-01   1.3853813e-01   1.1513734e-01  -3.3427412e-01  -1.1336680e+00  -1.4965900e+00  -1.7920863e+00  -1.7008090e+00  -1.8265622e+00  -1.9435165e+00  -1.8738772e+00  -2.0624779e+00  -1.8552127e+00
   2.9229977e+00   1.9480303e+00   1.5138840e+00   6.7195981e-01   7.7726252e-01   4.1739894e-01  -2.0365517e-01  -1.1886997e+00  -1.4253418e+00  -1.5878796e+00  -2.0413437e+00  -1.8196660e+00  -1.5883738e+00  -1.6062988e+00  -1.7356641e+00  -1.7566792e+00
   2.5546502e+00   2.1520820e+00   1.1512807e+00   6.3961750e-01   2.8067283e-01   4.1437256e-01  -5.5459121e-01  -8.3058368e-01  -1.2279575e+00  -1.2082454e+00  -1.3304682e+00  -1.3570526e+00  -1.3983155e+00  -1.3395304e+00  -1.2841285e+00  -1.2650876e+00
   2.8293851e+00   1.6680137e+00   4.6108432e-01   2.2011171e-01   6.8113108e-01   5.0785431e-01  -6.5752232e-01  -9.3004505e-01  -1.2498228e+00  -1.3655614e+00  -1.3869132e+00  -1.4797177e+00  -1.5892790e+00  -1.5761648e+00  -1.4249555e+00  -1.3921794e+00
   2.6691829e+00   1.5969697e+00   8.1081941e-01   2.5418735e-01   4.1108634e-01   2.3091363e-01  -4.4927528e-01  -8.0411635e-01  -9.6781512e-01  -1.2748377e+00  -1.2216977e+00  -1.3042723e+00  -1.2506699e+00  -1.3502183e+00  -1.2369471e+00  -1.2170855e+00
   3.6827671e+00   1.6316871e+00   6.3304072e-01   2.3675732e-01   6.8091469e-01   9.0904701e-01  -2.5852050e-01  -7.3373444e-01  -1.1687204e+00  -1.4408378e+00  -1.4320327e+00  -1.6103136e+00  -1.5687766e+00  -1.5993088e+00  -1.3467343e+00  -1.1377305e+00
   3.3310255e+00   1.4970735e+00   1.2350366e+00   5.0925641e-01   5.0346488e-01   1.9815279e-01  -2.7559930e-01  -9.2243530e-01  -1.2739379e+00  -1.3254175e+00  -1.2911343e+00  -1.2772492e+00  -1.2793922e+00  -1.2305062e+00  -1.2192821e+00  -1.1840895e+00
   2.9596214e+00   1.9343078e+00   1.2735404e+00   7.3482561e-01   7.7819512e-01   2.1442296e-01  -3.8480201e-01  -6.2859058e-01  -1.0215894e+00  -1.2940796e+00  -1.5991683e+00  -1.5959957e+00  -1.6277832e+00  -1.4855840e+00  -1.4914524e+00  -1.4550676e+00
   2.5463671e+00   1.8354039e+00   1.0525140e+00   8.9902200e-01   1.6260938e-01  -2.6400450e-03   1.5256066e-01   1.1391589e-01  -6.8428237e-01  -9.1903329e-01  -1.3092568e+00  -9.3705553e-01  -9.1161896e-01  -2.6047126e-01  -1.2068874e+00  -1.3068807e+00
   2.8753660e+00   1.8658906e+00   9.2812184e-01   5.1780722e-01   1.3479707e-01   1.8434949e-01   4.8371453e-01   9.6660945e-02  -5.6407153e-01  -1.1567129e+00  -1.3827067e+00  -1.1725700e+00  -1.1061223e+00  -7.8726089e-01  -1.4517536e+00  -1.2639748e+00
   2.3300049e+00   1.6978114e+00   6.7874648e-01   3.9371676e-01  -1.7419332e-01   4.1292609e-01   1.9426834e-01  -4.3255479e-01  -1.3442758e+00  -1.5297918e+00  -1.7551624e+00  -1.7223307e+00  -1.8194040e+00  -1.8227840e+00  -1.8362231e+00  -1.6610534e+00
   2.9226988e+00   2.1000486e+00   1.4611961e+00   3.0659091e-01   8.0313746e-01   1.8453939e-01  -1.1201974e-01  -4.0275597e-01  -5.8552291e-01  -1.5019393e+00  -1.8570637e+00  -1.8392121e+00  -1.8880077e+00  -1.7748003e+00  -1.9334021e+00  -1.6060870e+00
   2.6768656e+00   2.1132531e+00   1.8608792e+00   1.4651715e-01   4.7523797e-01  -8.9785559e-02  -2.3613877e-01  -5.7215461e-01  -7.2345828e-01  -1.3217762e+00  -1.5966828e+00  -1.5889933e+00  -1.5958640e+00  -1.6273324e+00  -1.5393918e+00  -1.4646207e+00
   2.7858453e+00   1.0968487e+00   5.4659691e-01   1.6680842e-01   7.9972828e-02  -1.1570493e-01  -7.3660343e-01  -6.5053651e-01  -1.0966198e+00  -1.4616890e+00  -1.6794058e+00  -1.7929862e+00  -1.8707061e+00  -1.6590691e+00  -1.7523713e+00  -1.4262569e+00
   2.6016075e+00   1.7050463e+00   9.6442142e-01   3.6546776e-01   5.5791631e-01   7.3139429e-02  -2.5878387e-01  -5.7690311e-01  -1.1626312e+00  -1.3769773e+00  -1.5246097e+00  -1.6612160e+00  -1.5419497e+00  -1.5806266e+00  -1.5844111e+00  -1.4038684e+00
   2.6732645e+00   1.7243912e+00   8.2269828e-01   1.1140598e-01   9.2664318e-02   1.0279583e-01  -4.5948282e-01  -7.2215591e-01  -9.9999435e-01  -1.0756217e+00  -1.4082965e+00  -1.6018856e+00  -1.5488002e+00  -1.5537034e+00  -1.5479249e+00  -1.3932894e+00
   2.6785487e+00   2.1246802e+00   8.0064654e-01   5.6985589e-01   1.3875873e-01   5.5949193e-01  -1.2195219e-01  -9.7299494e-01  -1.2874301e+00  -1.4808785e+00  -1.9816036e+00  -1.8725486e+00  -1.6585916e+00  -1.7913202e+00  -1.9221570e+00  -1.6411993e+00
   2.5934104e+00   2.2033980e+00   9.8624928e-01   5.1720606e-02   3.7085428e-01   5.3489652e-01  -1.7502234e-02  -1.0251167e+00  -1.3112448e+00  -1.2638413e+00  -1.8412766e+00  -1.7412893e+00  -1.8219192e+00  -1.7373718e+00  -1.7526729e+00  -1.5923478e+00
   2.8025961e+00   1.7466491e+00   6.7723909e-01   3.4939601e-01   3.9499741e-01   5.3811614e-01   2.6990363e-01  -6.1005194e-01  -1.0079166e+00  -1.0940824e+00  -1.2098781e+00  -1.4553185e+00  -1.4792379e+00  -1.4710970e+00  -1.4647745e+00  -1.3225946e+00
   2.9759552e+00   1.9692534e+00   9.4434603e-01   2.4633398e-01   1.1737821e-01   3.7963805e-01  -3.5430742e-01  -8.5207937e-01  -1.6457923e+00  -1.5896278e+00  -1.6843458e+00  -1.7334637e+00  -1.8400817e+00  -1.7446634e+00  -1.8739110e+00  -1.7310189e+00
   2.1533482e+00   1.5480034e+00   5.5363437e-01   1.0672943e-01  -5.1987834e-02   7.1854851e-01  -3.6269682e-01  -4.6849898e-01  -1.3329632e+00  -1.8530660e+00  -1.7646138e+00  -1.6447877e+00  -1.6293526e+00  -1.6747019e+00  -1.6091132e+00  -1.5080145e+00
   2.8005416e+00   1.1120897e+00   1.0680996e+00   5.0893724e-01   5.8751019e-01   4.1756494e-01  -1.7525394e-01  -7.9111989e-01  -1.1416515e+00  -1.5423897e+00  -1.7359719e+00  -1.8841625e+00  -1.8758620e+00  -1.7707654e+00  -1.7641704e+00  -1.5741255e+00
   2.7240954e+00   1.6192611e+00   1.3747984e+00   6.8880065e-01  -1.1652237e-02   3.0222202e-01  -6.0827677e-01  -1.1512830e+00  -1.1907464e+00  -1.4791479e+00  -1.7451849e+00  -1.7745633e+00  -1.8749597e+00  -1.4511656e+00  -1.5806793e+00  -1.3411771e+00
   2.7728816e+00   1.9755605e+00   1.2857567e+00   7.5593105e-01   6.3136062e-02   2.3626811e-01  -8.5426564e-01  -8.1709506e-01  -1.2505363e+00  -1.3347525e+00  -1.4890590e+00  -1.6416620e+00  -1.8025100e+00  -1.5681928e+00  -1.5691093e+00  -1.5558043e+00
   2.6318108e+00   2.4777804e+00   7.9572874e-01   5.6640680e-01   6.5471497e-01   5.0647952e-01  -8.6885845e-01  -9.5738404e-01  -9.3187144e-01  -1.2354662e+00  -1.2665549e+00  -1.2819668e+00  -1.4849737e+00  -1.2698384e+00  -1.1638865e+00  -1.0656126e+00
   2.8806770e+00   1.8252256e+00   9.8663336e-01   4.0557152e-01   3.9262022e-01   3.3695623e-01  -3.5948862e-01  -7.4766923e-01  -6.7380071e-01  -1.1500798e+00  -1.1912549e+00  -1.5121763e+00  -1.7379895e+00  -1.5532712e+00  -1.2928036e+00  -9.9556098e-01
   2.4475325e+00   1.9144120e+00   1.1364268e+00   5.9993927e-01   3.8468212e-01   4.7008005e-01  -5.5091700e-02  -7.9529491e-01  -1.0863310e+00  -1.4914905e+00  -1.7764374e+00  -1.6635024e+00  -1.6170792e+00  -1.4612562e+00  -1.2229357e+00  -8.2891495e-01
   2.5776546e+00   2.3976621e+00   1.4425172e+00   8.5803413e-01   4.0173865e-01   8.0695629e-01  -5.8861516e-02  -3.9262974e-01  -7.9085139e-01  -1.4211817e+00  -1.2344361e+00  -1.4583286e+00  -1.3083135e+00  -1.0402513e+00  -5.9050486e-01  -3.4471463e-01
   2.9796605e+00   1.9141611e+00   1.2362541e+00   9.5683503e-01   6.7933767e-01   1.7271466e-01  -2.1982435e-01  -6.5490831e-01  -1.0687525e+00  -1.2062471e+00  -1.2340547e+00  -1.2592931e+00  -1.1298032e+00  -7.6868212e-01  -5.9282269e-01  -3.1774352e-01
   2.9629943e+00   1.6323754e+00   9.0752705e-01   5.0348891e-01   5.2394141e-01   3.6499798e-01  -4.5625937e-01  -5.7072825e-01  -8.9936790e-01  -1.0968130e+00  -1.2268582e+00  -1.4133929e+00  -1.2793602e+00  -9.4661061e-01  -6.6606312e-01  -2.5187963e-01
   2.2003944e+00   1.0855407e+00   8.6302453e-01   1.8143594e-01   5.5939751e-01   8.1285479e-01   6.5384880e-02  -8.3006202e-01  -1.1945766e+00  -1.2997451e+00  -1.3386563e+00  -1.4311266e+00  -1.3483967e+00  -8.2265089e-01  -2.6341080e-01  -3.5179546e-01
   2.4031454e+00   2.2355037e+00   1.5721902e+00   4.9120848e-01   1.6784602e-01   1.5456374e-01  -2.1276565e-01  -5.0521402e-01  -1.4885133e+00  -1.6870247e+00  -1.3890669e+00  -1.6079249e+00  -1.5142390e+00  -9.4277709e-01  -2.7807834e-01  -2.0218674e-01
   2.0485938e+00   2.0495853e+00   1.4212058e+00   4.8898506e-01   4.3796621e-01  -7.0381930e-02  -5.1621505e-01  -8.0117010e-01  -1.2070711e+00  -1.8123530e+00  -1.7669882e+00  -1.4643442e+00  -1.4625531e+00  -9.9424382e-01  -5.2559214e-01  -1.3496589e-01
   2.3435812e+00   2.0953902e+00   1.0345047e+00   5.4675534e-01   3.8394185e-01   1.6818791e-01  -5.1925250e-01  -8.8928380e-01  -1.1412909e+00  -1.4824053e+00  -1.6391871e+00  -1.4515180e+00  -1.4369255e+00  -1.2140484e+00  -4.1500692e-01  -1.0347858e-01
   2.8902909e+00   2.3127208e+00   1.2230523e+00   8.1292588e-01   5.3502644e-01   1.5513473e-01  -4.4223339e-01  -8.2814930e-01  -1.5770746e+00  -1.4199109e+00  -1.2352896e+00  -1.5959004e+00  -1.5124195e+00  -1.1657665e+00  -2.1683020e-01   3.0708901e-01
   2.9458837e+00   2.1863174e+00   1.3646965e+00   6.7410627e-01   2.1287102e-01   5.8587867e-01  -5.1435091e-01  -9.2958320e-01  -9.2256422e-01  -1.2925161e+00  -1.2592967e+00  -1.4381137e+00  -1.4593634e+00  -1.0685699e+00  -5.3638221e-01  -1.2617904e-01
   2.9955134e+00   1.6359418e+00   9.1389231e-01   5.6803329e-01   1.2042571e-01   6.6854895e-01  -1.8089308e-01  -1.0060258e+00  -1.1864371e+00  -1.7217279e+00  -1.2400048e+00  -1.7317627e+00  -1.0709479e+00  -1.0033113e+00  -5.6650697e-01  -3.8053856e-01
   3.4202951e+00   1.5754036e+00   1.0413094e+00   5.3694890e-01  -4.6083371e-02   4.1868768e-02  -5.1256474e-01  -7.4408918e-01  -1.1001823e+00  -1.5275200e+00  -1.4874989e+00  -1.3289865e+00  -8.2107534e-01  -1.1128001e+00  -8.2928504e-01  -5.0572756e-01
   3.1695777e+00   2.0315815e+00   9.8591198e-01   3.8474692e-01   2.0676260e-01   4.6229422e-01  -4.1566139e-01  -8.0391367e-01  -1.3231536e+00  -1.4940425e+00  -1.3906015e+00  -8.7129161e-01  -6.1244810e-01  -6.3062174e-01  -6.4418288e-01  -7.4512805e-01
   2.9010148e+00   2.0390437e+00   1.0143708e+00   4.4726887e-01  -5.1058524e-02   1.5185852e-01  -2.6439948e-01  -7.2044813e-01  -1.2018653e+00  -1.2161675e+00  -1.2581189e+00  -7.4909522e-01  -3.5585827e-01  -4.0874331e-01  -4.7203864e-01  -6.4409558e-01
   2.8367188e+00   2.4673712e+00   1.4485182e+00   4.9167662e-01   4.0901578e-01   4.8716329e-01  -3.3177940e-01  -1.0077943e+00  -1.4040823e+00  -1.3260140e+00  -1.5033923e+00  -6.4549706e-01  -1.5662522e-01  -4.2770666e-01  -8.7897912e-02  -3.3437378e-01
   3.4376478e+00   1.9144097e+00   1.2172838e+00   6.3734541e-01   3.5687857e-01   7.6666070e-02  -2.7462943e-01  -1.1166605e+00  -1.4482728e+00  -1.3803313e+00  -1.5305825e+00  -6.2705810e-01   6.5970186e-02  -1.8863987e-01   3.9408722e-02  -3.2463139e-01
   2.8041235e+00   1.7224742e+00   1.0798437e+00   8.8602640e-01   8.0113029e-01   4.5167131e-01  -4.0136199e-01  -1.0024354e+00  -1.3102459e+00  -1.2673217e+00  -1.6178082e+00  -6.6803216e-01   1.7431668e-01   2.0982063e-02   1.5163059e-01  -3.2631322e-01
   2.9983248e+00   2.0777953e+00   1.3639217e+00   9.2269114e-01   1.4971818e-01   3.4627573e-01  -6.8463279e-01  -7.9204596e-01  -1.3831988e+00  -1.5376706e+00  -1.6429939e+00  -8.8761524e-01   1.3771300e-01   5.7819984e-03   2.3767367e-02  -2.7321592e-01
   3.0972370e+00   1.6817016e+00   1.1086538e+00   7.3099565e-01   2.9099137e-01   4.1863231e-01  -3.3099584e-01  -8.3508662e-01  -1.4965947e+00  -1.8270018e+00  -1.7712148e+00  -8.3524259e-01   4.1893944e-02  -2.1034432e-01  -1.5634310e-02  -2.3148455e-01
   3.1045259e+00   2.1515730e+00   1.3151816e+00   6.2471982e-01   3.0258371e-01   2.2937382e-01  -6.8714277e-01  -8.4525704e-01  -1.1684462e+00  -1.6520184e+00  -1.6546445e+00  -9.5711072e-01  -1.8829746e-01  -1.7743654e-01   1.5763108e-01  -3.6792918e-01
   2.6720696e+00   1.6887575e+00   8.9185054e-01   1.0459223e+00   4.3229920e-01   5.5998592e-01  -5.1257215e-01  -1.1053993e+00  -1.2716221e+00  -2.0368280e+00  -1.5181476e+00  -1.1038773e+00  -3.4394192e-01  -1.1627678e-01   4.4327215e-02  -4.7226750e-01
   2.7344883e+00   1.2079380e+00   4.8866298e-01   5.6232170e-01   4.1183631e-01   4.8871823e-01  -3.2701633e-01  -1.0642579e+00  -1.4767790e+00  -1.7242407e+00  -1.4394974e+00  -1.2165900e+00  -1.9168116e-01   5.9068601e-02   3.7229877e-02  -5.0074588e-01
   2.4611194e+00   1.1857037e+00   6.1084300e-01   4.0960153e-01   2.8108272e-01   4.4143433e-01  -2.2198566e-01  -1.1380881e+00  -1.4803155e+00  -1.5549119e+00  -1.5820265e+00  -9.3318729e-01   1.0758476e-01   1.2455501e-02   6.6035271e-02  -5.1644745e-01
   2.6577751e+00   2.4331783e+00   1.5909257e+00   5.3252718e-01   1.1128043e-01   2.4616015e-01   2.0114144e-01  -7.5216072e-01  -1.0749879e+00  -1.2223158e+00  -1.1772196e+00  -9.5017230e-01   1.2938462e-01   2.2961764e-02   7.8878738e-02  -6.7894044e-01
   2.7429961e+00   2.0188316e+00   1.2394552e+00   8.7976951e-01   8.1208533e-01   3.5311733e-01  -2.9322166e-02  -1.2467407e+00  -1.5310941e+00  -1.8413528e+00  -1.4827151e+00  -1.1260668e+00  -2.1519344e-01   4.4511613e-02   1.0758787e-01  -5.9673961e-01
   2.7296720e+00   1.7599781e+00   8.3568670e-01   1.1421778e+00   4.3920095e-01   2.9276795e-01  -2.7395640e-01  -7.6047370e-01  -1.6346424e+00  -1.7440157e+00  -1.4687644e+00  -1.4166992e+00  -5.0376475e-01  -1.2336887e-01  -8.3370099e-02  -5.0586976e-01
   3.0941682e+00   1.5448656e+00   6.1422256e-01   7.6677999e-01   4.1685869e-01   1.8029428e-01  -3.3215431e-01  -8.2630585e-01  -1.2275227e+00  -1.3866917e+00  -1.5682388e+00  -1.4031885e+00  -5.4993175e-01  -2.3259646e-01   1.5575704e-02  -4.8130670e-01
   2.5648199e+00   1.7565285e+00   4.3706664e-01   2.6680819e-01   3.8207541e-01   1.6910164e-01  -4.3305374e-01  -4.8161369e-01  -9.6586106e-01  -1.3768423e+00  -1.3754749e+00  -1.2781695e+00  -4.2907175e-01  -5.1083415e-01  -8.5674223e-02  -5.6962910e-01
   2.1298816e+00   1.3780960e+00   1.0534140e+00   5.3702987e-01   8.4645301e-02   1.8669792e-01  -1.1531136e-01  -8.4136186e-01  -1.4493278e+00  -1.6180942e+00  -1.3211531e+00  -1.5471862e+00  -7.1349361e-01  -6.9313143e-01  -3.8333725e-01  -7.4542082e-01
   2.5250805e+00   1.8069516e+00   7.8265390e-01   3.6019806e-01  -5.7188764e-02   2.9909942e-01  -4.3423792e-01  -7.6461248e-01  -1.4639675e+00  -1.4986873e+00  -1.9208172e+00  -1.7013632e+00  -8.9072027e-01  -7.9400853e-01  -7.2612205e-01  -1.0760372e+00
   2.6159878e+00   1.5853172e+00   9.0147631e-01   8.4731866e-01   6.8223188e-01   2.7823013e-01  -1.4827109e-01  -6.2779501e-01  -1.3934160e+00  -1.7121246e+00  -1.8571714e+00  -1.4831824e+00  -6.3701815e-01  -1.0946810e+00  -1.0579437e+00  -1.2810917e+00
   2.7019331e+00   1.9732460e+00   1.3074270e+00   2.6149266e-02  -3.1758261e-02   3.9648535e-01   1.0208546e-02  -9.1053581e-01  -1.9099973e+00  -1.7161498e+00  -1.7745728e+00  -1.4681297e+00  -1.1944953e+00  -1.4826682e+00  -1.1412242e+00  -1.3561337e+00
   2.7705826e+00   2.0941704e+00   1.4441804e+00   6.0171348e-01   3.4555148e-01   2.6516247e-01  -4.1198330e-01  -7.6572503e-01  -1.0631132e+00  -1.3013432e+00  -1.2620905e+00  -1.3010790e+00  -9.8791688e-01  -1.2515980e+00  -9.7458923e-01  -9.5782844e-01
   2.8737233e+00   1.6624983e+00   5.0536233e-01   4.7107805e-01   1.3909216e-01   2.8807106e-01   3.0183355e-02  -6.5706398e-01  -1.2435149e+00  -1.6061622e+00  -1.8856679e+00  -1.8398792e+00  -1.7685837e+00  -1.7361945e+00  -1.1670859e+00  -1.3912828e+00
   2.2648661e+00   1.4295974e+00   9.4431344e-01   8.6615984e-01   1.1351787e-01   5.3421510e-01  -3.1252223e-01  -9.1992392e-01  -1.2363343e+00  -1.3524763e+00  -1.4594447e+00  -1.5775548e+00  -1.5858609e+00  -1.4435701e+00  -1.4538508e+00  -1.5173087e+00
   3.0330969e+00   1.8657676e+00   7.2069930e-01   4.4800756e-01   1.6794044e-01   2.3920583e-01  -4.3316567e-01  -1.1134939e+00  -1.2560589e+00  -1.5292733e+00  -1.5816171e+00  -1.9335199e+00  -1.9087228e+00  -1.6705878e+00  -1.4233323e+00  -1.3322263e+00
   2.7646856e+00   1.2506412e+00   4.1725840e-01   9.4861569e-02   1.0688643e-01   1.6029845e-01  -3.7787095e-01  -1.0516766e+00  -1.2473960e+00  -1.4218098e+00  -1.4421769e+00  -1.4635321e+00  -1.6353819e+00  -1.7503981e+00  -1.5335446e+00  -1.2867574e+00
   2.9028649e+00   1.8250302e+00   8.4923885e-01   2.2590296e-01   4.2357128e-02  -1.1105266e-01  -3.2548661e-01  -8.4506441e-01  -1.3410282e+00  -1.6325344e+00  -1.8640800e+00  -1.8343192e+00  -1.8393352e+00  -1.9049146e+00  -1.7074689e+00  -1.4676768e+00
   2.7151964e+00   1.8188962e+00   1.1274240e+00   4.8888165e-01   3.3267687e-01   1.6451348e-01  -2.0896018e-01  -9.2506700e-01  -1.1367355e+00  -1.2508099e+00  -1.5627459e+00  -1.6555925e+00  -1.7342959e+00  -1.5730575e+00  -1.6272473e+00  -1.4214137e+00
   2.3006734e+00   1.3696459e+00   1.0321027e+00   3.8145904e-01   3.8319678e-01  -2.3712494e-02  -2.2915023e-01  -8.6667585e-01  -1.1878982e+00  -1.3207839e+00  -1.2847427e+00  -1.5597854e+00  -1.6987413e+00  -1.7804951e+00  -1.6829954e+00  -1.6709056e+00
   2.6122579e+00   1.8244362e+00   8.0787533e-01   6.5071248e-01   3.5142195e-01   6.8690542e-01  -5.8094721e-01  -9.2514089e-01  -1.0559100e+00  -1.6940641e+00  -1.8928627e+00  -1.8773243e+00  -1.9364071e+00  -1.8395989e+00  -1.8665715e+00  -1.8108081e+00
   2.3084911e+00   9.6794837e-01   4.6058682e-02   3.0900324e-01   2.8749560e-01  -5.8178620e-03  -3.8982226e-01  -5.7084248e-01  -1.0582279e+00  -1.6507007e+00  -1.5560771e+00  -1.6626605e+00  -1.7252570e+00  -1.7763074e+00  -1.7957149e+00  -1.6611478e+00
   2.6804364e+00   9.8870523e-01   5.3262116e-01   3.4062420e-01   2.9084149e-01   2.4046074e-01  -3.7995681e-01  -1.1579743e+00  -1.0666088e+00  -1.5649250e+00  -1.4910242e+00  -1.6145958e+00  -1.6188781e+00  -1.5822016e+00  -1.7040737e+00  -1.2954712e+00
   2.5223605e+00   1.1649291e+00   2.6081531e-01   1.4044205e-02   4.9077158e-02  -2.9085800e-01  -7.0308311e-01  -8.9928427e-01  -1.1487237e+00  -1.4504981e+00  -1.6081845e+00  -1.6293966e+00  -1.7772428e+00  -1.6496530e+00  -1.7159908e+00  -1.5168788e+00
   2.2314833e+00   1.5701038e+00   8.1287996e-01   8.5465367e-02   7.1005488e-02  -1.5732599e-01  -2.4541791e-01  -7.9814055e-01  -1.1768767e+00  -1.5112668e+00  -1.5644897e+00  -1.7374004e+00  -1.8799497e+00  -2.0896195e+00  -1.9931316e+00  -1.9181317e+00
   2.5673407e+00   1.6557125e+00   5.2503383e-01   4.1958500e-01  -9.9777833e-03   1.8519202e-04  -4.1610229e-01  -8.6046178e-01  -1.0850600e+00  -1.4312197e+00  -1.5698674e+00  -1.7566910e+00  -1.9831101e+00  -2.0877835e+00  -1.9988973e+00  -1.7230726e+00
   2.4418519e+00   1.8456606e+00   5.4727929e-01  -1.0496901e-01   9.4768531e-02   3.2812558e-01  -4.5637277e-01  -9.1588207e-01  -1.1121277e+00  -1.4641655e+00  -1.7373376e+00  -1.8583833e+00  -2.0671810e+00  -1.8492778e+00  -1.6606431e+00  -1.5507368e+00
   2.5983401e+00   2.2671056e+00   1.1173885e+00   7.1224881e-02   2.1187652e-01   3.4765898e-02  -7.4937932e-01  -1.2608926e+00  -1.5130927e+00  -1.7478855e+00  -1.7872409e+00  -1.4152991e+00  -1.6529706e+00  -1.8662023e+00  -1.7039596e+00  -1.5930592e+00
   2.1958546e+00   1.7736545e+00   1.0065620e+00   5.0974774e-01   5.5129464e-01   2.5022917e-01  -7.9205421e-01  -1.2423654e+00  -1.4266030e+00  -1.6337108e+00  -1.8997904e+00  -1.6831573e+00  -1.8136370e+00  -1.8371749e+00  -1.6386405e+00  -1.6532540e+00
   1.8606482e+00   1.7767030e+00   1.1060596e+00   4.7332632e-01   4.9863768e-02   1.7464647e-01  -3.0511238e-01  -8.8209707e-01  -1.2591592e+00  -1.4166123e+00  -1.6490286e+00  -1.6504090e+00  -1.6862939e+00  -1.6858693e+00  -1.5550239e+00  -1.4593111e+00
   2.4824478e+00   1.3856540e+00   7.1327938e-01  -9.8112996e-02   2.3969494e-01   2.4162048e-01  -5.0523270e-01  -9.0856850e-01  -1.1587051e+00  -1.4152394e+00  -1.9345478e+00  -2.1197331e+00  -1.9176690e+00  -1.7640180e+00  -1.9179437e+00  -1.8104547e+00
   2.5287875e+00   1.6589945e+00   9.3414178e-01   1.5699148e-01  -1.9576852e-01   3.3546478e-01  -5.1132236e-01  -1.1175279e+00  -1.1084857e+00  -1.6688080e+00  -1.7536441e+00  -1.9395041e+00  -2.0895271e+00  -1.9410582e+00  -1.8797427e+00  -1.7781530e+00
   2.5744040e+00   1.3744508e+00   7.2949108e-01   3.3394456e-01   2.4655866e-01   3.9648032e-01  -3.6243057e-01  -1.0017701e+00  -9.0503485e-01  -1.2785566e+00  -1.2925778e+00  -1.3900029e+00  -1.5343607e+00  -1.4691289e+00  -1.4115703e+00  -1.4055182e+00
   2.3760511e+00   1.3958343e+00   6.2746167e-01  -1.8161241e-01  -1.9609397e-01  -6.1281659e-02  -8.8661585e-01  -1.0811583e+00  -1.3384718e+00  -1.5103239e+00  -1.8054170e+00  -1.7925420e+00  -2.1002635e+00  -1.8998269e+00  -1.6458983e+00  -1.5956457e+00
   2.0802909e+00   1.0345481e+00   7.9797192e-01   9.8021647e-02  -2.3565957e-01  -2.6886757e-01  -7.3975872e-01  -5.3820597e-01  -1.0817433e+00  -1.1832169e+00  -1.6565100e+00  -2.0895111e+00  -2.4077651e+00  -1.9169675e+00  -1.6775794e+00  -1.6628987e+00
   2.1783772e+00   1.4310520e+00   9.9181963e-01   5.7674715e-01   1.2073639e-01   1.1452672e-01  -5.5643608e-02  -6.9644781e-01  -1.1073260e+00  -1.1422937e+00  -1.4705676e+00  -1.7219771e+00  -1.7844557e+00  -1.7372229e+00  -1.7557829e+00  -1.4998596e+00
   2.5199760e+00   1.3292598e+00   9.5870694e-01   5.0387934e-01  -3.5144445e-02  -1.1448972e-01  -5.9993283e-01  -9.7373721e-01  -1.0747956e+00  -1.5254439e+00  -1.5587441e+00  -1.6092387e+00  -1.6974106e+00  -1.5007997e+00  -1.8869163e+00  -1.6143558e+00
   2.5970615e+00   1.1340099e+00   6.3927393e-01  -1.6204657e-01   3.2027265e-01   3.5142294e-02  -4.6228875e-01  -1.1662506e+00  -1.1792888e+00  -1.5500298e+00  -1.5522110e+00  -1.9094333e+00  -1.9416447e+00  -1.6771284e+00  -1.8599955e+00  -1.6565518e+00
   1.9995337e+00   1.2919593e+00   5.7894917e-01   3.0887333e-01   1.7168315e-01   9.4285500e-02  -6.0210533e-01  -6.3536386e-01  -9.7867993e-01  -1.7120583e+00  -1.7392184e+00  -2.0370732e+00  -1.8416056e+00  -1.9290002e+00  -1.8622612e+00  -1.7262080e+00
   2.6179673e+00   1.3609966e+00   1.1515436e+00  -6.4314123e-01  -2.6823213e-02   5.9241309e-01  -7.9884406e-01  -9.5883305e-01  -1.4939869e+00  -1.5444785e+00  -1.5093792e+00  -1.4777768e+00  -1.4806900e+00  -1.6905529e+00  -1.6297296e+00  -1.5380434e+00
   2.8844510e+00   1.6571720e+00   5.2624476e-01   2.5519517e-01   1.8615034e-01  -3.2513381e-01  -5.5405789e-01  -1.1157574e+00  -1.3129225e+00  -1.4413540e+00  -1.7035640e+00  -2.1316845e+00  -2.0377889e+00  -1.9011779e+00  -1.8642882e+00  -1.6284582e+00
   2.1473099e+00   1.5524602e+00   5.6391181e-01   5.8645814e-01   4.2737992e-01   3.0500463e-01  -5.6788497e-01  -1.0645208e+00  -8.8477139e-01  -1.2855223e+00  -1.6142710e+00  -1.6642585e+00  -1.5215072e+00  -1.6554321e+00  -1.5559993e+00  -1.4983965e+00
