   2.9401010e+00   1.9356031e+00   1.3788800e+00   7.4253776e-01   7.7167284e-02   1.0649006e-01  -4.9131828e-01  -7.4461273e-01  -9.3851846e-01  -1.3384509e+00  -1.5640790e+00  -1.4315665e+00  -1.5311009e+00  -1.6560804e+00  -1.6371788e+00  -1.5235106e+00
   2.2826710e+00   1.3776694e+00   1.0929907e+00   6.5226894e-01   8.0786474e-02  -7.2531271e-02  -5.8371567e-01  -7.7319832e-01  -6.5852494e-01  -1.0322427e+00  -1.0195705e+00  -1.0315215e+00  -1.1934968e+00  -1.2713063e+00  -1.1961086e+00  -1.2620729e+00
   2.9685595e+00   1.1451421e+00   4.3138422e-01   7.9546652e-01   4.7645336e-01   9.6164376e-02  -6.7693973e-01  -8.3616186e-01  -8.1304413e-01  -1.0743121e+00  -1.0433648e+00  -1.1171705e+00  -1.5185848e+00  -1.7472949e+00  -1.8666091e+00  -1.7495754e+00
   3.1467866e+00   1.1992030e+00   3.7255482e-01   8.2114422e-01   2.9465799e-01  -4.3517210e-02  -6.9554662e-01  -9.4171697e-01  -1.3364565e+00  -1.6135552e+00  -1.7796689e+00  -1.7235954e+00  -1.9298932e+00  -1.8676154e+00  -1.9993533e+00  -1.8381014e+00
   2.5976498e+00   1.6771391e+00   5.1591987e-01   1.5377294e-01   2.1447230e-01   2.7315459e-01  -5.8114468e-01  -1.0316178e+00  -1.0917090e+00  -1.2655901e+00  -1.4377761e+00  -1.3566230e+00  -1.3765304e+00  -1.3942014e+00  -1.3557722e+00  -1.3050606e+00
   2.2574007e+00   1.5380667e+00   9.8493908e-01   5.4867231e-01   2.6556492e-01  -2.6397020e-01  -6.4450966e-01  -8.1724316e-01  -1.3160466e+00  -1.5093148e+00  -1.5414465e+00  -1.2748188e+00  -1.6354157e+00  -1.7347176e+00  -1.5475115e+00  -1.6528469e+00
   3.0784909e+00   1.8807804e+00   1.2657501e+00   6.8298941e-01   1.0446296e-01  -2.7953358e-01  -4.0596340e-01  -1.3372274e+00  -1.2618076e+00  -1.7263520e+00  -1.4846318e+00  -1.4468611e+00  -1.7689554e+00  -1.7560756e+00  -1.7119223e+00  -1.6498365e+00
   2.8535194e+00   1.9679130e+00   1.0371524e+00   5.3598549e-01  -2.8002889e-02   1.4642725e-01  -4.6197444e-01  -1.1157586e+00  -9.3801345e-01  -1.4669500e+00  -1.4783745e+00  -1.5367465e+00  -1.6887306e+00  -1.5922214e+00  -1.5929947e+00  -1.2783120e+00
   2.3519218e+00   1.2993189e+00   8.7791525e-01  -7.6643135e-02  -6.3194856e-02   4.4028602e-01  -5.6124171e-01  -1.1586987e+00  -1.1667030e+00  -1.3499407e+00  -1.3689558e+00  -1.3622856e+00  -1.4247926e+00  -1.3215746e+00  -1.4071581e+00  -9.6475598e-01
   2.3870956e+00   1.3857593e+00   1.0146577e+00   4.0796842e-01   1.5017811e-01   2.5478462e-01  -2.9884289e-01  -8.1970679e-01  -1.0396681e+00  -1.6967383e+00  -1.3246583e+00  -1.7532822e+00  -1.7906304e+00  -1.4108426e+00  -1.0383596e+00  -1.5784460e-01
   2.7718350e+00   1.7110580e+00   8.6901725e-01   3.3762034e-01  -1.5135395e-01   4.0803829e-01  -4.5996325e-01  -5.7799552e-01  -1.2018159e+00  -1.4412478e+00  -1.7149647e+00  -1.5385706e+00  -1.5847460e+00  -1.5854315e+00  -1.4103366e+00  -8.7834776e-01
   3.1248103e+00   1.2733137e+00   7.0571763e-01   6.0526474e-01   3.7463939e-02  -2.3298439e-01  -5.3094082e-01  -6.0003617e-01  -9.1219446e-01  -1.3506204e+00  -1.2371325e+00  -1.0418776e+00  -1.5156821e+00  -1.9449505e+00  -1.6832876e+00  -1.5384016e+00
   3.0000633e+00   1.7480438e+00   4.2620368e-01   2.8855683e-01   1.3188531e-01  -1.5291946e-01  -6.2772763e-01  -1.0198389e+00  -1.2238460e+00  -1.5709858e+00  -1.6898944e+00  -1.6974090e+00  -1.9743890e+00  -1.9741272e+00  -1.5974703e+00  -1.5533562e+00
   3.0971447e+00   1.7208213e+00   7.8935988e-01   3.8448613e-01   4.0859499e-01   2.3900434e-01  -8.0531444e-01  -1.0943231e+00  -1.1008591e+00  -1.6240702e+00  -1.7734061e+00  -1.6032006e+00  -1.9294298e+00  -1.8618529e+00  -1.7529356e+00  -1.7158918e+00
   2.9414085e+00   1.6101981e+00   7.2051990e-01   7.0352530e-01   3.6138209e-01   5.7715791e-02  -4.2487267e-01  -9.7280312e-01  -1.0515496e+00  -1.2242744e+00  -1.2785462e+00  -1.4154599e+00  -1.3632726e+00  -1.3857405e+00  -1.3693372e+00  -1.3113227e+00
   2.9540517e+00   1.7209089e+00   1.4227187e+00   5.7982339e-01   3.7569713e-01   3.2276612e-01  -7.7106596e-01  -9.0363280e-01  -1.1801572e+00  -1.3383461e+00  -1.5061050e+00  -1.7551870e+00  -1.8106384e+00  -1.6427473e+00  -1.6941793e+00  -1.6494662e+00
   2.8073709e+00   1.7603157e+00   1.1172157e+00   2.0944186e-01  -8.4145167e-02   3.6139220e-05  -4.9897772e-01  -6.8094037e-01  -1.0702278e+00  -1.2536284e+00  -1.3247052e+00  -1.2270609e+00  -1.3286109e+00  -1.3094195e+00  -1.3468312e+00  -1.1616458e+00
   2.7159576e+00   1.7009717e+00   1.2215027e+00   3.7478382e-01   2.3764906e-01  -2.6727270e-01  -8.0459367e-01  -8.8819876e-01  -7.4841189e-01  -1.7259413e+00  -1.6355603e+00  -1.3377523e+00  -1.7507888e+00  -1.8672735e+00  -1.6610538e+00  -1.5066215e+00
   2.8685273e+00   1.6854515e+00   1.2760101e+00   5.2891359e-01  -1.1041445e-01   1.8199947e-01  -5.1129905e-01  -1.3372146e+00  -1.4041474e+00  -1.8023046e+00  -1.8424862e+00  -1.8524082e+00  -1.8295431e+00  -1.9271231e+00  -1.6677490e+00  -1.4554467e+00
   2.8073418e+00   1.7057444e+00   7.4171704e-01   3.2860661e-01  -1.4247583e-01   1.4276771e-01  -6.0129589e-01  -1.2452114e+00  -1.3831498e+00  -1.5489641e+00  -1.7403543e+00  -1.7313091e+00  -1.7629224e+00  -1.6864541e+00  -1.2649895e+00  -8.2968569e-01
   2.3340275e+00   1.0808658e+00   4.4468241e-01   3.8404424e-01   8.1362966e-02   2.9199840e-02  -2.8834313e-01  -9.2612636e-01  -1.3833419e+00  -1.5396361e+00  -1.7760407e+00  -1.7618517e+00  -1.6495139e+00  -1.7653625e+00  -1.3137603e+00  -1.0707804e+00
   2.1413177e+00   9.8321367e-01   4.4878204e-01   3.6045448e-01   1.4300710e-01   1.6514569e-01  -2.2321882e-01  -8.9772101e-01  -1.2558207e+00  -1.6503204e+00  -1.5932033e+00  -1.9384194e+00  -1.7842683e+00  -1.9597317e+00  -1.9439331e+00  -1.4919663e+00
   1.9011287e+00   9.3877773e-01   6.0731645e-01   6.3029734e-01   3.8146465e-01   1.6345262e-01  -5.2449285e-01  -1.3049584e+00  -1.6656155e+00  -1.6794319e+00  -1.5458282e+00  -1.8652793e+00  -1.3974310e+00  -1.7500334e+00  -1.6248132e+00  -1.4003397e+00
   2.4223236e+00   1.6426907e+00   1.0372281e+00  -3.7723979e-01   2.6221179e-01   1.0660071e+00   4.6502833e-01  -6.4176884e-01  -4.0461930e-01  -4.7330455e-01  -7.2835469e-01  -1.4029212e+00  -1.0382772e+00  -9.3808969e-01  -9.7187736e-01  -1.2224070e+00
   3.1467861e+00   1.5354364e+00   1.3348727e+00   2.1637491e-01   5.7356101e-02   7.2665646e-01   3.4732333e-03  -9.0324370e-01  -7.7827302e-01  -1.0672224e+00  -1.5247469e+00  -1.7734120e+00  -1.7592118e+00  -1.7989438e+00  -1.5792943e+00  -1.5384649e+00
   3.1778484e+00   1.2124462e+00   9.2996175e-01   4.8230919e-01   2.8156770e-01   1.8793586e-01  -7.4634535e-01  -1.0244402e+00  -9.9986640e-01  -1.4636943e+00  -1.9296792e+00  -1.7325942e+00  -1.9219210e+00  -1.7596310e+00  -1.7292810e+00  -1.6831909e+00
   2.2239715e+00   1.8501785e+00   1.2351090e+00   6.2466435e-01   1.4029854e-01  -5.9801405e-02  -6.4646429e-01  -1.5208796e+00  -1.7036090e+00  -1.4514462e+00  -1.7182777e+00  -1.4384043e+00  -1.9033431e+00  -1.6779517e+00  -1.4850300e+00  -1.4688499e+00
   1.7378471e+00   9.7823795e-01   6.3829621e-01   6.2236841e-01   4.0852519e-01   2.1564824e-01  -1.1419854e-01  -6.5633095e-01  -1.1136375e+00  -1.4241409e+00  -1.7417726e+00  -1.6268261e+00  -1.7662846e+00  -1.7998453e+00  -1.9370430e+00  -1.6982511e+00
   1.4210895e+00   1.0830622e+00   6.0719107e-01  -5.2767981e-02   2.7052966e-01   1.0175242e-01  -4.4453286e-01  -6.3976097e-01  -1.1856414e+00  -1.0994897e+00  -1.4103803e+00  -1.6007492e+00  -1.5052422e+00  -1.5397185e+00  -1.6283682e+00  -1.4110813e+00
   2.7032726e+00   1.6096365e+00   8.9722380e-01   2.2043672e-01   3.3550922e-01  -1.5196265e-01  -7.9839752e-01  -1.1746758e+00  -1.5334979e+00  -1.2595092e+00  -1.2782768e+00  -1.7611532e+00  -1.8574258e+00  -1.8986970e+00  -1.8506128e+00  -1.6955551e+00
   2.8438399e+00   2.0390715e+00   1.2587433e+00   6.7330070e-01   2.5877306e-01  -3.6189107e-02  -1.3933759e-01  -3.5798370e-01  -6.3990081e-01  -1.0161986e+00  -1.6065718e+00  -1.6196387e+00  -1.5729377e+00  -1.8208032e+00  -1.8449586e+00  -1.5513614e+00
   3.2267302e+00   2.2586002e+00   1.7567627e+00   8.8584892e-01   4.4529900e-01   5.2590667e-01   4.6131216e-01  -2.7411238e-01  -2.9655964e-01  -8.2043248e-01  -1.4389964e+00  -1.5984833e+00  -1.3721965e+00  -1.1273430e+00  -1.1990405e+00  -1.2628911e+00
   3.4198418e+00   1.8245305e+00   1.1600494e+00   5.2143803e-01   2.2996878e-01   5.2856187e-01   2.1615113e-01  -3.3425681e-01  -5.4685464e-01  -7.4426953e-01  -6.4336774e-01  -9.2563856e-01  -8.3108131e-01  -2.5272816e-01  -1.5967032e-01  -4.2178867e-01
   3.2605505e+00   1.8062229e+00   1.0143263e+00   5.3902275e-01  -4.9580248e-01   2.8028439e-01  -1.4834725e-01  -5.7388074e-01  -8.8054992e-01  -1.1013513e+00  -9.9041431e-01  -1.4203434e+00  -9.4663540e-01  -1.9949565e-02   5.9045278e-01   1.7620460e-01
   2.8593770e+00   1.8461291e+00   8.2166647e-01   7.6047709e-01  -7.9779661e-02  -5.5511600e-02  -1.8055147e-02  -3.9449340e-01  -5.7144611e-01  -5.5078674e-01  -4.2651044e-01  -5.2150210e-01  -2.3703615e-01   3.0655092e-01   7.7472337e-01   7.1001734e-01
   3.6311760e+00   1.8785915e+00   8.1043848e-01   5.9543150e-01   5.1118346e-03  -5.0829966e-01  -5.2519895e-01  -5.5003894e-01  -1.1427292e+00  -1.4457002e+00  -7.2518221e-01  -6.6929695e-01  -1.3455793e-01   7.0041329e-01   1.1588667e+00   9.9274614e-01
   2.8729541e+00   1.1676774e+00   4.9644694e-01   6.2130327e-02   1.2749537e-01   2.5153694e-01  -3.8277956e-01  -8.8780469e-01  -1.0269270e+00  -9.4805966e-01  -5.6676904e-01  -3.1564500e-01   1.4767274e-01   8.7095365e-01   1.1559058e+00   8.5845737e-01
   2.1017467e+00   1.7637303e+00   5.2696678e-01   1.4187166e-02  -2.1022901e-01   5.9682586e-02  -4.2165776e-01  -6.9819195e-01  -1.1790497e+00  -1.0446269e+00  -6.8426002e-01  -1.7672092e-01   2.7013649e-01   9.0366191e-01   9.3994546e-01   8.7409474e-01
   2.2019392e+00   1.5354673e+00   8.3920379e-01  -1.6341967e-02   1.7749862e-01   3.5243906e-01  -8.3589986e-01  -1.0270120e+00  -1.2811476e+00  -1.3199610e+00  -8.6351902e-01  -2.5649481e-01   4.2387736e-01   7.1392814e-01   6.0400659e-01   7.9148266e-01
   2.9281235e+00   5.3923900e-01  -1.5642107e-01   2.1294394e-01   8.3542611e-02  -9.5099249e-03  -8.5625750e-01  -1.3271167e+00  -1.1842348e+00  -1.4242752e+00  -1.2458895e+00  -1.5587874e-01   5.2362800e-01   8.0981999e-01   9.1473190e-01   7.6554686e-01
   3.0573609e+00   1.2045209e+00   2.3140870e-01   5.6989673e-02   3.9001680e-01   2.9142389e-01  -6.4474428e-01  -1.4149362e+00  -1.3819828e+00  -1.2434409e+00  -1.0262390e+00  -3.9397569e-01   3.8907474e-01   5.2557001e-01   7.0413790e-01   5.6791104e-01
   3.1322120e+00   1.1972520e+00   3.4988203e-01   2.3644383e-01   1.7626873e-01  -1.6434314e-01  -2.8678343e-01  -7.8509568e-01  -9.8081119e-01  -1.0820067e+00  -1.2220528e+00  -9.5537268e-01  -2.4039306e-01   4.4953522e-01   3.6009517e-01  -6.1452165e-02
   2.9934739e+00   1.9678893e+00   8.7079799e-01   4.5197063e-01   4.7678170e-02  -7.5550752e-02  -7.0351643e-01  -1.0311170e+00  -1.4515813e+00  -1.4638949e+00  -1.5831544e+00  -1.4302370e+00  -9.1754404e-01  -1.7888301e-02  -1.1980582e-01  -7.9632497e-01
   2.3912221e+00   1.8207531e+00   6.6500081e-01   7.8733114e-01  -2.9051046e-02   8.5979042e-02  -6.4638035e-01  -1.1476071e+00  -1.2108031e+00  -1.4850632e+00  -1.5854858e+00  -1.1311267e+00  -1.4235384e-01   1.7193511e-01   3.7244793e-01  -4.3084323e-01
   1.9116694e+00   1.9070315e+00   1.1018556e+00   5.6996980e-01  -1.0439249e-02  -1.2893763e-01  -7.5989756e-01  -1.2691706e+00  -1.1788999e+00  -1.6316308e+00  -1.4075877e+00  -7.5495034e-01   5.8329476e-01   5.9664224e-01   7.2234727e-01  -2.1637913e-01
   2.2799073e+00   1.9474097e+00   9.0007768e-01   3.5689793e-01  -2.8164949e-01  -5.9423720e-01  -6.6288679e-01  -9.6968509e-01  -1.1357459e+00  -1.1278848e+00  -1.4484121e+00  -6.3822165e-01   9.5183211e-01   9.0138570e-01   9.9489555e-01  -2.6316950e-02
   2.2481893e+00   2.2581001e+00   1.0495609e+00   5.6381021e-01  -3.2093347e-03  -2.2341327e-01  -4.9691214e-01  -1.0042272e+00  -8.6127593e-01  -1.3515919e+00  -1.3397765e+00  -5.2434015e-01   8.9708677e-01   9.6958325e-01   1.0247939e+00  -1.1721640e-01
   1.7205728e+00   1.9569549e+00   1.2193781e+00   9.4760037e-01   3.4514633e-01  -3.1484927e-01  -3.0580623e-01  -6.0753999e-01  -8.3335660e-01  -1.5352952e+00  -1.7052979e+00  -7.0906190e-01   7.5185494e-01   7.8998684e-01   8.1635710e-01  -3.8336563e-01
   2.6773950e+00   2.3760277e+00   1.5887734e+00   7.7869932e-01   2.4325655e-01   6.5085075e-03  -2.3028747e-01  -5.1543651e-01  -1.1951532e+00  -1.0882654e+00  -1.2882981e+00  -6.8849124e-01   6.9139190e-01   8.3757006e-01   8.2984137e-01  -5.2666584e-01
   2.5043240e+00   2.2915590e+00   1.4051637e+00   1.8185475e-01  -5.4798229e-01   1.3274282e-01  -3.9177603e-02  -3.9460950e-01  -1.1405473e+00  -1.2773553e+00  -1.4559536e+00  -6.1584040e-01   7.3797645e-01   7.7361875e-01   8.5222444e-01  -4.1418367e-01
   2.5183057e+00   1.6953288e+00   9.5076727e-01   4.4888392e-01  -4.7072151e-02  -7.2225783e-03  -5.1644755e-01  -6.1692838e-01  -8.2981961e-01  -6.7557015e-01  -1.1623830e+00  -2.2539038e-01   1.0452633e+00   9.4151330e-01   9.2958677e-01  -2.6456872e-01
   2.6681365e+00   1.8918396e+00   1.0064687e+00   6.7059963e-01   5.8132793e-01   1.7568821e-01  -2.9305250e-01  -3.7779048e-01  -6.9389236e-01  -7.9517008e-01  -9.9356010e-01  -4.4672609e-01   6.9539545e-01   7.6401733e-01   7.7252530e-01  -3.2975620e-01
   3.2390339e+00   2.0426207e+00   5.3253746e-01   8.6902389e-01   1.8452632e-01   3.9565225e-01  -5.3573917e-01  -1.0338436e+00  -9.2284797e-01  -1.4030138e+00  -1.6243896e+00  -1.0590574e+00   5.1109238e-01   6.9547685e-01   7.5099332e-01  -4.4672298e-01
   3.3484383e+00   2.2217810e+00   4.8045791e-01   6.2572863e-01   2.5198065e-01  -2.3610512e-01  -4.3536410e-01  -5.5526227e-01  -1.0467662e+00  -1.3194771e+00  -1.0922951e+00  -6.0519618e-01   5.8695843e-01   5.4991052e-01   6.7397303e-01  -1.3390271e-01
   2.6905095e+00   1.6786939e+00   3.3582163e-01   4.5493051e-01   2.6412817e-01   8.0750824e-02  -3.6417561e-01  -5.1754748e-01  -8.4666644e-01  -8.8968696e-01  -8.6552554e-01  -3.2439486e-01   6.8039529e-01   6.7305611e-01   8.2562908e-01  -1.1830849e-01
   2.3110648e+00   2.0592265e+00   1.0770079e+00   6.6838743e-01   4.8013898e-02  -3.0175632e-01  -4.1501777e-01  -5.6073064e-01  -9.6744849e-01  -1.2727588e+00  -1.2630973e+00  -5.1295698e-01   4.2619341e-01   4.6084273e-01   6.9695847e-01  -2.1205910e-01
   2.7442476e+00   1.7336368e+00   1.1152414e+00   5.2231911e-01  -1.9903888e-02  -2.9479124e-01  -7.0755455e-01  -1.2718473e+00  -1.3065827e+00  -1.2745211e+00  -1.4283106e+00  -7.7512188e-01   2.7499115e-01   3.6669519e-01   5.4422955e-01  -4.6915723e-01
   2.7741308e+00   1.4529061e+00   8.0871189e-01   6.2253798e-01   5.4594358e-01  -2.6420393e-01  -6.3419190e-01  -7.5870613e-01  -1.0747525e+00  -1.1574753e+00  -1.3660108e+00  -9.4739729e-01   1.1778584e-01   2.0604385e-01   4.4525944e-01  -4.8379693e-01
   2.1434863e+00   1.4184214e+00   5.6878007e-01   2.0891476e-01  -4.9884012e-02  -7.1781854e-02  -6.4572242e-01  -8.6200721e-01  -1.0837050e+00  -1.3543289e+00  -1.5599130e+00  -1.3686560e+00  -1.1769388e-01  -2.4549466e-02  -2.0207352e-02  -8.1260502e-01
   1.8681718e+00   1.3660976e+00   3.4673594e-01  -2.5606349e-01  -2.7100800e-01   3.5050766e-01  -4.0863473e-01  -1.1814102e+00  -1.0255420e+00  -1.1485104e+00  -1.6389737e+00  -1.2869779e+00  -9.7589158e-02  -3.0161338e-01  -9.7586953e-02  -7.9296952e-01
   1.8882091e+00   1.0235026e+00   9.3717129e-01   2.7599437e-01  -5.8287139e-02  -4.8464009e-02  -3.2264344e-01  -8.5103953e-01  -8.1595300e-01  -1.3602120e+00  -1.5099365e+00  -1.1683381e+00  -1.7658032e-01  -4.2544783e-01  -3.0441315e-01  -8.5215327e-01
   1.3306829e+00   1.5999508e+00   9.4796534e-01   6.5034346e-01  -3.8376118e-02   2.1437550e-01  -6.8560859e-01  -1.1872141e+00  -1.2150291e+00  -1.5869348e+00  -1.5041979e+00  -1.0395589e+00  -2.4424518e-01  -3.1910363e-01  -5.2073272e-02  -6.6235881e-01
   2.3166833e+00   1.7459956e+00   8.6855750e-01   9.3203005e-01   4.2408004e-02   3.1976060e-03  -6.4619774e-01  -9.9204410e-01  -1.1577053e+00  -1.7487370e+00  -1.5850966e+00  -1.2851798e+00  -6.2722609e-01  -6.7875134e-01   5.1504904e-03  -4.6179279e-01
   2.2758606e+00   1.1181634e+00   6.4231832e-01   1.0850655e+00   1.3902913e-01   3.4972168e-01  -5.1140929e-01  -1.0162097e+00  -1.4686337e+00  -1.9666586e+00  -1.4515171e+00  -1.4064785e+00  -7.3669767e-01  -6.5309071e-01  -2.6711836e-01  -6.2688424e-01
   2.7337315e+00   1.5412371e+00   8.2922682e-01   1.2305713e+00  -4.0042181e-02   1.9515207e-01  -2.1687977e-02  -8.4321455e-01  -1.0211103e+00  -1.4187142e+00  -1.6088176e+00  -1.4787718e+00  -1.3233738e+00  -1.3089580e+00  -5.2136466e-01  -8.5848269e-01
   2.3545256e+00   1.3096835e+00   6.7305986e-01   1.0037130e+00   2.8627334e-01   6.8542263e-02  -5.0649449e-01  -1.0718807e+00  -1.1390935e+00  -1.1642343e+00  -1.4947287e+00  -1.4773040e+00  -1.3435114e+00  -1.1434500e+00  -9.1394205e-01  -1.2963621e+00
   2.3155703e+00   1.2052710e+00   3.3424600e-01   2.7897956e-01   3.0470593e-01   1.3025240e-01  -2.2843534e-01  -8.1178125e-01  -1.0137964e+00  -1.3015691e+00  -1.4348338e+00  -1.4047730e+00  -1.6091704e+00  -1.3728537e+00  -1.6030046e+00  -1.8704464e+00
   2.2876088e+00   1.7502455e+00   8.1359056e-01   4.1856734e-01   3.0848307e-01   1.7797946e-01  -2.7481673e-01  -7.3279261e-01  -9.4808161e-01  -1.1847021e+00  -1.4697740e+00  -1.7331400e+00  -1.6970645e+00  -1.5684881e+00  -1.4827561e+00  -1.6015339e+00
   2.3571349e+00   1.5034862e+00   5.1328766e-01   4.5539241e-01   4.6981222e-01   7.0594331e-02  -5.3343651e-01  -8.1442486e-01  -1.3373271e+00  -1.6156288e+00  -1.9462193e+00  -1.6600905e+00  -1.9644628e+00  -1.6512738e+00  -1.6180180e+00  -1.7308106e+00
   2.7801599e+00   2.1000521e+00   9.9706209e-01   2.7217293e-01   6.4802289e-01   9.6048213e-02  -5.5244054e-01  -8.3553681e-01  -1.0207888e+00  -1.0206472e+00  -1.5877363e+00  -1.8739741e+00  -1.8529639e+00  -1.6772387e+00  -1.8457110e+00  -1.5718528e+00
   2.7582268e+00   1.7761814e+00   1.0243753e+00   8.9712564e-02   6.4376677e-01   4.8573983e-01  -9.1908901e-01  -7.5170783e-01  -1.2263793e+00  -1.1401724e+00  -1.4040440e+00  -1.6148507e+00  -1.7113521e+00  -1.6737313e+00  -1.7058466e+00  -1.5208545e+00
   2.6281411e+00   1.8494364e+00   8.5192765e-01   1.3656247e-01  -1.6351418e-01   8.9416163e-02  -2.2858883e-01  -5.8345428e-01  -1.1315802e+00  -1.5322360e+00  -1.6253112e+00  -1.8310444e+00  -1.9990723e+00  -1.9116676e+00  -1.7164344e+00  -1.5327547e+00
   2.9577682e+00   1.6416273e+00   7.5489619e-01   3.1646057e-01   2.8146488e-01   4.0509665e-02  -6.7117658e-01  -9.0105048e-01  -1.1446994e+00  -1.3119941e+00  -1.4851441e+00  -1.4461756e+00  -1.6389598e+00  -1.7349968e+00  -1.6958889e+00  -1.6069418e+00
   2.6756740e+00   1.6895789e+00   8.4494413e-01   6.9159670e-01   5.8147723e-01   1.7268077e-01  -2.2971557e-01  -8.0444867e-01  -1.4858223e+00  -1.4085453e+00  -1.6240859e+00  -1.5207038e+00  -1.9732357e+00  -1.6822960e+00  -1.6689272e+00  -1.4666449e+00
   2.8735216e+00   1.5116862e+00   6.2585343e-01   9.0314198e-01   1.4160248e-01  -9.2721435e-03  -6.2198494e-01  -8.0505605e-01  -1.1485422e+00  -1.4269713e+00  -1.8278349e+00  -1.6517565e+00  -1.7038334e+00  -1.8517651e+00  -1.6202485e+00  -1.6778559e+00
   2.1700089e+00   1.5346947e+00   6.6119402e-01   1.1517017e+00   3.4158932e-01   5.3018558e-01  -2.3613247e-01  -8.8297687e-01  -7.9672308e-01  -1.4333236e+00  -1.7548000e+00  -2.0176402e+00  -1.9144142e+00  -1.5733498e+00  -1.8156830e+00  -1.8710944e+00
   2.4836760e+00   1.4052522e+00   6.8874959e-01   2.0898894e-01   2.2988092e-01  -8.5744612e-02  -7.5068007e-01  -1.0101176e+00  -1.1267374e+00  -1.4939822e+00  -1.8839418e+00  -2.0199394e+00  -1.9741193e+00  -1.8235252e+00  -1.7304071e+00  -1.5365436e+00
   2.6366840e+00   1.2484880e+00   8.2593003e-01   3.5562412e-01   3.6011007e-01   4.1362305e-01  -6.2905894e-01  -1.0246559e+00  -1.2482972e+00  -1.2548384e+00  -1.3992708e+00  -1.4852538e+00  -1.6457074e+00  -1.6248242e+00  -1.4131918e+00  -1.3176017e+00
   2.8774503e+00   1.7745230e+00   8.8132552e-01   3.5685611e-01   6.1823532e-01   5.5302578e-01  -4.8916111e-01  -1.0473320e+00  -6.7694330e-01  -1.1867637e+00  -9.5575563e-01  -9.1546200e-01  -1.3239880e+00  -1.9445700e+00  -1.8203805e+00  -1.5983610e+00
   2.4758182e+00   1.5129443e+00   9.7000423e-01   1.8137949e-01   5.9217917e-01  -3.5446641e-03  -4.0102471e-01  -1.0438412e+00  -1.3710721e+00  -1.4346023e+00  -1.4123125e+00  -1.4267468e+00  -1.5522939e+00  -1.5700306e+00  -1.5647206e+00  -1.3800953e+00
   2.1985778e+00   1.6454607e+00   8.4112014e-01   6.3007736e-01   8.8879877e-02   2.2536723e-01  -3.7862824e-01  -1.3865165e+00  -1.3892720e+00  -1.6242208e+00  -1.7712877e+00  -1.6989397e+00  -1.8361806e+00  -1.9439762e+00  -1.7403916e+00  -1.4916071e+00
   2.4875582e+00   1.5570178e+00   6.2204589e-01   2.2386512e-01   3.6080808e-01   4.5766924e-01  -7.1806884e-01  -8.9946213e-01  -1.5936787e+00  -1.7090828e+00  -1.7014944e+00  -1.4217806e+00  -2.1247781e+00  -1.9109569e+00  -2.0324209e+00  -1.8929126e+00
   2.1165370e+00   1.1372825e+00   8.6250173e-01   2.9783507e-01   4.5265852e-01  -5.0025514e-02  -1.6916096e-01  -5.6905245e-01  -1.1313293e+00  -1.4651474e+00  -1.7234851e+00  -1.8125804e+00  -1.5679658e+00  -1.7913906e+00  -1.8535127e+00  -1.6337248e+00
   1.9240496e+00   1.0014331e+00   1.6567435e-03   2.0591819e-01   2.0797575e-01   1.9893757e-02  -3.8652933e-01  -9.5398683e-01  -9.4980501e-01  -1.4264136e+00  -1.4645394e+00  -1.8853812e+00  -1.5689848e+00  -1.7058472e+00  -1.8833997e+00  -1.6372821e+00
   1.7136007e+00   1.3275027e+00   3.8394845e-01   3.7264588e-01   2.2038993e-01   4.0605054e-01  -2.2404034e-01  -9.1939571e-01  -1.2385944e+00  -1.5539893e+00  -1.6303013e+00  -1.5576999e+00  -1.6155586e+00  -1.8669030e+00  -1.8537798e+00  -1.7014503e+00
   1.6915795e+00   1.6320321e+00   4.5031896e-01   6.8777656e-01   3.0614057e-01   1.2487914e-02  -5.0988592e-01  -9.8494065e-01  -1.3426524e+00  -1.3332645e+00  -1.2935762e+00  -1.8853778e+00  -1.7580173e+00  -1.7556972e+00  -1.5953624e+00  -1.5078308e+00
   1.7111502e+00   1.1775293e+00   4.0299051e-01   4.5114617e-01   5.4699245e-01   3.8342696e-02  -5.1480485e-01  -7.4766465e-01  -1.0462992e+00  -1.3702836e+00  -1.3691873e+00  -1.7226925e+00  -1.6200187e+00  -1.6005913e+00  -1.5693771e+00  -1.4924909e+00
   2.3331766e+00   8.6211298e-01   7.1761890e-01   2.9787431e-01   3.0619074e-01   2.7831367e-01  -6.7837164e-01  -1.0886588e+00  -1.1725414e+00  -1.6424356e+00  -1.5721883e+00  -1.7046380e+00  -1.6187309e+00  -1.6074521e+00  -1.6724823e+00  -1.6562724e+00
   2.7645318e+00   7.6389885e-01   2.8589672e-01   5.5558466e-01   9.4604755e-02   1.3503454e-01  -3.5218456e-01  -5.7149263e-01  -9.7333219e-01  -1.5140110e+00  -1.7685447e+00  -1.6431169e+00  -1.7890020e+00  -1.8923852e+00  -1.4724438e+00  -1.5701373e+00
   2.6836559e+00   1.0116137e+00   1.9572336e-02   2.9351099e-01   2.5859819e-01   2.0998149e-01  -4.6775142e-01  -7.4052578e-01  -9.2934514e-01  -1.1910759e+00  -1.6145394e+00  -1.4898910e+00  -2.0267392e+00  -2.0802968e+00  -1.8800238e+00  -1.6029630e+00
   2.4933688e+00   1.4129988e+00   4.1605278e-01   2.4697143e-01   2.0827507e-01   1.4640721e-01  -2.1492816e-01  -8.2745857e-01  -1.1119081e+00  -1.3036373e+00  -1.7249616e+00  -1.8369170e+00  -1.8806421e+00  -1.8156781e+00  -1.7746345e+00  -1.5497609e+00
   3.0447504e+00   1.9569872e+00   7.5839728e-01   4.0255184e-01   3.8257392e-01   2.7944766e-01  -4.0768758e-01  -1.0371671e+00  -1.3705275e+00  -1.6074193e+00  -1.8405684e+00  -1.6572252e+00  -1.8269043e+00  -1.7448673e+00  -1.5260564e+00  -1.4765418e+00
   2.7287017e+00   1.7788456e+00   4.7873978e-01  -1.0457343e-01  -1.2931015e-01  -4.7663565e-01  -7.4649441e-01  -1.0646290e+00  -1.5348715e+00  -1.7672769e+00  -1.6635359e+00  -1.6712726e+00  -1.5797383e+00  -1.5273770e+00  -1.4513135e+00  -1.4933802e+00
