   3.0589038e+00   1.6315771e+00   1.0384505e+00   7.5049715e-01   9.7692699e-01   4.8902680e-01   1.5439362e-01  -9.0896969e-02  -8.2130465e-02  -3.0553312e-01  -4.9246154e-01  -2.7053831e-01  -7.8326692e-01  -1.1851127e+00  -1.4302093e+00  -1.5349559e+00
   3.1856730e+00   2.1521157e+00   1.5262999e+00   8.1788433e-01   8.7977875e-01   7.0899001e-01   3.2651866e-01   1.8103506e-01   3.2463115e-02  -4.7365221e-01  -4.0696905e-01  -5.0762269e-01  -7.4755745e-01  -1.1215226e+00  -1.1991477e+00  -1.4322715e+00
   3.1803935e+00   2.0671349e+00   1.1989154e+00   9.0834657e-01   1.0734111e+00   7.5987656e-01   4.2244670e-01   3.1373469e-01  -2.8908476e-01  -2.7114326e-01  -4.7484831e-01  -3.1713295e-01  -5.2296341e-01  -8.1864228e-01  -1.1999005e+00  -1.5116065e+00
   2.8008525e+00   2.3202175e+00   1.2751548e+00   1.3423847e+00   1.0892567e+00   3.3566597e-01   2.5161967e-01   1.2210923e-01   7.4587192e-02  -3.2293130e-02  -2.0647362e-01   9.0397616e-03  -6.2409002e-01  -9.6528317e-01  -1.0322721e+00  -1.4250679e+00
   2.3831126e+00   1.7362196e+00   1.0379741e+00   7.0856207e-01   9.6419075e-01   9.9090127e-01   1.3818074e-01  -1.8821099e-02  -2.8836473e-01  -1.2349562e-01  -2.4787290e-01   2.5132433e-02  -4.4114594e-01  -9.3119508e-01  -1.0560738e+00  -1.0997553e+00
   2.7286659e+00   2.0562929e+00   1.3961747e+00   6.8482975e-01   1.2282990e+00   7.4085213e-01   5.7751714e-01   2.8927280e-01   2.6442414e-01  -1.0009349e-01  -4.1142190e-01  -2.2357727e-01  -2.9320883e-01  -6.3818597e-01  -8.6299896e-01  -1.2008633e+00
   2.4820402e+00   2.0456539e+00   1.6323723e+00   1.1658395e+00   7.7984384e-01   9.0654375e-01   6.1118499e-01   1.8091513e-01  -6.2162580e-02  -2.1886907e-01  -3.3676042e-01  -4.6937616e-02  -2.3991613e-01  -9.3653737e-01  -1.3196553e+00  -1.4433068e+00
   2.5346450e+00   2.0885316e+00   1.5411532e+00   1.3167924e+00   1.0999180e+00   3.3529791e-01   5.3472360e-01  -1.2183888e-01  -1.1353639e-01  -6.1111041e-01  -4.4127043e-01  -2.9003828e-01  -3.3519429e-01  -8.8105617e-01  -1.2442310e+00  -1.4477887e+00
   1.7102690e+00   1.5525105e+00   1.2168021e+00   1.0395498e+00   6.6627796e-01   2.3850928e-01  -2.3018699e-01   1.4504129e-01  -3.6767626e-02  -6.6694166e-01  -6.8146303e-03  -6.1193735e-02  -4.3967778e-01  -7.3109232e-01  -8.9777056e-01  -1.2003952e+00
   2.5278233e+00   1.3213997e+00   1.4300728e+00   8.8752086e-01   5.0294627e-01   5.1991474e-01  -2.0613384e-02  -5.7990695e-02  -1.5537599e-01  -3.1775709e-01  -3.3816213e-01  -3.4026268e-01  -6.0397896e-01  -8.4530280e-01  -1.0382174e+00  -1.1558792e+00
   3.0871095e+00   1.8873184e+00   1.2976496e+00   8.4082316e-01   9.0004006e-01   3.0143527e-01  -4.8198368e-02   1.6640293e-01   5.5932835e-02  -9.6570162e-02  -1.7704159e-01  -2.0891469e-01  -5.2631698e-01  -1.0089384e+00  -1.0401631e+00  -1.3330928e+00
   2.2816598e+00   1.6610475e+00   1.0460771e+00   5.2539935e-01   1.2992029e+00   6.5816446e-01   2.1363323e-01  -1.5045824e-02  -1.2422253e-01  -1.3469981e-01   2.6483458e-01  -3.0535393e-02  -2.2361727e-01  -1.0672533e+00  -9.5369254e-01  -1.3650458e+00
   2.0521725e+00   2.0627143e+00   1.1158530e+00   1.1319760e+00   7.6931390e-01   5.6902274e-01   9.3327706e-02  -1.0648252e-01  -2.1253245e-01  -2.2957744e-01   6.5505633e-03  -2.8411244e-01  -5.5506263e-01  -1.0869548e+00  -1.3042768e+00  -1.6474467e+00
   2.7648613e+00   2.2963794e+00   1.3842389e+00   1.2058119e+00   7.5107884e-01   7.9646003e-01  -7.4798600e-02  -5.6731954e-02   1.0803762e-01  -2.0670114e-01  -3.0647569e-01  -9.0606809e-02  -4.8192421e-01  -8.4575039e-01  -1.0930713e+00  -1.3421815e+00
   2.5617889e+00   2.3355135e+00   9.7274712e-01   1.1706627e+00   7.5624814e-01   2.9716358e-01   2.3694027e-01  -1.6888626e-01   2.3371726e-01  -3.5255429e-01  -4.8137150e-01  -3.4539572e-01  -7.4981992e-01  -7.6340059e-01  -1.0054516e+00  -1.3834387e+00
   2.5103735e+00   2.0914636e+00   9.9896124e-01   8.0598292e-01   6.6428929e-01   6.1714703e-01   1.0607231e-01  -8.5138634e-02  -1.0546992e-01  -3.0894840e-01  -5.1573449e-01  -2.9837414e-01  -5.0984653e-01  -1.2001361e+00  -1.5358810e+00  -1.5053357e+00
   2.4467461e+00   1.9087728e+00   1.4130209e+00   1.4565479e+00   1.1684090e+00   6.2688830e-01  -2.8508217e-02  -8.4567197e-02  -7.5968525e-02  -4.4676188e-01  -3.4147020e-01  -3.2551666e-01  -4.6292526e-01  -9.7797543e-01  -1.5135337e+00  -1.3644838e+00
   2.3811529e+00   2.3431817e+00   1.1854502e+00   6.0316528e-01   8.5661602e-01   7.1875166e-01   1.6338058e-01  -1.0458087e-01  -5.3008405e-01  -6.5793051e-01  -1.5938067e-01  -1.2529518e-01  -5.2420930e-01  -1.0577857e+00  -1.5103043e+00  -1.2832243e+00
   2.1364085e+00   1.8103605e+00   1.2488713e+00   4.6034481e-01   3.3156450e-01   5.4739608e-01   3.4792767e-01  -3.0994213e-02  -2.8921371e-01  -2.0719036e-01  -3.6145479e-01  -5.6849325e-01  -6.1567110e-01  -1.1891319e+00  -1.3500416e+00  -1.3773941e+00
   2.3395476e+00   1.9885950e+00   7.2504904e-01   7.0526479e-01   5.8205121e-01   7.3074456e-01   2.2728911e-01  -2.7988867e-02  -1.0819578e-01  -2.7171476e-01  -3.9151639e-01  -4.8784999e-01  -7.1552563e-01  -1.0376907e+00  -1.3323631e+00  -1.3485361e+00
   2.9826675e+00   1.9732908e+00   8.8994526e-01   4.6180602e-01   7.4423027e-01   1.1238170e+00   1.3127536e-01  -3.3443913e-01  -1.8757662e-01  -2.9265250e-01  -2.4112415e-01  -3.2116773e-01  -8.2670425e-01  -1.1758300e+00  -1.3390884e+00  -1.4572888e+00
   3.1130618e+00   1.8027295e+00   1.3043885e+00   9.2968491e-01   1.0570171e+00   6.9911256e-01  -3.1428214e-01  -2.9550028e-01  -4.2045013e-01  -4.2938811e-01  -3.2618770e-01  -3.8555558e-01  -8.4359537e-01  -1.2946736e+00  -1.2553779e+00  -1.4416132e+00
   3.0735719e+00   1.6357755e+00   1.1302438e+00   1.0519887e+00   1.2790698e+00   8.2927627e-01   1.1346867e-01  -3.1119226e-01  -5.9649959e-01  -5.6867737e-01  -4.0444209e-01  -3.2108803e-01  -6.5605988e-01  -1.0678832e+00  -1.1741329e+00  -1.4416279e+00
   2.9951816e+00   2.1298477e+00   8.0937068e-01   5.9790767e-01   1.1353727e-01   4.3114863e-01   7.3099425e-04  -2.2105257e-01  -1.0369943e-01  -5.5764378e-01  -7.5766867e-01  -6.6332578e-01  -5.0169369e-01  -1.1340340e+00  -1.4687598e+00  -1.6705839e+00
   2.3127824e+00   1.6173937e+00   8.7976485e-01   6.8017959e-01   6.9914833e-01   8.9777253e-01   4.4803330e-01   4.7198967e-02  -5.6806273e-01  -7.9331511e-01  -2.8562663e-01  -5.1937010e-01  -9.2438116e-01  -1.1196250e+00  -1.4183326e+00  -1.5169524e+00
   2.0092482e+00   1.6120818e+00   8.5944714e-01   4.2269236e-01   5.6206876e-01   8.9746935e-01   3.5579175e-01  -3.6778027e-01  -4.8870787e-01  -6.3805673e-01  -1.6535133e-01  -2.5569492e-01  -8.9189571e-01  -1.4592504e+00  -1.3970821e+00  -1.5830122e+00
   2.4334927e+00   1.7391190e+00   7.2438045e-01   6.0650716e-01   7.1717466e-01   7.6737312e-01   4.7541502e-01   4.2529293e-02  -3.9759383e-01  -5.3554513e-01  -1.2127175e-01  -1.3142922e-01  -3.6060970e-01  -9.5076515e-01  -1.2548841e+00  -1.4698486e+00
   2.4398753e+00   2.4521982e+00   1.1711134e+00   7.9917274e-01   5.4309491e-01   8.7387671e-02   1.5565647e-01   2.8213106e-01   4.3661643e-02  -8.6239246e-01  -4.4302359e-01  -3.6630546e-01  -4.1135201e-01  -8.6309678e-01  -1.1129687e+00  -1.6533534e+00
   2.3668257e+00   2.0219001e+00   9.3369115e-01   4.6111271e-01   5.3306801e-01   6.1847387e-01   2.0658235e-01   1.8507588e-01   9.7685623e-02  -2.9190873e-01  -7.3105699e-02  -2.2888782e-01  -5.9118090e-01  -1.0045204e+00  -1.0786998e+00  -1.4007332e+00
   2.9327107e+00   1.3735745e+00   1.3674089e+00   1.0353027e+00   8.3594541e-01   8.4626422e-01   2.1081984e-01  -4.8553849e-02  -4.5557960e-01  -2.4763839e-01  -3.7218210e-01  -4.3710130e-01  -7.7309473e-01  -5.9492620e-01  -9.4965459e-01  -5.4086533e-01
   2.2576975e+00   1.6848028e+00   2.0026109e+00   1.3701411e+00   4.7864407e-01   2.4873874e-01   8.3578901e-02   9.3399941e-02  -1.7080699e-01   7.3955858e-01   3.6321706e-01  -8.0611802e-02  -2.5577585e-01   8.9049546e-02  -3.6850678e-01   1.6476144e-01
   2.6202717e+00   2.3102195e+00   1.9762728e+00   5.4207988e-01   7.4543470e-01   8.3839211e-01   7.2583042e-01   1.5908269e-01  -1.0266959e-01   1.1912619e+00   7.6036820e-01  -2.1651924e-01  -8.3252652e-02   6.8124317e-01  -1.0497935e-01   4.3365072e-01
   3.0656716e+00   2.4612222e+00   1.7134146e+00   2.9109682e-01   7.5217869e-01   8.3245144e-01   5.6244339e-01  -4.9944883e-02   1.4293475e-01   1.5926780e+00   1.2192784e+00   1.2916506e-01   4.6747968e-01   1.4324700e+00   5.0280293e-01   9.0583947e-01
   3.0984187e+00   2.1652364e+00   1.8328296e+00   8.2361552e-01   7.6207937e-01   8.5460276e-01   5.2347927e-01   2.5647192e-01   1.8106783e-01   1.6321144e+00   1.3305232e+00   5.5177366e-01   8.3052545e-01   1.5602530e+00   7.8835654e-01   1.2498089e+00
   3.5550202e+00   1.8763760e+00   1.9519637e+00   1.1971428e+00   7.7309023e-01   8.2575318e-01   5.7759334e-01   1.4602374e-01   4.5922334e-01   1.7489941e+00   1.4820938e+00   5.8339594e-01   9.5616466e-01   1.5695049e+00   9.9075172e-01   1.5456869e+00
   3.4218486e+00   2.0777632e+00   2.1431493e+00   9.8833004e-01   9.3559979e-01   9.4368370e-01   9.5635043e-02   1.9642497e-01   3.2745530e-01   1.7057398e+00   1.3211872e+00   6.6745701e-01   1.0112711e+00   1.2308927e+00   8.2680135e-01   1.4177878e+00
   2.9306113e+00   2.0156309e+00   2.1119831e+00   1.2181781e+00   6.8136192e-01   9.4115319e-01  -1.3249767e-01   1.2402319e-01   2.4723575e-01   1.7158130e+00   1.2979149e+00   6.8804831e-01   1.1555916e+00   1.2737875e+00   8.1360744e-01   1.5085588e+00
   2.1234755e+00   2.3355101e+00   1.9454393e+00   9.6260956e-01   9.2163163e-01   8.3816525e-01   6.6085687e-01  -9.0958954e-02   2.7921876e-01   1.6690763e+00   1.2457584e+00   6.8619807e-01   1.0672989e+00   1.1724269e+00   8.5421603e-01   1.4931109e+00
   3.1020787e+00   2.3321740e+00   1.9701463e+00   1.1646559e+00   4.4411472e-01   2.5043102e-01   3.8470339e-01  -6.1089260e-02   3.9612872e-02   1.5894381e+00   1.1239314e+00   8.1621118e-01   1.1488203e+00   1.2360201e+00   7.7986603e-01   1.5718980e+00
   2.9161818e+00   2.2738494e+00   1.7712983e+00   3.8203093e-01   7.8994284e-01   5.8335089e-01   2.8337137e-01  -3.8815790e-01   7.3390966e-02   1.5493632e+00   1.2422160e+00   7.8991047e-01   1.1791704e+00   1.1731921e+00   8.0065124e-01   1.5951897e+00
   3.4895274e+00   2.5759818e+00   1.7733362e+00   9.6772518e-01   8.4688994e-01   7.2113110e-01   2.0091659e-02  -3.4076061e-01   1.2807675e-01   1.6018741e+00   1.0939591e+00   8.0958918e-01   1.1989977e+00   1.2119639e+00   8.1980769e-01   1.4231853e+00
   3.7526231e+00   2.0828858e+00   1.8176570e+00   1.1170781e+00   1.1901875e+00   6.6547322e-01   3.9451768e-01  -6.7214915e-02   5.5584037e-02   1.5777163e+00   1.0639606e+00   8.0573942e-01   1.2093087e+00   1.2757400e+00   1.0637749e+00   1.3596442e+00
   4.1174901e+00   2.6982975e+00   2.1129068e+00   1.3677783e+00   1.2077169e+00   1.1536250e+00   8.0866308e-01   6.2236694e-01   2.9420855e-01   1.5033462e+00   1.0601902e+00   6.5274416e-01   1.0423556e+00   1.3454584e+00   7.0808145e-01   9.6291118e-01
   3.7793978e+00   2.3359068e+00   2.1303755e+00   1.2266748e+00   1.0076230e+00   8.5565282e-01   4.3520912e-01   2.6653103e-01   4.2122322e-01   1.4876816e+00   1.0764716e+00   6.0330760e-01   9.3006176e-01   1.1609904e+00   5.4331025e-01   1.1710738e+00
   3.3525902e+00   2.8423121e+00   2.0268202e+00   1.4378554e+00   2.9043852e-01   3.1111326e-01   5.6056206e-01  -2.1628875e-02   1.6025621e-01   1.4041846e+00   8.0864905e-01   4.9778797e-01   6.9924457e-01   8.2269727e-01   7.2877845e-01   1.1746927e+00
   3.2131832e+00   2.8631126e+00   2.3775743e+00   1.0938978e+00   7.7169301e-01   4.7847893e-01   5.6282239e-01   2.0182040e-01   3.8524357e-01   1.6875725e+00   1.1125923e+00   5.0196824e-01   8.5884243e-01   1.0523039e+00   7.0155487e-01   1.0199531e+00
   3.7148211e+00   2.4808488e+00   2.2720966e+00   7.9374642e-01   5.4692287e-01   4.7519976e-01   3.0967822e-01   1.8920984e-01   2.1107234e-01   1.5937012e+00   1.0539193e+00   7.2374581e-01   7.4020894e-01   6.1813733e-01   2.4902164e-01   5.4677324e-01
   3.5627646e+00   2.1892227e+00   2.2384117e+00   1.2177065e+00   7.9774448e-01   4.4912846e-01  -8.4725301e-02   1.4166456e-01   6.0071569e-02   1.5281344e+00   9.0634427e-01   4.3226781e-01   4.6526395e-01   3.7711238e-01   7.2171895e-02  -3.9182735e-02
   3.0751248e+00   2.4003917e+00   2.2571036e+00   1.1791525e+00   6.7062859e-01   9.3769768e-01   4.1149056e-01  -1.1578632e-01   1.1078305e-01   1.0347289e+00   4.9100846e-01  -5.2511541e-02   1.8194886e-01   2.9735899e-01  -4.0668581e-01   1.3903067e-01
   3.3341045e+00   2.3604189e+00   1.9290811e+00   9.8540132e-01   9.5857915e-01   2.3476687e-01   1.7203831e-01   4.5810496e-01   3.3987944e-01   7.5906599e-01   4.3911345e-01  -1.8207186e-01  -1.2437130e-01   2.0485494e-01  -3.3984422e-01   2.7543770e-01
   2.6590948e+00   1.9585311e+00   1.8271439e+00   7.0598825e-01   5.6235969e-01   4.3182161e-01   2.0863434e-01  -5.4339705e-02  -1.5599332e-01   5.7636697e-01   1.1876691e-01   1.4278870e-02  -2.9092614e-01  -2.3197818e-01  -9.5391462e-02   2.2278979e-01
   3.0562502e+00   1.7131841e+00   1.4590272e+00   7.7248041e-01   6.6124520e-01   5.0870381e-01  -9.3138320e-02  -3.9085769e-01  -2.2985488e-01   3.2258149e-01   1.3769869e-01  -2.8150462e-02  -4.0194788e-01  -4.0981591e-01  -3.3828828e-01   3.0644030e-01
   2.5143934e+00   2.1348091e+00   9.3100320e-01   3.3274678e-01   5.4744878e-01   2.9953932e-01  -3.9219617e-02  -3.2777260e-01  -9.8828461e-02   2.3010353e-01   2.6682230e-01  -3.2443830e-01  -4.7934841e-01  -5.0575838e-01  -4.0260333e-01   6.6835513e-02
   3.2104820e+00   2.8015068e+00   1.2392538e+00   1.0362820e+00   8.2502875e-01   6.1193340e-01   4.1106386e-01  -3.6127120e-01  -2.6917476e-01  -1.6566501e-01  -1.4644724e-01  -2.7046985e-01  -6.0370670e-01  -9.2953102e-01  -1.1099032e+00  -8.6124776e-01
   3.2274702e+00   1.9651605e+00   1.4930013e+00   2.1369218e+00   2.1842345e+00   1.6413927e+00   1.0675702e+00   1.0942999e+00   1.3818876e+00   1.6681683e+00   1.6052601e+00   1.7324353e+00   2.0432042e+00   1.6958430e+00   1.4256315e+00   1.2007794e+00
   3.2604987e+00   2.6009617e+00   1.6188689e+00   2.2165539e+00   2.2536287e+00   1.9354618e+00   1.4311057e+00   1.4076307e+00   1.5053128e+00   1.5846143e+00   1.3624525e+00   1.5245690e+00   1.7643330e+00   1.2831008e+00   1.0011368e+00   7.4736967e-01
   3.2958895e+00   2.0396294e+00   1.2368216e+00   7.0524139e-01   6.5352715e-01   6.0696489e-01  -9.2073659e-02   7.5935513e-04  -3.3399978e-01  -3.8077517e-01  -2.0201627e-01  -1.2000061e-01  -2.1351205e-01  -6.8180528e-01  -7.7069777e-01  -7.9625413e-01
   3.4799721e+00   1.8283818e+00   5.7285852e-01   1.3055089e+00   8.6742461e-01   1.1725645e+00   8.5673525e-01   5.2958122e-01   4.3510680e-01  -2.3059520e-01  -5.0371232e-01  -3.1918546e-01  -9.4540174e-02  -6.9658656e-01  -1.1233216e+00  -1.4790910e+00
   3.1408544e+00   2.3733719e+00   6.6923185e-01   1.5604005e+00   1.4922141e+00   1.3345300e+00   1.4058853e+00   1.0052200e+00   8.4223592e-01  -3.0584061e-02  -1.7181551e-01  -6.1050593e-03   1.8274874e-01  -4.3670293e-01  -8.1984844e-01  -9.5006419e-01
   3.5501028e+00   2.0560157e+00   8.3581676e-01   1.3928064e+00   1.0234849e+00   5.9032922e-01  -4.4657683e-01  -3.3813063e-02  -4.7144192e-02  -3.6890601e-01  -8.1012105e-02  -1.4516702e-01  -4.9928454e-01  -9.8637178e-01  -1.3323793e+00  -1.5856862e+00
   3.3682494e+00   2.2332089e+00   7.4438421e-01   4.2261579e-01   4.9262073e-01   7.5347726e-01   6.7602944e-02  -3.4814293e-01   2.5570256e-01  -2.4648766e-01   5.2537048e-03  -2.2135578e-01  -4.8373167e-01  -4.3427782e-01  -4.9761254e-01  -8.6226372e-01
   2.8255904e+00   2.0670491e+00   1.4999597e+00   1.3265137e+00   7.7887580e-01   7.0711735e-01   1.9225550e-01   8.1807421e-01   7.1636827e-01   2.3831337e-03  -5.3036546e-02   2.4909734e-01   6.4290642e-02   1.0848510e-01   9.1151988e-02  -3.3589178e-01
   3.4403959e+00   2.3634760e+00   1.1794983e+00   1.0219517e+00   5.9580673e-01   5.4580246e-01  -5.4339714e-01  -3.5882760e-01   2.1049632e-02  -2.0808149e-01  -2.2965549e-02  -2.5842072e-01  -5.0424242e-01  -8.4212609e-01  -1.1482780e+00  -1.3474284e+00
   2.9938247e+00   2.2470129e+00   1.5046863e+00   5.6393114e-01   6.3961777e-01   7.7882640e-01   4.6515705e-01  -2.9933143e-01  -3.2869653e-01  -7.4915111e-01  -2.2408639e-01  -3.8227276e-01  -5.3855857e-01  -8.1668416e-01  -9.2611707e-01  -9.1790161e-01
   3.3646947e+00   2.0193089e+00   8.9811136e-01   8.4540102e-01   8.4587656e-01   4.8046858e-01   1.3955649e-01  -2.1448354e-02  -3.0562994e-01  -3.3933326e-01  -3.1754906e-01  -2.9483460e-01  -4.8597691e-01  -8.2390007e-01  -8.2956743e-01  -9.2659353e-01
   3.4985621e+00   1.9240190e+00   6.2988254e-01   5.8630175e-01   5.8761450e-01   6.8033768e-01   2.0328348e-01  -4.2428000e-02  -2.4848646e-01  -2.9782800e-01  -2.6848115e-01  -1.6748361e-01  -5.4177461e-01  -9.9968726e-01  -1.4627073e+00  -1.3393127e+00
   3.1905906e+00   2.3406010e+00   8.9751766e-01   3.4753606e-01   7.3063779e-01   8.4658198e-01   3.8532862e-01   1.8421001e-02  -2.2915685e-01  -3.9210657e-01  -3.8599204e-01  -1.5668607e-01  -4.2510747e-01  -9.6728513e-01  -1.1257929e+00  -1.2343771e+00
   3.0805576e+00   1.8937081e+00   1.2995439e+00   8.6182698e-01   7.2621232e-01   3.3138997e-01   4.6487548e-01   1.6888265e-01  -5.8554717e-02  -2.4612478e-01  -5.3664666e-01  -6.9652080e-03  -4.1680397e-01  -2.1349042e-01  -2.0126488e-01  -6.6764593e-01
   3.2359643e+00   2.1704675e+00   1.2057764e+00   9.6485720e-01   4.5549001e-01   2.4897135e-01   3.8382048e-01  -4.4817572e-02  -2.7603494e-01  -6.1502030e-01  -5.6102205e-01  -4.4059841e-01  -1.0019034e+00  -1.0079002e+00  -1.0945727e+00  -1.3911805e+00
   3.1856023e+00   2.3232215e+00   1.3883791e+00   7.2785579e-01   5.2188554e-01   6.5727348e-01   2.7900960e-01  -8.9698629e-02  -9.1493205e-02  -2.8591880e-01  -3.3977362e-01  -6.4024800e-01  -5.4745492e-01  -8.4302978e-01  -1.1262022e+00  -1.2615285e+00
   2.9649553e+00   1.9337338e+00   1.2184423e+00   6.1704725e-01   4.0752915e-01   5.1452241e-01   7.4072412e-02   1.8329532e-01   3.1255567e-02  -3.4349028e-01  -1.7680405e-01  -1.4652679e-01  -5.3099703e-01  -8.2208382e-01  -8.9813894e-01  -1.0011371e+00
   3.2642457e+00   1.4986318e+00   1.0140371e+00   4.3281226e-01   3.6929166e-01   2.9297752e-01  -2.6784592e-01  -2.6781604e-01  -1.3400038e-01  -3.4195261e-01  -5.0659523e-01  -4.5902413e-01  -6.2564646e-01  -7.3189937e-01  -9.2175056e-01  -1.0846506e+00
   3.3264291e+00   2.0987130e+00   1.0526452e+00   6.5567842e-01   6.3338105e-01   7.2609951e-01  -9.0793091e-02  -5.8261841e-01  -2.0682841e-01  -5.3155908e-01  -3.8961234e-01  -4.6144054e-01  -3.6550171e-01  -7.3400200e-01  -7.7942255e-01  -8.9600840e-01
   2.6253523e+00   2.0031508e+00   1.4138750e+00   1.1010820e+00   9.5890591e-01   7.8214250e-01   4.8852087e-01   1.9243193e-01  -3.5602110e-01  -1.1714317e-01  -5.1704569e-01  -1.7331187e-01  -4.4928888e-01  -7.4444529e-01  -6.8779785e-01  -9.6299260e-01
   2.7256329e+00   1.6953954e+00   9.4233798e-01   7.0442945e-01   5.2561675e-01   6.1934247e-01   1.1502642e-01   9.2679834e-03  -2.2800517e-01  -5.8380616e-01  -6.4671435e-01  -6.4680059e-01  -6.2615702e-01  -9.8130884e-01  -1.2538273e+00  -1.6859175e+00
   2.7489848e+00   1.4531117e+00   9.5556357e-01   5.2569120e-01   8.6037878e-01   5.4828639e-02   2.8460344e-01  -3.9514969e-03  -5.7399310e-01  -5.1754387e-01  -8.2954447e-01  -6.3836857e-01  -6.1326707e-01  -9.7885807e-01  -1.1576443e+00  -1.1788950e+00
   2.9572756e+00   1.6083704e+00   8.0458554e-01   5.5512919e-01   3.2570999e-01   1.8521826e-01   3.7658618e-01   9.2511280e-02  -2.1109896e-01  -3.9921010e-01  -5.3379253e-01  -1.9383356e-01  -8.3823175e-01  -1.0471878e+00  -1.1277465e+00  -1.0814560e+00
   2.7788593e+00   1.5501607e+00   8.9065869e-01   1.0030851e+00   1.3052281e+00   7.7788660e-01   3.3281575e-01  -3.6263244e-01  -1.8024567e-01  -4.1055283e-01  -5.1861751e-01  -4.4662485e-01  -7.4066962e-01  -8.4670838e-01  -1.3001580e+00  -1.3379198e+00
   3.3688267e+00   2.2367056e+00   1.0891047e+00   1.1482127e+00   1.0033881e+00   8.3118684e-01   2.6121336e-02  -5.4341119e-02  -9.8238010e-02  -3.6577528e-01  -3.0044237e-01  -1.6245388e-01  -5.4188125e-01  -9.8357427e-01  -1.0853744e+00  -1.1931144e+00
   2.8268290e+00   2.0435826e+00   1.2671803e+00   8.2974927e-01   8.6327328e-01   4.2869192e-01  -1.0775330e-01   3.8472680e-02  -6.6662035e-02  -4.3494737e-01  -4.5025740e-01  -1.6400048e-01  -3.4521990e-01  -7.5153667e-01  -8.2461623e-01  -9.8344552e-01
   2.6771861e+00   1.4513665e+00   6.4478553e-01   1.0071116e+00   5.2603706e-01   5.1114966e-01  -5.3524760e-02   7.5873694e-02  -4.0265042e-01  -4.8038146e-01  -6.0812264e-01  -2.3299313e-01  -3.9796583e-01  -7.9557015e-01  -1.0693891e+00  -1.6014156e+00
   1.9592930e+00   1.1842397e+00   4.9081946e-01   9.4679074e-01   3.1667311e-01   2.0521683e-01   1.3600585e-01  -1.4027937e-01  -2.5062723e-01  -5.1977924e-01  -2.8063207e-01  -2.2234785e-01  -6.4341252e-01  -8.7775511e-01  -1.1886320e+00  -1.3331998e+00
