   2.6922040e+00   1.7851233e+00   5.0894992e-01   1.1398105e+00   1.1460531e+00   8.2148278e-01   2.2638387e-01   5.5434269e-02   1.7510623e-02  -3.1052278e-01  -7.1849924e-02  -2.3266320e-01  -5.2851824e-01  -1.0651222e+00  -1.1859754e+00  -1.4772390e+00
   2.7090312e+00   1.7911925e+00   1.3950453e+00   1.0174346e+00   5.8245266e-01   6.3916732e-01   4.3845402e-01  -1.0414534e-01  -3.3897088e-01  -3.1171078e-01   4.1979126e-02  -1.2858444e-01  -3.9076821e-01  -1.1451747e+00  -1.2387779e+00  -1.4022644e+00
   3.1283528e+00   1.5028848e+00   1.1450995e+00   8.5712419e-01   5.1956182e-01   7.5646816e-01  -2.0452346e-02  -3.6755613e-01  -1.3234904e-01  -1.4686443e-01  -2.1581016e-01  -2.0071958e-01  -3.0254936e-01  -1.0095249e+00  -1.0670799e+00  -1.2940971e+00
   2.8100419e+00   1.3858329e+00   2.7022106e-01   2.7494479e-01   8.1828251e-01   5.6695374e-01  -2.3478603e-01  -3.2681276e-01  -9.0581675e-02  -7.0596802e-03  -2.0550258e-01  -3.5085521e-01  -3.1872710e-01  -9.6861392e-01  -1.1366323e+00  -1.2894261e+00
   2.3119400e+00   1.0760557e+00   4.5651933e-01   7.3260862e-01   1.1251478e+00   8.7616729e-01   2.7976304e-01  -4.9477419e-02  -7.7025975e-02  -3.3654585e-01  -3.9649888e-01  -1.6478148e-01  -6.0577306e-01  -1.0403621e+00  -1.0039729e+00  -1.4558510e+00
   3.2599712e+00   7.8499845e-01   7.1352498e-01   1.2615150e+00   1.0916334e+00   1.0470516e+00   2.3189851e-01  -6.1626801e-02  -1.2056895e-01  -2.6463969e-01   1.7810100e-01  -9.3705743e-02  -3.1559729e-01  -1.0395134e+00  -1.1255672e+00  -1.6393152e+00
   3.1242225e+00   1.1663718e+00   8.9771238e-01   1.0030578e+00   1.2120395e+00   6.1737948e-01  -2.3874616e-01  -2.2857844e-01  -5.8163377e-01  -3.2751396e-01   1.3031587e-01   1.9597180e-01  -2.5713546e-01  -6.5079211e-01  -1.2217134e+00  -1.4457619e+00
   2.7210710e+00   1.4328348e+00   8.1234881e-01   1.2880200e+00   1.1610972e+00   1.0589763e+00   5.6771603e-01   1.4949973e-01  -6.5268824e-02  -1.8330150e-01  -1.8305079e-01   7.5835793e-02  -2.9002253e-01  -9.7836181e-01  -8.8930365e-01  -1.2277242e+00
   2.0797652e+00   1.4414657e+00   1.0522708e+00   1.4612608e+00   1.4321980e+00   9.8904693e-01   6.4340445e-01   5.6898919e-02  -3.1139505e-01  -2.7523673e-01  -2.4494166e-01  -1.9387143e-01  -5.4550443e-01  -9.9798179e-01  -1.2880176e+00  -1.4977007e+00
   2.1593237e+00   1.4151213e+00   1.3014153e+00   9.6287238e-01   4.0221392e-01   2.2989827e-01   4.5544406e-01  -1.7012817e-02  -3.6351340e-01  -1.8160443e-01   1.2759459e-01  -1.3658066e-01  -2.5926257e-01  -8.9713479e-01  -1.1567527e+00  -1.5032195e+00
   2.3979997e+00   1.6462847e+00   1.0794206e+00   1.0613853e+00   6.2664649e-01   1.9728507e-01   9.8328569e-02  -1.6903821e-02  -2.9432556e-01   2.5462764e-02   1.0075076e-01   1.2426589e-01  -2.2436595e-01  -8.0977630e-01  -1.2622322e+00  -1.5087439e+00
   2.6334496e+00   1.2218488e+00   6.9973509e-01   4.7344378e-01   6.8614090e-01   1.1916085e-01  -4.9027315e-01  -4.3936867e-01  -2.4457854e-01  -4.2249977e-01  -2.9675509e-01  -2.3929004e-01  -5.0176686e-01  -1.1550616e+00  -1.2211561e+00  -1.3907051e+00
   2.2131244e+00   1.2286660e+00   1.1636669e+00   8.8605776e-01   8.5607137e-01   9.4965617e-01   3.0628477e-01   4.4285942e-02  -6.3691974e-03  -2.7846140e-01  -2.9287087e-01  -1.4382379e-01  -5.1854589e-01  -7.9131617e-01  -9.2317132e-01  -9.9874152e-01
   3.0865837e+00   2.3039563e+00   1.3692385e+00   9.5296464e-01   1.0009935e+00   6.2450464e-01   5.6172632e-01   1.2869238e-01  -1.8186028e-01  -3.6590046e-02   9.2059006e-02  -3.8045639e-02  -5.5125023e-01  -1.1373527e+00  -1.3620799e+00  -1.5141622e+00
   3.0016887e+00   1.7791354e+00   9.9710307e-01   9.6481974e-01   5.7937954e-01   4.4884499e-01   1.1148256e-01  -1.1730194e-01  -2.4464861e-01   6.8920678e-02  -3.5878310e-01  -8.1589247e-02  -3.1533382e-01  -7.4572445e-01  -1.2342721e+00  -1.6674575e+00
   2.2724590e+00   1.5123165e+00   3.9031739e-01   1.0336095e+00   1.1235543e+00   9.2786696e-01   5.8261563e-01  -6.9626620e-02  -6.8284063e-02  -3.9182349e-01  -2.5861018e-01  -2.5750968e-01  -5.4764523e-01  -6.2962832e-01  -1.0838376e+00  -1.4380279e+00
   2.0865129e+00   1.6760625e+00   7.3113981e-01   4.9030379e-01   5.8948904e-01   5.3431028e-01   8.2898730e-02  -6.3080240e-03  -3.1513578e-01  -3.8402096e-01  -2.6882046e-01  -1.1540504e-01  -4.5661887e-01  -9.0606567e-01  -1.0927154e+00  -1.3650813e+00
   2.2277449e+00   1.2855164e+00   9.3501968e-01   8.0214916e-01   7.1508797e-01   9.6396490e-01   1.4408689e-01  -1.5004073e-01  -3.8934957e-01  -5.2288412e-01  -3.2302084e-01  -3.2956408e-01  -6.6706087e-01  -1.0599347e+00  -1.3248222e+00  -1.4709834e+00
   2.6676960e+00   1.7181008e+00   7.8981049e-01   8.6336715e-01   8.5161163e-01   8.3098157e-01   1.3268861e-01   1.7312187e-01  -2.6859040e-01  -5.2844545e-01  -2.5743722e-01  -2.2565505e-01  -4.8876798e-01  -8.2546972e-01  -1.0957760e+00  -1.3567272e+00
   3.3207402e+00   2.2415773e+00   8.3415982e-01   9.4848392e-01   1.2133680e+00   8.7984564e-01   3.1236547e-01   1.0210527e-01  -8.9720546e-02  -2.8381337e-01  -2.2184336e-01  -2.4317759e-01  -4.9876281e-01  -8.5837927e-01  -1.1084809e+00  -1.4995992e+00
   3.4634011e+00   2.8727797e+00   1.1800685e+00   1.4607798e+00   1.2652678e+00   1.1620253e+00   5.2878881e-01   3.5951114e-01   2.6979485e-01   4.5548045e-02  -1.8566011e-01  -1.0653460e-01  -3.3812248e-02  -5.2285863e-01  -6.5080022e-01  -7.3999713e-01
   3.8241827e+00   2.8177637e+00   1.6665949e+00   1.0271987e+00   8.5250936e-01   6.2184715e-01   4.0599397e-01   5.8010324e-02   9.3416124e-02  -2.1198620e-01  -3.2829615e-01  -3.2358280e-01  -3.9139947e-01  -7.5152707e-01  -8.5090455e-01  -8.3685017e-01
   3.9910455e+00   2.5061818e+00   1.8832989e+00   1.0893813e+00   1.0756296e+00   5.3863400e-01   4.4659241e-01  -4.6439667e-01  -3.7667127e-01  -3.6055893e-01  -2.5938841e-01  -1.8815403e-01  -7.9943002e-01  -1.2418936e+00  -1.4091135e+00  -1.6099720e+00
   3.6751432e+00   2.3274227e+00   1.2617481e+00   6.5366488e-01   1.1959957e+00   1.0897483e+00   4.9850172e-01  -1.8785514e-01  -4.8090112e-01  -4.4642005e-01  -2.7223678e-01  -2.5678746e-01  -6.6040938e-01  -9.5046863e-01  -1.3612878e+00  -1.4694337e+00
   3.2837972e+00   2.4594615e+00   1.1999237e+00   6.5966837e-01   7.4763768e-01   5.2096692e-01   2.3303698e-01   2.1533026e-01   1.1774915e-01   3.4172265e-02  -3.3192819e-01  -7.6491381e-02  -4.8494670e-01  -7.1035881e-01  -1.0137312e+00  -1.1726075e+00
   2.5003848e+00   1.6599321e+00   1.1801943e+00   7.7813610e-01   1.0510816e+00   8.5819960e-01   5.2575346e-01  -4.9280559e-02  -2.3571019e-01  -3.7417162e-01  -2.5263534e-01  -7.8984275e-02  -4.3117047e-01  -6.9745545e-01  -9.9046015e-01  -1.0217788e+00
   2.8429705e+00   2.0046269e+00   1.6032389e+00   8.4320936e-01   9.1001387e-01   1.0757552e+00   2.8663479e-01  -2.1604857e-01   3.6097995e-02  -4.8817888e-01   1.9963881e-02  -2.1019383e-01  -5.0425265e-01  -1.1363876e+00  -1.1880739e+00  -1.3513414e+00
   2.8558178e+00   2.2136340e+00   1.5775160e+00   8.3339547e-01   9.5387844e-01   8.7533550e-01   1.6899590e-01  -2.0298297e-01  -3.8236908e-01  -8.7701446e-02   6.4145315e-03  -8.7300314e-02  -5.6075502e-01  -1.0380478e+00  -1.2653015e+00  -7.8746492e-01
   2.8448277e+00   1.3275573e+00   1.4164868e+00   9.7607704e-01   9.1113719e-01   8.6894959e-01   3.0251496e-01   1.0068277e-01  -1.4372061e-01   1.3962209e-01   2.0943730e-01   1.2653361e-03  -6.1289347e-01  -5.8772927e-01  -5.1248001e-01  -1.0443378e-01
   3.3076239e+00   1.9453733e+00   1.0230885e+00   9.8916884e-01   6.3706846e-01   7.7083022e-01   4.7378946e-01  -1.0334983e-01   1.5306112e-01   1.7457799e-01   3.3726691e-01   8.7034946e-02  -3.9219595e-01  -6.6151659e-01  -4.2896647e-01  -2.3574589e-01
   2.9319565e+00   1.9946872e+00   1.5071333e+00   6.9767439e-01   1.8307345e-01   2.3176407e-01   7.9961756e-02   1.4599795e-01   1.6343860e-01   4.8099152e-01   6.3333236e-01  -1.8520372e-01  -1.8491133e-01  -1.6829427e-01  -3.0775422e-01  -7.4678314e-02
   3.4778991e+00   2.3947262e+00   1.2793628e+00   9.8921499e-01   1.1270274e+00   5.8779257e-01   1.6523531e-01   1.7601009e-01   4.6697780e-01   5.8137416e-01   1.0591275e+00   6.1798378e-01   1.6992355e-01   5.7646489e-02  -6.0166095e-02   4.8645754e-01
   3.5366287e+00   2.6624011e+00   1.9397464e+00   8.4957341e-01   8.6413923e-01   6.2889214e-01   2.3727916e-01  -2.2892118e-01   7.8631328e-01   1.7535534e+00   1.4780895e+00   6.6629936e-01   9.9135639e-02   4.3093885e-01  -2.2456193e-01   2.9904331e-01
   3.3099645e+00   2.2408992e+00   2.4298698e+00   1.4070310e+00   8.3956586e-01   8.5409480e-01   4.7632449e-01   1.0151556e-01   1.1164652e+00   2.3174426e+00   1.7205092e+00   1.0639470e+00   7.4291418e-01   8.8142152e-01   1.4890512e-01   7.8830623e-01
   3.0326664e+00   2.5706184e+00   2.3296110e+00   1.5156993e+00   9.5081125e-01   8.7812650e-01   3.2504596e-01   3.2146451e-01   7.9473272e-01   1.7849584e+00   1.4930494e+00   9.5235619e-01   7.7735556e-01   9.5624204e-01   1.8366910e-01   9.1705154e-01
   2.5449767e+00   2.4754563e+00   2.2726309e+00   1.5770286e+00   3.1226538e-01   2.6333928e-01   1.6861979e-01   7.7594512e-02   6.6420481e-01   2.0611409e+00   1.6983482e+00   1.1471973e+00   8.3316044e-01   1.1365420e+00   2.3911011e-01   9.8683669e-01
   2.9587013e+00   2.7376453e+00   2.4725685e+00   8.9491410e-01   2.9220110e-01   9.8586202e-01   3.1996080e-01   4.9781819e-02   7.8222834e-01   2.1393382e+00   1.9264350e+00   1.2023403e+00   1.2146640e+00   1.5540087e+00   6.1919366e-01   1.2084904e+00
   3.5127659e+00   2.4850970e+00   2.1781253e+00   1.2335484e+00   5.3697874e-01   5.1427067e-01   2.2608331e-01  -2.0903153e-01   6.4964579e-01   1.9709318e+00   1.6231079e+00   1.3781661e+00   1.2921181e+00   1.6026662e+00   9.0763369e-01   1.5050567e+00
   3.3951764e+00   2.5209123e+00   2.0730047e+00   1.3611076e+00   1.4326749e+00   1.2847047e+00   3.2367986e-01   1.6924504e-01   4.1779913e-01   2.0548216e+00   1.7286648e+00   1.1582430e+00   1.2444040e+00   1.7304314e+00   7.6320942e-01   1.6523887e+00
   2.5945178e+00   1.8566119e+00   1.9547699e+00   9.5600457e-01   1.0518669e+00   9.5258423e-01   4.0459339e-01  -4.9993701e-03   3.3502951e-01   1.8970273e+00   1.7218504e+00   1.0813951e+00   1.0347970e+00   1.5723338e+00   1.0118396e+00   1.7671919e+00
   2.5767916e+00   1.9363654e+00   2.0966066e+00   1.1940920e+00   9.8909769e-01   6.2268056e-01   1.2714273e-01   6.2244786e-02   3.0274282e-01   1.4296189e+00   1.5777554e+00   1.0623609e+00   9.0519493e-01   1.3413549e+00   8.6388391e-01   1.6318422e+00
   3.1244340e+00   2.1032126e+00   1.8350547e+00   1.2571822e+00   1.1479998e+00   9.7933247e-01   9.3808291e-02   5.5958692e-02   1.1768437e-01   1.5711169e+00   1.6743926e+00   1.0667579e+00   7.2192949e-01   1.2396288e+00   8.1699863e-01   1.6879465e+00
   2.6509445e+00   2.3194482e+00   1.9421329e+00   1.1551566e+00   1.0988790e+00   7.3507114e-01   5.0913058e-01   2.3110113e-03   2.3851084e-01   1.4673814e+00   1.5256514e+00   9.7090855e-01   7.5570659e-01   1.0818121e+00   5.5673875e-01   1.5043026e+00
   2.1967295e+00   2.0305170e+00   1.9693681e+00   9.2243625e-01   4.3355583e-01   5.5368350e-01   5.0706663e-01   7.9071976e-02   6.6461071e-01   1.4268082e+00   1.3845965e+00   8.0784938e-01   9.2859646e-01   1.2890531e+00   3.6422832e-01   1.4112822e+00
   2.0783590e+00   2.2021607e+00   2.0213764e+00   1.2347937e+00   7.2214156e-01   1.2330253e+00   4.5477248e-01  -4.3303328e-02   2.9294825e-01   1.5022083e+00   1.3766175e+00   1.2108120e+00   1.0732311e+00   1.3258328e+00   4.3483682e-01   1.4422140e+00
   2.6239124e+00   2.5309613e+00   2.1816876e+00   1.4830927e+00   8.3169919e-01   9.7243922e-01   4.6528861e-01  -1.6367508e-01   3.4559943e-01   1.4185706e+00   1.3062750e+00   1.2249330e+00   9.0949669e-01   1.0044205e+00   3.0182236e-01   1.0964193e+00
   2.9312087e+00   2.0616172e+00   1.9333070e+00   1.0843792e+00   7.8858629e-01   3.7885481e-01   2.4421555e-01  -5.2682967e-02   1.0107478e-01   1.2301716e+00   1.2785673e+00   7.0560769e-01   3.0182038e-01   5.8365261e-01  -1.0000626e-01   8.9937695e-01
   2.9510741e+00   1.6593297e+00   1.8564894e+00   1.0208938e+00   1.3446921e+00   9.2709732e-01  -2.1305451e-01  -2.8202630e-01  -2.0037258e-01   8.7237095e-01   1.1213548e+00   5.3536211e-01   3.0771164e-01   6.4055260e-01  -2.4496838e-01   7.6060973e-01
   3.3235670e+00   1.5428817e+00   1.8918799e+00   1.3938321e+00   1.1642239e+00   1.1941897e+00   2.0223835e-01   3.1130562e-01  -2.9240446e-02   3.6073292e-01   7.1468784e-01   4.0541062e-01  -1.3131316e-01   3.2352162e-01  -4.6029387e-01   2.7415743e-01
   2.9014315e+00   2.2189831e+00   1.6146039e+00   1.3333813e+00   5.3126563e-01   5.1311633e-01   4.4913781e-01   4.1222099e-01  -9.4894344e-02   1.5184541e-01   6.5942364e-01   9.6308454e-02  -1.0006497e-01   1.8134666e-01  -6.3330471e-01   6.3122553e-02
   2.6406343e+00   2.3604806e+00   9.9728475e-01   1.7626786e+00   8.5607088e-01   1.0155650e+00   4.8689957e-01  -1.8963309e-01   2.3946102e-01   5.7602828e-01   9.0187312e-01   3.3041735e-01  -6.8673991e-02   1.3777589e-01  -6.3263586e-01   2.1884313e-01
   2.8136729e+00   2.2329887e+00   1.4542479e+00   1.4562530e+00   8.6182534e-01   9.2830898e-01  -1.4761306e-02  -4.1765099e-02  -3.3364161e-01  -2.9977201e-02   3.6559985e-01   1.7838718e-01  -3.8465011e-01  -2.1183028e-02  -6.8967193e-01   8.7289488e-02
   2.5957226e+00   2.1747826e+00   8.0280015e-01   1.3384136e+00   1.0091888e+00   7.0603439e-01   1.9088450e-02  -4.0373769e-01  -4.1507557e-01   5.5020521e-02   5.2142905e-01   3.7800656e-01  -6.9185703e-01  -7.7414376e-01  -9.7847726e-01  -5.8236572e-01
   2.2763253e+00   2.2773420e+00   1.1969135e+00   9.5784926e-01   8.1651769e-01   7.7656433e-01   2.1946585e-01  -6.1886205e-01  -6.0324163e-01  -8.0909443e-02   1.3126701e-01  -1.8014037e-01  -6.6131446e-01  -7.2448741e-01  -8.6672969e-01  -8.5728827e-01
   2.9649092e+00   2.1935507e+00   1.2355260e+00   9.4277714e-01   5.8142254e-01   6.2404822e-01   3.1968983e-01   1.0174975e-01   1.7433294e-02  -2.8767509e-02  -1.6333063e-01  -3.0989540e-01  -4.6636592e-01  -6.1591809e-01  -7.6987263e-01  -7.5079794e-01
   3.3407462e+00   2.0662588e+00   1.1508348e+00   7.0697362e-01   5.3654873e-01   1.9467848e-01   3.1656796e-01  -3.3462631e-02   1.9331841e-01   4.9608459e-02   1.4571218e-01  -2.0613557e-01  -6.6896631e-01  -9.3509324e-01  -9.7793697e-01  -1.3252182e+00
   2.9805829e+00   1.8416812e+00   1.3757912e+00   1.0985801e+00   4.6983854e-01   5.7171356e-01   4.7451783e-01   1.9088811e-01   2.9156154e-02   1.9448421e-02   1.7173080e-01  -1.9405889e-02  -4.0544722e-01  -6.9006278e-01  -8.8835617e-01  -1.0024814e+00
   2.9082578e+00   1.9773258e+00   9.2465952e-01   1.0533993e+00   9.5085551e-01   8.5868964e-01   3.8408936e-01   7.9050374e-02  -1.0792163e-01  -2.9797862e-02  -2.8953455e-01  -2.1301212e-01  -4.4003426e-01  -8.8466919e-01  -1.0017354e+00  -1.1392912e+00
   2.7286656e+00   1.7412264e+00   4.6091631e-01   5.5176274e-01   8.7400909e-01   7.2871777e-01   2.2678681e-01   5.0968119e-02   7.0044056e-02  -2.5652158e-01  -4.1368410e-01  -2.6328345e-01  -7.3861482e-01  -9.9112155e-01  -1.0973688e+00  -1.3048012e+00
   2.3291426e+00   1.8006510e+00   5.6004981e-01   5.2133486e-01   8.6033207e-01   5.7786519e-01   3.1112261e-01  -4.8802822e-02   1.5659891e-01  -3.6338707e-02  -4.8027238e-01   8.4032612e-02  -2.1551025e-01  -7.3319320e-01  -1.1819867e+00  -1.4631221e+00
   2.2051610e+00   1.3380151e+00   4.2469128e-01   5.3160530e-01   1.0198397e+00   5.0404926e-01   3.0982029e-02   9.5557641e-02  -3.4975796e-01  -3.9624911e-01  -2.8350381e-01  -4.9660343e-01  -5.6267825e-01  -8.7238718e-01  -1.2191854e+00  -1.2449419e+00
   2.5433008e+00   2.0058966e+00   1.0842009e+00   7.8987081e-01   1.0627967e+00   4.2491756e-02   1.1141042e-01   3.9056406e-01  -4.0645807e-01  -5.7754865e-01  -1.4156625e-01  -2.9923208e-01  -4.7400075e-01  -8.6021077e-01  -1.2671940e+00  -1.3164175e+00
   2.2485308e+00   1.6316031e+00   8.9820562e-01   7.0439214e-01   8.2204075e-01   5.2437218e-01   3.7693156e-01   2.2791853e-01  -1.2877602e-01  -1.7725281e-01  -5.0050254e-01  -3.9080878e-01  -1.1268850e+00  -1.0555705e+00  -1.2063740e+00  -1.5033368e+00
   1.9156438e+00   1.6306608e+00   1.3523343e+00   6.1563074e-01   7.8183241e-01   6.3333179e-01   1.5750309e-01  -1.3715327e-01  -1.0720143e-01  -3.5996915e-01  -2.3693881e-01  -6.2798930e-03  -6.0569187e-01  -1.1494783e+00  -1.0621803e+00  -1.2977272e+00
   2.0752292e+00   2.0185142e+00   8.2056686e-01   1.1222334e+00   5.3634230e-01   4.5698961e-01   3.3891678e-01   5.7250322e-02  -2.4072849e-01  -2.7248644e-01  -3.0907403e-01  -1.5446911e-01  -3.3163437e-01  -1.0135425e+00  -1.2958742e+00  -1.3448992e+00
   2.0848506e+00   2.0252813e+00   1.0169682e+00   9.1513090e-01   9.1854078e-01   5.0767161e-01   2.2277267e-01   2.1420293e-01  -2.6314381e-01  -4.9542865e-01  -7.7655450e-02  -3.5246054e-02  -4.7392531e-01  -1.1815317e+00  -1.2855417e+00  -1.2180468e+00
   2.7130602e+00   1.7712730e+00   8.8231890e-01   7.4707400e-01   1.1110972e+00   5.2953084e-01   3.8914767e-01   1.7406266e-01  -2.5279464e-01  -2.8120133e-01  -4.9571957e-01  -2.6685828e-01  -3.3620961e-01  -8.9841751e-01  -1.4392010e+00  -1.3600911e+00
   2.2500875e+00   2.0719667e+00   1.6817645e+00   1.2027066e+00   1.0321506e+00   5.4456252e-01   1.4131392e-01  -2.0847440e-01   6.2727000e-02  -3.8902611e-01  -4.3609375e-02  -1.0212235e-01  -7.5776135e-01  -1.0890414e+00  -1.2819967e+00  -1.4605840e+00
   2.7411248e+00   2.2392909e+00   1.4485243e+00   8.0753813e-01   6.5076320e-01   9.5551163e-01   4.2517197e-01  -4.0291477e-01  -2.2972888e-01  -4.3195260e-01   5.9800029e-02  -1.5270926e-01  -5.2505460e-01  -7.0126259e-01  -1.0099305e+00  -1.3279437e+00
   2.2598938e+00   2.2091277e+00   1.6543241e+00   1.2057371e+00   6.0807611e-01   4.6024935e-01   4.4947018e-01   1.6963958e-01  -2.4309297e-01  -4.7988851e-01  -3.7216473e-01  -1.8407375e-02  -2.7925943e-01  -7.8484361e-01  -1.3009398e+00  -1.4263210e+00
   2.5641505e+00   1.4116987e+00   5.8136104e-01   4.1766769e-01   5.4647416e-01   4.9849194e-01   6.3724516e-01   1.3414660e-01  -3.0171607e-01   2.9983384e-03  -1.1848852e-01   1.2915963e-01  -2.2398279e-01  -8.0370956e-01  -1.2040796e+00  -1.5320985e+00
   3.2759457e+00   2.1316806e+00   1.0541986e+00   1.0941798e+00   8.4360242e-01   6.2542522e-01   8.3267394e-01   3.2674240e-01  -1.6167866e-01  -1.6749024e-01  -9.9759327e-02   7.7936515e-02  -6.6607865e-01  -8.2537472e-01  -1.0057937e+00  -1.1237634e+00
   2.6816228e+00   2.0361976e+00   1.2370370e+00   6.7360322e-01   5.5167402e-01   2.4402850e-01   2.6958009e-01  -1.6291307e-01  -2.8274084e-01  -2.0426223e-01   1.0013441e-01  -1.6407453e-01  -4.1394943e-01  -7.8949846e-01  -1.0276272e+00  -1.1788438e+00
   2.1629345e+00   1.7359326e+00   1.6554607e+00   7.3553637e-01   1.1172428e+00   7.8998918e-01   1.1717191e-01  -4.3354668e-01  -1.2426066e-01  -1.6404208e-01   1.0274494e-01  -2.8759696e-01  -6.8725648e-01  -7.6998700e-01  -1.2237621e+00  -1.2880966e+00
   2.8294304e+00   1.9639979e+00   1.5303415e+00   9.7125335e-01   1.2111579e+00   8.7134160e-01   6.5792403e-01   2.7787682e-01   1.9709961e-01  -3.8906139e-01  -1.9349344e-01  -1.5811830e-01  -5.5120271e-01  -8.5383183e-01  -1.2527271e+00  -1.4197702e+00
   3.1424840e+00   1.9047096e+00   1.3643825e+00   9.4157837e-01   1.0720379e+00   4.5512391e-01   2.1906386e-01   8.5820816e-02  -8.1243778e-02  -2.8948278e-01  -2.4815617e-01   1.1307153e-02  -5.5317720e-01  -1.2347141e+00  -1.4080664e+00  -1.5418571e+00
   3.1782296e+00   2.1642779e+00   1.4219332e+00   1.0401686e+00   6.2054491e-01   4.8805261e-01   2.2498573e-01  -3.1806817e-01   1.4104371e-01  -1.5598030e-01   2.3366089e-01  -2.7443551e-01  -5.5917865e-01  -9.2267544e-01  -1.2562341e+00  -1.1985183e+00
