   1.9152156e-01  -5.8439342e-01  -2.0407568e+00  -2.2744688e-01  -5.7578843e-01  -2.2264456e+00  -2.3627715e+00  -2.1755167e+00  -1.7940004e+00  -2.1528634e+00  -2.2415505e+00  -2.5798461e+00  -2.5303903e+00  -2.3721863e+00  -2.6856482e+00  -2.5043008e+00
  -5.4844025e-01  -8.3209492e-01  -1.6253400e+00  -7.4197139e-01  -1.3038845e+00  -1.8618032e+00  -2.3852734e+00  -2.8723942e+00  -2.5308693e+00  -2.4621833e+00  -2.4391112e+00  -2.7215859e+00  -2.6879395e+00  -2.7121553e+00  -2.7077450e+00  -2.4089099e+00
  -4.1707590e-01  -6.1466565e-01  -1.8969250e+00  -9.0489801e-01  -1.0187512e+00  -2.1115919e+00  -2.6466891e+00  -2.8669713e+00  -2.6610991e+00  -2.1915408e+00  -2.2787380e+00  -2.5856858e+00  -2.4457347e+00  -2.5647251e+00  -2.4613147e+00  -2.2699347e+00
   8.0906705e-01   6.3554556e-02  -1.7717002e+00  -4.6212860e-01  -8.5334378e-01  -1.9292542e+00  -2.4455759e+00  -2.4878080e+00  -2.2890754e+00  -2.2816454e+00  -2.3118770e+00  -2.6044912e+00  -2.3544420e+00  -2.5274263e+00  -2.4833022e+00  -2.2110132e+00
   2.2416292e-01  -5.1886671e-01  -1.7126006e+00  -8.6129290e-01  -1.0550577e+00  -1.5479064e+00  -2.2760314e+00  -2.3693749e+00  -2.2484405e+00  -2.5122055e+00  -2.4721916e+00  -2.8502262e+00  -2.6089399e+00  -2.5456258e+00  -2.6519028e+00  -2.2054478e+00
   7.7642118e-01  -2.6260937e-03  -1.7309630e+00  -1.2135961e+00  -1.4598740e+00  -1.8393891e+00  -2.8652168e+00  -2.3158041e+00  -2.3433206e+00  -2.1645347e+00  -1.8151007e+00  -2.5335635e+00  -2.8263491e+00  -2.6658709e+00  -2.4550427e+00  -2.3562786e+00
   1.1477710e+00  -1.7826099e-01  -1.9022453e+00  -7.0231560e-01  -1.1454820e+00  -2.0088401e+00  -2.5013240e+00  -2.2596067e+00  -2.3079064e+00  -2.1754683e+00  -2.2683993e+00  -2.7918433e+00  -2.5152339e+00  -2.3452276e+00  -2.5809982e+00  -2.2764663e+00
   2.2331057e-01  -5.4615978e-01  -1.7057128e+00  -6.5368623e-01  -9.5232517e-01  -1.8270135e+00  -2.5925156e+00  -2.1806910e+00  -1.8417972e+00  -1.7626237e+00  -2.4204746e+00  -2.8750997e+00  -2.4106410e+00  -2.3717502e+00  -2.4095154e+00  -2.1901706e+00
   2.3483296e-01  -8.1543908e-01  -1.1580289e+00  -4.4807025e-01  -8.3593875e-01  -1.6893718e+00  -2.3111568e+00  -2.1172243e+00  -2.0923981e+00  -2.0788148e+00  -2.1428757e+00  -2.5401950e+00  -2.4511057e+00  -2.3902343e+00  -2.2668931e+00  -1.8879954e+00
   4.1794905e-01  -7.5320178e-01  -1.5727538e+00  -3.6357615e-01  -9.0839902e-01  -1.8931121e+00  -2.5047887e+00  -2.2558002e+00  -2.1940734e+00  -2.2436785e+00  -2.2788957e+00  -2.6043272e+00  -2.7278524e+00  -2.4189096e+00  -2.4105411e+00  -2.2572881e+00
   3.4513665e-01  -1.3858043e-01  -1.8152418e+00  -1.0759083e+00  -1.2479659e+00  -1.9984821e+00  -2.7425506e+00  -2.2857737e+00  -2.3994220e+00  -2.3276173e+00  -2.2833880e+00  -2.4902376e+00  -2.7432078e+00  -2.4477515e+00  -2.4732367e+00  -2.4388409e+00
   1.7686367e-01  -9.3062729e-01  -1.6306251e+00  -3.0576980e-01  -9.6997084e-01  -2.0942196e+00  -2.4458678e+00  -2.3205105e+00  -2.2058717e+00  -2.3715666e+00  -2.2924132e+00  -2.4144996e+00  -2.4747340e+00  -2.3713448e+00  -2.4896174e+00  -2.4463050e+00
   7.0062729e-01  -5.5776412e-01  -1.5310310e+00  -2.3678172e-01  -8.5565620e-01  -1.5140003e+00  -2.2963863e+00  -1.9707558e+00  -2.2338771e+00  -2.1112210e+00  -2.4471068e+00  -2.8914226e+00  -2.5887187e+00  -2.5288270e+00  -2.6501068e+00  -2.6001770e+00
   5.4052295e-01  -5.0698718e-01  -1.8194214e+00  -5.2363444e-01  -1.0096434e+00  -1.9960764e+00  -2.5919330e+00  -2.6118880e+00  -2.4907635e+00  -2.2699710e+00  -2.4768786e+00  -2.5006359e+00  -2.5472803e+00  -2.2036283e+00  -2.5729231e+00  -2.3044007e+00
   8.1549888e-01  -5.3443715e-01  -9.9888166e-01  -1.1344583e-01  -9.4242071e-01  -1.7010643e+00  -2.3930199e+00  -2.3953350e+00  -2.2969380e+00  -2.4426321e+00  -2.4127867e+00  -2.6529453e+00  -2.5599813e+00  -2.3897385e+00  -2.4176348e+00  -2.4854510e+00
   6.6566042e-01  -2.7015117e-01  -1.5915175e+00  -4.4801604e-01  -1.2069465e+00  -1.9532212e+00  -2.6867576e+00  -2.3269768e+00  -1.6215240e+00  -2.2903753e+00  -2.2280930e+00  -2.3714014e+00  -2.5023465e+00  -2.5726039e+00  -2.3250528e+00  -2.5188974e+00
   3.9732920e-01  -6.5892578e-01  -1.1974499e+00  -5.6744448e-01  -1.2171860e+00  -2.2089957e+00  -2.5596246e+00  -2.2235742e+00  -2.1029306e+00  -2.3895786e+00  -2.4932887e+00  -2.7039229e+00  -2.6192912e+00  -2.8505751e+00  -2.4064489e+00  -2.1201621e+00
   3.9071396e-01  -8.7791806e-01  -1.4761494e+00  -9.7037314e-01  -1.4158108e+00  -1.9765782e+00  -2.4664286e+00  -2.1785989e+00  -2.2983990e+00  -2.3055424e+00  -2.1985903e+00  -2.3714314e+00  -2.6267865e+00  -2.6168101e+00  -2.1961725e+00  -2.2047688e+00
   2.2809719e-01  -8.2270131e-01  -2.6608586e+00  -4.1441897e-01  -7.5296460e-01  -1.5137965e+00  -2.1673762e+00  -2.3178041e+00  -2.4272990e+00  -2.5979105e+00  -2.3309086e+00  -2.3771445e+00  -2.4766155e+00  -2.5473292e+00  -2.6541283e+00  -2.5674778e+00
   9.4937677e-02  -6.7427649e-01  -1.8166329e+00  -6.9343479e-01  -1.0239492e+00  -1.9144708e+00  -2.3488746e+00  -2.0560403e+00  -1.8459702e+00  -2.2074937e+00  -2.2804579e+00  -2.3757823e+00  -2.2330587e+00  -2.6101190e+00  -2.5028743e+00  -2.4131407e+00
   4.9708281e-01  -8.4295760e-01  -1.7344751e+00  -7.0696978e-01  -1.0756722e+00  -1.9903615e+00  -2.9260125e+00  -2.2719108e+00  -2.3330646e+00  -2.6052410e+00  -2.4256051e+00  -2.7569413e+00  -2.4313239e+00  -2.5913067e+00  -2.5605876e+00  -2.4131493e+00
  -6.3668197e-01  -7.4987438e-01  -1.3695126e+00  -1.6486494e-01  -8.9926330e-01  -1.7726452e+00  -2.5747521e+00  -2.2650540e+00  -2.4442921e+00  -2.3579103e+00  -2.3331663e+00  -2.7294018e+00  -2.5105850e+00  -2.5817919e+00  -2.5935020e+00  -2.3946284e+00
  -3.6963663e-01  -8.7878468e-01  -1.6813774e+00  -2.5194107e-01  -7.0801831e-01  -1.8422047e+00  -2.2771849e+00  -2.2788640e+00  -2.2258724e+00  -2.2124999e+00  -2.5293672e+00  -2.6317749e+00  -2.5569145e+00  -2.4792742e+00  -2.3179368e+00  -2.1100633e+00
  -3.0470622e-01  -8.1025477e-01  -1.6512472e+00  -5.3481969e-01  -8.7949163e-01  -2.4674704e+00  -2.9360257e+00  -2.6216055e+00  -2.7778504e+00  -2.1915099e+00  -2.2653443e+00  -2.5996120e+00  -2.4812914e+00  -2.2551053e+00  -2.4048779e+00  -2.2035510e+00
  -1.6816608e-01  -7.9770057e-01  -2.4929196e+00  -1.8596694e+00  -1.4700990e+00  -1.9379866e+00  -2.3480472e+00  -2.3439636e+00  -2.1203807e+00  -2.1650208e+00  -1.9672528e+00  -2.3661312e+00  -2.4129281e+00  -2.4664423e+00  -2.0033008e+00  -1.9062418e+00
  -1.1411742e-01  -7.3186904e-01  -1.7535074e+00  -8.2278634e-01  -1.0086475e+00  -1.5299914e+00  -2.3804018e+00  -2.1320107e+00  -2.2161495e+00  -2.0677987e+00  -2.2712861e+00  -2.4800885e+00  -2.3043735e+00  -2.3062028e+00  -2.1468562e+00  -1.7820601e+00
  -8.2830806e-02  -2.7989999e-01  -1.8198528e+00  -9.6622743e-01  -1.0796914e+00  -1.7574453e+00  -2.8696598e+00  -2.2227318e+00  -2.2911300e+00  -2.2288692e+00  -2.1374796e+00  -2.5973089e+00  -2.4950500e+00  -2.3210172e+00  -2.2632823e+00  -1.6987802e+00
   9.1034942e-01  -3.9851132e-01  -1.6519056e+00  -1.1719608e+00  -8.5609809e-01  -1.6442420e+00  -2.6242610e+00  -2.6874075e+00  -1.8914150e+00  -2.0745162e+00  -2.1248298e+00  -2.8237584e+00  -2.6767399e+00  -2.3657159e+00  -2.0717437e+00  -1.7530851e+00
   6.3382220e-01  -6.7292739e-02  -1.2687818e+00  -6.8602713e-01  -1.3591468e+00  -1.9572847e+00  -2.4320750e+00  -2.1536093e+00  -1.8531542e+00  -1.9967292e+00  -1.8707013e+00  -2.3142754e+00  -2.4471878e+00  -2.4946507e+00  -1.9233963e+00  -1.5718033e+00
   8.3735523e-01   4.5224872e-02  -1.8011354e+00  -3.5055962e-01  -9.3610399e-01  -1.6264956e+00  -2.3391895e+00  -1.8361460e+00  -1.6660594e+00  -1.6524082e+00  -1.4676440e+00  -2.2261799e+00  -2.1939248e+00  -2.1249344e+00  -1.7590536e+00  -1.6087633e+00
   4.0657693e-01   2.5682646e-01  -5.9212468e-01  -3.3178919e-01  -1.1572516e+00  -1.6488201e+00  -2.3034223e+00  -2.1400468e+00  -1.1963134e+00  -1.5164224e+00  -1.2615911e+00  -1.9773333e+00  -2.2432428e+00  -2.1704433e+00  -1.6452147e+00  -1.2629379e+00
   2.4232824e-01   1.0802474e+00   1.0085170e+00   2.7472850e-01  -6.0678906e-01  -1.6003300e+00  -1.5861655e+00  -1.5068380e+00  -2.2080330e-01  -2.3320233e-01  -5.6889530e-01  -2.0635468e+00  -1.7109359e+00  -1.6523744e+00  -1.4527303e+00  -1.0845925e+00
   2.2805116e-01   1.2292205e+00   1.5414482e+00   8.2543636e-01  -3.8934307e-01  -1.7085866e+00  -1.6539877e+00  -8.3659626e-01   3.5946637e-01   7.1997938e-01   1.1001235e-01  -1.4123994e+00  -9.6693672e-01  -1.1635656e+00  -1.1143286e+00  -7.1698359e-01
   3.1414067e-01   1.4485412e+00   1.7935117e+00   9.6634422e-01  -7.3190461e-01  -1.9588026e+00  -1.3828921e+00  -7.9559657e-01   3.7148687e-01   1.0796553e+00   5.4739237e-01  -7.0927257e-01  -4.5706588e-01  -7.5783203e-01  -8.3603366e-01  -1.5239005e-01
   1.2146929e+00   1.5934656e+00   1.8727062e+00   1.1052109e+00  -6.2032185e-01  -1.7314812e+00  -1.3766009e+00  -7.8743974e-01   2.0758123e-01   1.2420700e+00   7.0215137e-01  -3.2074125e-01  -1.8298690e-03  -3.7665329e-01  -7.0985374e-01  -2.6679664e-01
   1.3491541e+00   1.6743514e+00   1.9158573e+00   1.1137844e+00  -6.2366906e-01  -1.7012518e+00  -1.4121215e+00  -8.0996250e-01   4.6599123e-01   1.4887548e+00   7.7474857e-01  -4.7318372e-02   1.5362101e-02  -1.9441835e-01  -5.4820360e-01  -2.0739508e-02
   1.6721989e+00   1.7660234e+00   1.9141000e+00   1.1580493e+00  -3.6716783e-01  -1.7287548e+00  -1.4141954e+00  -9.1699780e-01   2.8459787e-01   1.5012675e+00   7.3220099e-01   5.8080579e-02   2.0100382e-01  -1.7124338e-03  -4.9904633e-01   3.5415641e-01
   1.7183531e+00   1.7356614e+00   1.8235571e+00   1.0308826e+00  -6.7948258e-01  -1.4920534e+00  -1.4963717e+00  -9.2608238e-01   1.3845071e-01   1.6215259e+00   7.0962977e-01   1.6803798e-01   4.6615456e-01   2.0405756e-01  -3.0147210e-01   4.4912461e-01
   1.6301863e+00   1.7153296e+00   1.8441130e+00   1.1163391e+00  -7.5105410e-01  -1.7756626e+00  -1.6218897e+00  -1.1499741e+00   1.2989792e-03   1.6079074e+00   6.2097057e-01   1.4758637e-01   4.9149865e-01   2.5452351e-01  -3.0313045e-01   4.2226329e-01
   1.5589225e+00   1.6342282e+00   1.8118880e+00   1.0728374e+00  -7.3473505e-01  -1.7718599e+00  -1.7409482e+00  -1.1089160e+00  -3.8125516e-02   1.4907495e+00   4.8962153e-01   1.6875821e-01   6.3596385e-01   3.4431086e-01  -3.9928028e-01   2.9642766e-01
   1.5108264e+00   1.7583328e+00   1.8183951e+00   1.1921104e+00  -5.2543452e-01  -1.9057167e+00  -1.6000363e+00  -1.1559185e+00  -2.2414256e-01   1.2783908e+00   4.1721578e-01   1.4600458e-01   5.6603381e-01   2.3037924e-01  -4.1760782e-01   4.4201297e-01
   1.5883141e+00   1.6360506e+00   1.7307790e+00   9.6774281e-01  -9.8089782e-01  -1.6402182e+00  -1.6142583e+00  -1.1810590e+00  -2.4990482e-01   1.2347661e+00   4.6578255e-01   1.7228575e-01   6.1448495e-01   3.7613609e-01  -3.9710171e-01   1.8997122e-01
   1.5943775e+00   1.5768560e+00   1.6698812e+00   7.3489953e-01  -7.1393606e-01  -1.5846526e+00  -1.7745957e+00  -1.3814719e+00  -3.9770666e-01   1.0294813e+00   3.2304285e-01   8.6409243e-02   3.8463080e-01   1.6902095e-01  -3.8534133e-01   1.3807360e-01
   1.3286242e+00   1.5752474e+00   1.6202672e+00   8.5620234e-01  -5.1951424e-01  -1.6559447e+00  -1.7782492e+00  -1.3772073e+00  -5.0617471e-01   8.8292594e-01   2.4854162e-01   1.3644723e-02   2.7477539e-01   8.4189808e-02  -3.7393265e-01   1.6876098e-02
   1.4023004e+00   1.4246312e+00   1.5243057e+00   6.6974625e-01  -5.2887488e-01  -1.9759155e+00  -1.7466442e+00  -1.3435412e+00  -4.8985081e-01   8.1005312e-01   1.4825559e-01  -4.0815848e-02   1.7637396e-01  -7.2970275e-02  -5.7555101e-01  -3.6579604e-01
   1.1792974e+00   1.4308240e+00   1.4843827e+00   5.8333506e-01  -1.3074726e+00  -1.5226017e+00  -1.6691894e+00  -1.6672388e+00  -6.0550560e-01   7.1091297e-01   1.8415344e-02  -1.5035308e-01   1.3615139e-02  -2.0381837e-01  -7.6468535e-01  -5.8407609e-01
   1.3614349e+00   1.3276858e+00   1.4182117e+00   5.1770701e-01  -1.1599580e+00  -1.7553322e+00  -1.9247945e+00  -1.6800679e+00  -7.1018538e-01   6.6628087e-01  -1.0438328e-01  -3.3967494e-01  -1.9354745e-01  -5.5090772e-01  -1.1124923e+00  -9.5688105e-01
   1.4385094e+00   1.3918125e+00   1.3662658e+00   5.3707227e-01  -1.1441106e+00  -1.5052851e+00  -1.8997330e+00  -1.5496330e+00  -9.4735301e-01   4.3295116e-01  -3.4765389e-01  -7.5112406e-01  -6.4604650e-01  -1.0128485e+00  -1.5114090e+00  -8.8211776e-01
   1.0040916e+00   1.0409888e+00   1.2135340e+00   8.9134972e-01  -2.8285296e-01  -1.7817966e+00  -1.5683210e+00  -1.7504326e+00  -1.2633634e+00   3.4834236e-01  -6.3072029e-01  -1.2900617e+00  -1.2346803e+00  -1.3824264e+00  -1.3556748e+00  -3.7219883e-01
   6.0010739e-01   1.0084584e+00   1.3844547e+00   7.2056962e-01  -5.4948533e-01  -1.8240080e+00  -2.3610553e+00  -1.9773538e+00  -1.5765345e+00  -3.0473311e-04  -1.0568882e+00  -1.6236750e+00  -1.2219237e+00  -1.2570445e+00  -1.2357985e+00  -4.9505049e-01
   2.4508316e-01   4.7789557e-01   1.2434357e+00   7.8331481e-01   4.6415378e-02  -1.2838188e+00  -2.1114697e+00  -2.0510337e+00  -1.7288586e+00  -3.7790630e-01  -1.1232256e+00  -2.0348043e+00  -1.5272689e+00  -1.4949114e+00  -1.3112584e+00  -6.6898107e-01
   2.6990976e-01   4.9781837e-01   1.1038100e+00   4.7345525e-01  -2.3975863e-01  -1.1263079e+00  -1.9655312e+00  -1.9070414e+00  -1.9925725e+00  -9.1255386e-01  -1.4288185e+00  -2.0741837e+00  -1.7831036e+00  -1.7536718e+00  -1.3878075e+00  -7.6922569e-01
   5.0554306e-01   6.8483085e-01   1.0009692e+00   5.4019031e-01  -1.6003989e-01  -1.1355225e+00  -2.0286866e+00  -2.2602917e+00  -2.1118607e+00  -1.4089076e+00  -1.9250966e+00  -2.3652782e+00  -1.8317349e+00  -1.9800401e+00  -1.7305312e+00  -1.3104836e+00
   4.0879930e-01   6.9951668e-02   4.5229874e-01   1.0908820e-01  -3.7590004e-01  -9.6449740e-01  -2.2813065e+00  -2.0574038e+00  -2.3354485e+00  -1.9062118e+00  -1.9784556e+00  -2.2376743e+00  -1.7863012e+00  -1.7656932e+00  -2.0287429e+00  -1.7609964e+00
   9.9110670e-01   2.2998407e-01   2.5146362e-01   2.3552816e-01  -4.3576142e-01  -1.5172546e+00  -2.5180899e+00  -2.4974263e+00  -2.4878430e+00  -1.7838463e+00  -1.8991242e+00  -2.0541700e+00  -2.1682296e+00  -1.9789497e+00  -1.9045137e+00  -1.7367967e+00
   1.0799917e+00   2.1015062e-01  -2.4820105e-01   1.1294769e-01  -6.9759162e-01  -2.0221193e+00  -2.1419184e+00  -2.5558346e+00  -2.0837528e+00  -1.5733425e+00  -2.0468076e+00  -2.5597226e+00  -2.7716702e+00  -2.3529412e+00  -1.9639825e+00  -1.8875584e+00
   7.6752898e-01  -1.0952865e-01  -9.4802643e-01  -4.2968587e-01  -6.3043736e-01  -2.0195586e+00  -2.3275122e+00  -2.3135056e+00  -2.4240869e+00  -1.9291202e+00  -1.9990605e+00  -2.5009588e+00  -2.6406903e+00  -2.4097464e+00  -2.1793943e+00  -1.9558424e+00
   5.1381528e-01  -6.6816653e-01  -7.9871804e-01  -2.0278131e-01  -8.3655037e-01  -1.6522116e+00  -2.4340175e+00  -2.5441608e+00  -2.6022268e+00  -2.5673573e+00  -2.4750553e+00  -2.5856703e+00  -2.3834598e+00  -2.1179525e+00  -2.3204715e+00  -2.2490484e+00
   7.4346173e-01  -3.6985071e-01  -1.5057239e+00  -1.5224444e-01  -7.2959717e-01  -1.5291024e+00  -2.3684399e+00  -2.8348403e+00  -2.7122980e+00  -2.4626843e+00  -2.2749043e+00  -2.5768602e+00  -2.6901852e+00  -2.6419048e+00  -2.4025347e+00  -2.3246157e+00
   5.3580443e-01  -3.7579591e-01  -1.4045027e+00  -4.5085804e-01  -9.2996896e-01  -1.6421392e+00  -2.6015442e+00  -2.2857706e+00  -2.3767751e+00  -2.1900281e+00  -2.5531887e+00  -2.6535017e+00  -2.6996694e+00  -2.7923512e+00  -2.4851061e+00  -2.5441617e+00
   3.8240522e-01  -2.2827494e-02  -1.5036501e+00  -7.5623494e-01  -1.1458055e+00  -1.7516807e+00  -2.4908226e+00  -2.2557779e+00  -2.4096604e+00  -2.3875279e+00  -2.6995232e+00  -2.5303730e+00  -2.7458394e+00  -2.4217335e+00  -2.2444809e+00  -2.5197303e+00
   3.7235971e-01   6.0400245e-02  -1.4321190e+00  -2.8719821e-01  -8.1797379e-01  -1.6913568e+00  -2.5066016e+00  -2.5307020e+00  -2.0461297e+00  -2.2212423e+00  -2.3022237e+00  -2.6148544e+00  -2.6643615e+00  -2.5490300e+00  -2.4646362e+00  -2.2998556e+00
  -8.8475314e-03  -5.4890871e-01  -1.2470884e+00  -6.2122850e-01  -9.0313939e-01  -1.7090830e+00  -2.4089410e+00  -2.5251110e+00  -2.1395885e+00  -2.0521382e+00  -2.3697379e+00  -2.4825827e+00  -2.5013186e+00  -2.2844079e+00  -2.2351964e+00  -2.3495384e+00
   1.0635333e+00  -4.9192824e-01  -9.9995571e-01  -5.6075647e-01  -1.4327856e+00  -1.6059207e+00  -2.6042820e+00  -2.2549170e+00  -2.4223595e+00  -2.4462235e+00  -2.3005162e+00  -2.7275325e+00  -2.6412935e+00  -2.5243295e+00  -2.5105443e+00  -2.3100590e+00
   8.1499515e-01  -2.4701923e-01  -1.5777723e+00  -6.6609463e-01  -1.1446423e+00  -1.5266097e+00  -2.8344810e+00  -2.5331366e+00  -1.9394690e+00  -2.1322650e+00  -2.4591535e+00  -2.6856981e+00  -2.5436028e+00  -2.4804996e+00  -2.5174161e+00  -2.2548275e+00
   5.7340440e-01  -5.2981868e-01  -1.8074840e+00  -8.1234207e-01  -8.8129212e-01  -2.0251208e+00  -2.2357969e+00  -2.5050613e+00  -2.3004258e+00  -2.2490364e+00  -2.2971888e+00  -2.7341153e+00  -2.4765979e+00  -2.5273349e+00  -2.7213967e+00  -2.1412393e+00
   4.6863368e-01  -7.3815406e-01  -2.1173159e+00  -1.1653023e+00  -1.7927491e+00  -2.0283815e+00  -2.2064731e+00  -2.0632356e+00  -2.2227563e+00  -2.4318514e+00  -2.1453393e+00  -2.5065851e+00  -2.3242041e+00  -2.2468337e+00  -2.4704356e+00  -2.1166687e+00
   3.8112094e-01  -2.4529460e-01  -1.3719746e+00  -8.2530328e-01  -1.6018580e+00  -1.8222369e+00  -2.1662926e+00  -2.1585570e+00  -2.3756523e+00  -2.3872247e+00  -2.3871832e+00  -2.6283890e+00  -2.8128884e+00  -2.4876759e+00  -2.6137688e+00  -2.1498540e+00
   2.3899920e-01  -8.8365343e-01  -1.3430940e+00  -3.0137483e-01  -1.1514360e+00  -1.9887171e+00  -2.3444173e+00  -2.1909269e+00  -2.4542051e+00  -2.2472516e+00  -2.2757078e+00  -2.5771334e+00  -2.7440257e+00  -2.5276516e+00  -2.4953990e+00  -2.4311295e+00
   5.0885221e-01  -3.3592065e-01  -1.5169050e+00  -6.3611855e-01  -1.8389078e+00  -2.2281683e+00  -2.5291113e+00  -2.2749168e+00  -2.3412204e+00  -2.4811619e+00  -2.4917870e+00  -2.5319993e+00  -2.8420170e+00  -2.3519619e+00  -2.4324485e+00  -2.2516963e+00
   9.4805467e-01  -3.1327271e-01  -1.9350114e+00  -5.9639615e-01  -1.0340063e+00  -1.9243529e+00  -1.9345013e+00  -2.2814799e+00  -2.6378183e+00  -2.6046451e+00  -2.1894926e+00  -2.9288526e+00  -2.8310852e+00  -2.5343491e+00  -2.6209358e+00  -2.3994714e+00
   8.5586496e-01  -8.6515006e-02  -2.0997908e+00  -2.4744692e-01  -5.6094594e-01  -1.6227798e+00  -2.2093477e+00  -2.6000814e+00  -2.3863045e+00  -2.5980015e+00  -2.2830526e+00  -2.6546642e+00  -2.4100153e+00  -2.6421523e+00  -2.4551673e+00  -2.3811518e+00
   7.4706303e-01  -6.2984614e-01  -1.4128802e+00  -4.9249676e-01  -1.1773359e+00  -1.9658441e+00  -2.7348939e+00  -2.3197338e+00  -2.3105947e+00  -2.3374321e+00  -2.2651802e+00  -2.5364862e+00  -2.5621076e+00  -2.6838089e+00  -2.7025989e+00  -2.3943498e+00
   3.7674589e-01  -3.7930282e-01  -1.3564519e+00  -3.5428773e-01  -1.3168384e+00  -2.2948918e+00  -2.8730652e+00  -2.0748968e+00  -2.1150088e+00  -2.0523800e+00  -2.3677579e+00  -2.7537590e+00  -2.7850120e+00  -2.4542320e+00  -2.5786017e+00  -2.2543532e+00
   1.0073555e-01  -9.2142648e-01  -1.3784705e+00   3.4613881e-02  -6.4043112e-01  -1.8083242e+00  -2.7696181e+00  -2.4205869e+00  -2.1184448e+00  -2.2859411e+00  -2.5668239e+00  -2.7621399e+00  -2.6065471e+00  -2.4338134e+00  -2.4865787e+00  -2.4863634e+00
  -1.2826468e-01  -6.8194238e-01  -1.0214155e+00   1.6099512e-01  -7.8677654e-01  -2.0254782e+00  -2.6914580e+00  -2.2725841e+00  -2.1403449e+00  -2.5469759e+00  -2.4268396e+00  -2.6815535e+00  -2.5485731e+00  -2.3929592e+00  -2.4522009e+00  -2.1799931e+00
  -1.6738591e-01  -5.0351822e-01  -1.5409082e+00  -1.2353353e+00  -9.3534984e-01  -1.6451727e+00  -2.7731221e+00  -2.3824685e+00  -2.0303931e+00  -2.3796618e+00  -2.4500171e+00  -2.5295644e+00  -2.6015735e+00  -2.6411329e+00  -2.4142234e+00  -2.3466425e+00
   3.3951361e-01  -7.7756728e-01  -1.6952195e+00  -1.0301548e+00  -1.2311272e+00  -1.6415665e+00  -2.2006095e+00  -2.3336960e+00  -2.3421678e+00  -2.6139406e+00  -2.5940616e+00  -2.7142972e+00  -2.4884948e+00  -2.5620387e+00  -2.4601603e+00  -2.4025188e+00
   1.7561716e-01  -6.0907579e-01  -1.3186413e+00  -6.1019190e-01  -1.0792559e+00  -1.4235654e+00  -2.6371026e+00  -2.3102283e+00  -2.4121190e+00  -2.3105819e+00  -2.3123226e+00  -2.5676276e+00  -2.5829808e+00  -2.7444976e+00  -2.6744298e+00  -2.4551644e+00
   6.5026682e-01  -6.2242958e-01  -1.8125555e+00  -9.7810551e-01  -1.2716914e+00  -2.0202976e+00  -2.3719349e+00  -2.3981240e+00  -2.5784875e+00  -2.3697342e+00  -2.2591180e+00  -2.7751129e+00  -2.3954613e+00  -2.5107378e+00  -2.6635593e+00  -2.5525268e+00
   8.1154683e-01  -1.3055128e-02  -1.7369308e+00  -4.0912066e-01  -1.1053951e+00  -2.3297135e+00  -2.5445766e+00  -2.4997616e+00  -2.4401289e+00  -2.4463031e+00  -2.5566074e+00  -2.6168638e+00  -2.4755512e+00  -2.3379272e+00  -2.5173977e+00  -2.1858930e+00
   6.1552026e-01  -3.1890612e-01  -1.8984197e+00  -9.3247277e-01  -1.4085839e+00  -1.9408028e+00  -2.3689382e+00  -2.6024115e+00  -2.7764283e+00  -2.5720374e+00  -2.4079215e+00  -2.6564088e+00  -2.4876467e+00  -2.5685913e+00  -2.6698032e+00  -2.3184446e+00
