   3.1305299e+00   2.7766251e+00   2.2335539e+00   1.8870931e+00   1.2413730e+00   1.5326396e+00   1.5978693e+00   1.5844540e+00   1.5817007e+00   1.4517737e+00   1.3149323e+00   9.9451513e-01   8.3199351e-01   7.0575172e-01   8.6094842e-01   9.0426821e-01
   2.9761331e+00   2.4432353e+00   2.2222531e+00   1.0904699e+00   9.2112726e-01   1.2834965e+00   1.3293207e+00   1.6105165e+00   1.6458762e+00   1.3037612e+00   1.4024495e+00   1.1767522e+00   6.8873226e-01   7.7126510e-01   6.9262709e-01   7.5370642e-01
   2.3830455e+00   2.4107988e+00   2.4758539e+00   2.1875104e+00   1.7906032e+00   1.4184102e+00   1.2637828e+00   1.4338030e+00   1.1542922e+00   9.4024534e-01   1.6297172e+00   1.4816836e+00   1.0809912e+00   6.9643638e-01   5.6946925e-01   7.6090253e-01
   2.3873759e+00   1.8957297e+00   1.8001861e+00   2.1552618e+00   1.7906143e+00   1.1719480e+00   8.7175094e-01   1.7470986e+00   1.3823572e+00   8.3864553e-01   1.2902288e+00   1.5187348e+00   1.0584386e+00   7.0582652e-01   9.9755685e-01   8.0074734e-01
   1.5772745e+00   1.8184056e+00   2.4712576e+00   2.0768454e+00   1.7405311e+00   1.5181883e+00   1.5866131e+00   1.5018127e+00   1.5705359e+00   1.3428977e+00   1.5049067e+00   1.2638843e+00   1.0207774e+00   8.3825221e-01   8.8621392e-01   1.0386524e+00
   2.1761511e+00   2.6023143e+00   1.7582716e+00   1.6024985e+00   1.9032211e+00   1.3546500e+00   1.3740469e+00   1.4683012e+00   1.3080250e+00   1.2063363e+00   1.6760079e+00   1.2927433e+00   1.0637182e+00   8.6640625e-01   9.6637033e-01   8.4528737e-01
   2.8211864e+00   2.6108687e+00   2.0117795e+00   2.1562374e+00   1.8936370e+00   1.5352663e+00   1.2077008e+00   1.6167962e+00   1.5580196e+00   1.2178519e+00   1.3612141e+00   1.2605447e+00   1.0559622e+00   8.2550734e-01   8.3815294e-01   8.7359127e-01
   3.0509349e+00   3.3989634e+00   2.9153569e+00   3.2885593e+00   3.0828450e+00   2.4160508e+00   2.2693975e+00   1.5891831e+00   1.6155087e+00   1.3627895e+00   1.1743473e+00   1.1715239e+00   9.4836348e-01   6.5940676e-01   7.1766008e-01   6.3273876e-01
   3.3486879e+00   3.2333835e+00   3.2699980e+00   3.3373312e+00   3.1562823e+00   2.8343995e+00   2.7625856e+00   2.6364752e+00   2.5844876e+00   1.8217963e+00   1.5708293e+00   1.1140699e+00   9.2781042e-01   5.7671452e-01   6.7938977e-01   8.6396153e-01
   3.5132145e+00   3.1951982e+00   3.6589232e+00   3.3410637e+00   3.7030498e+00   3.1437238e+00   2.4806116e+00   1.9609508e+00   1.7148474e+00   1.4869577e+00   1.0840167e+00   9.0439567e-01   9.7408329e-01   4.8531053e-01   5.0374167e-01   7.1056214e-01
   2.6007443e+00   2.9706772e+00   2.8694774e+00   2.5032303e+00   2.3304524e+00   2.0969618e+00   1.4887704e+00   1.6715261e+00   1.6073427e+00   1.3666647e+00   1.2874347e+00   1.2243820e+00   1.2144514e+00   5.5848789e-01   7.6099649e-01   8.7220866e-01
   2.8317268e+00   2.8767199e+00   2.4344975e+00   1.9403531e+00   1.6228398e+00   1.2263835e+00   1.2498840e+00   1.3610176e+00   1.5188086e+00   1.5755091e+00   1.5069887e+00   1.1313643e+00   1.2204676e+00   7.8623357e-01   8.3431111e-01   7.6197134e-01
   2.6268631e+00   2.5621492e+00   1.7044777e+00   2.1443828e+00   1.8917667e+00   1.3908630e+00   1.1553868e+00   1.4445431e+00   1.3112838e+00   1.5093948e+00   1.5289940e+00   1.1447359e+00   8.1033863e-01   7.0452172e-01   7.1708283e-01   7.7907991e-01
   2.8789290e+00   3.2516830e+00   2.5857286e+00   2.4485773e+00   1.9878548e+00   1.1787571e+00   1.2200506e+00   1.5310216e+00   1.6606003e+00   1.6316581e+00   1.5173420e+00   1.0810055e+00   9.5941351e-01   6.7346957e-01   7.2357899e-01   7.8254348e-01
   2.8563426e+00   2.4748306e+00   2.2810484e+00   2.3357884e+00   1.5226335e+00   1.4676619e+00   1.3231408e+00   9.7933469e-01   1.5362063e+00   1.3062320e+00   1.2781009e+00   1.2550708e+00   1.0745182e+00   9.5255072e-01   8.2281543e-01   8.2725388e-01
   2.7088603e+00   2.4319891e+00   1.7378591e+00   2.0482012e+00   1.8222948e+00   1.5623448e+00   1.2503601e+00   7.7483700e-01   1.0606328e+00   1.3016430e+00   1.1482093e+00   1.2782199e+00   9.8880144e-01   9.6105051e-01   8.8340591e-01   7.1160734e-01
   2.0857544e+00   2.4894811e+00   1.6405166e+00   1.9330556e+00   1.8015775e+00   1.7992927e+00   1.4438442e+00   9.3047691e-01   1.2243238e+00   1.2346562e+00   8.7210908e-01   9.7668199e-01   9.4402631e-01   1.0061558e+00   8.3042257e-01   8.2222471e-01
   3.1090509e+00   2.7195425e+00   1.2660540e+00   2.0305841e+00   1.8203354e+00   2.0317254e+00   1.3305391e+00   1.1870788e+00   1.1446088e+00   1.4285665e+00   1.5999551e+00   1.3993898e+00   9.9940379e-01   1.1656099e+00   8.9781017e-01   1.0780084e+00
   2.3097806e+00   2.1630789e+00   1.9130163e+00   1.9478655e+00   1.5820268e+00   1.4783162e+00   1.3803273e+00   1.5986727e+00   1.3020172e+00   1.5235924e+00   1.5131473e+00   1.2155807e+00   9.6971168e-01   1.0045895e+00   8.9410560e-01   8.3967903e-01
   2.0373380e+00   1.5558006e+00   1.6613108e+00   1.8402681e+00   1.4015313e+00   1.4801512e+00   1.3551706e+00   9.8067382e-01   1.4051189e+00   1.5055240e+00   1.3482458e+00   1.3321500e+00   8.4598681e-01   8.3271814e-01   7.4351608e-01   6.8393653e-01
   2.0651975e+00   1.9762756e+00   2.0346050e+00   2.2910857e+00   1.7089838e+00   1.0722126e+00   1.4662605e+00   1.2790711e+00   1.4945807e+00   9.8960701e-01   1.3018857e+00   1.1819274e+00   6.4029903e-01   8.1572427e-01   9.3470082e-01   7.4222418e-01
   3.2221636e+00   2.6333422e+00   2.6762762e+00   2.7532421e+00   1.6825948e+00   1.4321872e+00   1.6390241e+00   1.8075920e+00   1.8841629e+00   1.3182644e+00   9.9608166e-01   9.3764378e-01   1.2826722e+00   1.9752772e+00   1.6011347e+00   1.7038439e+00
   2.7851539e+00   2.3438145e+00   2.0176008e+00   2.2301315e+00   1.9468545e+00   1.3708522e+00   1.5801990e+00   1.2130060e+00   9.6222789e-01   8.9604476e-01   1.0608506e+00   1.3106737e+00   1.3148730e+00   2.1899671e+00   2.4646152e+00   2.3498815e+00
   2.7668046e+00   2.8213351e+00   1.9292746e+00   2.1666837e+00   1.7460391e+00   1.3793537e+00   1.2386397e+00   1.2670577e+00   1.1775036e+00   1.4580027e+00   1.1641580e+00   1.5458083e+00   1.4472953e+00   2.2852859e+00   2.5994821e+00   2.5055505e+00
   2.9668474e+00   2.6256214e+00   1.2770131e+00   1.7596934e+00   1.8020499e+00   1.3998973e+00   1.0588173e+00   1.1024272e+00   1.2802463e+00   1.5086112e+00   1.3602906e+00   1.4059221e+00   1.2855680e+00   2.0650973e+00   2.0058411e+00   2.1260224e+00
   2.8372758e+00   2.3062894e+00   2.0207747e+00   2.0227414e+00   2.0139031e+00   1.8306228e+00   1.5598318e+00   1.6088778e+00   1.4573038e+00   1.3689518e+00   1.2467748e+00   1.1069709e+00   1.1844680e+00   1.9468779e+00   1.7667294e+00   1.9773528e+00
   2.7422236e+00   2.9201759e+00   2.2518997e+00   2.1583272e+00   1.9934918e+00   1.9364635e+00   1.6882727e+00   1.8321248e+00   1.4679012e+00   1.4483195e+00   1.5064585e+00   1.2220394e+00   1.1671385e+00   1.9766897e+00   1.5949183e+00   1.4298682e+00
   2.2514771e+00   2.3158046e+00   1.7636833e+00   2.0143677e+00   1.6080894e+00   1.3828410e+00   1.3202823e+00   1.5484847e+00   1.4093552e+00   1.2841971e+00   1.5049694e+00   1.3253371e+00   1.0938517e+00   1.6916912e+00   1.4873647e+00   1.3332427e+00
   1.7045467e+00   2.1008121e+00   1.5407311e+00   1.3535529e+00   1.8201176e+00   1.0541606e+00   1.0857419e+00   1.3419216e+00   1.4069126e+00   1.4425440e+00   1.2651578e+00   1.2718331e+00   1.0704073e+00   8.4255526e-01   1.0814937e+00   1.0370615e+00
   3.1027107e+00   3.4476337e+00   2.5446522e+00   1.9830957e+00   1.8941815e+00   1.8457658e+00   9.9151439e-01   1.3356070e+00   1.5536174e+00   1.7749935e+00   1.5735758e+00   1.4707890e+00   1.3161004e+00   1.3249229e+00   7.1153938e-01   7.8267336e-01
   2.3472106e+00   2.9577235e+00   2.3152157e+00   2.0763553e+00   1.9055764e+00   1.2796811e+00   1.4414196e+00   1.5418585e+00   1.3449026e+00   1.6185935e+00   1.8816894e+00   1.5203575e+00   1.2194571e+00   9.2054867e-01   6.1997648e-01   6.5369211e-01
   3.0345685e+00   2.3529153e+00   2.0942004e+00   1.9000663e+00   1.2339444e+00   1.1085381e+00   1.4687817e+00   1.2153697e+00   1.1269014e+00   1.5079950e+00   2.0838758e+00   1.5814039e+00   1.5745497e+00   1.3096847e+00   4.9810205e-01   5.5188669e-01
   3.2631726e+00   2.8364727e+00   2.8599855e+00   1.6806001e+00   1.7042278e+00   1.3041779e+00   1.3659191e+00   1.6711061e+00   1.1926789e+00   1.6564608e+00   2.3305472e+00   2.0435088e+00   2.0435322e+00   1.6604686e+00   9.8317619e-01   7.8818941e-01
   2.7531310e+00   2.2788320e+00   2.2607184e+00   1.8209390e+00   1.6680910e+00   1.3681374e+00   1.5777449e+00   1.2140336e+00   1.4373791e+00   1.9072760e+00   2.4105526e+00   1.8855779e+00   2.2633105e+00   1.7313768e+00   6.8517399e-01   5.6939157e-01
   2.5231686e+00   2.5486905e+00   2.2976862e+00   1.9340968e+00   1.8156034e+00   1.8916184e+00   1.2374914e+00   1.2958969e+00   1.2501384e+00   1.8212623e+00   2.4740783e+00   2.0137956e+00   2.4325587e+00   1.7659917e+00   6.0662620e-01   6.8066486e-01
   1.9211769e+00   2.4787040e+00   2.7151432e+00   2.4193713e+00   1.7549256e+00   1.2936389e+00   1.4423455e+00   1.8308453e+00   1.4061322e+00   1.8106085e+00   2.4066456e+00   2.0821271e+00   2.4436298e+00   1.8266029e+00   8.1216061e-01   6.9471777e-01
   2.7411606e+00   2.8596602e+00   2.5263346e+00   2.2616487e+00   2.2088453e+00   1.3784060e+00   1.3771461e+00   1.3333826e+00   1.3482746e+00   1.9037893e+00   2.5835452e+00   2.1398740e+00   2.4861138e+00   1.9786535e+00   7.5757655e-01   6.5352181e-01
   2.6887015e+00   2.7094408e+00   2.4876839e+00   2.0791822e+00   1.8241982e+00   1.8788119e+00   1.9065969e+00   1.4521475e+00   1.2059367e+00   1.8273525e+00   2.7072571e+00   2.1725289e+00   2.3476230e+00   2.0348536e+00   6.5278068e-01   3.7403582e-01
   2.7083790e+00   2.0559971e+00   2.5663401e+00   2.4185717e+00   1.8221736e+00   1.3366657e+00   1.3590004e+00   1.0667691e+00   5.5648058e-01   2.0163476e+00   2.8767513e+00   2.4646350e+00   2.7034078e+00   2.2113206e+00   9.1199227e-01   6.4689646e-01
   2.5005179e+00   2.8569679e+00   2.6215331e+00   2.7873278e+00   2.2112081e+00   2.0769051e+00   1.2302370e+00   1.3249443e+00   1.1223437e+00   1.8530507e+00   2.6961323e+00   2.4990478e+00   2.8845744e+00   2.2298377e+00   7.8254949e-01   4.1476836e-01
   1.8626432e+00   2.3398191e+00   2.8852153e+00   2.4822684e+00   2.4991899e+00   1.1113432e+00   1.4118459e+00   1.1046611e+00   8.7002809e-01   1.9723077e+00   2.3898033e+00   2.2632508e+00   2.7391470e+00   2.0587557e+00   8.4910821e-01   5.3627528e-01
   2.7177732e+00   2.5611004e+00   2.7096544e+00   2.6002812e+00   2.1653546e+00   1.6556122e+00   9.9486015e-01   9.3027274e-01   1.1861343e+00   1.7964218e+00   2.6246114e+00   2.1623125e+00   2.6120403e+00   2.1449821e+00   9.2730312e-01   8.2072016e-01
   2.7046581e+00   2.2511872e+00   2.4924941e+00   2.3920418e+00   1.8079870e+00   1.5982842e+00   1.2326584e+00   1.2864928e+00   1.5020207e+00   1.6521736e+00   2.8422783e+00   2.3768589e+00   2.7778005e+00   2.1868074e+00   9.9333704e-01   8.5579941e-01
   2.5847116e+00   2.3125038e+00   2.0150434e+00   1.4904969e+00   1.2906258e+00   1.1447859e+00   1.3387214e+00   1.6690097e+00   1.5330924e+00   1.7393913e+00   2.5307233e+00   2.2809180e+00   2.6055317e+00   1.9685408e+00   8.4370711e-01   7.1910052e-01
   2.0934977e+00   2.5661492e+00   1.9465282e+00   1.7374700e+00   1.4332038e+00   1.5165631e+00   1.6525880e+00   1.5070818e+00   1.1481925e+00   1.4409147e+00   2.1799574e+00   2.1768732e+00   2.5436319e+00   2.0922784e+00   9.6415171e-01   6.7585459e-01
   2.6186959e+00   2.5967318e+00   2.3182024e+00   2.1668464e+00   1.2122759e+00   1.4409968e+00   1.3123780e+00   1.3978380e+00   9.5049978e-01   1.2281161e+00   2.7354983e+00   2.3215358e+00   2.5872427e+00   1.9965618e+00   9.6104240e-01   4.3888851e-01
   2.6896585e+00   1.9210512e+00   1.5991289e+00   1.6670870e+00   1.3249878e+00   1.1196440e+00   1.2209410e+00   9.5957836e-01   1.3502962e+00   1.2272759e+00   2.3741187e+00   2.2250246e+00   2.4003347e+00   1.9001645e+00   8.9798717e-01   7.0214749e-01
   3.0077168e+00   1.9376986e+00   1.7953637e+00   1.9101455e+00   1.4555785e+00   1.5823956e+00   1.4790538e+00   1.0780539e+00   1.1418877e+00   1.0302159e+00   2.2150015e+00   2.1025816e+00   2.3037182e+00   1.5505965e+00   6.3907521e-01   5.3988998e-01
   2.3891551e+00   2.5711162e+00   1.9064082e+00   1.5588565e+00   1.4989242e+00   1.6478279e+00   8.9247524e-01   1.0738004e+00   1.5919207e+00   1.4461780e+00   2.0426157e+00   1.6938795e+00   2.0446303e+00   1.3456703e+00   5.7387051e-01   8.6551110e-01
   3.3609447e+00   2.2723116e+00   2.3073167e+00   1.7482003e+00   1.6553160e+00   1.2338530e+00   1.1664725e+00   7.4264096e-01   7.7991789e-01   1.2054308e+00   2.0564198e+00   1.9180034e+00   2.0786228e+00   1.6796470e+00   5.0546889e-01   5.6404214e-01
   2.9704487e+00   2.5324650e+00   1.9811628e+00   1.9427571e+00   1.6809319e+00   1.4809553e+00   1.5060890e+00   1.6655378e+00   1.1151701e+00   1.3722347e+00   1.9221678e+00   1.9525688e+00   2.0142108e+00   1.6083516e+00   7.7823820e-01   7.7644961e-01
   2.3896111e+00   1.6805055e+00   1.3899081e+00   1.6777142e+00   1.6620648e+00   1.5143158e+00   1.0030914e+00   1.8970754e+00   1.5748825e+00   1.1309524e+00   1.6791672e+00   1.5432106e+00   2.0089770e+00   1.5929190e+00   8.1279571e-01   8.7650000e-01
   2.7051015e+00   2.3219905e+00   1.5272115e+00   1.9818099e+00   1.9509522e+00   1.9095557e+00   1.4307730e+00   1.4629803e+00   1.4510854e+00   1.3253659e+00   1.7684517e+00   1.5479773e+00   1.8932717e+00   1.4273423e+00   7.4448978e-01   7.9370795e-01
   2.3196037e+00   2.3887869e+00   2.0376952e+00   2.0315861e+00   2.2661232e+00   1.2634386e+00   1.2161549e+00   1.5642480e+00   1.5322880e+00   1.3234789e+00   1.9976239e+00   1.4840271e+00   1.8904082e+00   1.5385375e+00   9.4824815e-01   7.7349570e-01
   2.6860661e+00   2.3894426e+00   2.3526327e+00   1.9072459e+00   1.0942763e+00   1.4432036e+00   1.2597364e+00   1.7239055e+00   1.4059070e+00   1.6911246e+00   1.6637485e+00   1.5764740e+00   1.8780824e+00   1.5028665e+00   8.2095081e-01   7.5066659e-01
   2.0254981e+00   2.1301002e+00   1.9186278e+00   1.5703618e+00   1.8171523e+00   1.6592782e+00   1.5078260e+00   1.3827512e+00   1.1336465e+00   1.1900743e+00   1.3444423e+00   1.4489394e+00   1.7019393e+00   1.4322098e+00   9.0945377e-01   7.5672726e-01
   2.4567105e+00   2.1489768e+00   2.2039190e+00   2.0727036e+00   1.7616973e+00   1.5659333e+00   9.6607820e-01   1.1778206e+00   1.0828762e+00   1.1958397e+00   1.2008184e+00   1.2176108e+00   1.4190002e+00   1.1390881e+00   7.7126498e-01   7.4984675e-01
   2.2406532e+00   1.7012921e+00   1.6878582e+00   2.2078634e+00   1.5280724e+00   1.1371540e+00   1.2348821e+00   1.6031107e+00   1.3111728e+00   1.1372630e+00   1.3278216e+00   1.2541617e+00   1.3659945e+00   1.3038673e+00   8.5690753e-01   7.6036121e-01
   1.8845378e+00   1.5745575e+00   8.7185121e-01   1.5081237e+00   1.7845560e+00   1.0859786e+00   1.1252545e+00   1.0821591e+00   9.2225114e-01   1.0166063e+00   1.2908122e+00   1.1071265e+00   9.8846740e-01   1.1124861e+00   5.7233855e-01   6.0808220e-01
   2.1437278e+00   2.1741396e+00   1.5170964e+00   1.9260962e+00   1.7043580e+00   1.1017233e+00   1.2059566e+00   8.3416140e-01   7.7377591e-01   1.1183425e+00   1.0600199e+00   1.0844816e+00   9.1040709e-01   1.0681136e+00   7.8786721e-01   6.6717620e-01
   2.3558535e+00   2.4869215e+00   1.8370668e+00   2.2277032e+00   1.5046142e+00   8.1023636e-01   1.1926340e+00   1.6673916e+00   1.2367929e+00   1.0956347e+00   1.0662195e+00   1.1529182e+00   7.3011269e-01   7.9412721e-01   4.9700532e-01   4.8544563e-01
   2.9059200e+00   2.2841506e+00   1.7168457e+00   2.1779610e+00   1.5279387e+00   1.5598556e+00   1.4290328e+00   1.4007813e+00   1.2964670e+00   6.9132871e-01   9.1866121e-01   8.3211272e-01   8.7216451e-01   6.8587451e-01   7.1342668e-01   5.6360944e-01
   2.8921005e+00   2.4484821e+00   2.2249574e+00   2.1760041e+00   1.7606059e+00   1.5849047e+00   1.1489772e+00   1.0658071e+00   1.2517356e+00   1.0389695e+00   9.2827599e-01   7.3885338e-01   7.8772584e-01   7.3521210e-01   4.5698325e-01   4.2572462e-01
   3.2320026e+00   2.3770856e+00   1.6672150e+00   1.5593384e+00   1.6500203e+00   1.4880407e+00   1.3606931e+00   1.5420972e+00   1.5368521e+00   1.2584348e+00   1.3011961e+00   9.8537413e-01   4.9290361e-01   5.9147694e-01   8.0553179e-01   5.5379438e-01
   3.0274104e+00   2.2068879e+00   1.5568280e+00   1.7152298e+00   1.7021691e+00   1.2022226e+00   1.5591014e+00   1.1229855e+00   1.0973882e+00   1.3582785e+00   1.2498540e+00   1.3116691e+00   9.5897319e-01   6.3589633e-01   6.1648008e-01   6.3178618e-01
   3.0183845e+00   2.4311502e+00   1.3069311e+00   2.4036313e+00   1.9654449e+00   1.5072633e+00   1.2385068e+00   1.2464709e+00   9.3290322e-01   1.0260335e+00   8.2391083e-01   1.2362204e+00   1.0193051e+00   7.5793599e-01   4.6403070e-01   4.7346376e-01
   2.6961992e+00   2.0415443e+00   1.5317773e+00   1.9783744e+00   1.6755273e+00   1.6998370e+00   1.3046522e+00   1.4507096e+00   1.2472748e+00   1.3978974e+00   1.4612040e+00   1.3754206e+00   8.2911649e-01   6.5291815e-01   8.2901002e-01   6.9230442e-01
   2.3640206e+00   2.2783680e+00   2.1759496e+00   2.1948029e+00   1.9387779e+00   1.6331498e+00   1.7956901e+00   1.7679536e+00   1.4842591e+00   1.2940577e+00   1.3625269e+00   1.2181537e+00   8.4004729e-01   8.1662764e-01   9.4497816e-01   8.5953350e-01
   2.3613098e+00   2.1461483e+00   2.1162264e+00   1.8675316e+00   1.4724670e+00   1.7832327e+00   1.3949581e+00   1.8349804e+00   1.2007181e+00   1.1114761e+00   1.4375284e+00   1.3128198e+00   8.5636540e-01   8.6747301e-01   1.0290330e+00   8.7118170e-01
   1.9814668e+00   2.3279338e+00   1.9644707e+00   2.0485763e+00   2.0204905e+00   1.6213619e+00   1.5172174e+00   1.5754985e+00   1.3963977e+00   1.3962287e+00   1.7181555e+00   1.2929044e+00   9.4035284e-01   8.7825672e-01   9.5802480e-01   7.1705009e-01
   1.9775540e+00   2.0457607e+00   1.8644173e+00   2.3299458e+00   1.6324433e+00   1.3742614e+00   1.2616695e+00   1.2842577e+00   1.3341347e+00   1.3102400e+00   1.0808927e+00   1.0680942e+00   1.0510734e+00   5.1314289e-01   8.3364756e-01   8.5273596e-01
   2.6598998e+00   2.1000091e+00   1.6478538e+00   2.2485507e+00   1.8654888e+00   1.4440489e+00   1.8534733e+00   1.6064247e+00   1.7304680e+00   1.9634419e+00   1.3473335e+00   1.2585429e+00   8.6369792e-01   5.8267957e-01   7.1616617e-01   6.8702956e-01
   2.7774816e+00   1.8599508e+00   1.7743044e+00   2.1847194e+00   1.4375072e+00   1.5754492e+00   1.8393288e+00   1.4362816e+00   1.3820528e+00   1.2879014e+00   1.3177886e+00   1.3600122e+00   7.7706519e-01   8.3294769e-01   9.3076091e-01   9.6637119e-01
   2.5410538e+00   2.1348160e+00   2.0725994e+00   1.7478587e+00   1.6828159e+00   1.5625009e+00   1.4246556e+00   1.3078861e+00   1.5424664e+00   1.4544207e+00   1.4323656e+00   1.0632008e+00   1.0435407e+00   8.5613859e-01   8.7808629e-01   8.5312501e-01
   2.5811034e+00   1.5278810e+00   1.5415443e+00   1.9451423e+00   1.8991319e+00   1.5970805e+00   1.0437293e+00   1.4052264e+00   1.0738899e+00   1.4831541e+00   1.3685337e+00   1.2840931e+00   8.0486821e-01   7.1918299e-01   8.7240215e-01   7.3265807e-01
   3.3242063e+00   2.2893069e+00   2.0388286e+00   2.1551130e+00   1.9706292e+00   1.5110642e+00   1.5782979e+00   1.5197912e+00   1.5546442e+00   1.2883855e+00   1.4590343e+00   1.5051043e+00   6.6192047e-01   5.5642574e-01   9.3250556e-01   8.6234878e-01
   2.1026370e+00   1.6224171e+00   1.8398669e+00   1.9300674e+00   1.7750650e+00   1.5097037e+00   1.9753137e+00   1.8090390e+00   1.3989484e+00   1.1797444e+00   1.3233116e+00   1.4487796e+00   9.0127276e-01   9.2766583e-01   8.9283435e-01   9.0641573e-01
   2.0763696e+00   1.5413348e+00   1.6696572e+00   2.2034042e+00   1.8698895e+00   1.4724453e+00   1.6973821e+00   1.5028879e+00   1.1864850e+00   9.6430285e-01   1.3072665e+00   1.4897304e+00   1.0927048e+00   1.0232359e+00   9.9436611e-01   1.0030421e+00
   2.6834254e+00   1.9612528e+00   1.7755580e+00   2.0983131e+00   1.6493073e+00   1.0174660e+00   1.8520306e+00   1.5557942e+00   1.0902271e+00   1.2903715e+00   1.6013390e+00   1.4728988e+00   1.0630443e+00   7.4788050e-01   1.1664636e+00   1.0735937e+00
   2.1103153e+00   1.8205624e+00   1.8916573e+00   1.3952564e+00   1.2969866e+00   1.4874400e+00   2.1248937e+00   1.7857951e+00   1.3667476e+00   1.2462205e+00   1.4647109e+00   1.0720358e+00   1.0763992e+00   1.0103718e+00   1.2547649e+00   1.2552285e+00
   1.8904404e+00   1.6906380e+00   1.6828129e+00   1.8285960e+00   1.2941636e+00   1.2783327e+00   1.2451821e+00   1.2625912e+00   1.2463644e+00   1.4477082e+00   1.0747986e+00   1.1310510e+00   6.9264188e-01   8.9152897e-01   9.1647546e-01   8.1453033e-01
   2.1096305e+00   1.6973753e+00   2.1623905e+00   1.9821368e+00   1.9284387e+00   1.7913529e+00   1.4930078e+00   1.2464825e+00   1.4012909e+00   1.2885575e+00   1.3341037e+00   1.0696266e+00   6.4056849e-01   6.6555061e-01   4.8648650e-01   6.4365179e-01
   1.9573374e+00   1.2169257e+00   1.7317976e+00   2.1956680e+00   1.9094896e+00   1.5733718e+00   1.8389003e+00   1.5754438e+00   1.2830510e+00   1.2912181e+00   1.1077817e+00   1.1081375e+00   9.6471233e-01   7.6539586e-01   9.8451015e-01   8.4004891e-01
   2.2861219e+00   1.4661569e+00   1.6621259e+00   1.9198390e+00   1.7375045e+00   1.2189127e+00   1.4616490e+00   1.4514504e+00   1.3848315e+00   1.1821597e+00   1.3953379e+00   1.0115647e+00   1.0640673e+00   8.3855514e-01   8.4044487e-01   6.6515222e-01
