   2.8610666e+00   1.5973434e+00   4.7923217e-01   9.1628657e-01   6.7938532e-01   3.8840106e-01   4.9480133e-01   3.1601355e-01  -6.4191772e-03  -3.6174239e-02  -6.0951174e-01  -5.1505284e-01  -9.0719521e-01  -1.1598588e+00  -1.1152483e+00  -1.1215389e+00
   2.7089077e+00   1.1275008e+00   6.2881094e-01   8.3798795e-01   6.0552152e-01   6.3973309e-01   4.9799338e-01   4.7462367e-01   1.1766515e-02  -3.2065423e-01  -4.0664018e-01  -8.8867629e-01  -1.1239733e+00  -9.8930160e-01  -1.3075427e+00  -9.7973808e-01
   2.3859439e+00   1.1220897e+00   6.9544184e-01   1.0562293e+00   3.5310058e-01   9.4398505e-01   6.7403246e-01   6.0546709e-01   2.5513378e-02  -3.4633433e-01  -9.8843156e-02  -3.0858336e-01  -9.6945081e-01  -8.1014374e-01  -1.1744703e+00  -9.6706390e-01
   2.7325096e+00   1.3839900e+00   7.8569361e-01   8.7289097e-01   5.7463611e-01   5.6998517e-01   5.2002312e-01   5.6846547e-01  -3.0934184e-01  -2.9563758e-01  -3.5186222e-01  -6.3182513e-01  -7.2916512e-01  -8.7410050e-01  -7.9029880e-01  -1.1377566e+00
   2.5381037e+00   1.3388865e+00   9.5697481e-01   5.7079371e-01   9.8683391e-01   8.0697869e-01   4.4289224e-01   3.9903221e-01  -2.3866471e-02  -2.5342342e-01  -5.3294856e-01  -3.6551677e-01  -9.5454932e-01  -8.6338209e-01  -8.9290197e-01  -9.7941918e-01
   2.5848026e+00   9.6435587e-01   6.4612299e-01   5.8626578e-01   8.3871670e-01   6.3229683e-01   4.6290971e-01   7.8061838e-01   3.1194889e-01  -1.2533265e-01  -2.0587843e-01  -8.5775415e-01  -6.9341997e-01  -8.9702950e-01  -1.1260278e+00  -1.2374878e+00
   2.6629267e+00   8.7008212e-01   4.5397399e-01   5.7947406e-01   5.4006062e-01   6.8035740e-01   8.9121836e-01   3.5900425e-01  -1.3460204e-01  -1.9792670e-01  -3.9332900e-01  -3.9805173e-01  -6.8874663e-01  -8.1433214e-01  -9.0749682e-01  -8.3561416e-01
   2.4306541e+00   1.5954560e+00   4.7017198e-01   1.1462496e+00   7.5164747e-01   1.3470477e+00   6.7533172e-01   6.5762353e-01   2.1953890e-01  -8.8457254e-02  -6.8880441e-01  -6.2627621e-01  -6.2353234e-01  -8.9406698e-01  -1.0481617e+00  -7.5232829e-01
   2.5687597e+00   1.4199373e+00   1.3338959e+00   9.9189703e-01   9.3303572e-01   8.1560322e-01   3.6816039e-01   8.1296636e-01   2.5900196e-01  -2.7474985e-01  -3.9473324e-01  -4.9160422e-01  -9.3540615e-01  -1.0797245e+00  -1.0862326e+00  -9.1161895e-01
   2.3447690e+00   1.5838306e+00   7.2690501e-01   4.3914298e-01   5.3375701e-01   7.2028754e-01   5.9771188e-01   7.5582878e-01   3.6262291e-01   3.0319695e-02  -3.0294125e-01  -3.4593634e-01  -6.8511004e-01  -1.1152787e+00  -1.0376878e+00  -1.0039486e+00
   2.1196101e+00   1.0680526e+00   6.5391824e-01   4.8033689e-01   4.1845411e-01   6.4543475e-01   4.4548044e-01   6.1005411e-01   3.7117145e-01   1.8726214e-01  -2.3993325e-01  -6.7805389e-01  -5.6690938e-01  -7.3502424e-01  -1.0411504e+00  -9.8525330e-01
   2.1620894e+00   1.0158099e+00   5.8689680e-01   8.2508239e-01   4.6284488e-01   6.3453126e-01   7.8123652e-01   7.9592950e-01   4.5917983e-01   1.9469532e-01  -8.8373024e-02  -3.4751960e-01  -6.9888811e-01  -1.0986309e+00  -1.0426206e+00  -9.0931376e-01
   1.7375723e+00   1.1289859e+00   4.0338437e-01   7.6950579e-01   6.7906503e-01   2.6002347e-01   9.5430021e-01   1.0406801e+00   1.7072987e-01  -2.6666747e-01  -3.5608115e-01  -4.8581483e-01  -9.3015896e-01  -9.2633040e-01  -1.2189521e+00  -1.0953925e+00
   2.2200305e+00   1.4130844e+00   4.0371089e-01   6.4490316e-01   8.2127471e-01   6.1763275e-01   7.1515372e-01   5.8502080e-01   1.9186767e-01   1.6325921e-01  -6.8254460e-02  -2.2044103e-01  -5.7485502e-01  -1.1100349e+00  -9.0580021e-01  -7.2063790e-01
   1.8950268e+00   1.1990612e+00   1.0254356e+00   1.0496152e+00   9.5186743e-01   7.8935091e-01   3.5243093e-01   3.4995246e-01   3.9481066e-01   2.1143157e-01  -4.6229531e-01  -5.6718764e-01  -6.8121980e-01  -1.2500560e+00  -1.0063332e+00  -9.2024095e-01
   2.5837046e+00   9.8556280e-01   4.0122470e-01   6.6639230e-01   9.4863190e-01   6.3113112e-01   5.3914684e-01   4.6096565e-01   1.7668098e-01  -3.1617094e-01  -2.4679811e-01  -3.6711787e-01  -6.3121723e-01  -1.1026911e+00  -7.4633532e-01  -6.1722677e-01
   2.5994637e+00   1.0414455e+00   7.9016096e-01   9.1790030e-01   4.1108782e-01   8.3063774e-01   9.2569286e-01   5.3593130e-01   4.9040108e-02  -5.1171069e-01  -3.9341708e-01  -5.2780383e-01  -6.2850753e-01  -7.3320065e-01  -7.5614383e-01  -6.2658974e-01
   2.2835275e+00   9.0753953e-01   8.9272573e-01   3.8657140e-01   2.0456037e-01   1.4872592e-01   5.9523772e-01   4.1128546e-01   2.5723965e-01  -3.8688005e-01  -6.4527997e-01  -4.8004323e-01  -9.6323546e-01  -9.1799343e-01  -1.0655801e+00  -1.0382522e+00
   2.3614050e+00   1.0888840e+00  -9.9734680e-02   5.1939458e-01   6.6230305e-01   5.4260759e-01   7.0896564e-01   3.9342289e-01   2.1062815e-01  -5.0487593e-02  -4.8150720e-01  -4.6596708e-01  -5.3485970e-01  -1.1417597e+00  -1.1386702e+00  -1.1715695e+00
   2.4865527e+00   1.7377968e+00   5.8513897e-01   4.7359996e-01   8.3911556e-01   6.1997419e-01   4.0863313e-01   7.2203725e-01   3.2302277e-01  -4.4922672e-01  -5.3860038e-01  -4.2875671e-01  -7.1838528e-01  -1.2075837e+00  -1.2050738e+00  -1.1432026e+00
   2.7629516e+00   1.6601108e+00   6.9799838e-01   7.5660214e-01   6.9857597e-01   4.7952627e-01   2.8061723e-01   1.9441982e-01  -6.1065894e-02  -4.6692381e-01  -4.5023294e-01  -4.9411873e-01  -8.8662646e-01  -1.2803997e+00  -1.1237470e+00  -1.0030287e+00
   2.8476315e+00   1.7996413e+00   7.3589145e-01   6.1602412e-01   6.6014968e-01   9.7766680e-01   6.1081620e-01   3.0013724e-01   1.3974824e-01  -1.0898220e-01  -5.8138133e-01  -7.5857835e-01  -1.0016434e+00  -1.0529829e+00  -9.9465980e-01  -8.1857378e-01
   2.4901554e+00   1.3199178e+00   5.3334225e-01   1.3560804e+00   7.2817318e-01   6.5050998e-01   4.7515225e-01   6.7301963e-01   3.9091635e-01  -9.6397593e-03  -3.7733922e-01  -4.5794787e-01  -8.3680214e-01  -7.7888844e-01  -6.9329203e-01  -7.3656068e-01
   2.4615104e+00   1.3368465e+00   3.6486542e-01   1.0160027e+00   9.9117839e-01   3.7179130e-01   4.2728642e-01   5.8814770e-01   5.6419150e-01   9.7256134e-02  -2.5234045e-01  -3.7479997e-01  -6.5538758e-01  -4.7494125e-01  -8.1042599e-01  -1.0308798e+00
   1.9794576e+00   1.1474779e+00   7.5721812e-02   9.9320249e-01   5.5925405e-01   3.9053616e-01   4.8916764e-01   8.5855222e-01   6.1903387e-01   2.6814356e-01  -3.3267221e-01  -5.7894060e-01  -7.2374109e-01  -6.7098862e-01  -1.0837596e+00  -1.2986165e+00
   2.6249016e+00   1.3942072e+00   3.1007284e-01   6.1550388e-01   9.7896518e-01   9.7407803e-01   6.0938257e-01   3.9219050e-01   3.7278592e-01   1.0737628e-01  -3.7120337e-01  -5.8982431e-01  -8.7589893e-01  -6.5341077e-01  -1.0025777e+00  -1.3603001e+00
   2.3717623e+00   1.4881583e+00   6.3816139e-01   9.3805585e-01   8.2954738e-01   3.7134396e-01   6.9591169e-01   6.4187003e-01   2.2573670e-01   4.9998280e-02  -3.3424203e-01  -3.7169278e-01  -7.3386814e-01  -5.4130730e-01  -8.8084860e-01  -1.2821742e+00
   2.1614747e+00   2.3161483e+00   1.6325673e+00   1.2313556e+00   1.6592283e+00   9.0429839e-01   6.8083384e-01   6.9891962e-01   7.3768745e-01   4.1703587e-01   2.3954241e-01   5.1768702e-01   3.4611233e-01   4.9655602e-01  -5.3558418e-01  -9.6761417e-01
   1.4184415e+00   1.4081368e+00   1.6496817e+00   1.6385242e+00   1.9618366e+00   1.4563656e+00   6.7081200e-01   6.8772960e-01   6.9868502e-01   2.5323685e-01   5.6081640e-01   1.0400595e+00   9.6303049e-01   1.0735464e+00  -2.4981719e-01  -7.0142558e-01
   2.0573650e+00   1.5024489e+00   1.5247914e+00   1.9997204e+00   2.2957880e+00   1.4157469e+00   6.5273991e-01   7.3710150e-01   1.2728696e+00   6.6237741e-01   7.4032430e-01   1.2150182e+00   1.2946540e+00   1.3622090e+00   5.8139504e-02  -6.2618824e-01
   2.2533413e+00   1.7802887e+00   9.4319992e-01   1.8762326e+00   2.4636479e+00   1.8144553e+00   6.8972228e-01   7.3491695e-01   1.1619806e+00   4.1060900e-01   8.6942157e-01   1.3031688e+00   1.4249941e+00   1.3328295e+00   1.6744166e-02  -6.8763066e-01
   2.1003455e+00   1.2449854e+00   1.3611154e+00   1.5896545e+00   2.4684748e+00   1.7486915e+00   1.0158593e+00   1.2635934e+00   1.4824518e+00   5.2303856e-01   1.0911761e+00   1.5942633e+00   1.4683031e+00   1.2137050e+00   8.4615733e-02  -1.5147517e-01
   2.2389618e+00   1.4799304e+00   6.2645119e-01   1.8342802e+00   2.4421004e+00   1.4739983e+00   9.0708454e-01   1.3446761e+00   1.6248584e+00  -1.2379101e-02   9.1208066e-01   1.5075482e+00   1.6624761e+00   1.3639637e+00  -7.7643344e-03  -1.6061899e-01
   1.8932145e+00   1.7807254e+00   8.5184647e-01   1.6786847e+00   2.6143802e+00   1.9308342e+00   1.0364164e+00   1.7207391e+00   1.9924689e+00   8.4624978e-01   7.1608012e-01   1.1993818e+00   1.4511413e+00   1.4252184e+00   4.6764343e-02  -5.6967873e-01
   2.3429236e+00   1.3652742e+00   1.4628716e+00   2.0998671e+00   2.3968401e+00   1.9139626e+00   1.3829413e+00   1.6419532e+00   1.9359593e+00   1.0667820e+00   8.8692523e-01   1.3777606e+00   1.2351948e+00   1.3775137e+00   1.1537775e-01  -4.1847387e-01
   2.4058911e+00   1.4586145e+00   1.2349773e+00   1.6829096e+00   2.5174070e+00   2.2021239e+00   1.3799709e+00   1.6577630e+00   1.9892168e+00   1.0704755e+00   9.0921464e-01   1.1967988e+00   1.1975254e+00   1.3303203e+00   8.3793499e-02  -7.7816368e-01
   2.1894459e+00   1.6634412e+00   1.3026627e+00   1.7518319e+00   2.5425591e+00   2.1120444e+00   1.4382405e+00   1.9671744e+00   2.1868370e+00   1.1123307e+00   1.1161408e+00   1.5369916e+00   1.3984993e+00   1.4502155e+00   4.7959255e-02  -4.5227682e-01
   1.8885049e+00   1.7776192e+00   9.9141842e-01   1.8242890e+00   2.3676487e+00   1.9953471e+00   1.3045419e+00   1.9460839e+00   2.1617022e+00   1.1163632e+00   1.1395480e+00   1.4686062e+00   1.2333639e+00   1.3675108e+00   6.2229794e-02  -5.4354974e-01
   2.7029623e+00   2.0386153e+00   1.0053756e+00   1.7924963e+00   2.4314952e+00   2.1785841e+00   1.4220196e+00   2.2097831e+00   2.2167178e+00   9.6845022e-01   1.1460492e+00   1.4796718e+00   1.3634249e+00   1.4353019e+00   6.1752863e-03  -4.5063262e-01
   3.0234683e+00   2.2120587e+00   1.4168200e+00   2.0444779e+00   2.4610639e+00   2.1929576e+00   1.6245882e+00   2.2064841e+00   2.2102789e+00   9.9174919e-01   1.0950490e+00   1.3576538e+00   1.3359508e+00   1.4772880e+00  -6.7784671e-02  -5.7477793e-01
   2.5366085e+00   2.2631121e+00   1.7008607e+00   1.8971332e+00   2.5101869e+00   2.1698103e+00   1.5208491e+00   2.0800666e+00   1.8497420e+00   9.8370406e-01   9.0188930e-01   1.2129586e+00   1.3566751e+00   1.2990494e+00  -3.9186182e-01  -5.5231164e-01
   2.5446379e+00   2.6549341e+00   1.7372716e+00   2.1314086e+00   2.5243504e+00   2.0321860e+00   1.1279509e+00   1.9188831e+00   1.6519909e+00   4.9131049e-01   7.9143071e-01   9.7625818e-01   1.2907265e+00   1.3236306e+00  -1.7250727e-01  -3.4189914e-01
   2.2368751e+00   2.3074043e+00   1.9026963e+00   2.2088536e+00   2.4496158e+00   1.8343458e+00   1.1356667e+00   1.7024960e+00   1.1174521e+00  -2.4852923e-02   6.4060949e-01   8.2600699e-01   1.1671412e+00   1.1141626e+00  -4.0251722e-01  -4.8553136e-01
   1.9994973e+00   2.4566417e+00   1.8654868e+00   2.1244343e+00   1.9772181e+00   1.5646013e+00   1.0729224e+00   1.1677604e+00   5.5554665e-01   4.5393017e-03   5.8958028e-01   4.2220570e-01   6.8325468e-01   5.9117429e-01  -6.1477095e-01  -6.6028243e-01
   2.5915826e+00   2.2471909e+00   1.6430741e+00   1.8108930e+00   9.1313266e-01   1.3060782e+00   5.5973788e-01   7.3669605e-01   2.5422666e-01   1.8028237e-02   3.4615525e-01  -2.6491782e-01   1.2217791e-01  -8.6205246e-02  -5.7970011e-01  -7.0782590e-01
   1.9827013e+00   2.0301431e+00   1.9650664e+00   1.4738790e+00   8.0784050e-01   4.1446765e-01   4.4117142e-01   9.1887039e-01   2.6097503e-01   1.5433455e-02   3.5429451e-01  -9.2092394e-02  -4.2482816e-01  -4.1678080e-01  -6.3057559e-01  -5.5610510e-01
   2.6844209e+00   2.0360164e+00   1.5041714e+00   1.3509184e+00   5.3218405e-01   2.2822854e-01   2.5384922e-01   6.7617908e-01   5.0570634e-01   1.8614907e-01   4.4960532e-01   1.5642753e-01  -4.5413157e-01  -5.0265277e-01  -5.6619101e-01  -5.5007595e-01
   2.0463436e+00   1.7103681e+00   1.3337334e+00   1.0578320e+00   5.8304807e-01   6.7258761e-01   4.2208621e-01   6.3960853e-01   1.5506878e-01   6.9946453e-02   4.2173484e-01  -1.1327309e-01  -3.4055352e-01  -4.8636889e-01  -6.0766360e-01  -5.1945630e-01
   2.4649765e+00   2.2763103e+00   1.4132408e+00   8.4467689e-01   5.7627648e-01   4.2958865e-01   1.0325514e+00   9.7475466e-01   7.2557225e-02   1.3400669e-01   3.0040291e-01  -2.4714033e-01  -5.8318499e-01  -6.2249431e-01  -6.8856812e-01  -7.3930671e-01
   2.7063797e+00   2.1954902e+00   1.5762516e+00   8.9513919e-01   3.7996914e-01   6.6732024e-01   9.2153926e-01   4.7791581e-01   2.3610827e-01   8.6930225e-02   4.5594799e-01  -2.9444707e-01  -5.1808714e-01  -5.6737049e-01  -7.2431285e-01  -8.6783720e-01
   2.8146073e+00   2.6368297e+00   1.6408819e+00   9.9158737e-01   1.0093223e+00   8.6396950e-01   8.3801170e-01   4.3538492e-01   2.3444023e-01   2.1806622e-01   4.1870512e-01  -2.6872140e-01  -5.1996535e-01  -5.6883714e-01  -7.1003651e-01  -9.4867812e-01
   2.4980754e+00   2.1988008e+00   9.9731347e-01   9.3634222e-01   5.5265319e-01  -1.0330328e-01   7.1364621e-01   7.9542233e-01   8.8144880e-02  -2.2041154e-01   3.0552619e-02  -3.2129079e-01  -3.3874917e-01  -5.9117003e-01  -6.4098428e-01  -5.7718530e-01
   1.9073330e+00   2.1803585e+00   1.7238206e+00   1.3699361e+00   4.9153072e-01   2.3197432e-01   1.0382010e-01   6.7069197e-01   1.3126031e-01  -3.0794367e-02   1.9061216e-01   8.6652009e-02  -2.3943053e-01  -3.9931447e-01  -5.6111499e-01  -5.3145544e-01
   2.2628050e+00   2.0452964e+00   1.6017498e+00   1.2786213e+00   8.4453279e-01   8.3648618e-01   7.8516083e-01   7.9219002e-01   2.6300072e-02  -1.1339982e-01   4.9331639e-01  -4.1148956e-02  -4.2295116e-01  -3.6023792e-01  -6.7780615e-01  -6.8851618e-01
   2.5305543e+00   1.8771854e+00   1.5771685e+00   1.2126114e+00   1.1900213e+00   7.7229995e-01   2.9272942e-01   6.8393618e-01   4.3873420e-02  -1.9812281e-01   1.4039596e-01  -1.3883184e-02  -1.5507110e-01  -4.6218470e-01  -7.4061752e-01  -5.8282556e-01
   2.6073449e+00   2.1441939e+00   1.6075853e+00   9.5742888e-01   1.3521275e+00   8.9269769e-01   2.1088511e-01   3.4165087e-01   4.6488668e-02   2.6335881e-02   3.5700151e-01  -3.6495280e-02  -5.0054710e-01  -4.4034603e-01  -8.5814022e-01  -6.5682778e-01
   1.8445861e+00   1.8422507e+00   9.3962874e-01   6.4563347e-01   3.3053750e-01   6.7844336e-01   8.1035469e-01   8.8115078e-01   4.2775670e-01   1.7094101e-01   1.7799182e-01  -4.1872301e-02  -5.3525556e-01  -5.0583397e-01  -7.0424296e-01  -7.3293175e-01
   2.1507395e+00   1.6569395e+00   1.1357356e+00   1.3399258e+00   9.2159545e-01   9.5953855e-01   7.1278897e-01   9.1527451e-01   3.2419822e-01  -2.4723254e-02   6.6188550e-02  -1.9863497e-01  -3.8129783e-01  -1.9864197e-01  -5.4433350e-01  -5.5322192e-01
   2.3300789e+00   1.2603197e+00   1.2016687e+00   1.2340152e+00   5.7999338e-01   4.1772683e-01   3.8262717e-01   4.7036372e-01   4.8420787e-01   2.2598561e-01   1.4008288e-01  -5.4102715e-01  -2.1986272e-01   2.4230620e-02  -6.1136487e-01  -6.5568461e-01
   2.6145619e+00   1.5407619e+00   1.7864773e+00   1.2628236e+00   8.2601427e-01   7.0319997e-01   1.8885638e-01   1.0094776e+00   4.9806213e-01   4.4394302e-03   7.3838645e-02  -1.8496896e-01   2.5912669e-01   8.2607558e-01  -4.6360373e-01  -7.9306658e-01
   2.4117061e+00   1.9121705e+00   1.6116128e+00   1.3979600e+00   6.4181118e-01   8.9609592e-01   4.4680040e-01   9.2852032e-01   4.1215710e-01   3.7253334e-02  -3.2900624e-02  -2.4101728e-01  -3.1581416e-01  -1.1891043e-01  -5.5122480e-01  -6.9146372e-01
   2.0082695e+00   1.2974091e+00   9.2001938e-01   1.3518506e+00   8.8370739e-01   1.2721724e+00   3.8456144e-01   7.6179130e-01   4.1053018e-01   2.0803260e-01  -1.8969479e-01  -3.4545495e-01  -4.0525660e-01  -5.1004806e-01  -8.1104128e-01  -8.4740486e-01
   2.3105574e+00   1.8268324e+00   9.5747968e-01   1.5155607e+00   6.3017682e-01   9.2640017e-01   7.5156301e-01   9.4609464e-01   6.0656442e-01   3.2800210e-01  -5.6019396e-02  -6.4052194e-01  -7.7530082e-01  -5.1368016e-01  -8.5239184e-01  -7.6856601e-01
   1.7127897e+00   1.5607289e+00   1.0038596e+00   9.2575270e-01   5.5939392e-01   1.0587084e+00   6.7616417e-01   1.1001161e+00   5.1395486e-01   3.6409480e-01  -4.6410803e-01  -5.8432654e-01  -1.0591675e+00  -6.3559156e-01  -5.6175553e-01  -2.8167517e-01
   2.3517761e+00   1.4458278e+00   2.8183217e-01   8.5228025e-01   7.0873603e-01   9.1393285e-01   5.6467637e-01   1.2498681e-01  -2.1164873e-02   9.6301829e-02  -1.4436139e-01  -6.1973256e-01  -9.7334036e-01  -7.0817148e-01  -7.4766961e-01  -2.1519621e-01
   1.8936292e+00   1.1233935e+00   3.8696754e-01   6.9997841e-01   7.6965172e-01   8.2339167e-01   7.0961556e-01   9.7610081e-01   5.6255034e-01   2.8326077e-01  -3.1187708e-01  -6.0984899e-01  -5.8340736e-01  -5.5671674e-01  -9.1417239e-01  -5.8062522e-01
   2.3996088e+00   1.0833943e+00   7.9212998e-01   3.2775231e-01  -5.0869349e-02   8.3167589e-01   8.2290036e-01   6.7118251e-01   3.9530331e-01   1.0636660e-01  -7.6094725e-02  -3.6852823e-01  -8.3528971e-01  -8.1333546e-01  -9.1563493e-01  -7.6964616e-01
   2.4352429e+00   7.5910314e-01   3.3096783e-01   5.5850880e-01   7.1990202e-01   1.0156169e+00   8.9202337e-01   6.8847166e-01  -9.2811154e-02  -1.1783825e-01  -3.5739654e-01  -2.0522444e-01  -5.7153851e-01  -6.8081355e-01  -7.9231798e-01  -5.2856979e-01
   2.2790482e+00   5.7893491e-01   1.0200686e+00   1.2051985e+00   9.9291475e-01   1.1235890e+00   6.5927097e-01   6.7591054e-01   1.8285657e-02  -1.4736538e-03  -2.1825470e-01  -6.7296223e-01  -4.8036493e-01  -7.4397273e-01  -7.3625482e-01  -6.1544455e-01
   2.8160535e+00   1.5390632e+00   8.7515704e-01   1.2061823e+00   8.7436825e-01   8.2099172e-01   7.1888606e-01   6.6775777e-01   2.4000397e-01   2.9758514e-01   6.8514456e-02  -2.1643646e-01  -2.9072064e-01  -6.5441549e-01  -6.7120901e-01  -6.1098306e-01
   2.5245311e+00   1.3586886e+00   1.0644198e+00   5.8297414e-01   7.2635419e-01   8.0814906e-01   4.4525600e-01   4.2243608e-01   2.8562417e-01  -5.9411366e-02  -1.0451222e-02  -4.1776866e-01  -2.0572459e-01  -8.1533442e-01  -6.7782726e-01  -3.3529426e-01
   2.5328123e+00   1.6213959e+00   8.8205145e-01   1.1870119e+00   8.9237166e-01   7.5376749e-01   6.6585684e-01   2.3791527e-01   1.2556771e-01   1.8880801e-01  -1.1923136e-01  -5.2569535e-01  -9.1912155e-01  -1.0575951e+00  -8.1964931e-01  -6.3345739e-01
   1.8454884e+00   7.0196189e-01   3.7700066e-01   1.0691955e+00   7.1022864e-01   5.1641307e-01   3.9126997e-01   6.4800891e-01   1.2371489e-01  -3.5573037e-02  -2.9834295e-01  -5.8994480e-01  -8.2975781e-01  -1.1270067e+00  -8.0749329e-01  -7.0694062e-01
   2.3149879e+00   5.2404957e-01   3.4110519e-01   9.4054012e-01   8.6140804e-01   5.2775640e-01   8.4781065e-01   7.4807239e-01   4.1790138e-01  -3.3612953e-01  -2.2625526e-01  -4.2748425e-01  -8.8465404e-01  -7.2221756e-01  -7.8104189e-01  -7.0271775e-01
   2.7704265e+00   1.5073044e+00   7.3924711e-01   6.6202698e-01   6.8507860e-01   4.3972125e-01   6.1496151e-01   3.3703194e-01   2.6916963e-01   2.2007229e-01  -1.8033259e-01  -1.3968208e-01  -5.2496277e-01  -4.9983343e-01  -7.1698950e-01  -7.0994151e-01
   2.7953243e+00   1.3047243e+00   6.5945591e-01   6.9157178e-01   5.3772322e-01   5.5061101e-01   5.3301907e-01   4.3392950e-01   5.7048303e-01   1.8639268e-01  -4.0894196e-01  -2.5335085e-01  -4.5478726e-01  -7.9964884e-01  -8.4213101e-01  -7.5884178e-01
