   1.7948347e+00   1.6968071e+00   1.1910271e+00   9.1025964e-01   7.2347789e-01   2.7283176e-01   6.4843223e-01   5.1493899e-02  -2.3374729e-01  -1.7212719e-01  -3.9394917e-01  -7.2169208e-02  -3.9677505e-01  -5.4857702e-01  -9.3726679e-01  -8.0530285e-01
   1.5956255e+00   1.1592841e+00   4.1420882e-01   1.0342400e+00   7.6030009e-01   7.7781357e-01   5.8377032e-01   1.3367407e-02   9.3962575e-02  -2.8787944e-01  -3.2250462e-01  -1.5708741e-01  -4.1590279e-01  -7.5304414e-01  -9.5083902e-01  -1.2434945e+00
   1.7288251e+00   1.3716657e+00   8.5533645e-01   1.0398690e+00   5.0367548e-01   4.1313260e-01   5.7251508e-02  -1.7883680e-03  -6.3099175e-02  -3.8602925e-01  -1.5997109e-01  -3.9447934e-01  -6.5280488e-01  -1.1491157e+00  -1.1842823e+00  -1.1704106e+00
   2.3506556e+00   1.2201161e+00   8.1937057e-01   8.5502082e-01   4.9309393e-01   6.1927516e-01   5.1601697e-01  -5.1028470e-02  -1.7613907e-01  -4.0471030e-01  -6.1784199e-01  -2.1621536e-01  -5.0018840e-01  -1.2165868e+00  -1.3709665e+00  -1.3348912e+00
   2.3792475e+00   1.5353552e+00   1.2918009e+00   7.7335319e-01   2.1342929e-02   4.7335664e-01   2.6547948e-01  -8.5040389e-02  -5.0320405e-02  -5.1419992e-01  -5.5880721e-01  -6.6105610e-01  -8.2769146e-01  -1.2139941e+00  -1.2787568e+00  -1.3662772e+00
   2.1585319e+00   1.5129154e+00   1.0677215e+00   6.6327554e-01   1.3805866e-01   3.4780890e-01   1.2079053e-02  -4.6309500e-02  -3.0248367e-01  -6.9931925e-01  -4.7954628e-01  -6.4400773e-01  -6.3101004e-01  -9.6652163e-01  -1.3236066e+00  -1.2872008e+00
   2.1187281e+00   1.8021011e+00   1.6232251e+00   7.6201131e-01   6.6168180e-01   5.5907138e-01   1.3429796e-01   9.2677813e-02  -3.5848216e-02  -4.6942411e-01  -6.9376713e-01  -5.5885000e-01  -8.1479075e-01  -1.1212215e+00  -1.3007829e+00  -1.1853062e+00
   1.9957308e+00   1.5438370e+00   1.2704243e+00   7.4765273e-01   4.5380088e-01   6.2026493e-01   2.6499278e-01  -2.1224592e-01  -3.6307044e-01  -7.6492882e-01  -4.4534645e-01  -4.1932774e-01  -7.7637522e-01  -1.3576433e+00  -1.2376670e+00  -1.2452079e+00
   1.8866274e+00   1.4675877e+00   7.1529439e-01   2.5031575e-01   5.0308516e-01   5.9888161e-01   2.3215207e-01  -1.8869126e-01  -1.1356016e-01  -4.6995619e-01  -6.7086037e-01  -5.3651239e-01  -8.4690080e-01  -1.1038160e+00  -1.1012194e+00  -1.2614562e+00
   2.6445234e+00   1.4368654e+00   8.1293193e-01   3.5676288e-01   7.1710138e-01   4.3729946e-01  -6.0434629e-02  -1.1519481e-01   1.5225171e-01  -4.2845492e-01  -5.1318086e-01  -3.6807590e-01  -5.1207474e-01  -1.0703347e+00  -1.2863141e+00  -1.3092384e+00
   2.5568892e+00   1.2098624e+00   6.1798577e-01   4.9096557e-01   9.7157550e-01   6.6759769e-01   2.4454843e-01  -2.6152300e-01   2.9818793e-02  -2.8039035e-01  -3.5350746e-01  -7.2508897e-01  -8.2199389e-01  -1.2022915e+00  -1.4702691e+00  -1.2029395e+00
   1.9586643e+00   4.6685388e-01   6.4262566e-01   6.8071327e-01   1.0955063e+00   7.7328948e-01   5.1267046e-01   6.8800525e-02  -2.2062737e-01  -6.2284315e-01  -3.3690520e-01  -5.2647324e-01  -1.2693629e+00  -1.1748356e+00  -1.1370079e+00  -1.3378985e+00
   1.7779960e+00   5.8933937e-01   1.2951319e+00   9.9364695e-01   1.2527634e+00   1.0267026e+00   3.8648561e-01  -2.7368924e-01  -2.7273454e-02  -4.3907954e-01  -3.7117435e-01  -5.1188540e-01  -9.0923499e-01  -1.2721833e+00  -1.0861697e+00  -1.4039157e+00
   2.4459257e+00   1.2198651e+00   7.8586357e-01   1.1344525e+00   7.5468670e-01   8.9550980e-01   3.7755849e-01   1.5908738e-01  -2.3290888e-01  -3.3515535e-01  -6.9798099e-01  -4.2800202e-01  -9.0452094e-01  -1.2875908e+00  -1.3260013e+00  -1.2895670e+00
   2.0905484e+00   1.2535079e+00   1.1196584e+00   9.2163508e-01   7.7203986e-01   7.9513837e-01   3.1200374e-01  -3.2037800e-01  -1.9711824e-01  -7.5267481e-01  -4.2206515e-01  -4.4251769e-01  -8.1369106e-01  -1.0271258e+00  -1.6050868e+00  -1.5189964e+00
   1.3111195e+00   1.0116684e+00   1.1746805e+00   8.3135594e-01   6.5714835e-01   4.7836660e-01   4.5841600e-01  -1.8616877e-01  -5.0772875e-01  -4.8417284e-01  -4.1315609e-01  -5.9010116e-01  -7.0689946e-01  -1.2623462e+00  -1.2836078e+00  -1.4534377e+00
   1.4768432e+00   1.0389585e+00   9.5445358e-01   1.4653104e+00   1.0556956e+00   3.3921848e-01  -1.8799774e-01   9.8793311e-02  -2.6441946e-01  -1.0758080e-01  -2.0363003e-01  -5.9921067e-01  -6.2281180e-01  -1.0636626e+00  -1.4677630e+00  -1.6083899e+00
   2.0835074e+00   1.2956966e+00   9.6375004e-01   1.0405368e+00   8.4367065e-01   6.7583335e-01   1.6316976e-01   1.3149953e-01  -4.6944614e-03  -7.1139968e-01  -4.2780042e-01  -4.1074562e-01  -9.5328395e-01  -9.8522258e-01  -1.2772070e+00  -1.4566351e+00
   2.0815669e+00   1.4838931e+00   1.1849685e+00   8.7894482e-01   1.0207938e+00   9.4211436e-01  -1.8212871e-02  -1.3874811e-01  -3.3664624e-01  -1.5581922e-01  -3.1990059e-01  -4.4587225e-01  -7.6812475e-01  -1.1156757e+00  -1.3976390e+00  -1.4595726e+00
   2.1232191e+00   1.3233359e+00   8.1529886e-01   4.8803186e-01   6.5631017e-01   9.0039664e-01   4.1536568e-01  -2.0977065e-01  -4.7821441e-01  -2.6393775e-01  -3.4107519e-01  -6.7977313e-01  -9.7757462e-01  -9.1557245e-01  -1.0922124e+00  -1.3742069e+00
   2.2176092e+00   1.1793740e+00   1.0277604e+00   8.7343744e-01   7.9118055e-01   7.4266541e-01  -7.0444441e-02  -3.5386871e-01  -1.4936585e-01  -6.9910033e-01  -5.1486103e-01  -4.6573595e-01  -8.7375587e-01  -1.1403551e+00  -1.4147340e+00  -1.3268137e+00
   2.5655004e+00   1.1952224e+00   1.1145563e+00   1.0611904e+00   8.0138850e-01   3.4079496e-01   1.7466584e-01  -2.4607879e-02   2.7406141e-01  -4.6664924e-01  -4.7650941e-01  -7.9310483e-01  -9.5753197e-01  -1.2735665e+00  -1.2726705e+00  -1.2532555e+00
   2.6945577e+00   1.4699131e+00   1.4867068e+00   8.9998544e-01   8.3278532e-01   3.4574142e-01   4.0356574e-02  -1.4917040e-01   3.6155669e-01  -4.7958865e-01  -3.9873035e-01  -6.0775093e-01  -9.2704731e-01  -1.3366537e+00  -1.2928854e+00  -1.1768388e+00
   2.3756547e+00   1.4420320e+00   1.0022672e+00   1.0048199e+00   5.2143075e-01   4.6563307e-01  -2.8933203e-02  -4.8117903e-01  -2.5180107e-01  -2.4870667e-01  -4.6290036e-01  -6.1270999e-01  -7.7801840e-01  -1.2432559e+00  -1.2128391e+00  -1.2843370e+00
   1.2648404e+00   1.1036477e+00   6.3607764e-01   8.5933470e-01   2.7363827e-01   1.0247587e+00   2.9888074e-01  -1.7520896e-01  -5.5416718e-01  -5.7236388e-01  -4.6218168e-01  -4.7020512e-01  -7.4827696e-01  -1.1762776e+00  -1.1450554e+00  -1.5334668e+00
   5.5420671e-01   1.1618382e+00   1.1859247e+00   7.4303395e-01   7.2743304e-01   7.9692609e-01   5.1750818e-01  -1.8822064e-01  -2.4185909e-01  -4.9880862e-01  -6.0734363e-01  -5.9350268e-01  -8.0729934e-01  -1.2256945e+00  -1.2196446e+00  -1.3320355e+00
   2.1558932e+00   1.4408391e+00   7.8045489e-01   9.0358008e-01   4.6657818e-01   5.6146153e-01   9.3171967e-02  -2.4517216e-01  -1.9735356e-01  -4.5966920e-01  -7.2211883e-01  -5.4634511e-01  -7.4579983e-01  -1.1251206e+00  -1.3904618e+00  -1.4654320e+00
   2.6011946e+00   1.4335646e+00   7.4679554e-01   8.2367909e-01   1.8662587e-01   7.6521249e-01  -1.6986010e-01   6.9745721e-02  -2.1580056e-01  -3.3880781e-01  -6.7984692e-01  -4.2675723e-01  -8.8250987e-01  -1.1787281e+00  -1.2554513e+00  -1.3716367e+00
   2.6439954e+00   1.9120920e+00   1.2855519e+00   6.3242431e-01   1.3512983e-01   6.3948191e-01   4.2245375e-01  -2.1877452e-01  -3.0062762e-01  -4.1820931e-01  -7.1151299e-01  -4.6529235e-01  -7.9545980e-01  -1.1309322e+00  -1.1649670e+00  -1.3914349e+00
   2.4765901e+00   1.6719741e+00   1.1181462e+00   6.7380827e-01   6.8915598e-01   7.7528957e-01   5.8399923e-01   3.0930454e-01  -1.7238084e-03  -4.1841455e-01  -4.8910999e-01  -4.0316593e-01  -7.6114909e-01  -5.9802591e-01  -1.0741467e+00  -1.5253579e+00
   2.3825957e+00   1.2844953e+00   9.9092891e-01   1.2146239e+00   1.1985783e+00   5.5524163e-01   4.3407457e-01   2.0185181e-01   3.8612763e-01   2.9151044e-02  -1.7531059e-01  -6.6575276e-02  -1.5948738e-01  -2.1232468e-01  -9.7051086e-01  -1.4014247e+00
   1.9167286e+00   1.0704703e+00   5.0799201e-01   4.5591515e-01   1.0427969e+00   9.5795340e-01   3.9047772e-01   2.3867348e-01   4.2414685e-01   1.4723711e-01   2.2825240e-02   4.0429811e-01   2.1204718e-01   1.3684578e-01  -1.0995196e+00  -1.4081954e+00
   2.2057584e+00   1.7553035e+00   1.0394453e+00   1.2366880e+00   1.5087498e+00   1.0054217e+00   4.3447644e-01   5.8887771e-01   6.1497434e-01   4.8501658e-01   6.6383897e-01   7.5194374e-01   1.0182298e+00   8.2322946e-01  -6.0704189e-01  -1.2092709e+00
   2.2832549e+00   2.0916657e+00   1.3798421e+00   1.5174087e+00   1.6487239e+00   1.2166406e+00   7.9538767e-01   6.1458016e-01   1.0597633e+00   7.6719638e-01   7.6368939e-01   8.1216944e-01   1.0753703e+00   8.0538946e-01  -8.1249957e-01  -1.2372246e+00
   1.6550118e+00   1.6181809e+00   1.1014919e+00   1.1192347e+00   1.8570917e+00   1.3877321e+00   4.3262019e-01   1.0136473e+00   1.3638712e+00   9.4768208e-01   9.7428441e-01   1.0884951e+00   1.0752292e+00   8.8153930e-01  -5.6083248e-01  -1.1265245e+00
   1.2484525e+00   1.6338475e+00   8.0366797e-01   1.2417994e+00   2.1911479e+00   1.6224032e+00   1.1277028e+00   1.1748120e+00   1.4740524e+00   1.2880156e+00   1.0255477e+00   1.1112231e+00   1.0811293e+00   1.0622063e+00  -4.0916679e-01  -1.0152613e+00
   1.8445841e+00   1.4949149e+00   1.2373362e+00   1.5543479e+00   2.0071486e+00   1.6323544e+00   1.1093991e+00   1.0345218e+00   1.5025628e+00   1.5007650e+00   1.3357871e+00   1.5299444e+00   1.1393813e+00   1.0892349e+00  -6.2704090e-01  -1.2250107e+00
   2.4006874e+00   1.6149459e+00   1.3056630e+00   1.6767356e+00   1.9195051e+00   1.5009933e+00   8.1996641e-01   1.0525710e+00   1.5486537e+00   1.3856365e+00   1.3719863e+00   1.6091816e+00   9.9392285e-01   9.3957777e-01  -7.2596363e-01  -1.3803554e+00
   1.9220024e+00   1.6996136e+00   7.2161088e-01   1.5086116e+00   1.8929663e+00   1.3790103e+00   9.8046233e-01   1.2823553e+00   1.4459045e+00   1.3273150e+00   1.1979387e+00   1.2003997e+00   6.1739405e-01   1.0331996e+00  -6.7519459e-01  -1.2303421e+00
   2.0861520e+00   1.8152543e+00   9.3809832e-01   1.8573483e+00   1.8394085e+00   1.3704863e+00   7.6131557e-01   1.2533476e+00   1.3162403e+00   1.2260158e+00   8.8651929e-01   1.1481365e+00   6.5689057e-01   9.3957531e-01  -4.1247271e-01  -1.0583665e+00
   2.1783601e+00   1.7157445e+00   9.3552305e-01   1.7035661e+00   1.5407782e+00   1.0133560e+00   7.4601475e-01   1.1350691e+00   1.3559774e+00   1.2345553e+00   6.7814971e-01   1.1493232e+00   7.1139376e-01   1.1210145e+00  -1.3495527e-01  -1.2381452e+00
   2.0440910e+00   1.6732769e+00   8.8528190e-01   1.6215789e+00   1.4225964e+00   6.4758917e-01   7.5402629e-01   1.0147860e+00   1.2726566e+00   8.2796054e-01   6.7096046e-01   1.1657844e+00   5.4028939e-01   1.1062860e+00  -1.1322077e-01  -1.3449422e+00
   2.1323229e+00   1.4417261e+00   1.3988032e+00   1.7165793e+00   1.0545456e+00   1.0666023e+00   8.7132209e-01   7.3875880e-01   1.0526445e+00   8.6068252e-01   7.3063588e-01   1.1759174e+00   7.4226287e-01   1.0062049e+00  -1.0619017e-01  -1.4301259e+00
   2.6478193e+00   2.0314245e+00   1.2185683e+00   1.6069211e+00   1.4633868e+00   7.7348082e-01   6.5056784e-01   7.5500508e-01   1.0434176e+00   7.8430415e-01   8.3741039e-01   1.1797132e+00   7.6567150e-01   9.2490902e-01   6.3896517e-02  -1.5870073e+00
   2.4248632e+00   1.3837731e+00   1.2491229e+00   1.4753832e+00   1.4503383e+00   1.1066706e+00   6.6293205e-01   7.1089348e-01   8.2532481e-01   3.6731978e-01   4.6257864e-01   1.1105490e+00   5.4993079e-01   5.9970595e-01  -8.9215581e-02  -1.2366172e+00
   2.7079801e+00   1.5925881e+00   1.3107046e+00   1.5703704e+00   1.4521854e+00   1.0163741e+00   6.9999194e-01   8.0067008e-01   9.8146757e-01   3.5044769e-01   4.1458072e-01   6.3016458e-01   2.4787800e-01  -1.1753909e-01  -3.3425488e-01  -1.6201880e+00
   2.5844124e+00   1.6510100e+00   1.4721662e+00   1.4857233e+00   1.2382857e+00   4.6597335e-01   3.7138605e-01   7.5663233e-01   7.5238162e-01   1.9458339e-01   2.8093519e-01   7.5786515e-01   1.8546984e-01  -8.6173654e-01  -9.4038729e-01  -1.4401396e+00
   1.8004734e+00   1.4713469e+00   1.3587955e+00   1.1342667e+00   8.0399650e-01   6.5844326e-01   2.5088572e-01   1.9865323e-01   4.6462435e-01  -2.6641080e-01  -3.4948805e-01  -1.7321904e-01  -3.2748746e-01  -7.4559078e-01  -9.4633965e-01  -1.4764513e+00
   2.0797579e+00   1.7820608e+00   1.2115071e+00   1.0815893e+00   5.4993080e-01   6.2231744e-01   5.0404604e-02   1.1984600e-01   2.6925360e-01   2.8931817e-01  -1.4397135e-01  -2.1340498e-01  -4.3376548e-01  -6.7435520e-01  -1.2762718e+00  -1.4056229e+00
   2.0314720e+00   1.8530627e+00   1.0002288e+00   8.8243834e-01   3.9308053e-01   2.6308782e-01   6.8871950e-02   2.5644547e-02   1.9208747e-01  -5.9762785e-02   1.6603769e-01  -2.9765048e-02  -4.8393428e-01  -6.6795530e-01  -1.4838037e+00  -1.3226892e+00
   2.2460937e+00   1.8440126e+00   8.3717531e-01   7.4194010e-01   7.6662484e-01   2.5369652e-01  -2.3718399e-01  -5.9210875e-01   5.3763724e-03  -1.9785878e-01  -1.1377421e-01   5.4312523e-03  -7.1161658e-01  -5.1177899e-01  -1.3745543e+00  -1.5057957e+00
   1.9381258e+00   1.3352010e+00   7.3711632e-01   1.0182868e+00   7.2824039e-01   4.9284319e-01   2.4678154e-01  -1.8617326e-02  -1.5089189e-01  -5.8510926e-01  -3.1971524e-01  -3.4219719e-02  -6.5422442e-01  -7.7199722e-01  -1.4753633e+00  -1.4276707e+00
   2.0667007e+00   2.0464918e+00   1.3721466e+00   9.1524450e-01   5.7813880e-01   7.0519218e-01   2.2303219e-01   2.9531043e-02   1.3503447e-01  -4.4566464e-01  -1.7554696e-01  -6.9126175e-02  -5.3306787e-01  -6.4347608e-01  -1.5388982e+00  -1.3163494e+00
   2.5888074e+00   1.9025852e+00   1.0781877e+00   1.0994350e+00   1.0034173e+00   6.0569872e-01   1.9501371e-01   1.0289401e-01   1.4993739e-01  -2.8068534e-01  -5.3150288e-01  -5.8515262e-01  -8.4592031e-01  -6.7885546e-01  -1.2701774e+00  -1.1905919e+00
   2.5589376e+00   2.0931407e+00   1.3186793e+00   8.3580959e-01   8.0334828e-01   9.1451447e-01  -2.9043052e-02  -4.6287853e-01  -3.0289756e-01  -3.0321176e-01  -1.6244415e-01   1.3226849e-01  -6.6003802e-01  -6.7300068e-01  -1.2225982e+00  -1.3571652e+00
   2.6482763e+00   2.3137622e+00   1.3820635e+00   9.8252044e-01   5.6498050e-01   5.7444279e-01  -1.6859217e-01  -3.6298016e-01   1.5698860e-02  -5.5480217e-01  -5.5001112e-01  -2.6172194e-01  -6.4698564e-01  -6.6838237e-01  -1.1645829e+00  -1.5089646e+00
   2.1062096e+00   1.7387498e+00   1.5381941e+00   5.4509888e-01   3.4065560e-01   3.9895256e-01  -1.8528443e-01  -7.9477159e-01  -3.5660753e-01   1.1751947e-01  -2.7905762e-01  -3.8544283e-01  -3.3690824e-01  -4.1292166e-01  -1.2954058e+00  -1.2046053e+00
   1.9414839e+00   8.1968258e-01   4.0861073e-01   3.6801241e-01   7.4877835e-01   5.6413862e-01   2.8167191e-02  -4.6741215e-01  -4.2892600e-01  -2.9476904e-01  -4.4796389e-01  -7.4766939e-01  -8.0593721e-01  -1.0777759e+00  -1.3374730e+00  -1.5173772e+00
   2.1299498e+00   1.7420501e+00   1.0901531e+00   3.6104959e-01   7.6074498e-01   3.6174445e-01  -1.2181913e-01  -7.5913833e-02   3.4548346e-02  -1.3973011e-01  -4.3060782e-01  -3.4911486e-01  -1.1384572e+00  -1.3096931e+00  -1.4185923e+00  -1.4211187e+00
   1.6090409e+00   1.9130868e+00   1.2878719e+00   5.6753078e-01   9.0423472e-01   2.2083412e-01   1.7659828e-01  -2.1725228e-01  -3.1126887e-01  -5.9572620e-01  -3.9468266e-01  -5.4955139e-01  -9.9732067e-01  -1.1717031e+00  -1.5672400e+00  -1.5088966e+00
   2.6473286e+00   2.0827351e+00   1.4150773e+00   4.3847465e-01   3.1681930e-01   2.1573994e-01  -1.7684496e-01  -1.5877485e-01  -2.3602881e-01  -5.4751296e-01  -6.5886163e-01  -5.2641010e-01  -1.1917165e+00  -1.2447975e+00  -1.5846507e+00  -1.5335968e+00
   2.4500370e+00   1.6059753e+00   9.1187302e-01   7.2615704e-01   6.9501702e-01   3.5244999e-01   1.2060239e-01  -7.6602213e-02  -4.2562955e-01  -6.2618059e-01  -9.3248455e-01  -3.8502961e-01  -6.7827741e-01  -1.0244381e+00  -1.3767102e+00  -1.4816700e+00
   2.6335029e+00   1.7064055e+00   1.3304230e+00   7.2541811e-01   3.0018948e-01   7.6107305e-01   1.7794961e-01  -1.5104749e-01  -2.9611281e-01  -3.5345727e-01  -6.5506333e-01  -5.7751098e-01  -9.5692994e-01  -1.2104569e+00  -1.4156248e+00  -1.4437535e+00
   2.5536118e+00   1.3058477e+00   6.7371206e-01   4.1158514e-01  -3.5024091e-01   4.5066134e-01   9.0092328e-02  -3.7243130e-01  -6.3878531e-01  -5.5493379e-01  -6.7174994e-01  -4.1829825e-01  -8.4572285e-01  -1.1772970e+00  -1.5602295e+00  -1.4966703e+00
   2.2702618e+00   1.3093400e+00   7.1221266e-01   6.6346679e-01   1.3779966e-01   3.9112738e-01   1.1765629e-01  -1.0887038e-01  -6.3009165e-01  -2.6878305e-01  -7.5824543e-01  -8.6740493e-01  -7.6769021e-01  -1.2665735e+00  -1.5006040e+00  -1.3598746e+00
   1.6963238e+00   1.5120828e+00   1.3914331e+00   8.8411103e-01   8.4140912e-01   4.4952726e-01  -1.9529553e-01  -4.7995499e-01  -6.4198043e-01  -3.9382916e-01  -8.3843220e-01  -6.6862313e-01  -7.6473171e-01  -1.4083391e+00  -1.3816219e+00  -1.3699242e+00
   1.8943740e+00   1.1089167e+00   1.3210862e+00   9.9190302e-01   8.2018976e-01   5.8542017e-01   3.3143361e-02  -4.7708881e-01  -3.5012956e-01  -3.9127588e-01  -6.7275608e-01  -6.1767010e-01  -9.7264729e-01  -1.0274748e+00  -1.0975561e+00  -1.4096474e+00
   1.7432445e+00   1.3630797e+00   1.2410681e+00   7.8773821e-01   7.1423955e-01  -3.0362228e-01   8.4708138e-02  -3.8646170e-01  -2.4990413e-01  -6.7912581e-01  -6.6842754e-01  -4.5334737e-01  -7.8390619e-01  -1.0404640e+00  -1.2762974e+00  -1.5371658e+00
   1.2926679e+00   9.3568430e-01   1.1164311e+00   1.2447047e+00   7.9749062e-01   7.6776987e-01   3.8787026e-01  -5.2670718e-01  -5.7824545e-01  -4.0210867e-01  -5.2953381e-01  -6.0192366e-01  -8.2041265e-01  -1.0607590e+00  -1.2534610e+00  -1.5091549e+00
   2.3873080e+00   1.2643301e+00   9.4791297e-01   1.1078286e+00   7.3270596e-01   5.4302799e-01   2.0285832e-01  -2.0937010e-01  -2.9258024e-01  -3.1485944e-01  -9.7599981e-01  -6.8325792e-01  -1.0770813e+00  -1.4273008e+00  -1.3671405e+00  -1.4119982e+00
   2.3749262e+00   1.4790843e+00   9.1654557e-01   9.2302947e-01   4.2008593e-01   2.9792089e-01  -3.1754398e-01  -6.3264118e-01  -5.1938652e-01  -4.1045518e-01  -5.8746475e-01  -6.7785047e-01  -9.5738408e-01  -1.2237799e+00  -1.1927160e+00  -1.3479268e+00
   2.3618159e+00   1.3963632e+00   8.8363655e-01   8.9034458e-01   2.6530550e-01   3.1701992e-01  -2.4120492e-01   1.2350677e-01  -1.6175618e-02  -3.8693332e-01  -6.1164491e-01  -4.7909286e-01  -9.8350329e-01  -1.3095223e+00  -1.6085215e+00  -1.4782994e+00
   2.4280760e+00   1.9255735e+00   1.1224327e+00   3.3915296e-01   3.9807443e-01   4.6909253e-01   1.9223912e-01   1.8453673e-01  -2.1254967e-01  -4.8873156e-01  -6.1339839e-01  -3.1249092e-01  -6.4000120e-01  -1.2960561e+00  -1.2575360e+00  -1.4957797e+00
   2.0833339e+00   1.6710465e+00   1.0812791e+00   4.8301474e-01   4.2945481e-01   4.0751954e-01  -6.5298416e-03  -2.3317867e-01  -3.7349880e-01  -3.5258093e-01  -2.4023838e-01  -3.8976237e-01  -1.0577953e+00  -1.4516270e+00  -1.2647657e+00  -1.3380563e+00
   2.0804039e+00   1.6298427e+00   5.2005508e-01   5.6858597e-01   5.1991971e-01   5.6812378e-01   1.9499453e-01  -3.6293325e-01  -2.3523387e-01  -5.0272719e-01  -6.0885010e-01  -4.5860492e-01  -7.5847882e-01  -1.3096944e+00  -1.1631787e+00  -1.3613193e+00
   2.0524410e+00   1.1272620e+00   8.1412645e-01   7.5350232e-01   3.2481658e-01   2.7809771e-02  -7.3396966e-02  -3.0863264e-01  -2.8935022e-01  -5.6265800e-01  -6.2671096e-01  -6.3655369e-01  -8.0457394e-01  -1.4308288e+00  -1.5907654e+00  -1.4389008e+00
   2.4374320e+00   1.6078707e+00   1.0654451e+00   9.0982604e-01   1.1873293e+00   6.6437308e-01   1.5283008e-01  -8.1355862e-01  -2.2940054e-01  -6.1410674e-01  -7.1696704e-01  -8.8033758e-01  -9.5581158e-01  -1.1475687e+00  -1.4788919e+00  -1.6145011e+00
