   3.2765373e+00   2.8236180e+00   2.0984079e+00   2.1896141e+00   1.7644900e+00   1.7553686e+00   1.9777302e+00   1.5463955e+00   9.8458836e-01   1.4363966e+00   1.7298513e+00   1.1661370e+00   1.1734335e+00   9.5260518e-01   1.0927440e+00   1.0854874e+00
   3.0202250e+00   2.4465102e+00   1.7559492e+00   1.7709675e+00   1.6737865e+00   2.2243981e+00   2.2307848e+00   1.7632634e+00   1.2638612e+00   1.3268443e+00   1.5354663e+00   1.5551106e+00   1.0897823e+00   1.1109013e+00   1.1880044e+00   1.1698412e+00
   2.8971804e+00   2.6967226e+00   1.8968743e+00   2.0373230e+00   1.7997039e+00   1.6304738e+00   1.8799975e+00   1.8806159e+00   1.2516906e+00   1.0511632e+00   1.2432200e+00   1.5586317e+00   1.1830617e+00   8.9148901e-01   9.4332319e-01   1.1435793e+00
   3.5473772e+00   2.6902539e+00   2.3780902e+00   2.5248738e+00   1.9859127e+00   1.7473126e+00   1.7082803e+00   1.8740540e+00   1.4303328e+00   1.3405379e+00   1.5318283e+00   1.2440488e+00   8.0469803e-01   6.7998454e-01   1.0418767e+00   1.0387791e+00
   2.9206563e+00   2.2349264e+00   2.0172060e+00   2.3911979e+00   1.9262370e+00   1.8112054e+00   2.0725775e+00   1.7759405e+00   1.5256032e+00   1.4574308e+00   1.6681153e+00   1.7602150e+00   1.2780754e+00   1.0229976e+00   1.1487594e+00   1.1341630e+00
   2.2384478e+00   2.1380379e+00   1.8763067e+00   2.6090833e+00   2.5392401e+00   1.7945033e+00   1.8021467e+00   1.3402303e+00   1.0823538e+00   1.1115664e+00   1.2049983e+00   1.1799695e+00   1.2913451e+00   1.1158318e+00   1.0803776e+00   1.2333898e+00
   2.3093724e+00   2.7047836e+00   2.0614098e+00   2.4786072e+00   2.2496116e+00   1.2304148e+00   1.3086521e+00   1.6378707e+00   1.5504797e+00   1.5161571e+00   1.5508473e+00   1.3088305e+00   1.1253699e+00   8.2409436e-01   7.5182151e-01   1.0717617e+00
   3.2704389e+00   2.6896095e+00   1.8373163e+00   2.0295456e+00   1.8726822e+00   1.8475103e+00   1.4468221e+00   1.7417094e+00   1.5548935e+00   1.5529729e+00   1.4519860e+00   1.3129318e+00   1.3161540e+00   9.1248506e-01   1.0550124e+00   1.1603610e+00
   2.4574214e+00   3.0711985e+00   2.8093924e+00   1.9479592e+00   2.5025478e+00   2.1422901e+00   1.4708017e+00   1.3428728e+00   1.5999324e+00   1.4926169e+00   1.2756177e+00   1.2485485e+00   1.2879171e+00   1.0342551e+00   1.2119478e+00   1.0234130e+00
   2.5798741e+00   2.8135610e+00   2.5259032e+00   2.1092343e+00   2.1184740e+00   2.0304917e+00   1.8135184e+00   1.4910195e+00   1.3038515e+00   1.6558185e+00   1.9204634e+00   1.4604405e+00   1.2439489e+00   8.9377702e-01   1.0407821e+00   1.0391394e+00
   2.9311165e+00   2.7208661e+00   2.6046603e+00   2.5688476e+00   2.0610666e+00   1.8222118e+00   2.1258306e+00   1.5983444e+00   1.1081527e+00   1.3339052e+00   1.6593988e+00   1.3742738e+00   1.3843178e+00   9.6031326e-01   9.8394286e-01   1.1528503e+00
   3.2642341e+00   2.8279982e+00   2.7064968e+00   2.5098445e+00   2.3243028e+00   1.6285074e+00   1.9762537e+00   1.4589040e+00   1.5761599e+00   1.8744045e+00   1.9155151e+00   1.3163894e+00   1.1063208e+00   6.6619570e-01   1.1335135e+00   1.0165131e+00
   3.1654786e+00   2.3582428e+00   2.3560149e+00   2.1137320e+00   1.7943174e+00   1.8176659e+00   1.9321933e+00   1.5485505e+00   1.3415045e+00   1.4916926e+00   1.6256677e+00   1.1150440e+00   7.7583796e-01   5.9795148e-01   1.0127361e+00   1.1052883e+00
   3.2122947e+00   2.3778499e+00   1.9253402e+00   2.7455636e+00   2.0731524e+00   1.5661156e+00   1.5569065e+00   1.6470855e+00   1.6424658e+00   1.4085958e+00   1.4792676e+00   1.2353510e+00   1.0970557e+00   7.9204843e-01   1.1088372e+00   8.7436930e-01
   3.2351740e+00   2.8613938e+00   2.3580071e+00   2.7123867e+00   2.0325055e+00   1.7458424e+00   1.7704915e+00   1.8347762e+00   1.2408210e+00   1.4206699e+00   1.6119860e+00   1.7830893e+00   1.4513824e+00   9.3326160e-01   1.1586419e+00   1.1356036e+00
   3.4655580e+00   2.8043437e+00   1.8572332e+00   2.2376020e+00   1.4748295e+00   1.3363133e+00   1.4099140e+00   1.3237448e+00   1.2281352e+00   1.1507166e+00   1.6184140e+00   1.7148840e+00   1.0461860e+00   9.8739090e-01   1.1709308e+00   1.0352055e+00
   3.0211118e+00   2.7290727e+00   2.2380969e+00   2.3950712e+00   1.7635738e+00   1.4968613e+00   1.6407023e+00   1.1414626e+00   1.2900788e+00   1.5290375e+00   1.8788964e+00   2.0630093e+00   1.3840643e+00   1.2354962e+00   1.1525719e+00   1.2424250e+00
   2.1962052e+00   1.9381294e+00   2.1212622e+00   2.1647254e+00   1.9013677e+00   1.8576609e+00   1.6885470e+00   1.6379775e+00   1.3440188e+00   1.0478696e+00   1.2074693e+00   1.1988317e+00   1.0106786e+00   8.8481913e-01   1.0288095e+00   9.2068976e-01
   2.5837974e+00   2.5684366e+00   2.4205139e+00   2.6246474e+00   2.0368044e+00   1.6473487e+00   1.9480681e+00   1.8390922e+00   1.3050548e+00   1.4529482e+00   1.7177731e+00   1.2585280e+00   9.9124210e-01   6.0043669e-01   9.7101237e-01   8.9902893e-01
   3.0277414e+00   2.6291731e+00   2.1407126e+00   2.2656336e+00   1.9249750e+00   1.4751499e+00   1.6750648e+00   1.9472990e+00   1.5012821e+00   1.6639832e+00   1.4857910e+00   1.7263415e+00   1.3842314e+00   5.3290059e-01   1.0707665e+00   1.0061446e+00
   2.5137119e+00   2.6268621e+00   2.3644352e+00   1.9638802e+00   1.7634554e+00   1.3700937e+00   1.7169696e+00   1.2909491e+00   8.6997856e-01   9.3965768e-01   1.3250819e+00   1.4572628e+00   1.0156842e+00   8.9785895e-01   6.8759578e-01   1.0923530e+00
   2.6188508e+00   2.0798809e+00   2.0724268e+00   2.2599563e+00   1.6348452e+00   1.3182946e+00   1.7613780e+00   1.7523816e+00   1.1846953e+00   1.0397830e+00   1.6168695e+00   1.3855076e+00   8.2645961e-01   1.0781215e+00   7.7490667e-01   1.0050380e+00
   3.1193688e+00   2.5785265e+00   2.1188361e+00   2.5484671e+00   2.2151759e+00   1.3144296e+00   1.4528592e+00   1.8871125e+00   1.3703478e+00   1.2641379e+00   1.4535840e+00   1.5481730e+00   1.1250566e+00   7.9055486e-01   7.1238255e-01   8.1700492e-01
   2.9960753e+00   2.0091808e+00   1.9659794e+00   1.7766858e+00   1.6388435e+00   1.7981545e+00   1.4380009e+00   1.5379463e+00   1.2601245e+00   1.5167466e+00   1.2419988e+00   1.3978807e+00   8.8744714e-01   7.2561256e-01   8.2596692e-01   7.9316075e-01
   3.2394037e+00   2.8448836e+00   2.1900152e+00   1.7298375e+00   1.8916263e+00   1.5744073e+00   1.4192559e+00   1.4563416e+00   9.8589923e-01   1.6088484e+00   1.7030697e+00   1.5405678e+00   7.9609921e-01   9.5763266e-01   1.2905474e+00   1.1124801e+00
   2.7448629e+00   2.1602203e+00   2.1917622e+00   1.8980885e+00   2.3040228e+00   1.7164668e+00   1.8008742e+00   1.5601373e+00   1.6153815e+00   1.5820200e+00   1.9330939e+00   1.3979406e+00   9.9129058e-01   9.5919195e-01   1.2594431e+00   1.2026918e+00
   2.8182219e+00   3.3279288e+00   2.2324896e+00   2.4121325e+00   2.2258799e+00   1.4509377e+00   1.6578137e+00   1.7005046e+00   1.6597359e+00   1.6154295e+00   1.6226826e+00   1.5456774e+00   9.9772785e-01   8.3813417e-01   1.1934423e+00   8.9898022e-01
   2.4194515e+00   2.6545190e+00   2.1644802e+00   2.5494061e+00   1.6973401e+00   1.4224610e+00   1.5936901e+00   1.5416410e+00   1.3997228e+00   1.1456121e+00   2.1785188e+00   1.7817640e+00   1.5851268e+00   1.3490132e+00   1.5672124e+00   1.2910939e+00
   2.1445362e+00   2.4709589e+00   1.8344423e+00   2.4332336e+00   1.8412795e+00   1.7018956e+00   1.9237444e+00   2.0029760e+00   1.2506006e+00   1.4137006e+00   2.0848228e+00   1.9493434e+00   1.5258129e+00   1.5168428e+00   1.5419411e+00   1.1815202e+00
   3.0002489e+00   3.0177788e+00   2.7682385e+00   2.7610326e+00   2.4828024e+00   1.6915055e+00   1.9606083e+00   1.7187553e+00   1.6746633e+00   1.9807642e+00   1.5201597e+00   1.9394654e+00   1.5519817e+00   1.7370607e+00   1.0868733e+00   1.1011193e+00
   2.8569369e+00   2.5818281e+00   2.7061191e+00   2.9478370e+00   2.4306917e+00   1.6706733e+00   1.8815743e+00   1.7263744e+00   1.2450304e+00   1.9269861e+00   2.0815100e+00   2.0423615e+00   1.6621292e+00   1.9455027e+00   9.7391748e-01   1.2662246e+00
   2.5132185e+00   2.6193601e+00   2.9352252e+00   3.0565644e+00   2.0080566e+00   2.2027998e+00   1.8708303e+00   1.8569419e+00   1.5699762e+00   2.1861909e+00   2.2851964e+00   2.4722819e+00   1.8126321e+00   2.0341498e+00   1.3487797e+00   1.3364635e+00
   2.8387129e+00   2.7814487e+00   1.6825621e+00   2.8170054e+00   2.4810848e+00   2.0792591e+00   1.7875684e+00   1.5962675e+00   1.3688264e+00   1.9778694e+00   1.9488190e+00   2.0806663e+00   1.9112771e+00   1.5345287e+00   1.2163134e+00   1.3791127e+00
   3.2708516e+00   2.8044001e+00   2.8840665e+00   2.8599233e+00   2.4352754e+00   1.8012955e+00   1.4796172e+00   1.5668236e+00   1.4007344e+00   2.2145511e+00   2.2248978e+00   2.2192893e+00   2.2313093e+00   1.8114049e+00   1.4167073e+00   1.2492211e+00
   3.4065240e+00   2.5617280e+00   2.6714261e+00   2.4721169e+00   2.0223557e+00   1.8122130e+00   2.1127842e+00   1.8990971e+00   1.7539868e+00   2.3203763e+00   2.1322385e+00   2.0457927e+00   2.4046529e+00   2.2287529e+00   1.2095338e+00   1.4149474e+00
   2.5125883e+00   2.2035150e+00   2.4986605e+00   2.2972526e+00   2.1769111e+00   1.9117035e+00   1.8772292e+00   1.4108895e+00   1.7727619e+00   2.4212855e+00   2.2652056e+00   2.2898535e+00   2.4769382e+00   2.2941417e+00   1.2752811e+00   1.3569491e+00
   3.2094776e+00   3.5831754e+00   3.1337093e+00   2.4349482e+00   2.2761695e+00   1.8728514e+00   2.0074063e+00   1.9936517e+00   1.6468211e+00   2.3828830e+00   2.3204989e+00   2.2871237e+00   2.5533905e+00   2.4474801e+00   1.3662526e+00   1.3493193e+00
   3.5002525e+00   3.2932461e+00   2.7525143e+00   3.0070180e+00   2.0439504e+00   1.4248110e+00   1.9965102e+00   1.7363334e+00   1.5941903e+00   2.2664220e+00   2.5484879e+00   2.4791036e+00   2.6766909e+00   2.3419997e+00   1.4112735e+00   1.4216668e+00
   3.6256734e+00   2.6635030e+00   2.6963650e+00   2.4878980e+00   1.8273209e+00   1.4769730e+00   2.1998563e+00   1.8589712e+00   1.7389307e+00   2.5640718e+00   2.9691348e+00   2.6071952e+00   2.7038997e+00   2.4715735e+00   1.2994320e+00   1.2989070e+00
   2.8713180e+00   2.7350896e+00   3.0260673e+00   2.8639745e+00   1.9206371e+00   1.4611115e+00   1.5123726e+00   1.8893862e+00   2.0497427e+00   2.5137384e+00   2.9356705e+00   2.5784495e+00   2.8098518e+00   2.6888316e+00   1.3815510e+00   1.1751290e+00
   2.6857917e+00   2.7038981e+00   2.8238113e+00   2.5286514e+00   1.9908701e+00   1.7669390e+00   1.6579046e+00   1.8672122e+00   1.9227240e+00   2.4490921e+00   3.1136363e+00   2.7877600e+00   2.7853267e+00   2.7761425e+00   1.3275988e+00   1.5734629e+00
   2.8522842e+00   2.7964196e+00   2.7984761e+00   2.8678530e+00   2.2631627e+00   1.6888259e+00   1.4211607e+00   1.3758209e+00   1.5991635e+00   2.5949839e+00   3.0892627e+00   2.7525114e+00   2.4957217e+00   2.6907256e+00   1.3739226e+00   1.7133066e+00
   2.7035569e+00   2.6647062e+00   3.0584016e+00   2.7399412e+00   2.4800383e+00   2.0692351e+00   1.7124023e+00   1.8543925e+00   1.5787062e+00   2.4535185e+00   3.1481722e+00   2.8063001e+00   2.7021849e+00   2.6591529e+00   1.3617667e+00   1.4055276e+00
   2.7576667e+00   2.1778915e+00   2.6230634e+00   2.7374731e+00   1.8702582e+00   1.6005678e+00   2.0912485e+00   1.9108911e+00   1.6226997e+00   2.4055700e+00   3.2923659e+00   2.8279219e+00   2.9275070e+00   2.6305670e+00   1.3205084e+00   1.4783207e+00
   2.3061793e+00   2.4334082e+00   2.7203002e+00   2.3034969e+00   1.7656746e+00   1.9156305e+00   2.0712298e+00   1.9196714e+00   1.3451621e+00   2.1597282e+00   3.2585168e+00   2.6009129e+00   2.8004716e+00   2.7731954e+00   1.4128874e+00   1.3498972e+00
   2.6318889e+00   3.0616667e+00   2.8683878e+00   2.7737850e+00   2.2012040e+00   1.8345671e+00   1.5355235e+00   1.9304213e+00   1.6006465e+00   2.5004959e+00   3.4162236e+00   2.6857203e+00   2.4786502e+00   2.6665202e+00   1.2858672e+00   1.1764118e+00
   3.0017163e+00   2.7176994e+00   3.0130448e+00   2.9283939e+00   1.8700677e+00   1.7713739e+00   1.6211754e+00   1.8373204e+00   1.7119238e+00   2.4798277e+00   3.3157060e+00   2.6288021e+00   2.7446147e+00   2.7962455e+00   1.3930049e+00   1.3730422e+00
   3.4830801e+00   2.1812128e+00   2.4530566e+00   2.6990152e+00   2.1407748e+00   1.7712474e+00   2.1939291e+00   1.8747685e+00   1.4122283e+00   2.0674890e+00   3.2014266e+00   2.5123124e+00   2.4604286e+00   2.4692460e+00   1.1650267e+00   1.3607004e+00
   2.9320592e+00   2.7445100e+00   2.7633846e+00   3.0143248e+00   2.2215958e+00   1.7469066e+00   1.6941288e+00   1.6986305e+00   1.3825815e+00   2.2865453e+00   3.3053202e+00   2.3455957e+00   2.0958491e+00   2.1961252e+00   1.1068280e+00   1.0773343e+00
   2.5202011e+00   3.0579438e+00   2.7965636e+00   2.3726441e+00   2.1810757e+00   1.8665192e+00   1.8501695e+00   1.8628730e+00   1.7023287e+00   2.0879891e+00   3.0386076e+00   2.1556791e+00   1.7470318e+00   2.0548328e+00   1.0848661e+00   9.2849271e-01
   3.3288916e+00   2.8353116e+00   2.8974381e+00   2.4665586e+00   1.6784156e+00   1.7918368e+00   1.8838371e+00   1.4889372e+00   1.6139664e+00   1.9020484e+00   2.6559706e+00   1.9475574e+00   1.6905573e+00   1.6730316e+00   1.0364547e+00   1.1175480e+00
   2.7094288e+00   2.8913281e+00   2.6091002e+00   2.6839028e+00   2.2136513e+00   1.5872735e+00   1.5959313e+00   1.5717967e+00   1.5266302e+00   1.8061900e+00   2.2410807e+00   1.8505166e+00   1.7747856e+00   1.4898484e+00   9.2129807e-01   9.7183460e-01
   2.6318660e+00   2.6882440e+00   2.5883262e+00   2.6809229e+00   2.2204674e+00   2.0377797e+00   1.8482508e+00   1.6945215e+00   1.5226408e+00   1.6205110e+00   2.6318071e+00   2.1759944e+00   2.1891400e+00   1.5980527e+00   9.4499660e-01   1.0541153e+00
   2.7977904e+00   2.7554682e+00   2.5184884e+00   2.2340734e+00   1.7819499e+00   2.0512047e+00   1.8730198e+00   1.8531575e+00   1.3828497e+00   1.4861534e+00   2.4287719e+00   1.8162794e+00   1.6544975e+00   1.8737122e+00   9.6104541e-01   1.0599764e+00
   3.3293991e+00   2.4268340e+00   2.7778846e+00   2.5995103e+00   1.7931484e+00   1.7792455e+00   1.8600384e+00   1.9926926e+00   1.3352068e+00   1.9945954e+00   2.4728059e+00   1.9707706e+00   1.7037175e+00   1.9237242e+00   1.2236838e+00   1.2265225e+00
   3.1409721e+00   2.7037207e+00   2.3670927e+00   2.6793410e+00   1.9752659e+00   1.7965079e+00   1.8258294e+00   1.5037161e+00   9.4513061e-01   1.6069207e+00   2.2420806e+00   1.8893298e+00   1.7047697e+00   1.7832023e+00   1.3125933e+00   1.3375852e+00
   3.3862791e+00   2.9037718e+00   2.8911436e+00   2.7183508e+00   2.1586676e+00   1.8777264e+00   2.0006031e+00   1.8022737e+00   1.2627955e+00   1.4723167e+00   2.3064316e+00   1.7139254e+00   1.5653832e+00   1.5012832e+00   1.2425476e+00   1.3023768e+00
   3.0462929e+00   2.7553674e+00   2.6381640e+00   2.6688312e+00   2.5439634e+00   1.8226914e+00   1.9156043e+00   1.8096406e+00   1.6881568e+00   1.6364341e+00   2.1120782e+00   1.6217739e+00   1.8173117e+00   1.8874742e+00   1.6045366e+00   1.1831983e+00
   3.1015860e+00   2.4637860e+00   2.3508298e+00   3.0677447e+00   2.5542021e+00   2.1375944e+00   1.9159140e+00   1.9458917e+00   1.9302784e+00   1.6349031e+00   1.8130411e+00   1.6257398e+00   1.8344172e+00   1.5878043e+00   1.3942645e+00   1.3237659e+00
   3.5665875e+00   2.8626680e+00   2.9330103e+00   2.8763448e+00   2.6285149e+00   2.0999502e+00   1.8330022e+00   1.8301932e+00   1.9028677e+00   1.6470732e+00   1.9193802e+00   2.0452169e+00   1.7312935e+00   1.4387304e+00   1.3994671e+00   1.3947166e+00
   3.6013518e+00   3.5208741e+00   2.2267987e+00   2.8008307e+00   2.1926434e+00   2.0684148e+00   2.0139304e+00   1.8749819e+00   1.7991546e+00   1.8520601e+00   2.0053206e+00   2.1194184e+00   1.5507175e+00   1.5325182e+00   1.2988510e+00   1.3899386e+00
   3.2210670e+00   3.2253319e+00   2.8005636e+00   2.4385421e+00   2.1901385e+00   2.0146758e+00   1.8501090e+00   1.8924838e+00   1.6601149e+00   2.1989126e+00   2.1975951e+00   1.9664406e+00   1.5598416e+00   1.3087028e+00   1.1206069e+00   1.2074521e+00
   3.7108565e+00   3.4476446e+00   2.8476958e+00   2.7070448e+00   2.2522811e+00   1.6057608e+00   1.7187309e+00   1.5943638e+00   1.6523185e+00   1.8615034e+00   1.7759093e+00   1.7866350e+00   1.5395758e+00   1.0959522e+00   1.2080820e+00   1.3461243e+00
   3.6128601e+00   3.1249850e+00   3.0087809e+00   2.6541574e+00   2.5786920e+00   2.3599286e+00   1.5660607e+00   2.0085631e+00   1.6784362e+00   1.6470890e+00   1.7285537e+00   1.9556600e+00   1.4837458e+00   1.2131203e+00   1.1933765e+00   1.2856158e+00
   3.4463960e+00   2.8732677e+00   2.5498513e+00   2.3133084e+00   2.4409359e+00   2.0446661e+00   2.0362345e+00   1.8577097e+00   1.7454917e+00   1.7074516e+00   1.5802860e+00   1.7181374e+00   1.4959094e+00   1.6333049e+00   1.5579387e+00   1.4024710e+00
   2.9384973e+00   3.0857010e+00   2.5015337e+00   2.7385509e+00   2.6372873e+00   1.5432204e+00   1.8684038e+00   1.8813280e+00   1.5838712e+00   1.9113685e+00   1.7103050e+00   1.3644398e+00   1.4903869e+00   1.2042444e+00   1.2875351e+00   1.3561994e+00
   3.6547792e+00   2.6670525e+00   1.8260200e+00   2.5161782e+00   2.4116761e+00   1.5506936e+00   1.8659712e+00   2.0214876e+00   1.6806510e+00   1.8300550e+00   2.0524617e+00   1.6967053e+00   1.3700711e+00   1.1639764e+00   1.5042801e+00   1.5550917e+00
   3.9727180e+00   3.2623683e+00   2.5868876e+00   2.6824736e+00   1.8401708e+00   1.5519057e+00   2.0193750e+00   1.8368906e+00   1.6583247e+00   1.8858821e+00   1.9290673e+00   1.8099225e+00   1.2643542e+00   1.0857962e+00   1.3988587e+00   1.3292609e+00
   3.8050919e+00   2.7143165e+00   2.2041208e+00   2.4884844e+00   2.5103517e+00   1.7262934e+00   1.7967126e+00   1.7605714e+00   1.3195669e+00   1.7764722e+00   1.7052400e+00   1.4613107e+00   1.4942868e+00   1.2989696e+00   1.3240334e+00   1.4969455e+00
   3.6101575e+00   3.0971173e+00   2.3819809e+00   2.6027431e+00   2.0141802e+00   1.6197131e+00   1.8077427e+00   2.1734507e+00   1.6869099e+00   1.2641999e+00   1.8151142e+00   1.6301070e+00   1.6239775e+00   1.3761111e+00   1.2545749e+00   1.5289159e+00
   3.0761747e+00   3.4427050e+00   2.6726098e+00   2.7863591e+00   1.7783082e+00   1.7973228e+00   1.4804826e+00   1.6370789e+00   1.5329669e+00   1.8325224e+00   1.7052017e+00   1.8568401e+00   1.4875194e+00   1.0833919e+00   1.2604790e+00   1.4713169e+00
   3.0176272e+00   2.8103885e+00   2.8648404e+00   2.8404065e+00   2.6458404e+00   2.1902726e+00   1.7888165e+00   1.7452112e+00   1.8690769e+00   1.8944303e+00   1.7639082e+00   1.6163620e+00   1.4301867e+00   9.8027586e-01   1.1358283e+00   1.2179960e+00
   3.2173871e+00   3.1181390e+00   2.5181994e+00   2.5578468e+00   2.2045978e+00   2.1312414e+00   1.7884718e+00   1.9733889e+00   1.7821442e+00   1.9370960e+00   2.1106097e+00   1.6927555e+00   1.5662082e+00   1.0435555e+00   1.1378485e+00   1.3178387e+00
   3.4300069e+00   3.2696330e+00   3.2070644e+00   3.0612449e+00   2.5432442e+00   2.3627070e+00   1.8188466e+00   1.5248196e+00   1.6048326e+00   1.4559565e+00   1.8896151e+00   1.5705210e+00   1.6568683e+00   1.1807729e+00   1.3342652e+00   1.5350575e+00
   3.3102538e+00   3.2870460e+00   2.7117306e+00   2.6246348e+00   2.0929908e+00   1.7635229e+00   1.7847292e+00   1.7910097e+00   1.5745258e+00   1.6519448e+00   1.9206787e+00   1.5302995e+00   1.4349083e+00   1.1220403e+00   1.3044368e+00   1.4973094e+00
   2.7108591e+00   2.9800787e+00   2.8836915e+00   3.0541991e+00   1.9504312e+00   1.9049280e+00   2.1853986e+00   1.8092196e+00   1.5134980e+00   1.8471069e+00   1.7356948e+00   1.3597753e+00   1.4730406e+00   1.0029313e+00   1.3463670e+00   1.4034760e+00
   2.8111858e+00   3.1938935e+00   2.7853856e+00   2.2679852e+00   1.9362350e+00   1.8510166e+00   2.1748404e+00   1.6989360e+00   1.6079364e+00   1.9081565e+00   1.7396068e+00   1.9042166e+00   1.4742168e+00   1.0148689e+00   1.5271714e+00   1.2515142e+00
   2.9084791e+00   2.6191035e+00   2.6984119e+00   3.0222975e+00   2.4107755e+00   2.1562237e+00   1.8239831e+00   1.4151551e+00   1.4633302e+00   1.9800068e+00   2.0119778e+00   2.0257939e+00   1.5507811e+00   1.0808169e+00   1.2355032e+00   1.1751374e+00
   3.2282914e+00   3.2151921e+00   2.6209096e+00   2.6481645e+00   2.3862834e+00   2.2048204e+00   1.9605797e+00   1.8206454e+00   1.2753447e+00   1.4276047e+00   1.8243427e+00   1.8545149e+00   1.3015932e+00   1.2921087e+00   1.1130388e+00   1.0231690e+00
   3.4879856e+00   3.0343971e+00   2.1228597e+00   2.6841438e+00   1.8803112e+00   1.1091840e+00   1.7566358e+00   1.8882323e+00   1.4743695e+00   1.8932935e+00   1.8097466e+00   1.8124884e+00   1.3121910e+00   1.2206651e+00   1.3765482e+00   1.4992109e+00
   3.5108020e+00   2.7646884e+00   2.7395666e+00   2.6255628e+00   1.8706670e+00   1.3533762e+00   2.0891382e+00   1.8381370e+00   1.4846899e+00   1.7089279e+00   1.7707593e+00   1.4785316e+00   1.4209187e+00   9.8750843e-01   1.2442098e+00   1.2525997e+00
   2.8637114e+00   2.7320019e+00   2.6518682e+00   2.2017554e+00   1.6025011e+00   1.7070255e+00   1.4339171e+00   1.6893335e+00   1.4691631e+00   1.1434725e+00   1.5763631e+00   1.4445203e+00   1.0067829e+00   9.8640865e-01   1.3025496e+00   1.2444734e+00
   3.0578452e+00   3.3085095e+00   2.7996228e+00   1.8928989e+00   2.2577386e+00   2.2926589e+00   2.1539754e+00   2.0372014e+00   1.8883531e+00   1.8793227e+00   1.9096707e+00   1.5692693e+00   1.3872656e+00   1.2024283e+00   1.1706424e+00   1.1982504e+00
