   2.0780005e+00   2.4318232e+00   1.7824466e+00   1.0969806e+00   1.0654041e+00   1.1065098e+00   1.1929321e+00   1.0731527e+00   4.6438007e-01   5.1529285e-01   6.1305049e-02  -3.1772527e-02  -4.1235025e-02  -8.2158081e-02  -2.9495731e-01  -2.9590108e-01
   3.2725132e+00   2.1636501e+00   1.3792859e+00   1.1957869e+00   1.1528682e+00   1.0294753e+00   1.0339616e+00   1.1588920e+00   8.4019753e-01   5.4515585e-01   1.6830243e-01  -6.4768829e-02  -2.1784256e-01  -2.5795031e-01  -3.6064434e-01  -3.0294858e-01
   3.1502117e+00   2.0520139e+00   1.3709823e+00   8.0408594e-01   9.0161019e-01   7.0247971e-01   8.5705209e-01   7.9230111e-01   7.0038462e-01   6.5233858e-01   2.9037969e-01  -1.2020175e-02  -3.6089220e-03  -3.6020964e-01  -3.4352195e-02  -3.6559918e-01
   2.2784265e+00   1.8174333e+00   1.2962033e+00   1.0632572e+00   9.1730557e-01   8.8631277e-01   3.4349411e-01   7.6087457e-01   6.7794952e-01   4.3662101e-01   6.0519572e-01   1.6372122e-01  -3.4225563e-04  -1.4920076e-01  -1.5944632e-01  -3.2340414e-01
   2.7052550e+00   1.6065264e+00   9.9778192e-01   1.5450961e+00   1.0039055e+00   8.1692132e-01   7.3494908e-01   8.2343008e-01   9.2867212e-01   3.5868552e-01   6.4715683e-01  -9.1236270e-02   3.8356531e-02  -1.5586351e-01   1.7426220e-01  -5.5673439e-02
   3.4608955e+00   1.6235074e+00   1.0300879e+00   1.2844444e+00   4.4074472e-01   7.7793995e-01   6.0799443e-01   1.0734377e+00   9.2708973e-01   3.7084742e-01   4.1080924e-01   5.7731588e-02  -8.2587301e-02  -3.7020655e-01  -2.3224058e-01  -3.1491676e-02
   3.2983169e+00   1.5555020e+00   8.7147481e-01   1.1888887e+00   1.0946427e+00   1.3851611e+00   8.6936736e-01   9.0831250e-01   7.0224881e-01   2.3385379e-01   1.1876896e-01  -8.4239464e-02  -2.1797870e-01  -2.9093100e-01  -2.2490616e-01  -1.2170311e-01
   2.8345155e+00   1.7395422e+00   9.7815874e-01   9.2211125e-01   1.2962188e+00   1.3606550e+00   1.0264533e+00   6.6899785e-01   8.1899072e-01   5.1893290e-01   2.0369609e-01   4.5968493e-02  -1.1380659e-01  -1.1654768e-01  -2.9469668e-01  -2.8728557e-01
   2.1456467e+00   1.5101918e+00   1.2184113e+00   1.4351301e+00   1.0099239e+00   1.3652010e+00   6.3431985e-01   6.8602683e-01   4.1266271e-01   4.2548930e-01   4.9182082e-01   2.2569986e-01   7.6770437e-02   1.5931052e-02  -1.6877523e-03  -1.1199915e-01
   3.0749256e+00   1.6376891e+00   1.3210757e+00   9.9370760e-01   1.1462422e+00   1.2831949e+00   7.8765579e-01   7.5916573e-01   4.8260700e-01   3.6017586e-01   4.3990851e-01   1.0833053e-01  -1.5577960e-02  -2.3804339e-01  -2.2009361e-01  -1.4297945e-01
   3.7473713e+00   1.8242234e+00   1.0442126e+00   1.3539898e+00   9.7527370e-01   1.2023350e+00   8.5831330e-01   6.3514596e-01   5.0365478e-01   2.3615824e-01   4.6463258e-01   4.0576401e-01  -1.0601743e-01  -3.0993212e-01  -1.4650748e-01  -7.6245552e-02
   3.4686949e+00   1.9076053e+00   1.2398362e+00   9.5485688e-01   1.3365142e+00   1.4116778e+00   1.0925814e+00   1.1300875e+00   5.5621447e-01   5.1886269e-01   2.4298652e-01   2.3305965e-01  -1.1503005e-02   1.5500040e-01  -4.9389325e-02  -9.2454932e-02
   3.3124732e+00   2.3857566e+00   1.4810041e+00   1.4349784e+00   1.1014715e+00   1.4945542e+00   7.8167652e-01   1.0650129e+00   7.5663865e-01   4.0560920e-01   3.8650349e-01   8.4024450e-01   6.4233014e-02  -3.4963380e-01  -4.4040145e-01  -1.7454068e-01
   3.2761458e+00   1.7118437e+00   1.5016556e+00   1.5546679e+00   8.2574961e-01   1.0142915e+00   7.2116614e-01   6.2975957e-01   5.7717548e-01   6.2343195e-01   4.7562792e-01   4.3005029e-01  -5.4784391e-02  -2.8060224e-01  -2.8001505e-01  -2.8235338e-01
   2.7740390e+00   1.5956304e+00   1.0578243e+00   1.4424199e+00   1.3264676e+00   9.2491564e-01   7.4471319e-01   7.3959053e-01   4.3957044e-01   9.6015654e-02   4.9534725e-01   2.0375350e-01  -1.9696082e-02  -1.9106725e-01  -3.3073051e-01  -1.5197360e-02
   2.2840388e+00   2.0758003e+00   1.7045587e+00   1.3292008e+00   1.1847839e+00   7.7652181e-01   8.4114984e-01   8.3912008e-01   5.5414937e-01   8.0572083e-01   9.4649860e-01   8.3938777e-01   1.6277617e-01   5.4427966e-02   1.6098681e-01   2.1281834e-01
   2.6663636e+00   2.0349614e+00   1.7923902e+00   1.4510372e+00   9.7216399e-01   1.0627106e+00   1.0744795e+00   1.3467143e+00   9.6110774e-01   8.3416465e-01   4.5830822e-01   7.3340207e-01   1.9394388e-01   2.0974733e-01   2.2429742e-01   1.0296827e-01
   4.0332068e+00   2.2433352e+00   1.8085508e+00   1.1532941e+00   1.1437062e+00   1.1677530e+00   7.9011821e-01   8.5402798e-01   9.1575935e-01   9.7509332e-01   7.2748228e-01   4.4014144e-01   2.0053932e-01   6.6062617e-02   1.6493294e-01   1.3306570e-01
   4.2432163e+00   2.0019993e+00   1.1691574e+00   8.8252175e-01   1.1493036e+00   1.4890107e+00   7.7132730e-01   7.1918410e-01   8.8392863e-01   4.4292492e-01   6.9363532e-01   5.7056668e-01   1.6948135e-01  -8.3188755e-02  -8.5782453e-03   2.5879660e-02
   3.9885211e+00   2.4194439e+00   1.7465146e+00   1.5006981e+00   1.3896197e+00   1.5771985e+00   1.2611815e+00   1.0262329e+00   1.0429195e+00   6.0223164e-01   4.0607647e-01   6.7096531e-01   4.6015046e-01   3.3447524e-01   2.0615255e-01   7.1221028e-02
   4.0611106e+00   2.4619221e+00   1.6988867e+00   1.3080473e+00   1.4001287e+00   9.1786385e-01   7.9893324e-01   1.2385107e+00   8.3252382e-01   5.0845270e-01   3.7195606e-01   3.5698827e-01   3.9442051e-01   9.5872995e-03   1.3338044e-02   4.9291717e-02
   3.2026283e+00   2.1676446e+00   1.5672809e+00   1.3835707e+00   9.8866195e-01   1.1585256e+00   9.4385723e-01   8.7683008e-01   9.2153520e-01   8.5798502e-01   8.4463962e-01   4.8132443e-01   4.5441166e-01   2.4889777e-01   1.8921026e-01   1.4518985e-01
   3.3141943e+00   1.8522788e+00   1.2470271e+00   7.0694395e-01   1.1106962e+00   1.3199902e+00   8.6016750e-01   8.5556686e-01   7.8935231e-01   4.8401958e-01   4.4108344e-01   2.1693301e-01   3.7380735e-02  -9.1762302e-02  -3.4596910e-02  -7.2412499e-02
   3.8281384e+00   2.7526616e+00   1.5494913e+00   1.1506447e+00   1.2488270e+00   1.4228658e+00   8.4775640e-01   9.9936878e-01   5.0243264e-01   3.8102615e-01   4.6449298e-01   6.0472231e-01   2.7369741e-01   1.4201526e-01   1.3058682e-01   1.8878002e-01
   3.7207114e+00   1.9283521e+00   1.5549055e+00   1.5552054e+00   1.3032342e+00   1.1145882e+00   1.2651987e+00   1.0465665e+00   7.4083555e-01   7.1873730e-01   6.5631826e-01   9.2319596e-01   6.2755151e-01   5.2136786e-01   2.5711040e-01   1.8431744e-01
   4.2458778e+00   2.5752663e+00   1.9306313e+00   1.0359338e+00   1.3426711e+00   1.7165084e+00   1.2080249e+00   1.0614576e+00   6.6857215e-01   4.0639341e-01   8.4112315e-02   5.7112562e-01   1.5836830e-01   3.4834554e-01   3.7480284e-01   4.7058486e-01
   2.9449437e+00   2.1258008e+00   1.7566581e+00   1.3255597e+00   1.5206458e+00   1.4044044e+00   8.8743368e-01   9.6447939e-01   6.9142699e-01   6.3440427e-01   7.1801314e-01   5.2013454e-01   4.9673265e-01   4.0969486e-01   3.1051365e-01   5.6524393e-01
   3.6925384e+00   2.5879231e+00   2.0087542e+00   1.0887334e+00   1.2390691e+00   6.1781536e-01   6.7885879e-01   8.1025038e-01   8.5310121e-01   5.3175654e-01   5.0239802e-01   3.9684799e-01   4.0784414e-01   2.6548040e-01   4.7740146e-02   8.1750687e-02
   3.9958460e+00   2.3964886e+00   1.8881336e+00   1.4272092e+00   1.0510618e+00   1.2371797e+00   9.8483278e-01   1.1982021e+00   7.1479784e-01   7.1273162e-01   8.3779125e-01   5.2499162e-01   4.2868415e-01   2.2742714e-01   3.8547868e-01   3.0710570e-01
   4.2756588e+00   2.3086741e+00   2.3867884e+00   1.3687647e+00   1.1768832e+00   1.4485366e+00   1.0085420e+00   1.2573380e+00   1.0469643e+00   6.0393295e-01   6.5788983e-01   7.6888258e-01   4.9958409e-01   8.9705841e-02   3.5078233e-01   2.5119936e-01
   4.1120520e+00   2.2583934e+00   2.3589768e+00   1.6999351e+00   1.2677871e+00   1.1384544e+00   6.3689094e-01   8.2930656e-01   8.0377489e-01   5.1487623e-01   3.5640123e-01   2.0603989e-01  -8.8596699e-02  -2.8298789e-01   1.8267997e-01   7.7857907e-02
   2.4518126e+00   2.1129289e+00   2.5645264e+00   2.5172229e+00   2.0286024e+00   1.1946060e+00   1.0352736e+00   1.1206907e+00   6.7403261e-01   9.8173015e-02   7.4983243e-01   4.3057306e-01   2.7642448e-02  -3.2836506e-02  -1.8760607e-02  -6.4788889e-02
   2.3245985e+00   2.7062796e+00   2.4576583e+00   2.7131901e+00   2.0790134e+00   8.8263188e-01   9.6995350e-01   1.2827726e+00   5.6854959e-01   3.3197928e-01   6.5551941e-01   5.2862264e-01   1.3877798e-01  -3.5459275e-01  -3.0917077e-01  -1.4702099e-01
   2.8927754e+00   2.1461060e+00   1.9325399e+00   1.8464323e+00   1.1688433e+00   1.0298719e+00   1.0406502e+00   9.4465498e-01   8.6034757e-01   5.0453721e-01   6.8445104e-01   4.8910491e-01  -7.7124518e-03  -1.8338201e-02   2.0979269e-01   3.3605064e-01
   2.2235146e+00   2.0831585e+00   1.9106583e+00   1.2253883e+00   9.7506697e-01   1.2747112e+00   1.4789603e+00   1.0412892e+00   1.1506344e+00   9.9633086e-01   9.9963099e-01   7.0947702e-01   5.7936425e-01   7.2894358e-01   8.5808856e-01   2.4393690e-01
   3.9523319e+00   2.2585448e+00   2.0992539e+00   1.4289980e+00   8.7849663e-01   1.3636812e+00   1.3774445e+00   9.6380117e-01   1.2378805e+00   1.3541498e+00   9.4093636e-01   9.0671737e-01   1.0098069e+00   6.6780589e-01   5.6816178e-01   2.0952958e-01
   4.1075942e+00   2.9546767e+00   2.6966412e+00   1.8689759e+00   1.3536572e+00   1.7591410e+00   1.1170452e+00   1.2358785e+00   1.0722812e+00   1.2207198e+00   6.9589372e-01   8.7379030e-01   1.1908427e+00   1.1051452e+00   5.3163122e-01   6.4286001e-01
   2.8111230e+00   2.7012452e+00   2.5788777e+00   1.5641683e+00   9.7139719e-01   1.4439874e+00   1.1789300e+00   1.0156762e+00   1.1162615e+00   1.4861082e+00   1.0714044e+00   1.1816668e+00   1.3228266e+00   1.2992633e+00   7.0952480e-01   4.4441833e-01
   2.8579085e+00   2.5792267e+00   2.2545437e+00   1.6964318e+00   1.3632691e+00   1.1771595e+00   9.3035592e-01   1.0138594e+00   1.1055300e+00   9.6037273e-01   5.9570977e-01   9.5421220e-01   1.1957803e+00   1.1155618e+00   8.7871722e-01   6.4670619e-01
   3.5305772e+00   2.6356725e+00   2.4237352e+00   1.3725612e+00   1.0540260e+00   8.8861891e-01   5.2236515e-01   5.0178420e-01   9.8415308e-01   9.9873107e-01   2.5546207e-01   7.8291490e-01   1.1670127e+00   1.0982824e+00   1.0136143e+00   9.1643884e-01
   4.0897113e+00   2.6842505e+00   2.1162883e+00   1.4498199e+00   1.6182045e+00   1.1140761e+00   7.6667302e-01   4.1839147e-02   7.2339401e-01   1.0760356e+00   3.1848884e-01   6.3373391e-01   1.2168470e+00   1.1730095e+00   1.1463130e+00   8.3761393e-01
   3.2487857e+00   2.2281606e+00   1.8267494e+00   1.3020483e+00   1.0629006e+00   9.6300797e-01   1.2698720e+00   6.9521569e-01   7.4286144e-01   1.0073310e+00   3.7391668e-01   3.5026548e-01   1.0138454e+00   1.1618868e+00   1.1414221e+00   8.5679134e-01
   3.7515112e+00   2.9811623e+00   2.0993289e+00   1.1776662e+00   7.0583819e-01   1.4653737e+00   1.0701558e+00   1.1372731e+00   7.6055541e-01   4.1328264e-01   6.2506685e-01   5.0940698e-01   1.1025901e+00   1.1745074e+00   1.1318998e+00   9.8010151e-01
   4.7798306e+00   3.4516569e+00   1.7774984e+00   1.3479226e+00   2.9230030e-01   8.9702429e-01   9.4562758e-01   1.1552656e+00   1.0038873e+00   8.2673432e-01   7.7107561e-01   4.5941128e-01   7.4704678e-01   9.2204209e-01   7.8509077e-01   5.8833162e-01
   4.1221981e+00   2.8072603e+00   1.4296516e+00   1.0381178e+00   1.1676554e+00   1.1919594e+00   7.7969820e-01   1.0112960e+00   7.8228261e-01   6.2542561e-01   8.4431709e-01   8.0044759e-01   8.0658875e-01   8.5545507e-01   8.7618074e-01   7.9109026e-01
   3.9887082e+00   2.7977496e+00   1.6460092e+00   1.6378497e+00   8.0683564e-01   1.0637177e+00   7.5878757e-01   9.6535221e-01   7.6294716e-01   4.1114003e-01   6.8430846e-01   5.4145660e-01   5.8546510e-01   5.3776049e-01   6.8367385e-01   6.3503066e-01
   3.9490854e+00   2.5139293e+00   1.9101224e+00   1.3462079e+00   1.4527477e+00   1.2791469e+00   8.7805318e-01   8.0236444e-01   8.6039763e-01   8.0268313e-01   1.0383687e+00   3.8465477e-01   6.7126878e-01   6.1410970e-01   5.7484057e-01   4.8664083e-01
   4.3874512e+00   2.5224824e+00   1.5549691e+00   9.9444505e-01   1.4281398e+00   1.3825482e+00   7.4343599e-01   7.8827821e-01   3.7974503e-01   4.3448054e-01   7.8399301e-01   3.7867871e-01   6.2206797e-01   3.3532285e-01   5.0554465e-01   3.2100484e-01
   3.2083617e+00   2.4271662e+00   1.3440949e+00   1.0956394e+00   1.1916157e+00   1.5570515e+00   1.1503433e+00   5.4723668e-01   8.3871914e-01   8.6228214e-01   8.8541457e-01   4.7989696e-01   8.1545801e-01   4.9687661e-01   3.6650550e-01   2.7837890e-01
   3.2838648e+00   2.4660716e+00   1.8841773e+00   1.2322458e+00   1.2025411e+00   1.5177127e+00   8.2499399e-01   8.3495180e-01   8.3934142e-01   5.1992977e-01   5.3578586e-01   5.5314620e-01   7.1411693e-01   4.4753512e-01   4.5260063e-01   3.9678491e-01
   3.7269104e+00   2.4776244e+00   1.6906061e+00   1.3274829e+00   1.1994303e+00   1.1605784e+00   9.0939018e-01   8.1104911e-01   8.7610215e-01   7.5583479e-01   6.7639932e-01   2.3553168e-01   3.6807749e-01   2.7862459e-01   2.6421593e-01   2.6657482e-01
   3.3014655e+00   2.6446896e+00   1.7060912e+00   1.2142242e+00   1.0513317e+00   1.2994856e+00   9.6494209e-01   7.6996589e-01   5.0083460e-01   3.8435724e-01   5.1053693e-01  -9.1487940e-03   6.7075096e-01   4.6717261e-01   1.7573114e-01   2.0282161e-02
   3.2687071e+00   3.1884682e+00   1.9988197e+00   1.0078360e+00   1.1177243e+00   1.1790707e+00   7.2914524e-01   8.4349516e-01   8.2546843e-01   6.6371565e-01   6.3871164e-01   5.4405532e-01   6.5731718e-01   5.1953505e-01   2.4607873e-01   1.2483140e-01
   3.4489090e+00   2.8152447e+00   2.9678891e+00   2.8335095e+00   2.2412166e+00   1.6262171e+00   1.0814814e+00   9.1064162e-01   8.9308828e-01   5.6692384e-01   6.5381824e-01   3.2384881e-01   2.4302302e-01   3.4804524e-01   1.3598304e-01  -2.6909533e-02
   3.6631030e+00   2.9536910e+00   2.5694912e+00   2.6261353e+00   1.9902959e+00   1.6608362e+00   1.1207914e+00   9.7361839e-01   5.3774274e-01   6.1123976e-01   5.0780050e-01   1.7293975e-01  -3.9586107e-02  -1.4501313e-01  -8.4557046e-02   7.9912311e-02
   3.5092041e+00   2.3573293e+00   1.8219363e+00   1.6320903e+00   1.3136294e+00   1.1409205e+00   9.6003501e-01   1.3030013e+00   1.0193910e+00   7.4461716e-01   7.1663747e-01   2.7571334e-01   1.5739219e-01   9.4587466e-02   1.8082211e-01  -9.8375914e-02
   3.6617344e+00   1.6473061e+00   1.2608919e+00   1.5762032e+00   1.2676276e+00   5.6732703e-01   6.1917747e-01   9.0398448e-01   9.4209850e-01   4.2551168e-01   4.7705888e-01   2.0257330e-01  -2.4053296e-02  -2.1557076e-01   8.1432136e-02   1.1294587e-01
   3.1199985e+00   1.8415785e+00   1.1487718e+00   1.4736391e+00   6.7065001e-01   1.2867829e+00   5.8893003e-01   4.6187898e-01   6.7776652e-01   6.3110460e-01   5.5847786e-01   1.9555462e-01  -1.4284808e-01  -1.7422438e-01  -1.0159431e-01  -1.2088642e-01
   3.1160529e+00   2.1468353e+00   1.6894034e+00   1.3386055e+00   1.3773416e+00   1.2063864e+00   1.0593989e+00   1.0628365e+00   6.8701969e-01   5.2142073e-01   4.4906624e-01   1.6679326e-01   5.8482210e-02  -1.2085292e-01   5.6121422e-02   4.3094085e-02
   2.9455886e+00   2.2485483e+00   1.6827526e+00   1.1597528e+00   1.4058491e+00   1.3102062e+00   5.9944428e-01   7.9542721e-01   8.9960935e-01   6.4719961e-01   5.1439046e-01   1.5807073e-01   1.4863497e-02  -2.2519426e-01  -8.1843293e-03  -2.9272183e-01
   3.2962416e+00   1.9288274e+00   1.5822665e+00   8.5014289e-01   8.4612883e-01   1.5578789e+00   8.7690542e-01   6.4543255e-01   2.0387203e-01   3.7828719e-01   7.7958437e-01   1.6462837e-01  -2.8678453e-01   2.6750025e-02   9.9074897e-02  -2.2948955e-01
   3.3600813e+00   1.9842394e+00   1.7068448e+00   1.2922912e+00   1.0079035e+00   1.4502504e+00   6.4487157e-01   7.3409716e-01   4.3544227e-01   4.3920881e-01   3.9791053e-01   7.4920668e-02  -2.9472925e-02   1.5330841e-03   1.4910725e-01  -3.2095031e-03
   3.1345208e+00   1.8881944e+00   1.8165390e+00   1.2937980e+00   1.3239752e+00   9.8905008e-01   6.9926636e-01   8.5530333e-01   5.4222482e-01   5.3737104e-01   4.9518621e-01   1.1974232e-01  -1.2732768e-01   2.2009854e-02   1.6528944e-01  -1.4859690e-01
   2.1734594e+00   2.0623834e+00   1.1627777e+00   1.3748447e+00   9.9844323e-01   9.1382151e-01   1.0164989e+00   7.9728242e-01   4.7568138e-02  -2.4110169e-01   3.5742696e-01   2.9170127e-03  -1.9675315e-01  -2.3659832e-01  -1.1266541e-01  -2.5445322e-01
   2.7706248e+00   1.7176391e+00   1.1616834e+00   1.4537746e+00   9.3204466e-01   8.2772930e-01   2.8636203e-01   1.0408024e+00   6.5724972e-01   3.3430260e-01   4.9725268e-01   2.3706238e-01   1.6558503e-01  -3.5187355e-01  -1.6679812e-01  -2.2679788e-01
   3.0972681e+00   2.3548081e+00   1.6012099e+00   1.0562345e+00   1.1067256e+00   8.1649848e-01   4.1690540e-01   1.1268474e+00   5.8791960e-01   5.5793583e-01   7.6206630e-01   2.8090612e-01   1.6616680e-01   1.0980715e-01   5.4835134e-02  -3.1069676e-01
   3.4398237e+00   2.0120318e+00   1.8366120e+00   1.5927968e+00   1.3161886e+00   1.0474367e+00   1.0733455e+00   9.3596050e-01   6.7384364e-01   3.2766448e-01   4.1642353e-01   1.9473265e-01   7.2389506e-02  -1.3575824e-03  -1.2235419e-01  -4.3633166e-01
   2.8143439e+00   2.1003529e+00   1.5892361e+00   1.3855288e+00   1.1607643e+00   1.4531324e+00   1.0318905e+00   1.0692318e+00   5.8840012e-01   5.4100990e-01   3.5094088e-01  -2.6588563e-04  -4.3893948e-02  -1.3697923e-01  -4.5154014e-02  -3.8578714e-01
   3.2080930e+00   2.0639654e+00   9.3843239e-01   2.6019859e-01   6.4987445e-01   8.9823003e-01   8.7368172e-01   8.0227907e-01   7.6177564e-01   3.3809543e-01   1.8161556e-01   1.2566160e-01  -1.9108930e-01  -5.2239492e-01  -1.4056584e-01  -2.0011245e-01
   3.2423901e+00   1.7905900e+00   8.3880121e-01   6.8340212e-01   7.8191965e-01   1.4216736e+00   6.6391370e-01   1.0148691e+00   8.6391215e-01   2.1336504e-01   6.2728160e-01   4.1485759e-01  -3.0915978e-01  -5.1749678e-01  -4.1988120e-01  -1.6040306e-01
   3.4207335e+00   1.9653044e+00   1.1196403e+00   9.5930662e-01   8.0691208e-01   1.2722182e+00   6.6407031e-01   3.0407277e-01   8.4931512e-01   7.4640374e-01   4.1469959e-01   3.1948951e-01  -2.0983630e-01  -9.7257053e-02   2.5898034e-02   4.0811530e-02
   3.4454287e+00   1.8870448e+00   1.5548521e+00   1.3471715e+00   1.0176166e+00   1.3682228e+00   1.1147101e+00   5.7973597e-01   5.4772813e-01   6.0916933e-01   6.1008946e-01  -1.7689337e-01  -9.3065588e-02  -2.6759631e-01  -2.4699677e-01  -3.0578075e-01
   3.3780201e+00   1.8767123e+00   1.6332318e+00   1.3784349e+00   8.4612819e-01   1.0869257e+00   8.8395034e-01   9.2699284e-01   6.0417235e-01   5.2612325e-01   2.7711332e-02   8.4465012e-02  -1.1563615e-01  -2.2377934e-01  -3.6913267e-01  -1.9073549e-01
   3.0458029e+00   1.8063761e+00   1.3478688e+00   7.8070418e-01   8.8819473e-01   1.2708193e+00   9.9373302e-01   6.2289769e-01   9.3183731e-01   8.2533305e-01   7.0692027e-02   1.1162875e-01  -3.2772796e-01  -3.5246949e-01   4.9757359e-02   2.0462552e-02
   3.5182069e+00   1.8883446e+00   1.1906448e+00   7.5425355e-01   8.9177477e-01   1.2010872e+00   9.7614880e-01   8.0361638e-01   6.6376702e-01   6.4191333e-01   4.3453807e-01   1.3785599e-01  -1.3405006e-01  -2.8240647e-01  -2.2687389e-01  -1.6694857e-01
   3.1114865e+00   1.7978394e+00   1.1279993e+00   1.2449766e+00   1.2554365e+00   1.2434083e+00   1.1587020e+00   1.0556867e+00   2.3846353e-01   2.2357944e-01   4.9557393e-01   2.8170525e-03  -1.3779654e-01  -2.1615466e-01  -4.9854896e-01  -4.4628470e-01
   3.4965327e+00   1.9960659e+00   1.9870360e+00   1.4315733e+00   6.1377259e-01   8.2416091e-01   8.6559101e-01   1.0087951e+00   7.6958169e-01   5.4981764e-01   3.2159063e-01   1.3388406e-01  -6.1644124e-02  -1.7605373e-01  -6.7936921e-01  -3.5507800e-01
   2.6727949e+00   1.6071053e+00   1.5518795e+00   1.1650115e+00   6.5729768e-01   9.1272584e-01   6.0970876e-01   9.0838514e-01   5.5543585e-01   3.7537113e-01   3.6848394e-01   2.6956153e-01   9.9888059e-03  -2.8694509e-01  -3.3724892e-01  -1.6487011e-01
   2.8629517e+00   2.0733770e+00   1.0290366e+00   1.4948704e+00   9.0385974e-01   8.2271593e-01   6.5148535e-01   7.5550115e-01   6.8187072e-01   3.9062605e-01   7.1811932e-01   4.2047778e-01   1.4075528e-01  -2.6909413e-01  -4.2714091e-01  -4.9853707e-01
   2.8977175e+00   1.8935906e+00   1.6345927e+00   1.8006749e+00   1.4613094e+00   8.5675410e-01   5.8059676e-01   6.0978824e-01   4.5173581e-01   1.1893843e-01   3.1136549e-01   8.6439472e-02  -1.4382572e-01  -4.2425861e-01  -1.8056919e-01  -6.4399882e-01
   2.9625773e+00   1.6045383e+00   1.1204930e+00   1.2775245e+00   7.9397822e-01   1.0378976e+00   8.3424355e-01   9.0288533e-01   7.1559232e-01   3.1989477e-01   4.5035837e-01   3.4575215e-02  -2.5286085e-01  -1.6358848e-01  -2.0118020e-01  -2.9379403e-01
   2.6827326e+00   2.1878274e+00   1.5726047e+00   1.2345766e+00   9.3899897e-01   1.4592456e+00   9.0738651e-01   1.1699650e+00   7.3217899e-01   4.4694210e-01   2.9617449e-01  -7.1586178e-02  -2.9216843e-02  -2.3880196e-01  -4.2366230e-01  -2.3437741e-01
   3.4414977e+00   1.8413358e+00   1.4398762e+00   8.9945901e-01   6.3891092e-01   1.0874649e+00   1.0216865e+00   1.3075477e+00   9.7346601e-01   7.9305479e-01   1.8699032e-01  -7.5067497e-02  -1.1334837e-01  -3.7316189e-01  -3.3458535e-01  -1.5431396e-01
