   3.6191470e+00   3.3091417e+00   2.2973162e+00   1.7527339e+00   1.2508027e+00   1.8650766e+00   8.5561908e-01   6.0486186e-01   6.7739654e-01   2.3372640e-01   1.9143514e-01   2.4780936e-01   3.3400090e-01  -9.6532018e-02  -4.8731151e-01  -4.4419288e-01
   3.7583749e+00   2.6211650e+00   2.4332103e+00   2.3044409e+00   1.8255148e+00   1.6401351e+00   1.2428690e+00   6.5618217e-01   7.0001341e-01   5.4672314e-01   1.4380264e-01   4.5802689e-01   4.4523956e-01  -5.0882938e-02  -4.6922455e-02  -2.8818580e-01
   3.7269806e+00   2.8824468e+00   1.8578655e+00   1.6301692e+00   1.2610552e+00   1.9560208e+00   1.6400027e+00   1.1313857e+00   9.8395543e-01   2.4551435e-01  -2.0442810e-02   2.3829337e-01   3.8847881e-01   1.1011755e-01  -1.7185652e-01  -1.3978494e-01
   4.2038715e+00   2.9160751e+00   2.1552981e+00   2.1513752e+00   1.3097606e+00   1.6671386e+00   1.0699390e+00   9.8471653e-01   7.9734451e-01   3.3600471e-01  -4.4038750e-02   1.6319569e-01  -1.9196943e-02  -1.9519822e-01  -3.6782294e-01  -4.8418589e-01
   3.8563907e+00   2.7057429e+00   2.3071117e+00   1.9313217e+00   1.2210999e+00   1.4543076e+00   1.2658815e+00   6.2714254e-01   8.0181237e-01   5.5230176e-01   2.1502762e-02   1.7057817e-01   2.9548446e-02  -1.4563497e-01  -1.1090701e-01  -5.8080222e-01
   3.8065677e+00   3.2323980e+00   2.5432140e+00   2.1234576e+00   2.1987299e+00   1.6658067e+00   1.2392715e+00   6.8124025e-01   8.4684852e-01   3.2855116e-01   1.5318510e-01   1.3563387e-01   2.2653535e-01  -2.1025062e-01  -2.4646343e-01  -3.7312153e-01
   4.3614379e+00   3.3125794e+00   2.6132411e+00   1.8415122e+00   1.4495789e+00   1.1918597e+00   1.1840057e+00   8.2300198e-01   6.4930591e-01   2.2538370e-01   7.4771109e-02   4.1993711e-01   2.3078974e-02  -2.9319663e-01  -4.5299923e-01  -6.6337182e-01
   3.9676072e+00   3.0683136e+00   2.5676142e+00   1.9476252e+00   1.5775091e+00   1.2859709e+00   1.5516399e+00   1.1869235e+00   7.8815725e-01   5.8515376e-01   5.0898028e-01   4.0389177e-01   2.5755127e-01   2.0755727e-02  -1.5985262e-01  -2.4109424e-01
   3.5037616e+00   2.9427669e+00   2.7380881e+00   2.1264365e+00   1.5699894e+00   1.7136328e+00   1.6238447e+00   1.0778317e+00   4.5567863e-01   4.6606779e-01   1.0461448e-02   4.1392854e-01   1.2686735e-01  -3.5223765e-01  -5.4315762e-01  -9.0066295e-01
   3.2488472e+00   2.8417155e+00   2.0249508e+00   1.9927511e+00   1.9968183e+00   1.6767034e+00   1.2387735e+00   8.4636849e-01   6.4048553e-01  -2.9201699e-01  -1.3288118e-01   1.9544502e-01  -6.5320723e-02  -1.6465896e-01  -4.7966787e-01  -6.5346620e-01
   2.4421559e+00   2.6777663e+00   2.0667132e+00   2.0203280e+00   1.3224695e+00   1.6384844e+00   1.6406910e+00   9.2558087e-01   8.7702564e-01   1.6183880e-01   1.6552051e-01  -4.1093071e-02  -1.4092971e-01  -1.7986479e-01  -5.9401815e-01  -6.7565395e-01
   3.4285477e+00   3.3812551e+00   2.1322414e+00   2.1644006e+00   1.8017626e+00   1.5041653e+00   1.2953356e+00   1.0876948e+00   7.3608861e-01  -2.5779253e-02   2.3760361e-01   2.1076987e-01   2.3927985e-03  -4.3686328e-01  -5.1013226e-01  -5.7135024e-01
   3.4753868e+00   2.7543409e+00   1.9534404e+00   2.1113645e+00   1.4654044e+00   1.4347807e+00   1.2453480e+00   1.1025350e+00   9.2787098e-01   5.7583104e-01   3.4851969e-02   1.8008595e-01   3.5799480e-02  -2.4017536e-01  -3.6073841e-01  -5.2063594e-01
   3.3859172e+00   2.8434316e+00   2.1672638e+00   2.2262754e+00   1.6288217e+00   1.4749698e+00   1.3932508e+00   9.4949137e-01   6.2687547e-01   1.8189422e-01  -1.0297639e-01   8.1894617e-02   6.4313568e-02  -3.7460187e-01  -6.2086711e-01  -9.2902750e-01
   3.8857079e+00   3.3712239e+00   2.0729046e+00   2.0039026e+00   1.5858853e+00   1.7132743e+00   1.4189946e+00   6.7410642e-01   6.1966080e-01   1.3810785e-01  -5.1744754e-02   6.5440426e-02   2.1172977e-01  -3.7226371e-01  -5.5106253e-01  -8.3967805e-01
   3.6948151e+00   2.8716069e+00   2.6576391e+00   2.1552166e+00   1.4029233e+00   9.8593612e-01   1.0924713e+00   6.3308252e-01   7.4046770e-01   2.7779562e-01   1.1670986e-01   4.7166655e-02  -1.4220421e-02  -8.8099959e-02  -1.5677848e-01  -1.4716980e-01
   3.9883007e+00   3.1551392e+00   2.7475656e+00   2.2568156e+00   1.9703093e+00   1.5698296e+00   1.6862561e+00   1.0305007e+00   7.4669138e-01   3.5712648e-01   2.9636768e-01   2.2386179e-01  -7.5196205e-02  -6.7480096e-02  -4.6522781e-01  -7.4183549e-01
   3.8695149e+00   2.9017648e+00   1.9754419e+00   1.8504855e+00   1.4135367e+00   1.7474347e+00   1.2275312e+00   9.5974946e-01   5.2115239e-01   5.0179686e-02   2.2088465e-01   1.3726219e-01  -8.7693161e-03  -2.8486114e-01  -2.3639133e-01  -2.4312240e-01
   3.5089361e+00   3.0175157e+00   1.5549900e+00   1.9340823e+00   1.4618839e+00   1.2494302e+00   7.7625343e-01   8.1004860e-01   5.5702368e-01   2.6187600e-02  -8.4503159e-02  -1.9126508e-01  -3.5245625e-01  -3.2435389e-01  -3.6910252e-01  -5.3268559e-01
   3.6616134e+00   3.3653881e+00   2.5139472e+00   2.2688990e+00   1.4564339e+00   1.7436284e+00   1.0706338e+00   8.3205808e-01   4.7851758e-01   3.2866336e-01  -8.8951448e-02   3.9785304e-02   3.0840623e-01  -7.1014839e-02   9.6132853e-03  -2.9565840e-01
   4.6870207e+00   3.3420639e+00   2.1479186e+00   1.2713830e+00   1.6027928e+00   9.8640043e-01   9.6430059e-01   9.7755685e-01   3.6880602e-01   9.1243714e-02   2.8820063e-02  -2.9822053e-01  -2.5088836e-01  -2.9268809e-01  -2.2785108e-01  -6.3924495e-01
   4.1259626e+00   3.1463677e+00   2.6870798e+00   1.3520003e+00   1.5498460e+00   3.8248816e-01   8.3407558e-01   8.6590774e-01   7.1194059e-01   3.6816290e-01   1.7293189e-01  -1.8863704e-01  -1.4564984e-01  -7.8421679e-02  -3.9559838e-01  -8.8910736e-01
   4.0357746e+00   2.7736521e+00   2.2490488e+00   9.5236805e-01   1.3749599e+00   1.5834218e+00   1.2565595e+00   1.2678431e+00   7.9721080e-01   3.8218578e-01   2.5067982e-01   8.5573799e-02   3.0830989e-01   3.8482006e-02  -1.6049261e-01  -1.7081264e-01
   3.9241746e+00   2.9132047e+00   2.0207499e+00   1.5122401e+00   1.9265593e+00   1.6372989e+00   1.4026265e+00   1.0633736e+00   8.9692471e-01   1.1482445e-01   2.7217697e-01   3.5193274e-01   2.5111225e-01  -6.6550748e-02  -5.0201642e-01  -7.9465155e-01
   3.7297908e+00   3.0390643e+00   2.5493134e+00   2.1675582e+00   1.4734591e+00   1.4903376e+00   1.1016654e+00   8.1139649e-01   8.3062910e-01   4.2728287e-01   2.6027644e-02   4.0125153e-01   2.7148765e-01  -8.1974635e-02  -4.4075496e-01  -5.0689135e-01
   3.8040561e+00   3.0367941e+00   2.7671284e+00   1.7897015e+00   9.3285301e-01   1.5101360e+00   1.1397793e+00   1.2248124e+00   6.3165426e-01   4.8871998e-01   4.4022738e-02   2.4833544e-01   2.1446596e-02  -2.1502455e-01  -2.5601044e-01  -7.2976985e-01
   3.5672911e+00   2.5726630e+00   2.4502366e+00   1.4589826e+00   1.0746673e+00   1.1688548e+00   1.3569838e+00   1.1167912e+00   5.6007489e-01   3.0797192e-02   2.4503898e-01   1.0374453e-01   3.5026058e-01  -2.6253505e-01  -4.5653282e-01  -6.0762624e-01
   4.0138541e+00   2.7335838e+00   2.2536129e+00   2.2346526e+00   1.2516765e+00   1.2763149e+00   8.0119227e-01   8.2629497e-01   8.2727842e-01  -7.6847068e-02  -2.3935946e-01   5.1027248e-02   2.6917890e-02  -2.8338791e-01  -4.4252553e-01  -5.2473864e-01
   3.6692836e+00   3.1981207e+00   2.1788959e+00   1.2555488e+00   1.6488984e+00   1.6068646e+00   1.1945172e+00   7.9264397e-01   7.9802838e-01   2.5775969e-01  -1.7959579e-01  -4.3322903e-01  -1.5598699e-01  -4.4200217e-01  -5.9154014e-01  -6.9370182e-01
   3.9441661e+00   3.3209022e+00   2.2422823e+00   1.7606998e+00   1.6411073e+00   1.4614784e+00   1.1187321e+00   1.1693242e+00   1.1858538e+00   1.8357743e-01   3.8373507e-01   2.4398639e-01   1.2289577e-01   1.5403119e-02   2.0794561e-01  -9.6371664e-02
   3.6248239e+00   2.7969140e+00   2.5491082e+00   2.0674555e+00   1.7435063e+00   1.5648011e+00   1.5271647e+00   1.0815602e+00   1.2609055e+00   8.0964988e-01   3.4418384e-01   5.6952610e-01   4.3407604e-01   1.9848331e-01   4.6711811e-01   7.5741778e-02
   4.1527276e+00   3.5930929e+00   2.8074098e+00   1.9505983e+00   1.2784683e+00   1.5757113e+00   1.3758766e+00   1.1230498e+00   1.0628392e+00   1.2714115e+00   7.8398448e-01   1.1445286e+00   9.8940114e-01   7.7004259e-01   1.1380458e-01  -3.1954110e-01
   3.4015898e+00   2.9064231e+00   2.9609008e+00   2.2252456e+00   1.3072653e+00   1.0555810e+00   1.0259230e+00   1.0659122e+00   8.7653693e-01   1.4285783e+00   1.5519777e+00   2.0422207e+00   1.6194229e+00   1.4109459e+00   3.2845302e-01  -3.4813508e-01
   3.6128515e+00   3.2694534e+00   3.0368791e+00   2.4814921e+00   1.3657778e+00   1.3935984e+00   1.1846301e+00   8.5512198e-01   9.3457874e-01   8.3049901e-01   1.4588128e+00   1.8497800e+00   1.7011006e+00   1.6074275e+00   3.4366578e-01  -1.7307681e-01
   3.4759812e+00   3.2486492e+00   2.7936207e+00   2.1690789e+00   1.5481284e+00   1.7270572e+00   1.3694154e+00   1.1060318e+00   8.2698041e-01   6.9982446e-01   1.5326578e+00   1.7638959e+00   1.8045720e+00   1.7576510e+00   4.1077753e-01  -8.1133428e-02
   3.8650247e+00   3.3674126e+00   3.0918641e+00   2.4873781e+00   1.5474166e+00   1.3439104e+00   1.4744545e+00   1.0069983e+00   4.4754769e-01   4.6143058e-01   1.3543178e+00   1.8285269e+00   1.8219208e+00   1.7438604e+00   5.0630689e-01  -2.0844442e-01
   4.0344172e+00   3.4389584e+00   3.1884851e+00   2.8160951e+00   1.9186049e+00   1.7153507e+00   1.0789445e+00   9.8744494e-01   6.5043648e-01   8.4485314e-01   1.2818428e+00   1.8323514e+00   1.8523394e+00   1.9077631e+00   5.7508518e-01  -1.9091392e-02
   3.9297813e+00   3.4328888e+00   2.7558614e+00   2.0669412e+00   1.6631138e+00   1.9541345e+00   1.2722623e+00   7.6825663e-01   7.4043596e-01   6.3876667e-01   1.2872983e+00   1.6715691e+00   2.0686300e+00   2.0017965e+00   6.8808236e-01   1.4615045e-01
   3.9837746e+00   3.3448525e+00   2.6696800e+00   1.9023832e+00   2.0107807e+00   1.1769752e+00   1.1474859e+00   1.0393134e+00   1.1460635e+00   6.5935853e-01   1.2315375e+00   2.0006096e+00   2.2067376e+00   2.0483528e+00   6.6175428e-01  -3.2490035e-01
   3.7603059e+00   2.9577842e+00   3.2840719e+00   2.1257578e+00   2.0797211e+00   6.1910755e-01   8.8819755e-01   1.1093901e+00   7.2048928e-01   6.4128671e-01   1.3737180e+00   2.0845690e+00   2.0540766e+00   1.8170254e+00   5.1500028e-01  -1.3266722e-01
   3.6992134e+00   3.3076454e+00   2.9367907e+00   2.0336044e+00   1.7280638e+00   1.3693073e+00   1.2913090e+00   1.0414315e+00   7.3034933e-01   4.2977739e-01   1.1948291e+00   1.8437768e+00   2.1494263e+00   2.0434526e+00   8.7093492e-01   1.6271731e-01
   4.0349401e+00   3.4934595e+00   2.8975307e+00   2.2832319e+00   2.2623241e+00   1.7129189e+00   1.2633644e+00   8.7722164e-01   8.7878553e-01   4.9008165e-01   7.0647532e-01   1.6604904e+00   2.1326220e+00   2.1384632e+00   6.4394123e-01  -1.7872335e-01
   3.8151286e+00   3.2694363e+00   3.1647098e+00   1.9958936e+00   2.0339168e+00   1.8253893e+00   1.7301677e+00   8.7675980e-01   6.9161910e-01   2.6337801e-01   6.7275228e-01   1.6341752e+00   1.9803936e+00   1.9965557e+00   6.7346719e-01  -1.3752894e-01
   3.6886065e+00   3.5280918e+00   2.8032027e+00   2.3170377e+00   1.8012473e+00   1.3707589e+00   1.3788026e+00   1.0169805e+00   7.1510050e-01   4.8614028e-01   9.4093556e-01   1.7443261e+00   1.7178372e+00   1.6922597e+00   3.0933667e-01  -2.2754800e-01
   3.5900202e+00   3.0969062e+00   3.3591215e+00   1.7234368e+00   1.7953244e+00   1.6472834e+00   9.5359800e-01   2.8712921e-01   5.9613745e-01   6.4889412e-01   9.0397402e-01   1.5974813e+00   1.4321319e+00   1.4737832e+00   2.1905386e-01  -3.7791241e-01
   3.6564199e+00   3.0527231e+00   3.3814598e+00   2.1080525e+00   1.8322088e+00   1.7679214e+00   9.0014260e-01   6.7264052e-01   7.3396518e-01   1.9886527e-01  -2.3235484e-01   6.9172546e-01   9.7265424e-01   9.5650241e-01  -2.9664117e-01  -5.7944799e-01
   3.8868199e+00   2.7852128e+00   2.9888011e+00   2.1152600e+00   1.4308807e+00   1.2544562e+00   1.0266324e+00   1.0375425e+00   1.0918419e+00   5.1871478e-01   1.8134158e-01   1.1297405e+00   1.3903187e+00   1.5239511e+00   3.6530830e-01  -5.3329001e-01
   3.8307827e+00   3.3613894e+00   2.6566353e+00   2.4528800e+00   1.6366455e+00   1.4301463e+00   1.2225090e+00   1.0282588e+00   7.0747967e-01   3.5486358e-01   3.6332186e-01   1.2287038e+00   1.1663031e+00   1.4023983e+00   1.9610310e-01  -6.7531897e-01
   3.8868678e+00   3.8932603e+00   2.9266889e+00   2.3011760e+00   2.0807450e+00   1.5811798e+00   1.4821591e+00   1.4853077e+00   1.0093988e+00   4.2569555e-01   5.0578931e-01   1.1216353e+00   9.6686487e-01   9.6680132e-01  -1.3292653e-01  -3.1701428e-01
   3.7124415e+00   3.6622751e+00   2.9015175e+00   2.3549207e+00   1.6508873e+00   1.2162281e+00   1.1055795e+00   9.3109677e-01   8.8308210e-01   5.0276989e-01   3.7753861e-01   1.0995225e+00   1.1321766e+00   8.3756032e-01  -5.0345611e-02  -2.7598278e-01
   4.0820594e+00   3.0221060e+00   2.8167519e+00   1.5992666e+00   1.4215197e+00   1.5627648e+00   9.2115322e-01   1.1558453e+00   8.8484152e-01   7.8325955e-01  -4.6546699e-02   8.7796404e-01   9.0553297e-01   2.7321138e-01  -2.6947067e-01  -4.8166197e-01
   4.0567998e+00   3.0475280e+00   2.9519491e+00   2.0122741e+00   1.6283134e+00   1.9155050e+00   1.3899775e+00   1.2934802e+00   1.1155034e+00   5.0875780e-01  -6.2024325e-02   7.2806248e-01   2.0958030e-01  -1.7104970e-01  -3.5555689e-01  -7.1201908e-01
   3.8523438e+00   3.3879690e+00   2.6623243e+00   2.2738965e+00   1.9862156e+00   1.4124674e+00   1.1559940e+00   7.9556441e-01   1.0001731e+00   3.3211826e-01   2.2089291e-01   3.9238068e-01   2.8207041e-01   5.6934671e-02  -1.1682776e-02  -6.0681158e-02
   4.1655658e+00   3.1686188e+00   1.9163720e+00   1.7805467e+00   1.8357505e+00   1.2225853e+00   1.3408653e+00   9.0139613e-01   1.0961968e+00   2.2613322e-01  -2.1116962e-01   2.9623663e-01   2.1811926e-01   4.4104721e-02  -4.0500598e-01  -4.2256402e-01
   3.7378840e+00   3.1042341e+00   2.3475756e+00   2.0567377e+00   1.7090570e+00   1.4271843e+00   1.2278354e+00   9.3590029e-01   8.6928596e-01   5.5157673e-01   9.1752774e-02   3.9739440e-01   3.4858488e-01  -1.2698559e-01  -4.2224565e-01  -4.6032083e-01
   3.8854626e+00   3.4054697e+00   2.5147205e+00   2.3636197e+00   1.7960927e+00   1.4061755e+00   8.4348239e-01   7.9713632e-01   5.1449953e-01   2.3484279e-01   3.0920779e-01   4.4448453e-01   2.2325707e-01   2.6472780e-02  -3.4159121e-01  -6.4466841e-01
   3.8273343e+00   3.4363245e+00   2.2895596e+00   1.7315997e+00   1.1242554e+00   1.3008079e+00   1.2851637e+00   9.9358423e-01   9.4542933e-01   3.1359022e-01   3.0911669e-01   3.4950835e-01  -4.1948487e-02  -2.2988382e-01  -5.3161670e-01  -5.3619952e-01
   4.3467382e+00   3.3349600e+00   2.4551598e+00   2.0884952e+00   1.7292913e+00   9.5564870e-01   9.0350904e-01   8.8967276e-01   4.9650027e-01   3.5986038e-01   9.3632466e-02   6.2438353e-01   1.4772031e-01  -8.9729265e-02  -3.4598162e-01  -5.3091881e-01
   4.0262273e+00   3.2987175e+00   2.0589697e+00   2.3099280e+00   1.6848883e+00   1.5221429e+00   1.4245611e+00   1.1423854e+00   1.1693317e+00   5.1195011e-01  -3.7170013e-02   4.7691858e-01   3.8080800e-01  -1.5281818e-01  -1.3849288e-01  -2.0354560e-01
   3.9250423e+00   2.7285567e+00   2.9288411e+00   2.3780517e+00   1.8515788e+00   1.5706925e+00   8.4369530e-01   5.3606903e-01   7.4695733e-01   1.6328489e-01   2.0913588e-01   2.5507461e-01   4.6403705e-01  -1.4751010e-01  -2.5440004e-01  -3.6850382e-01
   3.8738647e+00   3.8334134e+00   2.8650000e+00   1.8959139e+00   1.6413204e+00   1.0550215e+00   1.2561830e+00   1.2772211e+00   9.4566230e-01   2.5037442e-01   1.9001898e-01   4.5668906e-01   2.7304267e-01  -3.1306841e-01  -3.0748322e-01  -2.8230191e-01
   4.1943138e+00   3.1154016e+00   2.4236547e+00   2.1488300e+00   1.7922350e+00   1.4840968e+00   1.4924816e+00   1.0678440e+00   9.2180233e-01   5.2071487e-01   3.2670056e-01   1.3395121e-01   3.2754491e-01   1.7685308e-01  -7.5359531e-03  -1.3829766e-01
   4.0770209e+00   3.5703528e+00   2.3754973e+00   2.0271222e+00   1.0277170e+00   1.4511104e+00   6.9095745e-01   8.3561200e-01   1.0517457e+00   8.8746189e-01   7.5019389e-02   6.3940371e-01   4.3730818e-01  -3.5298154e-01  -5.4335024e-01  -5.7382212e-01
   3.8936113e+00   3.3186869e+00   2.3667675e+00   2.1929600e+00   1.6156115e+00   1.3417462e+00   2.8929479e-01   8.4026712e-01   1.0837844e+00   5.4147913e-01   2.2206662e-01   3.1993132e-01   1.1425517e-01  -3.0656917e-01  -4.0993040e-01  -5.4211837e-01
   3.6802751e+00   2.5677814e+00   2.3003224e+00   2.0521495e+00   1.6200565e+00   1.2450704e+00   6.1463935e-01   8.9124275e-01   1.1651392e+00   8.9903131e-01   4.6799150e-01   4.0835832e-01   3.7636739e-01  -7.4126324e-02  -6.2164607e-03  -1.6261734e-01
   4.0948678e+00   2.8565141e+00   2.5854570e+00   2.3787742e+00   1.3524981e+00   1.4401142e+00   8.7231433e-01   9.4084831e-01   5.3285627e-01   4.0952771e-01   1.1317439e-01  -1.0927577e-01   1.0683516e-01  -3.3955743e-01  -2.6692196e-01  -7.0108660e-01
   4.2388790e+00   3.2399260e+00   2.9494821e+00   2.1395925e+00   1.4849415e+00   1.4179020e+00   1.1150661e+00   8.3617370e-01   5.3954454e-01   2.0683604e-01   1.9678109e-01   1.2905408e-01   3.8124937e-01  -5.9562997e-02  -7.9455725e-02  -7.3315516e-01
   3.3260171e+00   3.2034862e+00   2.4319549e+00   1.7161349e+00   1.5189916e+00   1.4613307e+00   1.5746401e+00   1.3352585e+00   1.0209955e+00   1.5727504e-01   3.7659275e-01   4.7608158e-01   4.3440317e-01  -2.7930452e-01  -3.5986219e-01  -4.2113846e-01
   3.4995116e+00   2.7263566e+00   2.3465577e+00   1.6647858e+00   1.5173297e+00   1.8161813e+00   1.5219170e+00   1.2846773e+00   8.2804238e-01   5.7035418e-01   1.5486896e-01   2.9696696e-01   4.1367347e-01  -7.9261793e-02  -2.2860271e-01  -5.5419115e-01
   4.0538327e+00   3.1160031e+00   2.8387118e+00   1.8074040e+00   1.7293754e+00   1.8884631e+00   1.3961328e+00   1.0064504e+00   7.2650339e-01   2.1488464e-01   1.2493593e-01   2.5888543e-01   9.4897900e-02  -1.5890117e-01  -3.8052998e-01  -4.6090878e-01
   3.9021735e+00   2.6877956e+00   2.5854499e+00   2.3088137e+00   1.3184985e+00   1.7905164e+00   1.6696544e+00   1.4398688e+00   9.0768518e-01   4.7466833e-01  -1.6998032e-01   1.6740692e-01   1.2601030e-02  -1.9645883e-01  -4.0688312e-01  -6.0490783e-01
   3.5521435e+00   2.7167301e+00   2.2396705e+00   2.4500078e+00   2.3688331e+00   2.0177425e+00   1.3492224e+00   1.1391026e+00   1.1386770e+00   7.1395143e-01   1.7263837e-01  -8.9603955e-03   6.0395789e-02  -5.3273250e-02  -4.7336215e-01  -6.7100395e-01
   4.3571566e+00   3.3945673e+00   2.1988048e+00   1.8481776e+00   1.5810196e+00   1.6217215e+00   1.3590425e+00   8.2292071e-01   9.9644956e-01   1.1493311e-01  -4.7841536e-03   1.7939085e-01   8.9698804e-02  -2.7409300e-01  -3.3953757e-01  -6.0702162e-01
   4.8230327e+00   3.7716909e+00   2.3930724e+00   1.8249630e+00   1.5037026e+00   1.5303697e+00   1.2934769e+00   1.2339870e+00   1.0018109e+00   1.6667073e-01   2.4098784e-01   5.2789643e-01   2.7279590e-01  -1.6048373e-01  -1.8621339e-01  -2.5532347e-01
   4.2265768e+00   3.6898922e+00   2.6994888e+00   1.9106342e+00   1.9197239e+00   1.5848901e+00   1.2154398e+00   7.1132232e-01   5.6517884e-01   3.9604169e-01   2.5499239e-01   5.3578142e-01   3.6545895e-01   1.1643547e-01  -1.0418185e-02  -1.2655414e-01
   4.0590771e+00   2.9395956e+00   2.6403070e+00   1.4338616e+00   1.8897275e+00   1.5453370e+00   1.3627646e+00   1.0859280e+00   9.8773317e-01   5.0172329e-01   1.3357573e-01   5.3204897e-01   4.9008583e-01   3.2085499e-01   2.9942295e-01   1.7867074e-01
   4.4041177e+00   3.2855306e+00   2.7657376e+00   2.1981436e+00   1.6571333e+00   1.8097153e+00   1.3940800e+00   1.2376016e+00   7.9587158e-01   4.6362961e-01   2.5839763e-02   5.4986460e-01   4.0747064e-01   9.5027945e-03  -1.0154006e-01  -3.5152120e-01
   3.9073647e+00   3.2431536e+00   2.4991245e+00   1.9013003e+00   1.8189980e+00   1.5184764e+00   1.1462431e+00   7.1105735e-01   8.1273483e-01   2.0627001e-01  -2.9533140e-02   1.1943680e-01   2.5029843e-01   1.9702940e-01  -6.0821217e-02  -5.3959469e-01
   3.6636239e+00   3.5528078e+00   2.4237707e+00   2.1903274e+00   2.4641558e+00   2.0538063e+00   1.4988281e+00   9.1157226e-01   9.7255477e-01   4.8852067e-01   3.7632078e-01   4.9221123e-01   3.9614163e-01  -6.0281389e-02  -2.4665441e-01  -4.0885687e-01
