   3.0738364e+00   2.3540332e+00   2.1424880e+00   1.4988232e+00   1.4287670e+00   1.2590721e+00   1.3928908e+00   1.3516140e+00   5.3092587e-01   9.4910587e-01   5.7453555e-01  -7.2059636e-02  -5.3944473e-01  -7.0903765e-01  -9.3600301e-01  -8.7845563e-01
   3.1013539e+00   2.4494171e+00   1.9480173e+00   1.7002649e+00   1.4958901e+00   1.5098836e+00   1.1409073e+00   9.5576942e-01   8.0104301e-01   7.0207065e-01   2.9723099e-01   1.1319467e-01  -3.8346787e-01  -7.0207257e-01  -7.9652267e-01  -9.9389676e-01
   3.3140371e+00   2.5408273e+00   1.8794547e+00   1.5017425e+00   1.2989332e+00   1.6408414e+00   1.5278712e+00   1.1197414e+00   1.0619890e+00   8.5318815e-01   5.5653221e-01   1.8583099e-01  -5.8513338e-01  -7.2970953e-01  -8.6910167e-01  -8.9559673e-01
   3.3615554e+00   2.1432139e+00   1.1762509e+00   1.1699174e+00   1.3231579e+00   1.3737658e+00   1.1742320e+00   1.2964005e+00   9.9190690e-01   8.9435018e-01   7.0677086e-01   2.9116408e-01  -5.8817611e-01  -7.7121051e-01  -8.5151616e-01  -9.7095163e-01
   3.3486914e+00   2.4893711e+00   1.4073031e+00   1.2917665e+00   1.5851612e+00   1.6518942e+00   1.1394096e+00   1.1195604e+00   1.1971849e+00   6.0649855e-01   6.1034311e-01  -1.0449604e-01  -3.7757220e-01  -6.7119011e-01  -7.1335786e-01  -9.9387410e-01
   2.9825328e+00   2.7674560e+00   1.4861299e+00   1.1408697e+00   1.6508385e+00   1.4316892e+00   1.6126764e+00   1.1987539e+00   1.1437744e+00   6.3774775e-01   2.7484759e-01  -3.6277215e-01  -3.0355740e-01  -6.6650986e-01  -5.5578841e-01  -7.5148826e-01
   3.2377160e+00   2.6239296e+00   1.6591498e+00   1.2586440e+00   1.1936857e+00   1.6923444e+00   1.7459754e+00   8.5015191e-01   6.0928271e-01   7.5721213e-01   2.0033946e-01  -1.9939581e-01  -5.2915870e-01  -7.5374210e-01  -7.0527019e-01  -7.2256636e-01
   3.4810279e+00   2.6260869e+00   2.2220904e+00   1.4488414e+00   1.4140013e+00   1.6452902e+00   1.2230635e+00   9.5438836e-01   8.9129029e-01   5.5968105e-01  -1.8753435e-01  -2.5291469e-01  -4.7727376e-01  -9.7513291e-01  -8.8255808e-01  -7.5237023e-01
   2.9212803e+00   2.5337846e+00   1.9752847e+00   1.1685353e+00   1.0423651e+00   1.9625843e+00   1.4245407e+00   1.2930294e+00   8.0818988e-01   7.7132066e-01   1.3818858e-01  -3.1316882e-01  -4.9134238e-01  -7.1363839e-01  -8.1329022e-01  -8.3519935e-01
   2.5600029e+00   2.3215761e+00   1.8368230e+00   9.6941262e-01   1.1836918e+00   1.5228478e+00   1.2578675e+00   1.2490598e+00   1.2103508e+00   1.0049945e+00   7.2216928e-01   1.8987297e-01  -5.9395355e-01  -6.5250682e-01  -8.6753238e-01  -8.7524100e-01
   2.1850552e+00   2.2184414e+00   1.9048237e+00   2.1891321e+00   1.8239781e+00   1.7020998e+00   1.4835391e+00   1.2903223e+00   9.2760305e-01   8.5767749e-01   6.1214587e-01  -2.0046981e-01  -6.3063261e-01  -7.1932360e-01  -8.5131901e-01  -1.0015519e+00
   2.6718577e+00   2.7794417e+00   1.6879072e+00   1.9532105e+00   1.6036554e+00   1.7991204e+00   1.0228119e+00   1.1424443e+00   1.0064441e+00   7.5225597e-01   3.2118592e-01  -2.9416437e-01  -7.2127999e-01  -9.3232598e-01  -8.2454325e-01  -8.3679561e-01
   2.4137545e+00   2.1797244e+00   1.7260924e+00   1.5030747e+00   1.1983489e+00   1.9294907e+00   1.1841925e+00   6.6009188e-01   9.2484603e-01   6.2047312e-01  -5.3079754e-02  -2.1531636e-01  -1.4994906e-01   2.5036407e-01  -3.9154163e-02  -3.2231728e-01
   2.6210131e+00   2.2177301e+00   1.3008406e+00   1.1533560e+00   8.4722292e-01   1.4991544e+00   1.3148216e+00   1.0814651e+00   1.2145749e+00   8.2926602e-01   3.6007183e-01  -2.0095707e-01  -2.2477509e-01   6.8547805e-02  -1.6180978e-01  -3.0648731e-01
   2.9451355e+00   2.4752391e+00   1.7125844e+00   1.0076059e+00   8.8969303e-01   1.3107325e+00   1.7569632e+00   1.2804227e+00   1.1056707e+00   8.3139767e-01   5.6254029e-01  -3.1803034e-01  -3.6974361e-01  -3.4541384e-01  -1.0043134e-01  -2.4352837e-01
   2.4142157e+00   2.2087613e+00   1.5291431e+00   6.4364514e-01   1.3446039e+00   1.6508678e+00   1.6785886e+00   1.2062306e+00   1.0298704e+00   6.3940288e-01   1.7307404e-01  -3.1444240e-01   3.5821471e-01   6.3100939e-01   1.4420885e+00   1.0823609e+00
   2.7629886e+00   2.5384426e+00   1.7800488e+00   1.4957462e+00   1.2294000e+00   1.4097647e+00   1.3871412e+00   8.3605723e-01   8.3652310e-01   7.9339263e-01   3.6880772e-01   2.7831781e-01  -1.1758341e-01  -5.6896679e-01   1.6674562e-01  -1.0500564e-01
   2.6207757e+00   2.7979233e+00   1.6225886e+00   1.7638255e+00   1.4577404e+00   1.4018456e+00   1.5396447e+00   9.0465098e-01   7.2861180e-01   6.8508243e-01   3.2391358e-01  -3.1709112e-03  -2.0816417e-01  -7.1381501e-01  -9.4682691e-01  -9.5149035e-01
   2.3205681e+00   2.8347677e+00   2.2307501e+00   1.4254647e+00   9.2985025e-01   1.6517343e+00   1.2690435e+00   9.7245278e-01   1.0733187e+00   1.0133627e+00   5.0441010e-01   6.7750062e-02  -5.4970016e-01  -8.6971062e-01  -9.1462499e-01  -9.8939125e-01
   2.7245030e+00   1.9864759e+00   1.1180320e+00   1.3819962e+00   9.9959912e-01   1.4555743e+00   1.2387167e+00   1.0064937e+00   6.8578483e-01   8.6421529e-01   7.2797738e-01   2.2513999e-01  -6.5164316e-01  -5.7763017e-01  -1.0051725e+00  -9.5816258e-01
   2.9778565e+00   2.1505610e+00   1.7842580e+00   1.6976581e+00   1.4401367e+00   1.4307837e+00   1.1877409e+00   1.2315016e+00   8.9136431e-01   5.1918173e-01   4.9026082e-01  -1.3500203e-01  -2.8195500e-01  -5.4698411e-01  -4.1528422e-01  -5.8843363e-01
   3.5202816e+00   2.8527180e+00   1.9033158e+00   1.6632757e+00   1.1735956e+00   1.8158315e+00   1.5594891e+00   1.1823547e+00   8.5693853e-01   6.7368739e-01   2.7300046e-01  -3.5463794e-01  -5.3778174e-01  -8.1002511e-01  -7.9805324e-01  -7.1526979e-01
   2.8324857e+00   3.2776185e+00   1.7942031e+00   1.4393077e+00   7.7131193e-01   1.1817407e+00   1.5306383e+00   1.5484388e+00   7.3292194e-01   1.0154527e+00   7.6016737e-01   1.0305920e-01  -4.7322962e-01  -5.1668212e-01  -5.3741792e-01  -5.4502064e-01
   2.7915576e+00   2.7383064e+00   2.1550647e+00   1.6463300e+00   1.1431386e+00   1.1153330e+00   1.2317772e+00   1.1191973e+00   6.5999307e-01   6.9350292e-01   4.5516634e-01   2.2206702e-02  -1.6708224e-01  -7.1854213e-01  -9.7517198e-01  -9.9578807e-01
   2.8980171e+00   2.1959908e+00   2.0463142e+00   1.3520747e+00   1.2342918e+00   1.8697960e+00   1.7110515e+00   1.3012268e+00   6.2090358e-01   8.2849714e-01   7.4455575e-01  -9.0297167e-03  -4.3848609e-01  -7.1228169e-01  -9.5618753e-01  -9.8136486e-01
   2.9261694e+00   2.1561803e+00   1.7430848e+00   1.5081202e+00   1.0492576e+00   1.5678047e+00   1.4578175e+00   8.4980170e-01   7.2745457e-01   9.2357378e-01   1.5505274e-01  -3.1066525e-01  -7.3838283e-01  -9.0827862e-01  -7.8614355e-01  -7.9940734e-01
   2.9011965e+00   1.9852147e+00   1.8146838e+00   1.1698680e+00   1.0821541e+00   1.2564136e+00   1.2007552e+00   1.1667156e+00   6.6310864e-01   5.5027927e-01   2.8087333e-01  -6.1270419e-01  -6.5933882e-01  -8.1448663e-01  -7.2412750e-01  -8.1824618e-01
   2.2922038e+00   2.2645885e+00   1.7153874e+00   1.2850203e+00   7.5549335e-01   1.4523126e+00   1.1432092e+00   1.0025314e+00   2.4141716e-01   5.4391486e-02   3.9823257e-01  -5.1696006e-01  -8.1655397e-01  -1.0550256e+00  -8.2385498e-01  -8.0753627e-01
   2.2243040e+00   1.9409505e+00   1.4752204e+00   1.2854505e+00   9.6589427e-01   1.6492464e+00   1.2733063e+00   1.2615814e+00   8.8266719e-01   3.7148066e-01   4.6884322e-01  -3.5061999e-01  -5.6197930e-01  -8.6088724e-01  -8.5850702e-01  -8.2140562e-01
   2.1888163e+00   2.0726456e+00   1.8931527e+00   8.9439943e-01   8.5592759e-01   1.4413678e+00   1.2746731e+00   9.0791878e-01   6.6768663e-01   6.1085821e-01   3.5784821e-01  -1.5165804e-01  -4.4558830e-01  -8.4273262e-01  -9.2752410e-01  -9.6066892e-01
   2.3156493e+00   2.2614812e+00   1.5917170e+00   1.5416315e+00   1.4333655e+00   1.6962873e+00   1.3688426e+00   9.7309820e-01   8.7055535e-01   6.2603126e-01   4.2175255e-02  -3.1362942e-01  -2.6158643e-01  -2.9691277e-01  -8.0334357e-01  -8.0340293e-01
   2.7410816e+00   2.6333811e+00   1.9246976e+00   7.8708626e-01   1.3263167e+00   1.4938742e+00   1.6851660e+00   1.0381506e+00   9.9400468e-01   5.8662277e-01   6.1331397e-01   7.0380673e-01   9.7965639e-01   1.4514372e+00   8.1157076e-01  -5.6901787e-01
   2.8736972e+00   2.6410411e+00   2.5497278e+00   1.1485996e+00   1.0893159e+00   1.4185482e+00   1.0984941e+00   1.2984946e+00   7.6787824e-01   7.3201600e-01   1.3665849e+00   1.8826385e+00   2.2152410e+00   2.8437780e+00   2.1332828e+00  -4.8916723e-01
   3.5849335e+00   2.9050734e+00   2.4638239e+00   2.0124433e+00   1.0972665e+00   1.2217612e+00   9.4975963e-01   1.3930215e+00   1.0377901e+00   7.9372953e-01   1.2890623e+00   1.8661447e+00   2.2472062e+00   2.7792355e+00   1.9942541e+00  -2.4508049e-01
   3.2262521e+00   2.7556726e+00   2.2668022e+00   1.5754170e+00   1.0797001e+00   7.7393885e-01   1.2058183e+00   1.5043780e+00   1.0342358e+00   5.9671298e-01   1.5593820e+00   2.0314069e+00   2.2110843e+00   2.7199037e+00   1.8791387e+00  -6.0348322e-01
   3.0396903e+00   2.7138744e+00   2.0947937e+00   1.6175256e+00   1.0083265e+00   1.0248383e+00   9.9135647e-01   1.1911184e+00   9.8096275e-01   6.5615563e-01   1.7341852e+00   2.1231875e+00   2.2988432e+00   2.6598354e+00   1.6286256e+00  -7.7057403e-01
   2.9720642e+00   2.6679155e+00   2.5955497e+00   2.0678112e+00   1.4163789e+00   1.4350136e+00   1.1371814e+00   8.6718843e-01   6.1607310e-01   7.2861905e-01   1.7406796e+00   2.2152004e+00   2.4635049e+00   2.8095112e+00   1.6956723e+00  -1.0672144e+00
   2.6043350e+00   2.3802897e+00   2.2859456e+00   1.8889459e+00   1.3040879e+00   1.1574168e+00   9.3464712e-01   8.4238768e-01   6.2532004e-01   8.2543885e-01   1.7685886e+00   2.4205865e+00   2.5822254e+00   2.9773124e+00   1.7766856e+00  -8.5779684e-01
   3.2158664e+00   3.0419573e+00   2.5595734e+00   2.1374527e+00   1.7295057e+00   1.6819441e+00   1.4514622e+00   8.1189012e-01   8.1136457e-01   8.8965813e-01   1.8282702e+00   2.4627198e+00   2.6324109e+00   3.0832399e+00   1.7864102e+00  -6.6868343e-01
   3.0042739e+00   2.8625748e+00   2.4450369e+00   2.0024403e+00   1.5544803e+00   1.5956274e+00   1.1731311e+00   9.5489021e-01   5.4109382e-01   1.2748737e+00   1.7749520e+00   2.4056013e+00   2.7020949e+00   3.1361489e+00   1.6171017e+00  -6.9997970e-01
   3.3178505e+00   2.6892925e+00   2.6174120e+00   1.6300092e+00   1.1208655e+00   9.0176908e-01   1.1600818e+00   7.1898209e-01   4.6448526e-01   1.1101988e+00   1.6851424e+00   2.4609137e+00   2.7194319e+00   3.1029940e+00   1.6946690e+00  -7.6216383e-01
   2.9304092e+00   2.9290784e+00   2.6811863e+00   1.4659795e+00   1.1713760e+00   1.3408511e+00   1.2483213e+00   1.0929252e+00   9.7339904e-01   8.3247975e-01   1.5841974e+00   2.1489018e+00   2.4728625e+00   2.8221348e+00   1.5778420e+00  -5.8549120e-01
   2.5570516e+00   2.7564727e+00   2.7989267e+00   1.6627978e+00   1.5612449e+00   9.9601408e-01   8.8236844e-01   9.3507776e-01   1.2323924e+00   1.1407922e+00   1.6597799e+00   2.1403411e+00   2.4738634e+00   2.9984409e+00   1.5447654e+00  -5.6989327e-01
   2.9148646e+00   2.6774067e+00   2.9809860e+00   1.2535360e+00   1.3077343e+00   1.3281846e+00   1.3782334e+00   1.2803134e+00   8.1057842e-01   7.5755692e-01   1.3597678e+00   2.1212967e+00   2.4615209e+00   2.9842931e+00   1.4733402e+00  -4.5962492e-01
   2.9395280e+00   3.0188528e+00   3.1460015e+00   1.7691966e+00   9.9028790e-01   1.2966492e+00   1.3152113e+00   1.2600794e+00   8.2641889e-01   9.1649115e-01   1.2276939e+00   1.9001999e+00   2.2413584e+00   2.7248639e+00   1.2113490e+00  -2.0231394e-01
   2.9590178e+00   2.7947452e+00   2.9749591e+00   1.7730604e+00   1.0246973e+00   7.8136859e-01   1.5776648e+00   1.1009529e+00   6.7298024e-01   7.4491820e-01   1.1249410e+00   1.5037709e+00   1.8597748e+00   2.2899612e+00   6.9102949e-01  -5.8453769e-01
   2.8599392e+00   2.4338682e+00   2.9375523e+00   2.0307048e+00   1.2982135e+00   1.2342576e+00   1.8795114e+00   1.1632702e+00   6.7549840e-01   6.9268309e-01   8.7746265e-01   1.2451105e+00   1.4380436e+00   1.6384939e+00   2.9701194e-01  -6.9540120e-01
   2.9911123e+00   2.2627712e+00   2.1947494e+00   1.7482785e+00   1.0087748e+00   8.1150234e-01   7.1648044e-01   1.3860878e+00   8.4480294e-01   9.0792773e-01   1.2098254e+00   1.5423906e+00   1.6660853e+00   1.7281213e+00   2.8315059e-01  -6.6827338e-01
   2.9297660e+00   2.9255098e+00   2.4980319e+00   2.0897357e+00   1.3528852e+00   1.3512575e+00   1.5511072e+00   1.4856315e+00   9.2900294e-01   8.9140572e-01   1.1420146e+00   1.5022840e+00   1.7693229e+00   1.9227874e+00   4.3519059e-01  -7.8688042e-01
   2.7650806e+00   2.4812317e+00   2.0540341e+00   1.9469207e+00   1.3109875e+00   1.1926225e+00   1.7086261e+00   1.2180354e+00   7.3680167e-01   6.2380601e-01   9.5252225e-01   1.4764070e+00   1.5725420e+00   1.5302301e+00   2.6475297e-01  -6.1065217e-01
   2.6794822e+00   2.9632794e+00   1.8741860e+00   1.2450416e+00   1.3473890e+00   1.4526654e+00   1.2709356e+00   9.5727151e-01   7.6821500e-01   1.0611604e+00   7.2402520e-01   1.4716962e+00   1.5828576e+00   1.4278438e+00   1.2249206e-01  -6.0459266e-01
   2.5739280e+00   2.8547301e+00   1.7020968e+00   1.7071947e+00   1.4685767e+00   1.6475492e+00   1.4441694e+00   7.2303739e-01   6.5733835e-01   8.6858035e-01   6.3244190e-01   1.0188987e+00   1.0521473e+00   1.0991417e+00   1.4004126e-01  -4.5218904e-01
   2.2187447e+00   2.4342150e+00   1.6814368e+00   1.7539554e+00   1.2259577e+00   1.6156647e+00   1.2612968e+00   1.0758034e+00   7.5809844e-01   7.4263749e-01   8.5851901e-01   1.1526127e+00   7.4974998e-01   6.6100564e-01  -3.1245820e-01  -6.3091598e-01
   2.5455016e+00   2.6364610e+00   1.5152763e+00   1.3127503e+00   9.8536527e-01   1.0487972e+00   1.1482315e+00   1.1661290e+00   1.1017878e+00   7.8811516e-01   3.8037148e-01   2.6519639e-01   2.6878758e-01   3.9371961e-01  -2.5409161e-01  -7.5760666e-01
   3.0493793e+00   2.8855113e+00   1.7254695e+00   1.5024337e+00   8.6521031e-01   1.6597446e+00   1.5577846e+00   1.4253339e+00   5.5673451e-01   5.6082249e-01   3.5165305e-01   4.8778479e-01   1.8988446e-01  -1.3252499e-01  -3.4281797e-01  -5.2991191e-01
   3.2281785e+00   3.1752442e+00   1.9903634e+00   1.5318927e+00   9.1779598e-01   1.1648673e+00   1.2457061e+00   1.3088248e+00   9.5288232e-01   6.4420941e-01   5.2277903e-01   5.9065979e-01   4.7210358e-01   1.6160981e-01  -4.6741203e-01  -6.7531357e-01
   2.8962463e+00   3.2277138e+00   2.0380126e+00   1.4246720e+00   1.1061097e+00   1.5915643e+00   1.6289677e+00   1.1249867e+00   8.8808493e-01   6.0938023e-01   5.3426787e-01   6.0280702e-01   3.1926072e-01  -3.7804799e-02  -5.6443363e-01  -7.7863142e-01
   2.6453852e+00   1.7558424e+00   1.4367677e+00   9.5853395e-01   1.1049226e+00   9.8340827e-01   9.6275225e-01   6.8379142e-01   4.7249475e-01   6.1293761e-01   5.2821628e-01   3.0199438e-01  -1.8403213e-01  -7.6718079e-01  -7.6902081e-01  -8.7675368e-01
   2.8193986e+00   2.1267883e+00   1.4608526e+00   1.0079148e+00   1.2088120e+00   1.3990683e+00   1.0910966e+00   1.0039664e+00   6.6713810e-01   6.8413586e-01   6.2137723e-01   1.0950768e-01  -3.8704233e-01  -8.3653434e-01  -7.5766776e-01  -8.3858029e-01
   2.2333878e+00   2.3024360e+00   1.6423393e+00   1.5000074e+00   1.7035274e+00   1.3802322e+00   1.3247359e+00   1.1742243e+00   9.9282824e-01   9.1662456e-01   7.5519269e-01  -1.6656802e-01  -3.4129954e-01  -9.4648913e-01  -8.8143413e-01  -8.0262333e-01
   2.3491893e+00   1.7137290e+00   1.5961812e+00   1.6795103e+00   1.2492080e+00   1.2424830e+00   1.5382366e+00   1.1701553e+00   9.1571996e-01   5.6888091e-01   2.6768668e-01  -3.3984784e-01  -5.4295017e-01  -9.6232625e-01  -7.5743786e-01  -1.0438700e+00
   2.1675578e+00   1.9453392e+00   1.8216831e+00   1.3239292e+00   7.6736337e-01   7.4465224e-01   1.3282018e+00   1.2059564e+00   5.0922635e-01  -1.2559625e-01   2.9372169e-01  -2.4031561e-01  -8.3314557e-01  -1.0268431e+00  -9.5895556e-01  -9.6963648e-01
   2.5719848e+00   1.7114650e+00   1.4186834e+00   1.1642604e+00   1.5151255e+00   1.1110823e+00   1.1217720e+00   1.3876304e+00   8.8079199e-01   5.4906961e-01   3.9385867e-01   6.0247172e-02  -7.3613140e-01  -1.1514374e+00  -1.0049607e+00  -8.8874482e-01
   2.9583022e+00   2.4130011e+00   1.9705093e+00   1.5113440e+00   1.0488427e+00   1.2688195e+00   1.4814546e+00   1.3650738e+00   1.0238823e+00   6.0669362e-01   2.4428614e-01   2.0428130e-02  -5.5597914e-01  -9.1866985e-01  -9.5420313e-01  -6.4695352e-01
   2.5945019e+00   2.5833898e+00   1.8741417e+00   1.6320275e+00   1.1011034e+00   1.7111668e+00   1.3142280e+00   1.3413572e+00   1.0724142e+00   9.8610660e-01   4.0066170e-01  -3.5606563e-01  -5.9077656e-01  -8.4283351e-01  -9.5031385e-01  -8.3932908e-01
   3.0652491e+00   2.6437667e+00   1.7022325e+00   1.6062757e+00   1.2086239e+00   1.2819162e+00   1.0715313e+00   1.1433135e+00   1.0060332e+00   9.8209611e-01   3.1210611e-01  -1.9022539e-01  -4.6777252e-01  -7.6774103e-01  -9.3279229e-01  -8.3037969e-01
   3.0367945e+00   2.3479107e+00   1.7085164e+00   1.4096835e+00   1.0884688e+00   1.1100899e+00   1.2957560e+00   1.3715538e+00   1.1539863e+00   3.8503329e-01   3.1125465e-01  -4.0726537e-01  -6.5234027e-01  -5.7571045e-01  -9.8644006e-01  -1.0509556e+00
   2.8014785e+00   2.2638214e+00   1.9278173e+00   1.6568395e+00   1.3978358e+00   1.0838669e+00   1.3004861e+00   1.6834402e+00   5.7104911e-01   7.0330992e-01   5.4033392e-01  -1.6355067e-01  -4.6239135e-01  -8.1095618e-01  -9.6082264e-01  -8.0142935e-01
   2.4709637e+00   2.2806408e+00   1.6055883e+00   1.6535368e+00   1.4008377e+00   1.1114624e+00   1.4959864e+00   1.1883476e+00   8.3517406e-01   6.4482213e-01   1.4745202e-01  -1.5859874e-01  -6.7145077e-01  -6.7795687e-01  -9.0735646e-01  -9.9267822e-01
   2.5223769e+00   2.2314294e+00   1.5227635e+00   1.4487345e+00   1.3884677e+00   1.3795678e+00   1.0367591e+00   1.0253430e+00   5.3836119e-01   5.8614991e-01   2.3994904e-01  -2.1262070e-01  -7.0486937e-01  -9.8341301e-01  -8.7707512e-01  -8.8307684e-01
   2.4063617e+00   2.6051796e+00   1.3060743e+00   1.4869718e+00   1.1938124e+00   1.2201280e+00   1.2315766e+00   1.0471278e+00   9.1470720e-01   7.0772224e-01   2.3240856e-01  -2.6492546e-02  -6.3406966e-01  -1.1056766e+00  -1.1002971e+00  -9.4158609e-01
   2.6852169e+00   2.6500430e+00   1.2053633e+00   8.7504340e-01   1.0078722e+00   1.2238219e+00   1.2023098e+00   1.2193698e+00   9.0271202e-01   4.2939208e-01   8.8396201e-02   7.0098697e-02  -4.4923576e-01  -8.7645953e-01  -1.0604069e+00  -8.6413442e-01
   2.9567927e+00   3.0374766e+00   1.9155087e+00   1.3286628e+00   5.0390535e-01   1.0098397e+00   7.8730679e-01   8.8593977e-01   7.7927988e-01   5.2274390e-01   1.8283580e-02  -2.8486733e-01  -7.6569035e-01  -8.8269234e-01  -6.3851290e-01  -1.1808702e+00
   3.3932398e+00   2.4689176e+00   1.9074667e+00   9.7453422e-01   1.0452525e+00   1.2462898e+00   1.2107472e+00   6.7822382e-01   6.8217358e-01   4.7479704e-01   2.8588746e-01  -9.5839503e-02  -7.0896631e-01  -8.8069942e-01  -6.9956055e-01  -1.0404069e+00
   2.4501114e+00   2.5278304e+00   2.3017773e+00   1.0516560e+00   1.2595444e+00   1.3982833e+00   1.4127970e+00   1.0996655e+00   9.0679504e-01   5.9252812e-01   4.1477046e-01  -1.2633746e-02  -6.7538486e-01  -7.2394456e-01  -6.6039857e-01  -7.6728495e-01
   2.4812968e+00   1.8413168e+00   1.1981860e+00   1.0060187e+00   1.1871771e+00   1.4268383e+00   1.0340180e+00   1.2312703e+00   6.3664823e-01   1.0776384e-01   2.1871021e-01  -1.5101598e-01  -4.1126669e-01  -9.0846233e-01  -6.5544077e-01  -9.6568211e-01
   2.0440380e+00   1.7271386e+00   1.3132759e+00   1.0931112e+00   9.1955934e-01   1.4189830e+00   1.2799861e+00   1.2076180e+00   9.5790551e-01   8.9565735e-01   1.5866454e-01  -1.1505699e-01  -3.4598121e-01  -9.0533366e-01  -8.3989293e-01  -6.7466803e-01
   2.5407248e+00   2.4498741e+00   2.2793907e+00   1.5308880e+00   8.2550261e-01   1.2762010e+00   1.3307942e+00   1.2032524e+00   9.5288543e-01   5.1909986e-01   3.4904905e-01  -2.3837323e-01  -5.6871543e-01  -1.0760049e+00  -1.0674323e+00  -8.8985146e-01
   2.8221436e+00   2.6723956e+00   2.0214127e+00   1.5187829e+00   1.4337237e+00   2.0227762e+00   1.2464976e+00   7.3417683e-01   6.4483801e-01   7.7855654e-01   3.0816180e-01   3.8799104e-02  -3.4617380e-01  -1.1304944e+00  -1.1878899e+00  -7.9128669e-01
   2.7331907e+00   2.4386566e+00   1.7999005e+00   1.8251169e+00   1.2983162e+00   1.0511430e+00   1.2805583e+00   1.1854934e+00   1.0100864e+00   8.4892696e-01   4.4186675e-01  -3.7488851e-01  -6.8431482e-01  -1.1925399e+00  -1.2479466e+00  -9.2435873e-01
   2.0341336e+00   2.2711929e+00   1.5780848e+00   1.0417036e+00   9.9445898e-01   1.0189358e+00   9.8624809e-01   1.1762071e+00   6.5681928e-01   6.8913251e-01   6.0846444e-01  -9.5817060e-02  -4.6859796e-01  -8.4774785e-01  -1.1398602e+00  -1.0527221e+00
