   3.2479880e+00   2.0051105e+00   6.9127737e-01   7.6001691e-01   9.2565397e-01   3.7448535e-01  -2.9435564e-01  -7.7432937e-01  -2.8489557e-01  -5.6156810e-01  -6.4271717e-01  -5.5259652e-01  -7.4253062e-01  -9.8803737e-01  -1.0124485e+00  -1.0653298e+00
   2.9575567e+00   1.7789364e+00   8.1449305e-01   7.5953593e-01   4.4889040e-01   6.5663267e-01   1.6147898e-01  -8.9474389e-02  -1.7500454e-01  -6.4538297e-01  -4.1705259e-01  -6.4202713e-01  -8.2348215e-01  -9.1264812e-01  -1.0225738e+00  -1.1837721e+00
   2.7408174e+00   1.8236539e+00   1.1602792e+00   7.7981576e-01   1.7520844e-01   4.8603503e-01   1.4519852e-01  -2.8984951e-01  -2.4076029e-01  -6.9075052e-01  -3.0935295e-01  -4.0716803e-01  -1.1573283e+00  -9.7912802e-01  -1.0653961e+00  -1.3356519e+00
   2.8313653e+00   1.5060391e+00   1.4757007e+00   7.4156375e-01   3.3811635e-01   9.2879040e-02   1.6771955e-01   2.8254118e-02  -1.0604813e-01  -6.3948008e-01  -7.6073366e-01  -6.8702932e-01  -1.2002881e+00  -1.5312549e+00  -1.3166604e+00  -1.3901853e+00
   2.3980209e+00   1.8570994e+00   8.2018201e-01   5.0922206e-01   4.3042533e-01   2.8752799e-01   6.2772065e-02  -6.6106860e-02  -1.5661708e-01  -6.0569388e-01  -6.1321343e-01  -6.4040426e-01  -7.7646220e-01  -9.6745186e-01  -9.4562790e-01  -1.3029521e+00
   3.4433884e+00   1.7378747e+00   8.6270581e-01   8.2323630e-01   6.4258975e-01   6.6777498e-01   1.0386490e-01  -8.9045246e-02  -2.3714868e-01  -3.8341459e-01  -3.9684471e-01  -2.0133059e-01  -7.4780666e-01  -1.2273512e+00  -1.1029108e+00  -1.4818438e+00
   3.5314498e+00   1.4465302e+00   1.2233299e+00   7.5334709e-01   5.2182064e-01   9.0119387e-01   3.3423527e-01  -3.5544415e-01  -1.9257350e-01  -2.6714896e-01  -7.1034614e-01  -2.6867865e-01  -8.0393228e-01  -9.1528289e-01  -9.3377972e-01  -1.1276356e+00
   3.4204710e+00   1.5792216e+00   6.8341297e-01   1.0526452e+00   6.5468108e-01   4.6293600e-01   8.7158899e-02  -4.3581420e-01  -3.0983711e-01  -2.8028900e-01  -2.6667521e-01  -4.7072428e-01  -7.9586446e-01  -1.0216459e+00  -9.9607575e-01  -9.8270736e-01
   3.4274856e+00   1.8964760e+00   1.1544108e+00   5.9235381e-01   2.7110576e-01   3.0607345e-01  -1.0651082e-02  -2.7252388e-01  -3.1981696e-01  -4.5574810e-02  -4.4294872e-01  -6.4634187e-01  -7.2130535e-01  -9.0427171e-01  -1.0230773e+00  -1.1209693e+00
   3.7227976e+00   1.7258789e+00   1.5569768e+00   9.7189028e-01   5.2806134e-01   6.6758023e-01   3.2121287e-01  -1.8351385e-01  -3.3302506e-01  -4.2434835e-01  -4.6117281e-01  -3.6315121e-01  -3.4803688e-01  -6.9920974e-01  -6.8107191e-01  -8.2354902e-01
   3.7428187e+00   1.9438227e+00   7.4840170e-01   4.0572944e-01   3.7995961e-01   8.0216189e-01   4.1701369e-01  -5.3465186e-02  -1.7808315e-01  -4.6355612e-01  -4.4649114e-01  -4.0349866e-01  -4.3485689e-01  -8.3019323e-01  -8.4481658e-01  -1.1064392e+00
   3.3185961e+00   1.4160256e+00   1.5166888e+00   8.3413883e-01   6.4844980e-01   5.7594959e-01   5.0463482e-03  -1.3103224e-01  -2.1031935e-01  -5.7480074e-01  -9.0858081e-01  -4.4228191e-01  -4.3041919e-01  -8.4322764e-01  -1.0693501e+00  -1.2639178e+00
   2.6572215e+00   1.5838780e+00   8.1817446e-01   2.7914902e-01   6.4077533e-01   4.8163859e-01  -1.2138748e-01  -3.1075829e-01  -3.4328454e-01  -7.7130807e-01  -6.6387144e-01  -4.5798937e-01  -6.5152705e-01  -1.0218611e+00  -9.1564641e-01  -1.2267645e+00
   2.3764633e+00   1.3549781e+00   1.1936710e-01   4.5974141e-01   4.9838054e-01   8.0581590e-01   3.4333591e-01   3.6400196e-01  -4.3488092e-01  -5.3797291e-01  -2.9602328e-01  -3.6854549e-01  -1.0724317e+00  -1.2019668e+00  -1.3408969e+00  -1.3835168e+00
   3.1307908e+00   1.7191789e+00   1.1210577e+00   9.8361904e-01   8.5592423e-01   4.9656740e-01  -4.0614538e-03   1.8878918e-01  -2.5631961e-01  -2.8894206e-01  -3.7039881e-01  -4.8901774e-01  -9.5105842e-01  -9.5703922e-01  -1.1595879e+00  -1.3090908e+00
   3.4455583e+00   2.1114437e+00   1.6073168e+00   6.3598601e-01   4.2677903e-01   4.2782167e-01   1.7076190e-01   5.9219014e-02  -2.6667222e-01  -3.6035843e-01  -5.1111525e-01  -4.9393265e-01  -7.0018706e-01  -8.8350093e-01  -1.2635534e+00  -1.3678639e+00
   3.3493941e+00   1.5692097e+00   1.5992749e+00   1.1243323e+00   1.1321164e-01   1.3530266e-01  -1.5369252e-01  -3.3316237e-01  -5.4430628e-01  -8.9560603e-01  -3.8645374e-01  -2.7624555e-01  -5.6210908e-01  -9.9115615e-01  -1.1180069e+00  -1.4746828e+00
   2.9106890e+00   2.0476865e+00   1.2410179e+00   1.1032163e+00   6.5582098e-01   6.4195684e-01   4.4680511e-01  -4.6572040e-02  -7.4785604e-02  -2.5910670e-01  -1.5781965e-01  -2.7240034e-01  -6.4753574e-01  -1.0590470e+00  -1.0578826e+00  -1.1285842e+00
   2.6199553e+00   1.9258138e+00   1.3850724e+00   7.1350537e-01   3.7193993e-01   7.3549297e-01  -1.4280368e-01  -1.0999245e-01  -9.8689188e-03  -5.4343712e-01  -2.5243563e-01  -3.3489728e-01  -7.9962882e-01  -8.8782465e-01  -1.1021686e+00  -1.1381385e+00
   2.8719854e+00   1.2685484e+00   1.3749259e+00   1.3922966e+00   2.1338234e-01   8.7100564e-01   2.7283680e-01  -9.3117406e-02  -4.0071098e-01  -6.1020185e-01  -4.1800520e-01  -2.0490920e-01  -8.0934572e-01  -9.8260261e-01  -9.6511908e-01  -1.2209118e+00
   2.6516803e+00   1.0392496e+00   8.1846398e-01   5.0643641e-01   6.8080273e-01   6.0696424e-01   3.2045855e-01   2.6844276e-01  -2.6476780e-01  -4.0058698e-01  -3.9355433e-01  -5.0187452e-01  -8.9079145e-01  -8.7946946e-01  -8.8524137e-01  -1.0902799e+00
   2.1266696e+00   1.3653624e+00   1.0699636e+00   7.5704596e-01   3.3638044e-01   2.9080815e-01   1.2523484e-01  -5.0160227e-01  -2.8898342e-01  -4.2340042e-01  -6.5471007e-01  -7.9129531e-01  -9.4890479e-01  -1.2228136e+00  -1.1337276e+00  -1.3714326e+00
   2.3442897e+00   1.0900817e+00   1.2645984e+00   7.3922719e-01   2.0091075e-01   3.2181171e-01   2.5512108e-01  -2.6171356e-01  -3.0277669e-01  -5.7662390e-01  -7.8340160e-01  -9.2732636e-01  -8.5287294e-01  -9.7394320e-01  -9.2080203e-01  -1.1348698e+00
   2.5154334e+00   1.6792254e+00   1.2453294e+00   2.4065513e-01   7.1585561e-01   4.4881442e-01   1.4937685e-02  -2.3781649e-01  -2.9194685e-01  -5.0400364e-01  -7.0752456e-01  -4.8495139e-01  -7.3017765e-01  -1.0405307e+00  -1.0549689e+00  -1.1557497e+00
   3.1091649e+00   1.7182104e+00   1.0172725e+00   5.1938431e-01   6.1363259e-01   5.0591233e-01   1.8123184e-01   3.8126250e-02   4.3907734e-02  -5.7964243e-01  -7.4758075e-01  -5.1865813e-01  -6.8941177e-01  -9.9064294e-01  -1.0229878e+00  -1.2229118e+00
   3.1819363e+00   2.1301935e+00   1.2866115e+00   7.6838537e-01   3.2103550e-01  -4.0553918e-01  -2.9937074e-01  -3.4869173e-01  -1.3609750e-01  -2.2400060e-01  -2.5647649e-01  -3.3643838e-01  -6.5101523e-01  -9.7693944e-01  -9.2797677e-01  -1.3154530e+00
   2.8267309e+00   1.7842610e+00   1.0453587e+00   9.5445919e-01   7.6313967e-01   4.7965104e-01   4.2379980e-01  -1.1458171e-01  -7.4937439e-01  -6.8694537e-01  -4.7173716e-01  -4.0453606e-01  -7.3453744e-01  -1.1067246e+00  -1.0514456e+00  -1.4473960e+00
   3.0200869e+00   1.5988117e+00   9.7818195e-01   1.2988941e+00   9.3958076e-01   8.8210209e-01  -1.4898207e-01  -4.4767632e-01  -5.2992355e-01  -7.8798117e-01  -5.8275915e-01  -5.1098619e-01  -8.3215146e-01  -1.2482575e+00  -1.3455399e+00  -1.4026765e+00
   2.5906695e+00   8.2299939e-01   1.0429970e+00   9.1056080e-01   6.3551084e-01   4.4701781e-01   1.4009043e-01  -3.6970644e-01  -1.0407072e-01  -5.4273741e-01  -1.0092936e+00  -4.9836872e-01  -8.0060817e-01  -1.1401360e+00  -1.3192045e+00  -1.2412957e+00
   3.0190980e+00   1.5235816e+00   8.4049839e-01   9.9807909e-01   5.2283583e-01   3.7921944e-01   4.9084864e-03  -4.1322397e-02   5.7562598e-02  -9.5998408e-02  -7.7278148e-01  -5.0062117e-01  -5.0785966e-01  -1.0952541e+00  -1.0772004e+00  -1.1327097e+00
   3.1184476e+00   1.6430802e+00   1.5948571e+00   1.0301130e+00   7.6506523e-01   7.4837557e-01   4.6628240e-01   3.1426389e-01   2.9647312e-01   1.2835134e-01  -6.7011782e-01  -4.5526143e-01  -3.5457139e-01  -8.6575681e-01  -7.7550086e-01  -1.2169513e+00
   3.0678359e+00   1.6524127e+00   1.3359262e+00   1.2906445e+00   9.6618097e-01   9.3599113e-01   1.0803232e+00   9.0538888e-01   9.5275973e-01   5.4209732e-01  -4.2663596e-01  -3.6027105e-01  -2.1883260e-01  -2.0191744e-01  -3.2998811e-01  -1.3383441e+00
   2.9353915e+00   1.8165839e+00   6.4962929e-01   9.8493771e-01   1.2821094e+00   1.5580194e+00   1.5274839e+00   1.4213887e+00   1.4044434e+00   1.0724155e+00   1.0559417e-02   6.4151169e-01   8.5038939e-01   6.1345973e-01   8.9784026e-02  -1.0012836e+00
   2.3167955e+00   2.1734365e+00   1.2271378e+00   9.5793776e-01   1.3355557e+00   1.5302919e+00   1.5079791e+00   1.4731501e+00   1.8504746e+00   1.4744982e+00  -1.5706493e-01   5.4155404e-01   8.7674745e-01   5.2604177e-01   9.2900982e-03  -9.6924936e-01
   2.9814791e+00   1.6031051e+00   1.2246348e+00   1.1899550e+00   1.3351202e+00   1.4961478e+00   1.6405148e+00   1.5527837e+00   1.5904263e+00   1.4721200e+00   9.1271260e-01   1.5771124e+00   1.6619603e+00   5.9463727e-01   1.9347484e-01  -6.2701076e-01
   2.3272820e+00   1.1336658e+00   1.0735064e+00   8.5981479e-01   1.4938503e+00   1.8931348e+00   2.2306392e+00   1.7284740e+00   2.0588902e+00   1.8337534e+00   8.5827305e-01   1.3704736e+00   1.6261192e+00   1.2661160e+00   8.5306601e-01  -3.5945215e-01
   2.2681264e+00   7.3950242e-01   8.1274393e-01   8.2885298e-01   1.0504192e+00   1.9274267e+00   2.0907413e+00   1.6549945e+00   1.9485946e+00   1.6081155e+00   4.6900718e-01   8.5722776e-01   9.1399596e-01   8.2642893e-01   2.9870863e-01  -8.4444454e-01
   2.8235863e+00   1.1412653e+00   1.3167983e+00   1.4856527e+00   1.5570205e+00   1.9114650e+00   2.0678115e+00   1.6753983e+00   2.0351698e+00   1.8524831e+00   3.0708370e-01   6.3397144e-01   8.7718662e-01   8.0050311e-01   1.6752013e-01  -1.0459879e+00
   3.4040004e+00   1.5259068e+00   1.3915823e+00   1.4570784e+00   1.5805945e+00   1.8557882e+00   1.6933315e+00   1.7385610e+00   1.9337707e+00   1.9199266e+00   2.8436404e-01   5.7039451e-01   9.7246081e-01   3.7466221e-01  -1.3568449e-02  -8.1110381e-01
   3.6519686e+00   2.0106950e+00   1.3016635e+00   1.5360759e+00   1.5803599e+00   1.9778907e+00   1.8954671e+00   1.7541931e+00   2.0190370e+00   1.5915813e+00   1.9146012e-01   4.0438638e-01   9.3993973e-01   5.7006422e-01   2.4216304e-01  -6.0570490e-01
   3.4450356e+00   2.0692861e+00   8.0962766e-01   1.0088785e+00   1.5964945e+00   1.8756301e+00   1.9134949e+00   1.7867143e+00   2.0598024e+00   1.5424737e+00   3.0666893e-02   3.2851163e-01   1.1010369e+00   7.2293647e-01   1.8890071e-01  -1.0023488e+00
   3.2920671e+00   2.2594721e+00   9.9668476e-01   6.5020559e-01   1.4786404e+00   1.9443841e+00   1.7896155e+00   1.7219273e+00   2.0210203e+00   1.2929748e+00   1.2301107e-01   2.9890071e-01   1.0261582e+00   7.6040558e-01   8.4081406e-02  -1.1753668e+00
   2.7604508e+00   1.4705473e+00   1.5097327e+00   1.2474094e+00   1.3576322e+00   1.8793654e+00   1.6874470e+00   1.7318795e+00   1.9252566e+00   9.6687082e-01  -3.4813808e-02  -2.4866638e-02   3.7938557e-01   4.3488481e-01  -4.2872468e-02  -1.0551670e+00
   3.1743630e+00   1.5959015e+00   1.4746057e+00   1.2507734e+00   1.3709138e+00   1.6665956e+00   1.5112950e+00   1.7465149e+00   1.7674435e+00   5.3288729e-01  -9.5915993e-02  -8.3250716e-03   5.5724511e-01   2.7570271e-01  -2.6071917e-01  -1.4824433e+00
   2.9070683e+00   1.0587871e+00   6.1933966e-01   5.9554382e-01   1.3136353e+00   1.4888298e+00   1.1895162e+00   1.6764480e+00   1.5701292e+00   4.5404915e-01  -2.6507363e-01   1.5651296e-01   7.8716485e-01   3.0637417e-01  -5.6529862e-01  -1.1920889e+00
   2.7484432e+00   1.4345216e+00   1.4819871e+00   1.2285578e+00   1.5492912e+00   1.4677769e+00   1.2143352e+00   1.5746054e+00   1.6124750e+00   4.2389039e-01  -1.8679240e-01   3.2819499e-02   6.5042233e-01   4.7539607e-01  -2.2822206e-01  -1.2056726e+00
   3.2669768e+00   2.0163298e+00   1.4981023e+00   8.5067560e-01   1.5372254e+00   1.4912367e+00   1.2515319e+00   1.5478385e+00   1.6227751e+00   4.6539097e-01   3.6470487e-02  -8.9354882e-02   5.9587643e-01   5.3579474e-01  -2.3360738e-02  -9.2875968e-01
   3.4614797e+00   2.2022449e+00   1.5208849e+00   1.4645424e+00   1.5741437e+00   1.5556622e+00   1.1286235e+00   1.4937860e+00   1.5855597e+00   3.8664423e-01  -3.7670738e-01  -1.4054224e-01   3.8408273e-01   2.7399213e-01  -3.9914572e-01  -8.2084863e-01
   3.5756538e+00   2.0919789e+00   1.0320494e+00   1.0174076e+00   1.3913758e+00   1.2877845e+00   1.0238820e+00   1.3639841e+00   1.4843841e+00   3.4746281e-01  -4.8968697e-02  -2.3611445e-01   5.6290812e-01   3.6139182e-01  -3.8237986e-01  -1.0789080e+00
   3.6223585e+00   2.3131539e+00   7.7944963e-01   1.1531163e+00   1.6412734e+00   1.6906722e+00   1.1993744e+00   1.2836467e+00   1.1855076e+00   1.9942599e-01  -4.8460237e-01  -2.8671334e-01   4.3866353e-01   2.3846300e-01  -4.9421747e-01  -1.0555006e+00
   3.3854474e+00   1.6904580e+00   9.4891955e-01   1.1350607e+00   1.5129122e+00   1.5147516e+00   1.0726853e+00   1.4214168e+00   1.2046104e+00   7.1896104e-02  -3.0083592e-01   2.3522284e-02   5.8313474e-01   2.4825045e-01  -3.7951871e-01  -6.3678727e-01
   3.5334263e+00   1.9043734e+00   1.2233772e+00   1.0203385e+00   1.5236855e+00   1.3798539e+00   7.5589143e-01   1.3294687e+00   1.3217835e+00  -6.0137209e-02  -4.2333139e-01  -1.3522338e-01   3.1671558e-01   1.7836316e-01  -6.0368210e-01  -1.1802306e+00
   3.2431566e+00   1.4080944e+00   4.9705426e-01   7.5684158e-01   1.4151870e+00   1.2790580e+00   7.7694342e-01   1.3095355e+00   1.1592647e+00  -1.6107532e-01  -6.2976158e-01  -2.6177666e-01   4.7023339e-01   2.7965661e-01  -6.2045791e-01  -1.2351300e+00
   3.3272852e+00   1.8372012e+00   1.1702320e+00   7.2404795e-01   1.3853924e+00   1.3220734e+00   5.9635451e-01   1.3457918e+00   1.1385668e+00  -2.1480829e-01  -6.7719607e-01  -4.2797064e-01   2.5591212e-01   9.6991404e-02  -8.1807830e-01  -1.2992917e+00
   2.1443206e+00   1.7697375e+00   1.5600559e+00   1.2228068e+00   1.6759445e+00   1.6088384e+00   8.0908637e-01   1.3346576e+00   9.6380903e-01  -3.3771512e-01  -5.8771945e-01  -4.7160928e-01   3.4959610e-01   1.9873411e-01  -4.5251325e-01  -1.0822305e+00
   2.9073895e+00   1.6322342e+00   9.8380672e-01   8.4197257e-01   1.5288281e+00   1.5701995e+00   7.1613592e-01   1.3453788e+00   9.2567644e-01  -4.8679464e-01  -4.2878177e-01  -3.4603796e-01   1.3792832e-01   1.0819640e-01  -6.1159764e-01  -1.3454474e+00
   2.8798969e+00   1.6525912e+00   1.2182309e+00   7.6425406e-01   1.6375341e+00   1.5818959e+00   8.6329917e-01   1.1697560e+00   4.4280211e-01  -3.9076475e-01  -7.1572630e-01  -6.2879660e-01   7.6384756e-02   5.5761819e-02  -4.0627576e-01  -1.3334468e+00
   3.1915654e+00   1.5140730e+00   8.9342729e-01   1.1578462e+00   1.5786232e+00   1.3982897e+00   3.4871994e-01   1.1028343e+00   3.6619358e-01  -4.2056778e-01  -9.2481164e-01  -6.8247004e-01  -1.4305009e-01  -3.4684009e-01  -6.5490200e-01  -1.2063277e+00
   2.8532648e+00   1.3446167e+00   1.0214833e+00   1.0462131e+00   1.4455656e+00   1.3531581e+00   2.2923807e-01   9.7140884e-01   2.2123364e-01  -2.2798549e-01  -3.2843465e-01  -3.1629374e-01  -1.2143283e-01  -3.3976154e-01  -7.6271007e-01  -1.2542033e+00
   2.9840813e+00   1.9123801e+00   1.0507120e+00   6.8375116e-01   1.3539849e+00   1.5293275e+00   6.7161989e-01   1.0125112e+00   2.3999498e-01  -5.2352925e-01  -5.9490537e-01  -3.7854286e-01  -1.5466182e-01  -3.6634145e-01  -8.8629285e-01  -1.3973079e+00
   3.1689835e+00   1.9926794e+00   1.1744557e+00   7.8991053e-01   1.1819249e+00   9.3162439e-01   3.9715851e-02   5.6362582e-01  -1.5648751e-01  -4.9425508e-01  -6.7357504e-01  -3.4085383e-01  -2.8098911e-01  -4.1735769e-01  -7.7911186e-01  -1.1946166e+00
   3.2695560e+00   1.6463136e+00   8.4499301e-01   7.0833988e-01   1.5536426e+00   1.1918013e+00   3.3028121e-01   6.5824512e-01  -1.5855827e-01  -3.9052489e-01  -4.6077519e-01  -2.2034224e-01  -2.2589791e-01  -4.1261115e-02  -7.3601525e-01  -1.2302049e+00
   2.7712600e+00   1.2864480e+00   1.1533653e+00   1.0826211e+00   1.0270224e+00   1.2240096e+00   2.7669304e-01   8.1420042e-01  -5.1132256e-02  -1.3875556e-01  -4.0138478e-01  -2.8327705e-01  -2.6648774e-01  -1.6025657e-01  -6.4308302e-01  -1.3540836e+00
   3.4472288e+00   1.8657117e+00   9.3197926e-01   1.1086144e+00   1.2128181e+00   1.1896629e+00   1.3645705e-01   4.6457581e-01  -2.6914951e-01  -4.3475086e-01  -5.7772769e-01  -8.8653403e-01  -6.1543807e-01  -5.0007985e-01  -1.1221580e+00  -1.1823535e+00
   2.8853568e+00   1.6136631e+00   1.3256656e+00   1.0323230e+00   1.2187828e+00   1.1821603e+00   5.6292994e-01   3.3155093e-01   2.9682204e-01  -2.8283360e-01  -4.8889889e-01  -6.5301635e-01  -6.5430972e-01  -5.8354547e-01  -9.7167121e-01  -1.0590682e+00
   2.0312571e+00   1.3778448e+00   1.3053124e+00   1.2085836e+00   1.5259531e+00   8.5756552e-01   1.7381312e-01   1.8712717e-01  -1.5021113e-02  -4.6422494e-01  -4.1532736e-01  -4.8969302e-01  -7.0689866e-01  -6.9606018e-01  -6.9528045e-01  -1.1673912e+00
   2.7201220e+00   1.3264725e+00   1.1495566e+00   8.2647749e-01   1.5288263e+00   7.5357617e-01   6.5953003e-01   5.0636955e-01  -1.3312218e-03  -4.4024320e-01  -2.6046783e-01  -4.4976595e-01  -6.4279743e-01  -7.4932549e-01  -7.9857214e-01  -1.3987430e+00
   2.9601269e+00   1.6022269e+00   1.0511143e+00   8.2134948e-01   1.4001070e+00   6.8926248e-01   3.2569729e-01   4.7198925e-01   5.6438014e-02  -7.2116206e-01  -6.3468322e-01  -7.0213880e-01  -5.0259182e-01  -7.0569629e-01  -8.5298295e-01  -1.3861173e+00
   2.6699926e+00   1.7211143e+00   1.1483858e+00   9.1183249e-01   1.0656675e+00   9.3019498e-01   1.9161380e-01   3.3050172e-01  -1.4344785e-01  -4.0838672e-01  -3.5750286e-01  -7.4812209e-01  -6.5898043e-01  -7.6218426e-01  -8.3150180e-01  -1.3347546e+00
   2.1528160e+00   1.7916501e+00   1.6284649e+00   6.6887963e-01   7.8448259e-01   9.2045032e-01   2.4307340e-01   4.8396770e-01  -3.9122142e-02  -7.2887457e-01  -3.8318068e-01  -7.3307166e-01  -6.1998866e-01  -8.7750244e-01  -1.0389701e+00  -1.3584568e+00
   3.0727805e+00   2.0051491e+00   1.1512053e+00   1.1532916e+00   5.1016297e-01   7.5240253e-01   3.8513844e-01   2.4855934e-01  -4.4791762e-01  -8.2283055e-01  -8.0243337e-01  -8.2648369e-01  -5.8397751e-01  -9.1599882e-01  -1.1720068e+00  -1.6209782e+00
   3.0366512e+00   2.0446322e+00   9.4736658e-01   7.4226500e-01   6.0018471e-01   5.0529835e-01   1.4675281e-01  -3.5287914e-01  -2.1895765e-01  -7.0957052e-01  -1.0255076e+00  -5.0085245e-01  -6.5625549e-01  -1.0036230e+00  -1.2232668e+00  -1.2324069e+00
   3.3080841e+00   2.1172734e+00   9.2233035e-01   6.5952093e-01   5.9438428e-01   3.1293519e-01   1.0216407e-01  -5.5922864e-01  -3.6879905e-01  -4.8401898e-01  -3.8280967e-01  -6.4055519e-01  -6.8009725e-01  -1.2880716e+00  -1.1956860e+00  -1.3154348e+00
   2.6008692e+00   1.6474692e+00   3.9740685e-01   6.8454119e-01   1.0062359e+00   2.0223157e-01  -1.4432463e-01  -4.4152962e-01  -1.4062022e-01  -5.7421942e-01  -4.4844847e-01  -2.4052080e-01  -6.8651286e-01  -1.0826327e+00  -1.1079348e+00  -1.3946274e+00
   2.1444612e+00   1.4381550e+00   9.4702411e-01   6.8806586e-01   4.8201786e-01   4.1270389e-01  -4.0874651e-01  -5.7755422e-01  -3.6282085e-01  -7.5042942e-01  -4.6693856e-01  -5.9306609e-01  -8.7695911e-01  -1.0454204e+00  -1.3307195e+00  -1.4054050e+00
   2.7779446e+00   2.0109162e+00   1.2256411e+00   8.9459087e-01   1.2805854e-01   3.9700255e-01  -3.2001159e-01  -9.4030639e-02  -4.6799879e-02  -4.1888595e-01  -7.5392667e-01  -8.1968606e-01  -7.5975658e-01  -1.1251410e+00  -1.5481656e+00  -1.4752386e+00
   2.7347632e+00   1.9169246e+00   7.1455604e-01   8.6167298e-01   5.2209338e-01   9.5550001e-01   2.3943866e-01  -5.0609676e-01  -3.7450638e-01  -5.7636316e-01  -5.3968351e-01  -5.9761901e-01  -8.3221926e-01  -1.0166022e+00  -1.1504414e+00  -1.2258100e+00
   3.2571951e+00   2.1003628e+00   4.7213170e-01   4.1840964e-01   3.8754706e-01   5.3448764e-01   5.0417978e-03  -1.7872517e-01  -3.2811923e-01  -6.0544915e-01  -3.7533925e-01  -5.2650568e-01  -7.9177170e-01  -8.9702216e-01  -1.1654356e+00  -1.1275031e+00
   2.6256436e+00   1.7855062e+00   9.6995431e-01   7.8296545e-01   4.1826137e-01   1.0563911e-01  -1.6253710e-01  -4.4063305e-01  -2.8626151e-01  -5.5605707e-01  -5.7664363e-01  -7.2611332e-01  -1.0354482e+00  -1.1362472e+00  -1.1566324e+00  -1.3722303e+00
   3.1028681e+00   1.5711720e+00   6.6284314e-01   6.6604913e-01   3.9090529e-01   6.8348610e-01  -1.1335384e-01  -4.7159214e-01  -2.7185664e-01  -3.8829895e-01  -6.6361866e-01  -9.5447054e-01  -8.7699909e-01  -1.2828927e+00  -1.0662273e+00  -1.3329289e+00
   3.2082123e+00   1.2399179e+00   9.6933180e-01   4.8755870e-01   3.7129054e-01   2.9591450e-01  -6.6377611e-02  -4.3344086e-01  -5.5247850e-01  -8.2007493e-01  -8.1144445e-01  -9.3365888e-01  -9.1946051e-01  -1.1625774e+00  -1.0309773e+00  -1.3074553e+00
   3.3637292e+00   1.3349802e+00   9.3864638e-01   8.6148409e-01   4.6957004e-01  -6.7657322e-02   6.8853794e-02  -3.4130922e-02  -4.7277659e-03  -1.7238818e-01  -3.9690524e-01  -5.3277244e-01  -6.9230508e-01  -1.1180466e+00  -1.2511626e+00  -1.3189740e+00
   3.1672061e+00   1.9777299e+00   8.6159756e-01   7.6541574e-01   1.0140337e-01   3.6969873e-01   9.5437286e-03   5.8057299e-02   9.6796804e-02  -7.8418221e-01  -4.1027265e-01  -4.8240284e-01  -6.3606510e-01  -9.8246180e-01  -1.0233616e+00  -1.1963961e+00
   3.2547882e+00   1.9188533e+00   7.8263351e-01   7.4717307e-01   2.4316112e-01   6.1416013e-01  -2.1031516e-01  -3.1517271e-01  -4.4835580e-01  -5.0909449e-01  -2.9867534e-01  -3.9212624e-01  -9.0903454e-01  -1.0874669e+00  -1.2271048e+00  -1.2008062e+00
