   4.8885438e-01  -5.9067455e-01  -9.7705592e-01  -1.0790575e+00  -1.4545093e+00  -1.6390835e+00  -2.3449853e+00  -2.2902626e+00  -2.2911307e+00  -2.1956325e+00  -2.0495238e+00  -2.3265918e+00  -2.1854073e+00  -2.2129610e+00  -2.2144000e+00  -1.8663906e+00
   8.1673142e-01  -3.7850817e-01  -1.0309370e+00  -5.1488796e-01  -1.0364281e+00  -1.3033885e+00  -2.2925272e+00  -2.1430682e+00  -2.3788418e+00  -2.0979305e+00  -1.9203565e+00  -2.2196363e+00  -2.2484603e+00  -2.1053616e+00  -2.0978970e+00  -1.7321915e+00
   9.9284553e-01  -1.9943318e-01  -9.0568035e-01  -8.7646251e-01  -1.4850956e+00  -2.0658385e+00  -2.1436210e+00  -2.2638130e+00  -2.2852885e+00  -2.1665672e+00  -2.1943350e+00  -1.9963384e+00  -2.2132240e+00  -1.9460542e+00  -1.7961821e+00  -1.6626423e+00
   9.7131956e-01  -8.7936250e-02  -1.3312900e+00  -1.3381501e+00  -1.5835638e+00  -1.8397527e+00  -2.3770665e+00  -2.4627417e+00  -2.0639073e+00  -1.9655502e+00  -2.2109280e+00  -2.0256712e+00  -2.1887154e+00  -1.9632013e+00  -1.9371338e+00  -1.8873505e+00
   1.6141902e+00   1.0849813e-01  -1.0314747e+00  -1.1955986e+00  -1.3571777e+00  -1.6359501e+00  -2.2261954e+00  -2.4075043e+00  -2.6088427e+00  -2.1719346e+00  -2.0925134e+00  -1.9076494e+00  -2.1745856e+00  -2.0298497e+00  -2.1674293e+00  -1.8001069e+00
   3.3167599e-01  -9.9212763e-01  -1.2427048e+00  -1.5421012e+00  -1.6433091e+00  -1.8145248e+00  -2.1814416e+00  -2.3079274e+00  -2.3938152e+00  -2.0740071e+00  -1.9211728e+00  -1.9925266e+00  -2.0806890e+00  -2.0762816e+00  -1.8487557e+00  -1.7758876e+00
   1.0379817e+00  -9.9773214e-01  -1.1620425e+00  -8.3463900e-01  -1.2759332e+00  -1.7797175e+00  -2.2961803e+00  -2.5889858e+00  -2.2803678e+00  -2.0025914e+00  -1.8480232e+00  -2.2524248e+00  -2.5143973e+00  -2.1653345e+00  -2.0213999e+00  -1.7980897e+00
   1.0443877e+00  -3.6867226e-01  -1.0013810e+00  -9.1059150e-01  -1.1001244e+00  -1.6917712e+00  -2.0489028e+00  -2.3820370e+00  -2.2922529e+00  -2.1618879e+00  -2.0289680e+00  -2.2353535e+00  -2.2726313e+00  -2.1818853e+00  -2.0731616e+00  -1.8769607e+00
   8.9438879e-01  -6.3522086e-01  -1.2101023e+00  -1.3151464e+00  -1.0235225e+00  -1.9673234e+00  -2.6030415e+00  -2.6730256e+00  -2.5582467e+00  -2.1997962e+00  -1.9772998e+00  -2.1829618e+00  -2.2366097e+00  -2.2410646e+00  -1.8407160e+00  -1.6675688e+00
   4.2427105e-01  -6.1601434e-01  -1.1034440e+00  -1.3859111e+00  -1.4322612e+00  -1.7483352e+00  -2.4640749e+00  -2.1660108e+00  -2.4218732e+00  -2.3951631e+00  -2.0851951e+00  -2.2153684e+00  -2.1942502e+00  -1.9968962e+00  -1.9914716e+00  -1.8258624e+00
   1.5589252e+00  -2.5247983e-02  -4.6402868e-01  -4.6311550e-01  -1.0921534e+00  -1.7864617e+00  -2.8896420e+00  -2.3257772e+00  -2.2159155e+00  -2.1739779e+00  -2.0606584e+00  -2.1350161e+00  -2.1876074e+00  -2.2145889e+00  -1.9238350e+00  -1.5838213e+00
   1.2408905e+00  -1.0402801e-01  -5.2274211e-01  -2.1660350e-01  -1.0277359e+00  -1.9953067e+00  -2.7669076e+00  -2.8550283e+00  -2.6559140e+00  -2.5735251e+00  -2.2243571e+00  -2.0967260e+00  -2.1209529e+00  -2.0523016e+00  -2.0392569e+00  -1.6771617e+00
   6.6932979e-01  -5.9839990e-01  -1.0954922e+00   2.3541817e-02  -7.9800735e-01  -1.4928700e+00  -2.1161408e+00  -2.2634063e+00  -2.4704360e+00  -2.4907213e+00  -2.4602887e+00  -2.3639279e+00  -2.0879654e+00  -2.0331478e+00  -1.8368976e+00  -1.7204021e+00
   9.4209792e-01  -1.3083392e+00  -6.2094232e-01  -8.3411210e-01  -8.7651044e-01  -8.6418194e-01  -2.3683021e+00  -2.2379382e+00  -2.3331223e+00  -2.2544414e+00  -2.0051113e+00  -2.1168162e+00  -2.3573982e+00  -2.0584525e+00  -1.8845127e+00  -1.7720414e+00
   8.4653756e-01  -5.5151708e-01  -5.7889158e-01  -5.1960234e-01  -1.1046837e+00  -1.6874400e+00  -2.3259139e+00  -2.3597470e+00  -2.4790420e+00  -2.4629326e+00  -2.0514802e+00  -2.0739948e+00  -2.2068825e+00  -2.1831621e+00  -2.0998072e+00  -1.8184674e+00
   1.5173232e+00  -1.0976242e-01  -9.1444021e-01  -7.2990418e-01  -1.0172369e+00  -1.2955699e+00  -2.5860605e+00  -2.5316037e+00  -2.1226694e+00  -2.0515139e+00  -2.1088744e+00  -2.4828046e+00  -2.1134577e+00  -2.3715597e+00  -1.8520893e+00  -1.6886175e+00
   1.5917895e+00   1.1951536e-01  -6.7930072e-01  -4.3342507e-01  -1.3106260e+00  -1.7949934e+00  -2.3250999e+00  -2.6456108e+00  -2.2406700e+00  -2.2405653e+00  -2.1029452e+00  -2.3087598e+00  -2.0607337e+00  -2.1167581e+00  -1.6924551e+00  -1.7288879e+00
   8.9296586e-01  -3.0333012e-01  -1.1602698e+00  -7.0903018e-01  -9.9620354e-01  -1.6722363e+00  -2.5597793e+00  -2.3169868e+00  -2.0714271e+00  -1.9804556e+00  -1.8316756e+00  -2.1649819e+00  -1.9358582e+00  -1.6180989e+00  -1.9243189e+00  -1.8722552e+00
   9.0842899e-01  -6.5969228e-01  -8.3532521e-01  -5.9825634e-01  -7.0589896e-01  -1.6987708e+00  -2.7786869e+00  -2.3042308e+00  -2.0464601e+00  -2.0579277e+00  -2.1788138e+00  -2.0928573e+00  -2.0904133e+00  -1.9377726e+00  -1.8892078e+00  -1.9308785e+00
   1.2812878e+00  -3.1285892e-01  -6.1765382e-01  -4.2813589e-01  -1.1254578e+00  -1.8260699e+00  -2.5534642e+00  -2.1022613e+00  -2.0791188e+00  -2.1319957e+00  -2.1027660e+00  -2.3390323e+00  -2.3777382e+00  -2.0164692e+00  -1.8554150e+00  -1.7973750e+00
   1.1887527e+00  -2.0746161e-04  -1.2645697e+00  -4.2397295e-01  -1.1409838e+00  -1.9181002e+00  -2.3907394e+00  -2.3361349e+00  -2.1608164e+00  -2.0798295e+00  -2.0453339e+00  -2.4745660e+00  -2.0863981e+00  -2.0360315e+00  -1.9580496e+00  -1.6554366e+00
   7.8930811e-01  -2.9596344e-01  -7.1084990e-01  -7.4609055e-01  -1.2125159e+00  -1.5810363e+00  -2.6362642e+00  -2.2742167e+00  -2.4289188e+00  -1.9937425e+00  -2.0182235e+00  -2.4553892e+00  -2.4552455e+00  -2.2179425e+00  -2.0095862e+00  -1.6102732e+00
   1.2487049e+00  -4.4328861e-01  -6.0143322e-01  -6.7435535e-02  -1.4477841e+00  -2.0759409e+00  -2.1513954e+00  -2.6268552e+00  -2.5115983e+00  -2.1077496e+00  -2.1380981e+00  -2.3093257e+00  -2.1482990e+00  -1.8293514e+00  -1.9566121e+00  -1.8227618e+00
   6.9156027e-01  -4.1353302e-01  -6.7404004e-01  -6.9148655e-01  -9.7942081e-01  -1.6518122e+00  -2.4984948e+00  -2.2253793e+00  -2.1178736e+00  -2.2808556e+00  -2.2267552e+00  -2.3187254e+00  -2.1651064e+00  -1.8694716e+00  -1.9344898e+00  -1.6275743e+00
   1.5321705e+00  -2.8026245e-01  -1.4059758e+00  -1.2255088e+00  -1.1674723e+00  -1.4540699e+00  -2.0392081e+00  -2.2411081e+00  -2.3402065e+00  -2.0821069e+00  -2.1602214e+00  -2.4823455e+00  -2.3572369e+00  -2.0894737e+00  -2.1162605e+00  -1.9430428e+00
   1.2041215e+00   1.2587118e-01  -7.3558031e-01  -9.5221215e-01  -1.0177496e+00  -1.3130873e+00  -2.2146944e+00  -2.0729627e+00  -2.4273802e+00  -2.2366244e+00  -2.1236515e+00  -2.3042730e+00  -2.1081093e+00  -1.9748833e+00  -2.2004763e+00  -1.9952448e+00
   7.7310249e-01  -4.9145352e-01  -9.1335131e-01  -6.0447629e-01  -1.1823414e+00  -1.5253078e+00  -2.4186281e+00  -3.0548927e+00  -2.8097389e+00  -2.2101373e+00  -2.1043172e+00  -2.3612482e+00  -2.0070846e+00  -2.2413830e+00  -2.1383843e+00  -1.9094500e+00
   9.1040165e-01  -8.2050506e-01  -7.4825898e-01  -7.7829797e-01  -1.0444501e+00  -1.5651121e+00  -2.1465524e+00  -2.5466823e+00  -2.5606829e+00  -2.1621193e+00  -1.7698781e+00  -2.1864415e+00  -2.0526956e+00  -1.9497402e+00  -1.8984881e+00  -1.8205307e+00
   1.0062365e+00  -6.4935438e-01  -7.7144165e-01  -9.3439961e-01  -1.3002121e+00  -1.8295346e+00  -2.4246820e+00  -2.5971362e+00  -2.3882040e+00  -2.2446651e+00  -1.9386965e+00  -2.2319793e+00  -2.1561957e+00  -2.1754489e+00  -1.7507545e+00  -1.6892379e+00
   1.8791402e-01   1.9007189e-02  -7.2669131e-01  -8.2117234e-01  -1.3525298e+00  -1.4923023e+00  -2.2032351e+00  -2.0934501e+00  -2.2103434e+00  -2.2702716e+00  -2.0057554e+00  -2.3428478e+00  -2.1746408e+00  -2.3035556e+00  -1.8601950e+00  -1.7116848e+00
   1.0719069e+00  -3.4316331e-01  -9.5567885e-01  -8.2824824e-01  -1.3671360e+00  -1.9212881e+00  -2.2370410e+00  -1.9682506e+00  -2.0046404e+00  -2.0429833e+00  -2.0080418e+00  -2.1065346e+00  -2.1596168e+00  -1.7129820e+00  -1.7677140e+00  -1.6785881e+00
   9.4758916e-01  -1.7665632e-01  -4.0176288e-01  -6.2545106e-01  -1.3563651e+00  -1.6364177e+00  -2.4255669e+00  -1.7525032e+00  -1.4629194e+00  -8.7784526e-01  -9.5947145e-01  -1.2321214e+00  -1.1469991e+00  -5.4650234e-01  -5.7699628e-01  -6.6004268e-01
   4.9772692e-01   2.9827422e-01  -8.7511105e-01  -5.8821345e-01  -7.9774340e-01  -1.4242731e+00  -2.1494414e+00  -2.0736221e+00  -1.8946159e+00  -1.3908081e+00  -8.3809509e-01  -9.9092372e-01  -1.2777250e+00  -1.1432782e+00  -1.0287069e+00  -1.2500007e+00
   1.1199452e+00   1.4508924e+00   5.9504818e-01   5.4751386e-01  -7.9771777e-01  -1.3380127e+00  -1.8098558e+00  -1.6306669e+00  -1.8697933e+00  -1.8014603e+00  -6.8310527e-01   2.5186436e-01  -3.2184931e-01  -4.2441307e-01  -3.4220531e-01  -1.3280383e+00
   8.0658986e-01   1.7414871e+00   5.0767871e-01   3.8710272e-01  -1.0236485e+00  -1.7438853e+00  -1.6870680e+00  -1.6929590e+00  -1.5300823e+00  -1.5653809e+00  -6.4789141e-01   5.6828296e-01   3.6101437e-01   2.2095309e-01   5.6830910e-01  -1.3955079e+00
   1.2364571e+00   1.6540825e+00   2.7135034e-01  -6.4219925e-01  -1.3072873e+00  -1.5685666e+00  -1.7609552e+00  -2.0774601e+00  -1.6087486e+00  -2.0448206e+00  -1.0432590e+00   3.4143744e-01   5.5478911e-01   4.4316167e-01   7.7034253e-01  -1.2316870e+00
   1.5527138e+00   1.7254656e+00   3.7363198e-01   9.9823866e-02  -8.9892227e-01  -1.4011979e+00  -1.7579118e+00  -2.1129464e+00  -2.0072765e+00  -1.8984932e+00  -1.3109589e+00   1.9212443e-01   6.7900656e-01   4.8621666e-01   9.5250284e-01  -1.2500570e+00
   1.4124467e+00   1.6043699e+00   3.4891952e-01   4.1432745e-01  -5.5732407e-01  -1.2809625e+00  -1.6768388e+00  -1.4931941e+00  -1.8467093e+00  -1.8738286e+00  -1.3539748e+00   1.4606729e-01   3.2018148e-01   4.3072553e-01   7.2298466e-01  -1.2856183e+00
   1.1760265e+00   1.6156056e+00   7.0555979e-01   5.5296333e-01  -4.6637354e-01  -1.2752934e+00  -1.7933039e+00  -1.7426468e+00  -1.9314228e+00  -1.7901938e+00  -1.4195182e+00   1.5234603e-01   4.1125348e-02   3.7839670e-01   7.6022853e-01  -7.7775199e-01
   1.2845238e+00   1.6141528e+00   7.4618291e-01   7.4184504e-01  -6.1386782e-01  -1.4827356e+00  -2.0258841e+00  -1.9306055e+00  -2.1680116e+00  -1.7170524e+00  -1.0219426e+00   2.0458264e-01  -7.9210533e-02   7.6158306e-03   5.6353708e-01  -1.1023380e+00
   1.5447318e+00   1.5009953e+00   9.4220042e-01   8.3470906e-01  -8.3397718e-01  -1.3792247e+00  -1.8763551e+00  -1.9631716e+00  -2.0649708e+00  -1.8891625e+00  -1.4508842e+00   1.2557784e-01   1.1152818e-01   2.3491167e-01   6.7956769e-01  -1.2098890e+00
   1.3008879e+00   1.4349410e+00   9.5748462e-01   7.6956022e-01  -1.0478301e+00  -1.5408438e+00  -2.0742925e+00  -1.8998884e+00  -1.8994230e+00  -2.0348391e+00  -1.7508459e+00  -9.5754454e-02   1.0887524e-01   2.1047324e-01   2.5425032e-01  -1.4329928e+00
   1.2589379e+00   1.2544901e+00   1.0982903e+00   8.4040638e-01  -1.0646867e+00  -1.2049033e+00  -2.0062909e+00  -1.9707801e+00  -1.9019130e+00  -1.9213072e+00  -1.8521769e+00  -2.3029276e-01  -3.3505500e-01  -6.2591171e-02   3.0288631e-01  -1.3451408e+00
   1.0364020e+00   1.3529158e+00   1.1252163e+00   8.9219359e-01  -6.5218363e-01  -1.1793136e+00  -1.8505793e+00  -2.1019868e+00  -2.3560895e+00  -2.1489650e+00  -1.6649812e+00  -3.7042246e-01  -7.8236441e-01  -3.3908749e-01   2.2289358e-01  -1.5174103e+00
   8.8455282e-01   1.4448960e+00   1.1231381e+00   7.7943385e-01  -8.6568468e-01  -1.2762803e+00  -2.1846356e+00  -1.9705380e+00  -2.1632375e+00  -2.4345121e+00  -1.6453917e+00  -3.4820049e-01  -5.0008590e-01  -2.0407221e-01   2.2934447e-01  -1.4528666e+00
   1.2302344e+00   1.2149252e+00   1.1361655e+00   7.5071848e-01  -7.2038061e-01  -1.5457979e+00  -2.2409523e+00  -1.8922263e+00  -2.3947874e+00  -2.1120818e+00  -1.6897213e+00  -2.8572151e-01  -1.9612822e-01  -2.8233199e-01   2.1815311e-01  -1.3838287e+00
   1.1039918e+00   1.0376208e+00   1.3245619e+00   8.9129298e-01  -9.4004548e-01  -1.5561895e+00  -1.7550483e+00  -1.7615859e+00  -2.1566442e+00  -1.9111826e+00  -1.7473394e+00  -2.3220943e-01  -3.2368499e-01  -5.0443264e-01  -2.4144741e-01  -1.3714139e+00
   1.2328482e+00   1.0405788e+00   1.2238873e+00   7.2525388e-01  -7.7232430e-01  -1.3312738e+00  -2.0559086e+00  -1.6977740e+00  -1.7033101e+00  -1.8836619e+00  -1.3246576e+00  -1.4113524e-01  -9.5106706e-02  -4.8102959e-01  -4.2824067e-01  -1.6240010e+00
   1.0463492e+00   1.1726715e+00   1.3236548e+00   7.7364546e-01  -7.7810760e-01  -1.3968322e+00  -1.6742702e+00  -2.3980114e+00  -2.2520772e+00  -2.2236356e+00  -1.4176817e+00  -3.3185505e-01  -3.6838851e-01  -5.9645266e-01  -2.6014639e-01  -1.3591921e+00
   9.2784667e-01   8.5034637e-01   1.1046408e+00   5.9535827e-01  -6.3075787e-01  -1.2280596e+00  -1.7685433e+00  -2.0113539e+00  -2.1582054e+00  -2.0286354e+00  -1.5234760e+00  -4.1203697e-01  -4.7150029e-01  -5.8322603e-01  -2.2325202e-01  -1.3525502e+00
   8.0760794e-01   9.2115644e-01   1.0723826e+00   5.0756060e-01  -1.2593415e+00  -1.5167097e+00  -1.8639473e+00  -1.8963941e+00  -2.2215566e+00  -2.2256196e+00  -1.4926694e+00  -3.5495275e-01  -3.5118121e-01  -6.9001000e-01  -6.3351903e-01  -1.5972267e+00
   8.5975333e-01   8.6473566e-01   1.0965038e+00   5.4051758e-01  -8.3706086e-01  -1.4689043e+00  -1.6132148e+00  -1.7597994e+00  -1.9857438e+00  -1.9905933e+00  -1.3752730e+00  -2.4383542e-01  -1.7202072e-01  -5.8165772e-01  -5.2714159e-01  -1.5173158e+00
   1.2443008e+00   9.3718529e-01   1.0502897e+00   6.2302531e-01  -5.9487326e-01  -1.2273004e+00  -1.6249298e+00  -1.9753802e+00  -2.3275786e+00  -2.1090859e+00  -1.5850963e+00  -1.5073016e-01  -3.0761992e-01  -1.0576318e+00  -3.7991974e-01  -1.4661155e+00
   1.3264587e+00   1.2062169e+00   1.0564056e+00   5.5738573e-01  -8.0858888e-01  -1.3143537e+00  -1.9738184e+00  -1.8097026e+00  -2.1812752e+00  -1.9469790e+00  -1.4467454e+00  -6.4472620e-02  -3.1479090e-01  -9.4735777e-01  -2.9876485e-01  -1.3728938e+00
   1.4738024e+00   9.8267585e-01   1.1000854e+00   6.1902248e-01  -6.7007370e-01  -1.3497831e+00  -2.2737935e+00  -2.0448166e+00  -2.0683914e+00  -1.8122394e+00  -1.4950009e+00  -4.3878362e-02  -1.7556685e-01  -8.1965553e-01   4.5634429e-03  -1.3297475e+00
   8.4691947e-01   8.1660345e-01   1.0427548e+00   6.4628522e-01  -5.4240178e-01  -1.2857829e+00  -1.9898364e+00  -1.9110561e+00  -2.4092980e+00  -1.9489586e+00  -1.3903170e+00  -3.9626061e-02  -1.1961693e-03  -7.1651672e-01  -1.8404210e-01  -1.4198586e+00
   1.4011058e+00   1.1354919e+00   1.0163290e+00   5.2440891e-01  -4.1281015e-01  -1.3526089e+00  -2.0090207e+00  -1.7079417e+00  -1.8557360e+00  -2.0202641e+00  -1.4156233e+00  -2.5506745e-01  -8.7484454e-02  -9.8420429e-01  -2.8872791e-01  -1.4102279e+00
   1.4641217e+00   8.7031430e-01   9.1053360e-01   7.5405206e-01  -3.9379111e-01  -1.2169051e+00  -2.3151873e+00  -2.2800666e+00  -1.8732933e+00  -1.6558252e+00  -1.4512683e+00  -3.4810746e-01  -3.1784887e-01  -7.9833473e-01   6.7254550e-02  -1.2512947e+00
   1.8155330e+00   6.4542981e-01   5.8503803e-01   5.0699879e-01  -2.9968278e-01  -1.0721389e+00  -2.2085678e+00  -2.0424935e+00  -1.8481110e+00  -1.7104810e+00  -1.3828080e+00  -4.2570311e-01  -1.7907040e-01  -8.3106948e-01  -4.0574116e-02  -1.4777424e+00
   1.5268931e+00   7.2162294e-01   5.9326435e-01   5.5327083e-01  -3.1295514e-01  -1.1859293e+00  -2.2733796e+00  -2.1793242e+00  -2.0631723e+00  -1.5893881e+00  -1.5001709e+00  -3.9956015e-01  -3.4060908e-01  -9.2732653e-01  -2.5535513e-01  -1.5131900e+00
   1.1241810e+00   9.0160809e-01   5.7677563e-01   4.7303799e-01  -5.1813300e-01  -7.8641140e-01  -2.0259116e+00  -2.2034588e+00  -2.1304083e+00  -1.5843018e+00  -1.3254193e+00  -2.7065591e-01  -6.2717938e-01  -9.3633125e-01  -3.5369640e-01  -1.4553717e+00
   7.9210658e-01   6.8980892e-01   4.3863672e-02   3.7924886e-01  -2.4810979e-01  -9.4424542e-01  -2.3037261e+00  -2.2503305e+00  -2.1825161e+00  -1.7476627e+00  -9.9029425e-01  -1.9618202e-01  -5.9668182e-01  -1.2149521e+00  -4.8377394e-01  -1.5890705e+00
   9.8119251e-01   7.9418813e-01   5.9568954e-02   1.5919153e-01  -5.2770851e-01  -1.0789840e+00  -1.7685064e+00  -1.6902151e+00  -1.9172631e+00  -1.7353512e+00  -1.0353169e+00  -4.5432470e-01  -3.9662129e-01  -1.2423616e+00  -6.2312919e-01  -1.6878117e+00
   1.4389972e+00   8.6718221e-01  -4.3358937e-01  -2.8614269e-01  -5.1451074e-01  -9.9892808e-01  -1.5856581e+00  -1.9089863e+00  -2.3571935e+00  -1.8298192e+00  -8.3305410e-01  -5.7498278e-01  -6.4570292e-01  -1.2260983e+00  -9.0771525e-01  -1.6455145e+00
   1.6859241e+00   6.4950259e-01  -2.6552077e-01  -1.2752582e-01  -1.2764199e+00  -1.1171904e+00  -1.6879923e+00  -1.7716846e+00  -2.0743044e+00  -1.8271795e+00  -1.1457943e+00  -9.2132048e-01  -1.0414342e+00  -1.3145778e+00  -8.9340170e-01  -1.4266690e+00
   5.7439590e-01   9.0675566e-01  -6.1308255e-02  -1.1988802e-01  -1.4590887e+00  -1.3200657e+00  -1.5367993e+00  -1.8196144e+00  -2.2142773e+00  -1.6653138e+00  -8.2375643e-01  -7.9799774e-01  -1.1462816e+00  -1.1299100e+00  -8.2099017e-01  -1.6241705e+00
   8.0856374e-01   2.0643990e-01  -3.9514008e-01  -2.6071787e-02  -1.4266300e+00  -1.5337036e+00  -2.2961100e+00  -2.1417523e+00  -2.3520770e+00  -2.0727140e+00  -1.0929974e+00  -1.3223685e+00  -1.5103992e+00  -1.8551743e+00  -1.6762906e+00  -1.6420355e+00
   5.1887100e-01   3.2552486e-01  -3.5881930e-01  -4.6476753e-01  -1.3695741e+00  -2.0686909e+00  -2.4775485e+00  -2.4161560e+00  -2.4776935e+00  -2.1835577e+00  -1.8169246e+00  -2.0481343e+00  -1.7659731e+00  -1.8597624e+00  -1.8786255e+00  -1.9591180e+00
   5.4014584e-01   7.6484335e-02  -4.8226637e-01  -1.1342351e+00  -1.2513066e+00  -2.1192344e+00  -2.1478421e+00  -2.1574557e+00  -2.0866673e+00  -2.2939966e+00  -2.1035034e+00  -2.0296406e+00  -2.1638151e+00  -1.8010721e+00  -1.7655102e+00  -1.7319162e+00
   1.0993371e+00   9.4161407e-02  -7.2127170e-01  -9.5152589e-01  -1.3901546e+00  -1.7204233e+00  -1.8734068e+00  -2.3677682e+00  -1.9177989e+00  -2.1858618e+00  -2.2830600e+00  -1.9561657e+00  -2.1203992e+00  -1.9844960e+00  -1.9761531e+00  -1.8770852e+00
   4.9332459e-01  -5.7669914e-01  -1.0797098e+00  -7.7348846e-01  -1.1012842e+00  -1.6161122e+00  -2.0321785e+00  -2.5487034e+00  -2.1487168e+00  -2.0279897e+00  -1.7842615e+00  -2.2025160e+00  -2.1108880e+00  -2.0115324e+00  -1.9492765e+00  -1.8402701e+00
   5.1004476e-01  -8.9001039e-01  -4.3663211e-01  -6.3775357e-01  -1.3410990e+00  -1.3913399e+00  -2.1178374e+00  -2.2777713e+00  -2.0108513e+00  -2.0444110e+00  -2.0797475e+00  -2.0310184e+00  -1.9838932e+00  -1.6513424e+00  -1.9691882e+00  -1.8270327e+00
   1.0986156e+00  -4.2451324e-01  -9.2463036e-01  -6.4590674e-01  -7.9317232e-01  -1.6018645e+00  -1.8999025e+00  -2.0753480e+00  -2.0589923e+00  -1.3420747e+00  -1.7379024e+00  -2.3550240e+00  -1.9476249e+00  -1.8476228e+00  -2.1709787e+00  -1.7438410e+00
   7.1121515e-01  -5.4974852e-01  -6.5632216e-01  -6.4906589e-02  -7.6738686e-01  -1.6673018e+00  -2.1838904e+00  -2.2526260e+00  -2.2319397e+00  -1.6335687e+00  -1.7696982e+00  -1.8403748e+00  -1.8613332e+00  -2.0807725e+00  -1.9578821e+00  -1.6865152e+00
   4.7879419e-01  -2.5201311e-01  -6.0342585e-01  -3.1317385e-01  -9.5365574e-01  -1.3758199e+00  -2.3828200e+00  -2.0650330e+00  -2.4778696e+00  -1.8892112e+00  -1.8985809e+00  -2.0261603e+00  -1.9564608e+00  -2.2408249e+00  -2.0973706e+00  -1.7987392e+00
   1.2807062e+00   3.0307758e-01  -1.0859478e+00  -8.5158697e-01  -1.0912379e+00  -1.1635438e+00  -2.0094438e+00  -2.4797454e+00  -2.5678994e+00  -1.9569226e+00  -2.0721174e+00  -2.3897365e+00  -1.8857439e+00  -1.6504710e+00  -1.9009814e+00  -1.9508995e+00
   1.3756102e+00  -1.1065245e-01  -3.7131653e-01  -6.6760797e-01  -1.2709478e+00  -1.2215603e+00  -1.9480691e+00  -2.0253685e+00  -2.2178160e+00  -1.9181309e+00  -1.9163506e+00  -2.3901716e+00  -2.0664645e+00  -1.7785629e+00  -1.8332596e+00  -1.7961534e+00
   4.6660701e-01  -7.2286421e-01  -8.9281658e-01  -9.1489745e-01  -1.3897966e+00  -1.4274551e+00  -1.8826806e+00  -2.2644769e+00  -2.1566976e+00  -1.9767510e+00  -1.9219971e+00  -2.1516321e+00  -1.9703142e+00  -1.8969613e+00  -2.0049507e+00  -1.8872835e+00
   1.1075945e+00  -6.4525525e-01  -8.4487301e-01  -1.1296027e+00  -9.0124670e-01  -1.0278015e+00  -1.9592179e+00  -2.5732410e+00  -2.4950651e+00  -1.8772578e+00  -1.8810873e+00  -2.4041594e+00  -1.8127890e+00  -1.7474845e+00  -2.0203880e+00  -1.8625638e+00
   8.8317134e-01  -5.1650728e-01  -6.0777658e-01  -1.1776753e+00  -1.1009102e+00  -1.4877816e+00  -2.0709663e+00  -2.1593628e+00  -2.2962639e+00  -1.9869783e+00  -2.1862214e+00  -2.7537138e+00  -2.2548535e+00  -1.7035934e+00  -1.9676424e+00  -2.0295252e+00
   6.8403670e-01  -4.4302574e-01  -9.1688084e-01  -9.0241335e-01  -1.3015108e+00  -1.5695173e+00  -2.2735588e+00  -2.4147690e+00  -2.1442567e+00  -2.1097069e+00  -2.0148454e+00  -2.2358563e+00  -1.9977976e+00  -1.8444225e+00  -1.8480517e+00  -1.8380297e+00
   7.5864024e-01  -5.7598812e-01  -9.0339675e-01  -7.1650451e-01  -1.1301756e+00  -1.4304420e+00  -2.5171451e+00  -2.5942965e+00  -2.0995429e+00  -1.8486175e+00  -1.9858621e+00  -2.2985332e+00  -2.2085163e+00  -2.0530829e+00  -2.0818440e+00  -2.0635368e+00
   1.0095337e+00  -2.8730412e-01  -7.3797635e-01  -7.4216621e-01  -1.1015002e+00  -1.7815262e+00  -2.4883375e+00  -2.3853126e+00  -2.0883052e+00  -2.0747745e+00  -2.0846354e+00  -2.3427429e+00  -2.4298606e+00  -2.0308106e+00  -1.7576754e+00  -1.7229811e+00
   1.1302893e+00  -5.0884003e-01  -9.4311597e-01  -5.2249932e-01  -1.0202664e+00  -1.5598655e+00  -2.1030809e+00  -2.4138339e+00  -2.0957544e+00  -1.9256854e+00  -2.1110123e+00  -2.1649048e+00  -2.3051348e+00  -1.9880290e+00  -1.8174660e+00  -1.8089467e+00
   1.5799697e+00   1.8278670e-01  -1.2017245e+00  -1.0743212e+00  -1.2687845e+00  -1.6081449e+00  -2.2966065e+00  -2.5446347e+00  -2.4945760e+00  -2.1371760e+00  -1.9504998e+00  -2.3854957e+00  -2.1822588e+00  -1.9975375e+00  -2.0078941e+00  -1.8739053e+00
   1.6846233e+00   6.4888849e-02  -7.2794299e-01  -4.2729299e-01  -1.1742744e+00  -1.6346694e+00  -2.0062394e+00  -2.7542466e+00  -2.7501215e+00  -2.0671915e+00  -2.0398501e+00  -2.2899462e+00  -2.1243114e+00  -2.1988884e+00  -1.7278376e+00  -1.5111350e+00
   1.7367330e+00   1.6642863e-01  -8.4522714e-01  -1.0025620e+00  -1.9664281e+00  -1.4148757e+00  -2.2212414e+00  -2.4546956e+00  -2.3931316e+00  -2.1623996e+00  -1.8801146e+00  -2.3415760e+00  -2.3774216e+00  -1.9755605e+00  -1.9023118e+00  -1.8767268e+00
   9.4568867e-01   1.1402779e-01  -6.2102743e-01  -7.1707163e-01  -1.2162318e+00  -1.9257568e+00  -2.1363390e+00  -2.3045320e+00  -1.9214451e+00  -1.8667619e+00  -1.8193700e+00  -2.4310796e+00  -2.3532590e+00  -2.2243234e+00  -1.9752296e+00  -1.7958677e+00
   1.2624235e+00  -6.0832569e-02  -8.1257850e-01  -7.1346322e-01  -1.5361273e+00  -1.6838367e+00  -2.5132379e+00  -2.4159588e+00  -2.3842232e+00  -2.0618124e+00  -1.9186923e+00  -2.1397875e+00  -2.0703617e+00  -1.8927614e+00  -2.1972213e+00  -1.8167099e+00
   6.4517145e-01  -6.9379778e-02  -7.1230388e-01  -8.3202917e-01  -1.2536729e+00  -1.9885422e+00  -2.3480847e+00  -2.1976895e+00  -2.2490717e+00  -2.0289533e+00  -1.9880713e+00  -1.9970250e+00  -2.0537175e+00  -2.0001168e+00  -2.0011969e+00  -1.5658816e+00
   1.2818558e+00  -5.0599427e-03  -9.1738123e-01  -2.7986675e-01  -7.7528793e-01  -1.8855890e+00  -2.5233422e+00  -2.2136836e+00  -2.3119093e+00  -1.7600504e+00  -1.8767571e+00  -2.2737599e+00  -2.0416121e+00  -2.1913420e+00  -2.1049020e+00  -1.7456241e+00
   1.0294465e+00  -2.3883219e-01  -7.7810705e-01  -1.0138935e+00  -1.2205755e+00  -1.6387794e+00  -2.3064218e+00  -2.4553245e+00  -2.4740076e+00  -2.2612718e+00  -2.3136746e+00  -2.5138537e+00  -2.1438075e+00  -2.0649003e+00  -1.8949464e+00  -1.6916421e+00
