   2.8922474e+00   3.0236116e+00   2.5177498e+00   2.0721218e+00   1.1618633e+00   1.1156426e+00   6.8347656e-01   6.3592226e-01   8.4885691e-01   1.0448651e+00   4.4576886e-01   4.0605145e-01  -9.2554649e-02  -1.7261614e-01  -2.7918806e-01  -2.6624222e-01
   3.9588538e+00   2.5983396e+00   2.0307885e+00   1.8238607e+00   1.2591495e+00   1.2937415e+00   1.1662609e+00   9.0014672e-01   8.0101886e-01   8.0324375e-01   4.6776782e-01   1.5452900e-01  -2.1925570e-01  -1.6924926e-01  -3.9573543e-01  -3.6681803e-01
   3.9678966e+00   2.3181335e+00   2.2568702e+00   1.7896149e+00   9.2649884e-01   6.4340269e-01   1.5584582e+00   9.4467504e-01   6.2938136e-01   4.2371905e-01   6.8969654e-01   5.9915495e-01  -2.3763123e-01  -3.5093008e-01  -3.0376895e-01  -2.8191266e-01
   3.9341506e+00   2.4518690e+00   1.8609281e+00   1.7139967e+00   1.4276953e+00   1.2100417e+00   1.3506382e+00   9.6524975e-01   5.8432457e-01   7.0143229e-01   1.1073769e+00   5.2517389e-01  -3.4218766e-02  -2.4455364e-01  -1.0175040e-01  -2.1260590e-01
   4.0489146e+00   2.5178907e+00   2.1708863e+00   1.7512931e+00   1.3281997e+00   1.0235170e+00   1.2908113e+00   1.0839336e+00   5.6450538e-01   6.3566799e-01   3.4709265e-01   3.5979199e-01   1.2030781e-01   1.0527230e-01   8.5929607e-02   4.6970798e-02
   3.4285698e+00   2.6457098e+00   2.1518328e+00   2.1182333e+00   1.2293844e+00   1.4131565e+00   8.0819497e-01   7.8543577e-01   5.9202733e-01   1.0013751e+00   1.0314986e+00   7.3633739e-01   7.7065376e-02  -6.4736788e-02  -1.5397957e-02  -6.1655948e-02
   4.0525996e+00   3.8670935e+00   2.0631716e+00   1.7305919e+00   1.2625712e+00   1.3949454e+00   1.2556522e+00   1.0565729e+00   7.8223278e-01   6.3653655e-01   8.6293402e-01   8.5051593e-01   1.3447236e-01   1.9761015e-02   2.7301958e-01   2.4036660e-03
   3.7341279e+00   3.3620828e+00   2.3150860e+00   1.7092699e+00   1.5202313e+00   1.3709342e+00   9.6631111e-01   8.1497673e-01   6.5907092e-01   7.8567223e-01   1.1825174e+00   6.9271342e-01   2.8404440e-01   1.4504165e-01   2.5553572e-01   1.5388111e-01
   4.2050982e+00   3.4447925e+00   2.2457378e+00   1.5863033e+00   1.2316803e+00   1.4652218e+00   1.0988868e+00   8.3577280e-01   6.1920426e-01   8.0565170e-01   9.1637846e-01   4.0142385e-01  -1.0251715e-01  -2.0916166e-01  -1.4758588e-01  -1.8945059e-01
   4.2274247e+00   2.7314869e+00   1.8585357e+00   1.7220683e+00   1.3667641e+00   1.6946057e+00   1.1566604e+00   1.1072441e+00   7.0453238e-01   5.4375528e-01   7.8983331e-01   4.0900290e-01   4.5324204e-02  -1.8315187e-01   2.1900464e-02   1.0295308e-01
   3.5809068e+00   2.9058869e+00   2.5564553e+00   1.7389077e+00   1.8807735e+00   1.4545413e+00   9.7766012e-01   8.6726944e-01   6.6292642e-01   7.3887027e-01   7.3740876e-01   2.6631860e-01   2.3737355e-01  -7.4221404e-02   1.0496177e-01   1.0657625e-02
   3.8608125e+00   2.9481144e+00   2.7856690e+00   2.0283254e+00   1.8001307e+00   1.4352260e+00   1.1682582e+00   9.7511132e-01   9.7241042e-01   8.1648954e-01   4.2302917e-01   5.2082272e-01   2.1052802e-01  -4.6280357e-02  -1.9039295e-01  -1.5957656e-01
   4.0604831e+00   2.4530950e+00   1.4507799e+00   1.5030552e+00   1.4595835e+00   1.3335685e+00   1.0862146e+00   7.6713486e-01   6.0944413e-01   9.5505998e-01   7.3476104e-01   2.9897437e-01   2.0191789e-01  -2.5169061e-01  -2.7274880e-02  -6.0970026e-02
   3.2137982e+00   2.3686106e+00   2.0684540e+00   2.0627985e+00   1.9833663e+00   1.6056784e+00   1.3144846e+00   8.0873115e-01   7.6684160e-01   8.8425529e-01   6.1703925e-01   5.1777468e-01  -6.3507882e-02  -1.0137469e-01  -2.9336402e-01  -2.9762478e-01
   3.3649913e+00   3.0080336e+00   1.9829354e+00   1.4056927e+00   1.0329310e+00   1.7220285e+00   1.5094381e+00   1.1095798e+00   6.9441390e-01   7.9283355e-01   8.0288218e-01   6.2394900e-01  -3.7336052e-02   2.1297897e-01   1.3292181e-01  -2.5101307e-01
   3.3973451e+00   3.2113614e+00   1.7513349e+00   1.7930126e+00   1.3944547e+00   1.7592187e+00   1.2742508e+00   1.0968564e+00   1.1023469e+00   1.0656509e+00   9.1831786e-01   6.4764565e-01  -1.7838716e-01  -2.4187259e-01  -7.3763061e-02  -1.9552425e-01
   3.5486157e+00   3.0485100e+00   2.2909555e+00   2.0059746e+00   1.4322731e+00   1.7260576e+00   1.2750052e+00   5.9391371e-01   9.7184721e-01   1.0937867e+00   1.2329653e+00   6.3536866e-01   1.0445415e-01  -7.8669903e-02   9.7642933e-03  -6.9789523e-02
   4.0918428e+00   3.2750942e+00   2.6453682e+00   2.1790582e+00   1.8244716e+00   1.2497604e+00   1.5518996e+00   7.9347334e-01   1.1044781e+00   8.9363278e-01   1.0944565e+00   4.8396971e-01   1.6115562e-01   9.7723525e-02  -4.6809625e-02  -2.0794480e-01
   3.9160759e+00   2.8361087e+00   1.9716218e+00   1.8169131e+00   1.2609420e+00   1.5474195e+00   1.3258290e+00   1.1195267e+00   8.6094695e-01   1.2061647e+00   9.8260660e-01   6.4585200e-01   2.0105234e-01   1.0144530e-01   1.2781387e-01   1.3951064e-01
   3.7136916e+00   2.5442441e+00   2.0700964e+00   1.1770249e+00   1.0439289e+00   1.6596676e+00   1.6099754e+00   9.3153596e-01   7.1308979e-01   9.1120963e-01   8.7330859e-01   4.7857824e-01  -1.5219797e-01  -7.1347995e-02   3.6069686e-01   1.7750366e-01
   3.6738166e+00   2.1622989e+00   1.7394833e+00   1.5399792e+00   1.4013062e+00   1.4466440e+00   1.5741269e+00   1.1323177e+00   8.0117284e-01   6.9062106e-01   8.6368803e-01   4.8216290e-01  -2.4911183e-01   1.9623301e-01   2.9649160e-01   6.9304618e-02
   4.1846655e+00   2.4828238e+00   1.9926907e+00   1.9460856e+00   1.0920078e+00   1.0723799e+00   1.1414440e+00   1.4211873e+00   9.3577630e-01   7.2913409e-01   6.1081078e-01   5.9110571e-01   1.5112411e-01   1.3800618e-01  -2.8950752e-02  -2.1140105e-02
   3.6551747e+00   3.2304796e+00   1.6755712e+00   1.7900920e+00   7.9545221e-01   1.1464665e+00   1.2840979e+00   8.1736978e-01   4.9508041e-01   5.3551279e-01   5.6946822e-01   5.4991049e-01  -2.7209568e-02  -8.0305423e-02  -1.1458603e-01  -2.4319234e-02
   3.7737361e+00   3.2112163e+00   1.5077008e+00   1.7423565e+00   1.4253653e+00   1.0250881e+00   1.1561701e+00   9.1198255e-01   4.1513351e-01   4.3546398e-01   9.0825371e-01   4.6223170e-01   2.7351256e-01   1.4779823e-01   2.2517665e-01   1.2936297e-01
   4.0255640e+00   3.0948167e+00   2.1361826e+00   1.9581357e+00   1.5404484e+00   9.6666360e-01   1.2783927e+00   8.5702489e-01   8.8834674e-01   8.6957855e-01   1.1109065e+00   8.7420395e-01   3.4762539e-01   8.2417374e-02   3.4589822e-01   6.7487233e-02
   4.5620739e+00   2.6000180e+00   2.3898126e+00   1.8980127e+00   1.1296333e+00   1.2970439e+00   1.4496305e+00   9.9466632e-01   8.8219829e-01   9.9708475e-01   9.3404552e-01   6.1690959e-01   1.5202459e-01   3.3101869e-01   1.4899651e-01   1.2111092e-01
   3.8509250e+00   2.7022163e+00   1.8063175e+00   1.8498840e+00   1.3591448e+00   1.1549237e+00   1.4558338e+00   1.4459174e+00   9.6043898e-01   8.7779947e-01   9.5675400e-01   7.4440798e-01   4.3140146e-01   6.1907603e-02   1.6712785e-01   2.6252565e-01
   3.9374210e+00   2.5202890e+00   1.8410060e+00   1.4993815e+00   1.4783333e+00   1.3931775e+00   1.3820056e+00   1.3491017e+00   1.3973683e+00   1.2139773e+00   9.5267130e-01   7.9869854e-01   7.9190005e-01   8.2111907e-01   5.4210904e-01   5.9051715e-01
   3.9696107e+00   2.8961292e+00   1.7366975e+00   1.4841085e+00   1.2861046e+00   1.1594318e+00   8.8152570e-01   1.2651636e+00   8.3769323e-01   1.0489272e+00   8.0295224e-01   9.2868329e-01   1.3875883e+00   1.6091953e+00   8.8475623e-01   1.2325530e+00
   4.1583127e+00   3.1647162e+00   2.0249215e+00   1.6529134e+00   1.3902118e+00   1.1969892e+00   1.3271343e+00   1.3251785e+00   1.2625629e+00   9.2718444e-01   8.6632866e-01   1.3172433e+00   1.9538694e+00   1.9165521e+00   9.8152659e-01   1.5664228e+00
   3.1680958e+00   2.8062920e+00   1.6019159e+00   1.3944712e+00   1.2648665e+00   1.2059342e+00   9.7768468e-01   9.8082770e-01   7.6862565e-01   4.5790638e-01   1.3914090e+00   1.6715391e+00   1.9858604e+00   2.1693192e+00   1.2761181e+00   1.8471105e+00
   3.6938525e+00   2.8240298e+00   1.9379555e+00   1.4445503e+00   7.3048685e-01   1.2588209e+00   1.3520132e+00   1.0090528e+00   7.7574066e-01   6.2747834e-01   1.1601386e+00   1.6844140e+00   2.1990608e+00   2.4532451e+00   1.6156759e+00   2.1056485e+00
   3.4583495e+00   2.1608309e+00   2.1173887e+00   2.0060268e+00   9.8943712e-01   1.6148471e+00   1.6654394e+00   1.5385165e+00   1.2737385e+00   9.6574436e-01   1.2040084e+00   1.5806452e+00   1.9903817e+00   1.8448159e+00   1.5683095e+00   2.1640337e+00
   3.6150733e+00   3.0335200e+00   2.0668582e+00   1.4385328e+00   6.2244974e-01   1.5924045e+00   1.6806226e+00   1.3976159e+00   8.9779279e-01   8.7794601e-01   1.0783659e+00   1.2938832e+00   1.6735969e+00   2.0353036e+00   1.1868589e+00   1.5410377e+00
   3.8392080e+00   3.0958966e+00   2.1056924e+00   1.8443463e+00   1.9299914e+00   1.7030163e+00   1.2752333e+00   1.1252544e+00   6.6731579e-01   1.0063763e+00   1.2348753e+00   1.4228242e+00   1.4753362e+00   1.4721407e+00   1.0195563e+00   1.0599142e+00
   3.5470535e+00   3.2296247e+00   2.0811865e+00   1.5678492e+00   1.0749286e+00   1.1542922e+00   1.5111130e+00   7.7817327e-01   5.7562166e-01   8.4585182e-01   1.8359722e+00   1.8383647e+00   1.5282058e+00   1.5369070e+00   1.0720166e+00   9.7068916e-01
   4.1463383e+00   3.0015135e+00   2.4802876e+00   2.2319580e+00   1.5116020e+00   1.4833013e+00   1.6135691e+00   1.1510681e+00   9.4328364e-01   6.6504594e-01   1.9269163e+00   2.1510493e+00   1.5717045e+00   1.7662151e+00   8.8538390e-01   5.4308941e-01
   3.5487696e+00   3.4523808e+00   2.1844743e+00   2.0630253e+00   1.5280853e+00   1.3274309e+00   1.3778050e+00   9.7952729e-01   9.8013998e-01   1.2291370e+00   2.1977366e+00   2.0819061e+00   1.6198153e+00   1.7358519e+00   9.6818220e-01   6.1330451e-01
   3.9354009e+00   3.7805182e+00   2.4616314e+00   2.3034584e+00   1.4837014e+00   1.2989254e+00   1.2088783e+00   1.0157202e+00   8.8994038e-01   8.8576666e-01   1.8390081e+00   2.1855763e+00   1.7762734e+00   1.7401049e+00   9.9364353e-01   6.0162528e-01
   3.9920144e+00   3.5945004e+00   2.6873699e+00   1.9455998e+00   1.8990816e+00   1.6639720e+00   1.5817625e+00   1.2946333e+00   1.0920344e+00   3.0896801e-01   1.8498388e+00   2.3551703e+00   1.9858277e+00   1.9377746e+00   1.2151251e+00   8.3369417e-01
   4.4335236e+00   3.5386729e+00   2.4624596e+00   2.0680796e+00   1.5884506e+00   1.2297450e+00   1.1995798e+00   1.2040715e+00   6.5681095e-01   8.0229544e-01   1.9258772e+00   2.5401716e+00   1.8885226e+00   1.9723462e+00   1.2788327e+00   6.5198656e-01
   4.2452837e+00   3.5207004e+00   2.1858731e+00   2.1642760e+00   1.9715081e+00   1.3566223e+00   1.0153044e+00   9.0672825e-01   7.5903006e-01   9.3354776e-01   1.5042093e+00   2.3372435e+00   1.9226198e+00   1.9986201e+00   1.2568512e+00   3.8488127e-01
   3.8155022e+00   3.4256005e+00   2.4084816e+00   2.4343630e+00   1.6389762e+00   1.6017974e+00   1.4599675e+00   1.3131372e+00   8.0351203e-01   7.9865851e-01   1.8242736e+00   2.5260717e+00   1.8536600e+00   2.0989661e+00   1.3964953e+00   3.2492071e-01
   4.3264191e+00   3.6309154e+00   2.4660075e+00   1.9341913e+00   1.3791199e+00   1.1777961e+00   1.4767661e+00   7.8241912e-01   6.5891915e-01   5.7709848e-01   1.9851668e+00   2.7747247e+00   1.9372655e+00   2.1403151e+00   1.5561141e+00   5.7869377e-01
   3.2216161e+00   3.4614118e+00   2.0798336e+00   1.7938202e+00   1.8262916e+00   1.4433733e+00   1.4818087e+00   1.1763462e+00   1.0004292e+00   8.3493027e-01   2.0882793e+00   2.7383884e+00   1.9886131e+00   2.1649879e+00   1.7523430e+00   7.9766690e-01
   3.6041784e+00   3.2131826e+00   2.1896952e+00   1.9721130e+00   1.7691883e+00   1.0383762e+00   8.9195248e-01   9.9201086e-01   1.1919934e+00   9.9544680e-01   1.8867495e+00   2.7294740e+00   2.1255226e+00   2.0716123e+00   1.7763845e+00   1.0614120e+00
   4.0606944e+00   3.6121358e+00   2.4504087e+00   2.1245072e+00   1.3746718e+00   1.3102173e+00   1.2049295e+00   1.0907478e+00   1.0708904e+00   9.3706925e-01   1.8797348e+00   2.6383031e+00   2.0840962e+00   2.1643910e+00   1.8754439e+00   1.0188216e+00
   3.8104033e+00   3.8468840e+00   2.4872328e+00   1.7618169e+00   1.3832033e+00   1.7045564e+00   1.2489175e+00   9.0306628e-01   1.0275350e+00   1.3258541e+00   1.7181425e+00   2.5865179e+00   1.9738512e+00   2.1695014e+00   1.9260149e+00   9.6601373e-01
   3.9221238e+00   3.4858349e+00   2.4566863e+00   1.8368559e+00   1.5892039e+00   1.3410824e+00   1.1279608e+00   9.2136211e-01   8.4329147e-01   1.1694115e+00   1.7786411e+00   2.5212275e+00   1.7167160e+00   1.9312117e+00   1.6688438e+00   5.5295486e-01
   4.5423244e+00   3.9118811e+00   2.5835766e+00   2.3564360e+00   1.8233470e+00   1.8566956e+00   1.2760526e+00   1.0295274e+00   1.1030292e+00   1.0508125e+00   1.6619650e+00   2.5553639e+00   1.9029812e+00   1.8811410e+00   1.5984306e+00   7.6857607e-01
   3.9387093e+00   3.1935681e+00   2.5905938e+00   2.1858473e+00   1.8278426e+00   2.1137382e+00   1.2766395e+00   7.5720770e-01   9.9486739e-01   1.1871900e+00   1.3183984e+00   2.3071351e+00   1.8746633e+00   1.8741448e+00   1.7370097e+00   7.8932708e-01
   4.3231950e+00   2.6716461e+00   2.7132198e+00   2.4708022e+00   1.5951126e+00   1.5387022e+00   1.4045292e+00   9.6815394e-01   9.2338858e-01   7.8215132e-01   1.4285031e+00   2.4612547e+00   2.1412088e+00   1.9920985e+00   1.8404362e+00   9.2388031e-01
   3.2557506e+00   2.9510887e+00   2.2763628e+00   2.2768745e+00   1.5740007e+00   1.2135895e+00   1.3874639e+00   1.2103704e+00   7.2242674e-01   7.1335484e-01   1.3733983e+00   2.5032673e+00   2.1644427e+00   1.8393580e+00   1.8415506e+00   1.0431706e+00
   3.8550320e+00   3.5477120e+00   2.2590935e+00   2.3155495e+00   2.4756587e+00   1.4868046e+00   1.4206020e+00   1.3274463e+00   1.4703789e+00   8.8568037e-01   1.3749259e+00   2.4060184e+00   2.1555794e+00   1.7332576e+00   1.7167887e+00   8.6003797e-01
   3.8810258e+00   3.4542254e+00   2.0681228e+00   1.5106234e+00   2.5292636e+00   1.5391915e+00   1.3456242e+00   1.2419939e+00   7.2488350e-01   7.5760892e-01   1.3119416e+00   2.2443020e+00   2.1282081e+00   1.8007391e+00   1.6305870e+00   7.1665299e-01
   4.3335732e+00   2.7098590e+00   2.2018426e+00   1.9561086e+00   1.4301535e+00   1.4564252e+00   1.3611307e+00   5.9426016e-01   8.7658630e-01   7.8385799e-01   1.4360331e+00   2.3047362e+00   1.9592531e+00   1.8405747e+00   1.5365656e+00   7.4909090e-01
   4.0727194e+00   3.4047495e+00   2.4900512e+00   2.3148460e+00   1.5040570e+00   1.2910726e+00   1.1200254e+00   6.0872010e-01   6.6548377e-01   6.6079386e-01   1.4378063e+00   2.3647689e+00   1.8329306e+00   1.3833332e+00   1.4154209e+00   3.8887707e-01
   4.0460144e+00   3.7077129e+00   2.6098959e+00   1.2931254e+00   1.5971466e+00   1.0757461e+00   1.0571857e+00   1.1234512e+00   8.1879286e-01   8.7573591e-01   1.3659687e+00   2.1380069e+00   1.6119843e+00   1.1273420e+00   8.7023987e-01   3.9742382e-01
   3.4174677e+00   2.7564055e+00   2.0490283e+00   1.6342307e+00   1.1727084e+00   1.2805427e+00   9.7713536e-01   1.0537388e+00   6.8973060e-01   5.4719034e-01   9.6487640e-01   1.5548112e+00   1.2262720e+00   7.4304070e-01   5.5619383e-01   2.7974048e-01
   3.5478382e+00   2.9394756e+00   2.3443106e+00   1.9591552e+00   1.0168468e+00   1.4516826e+00   8.7594867e-01   8.4204374e-01   5.7979518e-01   7.2085977e-01   1.0323545e+00   1.3663174e+00   8.3367704e-01   4.6541226e-01   4.6028861e-01   1.0273329e-01
   4.2506660e+00   3.1661202e+00   2.3374238e+00   1.7891119e+00   1.0749977e+00   1.7819639e+00   1.3742058e+00   1.1853019e+00   9.4677288e-01   1.1842901e+00   1.0417377e+00   1.2520163e+00   8.4974375e-01   5.2689782e-01   5.1346601e-01   3.8095866e-01
   4.6094809e+00   3.2947701e+00   2.0407434e+00   1.6113893e+00   1.2226598e+00   1.6907943e+00   1.3197164e+00   1.1075643e+00   1.1148760e+00   1.2515764e+00   7.3904675e-01   1.3236491e+00   8.8632045e-01   4.7937509e-01   7.8739070e-01   1.9112880e-01
   4.2906791e+00   2.6543573e+00   2.0890226e+00   1.2150079e+00   1.4247679e+00   1.5305625e+00   1.4660743e+00   1.3583379e+00   1.3669786e+00   1.2866932e+00   8.5680568e-01   8.9367919e-01   5.5061295e-01   3.7242822e-01   6.0961431e-01   2.8548401e-01
   4.0637065e+00   2.9779883e+00   2.2730837e+00   1.6311147e+00   1.2879868e+00   1.5765747e+00   7.5299619e-01   8.5446397e-01   9.8129806e-01   1.0530818e+00   1.0139894e+00   9.1298078e-01   4.2546154e-01   1.3828509e-01   3.1047957e-01   2.8474950e-04
   3.9032120e+00   3.1734302e+00   2.3140749e+00   1.6730246e+00   1.7193253e+00   1.6302784e+00   1.0082112e+00   9.7112417e-01   8.8445754e-01   9.1612932e-01   1.1831514e+00   6.6680055e-01   3.2998935e-01  -3.8669384e-02   1.6434914e-01   9.5571528e-02
   4.2812043e+00   2.6986467e+00   2.2337380e+00   1.8344435e+00   1.1997280e+00   1.1874775e+00   1.1193062e+00   1.1088011e+00   9.8393724e-01   6.4416830e-01   1.0943792e+00   7.1894499e-01   3.4061233e-01   3.7160441e-01   5.7261964e-01   3.6352479e-01
   4.0881893e+00   2.6974512e+00   1.9453750e+00   1.6724521e+00   7.7504853e-01   1.2621551e+00   1.2765259e+00   1.1383563e+00   7.9343606e-01   5.9231689e-01   7.5610470e-01   7.4198358e-01   2.9311648e-01   1.5559334e-01   5.5567092e-01   1.0033830e-01
   4.0144192e+00   3.0142946e+00   2.1038412e+00   2.0613454e+00   1.8979568e+00   1.2215400e+00   1.3436603e+00   1.5136227e+00   8.0842416e-01   6.4269497e-01   8.9148466e-01   9.9015100e-01   4.7235454e-01   3.1029733e-01   5.1563093e-01   4.0637927e-01
   3.9956623e+00   3.3520248e+00   2.6894345e+00   1.8285194e+00   1.9464392e+00   1.3191491e+00   1.1546745e+00   9.5979999e-01   9.7758919e-01   5.9563076e-01   7.2680137e-01   6.7661729e-01   2.9562180e-01   7.0390682e-02   5.1968988e-01   2.8795586e-01
   4.1043003e+00   3.3328811e+00   2.0608137e+00   2.0112805e+00   1.8609996e+00   1.4159247e+00   1.3833012e+00   1.1897204e+00   8.9082016e-01   9.3806914e-01   9.4234232e-01   6.0880005e-01   2.8901448e-01   6.0829893e-01   6.1866531e-01   6.2186631e-01
   3.2334400e+00   3.0112975e+00   2.2419275e+00   1.7874340e+00   1.6129862e+00   1.3272915e+00   1.3269350e+00   9.4469339e-01   8.2571863e-01   1.0683758e+00   1.0779486e+00   6.3012897e-01   4.6004748e-01   4.4888351e-02   3.1078327e-01   2.3454890e-01
   3.5550854e+00   2.5656723e+00   2.3410826e+00   2.5876929e+00   2.1921709e+00   1.7876428e+00   1.8873750e+00   1.7671409e+00   1.3570232e+00   1.1762584e+00   7.3058385e-01   4.6033688e-01   1.8945855e-01   4.3358204e-02   1.9282602e-01  -1.2852106e-01
   3.2634521e+00   2.8774685e+00   2.4739910e+00   2.5657056e+00   1.6684096e+00   1.4177725e+00   2.1254201e+00   1.3006074e+00   1.3280559e+00   1.0907030e+00   9.3480806e-01   5.8456952e-01   2.7802757e-01   8.4981940e-02   1.0941255e-01  -2.4135440e-02
   4.4375195e+00   2.5682044e+00   1.9188221e+00   1.7265946e+00   7.6771166e-01   1.3247162e+00   1.4515922e+00   1.1730690e+00   7.0094168e-01   8.0350849e-01   9.0573032e-01   9.7720099e-01   4.2910702e-01   1.7948326e-02   3.1770237e-01   1.5133792e-01
   4.4961261e+00   3.0732181e+00   2.1918707e+00   1.8189881e+00   9.8368857e-01   1.0272336e+00   1.5778439e+00   1.2034944e+00   8.1602356e-01   9.7537099e-01   7.0633540e-01   6.4745889e-01   3.3041977e-01   1.5638353e-02   2.1793143e-01   9.4775413e-02
   3.5663698e+00   2.2534473e+00   1.3834079e+00   1.8515840e+00   1.0016476e+00   1.5847587e+00   9.1718922e-01   1.0236796e+00   8.7063420e-01   1.0342264e+00   5.9940947e-01   6.6464212e-01   2.8921535e-01   2.6096264e-03   9.0952106e-02  -1.0004603e-02
   4.2388717e+00   2.9961278e+00   2.3031512e+00   2.1701920e+00   2.0689935e+00   1.2140373e+00   1.4700315e+00   1.0495246e+00   1.0846577e+00   9.2550431e-01   8.4413781e-01   6.7099693e-01   2.2904037e-01   1.1760578e-01   1.4584977e-01   1.4977864e-01
   3.1048502e+00   3.2358309e+00   2.2503834e+00   1.7107270e+00   1.0475855e+00   1.0884562e+00   1.2702242e+00   9.1049672e-01   8.5924845e-01   8.5516980e-01   7.0012879e-01   5.9976659e-01   3.5284302e-01   4.5450278e-01   4.4321059e-01   3.3907893e-01
   4.2775389e+00   2.9625485e+00   2.0343525e+00   1.7986478e+00   1.0200747e+00   1.4913087e+00   1.5072523e+00   1.0458941e+00   8.4467190e-01   1.1334652e+00   7.3475410e-01   6.7251737e-01   2.5702483e-01   3.0936807e-01   1.4799636e-01   1.7372254e-01
   4.0769218e+00   3.1040133e+00   2.3098813e+00   1.9859576e+00   1.6508571e+00   1.7066186e+00   1.5345280e+00   8.2917375e-01   9.4343313e-01   9.3792826e-01   7.3884272e-01   4.2940697e-01  -4.8273659e-02   1.8926653e-01   3.0686724e-01   3.9473830e-02
   3.8391904e+00   2.9239187e+00   1.8599257e+00   1.6048756e+00   1.0524301e+00   1.7756199e+00   1.4619373e+00   9.4961105e-01   8.8684896e-01   7.9508264e-01   7.1347029e-01   6.0826030e-01   2.8213385e-01   4.0013369e-01   4.1539814e-01   3.1004284e-01
   3.7161882e+00   2.5379840e+00   1.7764284e+00   1.6187097e+00   1.3724336e+00   1.3757371e+00   8.2495765e-01   5.0392907e-01   6.6010076e-01   6.0211179e-01   6.3088334e-01   3.7442058e-01   2.7796602e-01   5.2893557e-02   9.4280842e-03  -4.1934820e-02
   3.6961768e+00   2.8239201e+00   2.0741247e+00   1.9425828e+00   1.2608516e+00   1.5064050e+00   8.7876040e-01   9.3436683e-01   5.6724849e-01   6.4490995e-01   8.0857066e-01   4.1763674e-01   7.6452007e-02   5.8219346e-02   5.4690872e-02  -5.8758153e-02
   3.2322804e+00   2.4847976e+00   1.7735031e+00   1.1262734e+00   1.1143384e+00   1.6214979e+00   1.5048805e+00   1.1196945e+00   9.7744419e-01   7.9392034e-01   6.2099018e-01   5.1629564e-01   3.6715368e-01   1.4214845e-01   2.1278355e-01   1.6189845e-01
   4.1848924e+00   2.8359817e+00   2.0519656e+00   1.8099736e+00   1.0966947e+00   7.2294442e-01   1.1961123e+00   7.0541790e-01   6.5267070e-01   8.2797140e-01   5.5603003e-01   2.5013400e-01  -1.4310537e-02   2.8907131e-01   3.4054599e-01   3.5561438e-01
   3.9407932e+00   1.4127237e+00   1.6811314e+00   1.6227070e+00   1.2082634e+00   1.3594991e+00   1.4120200e+00   8.6462086e-01   4.6161787e-01   8.2922189e-01   4.9451026e-01  -8.7756094e-02  -1.1827011e-01  -1.8253806e-02  -8.8958360e-02  -1.3853420e-01
   3.7416864e+00   2.5664369e+00   1.4724868e+00   1.4845552e+00   1.0617324e+00   1.3831412e+00   1.5251982e+00   1.0287633e+00   4.3020435e-01   4.7872545e-01   6.2984865e-01   2.4023699e-01   2.3443914e-01  -7.8761725e-02   1.3579643e-01  -1.9956606e-01
   3.8459382e+00   3.0635658e+00   2.0765863e+00   1.7410316e+00   9.3480586e-01   1.2302323e+00   1.3565409e+00   1.2751437e+00   6.7458361e-01   4.2626161e-01   6.5016219e-01   4.5142779e-01   2.2021536e-01   1.8843955e-01   2.0283291e-01   1.0214340e-01
   3.5320218e+00   3.0205411e+00   1.8123249e+00   1.7828823e+00   1.0534885e+00   1.3039059e+00   1.3333321e+00   1.0742122e+00   1.0353580e+00   1.0528769e+00   4.4607290e-01   3.1752712e-01   1.3403248e-01   3.2245814e-01   4.4997475e-02  -2.2503769e-01
   4.2332851e+00   2.9626260e+00   1.3214538e+00   1.8318421e+00   1.4809220e+00   1.2558340e+00   1.1267616e+00   1.0666670e+00   5.7054421e-01   6.8311614e-01   4.4455191e-01   5.8175149e-01   1.5092374e-01   1.7624625e-01  -2.8976175e-02  -3.7393569e-01
