   2.8496017e+00   2.6253858e+00   2.0775364e+00   1.3412381e+00   1.5728395e+00   1.7707791e+00   1.5904892e+00   1.4253706e+00   1.0028735e+00   8.8716923e-01   1.0192118e+00   7.2313452e-01   1.9840350e-01   2.4202772e-01   4.5786449e-01   2.7048949e-01
   3.1702031e+00   2.9235835e+00   2.7066224e+00   1.9413259e+00   1.4159587e+00   1.5986679e+00   1.3813989e+00   1.2884710e+00   1.1574178e+00   6.6061505e-01   9.2945743e-01   2.8811150e-01  -8.6487679e-02   3.0476801e-01   3.2759016e-01   2.1459725e-01
   4.4105276e+00   4.3036428e+00   3.9250474e+00   3.2025767e+00   2.4443517e+00   1.5184078e+00   9.9735438e-01   5.3305096e-01   8.6534332e-01   5.8306198e-01   6.8376301e-01  -5.1658721e-02  -2.6273426e-02   1.5396479e-01   2.4695943e-01   5.2955342e-02
   3.7472033e+00   3.5713069e+00   3.1656361e+00   2.1928981e+00   1.5371495e+00   1.7074700e+00   1.5286407e+00   1.0511341e+00   6.0356541e-01   8.1208998e-01   8.0882757e-01   3.0594353e-01   2.7784429e-02   3.3235113e-03   3.8686634e-02  -9.8209630e-02
   4.1084021e+00   3.9281725e+00   3.0353964e+00   1.9469310e+00   1.7281823e+00   2.1102249e+00   1.0797066e+00   9.4999266e-01   6.0245101e-01   9.3464248e-01   6.7509546e-01   4.2861713e-01   1.1472333e-01   1.5325065e-01  -1.6502205e-02  -3.6174955e-01
   3.6840608e+00   3.9638221e+00   3.2190068e+00   1.6395422e+00   1.1114910e+00   1.3558134e+00   8.3025866e-01   1.1459422e+00   6.5295756e-01   5.2144964e-01   6.6378765e-01   3.9269866e-01   3.8927146e-02  -5.3367283e-02   3.2203419e-02  -1.2031252e-02
   3.3395645e+00   3.7403865e+00   2.6153179e+00   1.8745569e+00   1.3365665e+00   8.3432797e-01   1.1906675e+00   7.5233618e-01   6.2314983e-01   5.5597353e-01   7.5139310e-01   3.8368578e-01   3.1309029e-01   3.6910186e-01   1.1910397e-01  -1.4492728e-01
   3.6360779e+00   3.5672250e+00   2.2619001e+00   1.9379769e+00   1.5584588e+00   1.0949375e+00   1.2130820e+00   1.1223583e+00   1.1346033e+00   1.1549147e+00   8.8313573e-01   3.4152368e-01   3.5726277e-01   2.8781114e-01   2.2567779e-01   1.6916623e-01
   4.5347837e+00   2.8720538e+00   2.6974843e+00   2.3851097e+00   2.1454910e+00   1.5298195e+00   1.2130563e+00   9.1632131e-01   9.9944175e-01   1.0064826e+00   6.4491433e-01   4.1127048e-01   3.4591802e-01   2.0929903e-01   2.1903020e-01   1.0310633e-01
   4.4374315e+00   3.7663355e+00   2.8609618e+00   2.7662662e+00   2.3684396e+00   1.5869923e+00   9.0716947e-01   9.9281383e-01   1.0929846e+00   6.6699991e-01   4.7826466e-01   7.0559556e-02   6.8567835e-03  -1.7599641e-01   5.9458387e-03  -2.0982030e-01
   4.6936319e+00   3.1814304e+00   2.5044089e+00   2.2796172e+00   2.0700431e+00   2.0888200e+00   1.6650626e+00   1.3081195e+00   1.0912222e+00   1.1840427e+00   1.0212950e+00   8.0415582e-01   5.8290979e-01   5.6893820e-01   6.4121951e-01   5.4916975e-01
   4.2947141e+00   3.0103231e+00   2.5417178e+00   2.1883702e+00   1.6925810e+00   1.2213722e+00   1.1214282e+00   1.3669038e+00   8.1998273e-01   7.4159946e-01   5.3289248e-01   3.8642807e-01   1.5741500e-01   1.3696841e-01   2.1095417e-01   2.3461524e-01
   4.0877839e+00   2.5726902e+00   1.9165520e+00   1.4244067e+00   1.6282732e+00   1.2490170e+00   7.9034766e-01  -4.0033163e-02   7.7410277e-01   6.5217055e-01   6.0385685e-01   3.9619201e-01   2.6792917e-01  -7.1631044e-03  -1.0873599e-01  -1.5286639e-01
   3.6591679e+00   2.7071305e+00   2.0132532e+00   1.8119808e+00   9.4554277e-01   1.1731301e+00   1.1278527e+00   8.2296383e-01   9.7698830e-01   6.1566187e-01   8.2431817e-01   4.8748712e-01   2.3323814e-03  -1.3693040e-01   9.1879476e-02   5.4818484e-02
   3.5374180e+00   2.8429821e+00   2.1083195e+00   1.9380247e+00   9.6407498e-01   1.6714573e+00   1.6034291e+00   1.2299670e+00   8.9403717e-01   9.6918317e-01   6.3791665e-01   4.1849061e-01  -1.1248205e-01  -1.3263151e-02   2.1626185e-01   2.6555747e-01
   3.4358003e+00   3.2609980e+00   2.0314000e+00   1.9742634e+00   1.5352636e+00   1.1936084e+00   1.3391083e+00   1.1069166e+00   1.0804354e+00   1.1546618e+00   7.5065013e-01   3.2932500e-01   4.9578848e-02  -6.5737808e-02  -2.2396067e-01  -9.4170892e-02
   3.2902736e+00   2.5890180e+00   2.0574069e+00   2.1373662e+00   1.7924008e+00   1.2853602e+00   1.3359755e+00   1.1000919e+00   5.9297357e-01   1.0939022e+00   8.1397286e-01   2.5328156e-01   2.1113675e-01   1.0200798e-02  -6.2785150e-02  -3.7686033e-04
   2.5972478e+00   2.6959132e+00   2.6002447e+00   2.0010088e+00   1.7501292e+00   1.6192533e+00   9.1966372e-01   7.5982005e-01   5.9711192e-01   9.0075857e-01   7.4165974e-01   4.7782501e-01  -1.4375262e-01   6.1518940e-02   1.2767236e-01   1.0519641e-01
   3.8527119e+00   3.3912231e+00   2.5728712e+00   2.6382696e+00   1.9075594e+00   1.5023981e+00   1.2502920e+00   1.2403873e+00   6.9788662e-01   5.7245602e-01   5.3160666e-01   6.2558539e-01   8.1674720e-02  -1.3216270e-01   1.0514335e-01   2.4195563e-01
   4.5350975e+00   3.1355782e+00   2.3160089e+00   1.6956842e+00   1.3621780e+00   1.7509512e+00   1.4661710e+00   6.1396559e-01   9.0203977e-01   7.6833897e-01   1.0767345e+00   7.8480194e-01   4.3757069e-01   2.3779901e-01   1.3331680e-01   2.2237917e-01
   4.4022492e+00   3.3807694e+00   2.3768587e+00   1.3278860e+00   1.6547992e+00   1.4894233e+00   1.1655170e+00   7.0864616e-01   3.9250429e-01   1.1072779e+00   7.9364755e-01   6.8619734e-01   1.3853985e-01   3.9266643e-01   5.8319289e-01   2.5919362e-01
   4.3323310e+00   3.0842008e+00   2.5059888e+00   1.7841345e+00   1.4246719e+00   1.1607404e+00   1.5175975e+00   1.3907159e+00   6.9441691e-01   7.6175852e-01   7.3574559e-01   6.2012916e-01   2.0946609e-01   3.8933784e-01   5.2630180e-01   4.1727188e-01
   4.0051099e+00   2.6410044e+00   2.4068490e+00   1.7929976e+00   1.9360680e+00   2.5276410e+00   2.4095358e+00   1.2062685e+00   7.3969045e-01   1.1640797e+00   1.0355708e+00   5.8248940e-01   2.7591865e-01   6.1763584e-01   2.7713556e-02   1.2351781e-01
   3.5314299e+00   3.2625398e+00   2.2651923e+00   2.2684077e+00   1.7616682e+00   2.9828914e+00   2.7721803e+00   1.4882520e+00   9.7787891e-01   9.5560523e-01   8.7707313e-01   4.0355292e-01   1.7209365e-01   1.2470375e-01   1.1366379e-01   7.9280217e-02
   4.2180783e+00   3.3379766e+00   2.1535288e+00   1.8404226e+00   1.7540434e+00   2.5179950e+00   2.3209448e+00   1.1574992e+00   7.1640634e-01   7.1885648e-01   1.0454168e+00   9.8927814e-01   2.5545294e-01   7.8219935e-02   2.1313401e-01   1.5553321e-02
   4.2004655e+00   2.8468722e+00   2.2133520e+00   1.8603075e+00   1.5155042e+00   1.8105502e+00   1.8587942e+00   1.2582643e+00   1.3650077e+00   1.1525563e+00   9.4870129e-01   7.0836207e-01   6.0624242e-02  -1.8024415e-01   3.1928676e-01   2.5287562e-01
   4.2088846e+00   2.9178400e+00   1.9840500e+00   1.7122466e+00   1.4488992e+00   1.7163122e+00   1.3508047e+00   1.3284451e+00   1.3219604e+00   1.3108096e+00   8.8828175e-01   8.1828526e-01   2.2223065e-01   9.5338285e-02   3.3752805e-01   4.2587579e-01
   3.9832575e+00   3.0269116e+00   1.7441123e+00   1.3813846e+00   1.5669330e+00   1.3496631e+00   1.2730085e+00   1.1096399e+00   9.3823685e-01   5.8658325e-01   6.7399331e-01   5.8442162e-01  -5.0477084e-03   7.3958953e-03   2.0687032e-01   1.5392613e-01
   4.0770054e+00   3.3256449e+00   1.6327070e+00   1.6618021e+00   1.6558892e+00   1.3652755e+00   1.3911097e+00   9.9279850e-01   9.8463417e-01   9.3507355e-01   6.5275605e-01   7.4784519e-01   4.5761023e-01   4.3148575e-01   4.1565353e-01   3.5781701e-01
   4.0610984e+00   2.7953254e+00   1.8120198e+00   1.4378760e+00   2.1675968e+00   7.1444917e-01   9.2810029e-01   1.3586732e+00   1.2624676e+00   9.6431727e-01   9.1196024e-01   9.4440800e-01   4.5736474e-01   3.2774060e-01   4.5414374e-01   1.8446470e-01
   4.2159507e+00   2.9619317e+00   1.9447871e+00   2.0976071e+00   2.5529294e+00   1.4406629e+00   1.1017888e+00   1.0593776e+00   1.1543957e+00   1.1846747e+00   1.2819179e+00   1.0997131e+00   6.4171090e-01   6.6261149e-01   9.3585503e-01   3.9868629e-01
   4.6278969e+00   3.2200231e+00   2.2039805e+00   2.1555449e+00   3.0779650e+00   1.8828880e+00   9.5224397e-01   1.0514147e+00   1.1785807e+00   1.6024612e+00   1.3303732e+00   1.5501646e+00   1.1495779e+00   1.0623745e+00   1.2910188e+00   6.6279454e-01
   4.3000537e+00   3.0074461e+00   2.2871765e+00   2.0857272e+00   3.6038274e+00   2.1449806e+00   7.5840420e-01   1.1690298e+00   1.2444078e+00   1.8377400e+00   1.7482036e+00   1.6419077e+00   1.2233755e+00   1.0575469e+00   1.4712129e+00   8.1672263e-01
   4.1336795e+00   3.5750994e+00   2.4589344e+00   2.6629432e+00   3.8823511e+00   2.2006376e+00   1.0386613e+00   1.3662359e+00   1.4806405e+00   2.1832357e+00   1.9812647e+00   1.8856891e+00   1.5929248e+00   1.4456238e+00   1.7759076e+00   1.2192351e+00
   3.5594541e+00   3.5267277e+00   2.6513028e+00   2.5119809e+00   3.7855913e+00   2.1663230e+00   1.5687471e+00   1.2033467e+00   1.1361033e+00   2.5618320e+00   2.3291631e+00   2.1229027e+00   2.0261526e+00   1.7602351e+00   2.0796339e+00   1.4266104e+00
   3.7075904e+00   3.5240152e+00   2.6242514e+00   2.4206262e+00   3.8564869e+00   2.4695549e+00   1.5408448e+00   1.6008259e+00   1.3395301e+00   2.5862839e+00   2.3101355e+00   2.4219503e+00   2.1949842e+00   1.9101786e+00   2.5837784e+00   1.6866909e+00
   3.5010019e+00   3.3013714e+00   2.1308563e+00   2.3821936e+00   4.0930904e+00   2.6145844e+00   1.7211960e+00   1.4425132e+00   1.5104816e+00   2.5584523e+00   2.2429178e+00   2.3633484e+00   2.2786246e+00   1.8817005e+00   2.1515341e+00   1.5946289e+00
   2.8689758e+00   2.7807866e+00   2.1252583e+00   2.3435112e+00   4.2579301e+00   2.7107490e+00   1.5704182e+00   1.2629540e+00   1.5822557e+00   2.3232645e+00   2.1522179e+00   2.1468191e+00   1.9587440e+00   1.9095586e+00   2.1418535e+00   1.5945149e+00
   4.0580303e+00   3.5521277e+00   2.1864742e+00   2.6194504e+00   4.3012441e+00   2.5367902e+00   1.6908952e+00   1.3243908e+00   1.5910825e+00   2.4426282e+00   2.2037982e+00   2.0416813e+00   1.6784013e+00   1.9001076e+00   2.2054464e+00   1.6764841e+00
   3.5390910e+00   3.2449577e+00   2.6663034e+00   2.9594564e+00   4.3316747e+00   2.3022327e+00   1.3628529e+00   1.5450179e+00   1.6957144e+00   2.5113591e+00   2.2150732e+00   1.9548791e+00   1.8238739e+00   1.7528181e+00   2.0840091e+00   1.8125498e+00
   4.1162586e+00   3.7326358e+00   3.2418524e+00   2.9871594e+00   4.2830421e+00   2.4938525e+00   1.5276561e+00   1.0327348e+00   1.6253673e+00   2.4316244e+00   2.0490884e+00   1.9850085e+00   1.8657411e+00   1.4228387e+00   1.7888271e+00   1.7609899e+00
   4.2942918e+00   3.5281489e+00   2.5943980e+00   2.6834079e+00   4.2853237e+00   2.3386069e+00   1.5680968e+00   1.1757011e+00   1.7386100e+00   2.3951439e+00   2.1365732e+00   1.9249465e+00   1.8021698e+00   1.3593386e+00   1.6310191e+00   1.6627759e+00
   4.2706434e+00   3.1706526e+00   2.5908904e+00   2.9665924e+00   4.1981138e+00   2.4294046e+00   1.9994734e+00   1.5962231e+00   1.7299361e+00   2.3717454e+00   1.9517685e+00   1.8833674e+00   1.9101291e+00   1.3341759e+00   1.5895994e+00   1.7708732e+00
   3.7509870e+00   3.1933424e+00   1.8771090e+00   2.9223540e+00   4.1134482e+00   2.1369213e+00   1.7679501e+00   1.7630639e+00   1.8949850e+00   2.1008246e+00   1.7261905e+00   1.7680974e+00   1.9740903e+00   1.4001810e+00   1.6188237e+00   1.7453245e+00
   4.0499689e+00   2.8865291e+00   2.0458980e+00   2.7954100e+00   4.0313620e+00   2.2014821e+00   1.9389807e+00   1.5907533e+00   1.6778461e+00   1.9485461e+00   1.7046689e+00   1.6718516e+00   1.8750155e+00   1.2736133e+00   1.7418797e+00   1.7908785e+00
   4.4908593e+00   2.9915942e+00   1.6714802e+00   2.6749493e+00   3.8865728e+00   2.1313865e+00   1.3199055e+00   1.5680868e+00   1.4975589e+00   1.8013795e+00   1.6026062e+00   1.5470406e+00   1.9609716e+00   1.1731344e+00   1.7421712e+00   1.7440641e+00
   3.7381382e+00   2.7407561e+00   2.0544897e+00   2.6403711e+00   3.6043419e+00   2.0886606e+00   1.8956312e+00   1.3725545e+00   1.2327212e+00   1.9197595e+00   1.4237722e+00   1.4799846e+00   1.8417879e+00   9.3087204e-01   1.4578032e+00   1.5852539e+00
   3.6248850e+00   3.2131931e+00   1.9211758e+00   2.0587627e+00   3.0425452e+00   1.7240473e+00   1.4011942e+00   1.2948173e+00   1.4798677e+00   2.1915162e+00   1.3529191e+00   1.2443934e+00   1.5502857e+00   8.4671406e-01   1.2656304e+00   1.1460380e+00
   3.7675331e+00   3.0983741e+00   2.0894736e+00   2.1167013e+00   2.5968195e+00   1.8716058e+00   1.3531659e+00   1.1941856e+00   9.6233248e-01   1.9207966e+00   1.2093164e+00   1.0408279e+00   1.1205236e+00   7.8391537e-01   8.1482839e-01   7.6580425e-01
   3.3630011e+00   3.1628193e+00   2.2162870e+00   1.9227657e+00   1.8788762e+00   1.5085634e+00   1.5265419e+00   1.2952805e+00   8.2898902e-01   1.2460863e+00   1.0186615e+00   1.0272551e+00   7.7683954e-01   1.0022341e+00   7.8029006e-01   5.1664534e-01
   4.0526586e+00   3.4599566e+00   2.4161920e+00   2.0686513e+00   1.8136891e+00   1.0050350e+00   1.2124728e+00   1.0230460e+00   4.3214363e-01   7.9484195e-01   1.0055267e+00   8.1366413e-01   7.5827930e-01   9.1187193e-01   7.2889695e-01   5.6553361e-01
   4.3446874e+00   3.7556774e+00   2.9767646e+00   2.3527090e+00   1.7880227e+00   1.1832136e+00   1.1206062e+00   6.8354924e-01   4.3955737e-01   9.4796618e-01   8.7758597e-01   8.3774404e-01   8.9221845e-01   6.0425716e-01   5.7760063e-01   5.4828363e-01
   4.5641618e+00   3.8993593e+00   2.7778818e+00   2.3290024e+00   1.9174933e+00   1.4251117e+00   1.1722301e+00   1.0494902e+00   9.6371056e-01   7.9190755e-01   1.3281867e+00   1.2655872e+00   1.0550339e+00   8.5289741e-01   8.0803037e-01   6.1998088e-01
   4.3901599e+00   3.7535761e+00   2.9281952e+00   1.9647367e+00   2.0257044e+00   1.7818925e+00   1.5461595e+00   1.3766663e+00   1.2537808e+00   1.2914001e+00   1.4917403e+00   9.0632243e-01   1.1521690e+00   1.0399688e+00   9.3868592e-01   8.9346847e-01
   4.0779328e+00   3.7900158e+00   2.5632995e+00   1.6724900e+00   1.3504735e+00   1.6501097e+00   1.2186528e+00   1.0997844e+00   8.5925409e-01   1.1985673e+00   1.3353449e+00   1.0727734e+00   1.0528261e+00   7.3103741e-01   4.9368810e-01   2.5392645e-01
   3.8512589e+00   3.9247409e+00   2.6089338e+00   2.0239862e+00   1.4485915e+00   1.5967753e+00   1.4976965e+00   1.3078052e+00   9.6573764e-01   1.1149826e+00   1.4437535e+00   8.4284561e-01   1.0462780e+00   4.9606043e-01   4.0749425e-01   2.0759930e-01
   4.1494423e+00   3.5884324e+00   2.4720722e+00   2.4241014e+00   2.0055125e+00   1.4234611e+00   1.1645061e+00   1.0923058e+00   1.0016352e+00   8.6803276e-01   6.7716948e-01   6.2498235e-01   9.0315200e-01   7.1925226e-01   4.1329193e-01   3.6400250e-01
   3.4812050e+00   3.4307456e+00   2.4110164e+00   2.0201384e+00   1.8944480e+00   1.4741251e+00   1.1727734e+00   1.2929673e+00   7.8025883e-01   8.0074277e-01   9.2480865e-01   8.2267128e-01   7.0212606e-01   5.5747569e-01   4.2174480e-01   5.8480304e-02
   2.6701239e+00   3.0001083e+00   2.3467312e+00   2.0924592e+00   2.0336810e+00   1.5411945e+00   9.9971645e-01   9.7878137e-01   6.5256382e-01   8.9376558e-01   6.3539318e-01   7.4075130e-01   4.7930956e-01   2.9844980e-01   3.3505056e-01   2.0183531e-01
   4.2205650e+00   4.1655502e+00   3.5877971e+00   3.0603778e+00   3.1711057e+00   2.5248338e+00   1.4424393e+00   1.2023036e+00   9.9479077e-01   1.5921387e+00   1.3479862e+00   9.9704882e-01   5.8595255e-01   3.1799894e-01   3.3230853e-01   1.5931119e-02
   3.6718870e+00   3.3637335e+00   3.0897830e+00   2.1253091e+00   1.8529746e+00   1.5462392e+00   1.1831996e+00   9.4295884e-01   9.1340950e-01   6.4559640e-01   6.7575945e-01   2.9513482e-01   1.4391128e-01   8.2784795e-02   2.3616446e-01   1.6886693e-01
   3.5486155e+00   2.9953640e+00   2.4400265e+00   1.8742913e+00   1.7123689e+00   1.1591765e+00   1.1842212e+00   9.6725853e-01   1.0858637e+00   1.0365938e+00   9.4907295e-01   5.6568295e-01   4.3869324e-01   2.0730827e-01   5.9592046e-02   9.6367998e-02
   3.6153570e+00   3.0076110e+00   2.0214201e+00   1.7701182e+00   1.7121593e+00   1.8520616e+00   1.3552240e+00   1.3491289e+00   1.1374852e+00   9.0226642e-01   8.1217532e-01   4.0458066e-01   1.7844515e-01   1.8512634e-01  -5.1008786e-02  -1.4367615e-01
   4.0329116e+00   2.8291997e+00   1.9249418e+00   1.1187214e+00   1.3180688e+00   1.9921402e+00   1.5113843e+00   6.7230591e-01   8.8614343e-01   8.6608421e-01   7.5539893e-01   1.5465536e-01   3.4209127e-01   9.2264475e-02   1.1012113e-01  -2.6870578e-02
   3.4720611e+00   2.7507929e+00   2.1652510e+00   1.5770714e+00   1.8607034e+00   1.9021784e+00   1.3544419e+00   9.3793230e-01   5.6366589e-01   6.6968589e-01   7.1465648e-01   4.5232433e-01  -2.3162873e-02   1.0416490e-01   2.7878830e-01   1.7654290e-01
   3.4026093e+00   3.5818658e+00   2.7078874e+00   2.2195059e+00   1.1843588e+00   1.9562729e+00   1.0470624e+00   6.9529980e-01   7.9229390e-01   7.6608121e-01   9.7138710e-01   3.6622648e-01   1.5017581e-01   1.1456966e-01   2.6031834e-01   3.1597602e-01
   4.1048308e+00   3.3116796e+00   2.2509872e+00   2.0178358e+00   1.5395983e+00   1.3515856e+00   8.2408892e-01   7.2291525e-01   8.0541341e-01   6.2158206e-01   6.8889522e-01   4.5777908e-01   1.2233193e-01   3.9371725e-02   3.5448857e-01  -3.4074460e-02
   3.1376869e+00   2.9040295e+00   2.2505337e+00   2.1196093e+00   1.6073297e+00   1.5484316e+00   1.0796891e+00   9.5675290e-01   9.0605757e-01   1.1218738e+00   8.1423771e-01   5.0988778e-01   1.7449626e-01  -1.7600632e-02   2.3763773e-01   4.5147174e-02
   3.0636038e+00   2.6748244e+00   2.4374117e+00   1.8745507e+00   1.3476236e+00   1.4588873e+00   1.4055487e+00   1.1235367e+00   8.8310087e-01   7.5915863e-01   3.3565299e-01   3.8545901e-01   2.9150387e-01   1.6045715e-02   3.1937446e-01   1.5993823e-01
   3.2147318e+00   3.4480638e+00   2.7038222e+00   2.4236909e+00   1.7933286e+00   1.3455289e+00   1.3705482e+00   5.5071692e-01   9.0583325e-01   9.9858344e-01   5.1564887e-01   4.0108009e-01   3.3539351e-01   1.6159542e-01   2.4324023e-01  -6.5658659e-02
   4.1766234e+00   2.7733353e+00   1.9410607e+00   1.5598720e+00   1.4319046e+00   1.9363562e+00   1.6768281e+00   8.9550943e-01   9.1741378e-01   8.7635044e-01   7.1457305e-01   6.9985487e-01   1.3578107e-01   1.4450338e-01   2.7850804e-01   1.3773503e-01
   3.9009951e+00   2.9813834e+00   2.0590320e+00   1.8027684e+00   1.3168302e+00   1.0820398e+00   1.3610998e+00   1.0015603e+00   9.4544688e-01   1.1806618e+00   1.1322465e+00   8.6820315e-01   4.7472089e-01   5.4226349e-01   6.4796626e-01   4.6255443e-01
   3.8819301e+00   3.1430130e+00   2.1279846e+00   1.7209136e+00   1.4580703e+00   1.2807013e+00   1.4697472e+00   8.0801447e-01   6.7989881e-01   8.9935259e-01   8.2289213e-01   2.3060570e-01   1.7206922e-01   1.4485908e-01   3.8765923e-01  -4.7614474e-02
   3.6343178e+00   2.7277487e+00   2.1098291e+00   1.8442798e+00   1.3633600e+00   1.4618441e+00   1.3556432e+00   8.3109363e-01   8.0046215e-01   9.4325132e-01   7.2528831e-01   3.4635935e-01   9.3281401e-02   2.0324820e-01   2.2540489e-01   9.6916001e-02
   3.5201410e+00   3.6663844e+00   2.4054439e+00   2.0779201e+00   1.2342828e+00   1.7695059e+00   1.4381272e+00   8.4355858e-01   9.7046229e-01   9.4012803e-01   9.1972999e-01   9.3674091e-01   4.0901221e-01   3.2300875e-01   4.0749017e-01   3.1887114e-01
   3.9437838e+00   3.3432033e+00   2.1746004e+00   1.5603237e+00   1.5475393e+00   1.1454822e+00   1.7586227e+00   9.3984133e-01   5.8719995e-01   4.6056381e-01   8.0655638e-01   6.7547435e-01   1.6895224e-01   3.7502420e-02   1.5192899e-01  -2.0976968e-01
   3.5137918e+00   3.0453723e+00   1.9692143e+00   1.7052478e+00   1.7330777e+00   1.1446397e+00   1.4456739e+00   1.1311265e+00   6.0421081e-01   7.4006051e-01   5.7780757e-01   6.3175425e-01   1.4072368e-01   3.4672711e-02   4.4019929e-01   2.1461955e-01
   3.0835981e+00   2.6399761e+00   1.8109684e+00   2.0990539e+00   1.2647750e+00   1.6994047e+00   1.2712170e+00   9.6750070e-01   7.3323458e-01   1.1958995e+00   1.1132670e+00   7.6335431e-01   4.7112803e-01   4.1895232e-01   6.0950128e-01   4.3914541e-01
   4.1827095e+00   2.5473831e+00   1.9703265e+00   2.0832728e+00   9.7402711e-01   1.8076961e+00   1.4215128e+00   9.1075430e-01   4.7957706e-01   9.4953087e-01   7.1929890e-01   3.3609414e-01  -4.0116294e-02  -1.8071342e-01   1.4299374e-02  -2.4419621e-01
   4.1234526e+00   2.7298863e+00   2.1132734e+00   1.4191867e+00   1.0650811e+00   1.7017322e+00   1.4245622e+00   1.1522681e+00   9.5563217e-01   9.1082399e-01   8.1176856e-01   4.8713163e-01   2.2715682e-01   2.1791982e-01   3.3125247e-01   1.4860508e-01
