   3.2431478e+00   2.6474106e+00   1.8183484e+00   1.3988922e+00   1.1641101e+00   1.3898465e+00   9.5329145e-01   3.8971625e-01   1.6295020e-01   3.2876959e-01   7.5374760e-02  -3.9942273e-01  -8.4332086e-01  -3.7685361e-01  -6.1527071e-01  -5.6511181e-01
   3.8732030e+00   2.7477893e+00   2.0380472e+00   1.7729440e+00   1.1737925e+00   6.9811837e-01   8.2010543e-01   3.3741274e-01   3.1810282e-01   8.1147286e-01   7.8844756e-02  -2.8429678e-01  -7.1661590e-01  -3.2158647e-01  -5.6812432e-01  -7.5524758e-01
   3.3635244e+00   2.7169532e+00   2.2151140e+00   1.3641470e+00   8.2347989e-01   8.8506641e-01   6.6933598e-01   7.1151151e-01   4.3484924e-01   6.8631371e-01   3.6162403e-02  -4.1020672e-01  -5.8977055e-01  -6.4047058e-01  -9.7959962e-01  -1.0031774e+00
   3.0099428e+00   2.0522294e+00   1.7819991e+00   1.3124258e+00   1.2157662e+00   1.6288184e+00   9.5530227e-01   7.2552420e-01   2.2299750e-01   3.1738785e-01   9.1986715e-02  -4.5591163e-01  -5.7465831e-01  -5.4890693e-01  -7.6798576e-01  -6.3043656e-01
   3.5992092e+00   2.2725117e+00   1.7885963e+00   1.9106079e+00   1.1749910e+00   1.5845674e+00   1.2204222e+00   4.7267664e-01   4.2378339e-01   3.4856909e-01  -2.9314475e-01  -4.9851755e-01  -8.4368661e-01  -7.5330075e-01  -8.4085421e-01  -7.8934228e-01
   3.3048792e+00   2.4687883e+00   2.1978564e+00   2.2718328e+00   1.0475473e+00   1.3069367e+00   1.3468471e+00   9.4960358e-01   7.8576443e-01   7.8851288e-01   8.3600683e-03  -7.6451790e-01  -8.9107811e-01  -1.1866221e+00  -1.0805298e+00  -1.2395669e+00
   2.8564524e+00   2.2192679e+00   2.1257149e+00   2.0111403e+00   8.9151003e-01   1.4504900e+00   1.2788763e+00   7.4381513e-01   3.0036901e-01   4.3373400e-01  -3.0833857e-01  -7.0453582e-01  -7.8826989e-01  -9.6952405e-01  -1.2474513e+00  -1.1221494e+00
   3.7371676e+00   2.3845097e+00   2.2265735e+00   2.1073424e+00   1.4983390e+00   1.6617435e+00   7.4172113e-01   4.9589424e-01   1.5143105e-01  -1.3901140e-01   1.3145167e-01  -6.1049540e-01  -9.2565857e-01  -9.0209748e-01  -1.3622508e+00  -1.0783637e+00
   2.9313772e+00   2.5881016e+00   1.6141081e+00   1.8538673e+00   1.2678687e+00   1.2171575e+00   1.1704807e+00   9.2102790e-01   6.3492182e-01   5.8070745e-01   3.0990532e-01  -7.0791579e-02  -1.2297084e-01  -2.2844001e-01  -3.5569404e-01  -2.6580066e-01
   3.4333791e+00   2.5406288e+00   1.9769062e+00   1.7829790e+00   1.3828881e+00   1.4731728e+00   9.1203239e-01   6.4342871e-01   3.3970818e-01   2.4397334e-01  -8.1413872e-02  -5.0029449e-01  -9.4964977e-01  -1.1067641e+00  -1.1151009e+00  -9.6416565e-01
   3.5879252e+00   2.5815423e+00   2.2134916e+00   2.3497007e+00   1.7152284e+00   1.5279056e+00   8.8906523e-01   8.2887225e-01   6.0405089e-01   2.9004043e-01  -3.3882344e-03  -3.9223343e-01  -7.5563151e-01  -8.1279040e-01  -9.0258913e-01  -1.0235605e+00
   3.8933913e+00   2.7214620e+00   1.9704158e+00   1.7339525e+00   1.4384691e+00   1.5493930e+00   1.0188919e+00   1.1338807e+00   2.9825245e-01   4.6993411e-01  -2.0886825e-01  -4.5764378e-01  -8.4503684e-01  -7.8871582e-01  -9.7114210e-01  -9.6409646e-01
   3.6755287e+00   3.2390540e+00   1.7670197e+00   1.9268514e+00   1.5221264e+00   1.3897053e+00   9.0901075e-01   9.7996862e-01   4.6546871e-01   7.3912697e-01   1.0329553e-01  -2.1343600e-01  -5.1908834e-01  -5.3693691e-01  -5.9331508e-01  -5.6479647e-01
   3.3318166e+00   2.7096238e+00   1.6757844e+00   2.1775720e+00   1.5566269e+00   1.1223269e+00   1.0357941e+00   7.3136549e-01   5.9482645e-01   3.8948899e-01   1.6332531e-01  -2.1252232e-01  -6.5697261e-01  -7.1495863e-01  -9.0767484e-01  -9.4915868e-01
   3.3252174e+00   2.3161968e+00   1.9020675e+00   1.7412724e+00   9.7589857e-01   5.4231391e-01   7.4214044e-01   3.8486116e-01   2.8698831e-01   3.7868837e-01   7.1345052e-02  -3.0981914e-01  -6.5789501e-01  -9.4887034e-01  -8.9443590e-01  -1.0025340e+00
   3.3390643e+00   2.5970881e+00   2.1117568e+00   1.0237650e+00   9.5207028e-01   1.2782389e+00   6.1559139e-01   1.2525290e-01   6.9276623e-01   5.4127811e-01   6.8688601e-03  -5.1205730e-01  -6.0792249e-01  -7.3675839e-01  -1.0385841e+00  -9.7165196e-01
   3.6955665e+00   2.6274860e+00   1.9556642e+00   1.7693060e+00   1.2322420e+00   1.6820691e+00   1.1091055e+00   9.0601134e-01   8.0895568e-01   6.9136875e-01   1.2259790e-01  -3.1765822e-01  -9.0586282e-01  -9.9984508e-01  -1.1781621e+00  -1.2184553e+00
   3.3774617e+00   2.6573184e+00   2.1759900e+00   1.5775888e+00   1.1705307e+00   1.1243301e+00   9.3118992e-01   1.1295067e+00   3.1908700e-01   4.8163493e-01  -1.1102076e-01  -4.9700381e-01  -6.4021806e-01  -6.9202567e-01  -8.6599987e-01  -7.8089014e-01
   3.8972149e+00   2.7979382e+00   1.7024747e+00   1.3176267e+00   7.8511363e-01   1.3830609e+00   9.5238046e-01   7.0131132e-01   1.0681279e-01   2.9350894e-01   1.9277693e-01  -4.0681129e-01  -7.5421428e-01  -7.7044959e-01  -8.6851586e-01  -8.2995646e-01
   3.2933225e+00   2.3433275e+00   1.9025978e+00   1.7767663e+00   1.2014325e+00   1.6969109e+00   1.1079269e+00   9.3619244e-01   8.2951243e-01   7.4316288e-01   3.0699462e-01  -5.7549379e-01  -9.3386935e-01  -1.0120924e+00  -1.1074338e+00  -1.1057395e+00
   2.9369753e+00   2.4896442e+00   1.9134487e+00   1.3353994e+00   1.7707560e+00   1.3276813e+00   1.0634306e+00   9.8016797e-01   3.3300998e-01   5.3119971e-01   1.3570617e-01  -4.9542892e-01  -7.6843197e-01  -1.0764119e+00  -1.0815288e+00  -1.0602879e+00
   3.4241029e+00   3.2254646e+00   2.1377694e+00   1.7890874e+00   1.7632382e+00   1.3455279e+00   8.5534942e-01   1.0876644e+00   6.4858525e-01   5.3530699e-01   8.0497956e-02  -1.5777782e-01  -2.3297992e-01  -2.6998100e-01  -2.8670895e-01  -2.7744778e-01
   3.8219183e+00   2.8133658e+00   2.2892147e+00   1.3977098e+00   1.0782096e+00   1.3255270e+00   1.1755621e+00   8.5580953e-01  -3.1247238e-03   2.6291724e-01  -1.8988240e-01  -4.8117458e-01  -7.6417396e-01  -1.0252513e+00  -1.0930243e+00  -1.1405443e+00
   3.0624752e+00   2.5712396e+00   2.5426853e+00   1.2519443e+00   1.0498333e+00   1.2594092e+00   6.0657524e-01   7.5780831e-01   3.3037169e-01   3.7825429e-01  -1.1117996e-01  -6.9341981e-01  -8.2102908e-01  -9.8099958e-01  -9.4958815e-01  -9.8154230e-01
   3.7318818e+00   2.3528958e+00   1.7335252e+00   1.5473503e+00   1.4113481e+00   1.5692233e+00   7.1699281e-01   5.7987582e-01   7.7483577e-01   3.9552232e-01  -2.5301318e-01  -4.2947775e-01  -6.1498318e-01  -6.7684294e-01  -8.2917421e-01  -8.5543058e-01
   3.5915928e+00   2.8086086e+00   2.6091754e+00   1.8946917e+00   1.5595001e+00   1.3348140e+00   5.3432137e-01   5.1776710e-01   1.4741980e-01   5.4262129e-01   5.3639611e-02  -4.6026073e-01  -4.9165755e-01  -7.6761707e-01  -7.3951805e-01  -8.4334493e-01
   3.1199664e+00   2.4909535e+00   2.3058298e+00   1.7361471e+00   1.2373537e+00   1.0861314e+00   9.6470087e-01   5.9231048e-01   1.0710760e-01   3.6649152e-01   1.5313593e-01  -3.8890034e-01  -5.6037440e-01  -7.1763163e-01  -9.8739193e-01  -9.0238908e-01
   3.6807705e+00   2.4746476e+00   2.4642347e+00   1.8666339e+00   1.1198441e+00   1.0064194e+00   1.0433549e+00   1.0369674e+00   5.3268717e-01   3.6276916e-01   1.8052420e-01  -4.3490834e-01  -6.6232536e-01  -1.0229315e+00  -1.0966642e+00  -9.8679880e-01
   3.7460398e+00   2.4747491e+00   2.5953975e+00   1.5957270e+00   1.3499375e+00   1.1204870e+00   8.4513801e-01   5.7746767e-01   7.7859775e-01   6.6020869e-01   2.6840929e-02  -2.4482672e-01  -2.9448912e-01  -6.9832620e-01  -6.2825974e-01  -5.9376084e-01
   3.8951615e+00   2.2842804e+00   2.0659551e+00   1.1048729e+00   9.8308067e-01   1.4713704e+00   1.1034795e+00   8.7663056e-01   8.6392760e-01   9.7217349e-01   3.3457001e-01   7.8450571e-02   1.7876663e-01  -4.5441845e-02  -1.6175023e-01  -2.2882136e-01
   3.9087801e+00   2.8008058e+00   1.6191212e+00   1.1820398e+00   1.5797729e+00   1.8475238e+00   2.0454970e+00   1.4634621e+00   1.6697933e+00   1.5804683e+00   5.7336926e-01   5.9055077e-01   9.0601904e-01   6.1215923e-01   1.7717468e-01  -2.8462358e-01
   3.6384879e+00   3.2122271e+00   1.7249709e+00   1.7307673e+00   1.7294889e+00   2.6969304e+00   2.6781236e+00   1.9236315e+00   2.0366799e+00   1.9781056e+00   1.0026298e+00   1.0375237e+00   1.3279336e+00   7.8504904e-01   2.0953655e-02  -1.9122431e-01
   3.9892775e+00   2.9944626e+00   2.4007027e+00   2.2687708e+00   2.3505735e+00   2.6676964e+00   2.2800432e+00   2.0132424e+00   2.1099246e+00   1.5360926e+00   9.4811809e-01   5.3211868e-01   9.4885387e-01   7.0960238e-01   1.6510325e-01  -7.6334461e-02
   3.7650820e+00   2.7298426e+00   2.2081154e+00   2.2075712e+00   2.1911281e+00   2.8276707e+00   2.6301077e+00   1.6042639e+00   2.0125261e+00   1.8179729e+00   7.7849407e-01   7.2631049e-01   1.4179798e+00   8.9061259e-01   2.3242006e-01  -9.7310085e-03
   4.3625827e+00   3.1484241e+00   2.0505968e+00   2.0612994e+00   2.1726279e+00   2.6017274e+00   2.4167834e+00   1.7415396e+00   1.8152892e+00   2.0264460e+00   9.3112805e-01   1.0221697e+00   1.2564094e+00   3.4392114e-01  -7.3990669e-03   6.4903651e-02
   4.1069042e+00   2.9567055e+00   1.9996722e+00   2.3907500e+00   2.5227273e+00   2.8325028e+00   2.6146806e+00   1.7125015e+00   1.5794816e+00   1.8659917e+00   1.3120483e+00   1.1885879e+00   1.0727191e+00   4.5951896e-01  -3.9550782e-02  -2.2130081e-01
   3.3097801e+00   2.9523815e+00   2.6075431e+00   2.5165892e+00   2.4756018e+00   2.6086843e+00   2.4538354e+00   1.7712946e+00   1.8594387e+00   1.8224748e+00   1.0433791e+00   1.4749930e+00   1.5863967e+00   6.0043061e-01   1.8350284e-01   2.8298163e-01
   3.9087020e+00   3.1129951e+00   2.5632744e+00   1.8979425e+00   2.5009116e+00   2.6281400e+00   2.6629850e+00   1.6659324e+00   1.6075152e+00   1.2095022e+00   1.0529082e+00   1.5953232e+00   1.7738202e+00   7.4147851e-01   6.0076687e-03   6.4931140e-02
   3.7816627e+00   3.3417237e+00   2.5403753e+00   2.1449440e+00   2.5907238e+00   2.7603940e+00   2.8184927e+00   1.6310372e+00   1.9413542e+00   1.3295909e+00   1.1962434e+00   1.6774460e+00   1.8382932e+00   7.0717265e-01  -1.0261501e-01   6.2768024e-02
   3.1286896e+00   3.1720709e+00   2.2296997e+00   1.8713858e+00   2.7152983e+00   2.8142302e+00   2.9675754e+00   1.9134735e+00   2.1476885e+00   1.7275983e+00   7.9029267e-01   1.5989924e+00   1.8313814e+00   5.8216596e-01  -1.3305232e-01   3.2938735e-01
   3.2482190e+00   3.0792488e+00   1.9482125e+00   2.0860194e+00   2.7321973e+00   2.8030814e+00   2.9919447e+00   1.9444748e+00   2.1260558e+00   1.6407189e+00   1.0060037e+00   1.6961488e+00   1.8161725e+00   4.1670548e-01  -5.8066421e-02   1.9876966e-01
   3.0365696e+00   3.0864900e+00   2.1084023e+00   2.1478634e+00   2.5273617e+00   2.7401805e+00   2.9502357e+00   2.1550752e+00   2.2157718e+00   1.8652092e+00   1.2067399e+00   1.6811254e+00   1.6871277e+00   5.9315819e-01   1.3328956e-01   3.7048715e-01
   3.4132533e+00   2.6902829e+00   2.3293382e+00   2.2451884e+00   2.5232052e+00   2.9436882e+00   3.0653092e+00   2.2622935e+00   2.4616914e+00   2.2416311e+00   1.2016867e+00   1.6626186e+00   1.4340179e+00   7.1052012e-01   2.3960189e-01   3.3083011e-01
   3.7151081e+00   2.6841407e+00   2.1864511e+00   2.2238592e+00   2.2489506e+00   2.6993906e+00   3.0005494e+00   2.2985281e+00   2.6076340e+00   2.4972524e+00   1.1833081e+00   1.7398763e+00   1.6102304e+00   7.6629116e-01   5.8165459e-01   7.0837511e-01
   3.2729574e+00   2.7000736e+00   2.4163833e+00   2.1656669e+00   2.2784557e+00   2.8524789e+00   2.7960777e+00   2.1756600e+00   2.6487759e+00   2.5527588e+00   1.1974893e+00   1.9880496e+00   1.5913601e+00   5.7246842e-01   5.0426122e-01   4.2866577e-01
   3.9274469e+00   3.1712534e+00   2.4648392e+00   2.1549397e+00   2.4963520e+00   2.9801093e+00   3.0674347e+00   2.1069682e+00   2.5767439e+00   2.4692709e+00   1.0803967e+00   1.8706110e+00   1.6345242e+00   7.6588449e-01   7.5211035e-01   7.0648043e-01
   4.0101233e+00   3.4047099e+00   2.5477555e+00   2.2097921e+00   2.6574368e+00   2.8986563e+00   3.1213299e+00   2.4833797e+00   2.6006333e+00   2.2453562e+00   1.1723746e+00   1.9387682e+00   1.5432433e+00   6.6439947e-01   6.1852697e-01   6.2005158e-01
   3.7649488e+00   3.0113118e+00   2.0603748e+00   2.3956762e+00   2.4905668e+00   2.8061370e+00   2.8825911e+00   2.4012294e+00   2.6224579e+00   2.1732092e+00   1.1418780e+00   1.8956224e+00   1.4223047e+00   4.7733010e-01   5.7447077e-01   5.4686986e-01
   3.8681572e+00   3.2841588e+00   2.5831671e+00   2.3423556e+00   2.6437311e+00   2.9029081e+00   2.8993739e+00   2.3273164e+00   2.7506377e+00   2.1686399e+00   1.0091443e+00   1.7928880e+00   1.4343954e+00   5.4372540e-01   6.2452770e-01   7.4377250e-01
   4.0408623e+00   3.6456067e+00   2.0720193e+00   2.2224857e+00   2.4852884e+00   2.9114219e+00   2.9860221e+00   2.4770028e+00   2.8284228e+00   2.0603991e+00   1.0666760e+00   1.8039371e+00   1.4456996e+00   6.3993326e-01   6.3654095e-01   6.0602926e-01
   3.4931759e+00   3.1444232e+00   2.3961434e+00   2.0805446e+00   2.3732069e+00   2.7113225e+00   2.6260974e+00   2.4184078e+00   2.7732082e+00   2.1759718e+00   7.8065232e-01   1.9759289e+00   1.5279305e+00   5.8961895e-01   4.0394788e-01   4.1427060e-01
   3.8110207e+00   2.7253800e+00   2.2665692e+00   1.9964098e+00   2.5889288e+00   3.1141637e+00   2.4994336e+00   2.3335105e+00   2.8406188e+00   2.1816079e+00   7.8053029e-01   1.9038046e+00   1.4557793e+00   4.3167761e-01  -1.7819047e-02   2.2199940e-02
   3.1611802e+00   3.0186455e+00   2.1892396e+00   2.3087023e+00   2.4677017e+00   3.3208632e+00   3.0678070e+00   1.9950815e+00   2.5388636e+00   1.8284495e+00   6.0195962e-01   1.4956489e+00   1.0949663e+00   3.2144589e-02  -3.7341578e-01  -2.8619404e-01
   3.7579365e+00   3.0379027e+00   2.4844562e+00   1.8748235e+00   2.3156985e+00   3.1391335e+00   2.6998122e+00   1.7841705e+00   2.2911318e+00   1.3698296e+00   3.4193582e-01   1.2635543e+00   1.1347252e+00   2.2704621e-01  -1.2675287e-01  -2.1059462e-01
   3.6867045e+00   3.0182223e+00   2.3411188e+00   1.9406951e+00   2.5142622e+00   3.0269795e+00   2.3959822e+00   1.6880580e+00   2.1121272e+00   1.6217256e+00   1.1689671e-01   8.8957685e-01   8.5857406e-01   1.7396752e-01   1.3970314e-02  -2.1566073e-01
   3.6351936e+00   2.7964017e+00   1.8883607e+00   1.9424006e+00   2.4824011e+00   2.8415622e+00   1.9690720e+00   1.7693321e+00   2.1114535e+00   1.3248151e+00   1.5827267e-01   2.9820083e-01   5.1743837e-01   1.5875345e-01  -7.7793108e-02  -4.3856707e-01
   4.1374087e+00   3.3804929e+00   2.1687956e+00   1.8718782e+00   2.7942395e+00   2.6550017e+00   2.1537840e+00   1.9114387e+00   2.1317454e+00   1.4238573e+00   1.4890422e-01   6.5012262e-02  -1.9893460e-01  -2.6022232e-01  -2.2067541e-01  -3.9671116e-01
   3.4605597e+00   3.2848223e+00   2.3651989e+00   2.0642707e+00   2.2782403e+00   2.1947317e+00   1.6360893e+00   1.2485314e+00   1.7184851e+00   9.4754131e-01   2.5494118e-01   1.0655772e-01   3.3814068e-01  -5.2902832e-01  -4.1563129e-01  -4.9987044e-01
   3.4087686e+00   3.1833802e+00   1.8834495e+00   1.3375740e+00   1.5231094e+00   1.9015208e+00   1.5437780e+00   1.0316666e+00   1.1335172e+00   7.3100913e-01  -1.3422695e-02   5.9833557e-02   1.7901002e-01  -3.2499139e-01  -2.2404535e-01  -4.2532189e-01
   3.6591494e+00   2.8733941e+00   2.5579884e+00   2.0989298e+00   1.5882808e+00   2.0129175e+00   1.4299584e+00   9.9302505e-01   1.0833521e+00   9.0713886e-01   4.1246697e-01  -2.7012126e-01   2.6072186e-01  -2.3753827e-01  -5.2636100e-01  -3.1092574e-01
   3.5683069e+00   2.9496628e+00   2.2369575e+00   1.6563692e+00   1.3072595e+00   1.4204037e+00   1.3814906e+00   9.9210494e-01   6.5585156e-01   6.0433673e-01   2.1347062e-01  -3.8123831e-01  -3.6980601e-01  -4.3801215e-01  -2.1557695e-01   1.1813287e-01
   3.9382105e+00   2.9265880e+00   2.3174658e+00   2.0161368e+00   1.3230481e+00   1.2682773e+00   1.0810018e+00   1.1454328e+00   3.7046515e-01   2.1630001e-01   9.3618131e-02  -1.8196872e-03   6.1025544e-03  -2.1325261e-01  -2.9048198e-01   1.9283643e-01
   3.8755702e+00   2.4848914e+00   1.8156194e+00   1.3249687e+00   1.3556084e+00   1.4281839e+00   1.3160089e+00   7.7023072e-01   2.8141061e-01   5.7531840e-01   1.3005984e-01  -1.5427282e-01   1.8192209e-01   3.5592302e-01   1.7518707e-01   7.2947966e-01
   3.3225923e+00   2.8992904e+00   2.2520431e+00   1.5566023e+00   1.4517293e+00   1.1500403e+00   7.2860220e-01   8.0858150e-01   5.0599274e-01   2.7656577e-01  -7.9106607e-02   1.6659341e-02   8.8332122e-03   5.6206261e-01   3.0406051e-01   6.1665982e-01
   3.0933674e+00   2.8708362e+00   2.2970472e+00   1.8496342e+00   1.5859186e+00   1.1555101e+00   4.5565017e-01   7.5217080e-01   9.0293920e-01   5.1151042e-01   1.4375902e-01  -3.8331068e-01   2.2312456e-02   4.0271806e-01  -1.4988307e-02   2.2134387e-01
   3.5215616e+00   2.6789288e+00   2.2783127e+00   2.1624719e+00   1.7344137e+00   1.6106402e+00   7.7878435e-01   7.8962487e-01   8.3177405e-01   6.0529552e-01   2.3204934e-01  -4.2594767e-01   1.8763898e-01   2.8651544e-01  -2.9486468e-01   2.6372651e-01
   3.6815248e+00   2.7261121e+00   1.5568918e+00   2.2087589e+00   1.6954594e+00   1.4842722e+00   1.0311208e+00   8.0163307e-01   5.6608586e-01   8.7603962e-01   4.6870338e-01   9.1182968e-02  -3.3323165e-02   1.3544471e-01  -7.2786966e-02   2.7087917e-01
   3.2061526e+00   2.5570741e+00   1.7693316e+00   1.8658700e+00   1.6969980e+00   1.1865689e+00   1.0147119e+00   6.7738553e-01   4.2140111e-01   5.0549442e-01   4.2476995e-01   1.9042142e-01   1.3612697e-01   2.9240633e-01   2.2490176e-01   3.8412441e-01
   4.3067109e+00   3.0721960e+00   1.8221267e+00   1.3039025e+00   1.3743630e+00   1.2476605e+00   9.6931906e-01   6.0265549e-01   5.2515177e-01   8.6227497e-01   4.1760537e-01   1.3977557e-01   3.0570884e-02   1.7845669e-01   1.0951980e-01   3.3403500e-01
   3.8397853e+00   2.2064465e+00   1.8886802e+00   1.5279309e+00   1.4584492e+00   1.7829577e+00   1.1991413e+00   1.1084626e+00   2.3689037e-01   1.0921154e+00   5.1416044e-01   2.9102018e-03  -3.2307172e-02  -3.8449638e-01  -2.2106567e-02   1.6690553e-01
   3.7395157e+00   2.9120048e+00   2.1944665e+00   1.6934630e+00   1.4846922e+00   1.7438896e+00   1.2737077e+00   1.0143648e+00   2.1316827e-01   4.0745901e-01   3.2539926e-01  -1.1797070e-01  -4.2900778e-01  -2.3629316e-01  -5.1193388e-01   9.5904264e-02
   3.9421632e+00   2.4152517e+00   1.9713917e+00   1.9131869e+00   1.4589707e+00   1.2353514e+00   1.2991627e+00   7.1189462e-01   4.3202179e-01   3.3767347e-01   8.2553526e-02  -7.5232955e-02  -2.4699080e-01  -2.3538162e-01  -1.6785628e-01   1.0567347e-01
   3.8138627e+00   2.5914587e+00   2.0250964e+00   2.0706466e+00   1.2415348e+00   1.5984462e+00   1.4249537e+00   9.5894863e-01   6.0467171e-01   5.8688068e-01  -1.6028558e-02  -1.0403025e-01  -2.7098473e-01  -5.3223896e-01  -3.5859093e-01  -1.4746343e-01
   3.3732546e+00   2.4347805e+00   2.0015345e+00   1.8860710e+00   1.2426282e+00   9.5705633e-01   1.3296322e+00   8.7893225e-01   5.1910662e-01   8.2999136e-01   1.6345750e-01  -2.4954088e-01  -2.8043514e-01  -3.7655528e-01  -4.5427173e-01  -5.3508639e-02
   3.6733664e+00   2.6531771e+00   1.4460296e+00   1.6212208e+00   1.7842487e+00   1.6696639e+00   1.4232130e+00   8.1685141e-01   3.1721608e-01   5.8187543e-01  -3.9709124e-02  -4.1305160e-01  -4.1851137e-01  -3.7646136e-01  -4.8848705e-01  -2.4276886e-01
   3.6864100e+00   2.9235112e+00   1.2455390e+00   1.5384367e+00   1.5469790e+00   1.6390026e+00   1.1767266e+00   7.3772361e-01   3.1416138e-01   4.6893737e-01   1.1914745e-01  -2.7424782e-01  -2.8333908e-01  -1.5910753e-01  -4.2614414e-01  -2.6041061e-01
   3.9917541e+00   2.9657137e+00   2.6885788e+00   2.1697123e+00   1.5555055e+00   1.4347059e+00   9.8210977e-01   7.8265581e-01   4.5032659e-01   2.5467714e-01  -1.3211804e-01  -3.4372707e-01  -5.0187530e-01  -3.4014684e-01  -3.8367791e-01  -1.6217538e-01
   3.6425208e+00   2.8079577e+00   2.8064011e+00   1.6940489e+00   1.8123112e+00   1.5486713e+00   1.1311579e+00   9.2408212e-01   5.8135540e-01   4.1345531e-01  -1.8320965e-01  -4.5163963e-01  -3.8929459e-01  -1.6268328e-01  -6.1474117e-01  -1.8281819e-01
   3.4092640e+00   2.8682052e+00   2.8632820e+00   2.6077545e+00   1.6591039e+00   1.4375581e+00   9.4328405e-01   6.6098179e-01   5.6633995e-01   2.7634016e-01   1.6207028e-01  -2.8811979e-01  -3.6568605e-01  -4.5860842e-01  -6.3384941e-01  -3.5606918e-01
   2.9541751e+00   2.9014159e+00   2.7749366e+00   2.3689526e+00   1.6991166e+00   9.8869777e-01   8.5926468e-01   7.5925376e-01   5.5058496e-01   2.5670531e-01   1.1307758e-01  -3.7201669e-01  -5.8543320e-01  -6.7937741e-01  -5.1728546e-01  -5.4676972e-01
   3.0059797e+00   2.6095300e+00   2.1993149e+00   1.7675223e+00   1.4030568e+00   1.0790666e+00   8.7764221e-01   4.4412288e-01   5.9668995e-01   3.5431157e-01  -2.3121050e-01  -5.5041377e-01  -7.3707579e-01  -5.8982125e-01  -7.0077552e-01  -7.1177532e-01
   3.2722879e+00   2.7057359e+00   1.7310064e+00   1.3267706e+00   1.1031077e+00   1.0522255e+00   7.9932571e-01   6.4700282e-01   6.2277338e-01   4.8584873e-01   7.2130528e-02  -6.3560813e-01  -6.0231977e-01  -7.1636631e-01  -9.8503078e-01  -9.6723802e-01
   3.1692552e+00   2.7179687e+00   1.3346931e+00   1.4706962e+00   1.2857200e+00   1.0707955e+00   1.1634548e+00   8.0640919e-01   3.8931687e-01   4.1791007e-01   1.1246979e-01  -1.4616143e-01  -5.5392347e-01  -9.7309612e-01  -9.8669526e-01  -7.2776752e-01
   3.1516761e+00   2.5552110e+00   1.3534137e+00   1.5939147e+00   1.2229190e+00   9.9815474e-01   1.0086964e+00   7.6411246e-01   5.2356046e-01   5.7656618e-01  -2.1459981e-01  -3.4153651e-01  -8.0536457e-01  -1.3326707e+00  -1.0557544e+00  -1.0186869e+00
   3.1617237e+00   2.8955925e+00   1.9931098e+00   1.8786987e+00   1.5445927e+00   1.1012166e+00   8.9519207e-01   7.6486708e-01   6.0818426e-01   7.3311535e-01  -4.6061206e-02  -3.7306775e-01  -3.9124457e-01  -9.4560196e-01  -1.0129228e+00  -1.1606167e+00
   3.8034920e+00   2.4702865e+00   1.3196190e+00   9.4588319e-01   1.2821532e+00   1.4258343e+00   1.4178123e+00   7.4942035e-01   2.7329613e-01   7.5311768e-01  -3.3317354e-02  -2.6524929e-01  -3.8035296e-01  -6.7025767e-01  -8.6655990e-01  -8.5469003e-01
   3.9097881e+00   2.7666533e+00   1.8876439e+00   1.7658222e+00   1.3642389e+00   1.5106392e+00   9.9998355e-01   1.0609669e+00   5.6124372e-01   3.3313794e-01   1.1057745e-01  -1.9336648e-01  -5.7183180e-01  -6.3484867e-01  -7.7559465e-01  -6.9616655e-01
   3.7886687e+00   2.1608174e+00   1.6722483e+00   1.6558162e+00   1.2663155e+00   1.4213187e+00   8.3302748e-01   4.4164673e-01   5.0801162e-01   4.6506601e-01  -5.0572451e-02  -5.9004918e-01  -6.2776478e-01  -7.1440361e-01  -7.3503963e-01  -6.9069100e-01
