   3.2653350e+00   2.6534820e+00   1.7593213e+00   1.1370216e+00   1.3139541e+00   9.3248860e-01   8.0087462e-01   2.6698342e-01  -1.9280294e-01  -2.2245041e-01  -5.1414464e-01  -6.0669387e-01  -6.8845949e-01  -6.6812472e-01  -6.9597481e-01  -6.1067928e-01
   4.0208704e+00   2.6988075e+00   2.1539174e+00   1.6212349e+00   1.2986709e+00   2.2882833e-01   2.3784780e-01   1.6940485e-01  -3.7260896e-01  -6.5347103e-01  -9.0099338e-01  -9.8612221e-01  -1.1058770e+00  -8.9892997e-01  -9.0944425e-01  -8.7486458e-01
   3.5022556e+00   1.8890408e+00   2.1015672e+00   2.0737768e+00   1.1286049e+00   8.4358565e-01   4.4909337e-01  -3.6906915e-02  -6.7382789e-01  -9.2885019e-01  -8.5562835e-01  -1.2494074e+00  -1.2598336e+00  -9.1669908e-01  -1.0270099e+00  -1.2550889e+00
   3.1669411e+00   2.4292939e+00   1.8990970e+00   1.3778469e+00   6.1052891e-01   5.2368327e-01  -2.1239012e-01  -2.0310358e-01  -3.9240592e-01  -4.7231549e-01  -5.2206223e-01  -7.2876223e-01  -6.4003074e-01  -5.7437832e-01  -5.5861195e-01  -6.3848328e-01
   2.9461801e+00   2.1205285e+00   1.8441046e+00   1.5663467e+00   1.1255176e+00   8.7193292e-01   2.5849985e-01  -5.3554178e-03  -2.9053375e-01  -3.0751316e-01  -4.8523660e-01  -4.5038802e-01  -4.4787464e-01  -5.7189731e-01  -5.5616770e-01  -5.6849397e-01
   3.3921656e+00   3.2752023e+00   2.0681814e+00   1.5422553e+00   1.1428600e+00   9.3448364e-01   6.1304074e-01  -1.1884272e-01  -5.3771083e-01  -7.0216358e-01  -7.3861669e-01  -8.4556943e-01  -7.7021892e-01  -1.0952853e+00  -1.0744122e+00  -9.8902199e-01
   3.6059563e+00   3.3294695e+00   2.5634783e+00   1.0047798e+00   1.0476928e+00   9.3655489e-01   5.2990318e-01   1.7145375e-01  -4.6752099e-02  -7.1899208e-01  -9.7655594e-01  -1.2023137e+00  -8.7703246e-01  -9.3057099e-01  -1.0577289e+00  -1.1237430e+00
   2.8106854e+00   2.4822494e+00   1.9272313e+00   1.2544367e+00   1.5172700e+00   1.1975313e+00   7.5875335e-01   2.0002174e-01  -3.0470690e-01  -6.3668874e-01  -1.2176680e+00  -8.5655122e-01  -9.4621846e-01  -9.1043166e-01  -1.2244538e+00  -1.1135609e+00
   3.0374163e+00   2.8792721e+00   2.0094943e+00   1.3288986e+00   6.6468645e-01   6.9482617e-01   3.9982553e-01  -2.6118807e-02  -4.5898625e-01  -6.2070841e-01  -9.1300477e-01  -1.2035085e+00  -1.0515319e+00  -1.1245520e+00  -1.0341700e+00  -9.5754664e-01
   3.3949128e+00   3.1602416e+00   1.9255429e+00   1.7578710e+00   1.1152857e+00   1.1019039e+00   8.6261199e-01   4.2009116e-02  -7.4105683e-01  -6.8353254e-01  -9.9543127e-01  -5.7685725e-01  -7.5785680e-01  -8.4948989e-01  -7.8775702e-01  -9.5704506e-01
   3.5174042e+00   3.0852994e+00   2.2399760e+00   2.0182154e+00   1.5765721e+00   9.9784790e-01   4.6911627e-01  -2.7645512e-01  -5.5273272e-01  -7.7319488e-01  -6.6803274e-01  -7.9973110e-01  -7.8008885e-01  -9.1676511e-01  -9.8784337e-01  -7.1348644e-01
   3.7894242e+00   2.5926890e+00   2.0660397e+00   1.6497659e+00   1.2247522e+00   1.0369203e+00   7.5548441e-01   3.6167055e-01  -3.4898387e-01  -6.6386959e-01  -6.4797755e-01  -6.7241147e-01  -4.9216964e-01  -6.2411410e-01  -8.6224441e-01  -9.2878561e-01
   3.1212451e+00   2.4381142e+00   2.3036801e+00   1.8328914e+00   1.1089332e+00   5.8345195e-01   6.8410572e-01   2.0701966e-01   7.6585796e-02  -8.2793444e-02  -3.2258029e-01  -3.2634101e-01  -1.6315422e-01  -1.3746384e-01  -2.8742600e-02   7.7293215e-02
   3.3408176e+00   2.8100265e+00   1.8276954e+00   1.6605213e+00   1.2805276e+00   7.7128314e-01   7.1751376e-01  -1.6351109e-01  -4.0061375e-01  -8.7645757e-01  -8.2767190e-01  -8.5819752e-01  -4.4012044e-01  -3.2935079e-01  -1.5823579e-01   1.4522783e-01
   3.1392291e+00   2.1265568e+00   1.5170880e+00   1.0244213e+00   9.3976522e-01   8.7840230e-01   7.9735275e-01   1.8294540e-01   1.6242075e-01  -3.7003137e-01  -5.0862056e-01  -5.6174901e-01  -5.2101257e-01  -3.4887036e-01   1.4290767e-01   4.6261325e-01
   3.2362806e+00   2.5192908e+00   1.8367356e+00   1.0816805e+00   1.2752172e+00   8.0246067e-01   6.6555861e-01   2.5689761e-01   6.1105815e-02  -4.1194408e-01  -3.7688472e-01  -4.0393406e-01  -9.7175615e-01  -7.5315344e-01  -8.2009601e-02   6.6762931e-01
   2.8331128e+00   2.0989431e+00   1.6996695e+00   1.3547811e+00   9.7061902e-01   6.6273772e-01   4.2163402e-01  -2.2406500e-01  -2.4198316e-01  -5.8874290e-01  -5.4480803e-01  -4.5413554e-01  -5.2743391e-01  -3.8689108e-01  -1.7133712e-01   6.4424180e-01
   3.2388097e+00   2.4128016e+00   1.5281966e+00   6.3918040e-01   1.0227852e+00   9.0546982e-01   3.5751157e-01   1.0336438e-01  -1.1945275e-01  -4.6542007e-01  -4.2859623e-01  -4.3221615e-01  -4.0493312e-01  -3.0146167e-01   2.8359688e-02   6.6591089e-01
   3.5140562e+00   2.7952776e+00   1.9721473e+00   1.9148629e+00   1.1258644e+00   1.0972567e+00   6.6335858e-01   1.6548395e-01   8.6760474e-02  -3.3311863e-01  -9.6781041e-02   3.0790652e-02  -1.3581659e-01  -2.5616460e-01  -2.2927290e-01   3.9020341e-01
   3.8411495e+00   2.8651993e+00   2.1177979e+00   1.7470637e+00   1.3112731e+00   6.2643016e-01   6.7104265e-01   2.0707244e-01   3.3731631e-02  -6.9064731e-01  -7.7692434e-01  -5.3479533e-01  -6.6083536e-01  -5.7060173e-01  -4.1041441e-01   1.0384269e-01
   4.3148604e+00   2.6332733e+00   1.9359780e+00   1.6812131e+00   1.5600857e+00   9.5330894e-01   7.3055686e-01   3.6538849e-01   9.9626078e-02  -1.6770753e-01  -3.5958535e-01  -1.9267746e-01  -3.7487469e-01  -3.1566829e-01  -1.6218102e-01   1.4964783e-01
   3.4824762e+00   2.3862004e+00   2.2026327e+00   1.6572058e+00   1.0865945e+00   8.4642063e-01   5.0622590e-01   2.5113511e-01   5.4210394e-02  -1.6645084e-01  -3.9103510e-01  -1.6542760e-01  -4.0070983e-01  -2.8628003e-01  -8.4252900e-02   3.9787886e-02
   2.8689176e+00   2.5834238e+00   2.2837732e+00   1.4573047e+00   5.8537957e-01   8.3318772e-01   4.4240344e-01   2.3346239e-01  -1.2001039e-01  -3.7539423e-01  -5.3938822e-01  -4.2206266e-01  -5.2725357e-01  -3.9731089e-01  -2.3949720e-01  -4.8603130e-02
   2.8175389e+00   2.8228268e+00   2.3907683e+00   1.2727405e+00   5.0064782e-01   7.8729207e-01   4.0764620e-01   2.7847269e-04  -1.6504787e-01  -4.9028216e-01  -5.2332286e-01  -5.2023432e-01  -7.6427727e-01  -5.5804508e-01  -3.0971360e-01  -3.9686712e-01
   3.8752268e+00   3.2297176e+00   2.1263103e+00   1.5886991e+00   7.1780356e-01   8.7079078e-01   7.2801946e-01   1.0164202e-01  -2.2285053e-02  -3.8816843e-01  -5.1378155e-01  -4.3605922e-01  -5.1994439e-01  -5.1815847e-01  -2.4811260e-01  -4.3345488e-02
   3.3924103e+00   2.9832744e+00   1.7634762e+00   1.3413849e+00   1.3099472e+00   1.1535440e+00   9.7676554e-01  -3.7670992e-02   3.2707497e-01  -3.5690770e-01  -5.0402798e-01  -5.2836301e-01  -6.8227291e-01  -4.7115903e-01  -3.3963414e-01  -1.8005419e-01
   3.7453145e+00   2.9969933e+00   1.8378374e+00   1.0380135e+00   1.2215553e+00   9.6549409e-01   8.0239272e-01   1.0216890e-01   7.8932421e-02  -1.7191696e-01  -2.3062147e-01  -1.7838432e-01  -2.9192536e-01  -2.4123449e-01  -1.1123753e-01   1.2864302e-01
   3.8100819e+00   3.2176470e+00   2.4198219e+00   1.4385905e+00   9.8857535e-01   8.8272999e-01   4.1198349e-01   3.0140592e-01   2.1254907e-02  -6.5565602e-01  -8.4558406e-01  -5.8044575e-01  -5.1661096e-01  -3.9179587e-01  -3.7084170e-01  -1.6547767e-02
   4.0665160e+00   2.3028027e+00   1.3567495e+00   1.1861848e+00   6.1950205e-01   8.4297348e-01   2.1975239e-01  -1.0624189e-01   6.7228629e-03  -4.3590121e-01  -4.3013750e-01  -2.6672758e-01  -1.0777492e-01  -1.5648802e-01  -3.4813007e-01   8.4385784e-02
   4.0142143e+00   2.9386888e+00   2.1095094e+00   1.8882814e+00   1.1641442e+00   4.9567328e-01   3.3183990e-01  -2.9108468e-01  -3.8615532e-01  -6.1392041e-01  -5.5210344e-01  -3.9786316e-01  -3.5495497e-01  -5.2193989e-01  -3.5215470e-01  -3.0982270e-01
   3.3260544e+00   2.2818511e+00   1.8061346e+00   2.2483756e+00   1.2510113e+00   4.4056803e-01   2.8661066e-01   3.1773005e-01  -3.5517950e-02  -3.4943655e-01  -3.2337532e-01  -3.2832331e-01  -1.1267366e-01  -1.9633123e-01  -1.5232791e-01  -1.1631972e-01
   3.4286443e+00   3.1310500e+00   2.1347616e+00   1.4838697e+00   1.1060187e+00   8.9245286e-01   5.2963126e-01  -1.6116657e-02  -3.5303207e-01  -1.9488003e-01  -8.4705085e-02  -3.0288963e-01  -6.3627172e-02  -4.1205028e-01   5.2296881e-02   4.7065021e-01
   3.2410085e+00   3.0110524e+00   2.1705735e+00   1.6620497e+00   9.4882489e-01   8.4701770e-01   7.5510386e-01   2.9726148e-01  -4.2920133e-01  -4.1456679e-01  -1.1191298e-01   1.7017325e-01   3.9078168e-01  -3.0431867e-01   1.8180377e-01   5.3745473e-02
   4.1337038e+00   3.0676927e+00   2.1017666e+00   2.1066351e+00   1.4711328e+00   9.7237500e-01   6.7650285e-01  -2.9517852e-03  -6.6845404e-02   7.2938374e-02   5.3738585e-01   1.1175200e+00   8.6982011e-01  -3.7614552e-01   2.3663603e-02  -2.8716965e-01
   3.8827684e+00   3.2928828e+00   2.0424478e+00   1.9196209e+00   1.1579754e+00   8.7347347e-01   4.1152261e-01   1.5684754e-02   3.6049440e-01  -1.1554066e-01   9.0646331e-01   1.9785868e+00   1.6745545e+00   7.7116119e-02   2.2184588e-01   6.1747700e-02
   3.8439807e+00   3.6902609e+00   2.5715031e+00   2.5438058e+00   5.4315751e-01   3.9990894e-01   3.6159791e-01   2.2834836e-01   5.2097801e-01  -2.2117456e-01   1.2693405e+00   1.9636526e+00   1.6763365e+00   1.3758107e-01   4.9692025e-01   1.3425788e-01
   3.3766408e+00   2.8314403e+00   2.2921558e+00   2.4870753e+00   9.3810230e-01   8.0026156e-01   7.2846572e-01   3.7953520e-01   3.6054689e-01   1.2575881e-01   1.1677671e+00   2.2152733e+00   1.8867733e+00   5.4438088e-01   4.4123942e-01   1.6781665e-01
   3.4474193e+00   3.5794833e+00   2.2376074e+00   2.6841323e+00   1.4841466e+00   9.0950466e-01   4.9764159e-01   1.0457061e-01   3.4944444e-01   3.7768772e-01   1.2178328e+00   2.4113264e+00   1.8655594e+00   6.0840074e-01   6.8487139e-01   4.9253692e-01
   3.6319937e+00   3.2286535e+00   2.5111797e+00   2.5810292e+00   1.1504852e+00   8.7284052e-01   2.9250009e-01   1.0217889e-01  -5.2083923e-02  -1.9764955e-01   9.1584039e-01   2.4789258e+00   2.0649964e+00   6.7215098e-01   5.2948504e-01   1.1893865e-01
   3.3051343e+00   2.9197539e+00   2.5396155e+00   2.6319020e+00   1.2880709e+00   6.7366060e-01   4.0631723e-01   2.9436549e-02   5.7596650e-02  -5.4910130e-02   5.3101193e-01   2.2392987e+00   1.9314550e+00   6.3574484e-01   3.7676821e-01   1.5259142e-01
   3.7695774e+00   3.2997895e+00   2.5610346e+00   2.5710000e+00   1.3798586e+00   7.9050770e-01   5.3837844e-01   1.4133538e-01  -1.4562406e-01  -3.8885624e-01   3.6298378e-01   2.3202757e+00   1.9928195e+00   6.0195266e-01   2.8125808e-01  -7.7402899e-03
   3.9005426e+00   3.4649542e+00   2.7062213e+00   2.5793343e+00   1.2264543e+00   7.5708293e-01   3.2884912e-01   1.1641878e-01  -2.7440571e-01  -3.3895671e-01   3.2283654e-01   2.4785339e+00   1.9013820e+00   5.7213522e-01   4.0640065e-01   4.1108526e-02
   3.3091648e+00   2.8947716e+00   2.7194616e+00   2.7141215e+00   1.3766813e+00   9.2449989e-01   7.3274541e-01   3.5392245e-01  -5.1955337e-02  -2.6364763e-01   4.4102641e-01   2.5275176e+00   1.9481838e+00   7.0357377e-01   3.2383573e-01  -9.7457236e-02
   4.0908310e+00   3.5833247e+00   2.8494655e+00   2.6496401e+00   9.0490314e-01   1.0166267e+00   9.9762079e-01  -2.2607905e-01  -2.5701016e-01  -6.4151092e-01   3.1732056e-02   2.5939251e+00   2.1059752e+00   8.5957213e-01   3.2191053e-01  -1.7617573e-01
   4.3929627e+00   3.6078519e+00   2.8285199e+00   2.4043273e+00   6.3166499e-01   1.1440023e+00   9.7917886e-01   6.1180381e-02  -4.0954380e-01  -6.4158737e-01  -2.2430683e-01   2.4521339e+00   2.2395713e+00   7.4643169e-01   2.5598124e-01  -1.8634363e-01
   3.7188471e+00   2.9951531e+00   2.8854435e+00   2.4329358e+00   1.4303415e+00   1.0785871e+00   7.2971423e-01   5.8169239e-01   1.1815377e-01  -3.4314496e-01   3.1867577e-02   2.2996635e+00   2.2350238e+00   9.0569360e-01   5.2980198e-01   1.5483756e-01
   3.5104726e+00   3.5367310e+00   2.7034889e+00   2.5830438e+00   1.3764538e+00   8.3744312e-01   4.2300466e-01  -4.9178634e-02  -2.1717356e-01  -5.6837221e-01   1.0498813e-03   2.3441811e+00   2.0346338e+00   7.6195936e-01   2.7651083e-01  -1.2650273e-01
   4.0221006e+00   3.6752745e+00   2.6677641e+00   2.3645104e+00   1.5376586e+00   8.9908248e-01   1.9202127e-01   2.6942462e-01  -3.1726329e-02  -6.1840385e-01   5.5589302e-02   2.2865662e+00   1.9571231e+00   7.6450971e-01   7.0386492e-02  -3.2269887e-01
   4.1131054e+00   3.4075842e+00   2.7117722e+00   2.2566235e+00   1.0495541e+00   6.5588086e-01   5.1292129e-01   3.2344547e-01   7.3450980e-03  -4.6004430e-01   1.7881076e-01   2.2365791e+00   2.0073957e+00   7.1707703e-01   1.8992411e-01  -3.5977363e-01
   3.8855072e+00   3.1646426e+00   2.7517670e+00   2.2566089e+00   1.1503845e+00   8.0098240e-01   3.1287542e-01  -3.9785026e-02  -1.7843748e-01  -5.3643789e-01   8.2386401e-02   2.1901890e+00   1.9507099e+00   5.1111966e-01   1.2227516e-01  -3.1537122e-01
   3.6035844e+00   2.7228258e+00   2.4913494e+00   2.0867804e+00   1.3575551e+00   1.0464520e+00   3.9500862e-01   3.7193339e-01   7.2632479e-02  -2.7779174e-01  -1.3910493e-01   2.1346654e+00   1.9933369e+00   6.9446565e-01   1.2953219e-01  -7.1316631e-02
   3.3402625e+00   2.7547369e+00   2.1142623e+00   2.1098750e+00   1.2886967e+00   9.1227372e-01   3.4870291e-01   2.3053871e-01   1.5819509e-01  -4.2118127e-02   1.6725846e-01   2.1397369e+00   2.0757749e+00   7.0921881e-01   3.0339202e-01   7.5857914e-02
   4.0443681e+00   3.1503247e+00   2.6027120e+00   2.2696167e+00   1.0491462e+00   3.7004995e-01   1.9981206e-01  -2.3552194e-01  -2.4445365e-01  -2.7273800e-01  -2.1121206e-01   1.7883106e+00   1.6870837e+00   4.0838539e-01   1.6658519e-01  -7.2433908e-02
   3.7776712e+00   2.9579724e+00   2.5731121e+00   2.0752112e+00   1.2194319e+00   4.0867482e-01   4.4515287e-01  -7.8679651e-02  -1.9937355e-01  -9.4322864e-01  -2.2772131e-01   1.9041914e+00   1.7754587e+00   4.6147032e-01   9.6899509e-02  -3.3438549e-01
   3.4936304e+00   2.3037222e+00   2.4251170e+00   2.0534138e+00   5.6664056e-01   2.4699730e-01   6.2153375e-02  -1.9934147e-01  -1.7983203e-01  -8.4015020e-01  -4.1515314e-01   1.8786256e+00   1.7218548e+00   2.2901122e-01  -1.3400373e-01  -6.1794162e-01
   3.7618092e+00   3.1729589e+00   2.7068246e+00   2.1943660e+00   1.3444574e+00   7.7478810e-01   2.1021416e-01   3.8342213e-01   5.0799263e-02  -1.0129066e-01  -1.1951149e-01   1.5957102e+00   1.4459187e+00   1.4704934e-01  -7.5394853e-02  -4.0870208e-01
   3.9508830e+00   3.3877709e+00   2.3121024e+00   2.0052976e+00   1.5307998e+00   1.1779692e+00   8.3768139e-01   2.1275100e-01   7.9405476e-02  -2.7367042e-01  -2.6707448e-01   1.7077280e+00   1.6183734e+00   2.2048243e-01  -1.0623134e-01  -5.7637043e-01
   3.3925421e+00   2.6715170e+00   2.1317830e+00   2.1773270e+00   1.3182478e+00   9.1185144e-01   5.7685248e-01   9.5706211e-02  -1.6462012e-01  -6.0806590e-01  -9.1215091e-02   1.8279682e+00   1.7689892e+00   4.4569155e-01  -3.8737502e-02  -7.1480916e-01
   3.6280932e+00   2.8862124e+00   2.4031438e+00   1.8672442e+00   1.2145421e+00   6.8721606e-01   6.1712228e-01   1.9730118e-01  -8.7783100e-02  -7.3892627e-01  -5.2936373e-01   1.7103417e+00   1.6974623e+00   4.9744969e-01   3.5291133e-01  -2.3032719e-01
   4.1447240e+00   3.0608711e+00   2.6240845e+00   2.3291556e+00   1.5070950e+00   9.7726291e-01   5.7149151e-01   1.9030398e-01  -1.0926522e-01  -4.6909213e-01  -1.8687857e-01   1.3822637e+00   1.1931292e+00   2.8097254e-01   2.6524607e-01  -4.5362982e-02
   3.6199491e+00   3.1384411e+00   2.6062206e+00   1.8441517e+00   1.6568713e+00   1.0365754e+00   4.0124739e-01  -1.2155749e-01   4.1938866e-02  -5.1655184e-01  -4.5809060e-01   1.6269063e+00   1.8252865e+00   4.3813564e-01   2.2725557e-01  -1.5517964e-01
   4.3785184e+00   3.0258934e+00   2.5018714e+00   1.6584168e+00   1.4144660e+00   1.0631723e+00   2.4126465e-01  -4.8347803e-01  -2.0353176e-01  -3.1297027e-01   1.5378204e-01   1.7132143e+00   1.5128375e+00   3.9677067e-01   6.6029174e-02  -4.1670621e-01
   3.8790667e+00   3.1886697e+00   1.9134655e+00   2.0863114e+00   1.4798922e+00   9.7267211e-01   7.3389367e-01   7.5896096e-02  -2.6155593e-01  -4.9505128e-01  -4.8054011e-02   1.2625691e+00   1.1100967e+00  -3.3329720e-01  -4.2896706e-01  -5.6133621e-01
   4.4899859e+00   3.1732126e+00   2.2301282e+00   1.6467527e+00   1.1701635e+00   1.0237384e+00   1.9234182e-01   2.3158565e-01   6.9319051e-02  -5.4336953e-01  -2.1197044e-01   9.7817484e-01   7.3959379e-01   2.8157733e-03   2.0086291e-04  -3.6192673e-01
   4.1130162e+00   3.0289394e+00   1.8471930e+00   1.4383224e+00   9.6339327e-01   1.4034094e+00   3.1844154e-01  -4.1310032e-02   2.5055018e-02  -3.8098810e-01  -4.0044301e-01   6.6474934e-01   5.4403570e-01  -2.6333687e-01  -1.1994239e-01  -3.5370451e-01
   3.9612204e+00   2.7154221e+00   2.5573987e+00   1.3783408e+00   1.0632236e+00   1.0249586e+00   4.1273439e-01  -3.3441747e-02  -3.7743625e-01  -6.4096338e-01  -2.7264176e-01   5.9890245e-01   6.2470723e-01  -3.0627239e-02  -1.2457387e-01  -4.1861211e-01
   4.2425244e+00   3.0386638e+00   1.9239674e+00   1.1995679e+00   1.1856054e+00   1.5073914e+00   5.2077150e-01  -3.3019498e-01  -3.0362906e-01  -4.3598041e-01  -9.6096675e-02   1.3580279e-01  -4.7536845e-02  -5.0926562e-02  -2.8253843e-01  -3.7813353e-01
   4.0068907e+00   2.8285355e+00   1.9766760e+00   1.5285073e+00   9.7638074e-01   1.0494584e+00   2.4774764e-01  -2.2606404e-02  -3.2950850e-01  -5.0665341e-01  -3.1792097e-01   9.7926944e-02  -1.0606272e-01  -3.2583267e-01  -5.3330440e-01  -6.4658203e-01
   3.6723853e+00   2.8565457e+00   2.1193636e+00   1.7584954e+00   1.2104662e+00   9.1345648e-01   3.3942590e-01  -6.4013462e-02  -2.7302908e-01  -4.6625559e-01  -3.8379890e-01  -3.4460544e-01  -2.9829832e-01  -2.4175444e-01  -3.0352661e-01  -6.4365657e-01
   3.5280327e+00   2.4519599e+00   2.0965827e+00   1.5381621e+00   3.3944583e-01   9.3269776e-01   3.9378270e-01  -1.2282732e-01  -1.2997305e-01  -5.5216819e-01  -6.9148796e-01  -6.1229399e-01  -8.3102476e-01  -9.5158645e-01  -8.7455814e-01  -1.2784842e+00
   3.4911782e+00   2.6568933e+00   2.0694612e+00   1.8593417e+00   8.9028697e-01   6.1453392e-01   3.0292419e-01  -3.7040126e-02  -3.4279401e-01  -9.3975532e-01  -9.7267825e-01  -6.9998613e-01  -8.8914860e-01  -1.1103961e+00  -8.3978893e-01  -1.1205088e+00
   2.8418807e+00   2.9664818e+00   2.4466823e+00   1.9365765e+00   1.4291548e+00   8.4011380e-01   4.7766894e-01  -1.0333117e-01  -2.8729604e-01  -4.6778627e-01  -4.6088776e-01  -5.1107127e-01  -7.4401969e-01  -6.7197702e-01  -6.7033359e-01  -7.0176936e-01
   2.6646579e+00   2.9153661e+00   2.3657374e+00   1.6997274e+00   1.6134769e+00   8.1800558e-01   5.4267827e-01  -6.0282304e-02  -3.5314401e-01  -6.1821295e-01  -8.6524969e-01  -6.8155988e-01  -8.8679849e-01  -9.0168156e-01  -1.1869789e+00  -1.2628696e+00
   2.8275499e+00   2.8855822e+00   2.2822842e+00   1.5279179e+00   1.3588334e+00   7.7766766e-01   6.1039935e-01  -1.0197680e-01  -2.9056817e-01  -8.5069599e-01  -8.9290681e-01  -7.9263461e-01  -1.0189434e+00  -1.0133945e+00  -1.1355923e+00  -1.0071112e+00
   3.4243500e+00   3.0717638e+00   2.5037664e+00   1.5397474e+00   1.2755978e+00   1.0729874e+00   3.2206502e-01  -3.0156093e-01  -4.2449474e-01  -7.3987426e-01  -5.6303168e-01  -9.0486132e-01  -1.1039477e+00  -1.2549733e+00  -1.3222360e+00  -1.1969291e+00
   3.6905160e+00   2.3385661e+00   2.1894859e+00   1.9397435e+00   1.3244726e+00   8.0458084e-01   6.9354496e-02  -1.7972652e-01  -5.9381861e-01  -7.8642864e-01  -7.4531748e-01  -9.9679198e-01  -1.0638546e+00  -1.1225981e+00  -1.1519270e+00  -1.1229657e+00
   3.6733272e+00   2.7084730e+00   1.7231382e+00   2.0329767e+00   1.5787589e+00   1.0477014e+00   1.4975133e-01  -2.0761254e-02  -8.3964311e-02  -2.4901472e-01  -2.8761808e-01  -3.3282290e-01  -3.7115619e-01  -3.6940640e-01  -3.6799474e-01  -3.4054146e-01
   3.8290042e+00   3.5953004e+00   2.8530332e+00   1.3164981e+00   1.0428593e+00   8.1308669e-01   1.9833461e-01   2.8716210e-01  -1.1771999e-01  -3.8577876e-01  -6.0421796e-01  -6.2695632e-01  -6.5365065e-01  -6.2610408e-01  -6.7119118e-01  -5.8917819e-01
   3.7903104e+00   3.2460467e+00   2.7390862e+00   1.7295094e+00   1.3350770e+00   4.2096275e-01   2.1983671e-01  -1.6729771e-01  -7.9061180e-01  -8.9942456e-01  -9.8117481e-01  -1.1329254e+00  -1.1281816e+00  -1.3536862e+00  -1.3580184e+00  -1.3348903e+00
   3.5679369e+00   3.1561965e+00   2.0280276e+00   1.6612464e+00   1.5582980e+00   1.4074481e+00   8.2467893e-01  -2.3693807e-01  -3.5286887e-01  -3.2963841e-01  -7.7037732e-01  -1.0673963e+00  -1.0749260e+00  -1.1270025e+00  -1.1536798e+00  -1.1138488e+00
   4.3871922e+00   3.4103798e+00   1.5563080e+00   1.6195129e+00   1.3720891e+00   9.6061525e-01   3.5612460e-01   4.9496757e-02  -1.7727353e-01  -5.2100351e-01  -4.3901748e-01  -6.2301758e-01  -6.5880216e-01  -6.5934467e-01  -6.4879083e-01  -5.7827398e-01
   4.1387070e+00   3.1615142e+00   2.4774718e+00   1.9401419e+00   1.7247350e+00   1.1201099e+00   4.3986761e-01  -9.2836607e-02  -5.7581847e-01  -8.4264353e-01  -8.7752739e-01  -9.9833566e-01  -1.3317385e+00  -1.2327017e+00  -1.1868577e+00  -1.2847052e+00
   4.3213608e+00   2.3950659e+00   1.7138507e+00   1.1513223e+00   7.2954265e-01   2.8184815e-01   1.2036196e-01  -2.4257998e-01  -2.2730743e-01  -7.0768226e-01  -8.8812066e-01  -1.0768614e+00  -1.3967389e+00  -1.1299964e+00  -1.1601479e+00  -1.3569397e+00
   3.3867279e+00   2.9665239e+00   1.9204254e+00   1.2733922e+00   4.1857359e-01   6.4551340e-01   2.3158576e-01  -1.4219267e-02  -3.3357652e-01  -6.4106011e-01  -6.1816923e-01  -8.0993817e-01  -8.5647413e-01  -8.5006753e-01  -9.1787055e-01  -8.6216881e-01
   3.9253082e+00   2.3171653e+00   1.1556607e+00   1.5282655e+00   8.5828026e-01   1.0427284e+00   2.5920479e-01   1.3804149e-01  -3.4085883e-01  -5.6258569e-01  -7.5803213e-01  -5.2934686e-01  -8.0994788e-01  -1.5877112e-01  -3.1879224e-01  -9.9338579e-01
   3.4904431e+00   2.9065258e+00   1.3766854e+00   1.3186887e+00   9.7058419e-01   8.0412590e-01   4.2549328e-01   3.1454628e-02  -1.5428165e-01  -2.1188953e-01  -1.0131381e+00  -7.2513123e-01  -9.0167296e-01  -5.8546549e-01  -6.7349473e-01  -1.1371330e+00
   4.1814202e+00   2.9968272e+00   1.6119596e+00   1.1265822e+00   1.0443728e+00   7.3033231e-01   3.3210499e-01  -1.4454929e-01  -8.2849441e-01  -6.3122879e-01  -1.4612002e+00  -1.3877113e+00  -1.2757090e+00  -1.3352925e+00  -1.2915155e+00  -1.4500105e+00
   3.8263636e+00   2.9045811e+00   1.6738681e+00   1.2610839e+00   1.4613744e+00   7.8030061e-01   8.3105336e-02  -4.6359426e-01  -4.3520191e-01  -8.6134657e-01  -1.1456044e+00  -1.3235164e+00  -9.4997961e-01  -9.6143742e-01  -1.0954878e+00  -1.1754004e+00
   3.3628298e+00   2.6447387e+00   2.4260103e+00   2.0068269e+00   1.4917361e+00   4.3974811e-01   2.3347861e-01  -3.4667120e-01  -5.0596168e-01  -7.5531756e-01  -9.0989558e-01  -1.1060318e+00  -1.1601179e+00  -9.7540846e-01  -1.1278109e+00  -1.0269722e+00
   3.8229410e+00   2.7493799e+00   2.1188658e+00   1.4275056e+00   9.2790161e-01   2.8030439e-01   2.4429582e-01   7.2009552e-02  -3.1763692e-01  -5.3180990e-01  -9.3329319e-01  -1.1267693e+00  -1.1560614e+00  -1.0307598e+00  -1.0949728e+00  -1.0423865e+00
