   2.1008089e+00   6.7696537e-01   6.5461494e-01   4.9055490e-01  -3.2402596e-02  -6.2297008e-01  -1.2229908e+00  -1.1723093e+00  -8.0536683e-01  -1.3423159e+00  -9.0504470e-01  -1.9121241e+00  -1.5470520e+00  -1.6453087e+00  -1.5721899e+00  -1.3297728e+00
   2.0113695e+00   8.3244371e-01  -8.1492202e-02   7.3956204e-02  -1.5986174e-01  -7.6078342e-01  -1.4289678e+00  -1.5226733e+00  -1.2321362e+00  -1.0159097e+00  -9.5158051e-01  -1.6660608e+00  -1.6557035e+00  -1.6942390e+00  -1.6825541e+00  -1.5507441e+00
   1.2047811e+00   9.6644622e-01   2.9153316e-01   5.4269017e-01  -3.3426267e-01  -1.0476131e+00  -1.7410178e+00  -1.5014152e+00  -1.1467119e+00  -9.7382195e-01  -9.5502173e-01  -1.9352412e+00  -2.0070549e+00  -1.7635856e+00  -1.7835381e+00  -1.7375032e+00
   1.0825139e+00   6.7493373e-01   8.2140021e-02   1.8272693e-01  -2.7966017e-01  -3.8240124e-01  -1.6407325e+00  -1.6724950e+00  -1.4456608e+00  -1.3876747e+00  -8.9259528e-01  -2.0631980e+00  -1.5632641e+00  -1.5748644e+00  -1.8476062e+00  -1.6322721e+00
   9.4589408e-01   6.8737172e-01   2.7137909e-01   3.2887408e-01  -1.5789333e-01  -1.3442755e-01  -1.4268165e+00  -1.4190119e+00  -9.2064153e-01  -1.3965904e+00  -1.0246893e+00  -1.9137601e+00  -1.3478539e+00  -1.4147793e+00  -1.6543077e+00  -1.4540094e+00
   1.0544464e+00   3.5614980e-01   5.1882183e-01   8.2823512e-01  -2.4569295e-01  -5.1064638e-01  -1.3930303e+00  -1.4395710e+00  -1.2641558e+00  -1.4647639e+00  -8.8795136e-01  -1.8889253e+00  -1.8191671e+00  -1.6841788e+00  -1.8724619e+00  -1.5495867e+00
   1.3908319e+00   7.2746216e-01   1.1483875e-02   7.2856648e-02   1.1581242e-01  -4.0341097e-01  -1.3590673e+00  -1.1806438e+00  -1.0542843e+00  -1.4243676e+00  -8.1311699e-01  -1.9373753e+00  -1.7038275e+00  -1.3701608e+00  -1.6334928e+00  -1.6106414e+00
   1.8633499e+00   6.7074032e-01   1.2775402e-02   2.2140845e-01  -5.2473620e-02  -7.7081994e-01  -1.3971792e+00  -1.3136300e+00  -1.2256834e+00  -1.3527094e+00  -8.7509167e-01  -1.8139222e+00  -1.4916187e+00  -1.5101673e+00  -1.4495312e+00  -1.5201618e+00
   1.8794564e+00   6.0770221e-01   1.6157471e-01  -2.8440872e-02  -3.7895866e-01  -8.7410782e-01  -1.6723281e+00  -1.2799004e+00  -9.5662992e-01  -1.4595921e+00  -9.3822440e-01  -1.9559501e+00  -1.6854416e+00  -1.6038444e+00  -1.7151867e+00  -1.6240749e+00
   1.9387815e+00   1.2215331e-01   1.6610310e-01   6.3401727e-01   9.4639448e-02  -5.9060918e-01  -1.2880114e+00  -7.9312255e-01  -8.4920922e-01  -1.3190268e+00  -9.3309207e-01  -1.7953346e+00  -1.6213988e+00  -1.6040582e+00  -1.6704848e+00  -1.2363816e+00
   1.6567713e+00   2.4766754e-01   1.5917547e-01   3.5438059e-01  -3.8213928e-01  -1.3541439e+00  -1.4630541e+00  -1.3896759e+00  -1.0897019e+00  -1.1846928e+00  -7.9699455e-01  -1.8856511e+00  -2.3128039e+00  -1.9462898e+00  -1.7801612e+00  -1.7963014e+00
   1.8233894e+00   8.2894609e-01   6.1174627e-01   5.4089684e-01  -1.3297796e-01  -5.5281382e-01  -1.0594864e+00  -1.2779308e+00  -1.3524326e+00  -1.2598250e+00  -9.6324717e-01  -2.2256198e+00  -1.9149231e+00  -1.8645641e+00  -1.7122030e+00  -1.7300334e+00
   1.2714808e+00  -6.1249062e-02   6.3349978e-02   6.8940976e-01   2.0235450e-01  -3.5838880e-01  -1.7943015e+00  -1.7741616e+00  -1.1145138e+00  -1.2458276e+00  -8.9387611e-01  -1.9188037e+00  -2.0538817e+00  -1.9264882e+00  -1.8297002e+00  -1.4333816e+00
   1.6849414e+00   1.0154394e+00   5.7853954e-01   2.6722836e-02  -1.3219334e-01  -4.9942789e-01  -2.1088149e+00  -1.4458320e+00  -7.5292140e-01  -9.0219942e-01  -1.1181661e+00  -2.0345263e+00  -1.5603943e+00  -1.8788356e+00  -1.8888932e+00  -1.5002604e+00
   1.4924634e+00   5.2434313e-01   1.0371659e-01   1.9283567e-01  -2.4083293e-01  -5.3358676e-01  -1.1945177e+00  -1.4134465e+00  -9.5062282e-01  -1.1619574e+00  -9.2437288e-01  -1.7827129e+00  -1.6986276e+00  -1.7337002e+00  -1.6601891e+00  -1.8427390e+00
   1.5613230e+00   5.8892143e-01   2.7619402e-01   3.7362366e-01   1.2044348e-02  -5.6537126e-01  -1.2117496e+00  -1.5829471e+00  -1.2081148e+00  -1.3818096e+00  -9.8646398e-01  -2.0419613e+00  -1.6296368e+00  -1.6546177e+00  -1.5962960e+00  -1.3659256e+00
   1.4841397e+00   9.0746541e-01   9.9277943e-01   1.0668708e-01  -4.8561609e-01  -1.1909915e+00  -1.2786944e+00  -1.4444504e+00  -6.7118019e-01  -9.9704515e-01  -9.7185717e-01  -1.8422978e+00  -1.6267764e+00  -1.6939361e+00  -1.7648161e+00  -1.6719885e+00
   1.3420870e+00   1.0449261e+00   8.7011325e-01   1.6805306e-01  -2.1298482e-01  -1.0076072e+00  -1.3770653e+00  -1.3050781e+00  -9.5987690e-01  -1.2042357e+00  -1.0072079e+00  -1.8867854e+00  -1.5538095e+00  -1.5022557e+00  -1.7465368e+00  -1.6353818e+00
   1.3506225e+00   1.2405118e+00   8.4895755e-01   1.7674455e-01  -3.0560616e-01  -8.5049227e-01  -1.6057831e+00  -1.3900566e+00  -1.1038798e+00  -1.4807502e+00  -8.6552194e-01  -1.9746906e+00  -1.7703264e+00  -1.8335969e+00  -1.7885339e+00  -1.5176661e+00
   1.3307593e+00   7.8937321e-01   5.3834846e-01   4.7932411e-01  -4.7677930e-01  -1.3415623e+00  -1.5444194e+00  -1.5088756e+00  -8.4792119e-01  -1.2100955e+00  -8.6264642e-01  -1.8097518e+00  -1.5345729e+00  -1.5739101e+00  -1.6082809e+00  -1.4215523e+00
   1.1992100e+00   1.7291215e-01  -2.0390278e-01   1.2710688e-01  -3.2511710e-01  -8.0765714e-01  -1.7220618e+00  -1.7608950e+00  -1.0464627e+00  -1.2685619e+00  -9.6303515e-01  -2.0837631e+00  -1.5427752e+00  -1.6347439e+00  -1.9725367e+00  -1.8302813e+00
   1.4894971e+00   8.3647928e-01   3.6300682e-01   4.1780136e-01  -5.7791292e-02  -2.8188103e-01  -1.4764347e+00  -1.8855207e+00  -9.0848150e-01  -8.8477737e-01  -8.8541335e-01  -2.0843284e+00  -1.7550552e+00  -1.7520008e+00  -1.9674594e+00  -1.8000439e+00
   1.6476526e+00   9.9072346e-01   5.7512253e-01   5.7120359e-01  -8.0951615e-01  -6.1609929e-01  -1.3961624e+00  -1.4269881e+00  -1.0443672e+00  -1.2936509e+00  -9.4206694e-01  -1.8674503e+00  -1.8483830e+00  -1.7190288e+00  -1.7816078e+00  -1.6441061e+00
   1.5185434e+00   9.3659346e-01   3.2759414e-01  -1.6900166e-01  -5.3234302e-01  -3.4132202e-01  -1.0409073e+00  -1.4482556e+00  -1.1286929e+00  -1.1514482e+00  -9.2173604e-01  -1.7602988e+00  -1.5915980e+00  -1.5225204e+00  -1.6014324e+00  -1.5135934e+00
   1.9613702e+00   6.9335145e-01   1.9038670e-01  -7.1000598e-02  -5.7526248e-01  -6.2247858e-01  -1.5604848e+00  -1.4172260e+00  -1.0474256e+00  -1.2687383e+00  -1.0630297e+00  -2.2894605e+00  -1.5534509e+00  -1.5184269e+00  -1.8095136e+00  -1.6245720e+00
   1.6814555e+00   1.0352241e+00   1.8173484e-01   1.1628459e-01  -4.1051155e-02  -5.0068743e-01  -1.4111987e+00  -1.4548956e+00  -1.0104125e+00  -8.6206801e-01  -6.9984777e-01  -1.9485143e+00  -1.5925329e+00  -1.4593183e+00  -1.7214530e+00  -1.5150107e+00
   1.8179707e+00   7.6663094e-01   3.9637036e-01   1.0738131e-01  -1.0451328e-01  -6.2525891e-01  -1.3300270e+00  -1.5315831e+00  -1.2573558e+00  -1.2841587e+00  -1.0770717e+00  -1.7374529e+00  -1.7147922e+00  -1.7938441e+00  -1.7455497e+00  -1.5572335e+00
   1.7369888e+00   8.1713562e-01   5.7166697e-01   4.2707961e-01  -1.3608807e-01  -1.0500169e+00  -1.4537726e+00  -1.4338143e+00  -8.3077413e-01  -9.9449363e-01  -8.9334052e-01  -1.9184054e+00  -1.7613574e+00  -1.6247108e+00  -1.5703066e+00  -1.7650560e+00
   1.1760812e+00   6.3763136e-01   3.4661435e-01   2.5862120e-02  -3.6441016e-01  -5.2551053e-01  -1.5446090e+00  -1.6186134e+00  -1.2449295e+00  -1.1217004e+00  -8.3044243e-01  -1.9095467e+00  -1.4498607e+00  -1.5783715e+00  -1.7088644e+00  -1.4310437e+00
   1.3908953e+00   5.8856573e-01   3.5023966e-01   2.1158893e-01  -6.0782507e-01  -4.4414177e-01  -1.4854146e+00  -1.3714724e+00  -1.0601639e+00  -9.9962759e-01  -9.2843450e-01  -1.8150141e+00  -1.6891694e+00  -1.5078739e+00  -1.8607053e+00  -1.5906031e+00
   9.7590369e-01   5.4290390e-01   4.8621033e-01   1.5267611e-01  -3.1887349e-01  -6.1593837e-01  -1.1197087e+00  -1.2728473e+00  -1.0587508e+00  -2.1168533e-01  -7.4089801e-01  -1.3551325e+00  -9.6528694e-01  -1.2779071e+00  -1.5474030e+00  -1.3260401e+00
   1.6203877e+00   7.9106206e-01   5.5443429e-01   2.1141190e-01  -5.9378722e-03  -1.9116086e-01  -5.6413592e-01  -4.9878898e-01  -3.6615189e-02   6.6462019e-01  -8.7174565e-02  -2.8730384e-01  -7.3288577e-02  -5.8905566e-01  -1.0769378e+00  -9.6376406e-01
   1.3973595e+00   8.8560644e-01   7.7796898e-01   1.3022579e+00   1.2083778e+00   1.5372517e+00   1.3697013e+00   9.9725758e-01   1.1696484e+00   1.8615763e+00   7.2586602e-01   6.9856831e-01   7.2404345e-01  -1.4321556e-01  -4.3493226e-01  -3.9399857e-01
   1.8583845e+00   1.6267730e+00   1.1302369e+00   1.5517237e+00   1.8152489e+00   2.2925349e+00   2.0007985e+00   1.7178000e+00   1.7606639e+00   1.9266320e+00   7.2897360e-01   7.9280987e-01   8.4936846e-01  -6.1875939e-03  -4.6120086e-01  -4.9890224e-01
   1.7705170e+00   1.6999568e+00   1.3601413e+00   1.5140104e+00   1.7311746e+00   2.4849434e+00   1.8836611e+00   1.1458216e+00   1.4432334e+00   1.6587091e+00   4.1574555e-01   6.7250963e-01   1.0172383e+00   1.3432412e-01  -5.2538188e-01  -3.3407513e-01
   2.0329660e+00   1.7185295e+00   1.2764355e+00   1.8318608e+00   1.7519666e+00   2.0239393e+00   1.2750349e+00   1.0623901e+00   1.0165441e+00   1.6348034e+00   6.1069971e-01   8.6960100e-01   6.7227158e-01  -3.5253995e-01  -9.3444610e-01  -7.7207143e-01
   1.9762713e+00   1.9125517e+00   8.1890751e-01   1.6064438e+00   1.7263306e+00   2.3738701e+00   1.9877888e+00   1.0075955e+00   1.0552875e+00   1.5432853e+00   5.5289563e-01   8.3820618e-01   7.3447432e-01  -7.3220805e-01  -1.0076132e+00  -6.6716900e-01
   1.7881455e+00   2.3433892e+00   1.3213429e+00   1.5374772e+00   1.6976265e+00   2.6132069e+00   2.1862259e+00   1.2107074e+00   1.2864659e+00   1.5832362e+00   5.5530739e-01   9.8905362e-01   1.0984361e+00  -4.0251868e-01  -5.2787668e-01  -5.8221520e-01
   1.9206988e+00   2.1302003e+00   1.2909849e+00   1.6004034e+00   1.9113920e+00   2.2969453e+00   2.0399591e+00   1.4190148e+00   1.2613664e+00   1.7199468e+00   7.1265333e-01   1.0658758e+00   1.2108022e+00  -2.7039658e-01  -8.7975591e-01  -6.8854962e-01
   1.9014722e+00   2.3868399e+00   1.3211822e+00   1.3192376e+00   1.9762187e+00   2.3610698e+00   1.9650208e+00   1.4897239e+00   1.1729830e+00   1.4201195e+00   5.6393143e-01   1.2640756e+00   1.3414307e+00  -9.3388093e-03  -5.2863852e-01  -6.9226718e-01
   1.3592470e+00   2.1731320e+00   1.3083274e+00   1.3600121e+00   1.9506895e+00   2.4676591e+00   2.0845974e+00   1.5571280e+00   1.4160891e+00   1.5173519e+00   6.0438168e-01   1.0779635e+00   1.2443799e+00  -9.9294845e-02  -6.2266103e-01  -7.2544061e-01
   2.0134209e+00   1.8948719e+00   1.1540558e+00   1.6472579e+00   2.0077756e+00   2.5282218e+00   2.0607052e+00   1.5445138e+00   1.5001992e+00   1.5360474e+00   5.7147029e-01   9.8478680e-01   1.2038926e+00   6.7004798e-02  -5.6224334e-01  -5.3597972e-01
   1.8992020e+00   1.8146587e+00   7.0497065e-01   1.1691542e+00   1.9720771e+00   2.3782303e+00   1.9116822e+00   1.6339918e+00   1.6829079e+00   1.6236852e+00   3.0897760e-01   9.3196436e-01   1.2300502e+00   1.4408211e-01  -4.6124338e-01  -8.5625901e-01
   2.2041493e+00   1.9678177e+00   7.9849361e-01   1.0991125e+00   1.8920535e+00   2.3282290e+00   1.6810812e+00   1.2258996e+00   1.2644306e+00   1.2749548e+00   1.4380571e-01   5.6243421e-01   9.0904098e-01  -3.9389098e-01  -6.8460638e-01  -9.3376481e-01
   2.3621894e+00   2.0196269e+00   1.1038423e+00   1.2703931e+00   1.8822631e+00   2.3871082e+00   1.8622085e+00   1.1719346e+00   1.2121021e+00   1.5156369e+00   2.2229577e-01   4.6366915e-01   8.6196263e-01  -8.5593850e-02  -6.0580995e-01  -9.2743473e-01
   1.9128764e+00   1.8025280e+00   1.1042412e+00   1.1537949e+00   2.0174779e+00   2.3996984e+00   1.6922587e+00   1.2784660e+00   1.6267366e+00   1.6817467e+00   4.1415693e-01   2.8290363e-01   7.2231738e-01   2.2893229e-01  -1.6319184e-01  -6.0567380e-01
   1.7772939e+00   1.8725887e+00   1.3199313e+00   1.5394400e+00   2.0097898e+00   2.6513245e+00   1.8739123e+00   1.2679268e+00   1.5979901e+00   1.9917389e+00   4.8732023e-01   3.5299562e-01   5.3968881e-01  -3.9078795e-01  -5.4578883e-01  -5.8090714e-01
   1.5417501e+00   1.8123065e+00   1.3222662e+00   7.0741454e-01   1.7718939e+00   2.2456574e+00   1.3621928e+00   5.3884188e-01   7.0388481e-01   1.2135139e+00   2.7406283e-01   6.5611894e-02   1.1834073e-01  -4.4998257e-01  -8.9872615e-01  -1.0378278e+00
   8.7028541e-01   1.5929557e+00   9.6319745e-01   6.4400560e-01   1.5106132e+00   1.6752752e+00   7.5841603e-01  -4.2843594e-02   2.9286709e-01   9.4008720e-01   6.0696680e-02  -2.7434373e-02   1.6327487e-01  -6.4771864e-01  -1.0830568e+00  -9.6597558e-01
   1.7212966e+00   1.9406402e+00   8.6268005e-01   7.5940933e-01   1.8979686e+00   1.6206537e+00   8.9095439e-01   2.9119980e-01   9.8444914e-01   1.2966124e+00   1.6247981e-01   1.2362502e-01   3.0063798e-01  -5.1326611e-01  -7.7647168e-01  -7.7276249e-01
   1.9283369e+00   1.6750435e+00   8.0495479e-01   5.8138816e-01   1.4117071e+00   1.2799289e+00   3.4848157e-01   3.4688998e-01   9.8056327e-01   1.2792400e+00  -1.8322255e-01  -6.2703745e-01  -3.1373674e-01  -1.1408697e+00  -1.2651955e+00  -1.0707716e+00
   1.9936653e+00   1.8017343e+00   7.6357459e-01   9.0589876e-01   1.3765099e+00   1.1936596e+00   4.6614284e-01   3.8914183e-01   1.1609959e+00   1.2741176e+00  -2.6797000e-01   1.3801270e-01   6.1068535e-01  -6.0585230e-01  -6.7839025e-01  -3.7905739e-01
   1.9998795e+00   1.7200221e+00   1.1291652e+00   1.1538388e+00   1.2839205e+00   1.0774872e+00   6.6031372e-01   4.8018309e-01   1.0928846e+00   9.3715115e-01  -2.7868847e-01  -1.2261658e-01   5.0812980e-01  -5.1662985e-01  -7.6469307e-01  -7.8865995e-01
   1.8461654e+00   1.8906738e+00   1.2151207e+00   9.6113438e-01   1.2940762e+00   6.3176001e-01   1.7153162e-01  -1.7833899e-01   2.4052007e-01   3.8984858e-02  -5.7266860e-01  -5.1902283e-01  -3.2810496e-02  -7.5733033e-01  -8.9125262e-01  -8.3263689e-01
   1.3093763e+00   2.0487500e+00   1.1104802e+00   4.9252916e-01   5.0655581e-01   1.4110999e-01  -4.7222059e-01  -2.4352949e-01   2.2087230e-01   1.0990645e-02  -6.0704920e-01  -9.1378078e-01  -6.3475421e-01  -1.0621932e+00  -7.7453559e-01  -7.4371141e-01
   1.2139331e+00   1.7173051e+00   9.7868213e-01   9.2818294e-01  -1.1341850e-01  -1.5963683e-01  -7.7504247e-01  -8.4669033e-01  -7.8895935e-02  -2.0393193e-03  -6.9372090e-01  -1.4016723e+00  -8.9577923e-01  -1.2537951e+00  -9.4789136e-01  -9.1874868e-01
   1.4892836e+00   1.6282081e+00   8.0430570e-01   6.6245237e-01  -1.4926912e-02  -6.9737680e-01  -1.0540194e+00  -8.5743429e-01  -1.1842512e-01  -2.4359794e-01  -8.9558279e-01  -1.0666808e+00  -8.6873989e-01  -1.5011033e+00  -8.9359914e-01  -7.3037150e-01
   1.9175622e+00   1.2035385e+00   8.6996977e-01   4.3741511e-01   1.0934646e-01  -9.4102893e-01  -1.2777166e+00  -1.1443664e+00  -6.8851388e-01  -6.7407456e-01  -6.3590894e-01  -1.1320378e+00  -8.5729031e-01  -7.1776547e-01  -8.1110885e-01  -5.0536929e-01
   2.2244688e+00   1.0300983e+00   4.9572981e-01   7.3231191e-02  -2.5548913e-01  -5.9010142e-01  -1.1138286e+00  -8.5457310e-01  -6.5656405e-01  -5.6061683e-01  -7.5267004e-01  -7.5688225e-01  -3.0064913e-01  -3.3566142e-01  -6.0084686e-01  -4.6872366e-02
   2.1838102e+00   9.6694209e-01   3.5292570e-01   6.2392306e-01  -2.8678255e-01  -4.5174253e-01  -1.0813642e+00  -1.0977308e+00  -6.2821847e-01  -2.6530725e-01  -2.9882843e-01  -4.5169701e-01  -2.1566424e-01  -3.3643432e-01  -1.5093329e-01   3.7056747e-01
   2.0037347e+00   1.1741594e+00   7.9053435e-01   6.1895983e-01  -2.3395774e-01  -6.1755715e-01  -9.5752147e-01  -1.3959869e+00  -4.2259964e-01  -1.6403771e-01  -3.8011661e-01  -7.8601056e-01  -5.8934083e-01  -6.2582469e-02   9.8115834e-02   7.9273570e-01
   2.4566395e+00   1.1273211e+00   5.0179016e-01   5.2976770e-01  -1.7177879e-01  -5.3215552e-01  -7.8652286e-01  -1.2635089e+00  -4.4846993e-01  -3.6411512e-01  -5.8010135e-01  -8.2685893e-01  -1.8032408e-01  -2.0433028e-02   7.5432502e-03   6.0448435e-01
   1.6258074e+00   9.1692863e-01   8.4515900e-02   2.8144928e-01   1.9720660e-01  -6.1628258e-01  -1.2264842e+00  -1.2953103e+00  -5.2223356e-01  -3.9473302e-01  -6.7027733e-01  -7.0650236e-01  -4.2673574e-01  -2.7744076e-01   3.0904988e-02   4.6592311e-01
   1.3236530e+00   1.0546829e+00   6.2331924e-01  -1.4325019e-01  -4.9250043e-01  -6.7133279e-01  -1.0808273e+00  -1.1530497e+00  -6.6646011e-01  -4.3431556e-01  -5.0004877e-01  -1.2205800e+00  -9.7459189e-01  -7.2027551e-01  -3.0352540e-01   2.0636272e-01
   1.3122706e+00   1.3939955e+00   5.1306411e-01   1.8204753e-01  -8.1717459e-02  -6.9063553e-01  -8.8018014e-01  -9.9246891e-01  -8.3208776e-01  -6.4784132e-01  -7.2455813e-01  -1.1336701e+00  -7.7646132e-01  -4.3975200e-01  -4.7081431e-01   2.1480211e-01
   1.6289360e+00   1.0722609e+00   8.2449523e-01   4.5112331e-01  -4.8002633e-01  -4.2198762e-01  -1.1909525e+00  -1.4810623e+00  -9.8599901e-01  -1.0676433e+00  -5.9826228e-01  -9.0918636e-01  -8.9142374e-01  -5.3319797e-01  -5.8952487e-01   3.3140230e-01
   1.9636503e+00   7.4795753e-01   4.3362143e-01   7.8105145e-01  -1.3768492e-02  -1.6459048e-01  -1.1760652e+00  -1.0054311e+00  -6.5617809e-01  -1.0964930e+00  -8.6401481e-01  -1.2121136e+00  -8.8843298e-01  -8.1400123e-01  -6.7885582e-01   4.5818679e-01
   2.2424439e+00   7.9306875e-01   5.5784771e-01   6.8418888e-01   2.5015203e-02  -4.0907102e-01  -1.0136400e+00  -6.4104158e-01  -8.1595266e-01  -9.8337157e-01  -7.8063984e-01  -1.4073525e+00  -8.8598135e-01  -8.1028024e-01  -6.6868516e-01   1.8325873e-01
   2.2101675e+00   1.1187873e+00   8.5008979e-01   5.6730181e-01  -1.7435477e-02  -8.6735317e-01  -1.5228224e+00  -1.2693176e+00  -7.2825479e-01  -6.3633888e-01  -7.8392165e-01  -1.2274962e+00  -1.0777191e+00  -1.1279888e+00  -5.6481177e-01   2.0394436e-01
   2.0989118e+00   7.1878507e-01   7.1855951e-01   2.9429794e-01  -3.0026582e-01  -8.3428302e-01  -1.2809578e+00  -1.0593762e+00  -8.6165428e-01  -6.1209294e-01  -4.6585120e-01  -9.8966256e-01  -1.0423458e+00  -7.5981833e-01  -7.4835072e-01   2.8716375e-01
   1.7584133e+00   6.7918581e-01   4.6673476e-01   6.3575569e-01   1.0796456e-01  -6.7838707e-01  -1.2243079e+00  -1.0572278e+00  -5.5895710e-01  -7.8877147e-01  -7.4223978e-01  -1.3687837e+00  -8.1436923e-01  -8.6224762e-01  -5.8984126e-01   1.4804974e-01
   1.4492477e+00   2.2843337e-01   5.1132132e-01   5.9914036e-02   9.0434649e-03  -7.8842849e-01  -1.4199710e+00  -1.4796175e+00  -1.0411549e+00  -9.5720347e-01  -8.2896173e-01  -1.3917798e+00  -1.2332661e+00  -6.8708951e-01  -4.6194062e-01   5.6774889e-01
   1.6741459e+00   8.3608630e-01   5.2826748e-01   3.3597841e-01  -1.4921401e-01  -2.8174349e-01  -1.2384355e+00  -1.4214126e+00  -1.0566287e+00  -8.5106527e-01  -6.6694530e-01  -1.4271886e+00  -1.1246046e+00  -1.0521812e+00  -4.2574507e-01   6.1314931e-01
   1.5720087e+00   1.1989345e+00   5.1768214e-01  -3.5885302e-01  -5.4652540e-01  -5.3034705e-01  -1.0420818e+00  -1.2146568e+00  -7.4372052e-01  -7.6042927e-01  -8.1406265e-01  -1.6598045e+00  -1.2147248e+00  -9.4012901e-01  -5.9644063e-01   1.9312605e-01
   1.7920797e+00   1.1059165e+00   3.7350034e-01  -6.7239004e-02   1.1238652e-01  -5.5843135e-01  -1.3538412e+00  -1.1694120e+00  -8.2681763e-01  -9.7474884e-01  -8.6425145e-01  -1.3223777e+00  -1.3438817e+00  -9.7448001e-01  -5.9068244e-01   2.2719046e-01
   2.1955664e+00   6.3177712e-01   5.9457078e-01   3.7226153e-01  -5.4885017e-01  -1.1682972e+00  -1.4907758e+00  -1.5502958e+00  -8.2251383e-01  -1.0072904e+00  -8.4370743e-01  -1.1742832e+00  -1.1313694e+00  -1.0673790e+00  -5.9467410e-01   9.5322365e-02
   2.3236352e+00   6.6574847e-01   5.4762744e-01   7.7023256e-01  -3.7774238e-01  -1.1810642e+00  -1.3201657e+00  -9.9972493e-01  -8.0220533e-01  -8.4693205e-01  -6.3525457e-01  -1.2217341e+00  -1.0765220e+00  -9.7214983e-01  -4.8244980e-01  -9.3388355e-02
   2.2527617e+00   2.0268498e-01   1.7342120e-01  -1.7298326e-01  -5.7358251e-01  -1.3207246e+00  -1.5339499e+00  -1.4054017e+00  -9.7488327e-01  -9.7539626e-01  -8.5696707e-01  -1.3278241e+00  -1.1268243e+00  -1.1741835e+00  -4.6549858e-01  -1.2767214e-01
   2.1373583e+00   3.4565311e-01   1.1325360e-01  -3.2221508e-01  -1.9903015e-01  -1.1333610e-01  -8.3745394e-01  -1.4887198e+00  -1.1035421e+00  -7.8293481e-01  -6.3292337e-01  -1.3851715e+00  -1.3524166e+00  -1.0209321e+00  -7.4844102e-01  -1.6910848e-01
   1.9481625e+00   1.1234200e+00   1.9937215e-01  -7.0419753e-01  -4.0408014e-01  -7.7827235e-01  -1.2018993e+00  -1.0983227e+00  -9.0503463e-01  -9.2061038e-01  -8.4039647e-01  -1.4192429e+00  -1.2298662e+00  -1.2592088e+00  -1.0582386e+00  -6.3559816e-01
   1.0143975e+00   7.7690942e-01   3.9219495e-01   5.4640692e-01  -1.5785251e-01  -7.8828554e-01  -1.3824401e+00  -1.2851158e+00  -6.7744056e-01  -3.8613838e-01  -4.6082286e-01  -1.3929676e+00  -1.2560371e+00  -1.4634700e+00  -1.1444770e+00  -8.3566381e-01
   1.2472225e+00   7.9197020e-01   7.3416654e-01   8.6094113e-01  -2.0684241e-01  -6.4911074e-01  -1.3574293e+00  -1.1181640e+00  -6.8026000e-01  -2.4886551e-01  -7.1434178e-01  -1.4555350e+00  -1.2622976e+00  -1.3342305e+00  -1.3319173e+00  -1.0875812e+00
   1.7133032e+00   1.0631686e+00   3.9084257e-01   1.7502760e-01  -1.6595834e-01  -8.7900307e-01  -1.2306683e+00  -1.0645978e+00  -5.7285028e-01  -6.1704347e-01  -8.4558940e-01  -1.5988362e+00  -1.2166659e+00  -1.5820955e+00  -1.5256991e+00  -1.1571798e+00
   1.6948951e+00   9.7761912e-01   5.3316400e-01   3.5352980e-01   4.9742533e-02  -9.8346263e-01  -1.2076682e+00  -1.4384665e+00  -1.3320046e+00  -9.2121549e-01  -8.4925278e-01  -1.9350644e+00  -1.4973394e+00  -1.3849084e+00  -1.5142667e+00  -1.3154908e+00
   2.0193165e+00   9.0655290e-01   4.6769011e-01  -3.8238179e-01  -9.0117365e-01  -7.6657444e-01  -1.3232732e+00  -1.4656095e+00  -8.9329727e-01  -1.1449045e+00  -9.1658908e-01  -1.8651919e+00  -1.5177175e+00  -1.4983003e+00  -1.6495207e+00  -1.4374136e+00
   2.1413279e+00   9.7340584e-01   6.5668944e-01   1.4897354e-01   5.2593212e-02  -5.8652388e-01  -1.6049172e+00  -1.5499949e+00  -6.5279938e-01  -8.5782005e-01  -9.7528869e-01  -2.0322233e+00  -1.6456248e+00  -1.6410822e+00  -1.7933729e+00  -1.4802726e+00
