   4.2366201e+00   2.8188841e+00   2.0487601e+00   1.3393091e+00   1.2585233e+00   6.1674917e-01   5.1407495e-01   3.4283899e-01   7.0196222e-02  -3.7317534e-02  -8.7675097e-02  -2.4841535e-01  -2.7126693e-01  -2.8834624e-01  -2.8388179e-01  -2.5690660e-01
   3.7841292e+00   2.8963424e+00   1.8136661e+00   1.0360205e+00   1.4180004e+00   1.2620057e+00   4.2563231e-01   2.6644763e-02  -1.6756423e-01  -4.7977193e-01  -5.6140554e-01  -5.2053755e-01  -6.0573697e-01  -6.7133820e-01  -7.7248434e-01  -7.2264946e-01
   3.5718158e+00   2.8298087e+00   2.2544229e+00   1.6545556e+00   1.4068514e+00   4.6233094e-01   1.0171939e-01  -3.0945667e-01  -4.9222002e-01  -9.2236012e-01  -9.9949461e-01  -7.4971682e-01  -8.3225619e-01  -1.2385131e+00  -1.7369616e+00  -1.9200735e+00
   4.0117354e+00   3.0851972e+00   2.7112880e+00   1.5234706e+00   1.3540524e+00   9.9760433e-01   4.6058810e-01   2.8049026e-02  -2.7637989e-01  -5.4243515e-01  -8.3082098e-01  -7.2908545e-01  -9.4418440e-01  -1.1660191e+00  -1.2587524e+00  -1.1968185e+00
   3.5885208e+00   2.8467551e+00   2.1104604e+00   1.7025459e+00   1.0756685e+00   1.1278356e+00   3.5963729e-01  -3.4406630e-01  -6.7554869e-01  -1.8600763e-01  -8.7177350e-01  -9.0364323e-01  -8.7142028e-01  -1.2854754e+00  -1.7153239e+00  -1.6429796e+00
   3.6642411e+00   2.4737742e+00   2.2065344e+00   1.8053327e+00   1.5424364e+00   9.0943283e-01   5.0671109e-01  -8.1354008e-02  -5.0930596e-01  -4.0228903e-01  -9.4004179e-01  -1.0043319e+00  -9.4424325e-01  -9.9768797e-01  -1.0049512e+00  -1.0822603e+00
   3.4914989e+00   2.9944599e+00   1.7088378e+00   9.1238374e-01   9.4026455e-01   9.2701133e-01   4.0538511e-01  -5.9355000e-02  -3.4039602e-01  -4.5601846e-01  -8.0021149e-01  -7.5999858e-01  -9.8007925e-01  -9.8163651e-01  -1.2756501e+00  -1.3111404e+00
   3.4697673e+00   2.9750736e+00   1.8327323e+00   1.3999051e+00   9.0230981e-01   9.0029171e-01   5.8786187e-01  -3.0730072e-01  -4.8061181e-01  -5.2802722e-01  -7.3481725e-01  -5.8759910e-01  -9.2838313e-01  -1.0648075e+00  -1.1484440e+00  -1.1478801e+00
   2.9299988e+00   2.6684527e+00   2.5370726e+00   1.1698784e+00   6.4934212e-01   6.2428354e-01   1.6254517e-01  -3.3780337e-01  -4.4259617e-01  -5.4751642e-01  -8.2201812e-01  -7.6542140e-01  -1.0677703e+00  -1.1714711e+00  -1.4652441e+00  -1.5550153e+00
   2.8109295e+00   2.5488840e+00   2.5243507e+00   1.5799324e+00   1.3567336e+00   7.1327290e-01   8.0393848e-02   3.3787518e-01  -5.5768749e-02  -3.3227687e-01  -7.9548000e-01  -7.0447454e-01  -8.3780059e-01  -1.2327564e+00  -1.2262574e+00  -1.2747517e+00
   3.6716796e+00   2.6350952e+00   2.1992850e+00   1.7754628e+00   1.4711823e+00   7.0060949e-01   1.5482853e-01  -1.2864465e-01  -9.2610919e-02  -3.2357453e-01  -5.5642497e-01  -5.5790284e-01  -6.0097145e-01  -6.0905117e-01  -6.3470834e-01  -6.3675431e-01
   4.2966387e+00   3.5561775e+00   2.4607435e+00   1.2480188e+00   1.4387762e+00   9.8602632e-01   2.8295063e-01  -2.7484456e-01  -2.0217536e-01  -7.4627292e-01  -1.2270701e+00  -9.8522565e-01  -1.0725235e+00  -1.3937660e+00  -1.7795217e+00  -1.7411278e+00
   3.6548928e+00   2.9574420e+00   2.5277162e+00   1.6503753e+00   1.5588029e+00   8.3551179e-01   5.1670856e-01  -7.0778114e-02  -1.1943109e-01  -1.5703348e-01  -2.9909901e-01  -2.7198684e-01  -4.0213481e-01  -4.5689674e-01  -4.3859770e-01  -4.1740829e-01
   3.6015552e+00   3.2912155e+00   1.8805764e+00   1.3678012e+00   1.5202423e+00   8.3425073e-01  -4.1887043e-02  -3.4620846e-01  -1.7223984e-01  -3.1564434e-01  -6.3362743e-01  -8.2338243e-01  -9.6189076e-01  -9.4058746e-01  -1.0133049e+00  -9.5954222e-01
   4.2026414e+00   3.3459126e+00   1.6959693e+00   1.6624904e+00   1.3928969e+00   8.2730732e-01   4.5714019e-01   6.3354636e-02  -1.2633796e-01  -6.6660759e-01  -7.9604571e-01  -9.3725057e-01  -9.4688735e-01  -1.2461779e+00  -1.1629364e+00  -1.1442052e+00
   3.7844352e+00   2.6377554e+00   1.5251860e+00   1.7063553e+00   1.2974427e+00   6.5907346e-01   3.8358982e-01  -2.4902675e-01  -3.6660564e-01  -7.4849567e-01  -8.2176101e-01  -8.3570628e-01  -7.2602824e-01  -1.5398702e+00  -1.7229537e+00  -1.7659802e+00
   2.9275426e+00   2.6543984e+00   1.8322430e+00   1.7581076e+00   1.2770160e+00   1.2229453e+00   4.1318516e-01  -8.6209762e-02  -5.0043219e-01  -6.6718957e-01  -7.6372776e-01  -8.3058588e-01  -8.2107465e-01  -1.1526234e+00  -1.1815914e+00  -1.1000039e+00
   3.2568296e+00   2.9308252e+00   2.0009611e+00   1.3932327e+00   1.1619757e+00   7.1771366e-01  -1.1711303e-01   3.5305614e-02  -3.8696331e-01  -5.6974022e-01  -1.0474709e+00  -1.1133874e+00  -1.0151517e+00  -1.4638402e+00  -1.3919507e+00  -1.3798891e+00
   3.0803335e+00   2.6143715e+00   1.8771448e+00   1.3371027e+00   1.4347222e+00   6.8423019e-01   2.1026769e-02  -3.0804505e-01  -3.9954645e-01  -8.8525375e-01  -9.1596421e-01  -6.2374321e-01  -1.1108835e+00  -1.2829834e+00  -1.4502249e+00  -1.5256769e+00
   2.8294237e+00   3.0626851e+00   2.3245700e+00   1.5597360e+00   1.5279182e+00   4.2679369e-01   5.8692540e-01   4.0757454e-02  -6.1444319e-01  -1.0831494e+00  -1.0290479e+00  -2.8614442e-01  -5.8177422e-01  -9.1125322e-01  -1.1483540e+00  -1.7812459e+00
   3.1723428e+00   2.6141813e+00   2.2292637e+00   1.5962000e+00   1.3054784e+00   6.8057781e-01   4.4759724e-01   8.9808653e-03  -5.0744230e-01  -7.4380549e-01  -8.5209304e-01  -6.9919249e-01  -9.9842882e-01  -1.4982386e+00  -1.3275908e+00  -1.5747679e+00
   3.6580661e+00   3.3105464e+00   2.3185779e+00   1.8286075e+00   1.1349446e+00   8.9449391e-01   4.1344637e-01  -4.5089420e-01  -7.9048872e-01  -5.2307329e-01  -7.0589399e-01  -6.5756681e-01  -1.1137962e+00  -1.5939984e+00  -1.7225245e+00  -1.6683010e+00
   3.7220253e+00   3.0588399e+00   1.6922492e+00   1.2365084e+00   4.8333391e-01   1.5937430e-01   2.0331338e-01  -1.3807771e-03  -6.2689472e-02  -4.4950004e-01  -1.2049050e+00  -8.3329429e-01  -8.3543434e-01  -1.2330471e+00  -1.3619979e+00  -1.2382626e+00
   3.5646196e+00   2.8424156e+00   2.2598332e+00   1.3848886e+00   1.3569574e+00   9.1069304e-01   5.2471089e-01  -1.7829308e-02  -1.9443984e-03  -2.1064842e-01  -8.7620622e-01  -6.8826460e-01  -1.0093549e+00  -1.1330736e+00  -1.3283649e+00  -1.2751479e+00
   3.1171569e+00   2.9036892e+00   2.1053905e+00   1.2642583e+00   1.4120944e+00   1.0940550e+00   7.9491665e-01  -3.0603781e-01  -4.0472700e-01  -5.2579454e-01  -6.1732915e-01  -6.2178862e-01  -7.5396912e-01  -7.6457393e-01  -8.9101612e-01  -8.9616215e-01
   3.5939928e+00   3.0562382e+00   1.7737253e+00   9.9906551e-01   1.1236537e+00   1.2177302e+00   7.1371979e-01  -4.8621377e-01  -1.8489733e-01  -6.0795144e-01  -6.4757408e-01  -7.2966304e-01  -9.7138838e-01  -1.2928082e+00  -1.2392031e+00  -1.3386499e+00
   3.1821915e+00   2.7146114e+00   2.0993212e+00   1.5290599e+00   1.3666459e+00   9.4992773e-01   1.1149597e-02  -3.4155918e-01  -2.8266047e-01  -6.6194342e-01  -1.2489084e+00  -1.1392598e+00  -1.2069209e+00  -1.6647439e+00  -1.6128118e+00  -1.8430611e+00
   3.3062764e+00   2.4772556e+00   1.8421048e+00   1.5745036e+00   1.4067380e+00   6.7484138e-01   4.2714201e-01  -4.8207163e-02  -5.2616744e-01  -6.0904734e-01  -8.7789253e-01  -1.0553386e+00  -1.1550939e+00  -1.5236843e+00  -1.5024417e+00  -1.6712164e+00
   3.0060834e+00   2.6854653e+00   2.2233148e+00   1.5446461e+00   7.4798709e-01   2.5921300e-01   6.0618669e-01  -9.0439839e-02  -6.2589436e-01  -3.1596124e-01  -9.4217263e-01  -1.0398212e+00  -9.5166103e-01  -1.1757548e+00  -1.4819721e+00  -1.5970213e+00
   3.8735778e+00   3.3108860e+00   1.6720321e+00   4.5516003e-01   1.0016721e+00   1.2566649e+00   5.0321664e-01  -1.0022140e-01  -5.6641114e-01  -4.8112474e-01  -8.6482453e-01  -8.3415151e-01  -8.7568917e-01  -1.2604744e+00  -1.1358765e+00  -1.3178124e+00
   3.6749897e+00   2.8487418e+00   1.7039442e+00   1.4258272e+00   1.3931771e+00   9.7493155e-01   5.0361986e-01  -3.5819744e-01  -1.6912255e-01  -4.0659316e-01  -6.1519388e-01  -9.1220816e-01  -1.1103739e+00  -7.4403092e-01  -7.0918280e-01  -1.1542109e+00
   3.6695296e+00   2.4402738e+00   1.6227402e+00   1.6142117e+00   1.5254025e+00   6.0891084e-01   1.4665065e-01   8.1838867e-03  -2.5533226e-01  -3.7769873e-01  -9.8854981e-01  -1.0544803e+00  -1.0434001e+00  -7.0116571e-01  -9.1820949e-01  -1.3552674e+00
   3.9927374e+00   2.7388296e+00   1.7441128e+00   1.6376635e+00   1.4381212e+00   7.0507172e-01   1.2901980e-01   1.4288394e-01  -1.2995647e-01  -3.4249471e-01  -8.5278965e-01  -8.2401846e-01  -8.4137631e-01  -5.3058988e-01  -1.0318751e+00  -1.3483856e+00
   3.4523808e+00   2.3884845e+00   2.1853404e+00   1.8706246e+00   9.7367368e-01   8.3929139e-01   5.5257949e-01   3.0394424e-02  -2.2564205e-01  -4.1817249e-01  -6.2905942e-01  -6.8769181e-01  -7.0544021e-01  -1.2806928e-01  -4.2180767e-01  -7.2682395e-01
   3.0675684e+00   1.9358412e+00   1.6832863e+00   1.4461530e+00   8.8411104e-01   1.0013511e+00   5.9758651e-01   2.1951317e-01  -8.1839780e-02  -2.6803114e-01  -6.0460635e-02  -4.2052171e-01  -1.0389354e+00   4.9510908e-02  -7.6164893e-02  -1.0910665e+00
   3.7498441e+00   2.0827152e+00   1.9803544e+00   1.8330565e+00   1.3070467e+00   1.3213640e+00   4.0691804e-01  -1.1678454e-01  -1.4622706e-01  -4.0214535e-01   3.2738559e-01   3.1290735e-01  -2.0633142e-01   5.4897920e-01   5.8662932e-01  -3.5489926e-01
   4.2256227e+00   2.6006516e+00   2.5200693e+00   2.0142191e+00   1.5052187e+00   1.1468684e+00   5.0853661e-01  -4.2593154e-02  -3.3440471e-01  -5.2692439e-01   2.3340557e-01   5.2798687e-01   1.5650841e-01   7.0561517e-01   7.9287308e-01  -5.9672714e-01
   4.3175754e+00   2.9310243e+00   2.2069269e+00   1.9855859e+00   1.6943772e+00   1.1856906e+00   6.7221213e-01   7.4390049e-02  -4.0782680e-01  -5.2825519e-01   9.6182131e-02   5.4499840e-01   2.1813019e-01   7.8057470e-01   1.0819390e+00  -3.9247314e-01
   3.5848302e+00   3.3707736e+00   2.6512359e+00   1.9757214e+00   1.1564544e+00   6.0922373e-01   1.3172769e-01  -3.7029472e-02  -3.4808100e-01  -3.1234145e-01   2.4933030e-02   5.0836832e-01  -3.0666033e-02   6.5928591e-01   9.7352652e-01  -5.5940753e-01
   3.3298019e+00   3.0036124e+00   2.2267819e+00   1.7237455e+00   1.1566353e+00   7.3699961e-01   3.3187152e-01   2.9418460e-01  -4.7974810e-01  -6.9920072e-01  -1.2140454e-01   2.4088596e-01   7.8584635e-02   6.9010341e-01   1.0267208e+00  -3.2498522e-01
   3.1602379e+00   2.4308851e+00   2.3608323e+00   1.7625605e+00   1.0417577e+00   5.5660576e-01  -6.3263373e-02   9.5420992e-02  -3.6932205e-01  -4.8877729e-01  -7.5076785e-02   2.3796533e-01   1.6823581e-01   6.6151257e-01   9.6465430e-01  -1.8643324e-01
   3.6399794e+00   3.1875468e+00   2.8645819e+00   1.5410523e+00   5.2031099e-01   7.3310938e-01   1.9915238e-01   4.5860745e-02  -2.3000579e-02  -6.7577562e-01  -7.3713035e-01  -1.2353901e-01   3.8658322e-01   9.1685581e-01   1.1320867e+00  -5.4887160e-01
   3.5834287e+00   3.3389618e+00   2.7912987e+00   1.7277570e+00   3.8355525e-01   8.3372781e-01   2.2615858e-01  -8.7896640e-02   5.4689805e-02  -5.2804802e-01  -4.6047276e-01   1.8586997e-01   5.9672742e-01   8.7799086e-01   1.2244135e+00  -6.8242337e-01
   3.3226229e+00   2.7539732e+00   1.9477510e+00   1.6110216e+00   9.8054624e-01   1.3310250e+00   1.4518883e-01  -3.5050965e-01  -1.4673022e-01  -4.7521020e-01  -5.7256864e-01  -1.9041056e-02   4.2140400e-01   7.6920487e-01   1.0544107e+00  -5.3410564e-01
   3.2179071e+00   2.5227116e+00   2.0474397e+00   1.5941105e+00   8.6615554e-01   8.6513821e-01   5.0170552e-01  -1.1187484e-01  -5.3466505e-01  -5.6196702e-01  -4.4913546e-01  -6.4758069e-02   2.4508484e-01   7.4080942e-01   9.5432565e-01  -6.2041131e-01
   3.3535842e+00   2.9872607e+00   2.1548662e+00   1.8874729e+00   1.4909083e+00   9.1257857e-01   3.0693646e-01  -1.6862303e-01  -4.1379858e-01  -4.4366725e-01  -6.7621266e-01   4.5765955e-02   2.7821648e-01   7.6564791e-01   1.1246367e+00  -5.6209614e-01
   2.9220022e+00   2.5871516e+00   2.3607429e+00   1.4953790e+00   1.0750811e+00   8.3260389e-01   7.7527803e-01   1.7452932e-01  -1.5953010e-01  -2.9862168e-01  -5.3185018e-01   3.4225254e-03   3.9078103e-01   6.2418197e-01   8.1409968e-01  -3.9914601e-01
   3.3526444e+00   2.8921604e+00   2.1859222e+00   1.4648370e+00   1.2609917e+00   1.3533423e+00   2.3748175e-01  -1.8135902e-01  -2.1653828e-01  -7.8074049e-01  -8.4943853e-01  -1.9050580e-01   3.2195420e-01   5.2956538e-01   8.0809989e-01  -6.0847083e-01
   3.6433721e+00   2.3982168e+00   1.7234380e+00   1.5258912e+00   1.1493891e+00   1.1202683e+00   6.7615861e-01  -1.8287372e-01  -4.8822238e-01  -6.1284190e-01  -7.9217089e-01  -2.4865877e-01   2.2345146e-01   6.7321198e-01   1.0312018e+00  -7.9515015e-01
   3.8412761e+00   2.6824914e+00   2.3094832e+00   1.6692731e+00   1.3843374e+00   8.2512496e-01   4.3247540e-01   1.5091661e-01  -4.1870865e-01  -4.5280166e-01  -5.6235724e-01  -9.5784061e-02   3.6932707e-01   4.1508879e-01   7.0390816e-01  -5.0213074e-01
   4.2939926e+00   2.8025506e+00   2.3188364e+00   2.0452719e+00   1.4191455e+00   7.7925586e-01   2.0428031e-01   1.5623025e-01  -1.5984021e-01  -4.5088979e-01  -3.3419162e-01  -7.0781782e-02   4.1844871e-01   6.4655892e-01   7.2326262e-01  -4.3859461e-01
   3.6163798e+00   2.9436901e+00   2.3871708e+00   1.6259342e+00   1.2079545e+00   9.2803608e-01   8.8136913e-01   1.7987489e-01  -1.7990060e-01  -2.4035177e-01  -3.0484877e-01  -1.0551784e-01   3.8143397e-01   5.9355438e-01   6.5389203e-01  -3.3783418e-01
   3.9968480e+00   2.5879872e+00   2.1808770e+00   1.8747481e+00   1.1161512e+00   3.7183494e-01   3.7084638e-01  -2.4678980e-01  -2.4905192e-01  -4.0574889e-01  -6.7083702e-01  -1.9507364e-01   4.5969889e-01   5.5880779e-01   5.6395368e-01  -4.3816712e-01
   3.9360738e+00   2.9104255e+00   1.9008934e+00   1.4928497e+00   1.1584526e+00   2.5154095e-01   5.8856070e-01   5.7269401e-02   3.3124607e-02  -4.3339025e-01  -5.1044945e-01  -2.2491707e-01   4.4289816e-01   4.9911206e-01   7.7872093e-01  -5.0980740e-01
   3.4667951e+00   2.7990944e+00   2.4743796e+00   1.8361047e+00   1.1532283e+00   7.7532495e-01   2.5706152e-01  -1.4838802e-01  -1.5106659e-01  -2.3448448e-01  -6.8184613e-01  -3.3438976e-01   4.4122117e-01   5.3332360e-01   7.6266476e-01  -7.7354594e-01
   4.1912427e+00   3.1484783e+00   2.5282876e+00   1.8111703e+00   1.1309489e+00   7.2035674e-01   4.5686032e-01   2.1659364e-01  -1.4428277e-01  -3.7751695e-01  -5.7278652e-01  -3.2047369e-01   2.0929423e-01   5.9922586e-01   5.6055960e-01  -6.6927456e-01
   3.5712346e+00   2.9753580e+00   2.5047873e+00   2.1815613e+00   1.3150284e+00   2.6636725e-01   1.7433360e-01   8.2304820e-02   6.9678718e-02  -1.4273876e-01  -2.9407241e-01  -9.9325816e-02   2.7547250e-01   5.2507840e-01   5.0008845e-01  -3.0368495e-01
   3.1172663e+00   3.1867286e+00   2.6235747e+00   1.5821675e+00   8.6625756e-01   1.0040925e+00   4.8379548e-01   5.8901698e-02   2.1039204e-01  -6.8966240e-01  -8.2903070e-01  -2.6961691e-01   2.4202524e-01   2.9849701e-01   2.1504186e-01  -8.7832345e-01
   3.6844239e+00   2.6221858e+00   2.1590801e+00   1.5344719e+00   1.2702154e+00   1.1629638e+00   2.9159523e-01  -2.6587981e-01  -9.1050280e-02  -5.3177725e-01  -7.4987378e-01  -1.5523300e-01   2.1424200e-01   2.9325839e-01   1.5323492e-01  -7.9291267e-01
   3.0264870e+00   2.3550722e+00   1.8051186e+00   1.3176795e+00   1.3812280e+00   1.0997309e+00   4.8639927e-01   2.1200405e-02   1.9509131e-01  -5.4779692e-01  -6.3632267e-01  -3.5104337e-01  -1.7123597e-01   9.5119999e-02  -2.0025950e-02  -5.4116916e-01
   3.9101293e+00   3.0935042e+00   2.7046951e+00   2.0077842e+00   1.6701796e+00   6.0167148e-01   1.3069027e-01   1.3078288e-01  -2.8429659e-01  -7.4129513e-01  -1.0383878e+00  -5.0671363e-01  -5.1999930e-02  -8.0009234e-02  -3.5316552e-01  -1.2141480e+00
   3.4800629e+00   2.4138671e+00   2.7009540e+00   2.0371876e+00   1.6205112e+00   1.0371325e+00   2.9143894e-01  -5.8538543e-02   6.6970442e-02  -5.8873154e-01  -1.1124014e+00  -4.2975020e-01  -3.0978646e-01  -4.9690356e-01  -3.8032305e-01  -1.1715688e+00
   3.4928888e+00   2.9648012e+00   2.1768304e+00   1.7912119e+00   1.3001247e+00   1.0465712e+00   9.3798679e-02  -8.9868434e-02   1.4456692e-01  -2.4359590e-01  -5.2869699e-01  -2.3536411e-01  -3.1669671e-01  -4.6203289e-01  -1.7361423e-01  -6.3487735e-01
   3.7638799e+00   3.1069676e+00   2.3584066e+00   1.5871831e+00   1.1781788e+00   1.1608214e+00  -1.4881065e-03  -1.2663782e-01  -1.3313972e-01  -8.8943466e-01  -9.4788146e-01  -4.5270121e-01  -7.0323939e-01  -5.3676921e-01  -3.5476538e-01  -1.1677995e+00
   3.5900391e+00   3.0092770e+00   2.0178161e+00   1.6782486e+00   9.6537570e-01   7.9746631e-01  -2.4780225e-01  -3.0623936e-01  -1.6295868e-01  -5.2777752e-01  -8.3713155e-01  -7.8402104e-01  -7.3077657e-01  -6.3427083e-01  -6.5290595e-01  -1.4330054e+00
   3.0109881e+00   2.7654111e+00   1.8099760e+00   1.4739968e+00   1.4829760e+00   1.2552830e+00   1.6384241e-01  -1.8172732e-01  -1.1360649e-01  -4.7809486e-01  -1.1320311e+00  -7.5302502e-01  -9.7486434e-01  -1.5303186e+00  -1.1144707e+00  -1.3373636e+00
   3.3260064e+00   3.1076553e+00   2.1156596e+00   1.4326418e+00   1.0950587e+00   1.4323959e+00   2.8375386e-01   1.1636171e-01  -3.9611212e-01  -8.2324910e-01  -9.8997773e-01  -6.5169935e-01  -9.0272453e-01  -6.1646084e-01  -7.0129898e-01  -1.0273706e+00
   3.1027799e+00   2.9466408e+00   1.9992077e+00   1.0212463e+00   1.0334153e+00   1.1032328e+00   3.2109159e-01   1.6086289e-01  -5.8163919e-01  -5.0317583e-01  -7.0921792e-01  -5.7479867e-01  -8.2369482e-01  -7.8795289e-01  -8.6295850e-01  -8.5958960e-01
   4.1787446e+00   2.4672971e+00   1.9713123e+00   1.6201468e+00   9.4369503e-01   5.8021110e-01   8.5043943e-01   5.8926423e-03  -5.1801456e-01  -5.0189759e-01  -6.7762203e-01  -7.0095431e-01  -8.1717828e-01  -1.0278827e+00  -9.4144065e-01  -9.0409503e-01
   4.2060147e+00   2.9655627e+00   1.7788083e+00   1.7033004e+00   1.3089374e+00   5.9752901e-01   7.8597979e-03   9.0473089e-02  -1.8402149e-01  -1.2100627e+00  -1.3930016e+00  -1.0346051e+00  -1.2560443e+00  -1.4517366e+00  -1.5031695e+00  -1.5223454e+00
   4.0029558e+00   2.8944553e+00   1.9759041e+00   1.4414319e+00   9.0038480e-01   5.8014164e-01   8.0751848e-02   3.3809996e-01  -1.2666006e-01  -3.4233813e-01  -3.9225941e-01  -3.5242070e-01  -3.9254756e-01  -4.1328968e-01  -4.1914334e-01  -3.9545781e-01
   3.4762356e+00   2.6925701e+00   1.9645100e+00   1.3918091e+00   7.9971829e-01   8.2578338e-01   3.7377025e-01  -1.6194506e-01  -5.1213643e-01  -7.2905248e-01  -8.0543120e-01  -8.8136076e-01  -9.7851372e-01  -1.0136274e+00  -1.1857342e+00  -1.2437965e+00
   3.6907524e+00   2.2789323e+00   1.8661028e+00   9.8852008e-01   8.5460416e-01   7.8172588e-01   1.5862749e-01  -2.6468125e-01  -4.3143001e-01  -6.4409072e-01  -1.0018688e+00  -8.7543238e-01  -1.0174179e+00  -1.1643073e+00  -1.2564543e+00  -1.1581481e+00
   3.4128835e+00   2.8132384e+00   1.3476662e+00   1.2534018e+00   1.2557251e+00   9.5795720e-01   2.2859701e-01   2.1403272e-01  -3.7167215e-01  -5.7196608e-01  -7.1528207e-01  -8.0057086e-01  -8.1684451e-01  -1.0155728e+00  -1.0452360e+00  -1.1014526e+00
   2.7927382e+00   2.5595257e+00   1.6501213e+00   1.1828206e+00   8.7784076e-01   9.9933121e-01   7.1439901e-01  -2.1833901e-04  -6.5490602e-01  -8.8046730e-01  -8.6366452e-01  -9.9222649e-01  -9.8782998e-01  -1.3887535e+00  -1.4642640e+00  -1.4435000e+00
   3.0003731e+00   2.6350851e+00   1.9154118e+00   1.4942593e+00   9.6789555e-01   7.0167181e-01   6.8592731e-01  -8.1142875e-02  -5.1354177e-01  -6.5296999e-01  -8.4921791e-01  -9.3151800e-01  -9.2355342e-01  -1.0706122e+00  -1.1681983e+00  -1.1626761e+00
   3.5170462e+00   2.1628933e+00   2.0387022e+00   1.2192972e+00   9.2065965e-01   4.5751823e-01   3.3684818e-01  -2.1510606e-01  -4.5922238e-01  -6.6782080e-01  -8.3006246e-01  -1.0213206e+00  -1.4441130e+00  -1.5248122e+00  -1.7238980e+00  -1.8055972e+00
   3.9026690e+00   2.6772144e+00   1.7709797e+00   1.4217251e+00   8.8233437e-01   7.4512854e-01   4.2103137e-01   2.9723654e-01  -1.6310153e-01  -4.9658051e-01  -8.8184665e-01  -1.1184035e+00  -1.3958879e+00  -1.5994546e+00  -1.5403564e+00  -1.6269997e+00
   3.4708213e+00   2.6047356e+00   1.6806107e+00   1.3939012e+00   7.0416596e-01   9.5107502e-01   1.4502718e-01  -2.9502304e-01  -2.8010737e-01  -3.4080714e-01  -1.0855669e+00  -1.2571572e+00  -1.1094253e+00  -1.8267423e+00  -1.7549481e+00  -1.8449939e+00
   3.9284151e+00   3.0231230e+00   1.9081925e+00   1.1544530e+00   1.2225337e+00   1.2330299e+00   5.3192960e-01  -1.0308301e-02  -3.0763350e-01  -8.4843911e-01  -7.7970884e-01  -8.7906316e-01  -1.3448577e+00  -1.6864373e+00  -1.5398911e+00  -1.5395233e+00
   3.4460000e+00   2.8320541e+00   1.5326512e+00   1.3735513e+00   1.0781337e+00   5.8656210e-01   4.0359173e-01   6.8017062e-02  -1.7235660e-01  -4.6880730e-01  -9.0873895e-01  -8.5051517e-01  -9.1851166e-01  -1.0559475e+00  -1.1669573e+00  -1.1442002e+00
   3.5146805e+00   2.7330453e+00   1.6329599e+00   1.8291688e+00   1.0262501e+00   3.8141371e-01   4.1130142e-01   1.6674042e-01  -4.9537796e-02  -6.9366651e-01  -1.3470847e+00  -9.9835568e-01  -1.1033441e+00  -1.3726809e+00  -1.7417976e+00  -1.8383763e+00
   3.7692619e+00   2.8212964e+00   1.6723068e+00   1.2139514e+00   9.2223608e-01   9.3635996e-01   5.2331347e-01   2.0664139e-01  -9.4168974e-02  -5.5455842e-01  -5.5767075e-01  -5.4645379e-01  -7.7503674e-01  -9.1173568e-01  -9.0923245e-01  -8.6013428e-01
   4.0862943e+00   3.1453892e+00   2.3947921e+00   1.6474842e+00   9.3982538e-01   7.9041424e-01   7.4854057e-01   1.8209841e-01  -2.4167802e-01  -2.6624205e-01  -1.0782721e+00  -1.1606049e+00  -1.3338675e+00  -1.5886923e+00  -1.5754902e+00  -1.5448913e+00
   4.0558098e+00   3.0801710e+00   2.2289102e+00   1.6082038e+00   8.7483446e-01   2.3262505e-01   3.6274203e-01  -1.6751478e-01  -4.9013173e-02  -3.7445873e-01  -6.8218256e-01  -7.4348952e-01  -8.4829446e-01  -1.0521837e+00  -1.2638618e+00  -1.1741360e+00
   3.6310135e+00   2.7553485e+00   2.1101260e+00   1.9678277e+00   1.6501630e+00   5.9109386e-01   1.6614237e-01   1.4549029e-01   6.7989618e-02  -2.8441549e-01  -7.7376829e-01  -8.4597636e-01  -9.9074874e-01  -1.5359328e+00  -1.9310687e+00  -2.1463070e+00
   3.3121008e+00   2.3582096e+00   1.5268071e+00   1.7845642e+00   1.2836054e+00   6.7428592e-01   4.8870578e-01   1.0686017e-01   5.4563121e-02  -1.9625522e-02  -2.8257593e-01  -3.0517043e-01  -3.3312735e-01  -3.9118485e-01  -3.6858377e-01  -3.4959237e-01
   3.4410522e+00   3.0544465e+00   2.2896149e+00   1.5178110e+00   1.3038325e+00   1.0377148e+00   2.3763096e-01   2.2523999e-02  -1.8181762e-01  -3.2926283e-01  -3.8820449e-01  -4.7170296e-01  -5.1870658e-01  -5.3975504e-01  -5.4898670e-01  -5.2087589e-01
   3.5417597e+00   2.6086127e+00   1.4379610e+00   1.5075064e+00   1.2298864e+00   7.3833080e-01   4.1461929e-01  -4.0457362e-02  -2.4644737e-01  -5.0641886e-01  -6.1175653e-01  -6.5473485e-01  -9.1293512e-01  -9.8964875e-01  -1.0017572e+00  -9.8244928e-01
