   3.0908043e+00   2.5240691e+00   2.6434620e+00   2.2870922e+00   1.2828636e+00   1.3034367e+00   1.2079092e+00   9.5475111e-01   2.8186832e-01   3.6983946e-01   3.8815094e-01   6.7654671e-01   3.7357096e-01   6.8132387e-02  -1.0633151e-01  -2.6419795e-01
   3.5170795e+00   2.5224280e+00   2.2970108e+00   2.4567975e+00   2.1744406e+00   1.7447603e+00   7.0566094e-01   1.0760529e+00   6.9160946e-01   4.1126530e-01   5.1561666e-01   4.7900269e-01   1.1465956e-01  -2.7690014e-01  -9.8509509e-02  -1.3465204e-01
   3.6771982e+00   3.4650160e+00   2.5885879e+00   1.9735825e+00   1.7366439e+00   1.6012715e+00   1.1291611e+00   9.8118923e-01   9.8345610e-01   3.5202714e-01   2.9987692e-01   7.1651266e-01   2.5105848e-01   5.7690750e-02  -2.7478753e-03   5.3287960e-04
   3.5441395e+00   3.2113143e+00   2.5013178e+00   1.7242349e+00   1.6342474e+00   1.4379155e+00   1.3245596e+00   1.3625984e+00   1.1162736e+00   5.9283186e-01   5.4133603e-01   8.6461544e-01   5.6270395e-01   2.5162598e-01   2.8768071e-01   7.3592355e-02
   3.8718365e+00   3.6953124e+00   2.9417932e+00   1.8898961e+00   1.8687555e+00   1.9418373e+00   1.2195535e+00   4.7953495e-01   7.7756211e-01   5.7631630e-01   6.7788617e-01   6.3052739e-01   3.4185922e-01  -9.1848316e-02  -1.2373345e-02  -2.5036639e-01
   3.5674437e+00   3.2344096e+00   2.9580916e+00   2.5029910e+00   1.9544015e+00   1.8667696e+00   1.3013056e+00   1.4543293e+00   7.6651991e-01   5.2659776e-01   7.6629629e-01   5.0709114e-01   6.1018902e-01  -2.2321133e-01  -1.4429038e-01   1.7591577e-01
   3.8121939e+00   3.0479776e+00   2.1521914e+00   2.4778377e+00   2.2334582e+00   1.7602219e+00   1.2905449e+00   1.2307174e+00   8.1059147e-01   6.0998995e-01   3.9587630e-01   4.2940404e-01   2.3601357e-01   1.4021452e-01   3.4536420e-02   6.0318841e-02
   4.3418741e+00   3.5231464e+00   2.8823776e+00   1.8828266e+00   1.3414126e+00   1.7847199e+00   1.3848128e+00   9.0138706e-01   8.3626703e-01   6.8663612e-01   3.8654358e-01   7.3339620e-01   3.7511111e-01   2.1611071e-01  -5.2990650e-02  -1.4829378e-01
   3.8294775e+00   3.2800009e+00   2.8191156e+00   2.2053401e+00   1.4360239e+00   1.1696226e+00   1.2709368e+00   1.0230256e+00   8.0005042e-01   6.8754573e-01   3.8542828e-01   5.1206791e-01   4.0971029e-01   1.0253932e-02  -5.4533713e-02   9.9192972e-03
   4.0640640e+00   3.3022957e+00   2.2533250e+00   1.9120048e+00   1.7502141e+00   1.1365770e+00   1.0905049e+00   1.0581733e+00   5.6583842e-01   3.8849056e-01   1.8166826e-01   3.1656527e-01   1.8593605e-01  -1.1600919e-01  -3.6542347e-01  -1.5002575e-01
   3.3572667e+00   2.9116078e+00   2.1191009e+00   1.9531368e+00   1.8659790e+00   1.7257573e+00   1.2331560e+00   8.6527616e-01   5.8256594e-01   5.4590658e-01   1.7053788e-01   5.6188165e-01   6.8111690e-01   2.0215284e-01   1.6345411e-01  -1.6839082e-01
   3.5673403e+00   2.9905364e+00   2.1988208e+00   2.2602393e+00   2.0477021e+00   1.8316382e+00   1.0486808e+00   1.1938312e+00   6.5363755e-01   5.5983332e-01   5.5122899e-01   6.3534053e-01   6.0403272e-01   1.2308423e-01  -2.0242034e-02  -2.1331861e-01
   3.1647303e+00   3.1334871e+00   2.4512742e+00   2.3454963e+00   1.6673174e+00   1.1893756e+00   1.0279226e+00   1.0725391e+00   7.1094069e-01   3.0613616e-01   5.4729447e-01   6.2365950e-01   5.8053023e-01   1.0984818e-01  -1.2805750e-01  -4.5684272e-01
   3.6315757e+00   2.9187346e+00   2.2390662e+00   2.1148745e+00   1.8939022e+00   1.8694611e+00   1.3435971e+00   9.6315920e-01   1.2160726e+00   7.0992369e-01   8.0977901e-01   8.1107291e-01   5.6732492e-01  -7.6931620e-02  -3.7170355e-01  -3.8735457e-01
   3.2400104e+00   3.2410917e+00   2.4409805e+00   2.3788756e+00   2.0236262e+00   1.4448168e+00   9.5426526e-01   8.8809545e-01   1.0158340e+00   3.6602658e-01   5.0399272e-01   8.0765683e-01   3.4267735e-01  -8.1257306e-02  -2.5776441e-02  -3.0188898e-01
   3.5751983e+00   3.2196763e+00   2.4948212e+00   2.2881602e+00   2.1413240e+00   1.5699353e+00   1.1553526e+00   1.2100564e+00   7.4860280e-01   2.5390844e-01   5.5396217e-01   8.4842895e-01   5.0099492e-01   3.3598349e-02  -2.7775491e-02  -1.1487568e-01
   3.1273747e+00   2.8958000e+00   2.1090139e+00   1.6517644e+00   1.7992434e+00   1.4999159e+00   1.1390147e+00   6.2147025e-01   8.6366422e-01   5.6377107e-01   6.3475404e-01   7.6217601e-01   2.5124672e-01  -1.6263185e-02  -4.3871138e-02  -6.6747020e-02
   3.8521250e+00   3.3732545e+00   1.9535128e+00   1.9471109e+00   1.5252491e+00   1.4846819e+00   1.3612527e+00   1.2712335e+00   8.3569492e-01   8.9908690e-01   6.9155531e-01   4.8329665e-01   3.6767440e-01  -4.7195709e-02   7.5923790e-02  -7.0497982e-03
   3.1123802e+00   2.3951466e+00   2.3684607e+00   2.3513177e+00   2.0297884e+00   1.6527594e+00   1.3957211e+00   1.0285711e+00   6.6055296e-01   5.9494168e-01   2.5359605e-01   2.8524270e-01   3.3627937e-01   2.8704838e-01   6.9201621e-02   8.6927422e-04
   3.4383521e+00   3.3147045e+00   2.7315831e+00   2.2298749e+00   1.4699072e+00   1.6576083e+00   1.5504880e+00   1.1523134e+00   9.0650196e-01   4.0339004e-01   3.0140625e-01   4.0233234e-01   2.8344096e-01   4.0715202e-02   7.6989333e-03  -1.2547836e-01
   3.8333303e+00   3.4957677e+00   3.0937490e+00   1.8051589e+00   1.5731912e+00   1.4189131e+00   9.9403699e-01   9.2264098e-01   1.2804655e+00   6.4091358e-01   3.1051751e-01   4.8868153e-01   3.0710793e-01   3.0645062e-03  -1.4113027e-01  -2.4931472e-01
   3.8868550e+00   3.1274265e+00   2.7057263e+00   2.0087785e+00   1.5356519e+00   1.5848793e+00   7.9681459e-01   7.7244782e-01   6.7902039e-01   5.6825923e-01   3.9310436e-01   3.9193316e-01   2.2761387e-01   3.5539613e-02  -1.4990790e-01  -3.2009454e-01
   4.1490233e+00   3.4095863e+00   2.7311564e+00   2.1123470e+00   1.6668244e+00   1.4681200e+00   8.7720207e-01   7.2178459e-01   9.2423475e-01   4.2975743e-01   4.6639311e-01   6.5040782e-01   1.9867857e-01  -2.5079979e-01  -2.8155584e-01  -6.8964019e-02
   4.3124308e+00   3.4447177e+00   2.1729180e+00   2.0841608e+00   1.7895460e+00   1.6585064e+00   1.4406011e+00   1.2480213e+00   1.0218103e+00   3.8390931e-01   3.2845220e-01   6.4156158e-01   4.4745515e-01   2.3705776e-01   1.8306813e-02   1.6141381e-01
   3.5524350e+00   2.9958285e+00   2.7954783e+00   1.9485310e+00   1.8546653e+00   1.2047539e+00   7.2992137e-01   1.1399425e+00   1.1189459e+00   7.7716761e-01   2.9107888e-01   3.9385920e-01   4.4555746e-01   1.6684297e-01   1.3009619e-01   2.0231544e-01
   4.0090082e+00   3.4220916e+00   2.2004195e+00   2.1869951e+00   1.1990341e+00   1.3496369e+00   1.3150365e+00   9.8321711e-01   1.1452414e+00   6.0241301e-01   1.3353149e-01   5.1632650e-01   6.2596628e-01  -5.6993301e-02   4.7068752e-03  -1.1309671e-01
   4.1594239e+00   2.6020182e+00   2.3180932e+00   1.5725622e+00   1.5018897e+00   1.2924177e+00   1.1433368e+00   7.5876900e-01   7.3214078e-01   8.4978335e-01   9.1345736e-01   8.1098607e-01   6.7997177e-01   2.6794288e-01   1.5307606e-01   8.0471768e-02
   3.5299031e+00   2.4529555e+00   1.9429468e+00   1.7494332e+00   1.7094404e+00   1.8165414e+00   1.5290949e+00   9.8804302e-01   4.3428179e-01   7.4734374e-01   7.9129940e-01   7.4395081e-01   3.0536418e-01   2.5621477e-01   3.5877181e-01   2.6261744e-01
   4.1631504e+00   2.4475059e+00   1.9410898e+00   1.5849004e+00   1.8046441e+00   1.3002281e+00   1.2435779e+00   9.2439230e-01   6.3030110e-01   6.7579951e-01   3.7633967e-01   6.1706660e-01   4.3670171e-01   3.9027012e-01   2.2336016e-01  -3.7212850e-03
   3.1226525e+00   1.8506292e+00   1.4119568e+00   1.5930470e+00   1.7309230e+00   1.7008887e+00   1.1204992e+00   7.7447717e-01   7.3490725e-01   2.3136500e-01   1.4406093e-01   4.1998752e-01   6.1281182e-01   4.1684972e-01   3.4090546e-01   4.4785087e-02
   3.2610398e+00   3.2151890e+00   2.6032357e+00   2.3130056e+00   2.2170413e+00   1.8211068e+00   9.8332939e-01   1.0643784e+00   2.8787927e-01   1.0684725e-01   5.9845903e-01   6.2890277e-01   5.5877886e-01   3.0853680e-01   5.6207305e-01  -3.4488316e-02
   3.6550985e+00   3.2513171e+00   2.4411451e+00   1.4696399e+00   1.5959357e+00   1.3074307e+00   8.6634954e-01   8.6398745e-01   8.8818093e-01   2.9307812e-01   3.0467046e-01   4.9500980e-01   6.8304862e-01   7.6516799e-01   1.1599963e+00  -1.7057990e-01
   3.0320759e+00   3.2303934e+00   2.4421874e+00   2.1465938e+00   1.5954503e+00   8.6785725e-01   7.1340035e-01   1.2024775e+00   8.4377104e-01   4.8956655e-01   3.4922194e-01   7.7629627e-01   1.2123388e+00   1.5584138e+00   1.9466571e+00   3.5912545e-01
   3.1619346e+00   3.8875748e+00   3.0636369e+00   1.9395251e+00   1.3819083e+00   1.6099188e+00   1.2992987e+00   9.8995364e-01   7.3730518e-01   5.3011367e-01   4.1669220e-01   7.9597305e-01   1.3200019e+00   2.0015379e+00   2.2257464e+00   5.9463196e-01
   3.9392433e+00   2.9729169e+00   2.3525260e+00   2.1553210e+00   1.9206048e+00   1.4844313e+00   1.2654585e+00   1.0064457e+00   6.0768692e-01   4.4801942e-01   6.2021044e-01   8.8210002e-01   1.4632891e+00   2.0881283e+00   2.4272755e+00   5.0804750e-01
   3.6687964e+00   3.1878755e+00   2.4720126e+00   2.1645654e+00   1.6516195e+00   1.1742670e+00   8.6436516e-01   7.9155686e-01   6.7696571e-01   5.4535103e-01   4.7425936e-01   8.6302095e-01   1.5010491e+00   2.1706022e+00   2.6815594e+00   6.1088247e-01
   3.5395185e+00   3.0430079e+00   2.5816860e+00   2.1131128e+00   1.8179328e+00   1.5663183e+00   1.1300773e+00   1.1719352e+00   7.2481034e-01   4.5271872e-01   4.8488324e-01   7.9417630e-01   1.3102719e+00   2.2291990e+00   2.7760175e+00   6.3759073e-01
   3.0791905e+00   3.5508235e+00   2.5601066e+00   2.1314906e+00   1.9086038e+00   1.7792146e+00   1.2532722e+00   8.4165637e-01   1.0716111e+00   6.1027469e-01   5.4437899e-01   1.1203962e+00   1.2123122e+00   2.1782388e+00   2.6119375e+00   6.7563823e-01
   3.0242991e+00   2.8073020e+00   2.5784547e+00   2.2656852e+00   1.9029117e+00   1.8630035e+00   1.2175950e+00   6.7762594e-01   7.4339628e-01   3.9042787e-01   4.5651258e-01   1.4687357e+00   1.6696862e+00   2.3103252e+00   2.7616155e+00   6.7982914e-01
   3.4535390e+00   3.4665730e+00   2.9033859e+00   1.8720240e+00   1.5708130e+00   1.2003687e+00   1.4337522e+00   9.8601638e-01   6.7507227e-01   2.3001041e-01   5.8490636e-01   1.1936649e+00   1.6163870e+00   2.1785905e+00   2.6613599e+00   6.0159654e-01
   3.4256660e+00   2.7161710e+00   2.1719871e+00   1.7811659e+00   1.4137317e+00   1.4343526e+00   1.2693829e+00   7.4957556e-01   6.1700216e-01   2.4755370e-01   1.9309165e-01   9.3674558e-01   1.4618760e+00   2.1715068e+00   2.6864289e+00   6.4507288e-01
   3.8024657e+00   2.4841965e+00   2.1433092e+00   2.1418531e+00   1.8764715e+00   1.7895278e+00   1.3572762e+00   1.1766553e+00   9.8372039e-01   7.4176135e-01   8.0896804e-01   1.0613650e+00   1.4330949e+00   2.1391816e+00   2.7097974e+00   7.4365270e-01
   3.5001840e+00   3.0710236e+00   2.2553312e+00   2.2157650e+00   2.1170074e+00   1.5590787e+00   9.9633972e-01   1.1028517e+00   1.1301140e+00   8.4417212e-01   7.9767675e-01   1.1525830e+00   1.4383803e+00   2.0434757e+00   2.4564300e+00   6.6569519e-01
   3.6334920e+00   3.4337215e+00   2.4410171e+00   2.2037390e+00   1.7780140e+00   1.4526501e+00   1.3171764e+00   9.0250104e-01   5.9501189e-01   3.0147494e-01   5.8920740e-01   1.1057065e+00   1.4677505e+00   2.0738967e+00   2.5506860e+00   6.9751275e-01
   3.5628938e+00   3.2362271e+00   2.4363582e+00   2.1276999e+00   1.7884081e+00   1.0189407e+00   1.0218332e+00   1.1771557e+00   9.1419438e-01   4.2734356e-01   4.9899724e-01   7.7484545e-01   1.2458510e+00   1.8939213e+00   2.3581611e+00   6.5217204e-01
   3.3470178e+00   3.0604084e+00   3.0372119e+00   2.5986484e+00   1.8841021e+00   1.7970974e+00   1.6771937e+00   8.7217268e-01   6.7611097e-01   4.1306010e-01   4.8954144e-01   8.9017201e-01   1.3913997e+00   1.9920752e+00   2.4286293e+00   6.3719786e-01
   3.7916195e+00   2.8015211e+00   2.4578121e+00   2.3578159e+00   2.2507397e+00   1.8352031e+00   1.3583546e+00   9.2048851e-01   5.6614376e-01   2.6934015e-01   2.3703347e-01   6.9554310e-01   1.1494408e+00   1.9118112e+00   2.4256765e+00   3.4824424e-01
   3.0946161e+00   3.0552656e+00   2.8467658e+00   2.4760427e+00   1.7215228e+00   1.4666557e+00   9.1194692e-01   7.9741439e-01   7.7326960e-01   6.2797522e-01   3.1821215e-01   8.1333495e-01   1.2545989e+00   1.8499241e+00   2.3929554e+00   3.5767850e-01
   3.2972742e+00   2.9078947e+00   2.3965131e+00   2.3346788e+00   2.0607155e+00   1.5062553e+00   1.3844314e+00   1.0187545e+00   9.2005134e-01   3.5738824e-01   4.8969082e-01   7.8570495e-01   1.3375965e+00   1.7200253e+00   2.2439390e+00   3.1158027e-01
   3.3612481e+00   2.9684866e+00   2.5087360e+00   1.7447398e+00   1.9053376e+00   1.5920632e+00   1.4400276e+00   6.1144933e-01   8.7433585e-01   5.9753363e-01   6.9888951e-01   6.8152278e-01   1.1059538e+00   1.5413228e+00   2.0271060e+00  -2.2506424e-02
   3.5220631e+00   3.3197628e+00   2.6365715e+00   2.3044652e+00   1.4398682e+00   1.1426848e+00   1.1485735e+00   4.5773202e-01   6.3709102e-01   1.8988874e-01   3.1102175e-01   4.9774514e-01   9.9182408e-01   1.4105891e+00   1.6834332e+00   2.4887439e-03
   3.8078916e+00   3.4502015e+00   2.4783035e+00   2.0422704e+00   1.5308333e+00   1.3718810e+00   1.3986291e+00   9.1247883e-01   9.5110524e-01   4.2908032e-01   2.5432908e-01   5.4890567e-01   1.2119342e+00   1.3823534e+00   1.6318686e+00  -2.3551631e-01
   3.8418445e+00   3.2596472e+00   2.7850589e+00   2.6587349e+00   1.5379056e+00   1.4953055e+00   1.2248975e+00   8.8308641e-01   5.2705147e-01   1.8226001e-01   2.9767196e-01   5.9237890e-01   7.8402984e-01   9.8430052e-01   1.2103058e+00  -2.1972606e-01
   3.7286155e+00   3.3918909e+00   2.5061668e+00   2.0646795e+00   2.1071877e+00   1.7533603e+00   1.1281102e+00   4.5554710e-01   5.3220656e-01   3.6860908e-01   4.6894060e-01   5.8583791e-01   7.8986258e-01   5.4145395e-01   6.3051773e-01  -3.1938385e-01
   3.7614698e+00   3.3355129e+00   2.5015765e+00   2.2690473e+00   1.6294134e+00   1.4478619e+00   1.3874626e+00   7.0026212e-01   5.9394537e-01   2.7899134e-01   1.7992486e-01   1.2303050e-01   5.3182454e-01   1.8685036e-01   3.8136034e-01  -3.0704126e-01
   3.3226937e+00   3.0066868e+00   2.2884260e+00   1.9827375e+00   1.5603425e+00   1.4477419e+00   1.2494845e+00   1.1080172e+00   4.5807429e-01   3.5175589e-01   4.8512748e-01   4.4087958e-01   5.5890114e-01   3.8978727e-01   2.0252051e-01  -2.1840574e-01
   4.0969052e+00   2.9560483e+00   2.0371547e+00   1.9084791e+00   1.6906129e+00   1.2386556e+00   7.2448924e-01   4.7225877e-01   5.1950633e-01   4.1892636e-01   4.6693017e-01   8.5894417e-01   4.5651530e-01   4.6953884e-01   6.5978458e-01  -2.2211174e-01
   3.5885961e+00   2.4845480e+00   2.2971818e+00   2.0547694e+00   1.8091338e+00   1.5356960e+00   1.2728362e+00   9.9769397e-01   9.6284567e-01   7.2087013e-01   5.4799246e-01   4.6304757e-01   3.1363677e-01   4.5659597e-02   7.5902459e-02   9.7641798e-02
   3.7044086e+00   3.0839469e+00   2.8599966e+00   1.6789558e+00   1.7597080e+00   2.0186050e+00   1.3437646e+00   8.5352827e-01   8.7786248e-01   6.5764561e-01   1.5649636e-01   4.1998130e-01   4.4699563e-01   3.2900664e-01  -6.2905068e-02  -1.0332860e-01
   3.0960898e+00   3.3318422e+00   2.6612392e+00   2.0615365e+00   1.8137997e+00   1.4639079e+00   1.3631533e+00   1.1188435e+00   1.0732153e+00   5.8798846e-01   6.7005102e-01   5.1378437e-01   2.9187820e-01   2.7637601e-01   3.1129460e-01  -6.3401948e-02
   4.0078790e+00   3.7378962e+00   2.8123602e+00   2.2913257e+00   2.2871242e+00   1.7792214e+00   1.1266906e+00   4.8485824e-01   5.9250966e-01   2.3804656e-01   1.3545254e-01   6.1179367e-01   5.3393240e-02  -1.9774630e-02   6.9058880e-02  -2.7767190e-01
   3.8923543e+00   3.4254580e+00   2.0656072e+00   1.9700130e+00   1.9209068e+00   1.6179123e+00   9.2212752e-01   9.5665800e-01   6.6610941e-01   2.7697691e-02   3.4700144e-01   6.8941196e-01   4.8510012e-01  -2.4154027e-01  -1.1770591e-01  -2.5789908e-01
   3.5463363e+00   3.1133237e+00   2.3546500e+00   2.5397660e+00   2.1351638e+00   1.5538489e+00   1.1316028e+00   7.7036653e-01   4.6641255e-01   4.4682641e-01   5.6384936e-01   8.9597534e-01   6.8773634e-01   2.5947320e-01  -2.2388335e-03   2.3754647e-02
   3.6987351e+00   2.8442709e+00   2.5846104e+00   2.3048728e+00   1.8054680e+00   1.6233266e+00   1.4783165e+00   1.0525929e+00   8.0740341e-01   5.6776214e-01   4.3087893e-01   6.1371926e-01   4.3764907e-01   2.5372659e-01  -2.7977623e-01  -1.8597664e-01
   3.7429105e+00   2.8023933e+00   2.5698954e+00   2.1158620e+00   2.2345460e+00   1.6825357e+00   1.2361935e+00   8.9768681e-01   6.7266384e-01   2.1238284e-01   2.1439581e-01   4.2559632e-01   4.0446952e-01   1.0204123e-01  -2.9125158e-01  -4.3113325e-01
   3.9239695e+00   2.9141924e+00   2.3240496e+00   2.2331359e+00   1.8129138e+00   1.5586790e+00   9.4911722e-01   1.1107266e+00   9.6489128e-01   3.6231671e-01   4.3131856e-01   4.9551667e-01   3.5049711e-01   1.0636456e-01  -7.8984729e-02  -1.9339125e-01
   3.8942600e+00   3.0456654e+00   2.3866646e+00   1.9374735e+00   1.6794198e+00   1.6944950e+00   1.2193538e+00   1.0463327e+00   7.7691299e-01   3.4976786e-01   4.5749128e-01   6.9503269e-01   4.0296562e-01   1.8833511e-02  -2.9175792e-01  -2.6544875e-01
   3.7196355e+00   3.0063495e+00   2.4265057e+00   1.6336846e+00   1.6416714e+00   1.7881986e+00   1.1414255e+00   6.6064553e-01   4.0027753e-01   3.0823240e-01   4.4578404e-01   6.1497075e-01   5.7890413e-01  -6.1576626e-02  -2.7306835e-01  -3.3561210e-01
   3.2544393e+00   1.9820214e+00   2.3149918e+00   2.2212686e+00   1.9859009e+00   1.8037108e+00   1.2357305e+00   8.8765437e-01   9.5976505e-01   9.2786306e-01   5.8691215e-01   4.8844763e-01   1.8592434e-01   4.2983205e-02  -2.1381979e-02  -4.2543989e-01
   3.4222038e+00   2.8598401e+00   2.3806514e+00   2.1669906e+00   1.7747452e+00   1.1519882e+00   9.5412272e-01   7.5075904e-01   6.4527248e-01   6.4736435e-01   5.6791284e-01   5.3734905e-01   3.9442425e-01   2.0365422e-01   1.9686303e-01  -2.8739610e-01
   4.2316388e+00   3.3961715e+00   3.2194779e+00   2.2866041e+00   2.0569582e+00   1.6606697e+00   1.6552752e+00   8.9015905e-01   3.7636520e-01   1.8179361e-01   5.1798597e-01   6.0285920e-01   4.3385465e-01   1.0798651e-01  -8.4324791e-02  -2.4929985e-01
   3.3175861e+00   2.8854404e+00   2.5667381e+00   2.0797377e+00   1.9125387e+00   1.7465167e+00   1.0149740e+00   8.2024960e-01   9.3901555e-01   6.4603467e-01   4.5612966e-01   5.1367850e-01   3.1420714e-01   1.3298095e-01   2.6594289e-02   3.8780154e-02
   3.4304898e+00   2.7220195e+00   2.5498528e+00   1.7576417e+00   1.4999702e+00   1.6344171e+00   8.3326997e-01   7.6453103e-01   4.1242353e-01   4.0120402e-01   2.3377347e-01   5.4171606e-01   2.6424576e-01  -3.6603909e-01  -3.6852894e-01  -4.5253212e-01
   3.8487476e+00   3.3074919e+00   2.3542655e+00   2.2729228e+00   2.0286643e+00   1.6207386e+00   1.0346157e+00   1.0569590e+00   3.2847494e-01   1.1033283e-01   4.4136165e-01   4.7831527e-01   2.5863056e-01   5.3040991e-02  -1.0599021e-01  -1.3760482e-01
   3.5949414e+00   2.7879085e+00   2.3498400e+00   2.5484088e+00   1.4770683e+00   1.4320582e+00   1.4829214e+00   1.1860232e+00   6.3414333e-01   2.6392651e-01   4.0097545e-01   4.3816441e-01   2.4940476e-01  -4.4780057e-02  -3.1397742e-01  -2.4080557e-01
   3.4396895e+00   3.2849756e+00   2.8480061e+00   2.1784251e+00   1.4737722e+00   1.2156101e+00   7.4104916e-01   9.0051595e-01   5.7276656e-01   2.7473575e-01   4.7935806e-01   4.7689689e-01   3.0663808e-01  -5.4089923e-02  -1.9124198e-01  -2.4164724e-01
   3.5833060e+00   2.9803556e+00   2.4409072e+00   2.1484141e+00   2.0864895e+00   1.3150580e+00   1.4210519e+00   7.5099380e-01   4.4561556e-01   2.1059434e-01  -8.7035108e-02   2.7095844e-01   4.0841942e-01  -4.3259929e-02  -2.1527254e-01  -2.6392604e-01
   3.5114924e+00   2.6962187e+00   2.5963594e+00   1.8357741e+00   1.8017841e+00   1.4877428e+00   1.2152324e+00   9.2456752e-01   9.8683563e-01   6.1627343e-01   4.9162196e-01   5.6827532e-01   1.2021703e-01  -7.1153741e-02  -2.1040666e-03  -2.0989510e-01
   3.9390032e+00   3.2475141e+00   2.4738215e+00   1.5506509e+00   1.8380657e+00   1.3338609e+00   9.9624092e-01   7.6211535e-01   6.4070285e-01   4.3448824e-01   7.3936762e-01   5.8401778e-01   1.8062750e-01   1.2078267e-01  -1.8849522e-01  -3.3415773e-01
   3.6101403e+00   2.8715064e+00   2.1196594e+00   2.1696601e+00   1.7080212e+00   1.1208577e+00   1.0487293e+00   9.4950609e-01   5.4429952e-01   4.8043731e-01   3.9838547e-01   2.9212804e-01   6.0731679e-02   6.4968009e-02  -3.9266992e-01  -3.7624644e-01
   3.6552897e+00   2.3137512e+00   2.1301897e+00   2.0304114e+00   2.0406680e+00   1.6002964e+00   1.4477346e+00   8.0823014e-01   5.5663275e-01   3.5840289e-01   2.2336913e-01   3.6514364e-01   3.7780586e-03  -9.3568543e-02  -4.7842527e-01  -2.3990426e-01
   3.7794957e+00   2.3686765e+00   1.4726858e+00   1.8267185e+00   1.7666244e+00   1.3510921e+00   1.0613864e+00   1.0542631e+00   9.9734149e-01   4.6135603e-01   4.4792975e-01   3.0086678e-01   2.4781142e-01  -1.4306173e-01  -4.5337423e-01  -2.5327333e-01
