   1.9414698e+00   9.9202451e-01   2.7447548e-01   4.9964515e-01  -1.9282370e-01  -1.2391232e+00  -1.4079019e+00  -8.6206768e-01  -1.4055225e+00  -1.5160070e+00  -1.4779565e+00  -1.6306217e+00  -1.9299657e+00  -1.7379607e+00  -1.3964742e+00  -1.4894794e+00
   1.9848987e+00   1.2697711e+00   1.6588360e-01   9.3798807e-01   6.8305829e-03  -8.9940348e-01  -1.4021552e+00  -1.1478054e+00  -1.2258320e+00  -1.3471352e+00  -1.3034816e+00  -1.6014412e+00  -1.4371721e+00  -1.3382689e+00  -1.3355849e+00  -1.6573780e+00
   2.1111681e+00   1.0453750e+00  -1.7714241e-02   4.0864152e-01   5.5863070e-01  -1.3780094e-01  -1.2214030e+00  -1.6194985e+00  -1.2093626e+00  -1.2562002e+00  -1.2404870e+00  -1.4348998e+00  -1.5427170e+00  -1.3934815e+00  -1.5293044e+00  -1.5032678e+00
   1.2153323e+00   8.6652730e-01   5.7235679e-01   4.2669025e-01   1.2899477e-01  -4.6157048e-01  -1.1548039e+00  -1.0410441e+00  -1.3990705e+00  -1.3526214e+00  -1.4570476e+00  -1.2686508e+00  -1.5823481e+00  -1.4803075e+00  -1.6583279e+00  -1.1301896e+00
   2.4759983e+00   1.7811468e+00   5.5063866e-01   9.8096089e-01   4.4612061e-01  -4.5700003e-01  -1.1107911e+00  -9.4163473e-01  -1.3488767e+00  -1.2698635e+00  -1.3050422e+00  -1.4506771e+00  -1.3940288e+00  -1.2487610e+00  -1.2858418e+00  -7.7075777e-01
   2.5816674e+00   1.1035677e+00   2.8152533e-01   9.6352645e-01   3.5508163e-01  -1.3696510e-01  -1.2299639e+00  -1.0659511e+00  -9.7301896e-01  -1.3294779e+00  -1.3834355e+00  -1.5898984e+00  -1.6078295e+00  -1.5671718e+00  -1.3858506e+00  -1.2273308e+00
   2.6182388e+00   1.5229314e+00   5.3163053e-01   3.9538840e-01   1.3604783e-01  -5.0007025e-01  -8.5197846e-01  -8.1569004e-01  -7.2312852e-01  -1.0644724e+00  -1.0491201e+00  -1.2951831e+00  -1.3499599e+00  -1.1972881e+00  -1.0683655e+00  -1.0808923e+00
   2.2075164e+00   1.4689012e+00   2.8435485e-01   5.4060982e-01  -2.3552732e-02  -7.9779322e-01  -9.5153065e-01  -9.8121698e-01  -1.0340863e+00  -1.0529700e+00  -1.1940403e+00  -1.0184847e+00  -1.9833485e-01  -5.4206618e-01  -1.1674973e+00  -1.1128773e+00
   2.3800500e+00   1.4374394e+00   4.2877873e-01   4.9764638e-01   2.9428058e-01  -3.6147251e-01  -1.0623503e+00  -9.4684442e-01  -4.6140686e-01  -1.0664014e+00  -1.1546625e+00  -8.9278621e-01  -1.2109534e-01  -3.9938557e-01  -9.4715458e-01  -1.0037975e+00
   2.8625070e+00   1.1425041e+00   5.4430206e-01   1.3057334e+00   4.8604424e-01  -1.0578485e+00  -1.2903991e+00  -7.3719757e-01  -8.9712213e-01  -1.1944290e+00  -1.3965218e+00  -1.5359841e+00  -7.7857317e-01  -8.7199851e-01  -1.2145920e+00  -9.6082718e-01
   1.9994962e+00   8.1687870e-01   3.3334344e-01   4.5996755e-01   1.8868782e-01  -8.1291478e-01  -1.3437342e+00  -1.1341631e+00  -1.0816145e+00  -1.1163331e+00  -1.3484585e+00  -1.2954509e+00  -1.5274992e+00  -1.3814549e+00  -1.1940513e+00  -1.0334281e+00
   2.1731320e+00   1.0877519e+00   7.4997172e-01   1.0192733e+00   4.8245974e-01  -1.6974683e-01  -9.1507633e-01  -8.2506442e-01  -8.5426863e-01  -1.1068323e+00  -1.3759768e+00  -1.4980200e+00  -1.5770105e+00  -1.5130431e+00  -1.1710548e+00  -1.0573474e+00
   1.8448579e+00   9.8442286e-01   4.5265220e-01   9.3344456e-01   6.4823855e-01  -5.3663742e-01  -9.4003129e-01  -1.2220903e+00  -1.3020789e+00  -1.0250296e+00  -1.4969585e+00  -1.4996530e+00  -1.2886658e+00  -1.6177462e+00  -1.2036676e+00  -1.0877076e+00
   1.5697639e+00   7.8201880e-01   2.2486816e-01   9.1941990e-01   9.1305719e-01  -1.9830535e-01  -7.5372857e-01  -6.8259132e-01  -1.2020691e+00  -1.0409748e+00  -1.3873141e+00  -1.3893432e+00  -1.3552981e+00  -1.4854416e+00  -1.4128634e+00  -1.2320960e+00
   2.2744494e+00   8.7269232e-01   4.7585045e-01   8.5761910e-01   8.0117710e-01  -9.7973302e-01  -1.4747356e+00  -1.0977255e+00  -1.4166666e+00  -1.4355105e+00  -1.4212495e+00  -1.3212607e+00  -1.7353061e+00  -1.4702854e+00  -1.2655289e+00  -9.7509596e-01
   2.0410152e+00   1.2906312e+00   8.0461172e-01   9.1582230e-01   7.8069284e-01  -8.0698828e-01  -1.3169181e+00  -1.1399206e+00  -1.1653221e+00  -1.4257540e+00  -1.4185626e+00  -1.5638581e+00  -1.5531042e+00  -1.1331662e+00  -1.4930014e+00  -1.4970360e+00
   2.2974552e+00   1.1881126e+00   4.2327429e-01   8.3194234e-01   5.1584004e-01  -4.4314365e-01  -1.3817889e+00  -9.3803739e-01  -1.1474476e+00  -1.5251573e+00  -1.6471650e+00  -1.6222496e+00  -1.8108574e+00  -1.7438206e+00  -1.4434992e+00  -1.4471308e+00
   1.9634649e+00   8.0971217e-01  -4.1828437e-02   3.3368546e-01  -2.6279377e-02  -5.1617326e-01  -8.7388489e-01  -6.5268310e-01  -9.9438600e-01  -1.3116039e+00  -1.3234359e+00  -1.4812256e+00  -1.7120347e+00  -1.5853159e+00  -1.2553995e+00  -1.1930572e+00
   2.2695574e+00   8.7717715e-01   5.7842700e-01   7.4263987e-01   2.4583678e-01  -4.1123052e-01  -9.3041176e-01  -7.4492060e-01  -1.3090338e+00  -1.2305518e+00  -1.1232700e+00  -1.1657671e+00  -1.2953319e+00  -1.3950171e+00  -1.2495597e+00  -1.0504131e+00
   2.5940107e+00   1.3747742e+00   7.5873117e-01   1.2562757e+00   5.6280129e-01  -1.6976575e-01  -6.7631971e-01  -1.2119751e+00  -1.1711906e+00  -1.0910728e+00  -1.2536779e+00  -1.2374651e+00  -1.2624450e+00  -1.4599778e+00  -1.3285900e+00  -1.2718276e+00
   2.0179228e+00   9.5120273e-01   1.5995283e-01   8.6528880e-01   8.6583361e-01  -3.4350070e-02  -1.1723790e+00  -9.6104458e-01  -1.1051164e+00  -1.1834785e+00  -1.4639591e+00  -1.3559763e+00  -1.5242109e+00  -1.5303851e+00  -1.5306831e+00  -1.4791114e+00
   1.7010143e+00   6.7100191e-01  -1.5839342e-01   8.5059724e-01   7.5375157e-01  -3.8527851e-01  -8.7762182e-01  -6.6196513e-01  -1.0232072e+00  -1.0352355e+00  -1.1588329e+00  -1.1647479e+00  -1.2594540e+00  -1.2511930e+00  -1.1414528e+00  -1.0530883e+00
   2.5274835e+00   1.0693402e+00   2.7794307e-01   4.2640944e-01  -2.0980862e-02  -3.2855208e-01  -1.0538092e+00  -7.4886741e-01  -8.7724033e-01  -1.2607606e+00  -1.3304126e+00  -1.4615601e+00  -1.2963169e+00  -1.4308694e+00  -1.4369159e+00  -1.2668926e+00
   2.2661371e+00   1.0372852e+00   5.4916832e-01   8.2156579e-01   7.4760543e-01  -2.8880260e-01  -1.2009400e+00  -1.1819510e+00  -1.0074820e+00  -1.2276066e+00  -1.4408034e+00  -1.4579162e+00  -1.4097784e+00  -1.3386200e+00  -1.3398344e+00  -1.2468510e+00
   2.8176179e+00   1.1313989e+00   6.1687945e-01   6.3212125e-01   6.4734415e-01  -7.3253066e-01  -5.9335541e-01  -9.6119892e-01  -5.1264754e-01  -5.5990407e-01  -1.2401218e+00  -1.4118533e+00  -1.2440306e+00  -1.6179848e+00  -1.4293107e+00  -1.3442254e+00
   2.9331863e+00   1.6914303e+00   4.6311455e-01   3.3026507e-01   9.0753844e-01  -5.6750832e-01  -1.0375095e+00  -6.2663985e-01   5.8360428e-01   2.0460515e-01  -1.1015985e+00  -1.3891934e+00  -1.0941247e+00  -9.5635112e-01  -9.8245611e-01  -1.1313219e+00
   2.6145759e+00   1.7386606e+00   1.6922586e-01   9.4741992e-01   1.3063086e+00   1.7594925e-01  -5.8897585e-01   3.9608030e-02   1.5319718e+00   7.6788602e-01  -7.6020997e-01  -1.0617571e+00  -7.6298472e-01  -4.5435203e-01  -5.3929097e-01  -9.0657488e-01
   2.3485112e+00   1.8874753e+00   8.9626462e-01   1.1619182e+00   1.5535716e+00   8.6509778e-01  -3.9671075e-01   1.8839283e-01   1.3820783e+00   8.6866792e-01  -2.3026983e-01  -5.0278904e-01  -1.5712196e-01   7.0252320e-01  -3.0869061e-01  -1.1171241e+00
   2.1453618e+00   2.3189974e+00   7.6154099e-01   1.6391221e+00   1.9754006e+00   1.0544422e+00  -1.0576024e-01   3.7109364e-01   1.8684127e+00   1.4746050e+00   4.0138438e-01   1.1970669e-01   1.9441997e-01   1.0339224e+00   1.3839603e-01  -9.7592631e-01
   3.0047271e+00   2.7174157e+00   1.4344485e+00   2.3443948e+00   2.6808049e+00   1.6070695e+00   4.4876238e-01   1.1185800e+00   2.1551658e+00   1.6557344e+00   5.5430956e-01   2.2474638e-01   9.9536763e-01   1.9588910e+00   7.7878274e-01  -8.2578856e-01
   3.0307497e+00   2.5563593e+00   1.3140961e+00   2.2781367e+00   2.7570693e+00   1.2484719e+00   4.1993693e-01   5.6369471e-01   2.0598708e+00   1.7662539e+00   5.8608264e-01   3.1772766e-01   9.4213327e-01   1.7385877e+00   6.3778525e-01  -7.8505939e-01
   2.7000526e+00   2.5594467e+00   1.9173996e+00   2.4570456e+00   2.8455305e+00   1.7125300e+00   8.9546475e-01   1.3859037e+00   2.5194085e+00   2.0276446e+00   9.5287651e-01   8.2003872e-01   9.1585973e-01   1.6264199e+00   6.8781361e-01  -4.7046142e-01
   2.8220129e+00   2.5711653e+00   1.8339236e+00   2.8705453e+00   3.0181112e+00   1.8599861e+00   1.0127297e+00   1.5780661e+00   2.7902106e+00   2.2512037e+00   8.9815618e-01   6.0542251e-01   5.1761692e-01   1.0766566e+00   5.9309001e-01  -9.0310156e-01
   2.8222950e+00   2.5860177e+00   1.8187771e+00   2.8765116e+00   2.9758897e+00   1.4880544e+00   7.1291064e-01   8.4887284e-01   2.3331650e+00   1.8836033e+00   6.5559414e-01   4.4882303e-01   8.5940159e-01   1.2246157e+00   2.5255890e-01  -6.5856782e-01
   2.6684243e+00   2.6339782e+00   1.6903556e+00   2.8361070e+00   2.8190875e+00   1.4809558e+00   5.8540162e-01   1.0450825e+00   2.0717022e+00   1.7378368e+00   5.8015808e-01   8.8178727e-02   8.9574560e-01   9.4853907e-01  -2.7285835e-02  -6.1507885e-01
   2.7501137e+00   2.5161168e+00   1.7259498e+00   2.8361928e+00   2.6033626e+00   1.1232482e+00   1.9671435e-01   7.1312782e-01   1.8342720e+00   1.6190592e+00   9.9864492e-01   5.7378796e-01   1.4160882e+00   1.6238659e+00   3.4669147e-01  -8.8430113e-01
   3.0112871e+00   2.4727668e+00   1.6032931e+00   2.9464583e+00   2.4598969e+00   1.1907235e+00   8.6588397e-02   5.3741396e-01   2.1364080e+00   2.1617766e+00   1.2603247e+00   4.2691791e-01   1.3294590e+00   1.1692088e+00  -4.1496455e-01  -1.1896973e+00
   2.2175718e+00   2.4007008e+00   1.9189568e+00   2.8201127e+00   1.8022575e+00   7.1041382e-01  -3.4022395e-01   5.0782982e-01   2.1268367e+00   2.3810624e+00   1.4895612e+00   3.1235266e-01   1.0077444e+00   7.5962940e-01   4.2955194e-02  -1.1782506e+00
   2.4425031e+00   2.1617527e+00   2.1602440e+00   2.5049400e+00   1.1105618e+00   3.4416210e-01  -3.1869716e-01   2.5660509e-01   2.0520876e+00   2.4296879e+00   1.4285421e+00  -4.4203267e-01   4.4693350e-01   4.6709575e-01  -1.2174073e-01  -1.2675101e+00
   2.4344613e+00   2.1012775e+00   2.0126974e+00   1.9779678e+00   5.9800420e-01  -6.1305785e-01  -7.0339990e-01  -1.8653035e-01   9.6947602e-01   1.3055958e+00   4.5264494e-01  -1.1178148e+00  -5.8627215e-01  -8.1563042e-01  -9.6861554e-01  -9.3537010e-01
   1.9735123e+00   1.5996521e+00   8.8814690e-01   1.1215590e+00   7.3176004e-01  -5.5932101e-01  -9.6029838e-01  -8.0135173e-01  -5.0585929e-01  -4.1757149e-02  -5.7752424e-01  -1.4032764e+00  -1.1463920e+00  -1.2192852e+00  -1.2117188e+00  -1.1304643e+00
   2.5916854e+00   1.9390328e+00   5.4401865e-01   8.3392603e-01   4.0865892e-01  -6.1637484e-01  -1.3959376e+00  -8.0751529e-01  -1.1487010e+00  -1.0243356e+00  -1.2207186e+00  -1.5175087e+00  -1.5457814e+00  -1.5213893e+00  -1.3921334e+00  -1.2073790e+00
   2.4905443e+00   1.2319430e+00   6.7970411e-01   1.1283065e-01   3.2284155e-01  -2.9501089e-01  -1.1606198e+00  -8.0919780e-01  -1.2369496e+00  -1.1068788e+00  -1.2690095e+00  -1.6791408e+00  -1.4606003e+00  -1.6143692e+00  -1.4975581e+00  -1.1968865e+00
   2.3469207e+00   1.2819634e+00   5.0097360e-01   2.8596522e-01   1.9400094e-01  -5.7150999e-01  -1.1130280e+00  -8.3905839e-01  -9.8798051e-01  -1.0329099e+00  -1.1477842e+00  -1.7722926e+00  -1.4123769e+00  -1.4578447e+00  -1.4007365e+00  -1.1798639e+00
   2.3381717e+00   1.2321856e+00  -7.5469035e-02   7.2765100e-01  -1.2253157e-01  -5.8825332e-01  -1.1186584e+00  -1.0040972e+00  -1.2678834e+00  -1.4903225e+00  -1.2344298e+00  -1.4053841e+00  -1.5548085e+00  -1.3550479e+00  -1.3232595e+00  -1.1158358e+00
   1.9776763e+00   7.4616177e-01   2.4066586e-01   4.7227757e-01  -3.5672923e-01  -4.8917003e-01  -1.1450308e+00  -9.8256774e-01  -1.4837508e+00  -1.4894254e+00  -1.4922742e+00  -1.7127667e+00  -1.8298236e+00  -1.3848578e+00  -1.2620815e+00  -1.3121119e+00
   1.8342638e+00   8.3055502e-01   5.5506154e-01   5.8993013e-01  -1.7020712e-01  -5.6913623e-01  -1.0001083e+00  -6.6577540e-01  -1.1905579e+00  -1.3314784e+00  -1.5702350e+00  -1.4369888e+00  -1.2810452e+00  -1.4092794e+00  -1.2792246e+00  -1.1515584e+00
   2.1562771e+00   9.6479487e-01   4.1044556e-01   1.0022388e+00   4.6470463e-01  -1.0552400e+00  -3.7072642e-01   8.4693116e-01   2.3891339e-01  -3.0265035e-01  -9.3585347e-01  -1.5380293e+00  -1.1955119e+00  -6.4362477e-01  -2.0428606e-01  -4.0464123e-01
   2.5661043e+00   1.0825176e+00   2.0382407e-01   1.1381533e+00   9.5409921e-01   5.7146593e-02  -3.2750870e-01   6.0954523e-01   3.3682368e-01  -6.7713599e-01  -9.9751109e-01  -1.3476075e+00  -1.4503128e+00  -1.0019612e+00  -6.8870054e-01  -7.2638301e-01
   2.1778465e+00   1.1246080e+00   5.2346126e-01   8.2021837e-01   6.6534040e-01  -1.2950059e-01  -1.7010139e-01   6.9012389e-01   4.5987974e-01  -6.6256268e-01  -1.2106944e+00  -1.2961221e+00  -1.1917938e+00  -6.2737866e-01   3.8853474e-01   3.6095811e-01
   2.3745371e+00   5.5344642e-01   3.7226327e-01   1.2346176e+00   9.7761562e-01  -3.3629650e-01  -3.7124669e-01   4.8984387e-01   1.5428987e-01  -7.2365544e-01  -1.1659622e+00  -1.3209959e+00  -9.2100605e-01  -2.1094126e-01   7.3176147e-01   1.0654783e+00
   2.3528042e+00   9.0302273e-01   2.5409153e-01   8.8430844e-01   6.9462499e-01  -3.3873149e-01  -9.0766743e-01   5.2573918e-01   8.3866470e-01   1.6551974e-01  -7.5142502e-01  -1.0672543e+00  -2.5591919e-01   4.3763831e-01   1.7672337e+00   1.9035115e+00
   2.4190442e+00   6.5178402e-01   3.5363940e-01   5.3046483e-01   5.6859359e-01  -4.2283123e-01  -9.6839073e-01  -1.8421613e-02   5.8634829e-01   1.4273606e-01  -7.3383031e-01  -9.6494204e-01  -6.7140092e-02   7.5173430e-01   1.8941450e+00   2.1370374e+00
   2.2455230e+00   8.4524909e-01   1.9518816e-01   5.1673002e-01  -2.2632878e-01  -4.9142247e-01  -1.2167969e+00   8.2291992e-03   5.8595490e-01   1.1628590e-01  -6.7327975e-01  -9.0602899e-01  -2.1755110e-01   6.9443339e-01   2.0076983e+00   2.3830256e+00
   1.7934939e+00   8.1484118e-01   3.0397231e-01   1.3687548e+00   4.4291191e-01   2.6556346e-02  -1.2062499e+00  -5.5741385e-01   5.0879591e-01   6.8665331e-02  -7.7919986e-01  -3.2780863e-01   1.5349446e-01   8.1715954e-01   2.1766151e+00   2.4344040e+00
   2.2402246e+00   6.6728220e-01  -1.5693049e-02   7.4509705e-01   3.0545313e-01  -6.3661449e-01  -7.2802463e-01  -2.7423060e-01   2.9263752e-01   1.2119130e-01  -4.7823050e-01  -5.4617915e-01   3.2603802e-01   9.4733959e-01   2.1518541e+00   2.4335692e+00
   1.7789120e+00   8.2709132e-01  -3.4197343e-01   9.1397818e-02   1.0031797e-01  -4.2605971e-01  -1.1119699e+00   7.5792582e-02   2.4198340e-01  -3.0232381e-01  -5.0739531e-01  -7.1882982e-01   3.8423275e-03   6.5062249e-01   2.2040756e+00   2.1911024e+00
   2.5577168e+00   1.0320157e+00   1.0036107e-01   1.0956494e+00   8.2688620e-01  -5.6168323e-01  -6.6231164e-01  -4.2435965e-01   9.5616185e-02  -1.1966754e-01  -7.5490730e-01  -7.1799691e-01   3.3978804e-02   8.0278980e-01   2.0682328e+00   2.3896755e+00
   2.5168211e+00   9.3488571e-01   4.1450330e-01   4.6152331e-01   2.3325955e-01  -5.7621315e-01  -1.0155894e+00  -3.0226321e-01  -2.0786387e-01  -4.2409624e-01  -6.5499578e-01  -3.9903545e-01   1.3239614e-01   8.4472677e-01   1.8491519e+00   2.1799139e+00
   2.6321236e+00   7.8751605e-01   2.9984189e-01   4.1496977e-01   2.1164507e-01  -1.3837018e-01  -6.9998272e-01  -4.9937024e-01  -1.4600140e-01  -2.6008763e-01  -6.7786287e-01  -6.5034665e-01  -1.6323276e-02   7.3077356e-01   1.9780997e+00   2.3127149e+00
   2.8967740e+00   1.3436277e+00   7.0572832e-01   1.1669649e+00   2.9754890e-01  -3.5977560e-01  -1.3398121e+00  -5.4780165e-01  -3.2323830e-01  -3.9488838e-01  -7.6722625e-01  -8.4166375e-01   8.8658365e-02   6.1462278e-01   2.0488325e+00   2.1945603e+00
   2.0256504e+00   7.9052576e-01   3.4857532e-01   7.1204690e-01   7.1512664e-01  -1.4335160e-01  -6.9011576e-01  -6.6119920e-01  -3.9843426e-01  -3.6840363e-01  -9.5561414e-01  -9.9006556e-01  -3.0430938e-02   7.8135468e-01   2.3537225e+00   2.4747977e+00
   2.4275463e+00   1.2775376e+00   3.8628420e-01   2.4729536e-01   1.9571787e-01  -2.7364357e-01  -9.1772940e-01  -7.7912154e-01  -3.1194013e-01  -5.8418060e-01  -6.0650371e-01  -7.4555815e-01  -2.1680085e-01   6.8408212e-01   1.7579093e+00   2.0764242e+00
   2.0543239e+00   7.9679435e-01  -1.1590255e-01   2.0357539e-01   2.6831153e-01  -5.7876508e-01  -1.0034017e+00  -4.6013536e-01  -5.4843448e-01  -9.0590743e-01  -7.1508805e-01  -6.3955769e-01   1.3268024e-02   5.9941851e-01   1.6171083e+00   1.9016032e+00
   2.7225408e+00   7.3883821e-01   4.4795027e-01   1.3876098e+00   3.0902547e-01  -7.3938147e-01  -7.2706296e-01  -3.8144938e-01  -4.1134991e-01  -4.9363181e-01  -1.0134972e+00  -6.2712556e-01  -6.2637404e-02   5.0864071e-01   1.6539742e+00   1.8832372e+00
   2.4170299e+00   9.3717491e-01   3.6851777e-01   9.3145565e-01  -1.5129609e-01  -6.4820292e-01  -5.8691407e-01  -5.9770458e-01  -5.9058057e-01  -4.7284403e-01  -1.0066141e+00  -7.3609547e-01  -1.3571825e-01   4.5631714e-01   1.8442259e+00   1.9362291e+00
   1.6838447e+00   8.7194688e-01   4.9520554e-01   7.2552289e-01   2.9741451e-01  -5.8856115e-01  -7.6303097e-01  -4.3538532e-01  -8.8033067e-01  -7.3048979e-01  -6.3736994e-01  -7.3794933e-01  -2.2105628e-01   9.5470383e-02   1.5698753e+00   1.8298552e+00
   1.8310673e+00   8.5878223e-01   6.0980470e-01   4.6195124e-01   5.5725566e-01  -7.1369434e-01  -1.1711707e+00  -4.4970417e-01  -6.9644052e-01  -8.0515348e-01  -9.6363043e-01  -9.2753863e-01  -1.1318891e-01   8.2706952e-02   1.3886217e+00   1.6700893e+00
   1.5824531e+00   9.5847581e-01   9.4596925e-01   4.8365595e-01   6.9569739e-02  -4.8098766e-01  -1.0940366e+00  -8.7091826e-01  -6.5467626e-01  -8.3684640e-01  -1.0235229e+00  -1.0303080e+00  -5.0618617e-01  -1.5467149e-01   1.1058391e+00   1.2355021e+00
   2.1995356e+00   9.6808240e-01   2.8129823e-01   1.1402160e+00   3.0871081e-01  -6.6012515e-01  -3.9802435e-01  -4.3818294e-01  -7.4354901e-01  -8.9257436e-01  -1.2428984e+00  -1.6409944e+00  -1.0898888e+00  -5.3242841e-01   1.0822013e+00   1.0874701e+00
   2.3628538e+00   1.0915560e+00   8.4766719e-02   9.6904546e-01   6.4837404e-01  -6.0692375e-01  -6.5232259e-01  -6.9368702e-01  -4.6596960e-01  -8.8838670e-01  -1.1707937e+00  -1.3106470e+00  -1.0437322e+00  -7.4879003e-01   3.7979358e-01   3.1996107e-01
