   3.9038548e+00   2.1508437e+00   1.8483607e+00   1.2003021e+00   1.2514562e+00   1.2950145e+00   8.0590659e-01  -7.6910895e-02   7.4076088e-02   6.0109482e-02  -2.6482384e-01  -1.8965590e-01  -2.5767879e-01  -3.7405022e-01  -6.2986372e-02   1.9574580e-01
   3.4376791e+00   2.5811558e+00   1.8308627e+00   1.7153956e+00   1.5372057e+00   1.2868817e+00   9.7384393e-01   5.6177222e-01   3.8871601e-01  -1.3238067e-01  -2.4823397e-01   1.6231720e-02  -3.3718612e-02  -6.7315463e-01  -6.9628472e-01  -8.9044117e-01
   3.4827065e+00   2.5264537e+00   1.6253873e+00   1.5034623e+00   1.7018991e+00   9.3465252e-01   4.9902882e-01   7.5242797e-01   3.2189166e-01   2.7877187e-01   5.9868090e-02  -1.3492969e-02  -1.4408341e-01  -5.0611130e-01  -5.8917041e-01  -5.6699189e-01
   3.6029756e+00   2.9269761e+00   1.5449716e+00   1.4576315e+00   1.6958730e+00   1.4047897e+00   3.7577764e-01   2.4731117e-01  -1.7845928e-01  -1.6179226e-01  -4.1416720e-01  -6.8447224e-02  -5.0500500e-01  -3.5287170e-01  -3.9822504e-01   2.4314560e-01
   3.5698482e+00   1.9873394e+00   1.8631983e+00   1.2345666e+00   1.1819982e+00   1.4042578e+00   8.4163822e-01   2.9657031e-01   1.9765153e-01  -1.4179637e-02  -2.8878044e-01  -8.4287051e-02  -1.7514633e-01  -3.5709963e-01  -1.0461517e-01   5.9257713e-01
   3.8948163e+00   2.8995455e+00   2.1796611e+00   1.9279739e+00   9.4116469e-01   1.3093858e+00   1.0355278e+00   5.6820662e-01   7.0210417e-01   1.7753494e-01   1.4126515e-01   3.2657628e-03  -6.3054834e-02  -3.3967916e-01  -4.3238653e-01  -4.7526284e-01
   3.8564420e+00   3.1084522e+00   2.3152031e+00   2.0624608e+00   1.8040582e+00   1.7237255e+00   1.0786194e+00   1.8668540e-01   4.9200197e-01   4.6256054e-01   1.1599402e-01  -1.0711583e-01  -3.3432623e-01  -7.0489328e-01  -6.6631256e-01  -6.3597208e-01
   3.6116484e+00   2.5967783e+00   1.6988194e+00   1.2849420e+00   1.3926558e+00   1.1444721e+00   8.9341118e-02   3.3779393e-02   2.4294168e-01  -1.3120005e-01  -6.0911920e-01  -4.7508422e-01  -5.2886662e-01  -5.7556904e-01  -1.5385115e-01   3.1475261e-01
   3.9392904e+00   3.0846189e+00   1.6174094e+00   1.6974017e+00   1.6754206e+00   1.2739841e+00   9.1308351e-01   4.4577038e-01   2.0201374e-01  -1.6519015e-01  -5.0429950e-02   2.0138329e-01   7.3179005e-02  -2.2900476e-01  -3.9090768e-01  -3.1367031e-01
   4.3561807e+00   2.9747213e+00   2.2132503e+00   1.2380540e+00   1.3136537e+00   1.3872774e+00   9.9241243e-01   6.4876026e-01   4.3155499e-01   3.9085630e-03   4.3912371e-04   4.8804033e-02  -4.9305805e-02  -3.5485886e-01  -4.3318129e-01  -2.9124872e-01
   3.9095748e+00   2.4212748e+00   7.9073842e-01   7.7148184e-01   7.7368758e-01   9.7870982e-01   8.5539166e-01   3.8361971e-01   2.4067232e-01   1.9160981e-01   1.2909391e-01   9.9758446e-02   9.0153544e-02   1.1119457e-01   1.1942232e-01   3.1466561e-01
   3.4108277e+00   1.5126878e+00   5.6995965e-01   5.6911352e-01   4.4814850e-01   7.4500544e-01   3.4850511e-01   2.1332835e-02  -7.3881752e-02   2.6175777e-02  -9.7435800e-02  -2.0169114e-01  -1.8082333e-01  -2.3670668e-01  -2.1676889e-01  -1.7088025e-01
   3.9523171e+00   2.5215330e+00   1.6861060e+00   1.1263619e+00   9.3699176e-01   1.3340780e+00   1.0518740e+00   7.3903593e-01   3.8074665e-01   2.7923242e-01  -6.5569211e-02  -3.7358910e-02  -1.7605888e-01  -5.7220833e-01  -1.1545111e+00  -8.8022350e-01
   3.8871151e+00   2.2736249e+00   1.6815005e+00   1.1886234e+00   1.0314382e+00   1.3230167e+00   8.4168155e-01   7.6894145e-01   1.0832658e-01   1.6380472e-01   9.3549315e-02  -6.6850874e-02  -1.7674116e-01  -3.4931661e-01  -1.6419653e-01   5.2132956e-01
   3.2999136e+00   2.9246451e+00   1.8011153e+00   1.3502281e+00   1.4559510e+00   1.4902759e+00   7.4505791e-01   3.1489286e-01   5.8999611e-01   2.4726227e-01   4.3910977e-03   2.2418550e-02  -2.4849693e-01  -3.2045012e-01  -5.4235834e-02   7.1277477e-01
   3.4967215e+00   2.7284682e+00   2.2317486e+00   1.3438258e+00   1.6038139e+00   1.5318972e+00   8.6105439e-01   1.3743396e-01   2.7263740e-01   2.5689620e-01  -1.1601139e-01  -8.9460355e-02  -2.6207018e-01  -3.0842380e-01  -1.0948545e-01   7.2518580e-02
   3.4119639e+00   2.0790892e+00   1.0288839e+00   1.0947559e+00   1.3844702e+00   1.4625255e+00   7.0948539e-01   2.9591529e-01   4.2764298e-01   2.4678468e-01  -1.7659094e-01  -1.8614096e-01  -6.2471889e-01  -4.1455952e-01  -1.1918237e-01   1.4306106e-01
   3.6748863e+00   2.5693783e+00   1.9800920e+00   1.3313619e+00   1.6353904e+00   8.9961177e-01   3.4373932e-01   3.4376813e-01   5.4170423e-01   1.3931250e-01  -7.0917586e-02   8.2918332e-02  -3.2764657e-01  -3.5774376e-01  -3.9209545e-01  -2.4697446e-01
   3.1779329e+00   2.4616326e+00   2.1211623e+00   1.4286866e+00   1.0426437e+00   1.2172706e+00   8.8087626e-01   2.9819909e-01   2.5044425e-01   2.0958283e-01  -3.9376880e-01  -1.0617953e-01  -1.7225278e-01  -5.7237534e-01  -9.5016916e-01  -9.7244454e-01
   3.3562871e+00   2.5190429e+00   1.9540098e+00   1.3282331e+00   8.5588966e-01   1.0993661e+00   5.7410912e-01   4.6913116e-02   2.6179233e-02   1.6851701e-01   1.3820468e-02   1.5997452e-01  -2.3408956e-01  -4.4601618e-01  -6.0527013e-01   3.7096413e-01
   3.5582498e+00   2.7123255e+00   2.0393724e+00   1.7352528e+00   1.0222469e+00   1.1933652e+00   8.5128000e-01   5.7276186e-01   4.0050379e-01   3.8009472e-01  -2.5909971e-01  -4.7504951e-01  -4.4906785e-01  -9.2820340e-01  -5.6285944e-01   5.7742529e-01
   3.4450005e+00   1.9093260e+00   1.8446771e+00   2.0091637e+00   1.4556254e+00   1.7447550e+00   1.2282010e+00   5.9887968e-01   3.0333024e-01   3.0299743e-01  -1.4293042e-01   3.2915082e-01   5.2118076e-03  -4.6296008e-01  -5.6455182e-01   1.7115253e-01
   3.3419775e+00   2.6076880e+00   2.1260299e+00   1.6750421e+00   1.4072081e+00   1.6014625e+00   7.4861490e-01   3.9507801e-01   4.7088205e-01   2.7109215e-01  -4.9378119e-03   2.0678642e-01   1.8403203e-02  -1.4843896e-01  -3.2990085e-01   6.7146616e-01
   3.5270995e+00   2.5598983e+00   1.6367969e+00   1.5540698e+00   1.3548393e+00   1.0179888e+00   8.2001342e-01   6.1726048e-01   4.3854623e-01   5.4469901e-02   1.1452605e-01   1.5074480e-01  -5.0987012e-02  -4.6449342e-01  -6.4374219e-01  -7.3383114e-01
   3.6264460e+00   2.2544174e+00   1.4232982e+00   1.3984603e+00   1.3602512e+00   9.1581372e-01   8.0837154e-01   7.3744062e-01   3.8140609e-01   1.3233742e-01  -3.1167365e-01  -1.6786150e-01  -9.8695194e-02  -1.3797911e-01   2.6500425e-02   1.5625946e-01
   3.4487216e+00   1.7450217e+00   1.2608975e+00   1.3169808e+00   5.8326986e-01   6.6314262e-01   3.5157056e-01   3.3294035e-01  -3.7869738e-02  -1.7089253e-01  -5.3295784e-01  -2.1339238e-01  -1.8353322e-01  -4.8356031e-01  -2.5363017e-01   5.0481024e-02
   4.1361659e+00   2.9895967e+00   2.1425646e+00   1.9050980e+00   1.4440180e+00   1.6293025e+00   9.9690737e-01   1.9926327e-01   1.5946292e-01   3.5182001e-01  -4.3429213e-02   2.3648006e-01   1.3703328e-01  -3.4149369e-01  -5.8728434e-01  -5.7023572e-01
   3.6584532e+00   2.9217778e+00   1.9599460e+00   1.5709958e+00   1.4999510e+00   1.8429422e+00   1.3490287e+00   5.6015102e-01   4.7159213e-01   5.2837394e-01  -2.3032194e-02   2.5836969e-01   1.0671071e-01  -2.8195710e-01  -4.1816899e-01  -4.3414612e-01
   3.8704867e+00   2.5136383e+00   8.6570639e-01   5.9147019e-01   7.5654847e-01   1.0030988e+00  -1.0624969e-01   2.5137982e-02   2.3830360e-02   1.5581774e-03  -7.3647160e-01  -3.6743706e-01  -6.5607495e-01  -3.3287990e-01  -7.8017881e-02  -1.2925289e-01
   3.4272765e+00   2.0006235e+00   1.7004686e+00   1.1769306e+00   1.5543444e+00   1.6222941e+00   5.3843309e-01   2.6533281e-01   5.5005327e-01   2.8055541e-01  -1.2712977e-01   1.9487860e-01  -8.7670922e-02  -4.5431972e-01  -5.2832990e-01  -8.1894138e-01
   3.4169349e+00   2.5884276e+00   2.5472594e+00   1.7008552e+00   1.3658092e+00   1.6769689e+00   1.0143547e+00   5.0398327e-01   5.7930443e-01   1.9463369e-01  -3.6977410e-01  -5.6448086e-02  -8.0950386e-02  -4.5828238e-01  -6.0249952e-01  -5.8386497e-01
   3.6732694e+00   3.0304780e+00   1.9092731e+00   8.5859405e-01   1.0139980e+00   1.5742060e+00   9.3882046e-01   4.7156085e-01   6.7651872e-01   5.5978669e-01   3.4881102e-02   1.3571930e-01  -1.8869983e-02  -3.9979732e-01  -3.2080707e-01  -5.3587007e-01
   3.5439989e+00   3.0722926e+00   2.6668238e+00   1.8074958e+00   1.4801039e+00   1.6383133e+00   9.7535531e-01   4.0497496e-01   1.2454784e+00   2.0178703e+00   1.9025248e+00   1.7668066e+00   2.4401198e+00   2.0833160e+00   1.0940616e+00  -2.4302206e-01
   4.0346128e+00   2.9836006e+00   2.3943780e+00   1.4630925e+00   1.4674873e+00   1.2304438e+00   2.9884162e-01  -2.2036416e-01   9.0667952e-01   2.0508712e+00   2.2170769e+00   2.0140378e+00   2.4395990e+00   2.0001165e+00   1.2587282e+00   5.3264917e-01
   3.6703264e+00   2.8422402e+00   2.4063018e+00   1.5836668e+00   1.6567324e+00   6.8764427e-01   1.9702182e-01   2.2510288e-01   6.4546163e-01   1.1679634e+00   1.5969173e+00   1.9227486e+00   2.3122382e+00   2.0962527e+00   9.5777191e-01   6.5545230e-01
   3.8384269e+00   3.4099569e+00   2.7961907e+00   2.1426044e+00   1.6329202e+00   1.4527763e+00   5.4522377e-01   9.9364161e-01   8.6650753e-01   1.4179146e+00   1.9627471e+00   2.4007727e+00   3.1001967e+00   2.7837975e+00   1.4982636e+00   8.4117689e-01
   3.7689774e+00   3.3177134e+00   2.5219343e+00   2.1711555e+00   1.2605169e+00   1.2876201e+00   1.0689286e+00   9.5490965e-01   5.8759942e-01   1.4079099e+00   1.9948288e+00   2.4182363e+00   2.9868838e+00   2.7230046e+00   1.4550586e+00   5.6659785e-01
   3.8484913e+00   2.9346114e+00   2.2449244e+00   2.3607072e+00   1.7929720e+00   1.2882691e+00   1.0340777e+00   9.1484103e-01   6.4784867e-01   1.2913414e+00   2.0029847e+00   2.1441280e+00   2.9506850e+00   2.7853121e+00   1.4919451e+00   1.0308687e+00
   3.5662583e+00   2.3401126e+00   2.3554634e+00   1.7915124e+00   8.3584677e-01   3.5395599e-01   1.4464175e-01   4.0910181e-01   3.4159607e-01   4.9995091e-01   1.1291866e+00   1.3329223e+00   2.2806459e+00   2.2266473e+00   1.1570727e+00   9.5125970e-01
   4.1383791e+00   3.3188010e+00   2.5180059e+00   2.1307516e+00   1.4079042e+00   8.3795923e-01   5.2103562e-01   3.8772959e-01   3.8569676e-01   8.8826376e-01   1.8859719e+00   2.0565018e+00   2.9353123e+00   2.6943918e+00   1.0559682e+00   5.7589645e-01
   3.9314224e+00   3.2188576e+00   1.8577873e+00   1.9774427e+00   1.3349684e+00   1.4147598e+00   7.5801354e-01   7.5899446e-01   6.0436172e-01   8.6612139e-01   1.8169413e+00   2.1634794e+00   3.2420339e+00   2.9683379e+00   1.3735298e+00   6.5548017e-01
   3.1068025e+00   2.6921567e+00   2.0212870e+00   1.2226335e+00   9.7812649e-01   7.5280849e-01   6.4282810e-01   2.3539115e-01   5.0214925e-02   3.0238060e-01   9.8554237e-01   1.4634010e+00   2.1554759e+00   2.1860580e+00   1.0552235e+00   7.3714613e-01
   3.7628238e+00   2.8903452e+00   2.4693249e+00   2.1580539e+00   1.1480379e+00   7.7492732e-01   7.4252323e-01   7.9138418e-01   5.2908682e-01   8.0878664e-01   1.7821942e+00   1.8145379e+00   2.9693231e+00   2.7558070e+00   1.2896250e+00   7.0675315e-01
   3.9932906e+00   3.3262674e+00   2.9493760e+00   2.5492429e+00   1.2214659e+00   1.2556258e+00   1.0385583e+00   8.5755048e-01   7.8723360e-01   9.8792730e-01   1.9963231e+00   2.0487245e+00   3.2294555e+00   3.0057119e+00   1.2418944e+00   1.0236863e-01
   4.0490713e+00   3.0391038e+00   2.4151817e+00   1.7796677e+00   1.1625536e+00   9.7654332e-01   5.5605778e-01   4.6949886e-01   4.0925933e-01   8.4214556e-01   1.6303871e+00   1.5587361e+00   2.6998248e+00   2.5346969e+00   1.0306688e+00   9.6887930e-01
   3.8461462e+00   2.7588204e+00   2.2289721e+00   2.4962317e+00   1.6759758e+00   1.6911940e+00   9.0308028e-01   6.1283298e-01   3.3541086e-01   9.7266693e-01   1.5863021e+00   1.2368168e+00   2.4039930e+00   2.4085622e+00   1.1321273e+00   4.6493454e-01
   3.3888181e+00   2.7507308e+00   2.7976465e+00   2.5451924e+00   1.6574676e+00   1.7081618e+00   1.1337766e+00   5.1830231e-01   9.1213923e-01   1.3596155e+00   1.5936164e+00   1.8532102e+00   3.0259466e+00   2.9602596e+00   1.1252918e+00   4.0813464e-03
   3.7489554e+00   3.1694711e+00   2.7871994e+00   1.8622267e+00   1.4089774e+00   1.5919781e+00   6.1349188e-01   5.3676180e-01   7.4372129e-01   1.0372381e+00   1.1914593e+00   1.7913480e+00   2.7251607e+00   2.5823273e+00   9.7508178e-01   1.7297200e-01
   3.5654302e+00   2.9771606e+00   2.2221310e+00   1.7972912e+00   1.0911121e+00   1.1688009e+00   7.6242934e-01   1.2281528e-01   2.3195554e-01   1.8815980e-01   7.8027583e-01   9.7013558e-01   1.8116180e+00   1.7970824e+00   7.9678213e-01   5.6504484e-01
   3.7964873e+00   2.9492438e+00   2.7007773e+00   1.9765145e+00   1.6213667e+00   1.4521836e+00   9.0220544e-01   5.3091820e-01   4.8927887e-01   3.5982121e-01   1.2310286e+00   1.0278915e+00   1.7617745e+00   1.6320681e+00   1.6979259e-01  -1.3337539e-02
   3.7058437e+00   2.7878195e+00   2.5353634e+00   1.6755324e+00   1.3540530e+00   1.5173957e+00   6.7347505e-01   4.4434704e-01   6.2949758e-01   1.0246700e+00   1.2238202e+00   8.0741377e-01   1.0631310e+00   1.3118082e+00   2.5142741e-01  -1.7074689e-01
   3.9752734e+00   2.8401641e+00   2.1169579e+00   1.2984582e+00   1.2718906e+00   1.4284386e+00   9.2179949e-01   5.0324097e-01   2.3547951e-01   3.8871433e-01   7.7171737e-01   5.3007097e-01   5.8424262e-01   7.4602957e-01   1.1245647e-01   1.4988802e-01
   3.7295172e+00   3.2527791e+00   2.0607884e+00   1.2546002e+00   1.6950531e+00   1.3753791e+00   7.6019373e-01   3.0737078e-01   4.4001798e-01   1.0691914e-01   2.8178833e-01   2.9546434e-01   9.1351698e-01   9.4451498e-01   3.7529697e-01   6.0475945e-01
   3.0989179e+00   3.0825926e+00   2.7365959e+00   1.6429851e+00   1.2658338e+00   1.6582960e+00   1.6015387e-01   5.7034783e-01   7.6110230e-01   1.7712706e-01   3.8126415e-01   7.7677295e-01   1.1847203e+00   1.3289424e+00  -7.7871851e-02  -6.4075082e-01
   3.9147927e+00   2.7755722e+00   2.2041401e+00   1.5202340e+00   1.2123968e+00   1.5330262e+00   3.2611824e-01   2.3943389e-01  -5.3989728e-03   1.6893085e-01   3.8564814e-01   7.5050443e-01   8.4198237e-01   9.0447708e-01  -3.8328029e-02   3.5820329e-01
   3.5337937e+00   2.8747231e+00   1.4816788e+00   1.9166837e+00   1.8348552e+00   1.6876721e+00   1.1217478e+00   7.5823503e-01   5.7535036e-01   2.9657059e-01   2.0278147e-01   4.2749832e-01   6.9237405e-01   7.8843513e-01  -2.3253453e-01  -1.3650401e-01
   3.9876240e+00   2.9580679e+00   2.5536046e+00   2.1277001e+00   1.6637217e+00   9.2779462e-01   2.2715669e-01   4.9591913e-01   3.0764081e-01   3.7915672e-01   6.3387754e-01   4.6268721e-01   3.0693335e-01   4.3403484e-01  -2.2398821e-01   5.9026400e-01
   3.6971642e+00   2.7311879e+00   2.7682639e+00   1.8811132e+00   1.8460431e+00   1.0930450e+00   6.1105022e-01   1.0439191e-01   4.7126488e-01   4.7545469e-01   9.4001676e-01   7.2690705e-01   6.9665788e-01   9.6133476e-01  -1.1847134e-01  -6.2516060e-01
   3.8235541e+00   2.9422172e+00   2.2793726e+00   1.5273219e+00   1.4589112e+00   1.4618728e+00   5.7083765e-01   2.6833731e-01   2.6334478e-01   1.8310807e-02   8.8552436e-01   7.2903719e-01   4.4308611e-01   5.5328086e-01   1.1107994e-01   4.9677109e-01
   3.0361313e+00   3.1509278e+00   2.2219505e+00   1.9354613e+00   1.4630931e+00   1.3705745e+00   1.3647226e+00   9.7629782e-01   3.5491388e-01   2.9862344e-01   8.2944479e-01   4.1350028e-01   1.5281871e-01   2.0026038e-01  -1.7045853e-01  -2.5943480e-03
   3.7519480e+00   3.2267157e+00   2.0681928e+00   2.0111643e+00   1.7916000e+00   1.3500624e+00   1.1978761e+00   9.3030396e-01   5.8987920e-01   3.4251368e-01   4.2707337e-01   2.5918133e-01   4.9608148e-01   3.2365171e-01  -8.5491917e-01  -1.0346468e+00
   3.4745063e+00   2.3962731e+00   1.9897669e+00   1.6890769e+00   1.7112184e+00   1.6029942e+00   7.8496936e-01   5.5322554e-01   8.1843698e-01   5.5335960e-01   4.6535901e-01   3.2080407e-01   3.0574236e-01   1.5517073e-01  -2.3596075e-01  -6.8792297e-01
   2.9654103e+00   3.2778894e+00   1.9876050e+00   8.6780071e-01   1.8053797e+00   1.7117057e+00   9.9711950e-01   4.4104267e-01   6.8917012e-01   6.5174811e-01   7.2384565e-02   2.2986034e-01   1.0343993e-01  -1.8794155e-01  -6.7171389e-01  -9.6185170e-01
   3.1678751e+00   3.1450700e+00   2.3958149e+00   1.5968073e+00   1.5082441e+00   1.2791532e+00   8.2654005e-01   5.9394066e-01   4.0541405e-01   3.5894307e-01   1.4745007e-01   3.9433896e-01   1.3332413e-01   3.6367394e-02  -3.5792720e-01  -4.7698081e-01
   3.7185215e+00   2.6069667e+00   2.1196582e+00   1.4710819e+00   1.4904589e+00   4.1213181e-01   4.2844051e-01   4.1726882e-01   5.2247264e-01   1.6501084e-01   3.7905279e-02   3.8627304e-01   7.7461755e-02  -1.4337917e-01  -3.0906441e-01   4.8895576e-01
   3.6734515e+00   3.2470151e+00   2.3367012e+00   1.6481835e+00   1.3827596e+00   1.4524776e+00   8.9523008e-01   4.2569557e-01   4.8270485e-01   3.3677131e-01   1.4114750e-01   1.8275068e-01  -2.3022840e-02  -2.0630274e-01  -6.0751271e-01  -6.8836846e-01
   4.2774649e+00   2.8489062e+00   2.1036446e+00   1.2043933e+00   1.0313037e+00   1.2486225e+00   1.0168732e+00   6.8680471e-01   3.3697495e-01  -7.3871516e-02   1.5806541e-01   2.9408512e-01   2.1099293e-01  -1.2754960e-01  -2.3886381e-01   2.0775140e-01
   3.4071002e+00   2.1185181e+00   1.3882095e+00   1.4329775e+00   8.1042933e-01   1.1035912e+00   6.5533776e-01   9.4771211e-01   1.2376153e-01   8.9268222e-02  -1.4636336e-01  -1.6718692e-01  -5.9822246e-02  -2.7202640e-01   3.3428113e-02   3.5974510e-01
   3.1369993e+00   1.9921507e+00   1.4724889e+00   1.4536339e+00   1.0698735e+00   7.1163195e-01   1.1633053e-01   1.2285734e-02   2.4474326e-02  -5.4465210e-01  -6.5330566e-01  -5.6651973e-01  -5.1853106e-01  -4.8465790e-01  -3.6424629e-01   2.9377998e-02
   3.7337651e+00   2.8503148e+00   2.3358666e+00   2.0409973e+00   1.0799573e+00   1.3928018e+00   9.6037937e-01   1.9701832e-01   3.7925992e-01   2.2056044e-01  -3.2343594e-02   9.8057021e-02  -1.8630806e-01  -3.3105398e-01  -4.5917540e-01   6.9692814e-02
   3.5458297e+00   2.9990101e+00   1.7691342e+00   1.9712614e+00   1.5412120e+00   1.1963904e+00   6.4256254e-01   1.7961075e-01   1.1558498e-01  -1.9223662e-01  -4.9487746e-01  -2.2871659e-01  -2.7668660e-01  -3.2516001e-01  -3.6527742e-01  -2.0110006e-01
   3.2751590e+00   2.6501853e+00   2.0150388e+00   1.4273175e+00   9.6929583e-01   7.8222042e-01   7.8634123e-02  -5.1324010e-02   4.0000881e-02  -1.2117145e-01  -5.8927824e-01  -4.8767604e-01  -8.2641963e-01  -4.3524818e-01  -1.2682817e-01   2.6241365e-02
   3.1573759e+00   2.3824971e+00   1.7298656e+00   9.5967628e-01   4.0886417e-01   4.3361972e-01   2.3503619e-01  -1.5921744e-01  -1.1143453e-01   5.4723922e-03  -1.5421236e-01  -2.8767253e-01  -4.6544403e-01  -4.8988482e-01  -3.5661850e-01   6.2162608e-02
   3.4765474e+00   3.1033554e+00   2.4099378e+00   2.0241663e+00   1.1717136e+00   1.4582495e+00   1.0165075e+00   4.2753303e-01   3.6245301e-01  -3.4051523e-02   3.2053839e-01  -8.8781975e-03  -3.3451630e-01  -3.5930308e-01  -4.7488790e-01  -8.9887784e-01
   4.0291272e+00   2.7335151e+00   1.8609869e+00   1.6045988e+00   1.5445183e+00   1.5950305e+00   9.9732865e-01   5.2008494e-01   5.2060449e-01  -3.7643113e-01  -6.1741463e-02   1.6658846e-01   2.2216239e-01  -2.9105239e-01  -3.7069847e-01   4.2420290e-01
   2.9827973e+00   1.6234614e+00   9.8028309e-01   7.0677960e-01   3.8819333e-01   6.6178606e-01   4.8039467e-01   6.1934236e-02   3.9671522e-01  -1.6803062e-01  -4.1779189e-01  -4.3378678e-01  -4.4052616e-01  -5.0579837e-01  -3.3977545e-01   3.7470591e-01
   2.8191958e+00   2.5252233e+00   1.9097764e+00   1.0671628e+00   7.5581914e-01   1.0504423e+00   1.2598120e+00   4.2260307e-01   6.7580387e-01   5.4393071e-01  -4.0413267e-02  -1.6167223e-02  -2.8309123e-01  -8.1042967e-01  -1.4301909e-01   3.0451625e-01
   2.7616416e+00   2.5859624e+00   2.2525043e+00   1.4575914e+00   1.6036892e+00   9.3567684e-01   8.5178941e-01   4.5221282e-01   6.3507648e-01   2.1933880e-01   9.1061355e-02   4.4796536e-02  -1.6425197e-01  -5.0331662e-01  -5.8129877e-01  -8.0509438e-01
   2.7002054e+00   2.6089123e+00   2.4383086e+00   1.5190224e+00   1.1730499e+00   1.1078712e+00   8.6923252e-01   5.9555809e-01   1.0909954e-01  -2.3073888e-01  -2.9317956e-01  -1.3795157e-01  -1.2518255e-01  -4.3339748e-01  -5.2803745e-01   2.4595177e-01
   3.0195081e+00   2.8497091e+00   2.2158751e+00   1.1012628e+00   1.3602446e+00   1.0441131e+00   3.2021184e-01   4.9660918e-01   5.5982690e-01   3.3346901e-01  -4.2626162e-01  -1.8573137e-01  -1.2422408e-01  -2.8351830e-01  -1.3141580e-01   5.7865632e-01
   3.2982738e+00   3.1772567e+00   2.2791779e+00   1.5135848e+00   1.5174882e+00   1.1890207e+00   5.7366663e-01   4.3077176e-01   6.0217045e-01   4.3705086e-01  -2.1149683e-01   1.9884889e-02  -3.4406501e-01  -4.7732132e-01  -4.4352691e-01  -8.3715230e-02
   3.4941487e+00   2.8503949e+00   2.2529941e+00   1.2933007e+00   1.2135274e+00   1.0167243e+00   7.1593786e-01   1.8875063e-01   3.6487915e-01   1.8899163e-01   9.6384979e-02   6.0625740e-02  -3.2260224e-01  -3.0062276e-01  -2.4077210e-01   6.0007207e-02
   3.7386810e+00   2.7052811e+00   2.0285036e+00   1.6629857e+00   1.0463193e+00   1.2431561e+00   3.1980398e-01   4.6666321e-01   2.7084263e-01   1.4471752e-01  -2.0236633e-01  -1.4183656e-01  -2.7586125e-01  -6.6677809e-01  -5.6046491e-01  -2.1469563e-01
