   4.6074106e+00   3.6758304e+00   2.9251089e+00   2.5349769e+00   2.1843647e+00   1.9061382e+00   1.7112470e+00   2.0121334e+00   1.7701050e+00   1.6235473e+00   1.2177250e+00   1.4591706e+00   1.3651624e+00   1.1353919e+00   1.4228707e+00   1.0600381e+00
   4.3552683e+00   3.4392927e+00   2.6845092e+00   2.1020328e+00   2.0864981e+00   1.8281000e+00   1.8357800e+00   2.1723515e+00   1.7969782e+00   1.4244588e+00   1.0602676e+00   1.4926123e+00   1.4982193e+00   1.3087340e+00   1.5303110e+00   1.3119690e+00
   4.8227526e+00   2.8681148e+00   2.2816199e+00   1.9600599e+00   1.7785826e+00   1.7136934e+00   1.6178534e+00   1.7327994e+00   1.3362607e+00   1.0292622e+00   1.3116283e+00   1.1708691e+00   1.6364879e+00   1.5024191e+00   1.4666968e+00   1.4087468e+00
   4.6746699e+00   3.5371145e+00   2.9985916e+00   2.5879881e+00   1.9651817e+00   2.0204679e+00   1.8962901e+00   1.5369512e+00   1.4590797e+00   1.5893403e+00   1.5038962e+00   1.2845966e+00   1.3115138e+00   1.3346086e+00   1.4412933e+00   1.4356961e+00
   4.4540517e+00   3.5127598e+00   3.0541547e+00   2.3754147e+00   1.9393800e+00   2.0283632e+00   1.7732341e+00   1.9893056e+00   1.9131853e+00   1.5899348e+00   1.4845734e+00   1.3858579e+00   1.3332784e+00   1.0257337e+00   1.5084469e+00   1.1755512e+00
   4.7509057e+00   4.1737146e+00   2.6121329e+00   2.5223525e+00   2.0551183e+00   1.9016086e+00   1.4725298e+00   1.4688996e+00   1.6660768e+00   1.1765699e+00   1.2574409e+00   1.3176022e+00   1.3168690e+00   1.2565392e+00   1.2944955e+00   1.2372953e+00
   4.9287132e+00   4.1796076e+00   3.2029048e+00   2.9750323e+00   2.1246011e+00   1.6452802e+00   1.5733366e+00   1.2005617e+00   1.2137643e+00   1.5227183e+00   1.2459091e+00   1.2760186e+00   1.1823560e+00   1.2029582e+00   1.3815481e+00   1.5091041e+00
   4.4844869e+00   2.4562101e+00   2.7669600e+00   2.6882995e+00   1.8382035e+00   1.7206426e+00   1.8255123e+00   1.5152608e+00   1.5775787e+00   1.4746882e+00   1.1820356e+00   1.5085823e+00   1.1164968e+00   1.3366414e+00   1.4419260e+00   1.5164174e+00
   4.1538288e+00   3.3059424e+00   2.6476108e+00   2.8201795e+00   2.6088254e+00   1.4655512e+00   1.4706359e+00   1.4382850e+00   1.2243008e+00   1.2852346e+00   1.1342350e+00   1.3039724e+00   1.0455866e+00   1.0942819e+00   1.1783069e+00   1.2607226e+00
   3.5578348e+00   2.8761936e+00   2.8954525e+00   2.7997211e+00   2.2822635e+00   1.4642640e+00   1.4522920e+00   1.6585099e+00   1.4439953e+00   1.5150304e+00   1.3425213e+00   1.2702433e+00   1.0883043e+00   1.1971592e+00   1.1256068e+00   1.2217001e+00
   3.6048194e+00   2.8053533e+00   2.6715694e+00   2.4461071e+00   1.7680901e+00   1.7429066e+00   1.6691747e+00   1.5867083e+00   1.8257828e+00   1.2559383e+00   1.2998748e+00   1.1922562e+00   9.9244452e-01   8.1962276e-01   9.6648809e-01   1.3349572e+00
   3.9000823e+00   2.7740897e+00   1.9730163e+00   2.2814393e+00   2.0345596e+00   1.9445224e+00   1.8707378e+00   1.5629812e+00   1.4918779e+00   1.3232502e+00   1.3231949e+00   1.1360139e+00   9.5129009e-01   1.0319145e+00   1.3279512e+00   1.3274014e+00
   3.8801889e+00   3.2811610e+00   2.3206298e+00   2.4095783e+00   1.7839083e+00   2.1760448e+00   1.8827807e+00   1.4588521e+00   1.3418020e+00   1.3545141e+00   1.2763716e+00   1.2341375e+00   9.7894962e-01   1.2339847e+00   1.3155633e+00   1.1368178e+00
   4.2205783e+00   3.1895727e+00   2.7629769e+00   2.6986332e+00   2.2399483e+00   2.0900567e+00   1.2968604e+00   1.5440784e+00   1.2565826e+00   1.0444944e+00   1.1741469e+00   8.4417792e-01   1.1169384e+00   1.4390370e+00   1.2767238e+00   1.3170102e+00
   3.8480287e+00   3.0923962e+00   2.3533557e+00   2.8568472e+00   2.3819388e+00   1.9053123e+00   1.7790670e+00   1.6453608e+00   1.4279209e+00   1.1471920e+00   1.2164951e+00   1.2827276e+00   1.3636831e+00   1.2943311e+00   1.3542457e+00   1.4534554e+00
   3.2785065e+00   2.7363126e+00   2.2220681e+00   2.4284480e+00   1.8946867e+00   1.5598469e+00   1.8386571e+00   1.6876378e+00   1.7997234e+00   1.5606443e+00   1.1172692e+00   1.4205686e+00   1.4660982e+00   1.4392181e+00   1.1535599e+00   1.1315133e+00
   4.0956618e+00   3.5800083e+00   2.4701291e+00   2.4958965e+00   1.7495383e+00   1.5783804e+00   1.5612119e+00   1.6111713e+00   1.6056853e+00   1.1732748e+00   1.1613774e+00   1.6312353e+00   1.5084134e+00   1.2492829e+00   1.2592190e+00   1.4068812e+00
   3.4215269e+00   2.7413328e+00   2.5873113e+00   2.1433523e+00   1.4510457e+00   1.6619714e+00   1.8721324e+00   1.5495880e+00   1.2889231e+00   1.3039339e+00   1.0157155e+00   9.6073888e-01   1.2552360e+00   1.3462482e+00   1.0160546e+00   9.5088663e-01
   3.4969949e+00   3.1477552e+00   2.8434079e+00   2.6098095e+00   2.1093179e+00   1.8463653e+00   1.4905258e+00   1.4606460e+00   1.1800861e+00   1.0998293e+00   1.3655208e+00   1.0730049e+00   9.7647763e-01   8.3915918e-01   9.2476213e-01   1.0563760e+00
   3.6335104e+00   3.3233448e+00   2.9792689e+00   2.7401255e+00   2.0552310e+00   2.0108573e+00   1.2287185e+00   1.5213849e+00   1.4779974e+00   1.2421170e+00   1.6585989e+00   1.1863043e+00   1.2966093e+00   1.2445838e+00   1.1318127e+00   1.3434215e+00
   4.1002897e+00   3.3775989e+00   2.8769399e+00   2.4368996e+00   1.7614980e+00   1.8076322e+00   1.0555016e+00   1.4833031e+00   1.7086230e+00   1.0416768e+00   6.7966014e-01   1.1909419e+00   1.3458588e+00   1.1675580e+00   1.1775967e+00   1.3561377e+00
   3.7345735e+00   4.0942995e+00   3.1635749e+00   2.3456893e+00   1.8036648e+00   1.9322470e+00   1.6228602e+00   1.2934622e+00   1.4456112e+00   1.3334413e+00   9.7200256e-01   1.3638416e+00   1.1733677e+00   9.5793198e-01   1.0344303e+00   1.1347299e+00
   3.7071444e+00   3.3118987e+00   2.8582694e+00   2.3627899e+00   1.9539995e+00   1.7533911e+00   1.2276592e+00   1.3005936e+00   1.4971584e+00   1.3160226e+00   1.2927187e+00   1.1281797e+00   1.3333809e+00   1.0957195e+00   9.8268140e-01   1.1576895e+00
   4.0056176e+00   3.2930574e+00   3.1524546e+00   2.7068143e+00   2.1808937e+00   1.5853851e+00   1.3545423e+00   1.7173111e+00   1.5842619e+00   1.4761107e+00   1.3649536e+00   1.3628962e+00   1.3878199e+00   1.2552291e+00   8.9214607e-01   1.0884113e+00
   4.0722858e+00   3.1648143e+00   2.7746996e+00   2.7635817e+00   2.1261107e+00   1.2159165e+00   1.4891455e+00   1.7039487e+00   1.5194723e+00   1.4564593e+00   1.2677194e+00   1.2513247e+00   1.1681814e+00   1.1074985e+00   8.9986688e-01   1.2339381e+00
   4.2771718e+00   3.3861051e+00   2.3618678e+00   2.8220440e+00   1.8166613e+00   1.7660270e+00   1.6851273e+00   1.7410425e+00   1.1680505e+00   1.1256553e+00   1.2352523e+00   1.0003212e+00   1.0354914e+00   1.0803065e+00   1.1490120e+00   1.2844209e+00
   3.4060802e+00   3.2119277e+00   2.5733161e+00   1.5194164e+00   1.8139055e+00   1.9688684e+00   1.9226101e+00   1.6338208e+00   1.9525031e+00   1.2704765e+00   1.3719124e+00   1.5302490e+00   1.2987395e+00   9.4931700e-01   8.9871271e-01   1.0129810e+00
   3.5403066e+00   3.1126390e+00   2.5150428e+00   2.1932788e+00   1.8837455e+00   2.1047868e+00   1.6446157e+00   1.7570370e+00   1.2017140e+00   1.1622666e+00   1.0714221e+00   1.0191373e+00   7.6601891e-01   1.0574806e+00   1.1034584e+00   1.1454701e+00
   4.1321865e+00   2.8865933e+00   2.8407322e+00   2.2130067e+00   1.7669005e+00   2.1410674e+00   1.6551295e+00   1.5490964e+00   1.3195784e+00   1.4361217e+00   1.0703543e+00   1.0211889e+00   1.3290045e+00   1.3534675e+00   1.4072268e+00   1.4067642e+00
   4.6949414e+00   4.0508649e+00   3.3931253e+00   3.1857835e+00   2.8901904e+00   1.7568181e+00   1.8367800e+00   1.8207851e+00   1.5456016e+00   1.3904991e+00   1.5423200e+00   1.0830924e+00   1.0999523e+00   1.1723329e+00   1.2394639e+00   1.0719998e+00
   4.0273739e+00   3.4962665e+00   3.2778338e+00   3.0802110e+00   3.0362113e+00   1.9493783e+00   1.9669848e+00   2.0543848e+00   2.4870261e+00   1.6767914e+00   1.4388281e+00   1.0893826e+00   1.9905145e+00   2.3053214e+00   1.1964890e+00   1.1566737e+00
   4.5039590e+00   4.0496582e+00   3.4285041e+00   2.7396366e+00   3.2541763e+00   1.8940068e+00   1.8082046e+00   2.1394885e+00   2.9622222e+00   1.7849499e+00   1.5431948e+00   1.8014538e+00   2.2588273e+00   2.6430914e+00   1.2918338e+00   1.0344153e+00
   5.1198946e+00   4.1957998e+00   3.6443353e+00   2.7498048e+00   3.4855868e+00   2.8667925e+00   2.6432502e+00   2.6473199e+00   3.1369669e+00   2.0015225e+00   1.8659725e+00   1.9884596e+00   1.9238035e+00   1.9664900e+00   1.2209605e+00   1.1621472e+00
   3.8819104e+00   3.9430499e+00   2.9308213e+00   2.6547716e+00   2.9671628e+00   2.4937614e+00   1.8962897e+00   2.3365632e+00   2.8894016e+00   1.9173289e+00   1.6291923e+00   1.8605624e+00   1.9513593e+00   2.0981745e+00   1.4777104e+00   1.3574265e+00
   3.8223363e+00   3.6546629e+00   3.4210855e+00   2.8427942e+00   3.3033299e+00   2.9101677e+00   2.2820976e+00   2.6567541e+00   3.3118456e+00   2.3342146e+00   1.8652464e+00   1.6608786e+00   2.4082201e+00   2.4099765e+00   1.1970833e+00   9.2873836e-01
   4.3914815e+00   3.8030681e+00   2.8910868e+00   2.9231329e+00   3.6961473e+00   3.2207585e+00   2.2983120e+00   2.8609925e+00   3.3180260e+00   2.3138276e+00   2.0200689e+00   2.0380395e+00   2.5992325e+00   2.4319579e+00   1.2890347e+00   1.3312074e+00
   4.4890805e+00   3.5307450e+00   3.2767264e+00   3.5968576e+00   3.9181238e+00   3.5497292e+00   2.6315144e+00   2.9833238e+00   3.0921766e+00   2.4036960e+00   2.0046227e+00   2.3180438e+00   2.7636184e+00   2.2449511e+00   1.4246013e+00   1.4797289e+00
   4.0647318e+00   3.6684986e+00   3.0306721e+00   3.2023902e+00   3.7382800e+00   3.5755312e+00   2.4320080e+00   2.8222521e+00   3.0959082e+00   2.0086298e+00   1.8751501e+00   2.3279594e+00   2.6665412e+00   2.2826815e+00   1.3575593e+00   1.2627015e+00
   4.5057021e+00   3.4837951e+00   2.8737817e+00   3.4292546e+00   3.7588753e+00   3.3626988e+00   2.3249423e+00   2.9445817e+00   3.2125339e+00   2.4559447e+00   1.9791172e+00   2.2855076e+00   2.7253548e+00   2.3319390e+00   1.3256471e+00   1.1828048e+00
   3.9978041e+00   3.3433904e+00   2.9249011e+00   3.5021380e+00   3.8544920e+00   3.6039994e+00   2.7428916e+00   3.0884307e+00   3.1892136e+00   2.3746182e+00   2.2230546e+00   2.3867950e+00   2.6533200e+00   2.3949390e+00   1.4798736e+00   1.2135388e+00
   4.4739437e+00   3.4432902e+00   3.0814613e+00   3.2683713e+00   3.7413198e+00   3.5552626e+00   2.6781765e+00   2.7467851e+00   3.0447557e+00   2.4842358e+00   2.1228832e+00   2.2602921e+00   2.6582964e+00   2.4162199e+00   1.2404556e+00   1.3169542e+00
   4.2926993e+00   3.6563898e+00   3.1675391e+00   3.4516364e+00   3.7811876e+00   3.6078502e+00   2.6115950e+00   2.7149493e+00   3.2421992e+00   2.1096715e+00   2.0506782e+00   1.9444473e+00   2.5399182e+00   2.3082313e+00   1.2578339e+00   1.1942455e+00
   4.7627341e+00   3.1797916e+00   2.6672342e+00   3.3730417e+00   3.8074746e+00   3.6525495e+00   2.6740999e+00   2.8506071e+00   3.3556136e+00   2.5355972e+00   2.1640501e+00   2.0151836e+00   2.6980844e+00   2.4196945e+00   1.3333725e+00   1.2320686e+00
   4.7604000e+00   3.6148951e+00   2.9737692e+00   3.3637070e+00   3.8164893e+00   3.6142784e+00   2.5638199e+00   2.9661560e+00   3.4899888e+00   2.6119006e+00   2.1636125e+00   2.3978357e+00   2.7706245e+00   2.4802328e+00   1.5975884e+00   1.4669848e+00
   4.0765508e+00   3.4698759e+00   2.4973706e+00   3.2511638e+00   3.7983006e+00   3.3710532e+00   2.5119257e+00   2.6914935e+00   3.1991709e+00   2.2256394e+00   2.0130805e+00   2.1954538e+00   2.8216000e+00   2.6951302e+00   1.5325284e+00   1.2867677e+00
   4.6053543e+00   3.0601181e+00   2.7372553e+00   3.4835424e+00   3.8105738e+00   3.3839323e+00   2.4287795e+00   2.7966558e+00   3.2650059e+00   2.2880574e+00   1.8347659e+00   2.1923172e+00   2.8609082e+00   2.5736566e+00   1.5076155e+00   1.2662877e+00
   4.4380544e+00   3.4446783e+00   2.4824325e+00   3.3036520e+00   3.6838614e+00   3.2613841e+00   2.3753498e+00   2.4673900e+00   3.1977381e+00   2.6355342e+00   2.0246391e+00   2.4334336e+00   2.9081290e+00   2.4506808e+00   1.6761755e+00   1.4011235e+00
   3.8691424e+00   3.2312896e+00   2.4795589e+00   3.0677102e+00   3.5393684e+00   3.0823073e+00   2.3656714e+00   2.0149511e+00   2.7071886e+00   2.6608241e+00   1.9642463e+00   2.2152095e+00   2.5801589e+00   2.4165959e+00   1.4190904e+00   1.2541183e+00
   3.8113874e+00   3.5084501e+00   3.1187205e+00   3.5388133e+00   3.3230383e+00   2.9973187e+00   2.1057760e+00   2.1795610e+00   3.1307680e+00   2.7690362e+00   2.0315625e+00   2.1283542e+00   2.7081648e+00   2.3740358e+00   1.6073531e+00   1.3600710e+00
   4.6217225e+00   3.4645580e+00   2.8366841e+00   3.3136531e+00   3.1771948e+00   3.0200336e+00   2.1012906e+00   2.0628460e+00   3.0552773e+00   2.8174063e+00   1.9884279e+00   1.9186387e+00   2.6715054e+00   2.3993034e+00   1.4155681e+00   1.1638376e+00
   4.3540214e+00   3.4061135e+00   3.0202992e+00   3.1094622e+00   2.6949203e+00   2.6736274e+00   2.1830359e+00   1.9815665e+00   3.0370091e+00   2.7624575e+00   1.7539357e+00   1.9719222e+00   2.5760402e+00   2.2455541e+00   1.3845112e+00   1.2750466e+00
   4.2493773e+00   2.9632484e+00   2.8657399e+00   3.1045722e+00   2.4813521e+00   2.7016003e+00   1.9707062e+00   1.8468490e+00   2.6316936e+00   2.3107747e+00   1.5934785e+00   1.9905626e+00   2.3053423e+00   1.9528548e+00   1.2501040e+00   1.4700673e+00
   4.5612211e+00   3.2701415e+00   3.0930826e+00   3.0150222e+00   2.4420404e+00   1.9659555e+00   1.7878828e+00   1.8052504e+00   2.3755828e+00   2.2520516e+00   1.6875236e+00   1.4228366e+00   2.1947434e+00   1.8408333e+00   1.3311926e+00   1.3388938e+00
   4.5693463e+00   3.9698126e+00   3.5842299e+00   2.7182526e+00   1.8804925e+00   1.6055632e+00   1.2834704e+00   1.4912891e+00   1.8475064e+00   1.7122129e+00   1.5333433e+00   1.2492707e+00   1.7771189e+00   1.6434395e+00   1.3661044e+00   1.3863167e+00
   4.4753353e+00   3.5629560e+00   3.5059103e+00   3.2106145e+00   2.1950652e+00   1.7047443e+00   1.6384760e+00   1.9311959e+00   1.5282739e+00   1.5569261e+00   1.6487602e+00   1.4357389e+00   1.1761708e+00   1.2970387e+00   1.4818267e+00   1.2619192e+00
   4.9477533e+00   4.2876923e+00   2.7913009e+00   2.6034387e+00   2.0604560e+00   1.6872599e+00   1.8161439e+00   1.6700736e+00   1.6671977e+00   1.4665466e+00   1.6475693e+00   1.6237734e+00   1.2338793e+00   1.3154657e+00   1.3667904e+00   1.4480235e+00
   4.6386625e+00   4.4567666e+00   3.4332791e+00   2.5920314e+00   2.6670164e+00   2.1253629e+00   2.0048651e+00   1.7576355e+00   1.3567694e+00   1.5432231e+00   1.7392944e+00   1.5618429e+00   1.1404203e+00   1.1226230e+00   1.2115054e+00   1.2219292e+00
   4.7644962e+00   4.3187994e+00   2.7971873e+00   2.3535765e+00   2.2614436e+00   2.2694907e+00   2.0004771e+00   1.9351226e+00   1.5651256e+00   1.2203603e+00   1.0978819e+00   1.3329869e+00   1.1087042e+00   1.0881399e+00   1.1433562e+00   1.3732714e+00
   4.5877260e+00   3.4366374e+00   3.0349813e+00   2.4893340e+00   2.2500453e+00   2.2552432e+00   1.1560636e+00   1.3797194e+00   1.5439341e+00   1.1185380e+00   1.3823634e+00   1.4248714e+00   1.2405675e+00   1.2598627e+00   1.3899828e+00   1.3297525e+00
   4.5992750e+00   3.8358532e+00   2.6845473e+00   2.4072900e+00   2.1706656e+00   1.4961989e+00   1.6151675e+00   1.4037600e+00   1.4920345e+00   1.2445156e+00   1.0556536e+00   1.6130597e+00   1.5521064e+00   1.4792502e+00   1.2505568e+00   1.4560456e+00
   4.4467905e+00   3.4648257e+00   2.5566775e+00   2.1349166e+00   1.9599524e+00   2.2244465e+00   1.3722546e+00   1.4388175e+00   1.5023569e+00   1.5485413e+00   1.2354307e+00   1.5408360e+00   1.4577333e+00   1.4090900e+00   1.3949180e+00   1.4017814e+00
   4.6020587e+00   4.0196384e+00   2.6357244e+00   2.4876653e+00   1.9349370e+00   1.3711046e+00   1.3958290e+00   1.6467747e+00   1.4863781e+00   1.1667741e+00   1.3680417e+00   1.3355278e+00   1.1335343e+00   1.2123365e+00   1.1240945e+00   1.3522687e+00
   4.3590941e+00   3.4283656e+00   2.8057831e+00   2.7365909e+00   1.8127552e+00   1.4612552e+00   1.2513881e+00   1.3177666e+00   1.1683032e+00   1.3949935e+00   1.0526186e+00   1.0217216e+00   1.1148733e+00   9.4158120e-01   1.1684244e+00   1.3674300e+00
   4.6779667e+00   3.8082198e+00   2.9524686e+00   2.7639668e+00   2.1859283e+00   1.8515079e+00   1.4852142e+00   1.1208796e+00   1.5357825e+00   1.5763482e+00   1.5442359e+00   1.0986543e+00   1.4069824e+00   1.0709189e+00   1.0182692e+00   1.5237841e+00
   4.3167805e+00   3.2409495e+00   2.6544679e+00   2.8947952e+00   1.9894104e+00   2.0256456e+00   1.4448332e+00   1.6867338e+00   1.7837174e+00   1.4019656e+00   1.6979224e+00   1.3435701e+00   1.3992672e+00   1.2812361e+00   1.4495929e+00   1.5239044e+00
   4.9918008e+00   4.0161572e+00   3.2034432e+00   2.8905761e+00   2.0122276e+00   1.6054591e+00   1.6617746e+00   1.8680572e+00   1.6037449e+00   1.2462351e+00   1.0934846e+00   1.3436691e+00   1.3970298e+00   1.2474144e+00   1.2192016e+00   1.3921669e+00
   4.5277186e+00   3.5938563e+00   2.7432598e+00   2.8843925e+00   1.8981309e+00   1.9535970e+00   1.4162144e+00   1.8556413e+00   1.4987259e+00   9.9282874e-01   1.1632248e+00   9.3416522e-01   1.1226843e+00   9.1118624e-01   1.2092880e+00   1.3123982e+00
   4.3792480e+00   3.5140946e+00   3.3039172e+00   2.6363105e+00   1.9677243e+00   1.9973203e+00   1.6255076e+00   1.6273490e+00   1.3794500e+00   1.1055892e+00   1.5381102e+00   1.1764765e+00   1.2458149e+00   1.4445544e+00   9.3306248e-01   1.3065998e+00
   4.6588346e+00   3.5285645e+00   2.5439162e+00   2.3183082e+00   2.2316921e+00   1.5488375e+00   1.5920077e+00   1.4202455e+00   1.3570758e+00   1.1041110e+00   1.3469931e+00   1.3837869e+00   1.5553069e+00   1.4556270e+00   1.2302741e+00   1.2540714e+00
   4.5812171e+00   3.4213837e+00   2.2812718e+00   2.2971479e+00   1.8610684e+00   1.7903684e+00   1.5979429e+00   1.4948385e+00   1.0418181e+00   1.0022876e+00   1.1754792e+00   1.0605225e+00   1.2643415e+00   1.1861041e+00   1.3342847e+00   1.4203231e+00
   4.4062332e+00   3.3195834e+00   2.4003224e+00   2.0128853e+00   1.7544911e+00   1.6728976e+00   1.5484373e+00   1.3484583e+00   8.1608026e-01   1.1795897e+00   1.2942617e+00   1.2459508e+00   1.2474284e+00   1.0756501e+00   1.1439985e+00   1.3309370e+00
