   1.7316656e+00   1.1459368e+00   4.8590685e-01   2.4286755e-01   1.7236758e-01  -7.1034870e-01  -8.8368764e-01  -6.8036933e-01  -7.6222926e-01  -1.1359534e+00  -1.3042595e+00  -1.2258573e+00  -1.0863909e+00  -1.0868135e+00  -1.0478539e+00  -1.1816218e+00
   1.5912998e+00   1.3252763e+00   3.4334599e-01   5.6527383e-01   3.4284424e-01  -3.1834055e-01  -4.0503374e-01  -4.6293360e-01  -7.3206634e-01  -1.0653101e+00  -1.0102719e+00  -1.1200629e+00  -1.0308783e+00  -1.1661896e+00  -1.1602857e+00  -1.1027349e+00
   1.2243125e+00   9.5826994e-01   2.3007277e-01   6.5682508e-03  -6.1671092e-01  -9.5678700e-01  -6.3883527e-01  -7.4303195e-01  -1.0479349e+00  -1.0986172e+00  -1.1561168e+00  -1.1298328e+00  -1.1796069e+00  -1.1592968e+00  -1.0187346e+00  -1.3779777e+00
   2.0221035e+00   6.9218619e-01  -4.2509512e-01   3.9173225e-01  -8.9230332e-02  -1.0639808e+00  -1.1040934e+00  -9.4284813e-01  -1.2198466e+00  -1.1946099e+00  -1.1909952e+00  -1.4305076e+00  -1.0717664e+00  -1.1606468e+00  -1.3064678e+00  -1.5738288e+00
   1.7496003e+00   5.3350527e-01   7.3076468e-01   5.6834823e-01   1.4005715e-02  -9.9875415e-01  -1.5483744e+00  -9.3684286e-01  -1.3865927e+00  -1.3447137e+00  -1.5280537e+00  -1.7460675e+00  -1.8318430e+00  -1.8021393e+00  -1.5852043e+00  -1.5000278e+00
   2.0736965e+00   8.1791176e-01   3.4282098e-01   7.0324571e-01  -3.1119101e-01  -8.2280173e-01  -1.6195696e+00  -1.1205771e+00  -1.2199375e+00  -1.0105995e+00  -1.1454232e+00  -1.4510083e+00  -1.5365446e+00  -1.7201406e+00  -1.6849650e+00  -1.4741468e+00
   8.8688591e-01   2.1161317e-01   3.5826897e-01   9.5316951e-01  -1.4363346e-01  -9.2989718e-01  -1.5032923e+00  -1.4524871e+00  -1.5381478e+00  -1.2028481e+00  -1.0742342e+00  -1.7856839e+00  -1.8644824e+00  -1.7833871e+00  -1.6191983e+00  -1.3443291e+00
   1.5336998e+00   1.2113734e+00   1.3122367e-01   6.9941445e-01  -1.2662389e-02  -6.9966735e-01  -1.2254943e+00  -1.2280533e+00  -1.2868812e+00  -1.4339902e+00  -1.6100710e+00  -1.9214737e+00  -1.6901128e+00  -1.6551853e+00  -1.6542992e+00  -1.2990746e+00
   1.6299811e+00   9.9266397e-01   8.7092905e-01   9.3640073e-01   3.5862749e-01  -9.1341349e-01  -1.1625647e+00  -1.0040303e+00  -1.1796115e+00  -1.0174604e+00  -1.2664800e+00  -1.3756384e+00  -1.6538441e+00  -1.6912504e+00  -1.7109781e+00  -1.2361251e+00
   1.1167604e+00   4.4594238e-01   3.3958491e-01   3.2604815e-01   7.5585185e-01  -5.8597145e-01  -1.3481969e+00  -1.2746012e+00  -1.4603950e+00  -1.3584285e+00  -1.2803564e+00  -1.4199573e+00  -1.6837270e+00  -1.5408494e+00  -1.6504545e+00  -1.3008176e+00
   1.8432293e+00   1.0173310e+00   2.5355755e-01   5.0662837e-01   6.7836707e-01  -2.4039455e-01  -1.1697154e+00  -9.8282595e-01  -1.5411253e+00  -1.4940606e+00  -1.4999600e+00  -1.5450279e+00  -1.6232607e+00  -1.5075359e+00  -1.5268449e+00  -1.3321817e+00
   1.2658094e+00   1.8475887e-01   1.3371938e-02   6.2099367e-01   5.3465270e-02  -9.3756908e-01  -1.1781292e+00  -1.5062473e+00  -1.3218322e+00  -1.5409177e+00  -1.4215706e+00  -1.7406078e+00  -1.5438947e+00  -1.8790467e+00  -1.6457547e+00  -1.3207629e+00
   2.0779074e+00   1.2201612e+00   4.5967738e-01   3.9749795e-01  -2.0043549e-01  -6.8953017e-01  -1.3232229e+00  -1.4762058e+00  -1.0778997e+00  -1.1681327e+00  -1.1751588e+00  -1.4466056e+00  -1.4808940e+00  -1.6716960e+00  -1.4574819e+00  -1.1642005e+00
   1.4689611e+00   5.8053189e-01   3.2351233e-01   4.2713458e-01   2.8625026e-01  -3.7850788e-01  -7.7147424e-01  -9.5501132e-01  -1.0599818e+00  -8.1735928e-01  -1.0063053e+00  -1.1208736e+00  -1.1077755e+00  -1.5292905e+00  -1.1603187e+00  -1.1442265e+00
   1.9194865e+00   6.8920927e-01   1.4755599e-01   6.1936140e-02  -2.2199419e-02  -7.0235856e-01  -6.9553750e-01  -5.5050989e-01  -1.0433201e+00  -1.1375211e+00  -1.3353135e+00  -1.4442687e+00  -1.5141678e+00  -1.5121721e+00  -1.1984937e+00  -1.4284131e+00
   1.9129586e+00   6.6237804e-01   4.7558808e-01   9.8563079e-01   4.6858468e-01  -5.9979182e-01  -7.0252015e-01  -5.7930221e-01  -8.8819629e-01  -1.5017387e+00  -1.4280790e+00  -1.6386937e+00  -1.4376427e+00  -1.3074650e+00  -1.3803930e+00  -1.1989279e+00
   1.0754423e+00   4.9572583e-01  -8.8767455e-02   9.1579665e-01   4.2113336e-01  -4.2577302e-01  -1.1530707e+00  -1.1829183e+00  -1.3686045e+00  -1.6678175e+00  -1.2638132e+00  -1.6006783e+00  -1.3210870e+00  -1.2783895e+00  -1.8292902e+00  -1.3693765e+00
   2.0461473e+00   4.7762065e-01   6.9709384e-01   4.1024331e-01   2.7222557e-01  -4.5781308e-01  -1.0939843e+00  -1.3319419e+00  -1.5951106e+00  -1.1624103e+00  -1.0441825e+00  -1.4463079e+00  -1.2797317e+00  -1.4282173e+00  -1.3193758e+00  -1.2740088e+00
   1.7112545e+00   8.6318848e-01   2.3677033e-01   3.9450976e-01   7.6425829e-02  -9.5049615e-01  -9.0812797e-01  -1.0862412e+00  -1.5497984e+00  -1.0743327e+00  -1.1854046e+00  -1.4883482e+00  -1.6526018e+00  -1.7133369e+00  -1.5796818e+00  -1.5866572e+00
   1.9347544e+00   9.5559189e-01  -1.4014751e-01  -7.3740122e-01  -5.6755498e-01  -8.5415771e-01  -9.7456834e-01  -1.2800432e+00  -1.4491692e+00  -1.4890516e+00  -1.6366382e+00  -1.5842483e+00  -1.7361857e+00  -1.6755837e+00  -1.5855769e+00  -1.5027626e+00
   2.2757848e+00   7.1945534e-01   2.3613865e-01   2.3836532e-01  -1.7239684e-01  -7.3319329e-01  -6.8390457e-01  -7.9264401e-01  -1.4755870e+00  -1.0393179e+00  -1.2952002e+00  -1.6394424e+00  -1.5285990e+00  -1.6906518e+00  -1.4897397e+00  -1.5052730e+00
   1.6331851e+00   4.8486221e-01   2.4447522e-01  -3.2123272e-01  -7.5336974e-01  -4.5056513e-01  -4.7499545e-01  -9.5262636e-01  -1.2107704e+00  -1.2308322e+00  -1.3039603e+00  -1.1091442e+00  -1.2578243e+00  -1.2085877e+00  -1.3901806e+00  -1.3102830e+00
   1.9151976e+00   8.3426000e-01   7.2880415e-01   6.7883937e-01   1.9689183e-01  -2.8865455e-01  -4.3272396e-01  -3.8110499e-01  -1.0555618e+00  -7.6491460e-01  -5.6716235e-01  -6.6302304e-01  -8.9302153e-01  -1.1275823e+00  -1.4420661e+00  -1.3121216e+00
   1.8542777e+00   1.3539222e+00  -7.2189159e-02  -1.7846832e-01   2.9256082e-01  -4.5204410e-01  -6.4056365e-01  -6.6794478e-01  -7.5708735e-01  -7.0077829e-01  -6.6679005e-01  -8.4782043e-01  -9.3580051e-01  -1.0097522e+00  -1.1921776e+00  -1.3746262e+00
   2.0218934e+00   5.8569917e-01   3.3676990e-01   5.1996146e-01   2.4150665e-01  -5.9463868e-01  -2.3749248e-01  -2.7728543e-01  -9.6825171e-01  -1.0104970e+00  -8.9491084e-01  -1.1874081e+00  -9.2983785e-01  -1.3786662e+00  -1.5310644e+00  -1.3073693e+00
   1.6725521e+00   6.2227716e-01   3.7834517e-01   2.6292608e-01  -9.1138933e-02  -5.4366535e-01  -8.8838839e-01  -5.0201109e-01  -1.1493926e+00  -1.0839696e+00  -9.7331701e-01  -9.7707167e-01  -1.1292951e+00  -1.3292270e+00  -1.6323549e+00  -1.3697284e+00
   1.9028127e+00   1.5402561e+00   5.4804397e-01   5.6357019e-01   2.9502873e-01  -1.2713546e-02  -3.9161815e-01  -3.0036089e-01  -7.7329251e-01  -8.8978780e-01  -1.1520138e+00  -9.1845949e-01  -8.5940149e-01  -1.0595903e+00  -1.2565433e+00  -1.4278525e+00
   1.6720980e+00   1.0165749e+00   1.0138964e-01   4.0748803e-01   9.3374536e-02  -4.3295553e-01  -3.4604333e-01  -5.2177071e-01  -7.5535045e-01  -8.3226904e-01  -1.0039572e+00  -1.2198530e+00  -1.1960647e+00  -1.5015960e+00  -1.4120088e+00  -1.3494922e+00
   1.3028382e+00   1.1536506e+00   5.1028156e-01  -2.5932744e-01  -5.0906477e-02  -3.0957883e-01  -9.8673036e-01  -1.1914676e+00  -1.3093250e+00  -9.2101525e-01  -9.2399655e-01  -1.4107039e+00  -1.2287897e+00  -1.3871948e+00  -1.3067875e+00  -1.1811974e+00
   1.9983506e+00   1.5763741e+00   3.5768853e-01   6.8133063e-01   5.1508247e-01  -1.8909481e-01  -7.6115600e-01  -1.8536577e-01   5.1277224e-01  -3.0693499e-01  -9.1537619e-01  -3.8683493e-01  -4.3524351e-01  -5.8893588e-01  -1.3728443e+00  -1.1434377e+00
   2.1442726e+00   2.2524710e+00   1.3214176e+00   1.3868274e+00   1.3291278e+00   6.4073140e-01  -2.3309863e-01   8.7757229e-01   1.8118397e+00   6.1494614e-01  -5.1148076e-01   8.9851808e-01   6.1735547e-01   5.1339281e-01  -8.5736477e-01  -8.5469204e-01
   2.0877486e+00   1.6265091e+00   6.0484394e-01   1.2135773e+00   8.7783842e-01  -1.3914066e-01  -1.0358049e+00  -3.4930692e-01   3.3928723e-01  -5.6156518e-01  -6.7084262e-01  -2.8715683e-01  -8.3114681e-01  -8.9644704e-01  -1.2397906e+00  -1.0503501e+00
   2.7374125e+00   2.4543019e+00   1.5911894e+00   1.1756531e+00   1.3335699e+00   4.9238859e-01  -1.2576808e-01   2.1204450e-01   7.9055987e-01  -3.0138605e-02  -1.1243695e+00  -7.5977288e-01  -9.5473905e-01  -9.7652951e-01  -1.3325841e+00  -1.2269384e+00
   2.8048873e+00   2.3985766e+00   1.5190044e+00   1.5138155e+00   1.2640195e+00   5.7973004e-01   4.9289828e-02   6.6040530e-01   1.1541804e+00  -1.2059506e-01  -1.2839723e+00  -6.6259641e-01  -5.7494594e-01  -4.6033577e-01  -1.2678214e+00  -1.2226364e+00
   2.8521352e+00   2.4324304e+00   1.9644973e+00   1.5797948e+00   7.8623236e-01   3.8406043e-01   9.7137436e-02   4.2222570e-01   1.0755926e+00  -9.8153972e-02  -1.2381896e+00  -5.8696541e-01  -6.3040429e-01  -7.3715085e-01  -1.2911569e+00  -1.1863952e+00
   3.0086981e+00   2.5649194e+00   1.8926846e+00   1.1601152e+00   1.0204462e+00   1.0926233e+00   5.0061406e-01   1.3453177e+00   1.7573367e+00   3.8290617e-01  -4.7878258e-01  -8.3600584e-02  -3.4362278e-01  -5.4791724e-01  -1.5209609e+00  -1.1533610e+00
   3.1456936e+00   2.4834420e+00   1.6979219e+00   1.0866815e+00   1.1903564e+00   1.2597018e+00   3.7060475e-01   1.3442048e+00   1.9706769e+00   5.0678114e-01  -4.8344661e-01   4.7636320e-01   1.7968423e-01  -1.3952028e-01  -1.1954466e+00  -1.1288391e+00
   3.0144241e+00   2.6392835e+00   1.9180097e+00   1.1126601e+00   1.1498367e+00   1.3749436e+00   4.6934175e-01   1.3330495e+00   2.0106815e+00   5.9594354e-01  -4.5398038e-01   4.8646954e-01   2.5678968e-01   1.3285766e-01  -1.3844689e+00  -8.6918168e-01
   3.3358400e+00   2.7260735e+00   1.9410088e+00   1.0078773e+00   9.0534005e-01   1.2791958e+00   3.1535443e-01   1.1923812e+00   1.8065394e+00   5.8135286e-01  -3.2147986e-01   7.2944859e-02  -7.3316981e-02  -2.0558597e-01  -1.4431187e+00  -9.6832591e-01
   3.0981789e+00   2.7448698e+00   1.9741075e+00   1.2587872e+00   1.1055775e+00   1.3332405e+00   3.7659276e-01   1.3726522e+00   2.0450269e+00   6.8303271e-01  -8.8341907e-02   4.6139862e-01   3.0249095e-01   4.9792972e-02  -1.1135896e+00  -8.6199934e-01
   3.2862642e+00   2.6632105e+00   1.9675581e+00   1.3109135e+00   1.2437146e+00   1.3215513e+00   3.6567012e-01   1.4471911e+00   2.0404805e+00   6.4691067e-01  -2.0171902e-01   5.0683352e-01   2.3154177e-01   4.8666045e-02  -1.1267863e+00  -8.6744581e-01
   3.1534718e+00   2.5384594e+00   2.0314178e+00   1.2278526e+00   1.5776037e+00   1.5286883e+00   5.2801711e-01   1.4821367e+00   2.1395201e+00   6.4711570e-01  -1.6908891e-01   3.3427719e-01   3.4170128e-01   1.4714118e-01  -1.3781414e+00  -6.9587905e-01
   3.0748087e+00   2.6051032e+00   2.0072664e+00   1.2241185e+00   1.4819333e+00   1.4089571e+00   5.4626947e-01   1.5667538e+00   2.2358551e+00   8.3290380e-01  -1.4888448e-01   4.4259880e-01   3.1491313e-01   1.0010971e-01  -7.0787734e-01  -6.6126410e-01
   3.2389818e+00   2.6252941e+00   1.8469998e+00   9.9212851e-01   1.3618632e+00   1.4407538e+00   6.1864474e-01   1.5103285e+00   2.2266628e+00   7.2117356e-01  -1.4930186e-01   4.3102720e-01   3.6289132e-01   8.4733941e-02  -7.2693817e-01  -5.4497117e-01
   3.1423357e+00   2.6690400e+00   1.9839478e+00   1.0439446e+00   1.5736616e+00   1.4342776e+00   6.1514767e-01   1.6271484e+00   2.2950748e+00   7.7685337e-01  -2.5983823e-01   2.5678491e-01   2.3865448e-01   4.3309627e-02  -1.1482767e+00  -1.0387273e+00
   3.1203324e+00   2.4845368e+00   1.8019995e+00   6.4523462e-01   1.3973704e+00   1.2043103e+00   6.1445153e-01   1.5966672e+00   2.3498058e+00   8.4124836e-01  -2.6082658e-01   4.5741836e-01   1.8396205e-01  -1.1226938e-01  -1.1620795e+00  -1.1134436e+00
   2.9235697e+00   2.5420427e+00   1.8721297e+00   1.0709906e+00   1.2960838e+00   1.2003319e+00   4.6722115e-01   1.3744962e+00   2.0667113e+00   6.4104857e-01  -3.1711740e-01  -8.5924938e-02  -1.9238891e-01  -3.4845690e-01  -1.3653401e+00  -1.2386231e+00
   2.9993224e+00   2.5424374e+00   2.0174578e+00   1.3094123e+00   1.4562379e+00   1.1883525e+00   2.8273632e-01   1.3376688e+00   1.7742059e+00   4.0042345e-01  -3.6079966e-01  -2.8450497e-01  -4.2084107e-01  -7.8630454e-01  -1.4122876e+00  -1.1529957e+00
   2.9304642e+00   2.4606621e+00   1.7821473e+00   1.2497999e+00   1.3380280e+00   8.7703210e-01   2.2355729e-02   1.1543624e+00   1.4332258e+00   8.4649792e-02  -4.9873752e-01  -5.5115452e-01  -5.5929298e-01  -8.3586578e-01  -1.0695464e+00  -9.5736203e-01
   2.9391572e+00   2.4286392e+00   1.7337194e+00   1.1437243e+00   1.1221548e+00   4.3481292e-01   5.6488260e-02   7.3062159e-01   5.4607602e-01  -4.5338300e-01  -1.0124657e+00  -1.1835972e+00  -1.1249057e+00  -1.2523426e+00  -1.4310141e+00  -1.3641970e+00
   2.7756767e+00   2.3830449e+00   1.7347682e+00   9.1782398e-01   8.7192204e-01   4.1780235e-02  -2.5587310e-01   3.2236932e-01  -1.0931426e-01  -1.0282163e+00  -1.2057458e+00  -1.4710787e+00  -1.2314954e+00  -1.4191502e+00  -1.3882463e+00  -1.4354000e+00
   2.7052508e+00   2.2158760e+00   1.7425340e+00   6.6170336e-01   5.7216190e-01  -4.2819638e-01  -8.1009346e-01  -1.5564838e-01  -8.5417228e-01  -9.8497190e-01  -8.7819922e-01  -1.0867962e+00  -1.1143614e+00  -1.2764621e+00  -1.4976333e+00  -1.2541012e+00
   2.6770947e+00   2.0331951e+00   1.5903847e+00   3.6938765e-01   6.3646283e-01   7.1410895e-02  -3.8852824e-01  -5.2105743e-01  -4.6295593e-01  -7.6335370e-01  -7.4193632e-01  -8.1776513e-01  -7.9953500e-01  -9.4620899e-01  -1.3180529e+00  -1.2667032e+00
   2.6268669e+00   1.9835555e+00   1.5619738e+00   7.5694158e-01   7.6459827e-02  -3.1932821e-02  -6.1350422e-01  -9.1154274e-01  -8.0147710e-01  -8.5024969e-01  -8.5176025e-01  -1.2209922e+00  -1.1047194e+00  -1.1517279e+00  -1.1550375e+00  -1.1602068e+00
   2.5630341e+00   1.9427442e+00   8.3534395e-01   9.3068157e-01  -3.8024572e-01  -5.7965958e-01  -1.1217396e+00  -1.1708126e+00  -1.0683756e+00  -1.2548396e+00  -1.1378480e+00  -1.3704811e+00  -1.5177857e+00  -1.4949509e+00  -1.3661545e+00  -1.5387396e+00
   2.4997139e+00   1.6982549e+00   1.1281063e+00   1.0860949e+00  -6.7022427e-02  -6.8025167e-01  -1.1564498e+00  -7.1820762e-01  -1.4492189e+00  -1.1560952e+00  -1.0872361e+00  -1.4290597e+00  -1.4586077e+00  -1.4653443e+00  -1.2763263e+00  -1.2754343e+00
   2.2582553e+00   1.6717500e+00   3.5605519e-01   4.5335563e-01   3.7315364e-02  -5.4301600e-01  -1.7034712e+00  -1.2400344e+00  -1.4483413e+00  -1.3870866e+00  -1.2349510e+00  -1.4298695e+00  -1.5296708e+00  -1.6401005e+00  -1.5205624e+00  -1.2341674e+00
   1.8792475e+00   1.0456626e+00   8.2110565e-01   5.7459750e-01  -3.0300779e-03  -1.0419154e+00  -1.4279752e+00  -8.2032518e-01  -1.1638978e+00  -1.3589933e+00  -1.2453464e+00  -1.4847875e+00  -1.6582208e+00  -1.5343984e+00  -1.4971521e+00  -1.4896126e+00
   1.8440758e+00   1.4816646e+00   7.2969735e-01  -2.8423746e-02  -4.3235411e-01  -1.1369885e+00  -1.1716934e+00  -1.0320050e+00  -1.1678891e+00  -1.1765691e+00  -1.1779601e+00  -1.5040495e+00  -1.4180173e+00  -1.3925641e+00  -1.3478241e+00  -1.2609638e+00
   1.7415858e+00   1.4936522e-01   4.8067780e-01   2.5754576e-01   1.8636709e-01  -4.0562180e-01  -1.2012560e+00  -1.0552016e+00  -1.1884157e+00  -1.3194207e+00  -1.3589921e+00  -1.5492496e+00  -1.6854899e+00  -1.6045080e+00  -1.4187418e+00  -1.2285404e+00
   1.6314896e+00   3.4101019e-01   5.2852399e-01   1.3940487e-01  -3.3413898e-02  -5.4766001e-01  -8.5102668e-01  -1.6790927e+00  -1.5706025e+00  -1.4252926e+00  -1.3791439e+00  -1.3954828e+00  -1.8240720e+00  -1.5650453e+00  -1.6617938e+00  -1.3895756e+00
   2.3249027e+00   6.6214787e-01   7.0679572e-01   8.6034813e-01  -4.2922743e-01  -8.0163880e-01  -1.3379778e+00  -1.1494431e+00  -1.3467722e+00  -1.3449252e+00  -1.4091991e+00  -1.5983110e+00  -1.5740648e+00  -1.7250257e+00  -1.9058174e+00  -1.7140061e+00
   1.9549466e+00   8.0526513e-01   4.5281581e-03   7.6127000e-02  -3.2053906e-01  -8.7165027e-01  -1.3735308e+00  -1.0755616e+00  -1.1868906e+00  -9.3937654e-01  -1.1571666e+00  -1.6202510e+00  -1.9238001e+00  -1.5705175e+00  -1.3239031e+00  -1.4307988e+00
   1.6792480e+00   5.9507404e-01  -4.2071760e-01   3.0237749e-02   3.0057786e-01  -4.7479675e-01  -1.3888916e+00  -1.2918079e+00  -1.3908451e+00  -1.1853815e+00  -1.4012179e+00  -1.4524035e+00  -1.9350082e+00  -1.8196121e+00  -1.5445265e+00  -1.3798365e+00
   1.5879640e+00   3.5438665e-01   4.3519450e-02   8.6125871e-02  -7.1294420e-02  -4.6807268e-01  -1.3318934e+00  -9.5314598e-01  -1.6736583e+00  -1.3749063e+00  -1.4539216e+00  -1.4919527e+00  -1.7923948e+00  -1.7279689e+00  -1.5225253e+00  -1.2164974e+00
   1.8137391e+00   9.6268277e-01   8.7368454e-02   4.6875782e-01   1.9353977e-01  -5.2218028e-01  -1.2863765e+00  -1.1482827e+00  -1.4095438e+00  -1.3234009e+00  -1.3930702e+00  -1.2862822e+00  -1.2758493e+00  -1.5079155e+00  -1.1888481e+00  -1.1668230e+00
   2.1823737e+00   9.9059220e-01   1.6326307e-01   7.9546214e-02   2.3430040e-01  -7.2944268e-01  -1.0319768e+00  -9.8107592e-01  -1.2304187e+00  -1.2487502e+00  -1.2053135e+00  -1.1728583e+00  -1.2617154e+00  -1.2107553e+00  -1.4420015e+00  -1.3918253e+00
   1.4372630e+00   1.0776848e+00   8.0348261e-01   7.5917999e-01   2.7773206e-01  -3.7820354e-01  -8.2736622e-01  -1.1789576e+00  -1.2528480e+00  -1.1856885e+00  -1.2075797e+00  -1.5813236e+00  -1.7543281e+00  -1.7546703e+00  -1.3802576e+00  -1.3991151e+00
   1.1350631e+00   4.2609570e-01   3.7476906e-01   5.9918820e-01   2.3840089e-01  -5.4632404e-01  -6.8046463e-01  -6.2073488e-01  -1.2089205e+00  -1.5298526e+00  -1.5172103e+00  -1.9041655e+00  -1.9435825e+00  -1.4579832e+00  -1.4764635e+00  -1.3521080e+00
   1.0259911e+00   8.7673752e-01   6.1556390e-01   1.1142665e+00   5.9664006e-01  -5.2167120e-01  -9.0579942e-01  -8.2181755e-01  -1.3335168e+00  -1.2456955e+00  -1.3017023e+00  -2.1149478e+00  -1.9838064e+00  -1.6447752e+00  -1.6451808e+00  -1.4052030e+00
   1.6846266e+00   5.4624343e-01   4.2119643e-01   2.9668991e-01  -4.0087348e-02  -4.8942176e-01  -1.1152139e+00  -1.1298248e+00  -1.6077613e+00  -1.4095590e+00  -1.2401183e+00  -1.3000990e+00  -1.7935152e+00  -1.3306812e+00  -1.3241746e+00  -1.4160641e+00
   2.3889579e+00   1.1087061e+00   1.4922284e-01   4.7732790e-01   7.7087395e-02  -2.6739016e-02  -3.1376185e-01  -3.4877479e-01  -1.4474818e+00  -1.1136865e+00  -1.1275271e+00  -1.1931538e+00  -1.4497859e+00  -1.1638286e+00  -1.2264271e+00  -1.4384221e+00
   2.0375526e+00   1.0647515e+00  -1.0116135e-01   3.4781613e-01   1.2799045e-02  -4.8175796e-01  -4.4186120e-01  -7.2709843e-01  -1.2720275e+00  -1.1156853e+00  -1.3527446e+00  -1.2661233e+00  -1.4569173e+00  -1.2158061e+00  -1.1958432e+00  -1.3839322e+00
   2.2097520e+00   1.1572746e+00  -1.1809320e-01   7.0419434e-01   1.9308697e-01  -1.1061154e+00  -1.1779824e+00  -1.1219935e+00  -1.4848244e+00  -1.2739392e+00  -1.3304923e+00  -1.3895199e+00  -1.3995439e+00  -1.5498297e+00  -1.4225758e+00  -1.4043185e+00
   2.2718028e+00   8.0799625e-01  -4.3390719e-02   4.7662095e-01  -2.4374011e-01  -3.7295344e-01  -9.7122497e-01  -9.6742861e-01  -1.4104213e+00  -1.2477589e+00  -1.4571501e+00  -1.6914570e+00  -1.8260890e+00  -1.7131295e+00  -1.7064352e+00  -1.2515828e+00
   1.6428928e+00   4.1415895e-01  -5.1383270e-02   7.7633379e-01   2.1305088e-01  -8.0408477e-01  -9.4869443e-01  -1.1673991e+00  -5.3637133e-01  -1.0790674e+00  -1.4075654e+00  -1.4186692e+00  -1.0157285e+00  -1.3305132e+00  -1.3204352e+00  -1.2715505e+00
   1.1085405e+00   5.4184772e-01  -2.4055555e-02   7.4353542e-01  -1.7326448e-01  -5.5969864e-01  -1.3270120e+00  -8.5608987e-01  -6.8659372e-01  -9.9058612e-01  -9.8661985e-01  -1.4885407e+00  -1.2768416e+00  -1.5261082e+00  -1.3456051e+00  -1.2956529e+00
   1.6937432e+00   8.9306263e-01  -3.0692786e-02   3.9546377e-01   1.3754462e-01  -1.0142840e+00  -1.0882477e+00  -1.1641941e+00  -1.5078270e+00  -1.1637851e+00  -1.0923621e+00  -1.4919527e+00  -1.4677566e+00  -1.6261504e+00  -1.4821637e+00  -1.4498010e+00
   1.6725606e+00   9.0028384e-01   3.7669171e-01   2.3422068e-01   6.3518573e-03  -5.2005284e-01  -9.0724261e-01  -1.0459655e+00  -1.4653695e+00  -1.6709667e+00  -1.4535155e+00  -1.5867196e+00  -1.6037204e+00  -1.6720051e+00  -1.5500239e+00  -1.2719652e+00
   1.3417111e+00   9.5204069e-01   5.6969764e-01   9.5066164e-01  -3.0336557e-01  -4.1919180e-01  -1.0421881e+00  -6.4479062e-01  -1.5354267e+00  -1.1373465e+00  -1.1982791e+00  -1.1682412e+00  -1.5034485e+00  -1.5777061e+00  -1.5558968e+00  -1.4417193e+00
   1.6809019e+00   8.2994275e-01   4.6703957e-01   2.8617236e-01  -1.6335109e-01  -9.1078336e-01  -1.0745266e+00  -1.1151273e+00  -1.8131436e+00  -1.2297940e+00  -1.4083531e+00  -1.2133822e+00  -1.2828057e+00  -1.7383860e+00  -1.4172218e+00  -1.3172837e+00
