   4.3148943e+00   4.0226364e+00   2.8547211e+00   2.4359952e+00   2.0837517e+00   1.7188624e+00   1.3258918e+00   1.1738503e+00   1.1042417e+00   1.2752077e+00   1.0585381e+00   7.4916221e-01   4.7904304e-01   2.4567417e-01  -1.7313450e-01  -3.3395472e-01
   4.5431759e+00   3.7542622e+00   2.7335209e+00   2.0419002e+00   1.9122719e+00   1.8309392e+00   1.4191752e+00   1.3516706e+00   1.4437140e+00   1.3628296e+00   7.9634474e-01   7.5208484e-01   8.1194257e-01   1.0498789e-01  -5.7331144e-02  -3.2357743e-01
   4.8342688e+00   3.7399807e+00   2.7613368e+00   2.3049294e+00   1.7045719e+00   1.8603724e+00   1.4733101e+00   1.1874254e+00   1.0555524e+00   1.2579908e+00   7.3065242e-01   9.4629728e-01   7.1671420e-01   1.5474002e-01   1.0814247e-01  -1.8270375e-01
   4.2426961e+00   3.3477789e+00   2.3379872e+00   2.0310760e+00   1.8886161e+00   1.7406072e+00   1.6433144e+00   1.2377439e+00   1.5525591e+00   1.1872030e+00   1.0797516e+00   7.7328392e-01   9.2469727e-01   7.1271616e-01   6.5674591e-01   6.2592656e-01
   4.5161592e+00   3.7950896e+00   2.5755088e+00   2.2329204e+00   1.5590104e+00   2.1021469e+00   1.4637974e+00   1.3693141e+00   1.6079757e+00   1.0999213e+00   1.0323708e+00   7.9248959e-01   5.8145938e-01   4.9237997e-01   2.0069780e-01   1.3633127e-01
   4.7760992e+00   3.6541292e+00   2.9728342e+00   2.2599388e+00   1.4734616e+00   1.8222902e+00   1.6264639e+00   1.1078789e+00   1.5783328e+00   1.1126610e+00   1.1317890e+00   1.0181158e+00   8.6807145e-01   6.4171576e-01   5.5595983e-01   4.7542663e-01
   4.9856879e+00   3.3497764e+00   2.8289853e+00   2.2011183e+00   2.1161862e+00   2.0685596e+00   1.6129480e+00   1.2591570e+00   1.2724562e+00   1.0135016e+00   8.6607237e-01   1.0261507e+00   7.9009965e-01   4.4770436e-01   1.4312792e-01   8.2592896e-02
   4.6804733e+00   3.1045231e+00   3.2684624e+00   2.0542716e+00   1.9906234e+00   1.8987595e+00   1.4296578e+00   1.1719600e+00   1.3203361e+00   1.2941200e+00   1.3106789e+00   1.2907984e+00   8.8070463e-01   5.1728644e-01   3.9560219e-01   3.6106810e-01
   4.6047628e+00   3.3787042e+00   2.4944882e+00   2.1999051e+00   1.5916751e+00   1.6515422e+00   1.3503180e+00   1.2590583e+00   1.2134620e+00   1.2057778e+00   1.1313680e+00   1.0995982e+00   5.9150740e-01   2.2062897e-01   1.3820582e-01  -1.6308871e-01
   4.3821111e+00   3.3266229e+00   2.4704101e+00   2.1742474e+00   1.7936827e+00   1.6483360e+00   1.0788930e+00   1.4420993e+00   1.1291422e+00   1.4566081e+00   1.1065167e+00   1.0219338e+00   6.6600286e-01   4.9174921e-01   4.0369543e-01   2.7150110e-01
   4.3650453e+00   3.3784750e+00   3.3508981e+00   2.3942339e+00   2.0823428e+00   1.6025159e+00   8.4943889e-01   1.0268620e+00   1.0245420e+00   1.3931786e+00   9.1087050e-01   8.5516773e-01   5.7557171e-01   2.6668900e-01  -9.4773811e-02  -1.6548806e-01
   4.1409250e+00   3.3713951e+00   3.1551949e+00   2.2917145e+00   1.6834577e+00   1.5551273e+00   1.2300032e+00   1.2876603e+00   1.2852819e+00   9.9816944e-01   1.0356139e+00   7.5837059e-01   6.4279168e-01   5.5175155e-01   4.6304866e-01   4.4703137e-01
   4.2534002e+00   3.2635180e+00   2.7616652e+00   2.6024065e+00   2.1539042e+00   1.9092293e+00   1.4770102e+00   1.1289576e+00   9.5366104e-01   8.2332766e-01   9.0376233e-01   5.5411496e-01   5.0163694e-01   3.1688110e-01   6.3513108e-02  -1.1138634e-01
   3.7393661e+00   3.1065318e+00   2.5058010e+00   2.2251009e+00   2.0714450e+00   2.0902828e+00   1.5470491e+00   1.2181756e+00   1.0609729e+00   1.0095822e+00   9.1348948e-01   8.1483749e-01   7.9151623e-01   3.3514881e-01   1.9124597e-02  -5.3696543e-02
   4.4316862e+00   3.3625357e+00   2.3678064e+00   1.8972651e+00   2.3570462e+00   2.1814834e+00   1.3941761e+00   1.3718680e+00   9.8782261e-01   1.0281996e+00   1.0684431e+00   8.3479270e-01   5.2052554e-01   5.0257694e-01   4.0589070e-01   1.9443110e-01
   4.5662409e+00   3.2471660e+00   2.6641098e+00   2.1801450e+00   2.2496303e+00   2.0713513e+00   1.5830169e+00   1.3529549e+00   1.0558609e+00   1.3215132e+00   1.0069677e+00   7.2905425e-01   6.1987333e-01  -1.7936712e-02  -1.2649427e-01  -1.9361296e-01
   4.5263199e+00   3.7433446e+00   2.3102647e+00   1.6372061e+00   1.6781493e+00   1.4289555e+00   1.3338287e+00   1.3176258e+00   1.2004818e+00   1.0893039e+00   9.3057122e-01   6.6645549e-01   5.0987928e-01   2.6404124e-01  -4.3970719e-02  -2.3760681e-01
   4.5608275e+00   3.6236337e+00   2.6686330e+00   2.2419505e+00   2.0699509e+00   2.2937016e+00   1.4138286e+00   1.0131970e+00   1.3276293e+00   1.3387509e+00   1.0154072e+00   8.8872612e-01   6.3537290e-01   3.1915527e-01  -2.4021881e-01  -3.0538711e-01
   4.4202259e+00   3.0514750e+00   2.5367607e+00   2.3750124e+00   2.0340825e+00   2.0541352e+00   1.5572511e+00   1.1836643e+00   1.2622237e+00   1.1170588e+00   8.8471094e-01   8.3897635e-01   7.5067659e-01   6.6060244e-01   5.8806695e-01   5.5919422e-01
   4.1443506e+00   2.9865152e+00   2.8184987e+00   2.4328391e+00   1.2123664e+00   1.8259453e+00   1.7031284e+00   1.1690167e+00   1.0797438e+00   9.6753915e-01   8.4104607e-01   7.5658995e-01   6.2941872e-01  -7.7852223e-02  -5.1660049e-04  -1.2127603e-01
   3.9714164e+00   3.1777779e+00   2.4472411e+00   1.8974691e+00   1.9799515e+00   1.5534096e+00   1.3151613e+00   9.4913278e-01   1.2606715e+00   1.3070930e+00   9.0037497e-01   6.4801854e-01   3.8889990e-01   2.2353255e-01  -1.1752751e-01  -1.6084395e-01
   3.4231332e+00   2.7718947e+00   2.3665657e+00   2.3406200e+00   1.9777059e+00   1.9520083e+00   1.6940710e+00   1.3619229e+00   1.1238023e+00   1.1700048e+00   9.8568750e-01   9.5729157e-01   6.3167053e-01   9.6820908e-03  -1.3247139e-01  -2.8080875e-01
   3.8030403e+00   3.1352688e+00   2.6871260e+00   2.0275087e+00   2.0814590e+00   1.8760732e+00   1.3285188e+00   1.1169575e+00   7.7893053e-01   1.1153816e+00   9.2510727e-01   8.3242848e-01   6.9689103e-01   4.8186742e-01   3.2588535e-01   2.5244967e-01
   4.6183046e+00   2.9073867e+00   2.5262590e+00   2.2281759e+00   2.2790015e+00   1.8425378e+00   1.2602833e+00   1.1790846e+00   9.5972388e-01   8.1851674e-01   6.5147367e-01   6.1301734e-01   6.8473990e-01   2.3863246e-01  -1.8718739e-01  -3.9106752e-01
   4.0441715e+00   2.8118630e+00   2.7904485e+00   2.1424118e+00   1.8573827e+00   1.4543329e+00   1.3888593e+00   9.0771024e-01   1.3338498e+00   8.6900933e-01   6.4545237e-01   5.8925690e-01   5.5128012e-01   2.7983730e-01  -2.4677558e-02  -1.5226562e-02
   4.1194987e+00   3.2140379e+00   2.2663405e+00   1.8565823e+00   1.7537749e+00   2.2045922e+00   1.2915329e+00   9.3131333e-01   1.2213928e+00   1.0680946e+00   5.4044175e-01   8.0587475e-01   5.7095651e-01   1.0408324e-01  -1.1741656e-01  -2.3335759e-01
   4.1140160e+00   2.9065887e+00   1.7936745e+00   1.9310860e+00   2.0380907e+00   1.7993946e+00   1.2234153e+00   8.2257682e-01   1.1501953e+00   7.8239034e-01   6.8299055e-01   8.2459289e-01   5.4506510e-01   2.1182381e-01  -6.4450157e-02  -3.2594270e-01
   3.9543988e+00   2.5952254e+00   2.7598866e+00   2.3079311e+00   2.0298881e+00   1.2375278e+00   1.1842707e+00   9.7909710e-01   1.1237779e+00   8.3843001e-01   6.6075211e-01   6.9330676e-01   8.5663518e-02   6.5818387e-03  -4.0518276e-01  -3.9181955e-01
   4.0685283e+00   3.0411920e+00   2.6048988e+00   1.6655021e+00   1.9503251e+00   1.2551219e+00   1.2193940e+00   1.0986812e+00   1.0910560e+00   1.0475742e+00   6.1634973e-01   4.6203016e-01   3.8709724e-01   4.5816594e-03  -2.9910252e-01  -5.4842052e-01
   4.1920998e+00   3.4602528e+00   2.5489718e+00   1.8484418e+00   1.9762303e+00   1.5614451e+00   1.4507896e+00   1.3157132e+00   1.5115687e+00   1.2808641e+00   7.7650738e-01   6.2935029e-01   2.4059874e-01   1.9989451e-01   1.3113684e-01  -1.0379684e-01
   3.4949554e+00   3.4262549e+00   2.7990872e+00   2.3842677e+00   1.4482624e+00   1.6603322e+00   1.3322344e+00   1.2318752e+00   1.0279529e+00   9.1556474e-01   7.5227616e-01   7.0420055e-01   4.4620706e-01   6.6603338e-01   6.0519051e-01   1.0757014e-01
   3.6028863e+00   3.2787998e+00   2.2803211e+00   2.4458406e+00   1.8964132e+00   1.5975989e+00   1.4823429e+00   1.5255011e+00   1.0371503e+00   1.1057387e+00   8.1762184e-01   8.5289739e-01   8.4421643e-01   1.0411805e+00   6.3864278e-01  -2.5279441e-01
   4.0101775e+00   3.1913737e+00   2.2192613e+00   2.3801556e+00   2.0293840e+00   1.5605545e+00   1.5467937e+00   1.1966780e+00   1.5356417e+00   1.4758908e+00   8.1647334e-01   1.0540522e+00   1.1211518e+00   1.6545894e+00   7.2374901e-01  -9.1303516e-02
   3.5510800e+00   3.1734102e+00   2.3175614e+00   2.2412976e+00   2.1915503e+00   1.5043028e+00   9.6517163e-01   1.1012405e+00   1.2483962e+00   1.8469922e+00   9.4752322e-01   1.1000208e+00   1.4227834e+00   2.1799978e+00   1.2830771e+00  -5.8334721e-02
   4.3476622e+00   3.3005604e+00   2.6098895e+00   2.3692304e+00   2.3069093e+00   1.7988211e+00   1.5331373e+00   1.2635659e+00   1.8132256e+00   2.2175301e+00   1.0310566e+00   1.2225475e+00   1.1000647e+00   1.5743712e+00   1.0738874e+00   3.9036767e-02
   4.3741863e+00   2.9614962e+00   2.5298035e+00   2.6961572e+00   2.3801130e+00   1.7379058e+00   1.6628525e+00   1.5223387e+00   1.5121817e+00   2.1283379e+00   1.3049264e+00   1.5062922e+00   1.2681169e+00   1.2953389e+00   1.0317007e+00   1.2698219e-01
   4.3281982e+00   3.4899236e+00   2.2921427e+00   2.2836544e+00   2.1114937e+00   1.5343202e+00   1.3493539e+00   1.5500909e+00   1.9347550e+00   2.2666792e+00   1.3593591e+00   1.5327245e+00   1.5047108e+00   1.6067517e+00   1.4484381e+00   4.9340360e-01
   3.9102698e+00   3.3871976e+00   2.4321221e+00   2.3685757e+00   1.8389742e+00   1.8280019e+00   1.5745393e+00   1.6154446e+00   1.4782405e+00   2.4376583e+00   1.6982999e+00   1.8971906e+00   1.9812662e+00   2.2029658e+00   1.3425837e+00  -7.0869454e-02
   3.7530631e+00   3.6413194e+00   2.5718108e+00   2.5945158e+00   2.3845192e+00   1.8120080e+00   1.6494696e+00   1.2704876e+00   1.4247974e+00   2.1139209e+00   1.5476495e+00   1.8529288e+00   2.0700984e+00   2.2754969e+00   1.2496421e+00  -6.1887041e-02
   4.3059915e+00   3.0310952e+00   2.4514798e+00   2.1409415e+00   1.6082685e+00   1.5135534e+00   1.5732821e+00   1.2096488e+00   1.1415814e+00   1.9328019e+00   1.5354740e+00   1.9577954e+00   1.8349476e+00   2.0112379e+00   7.6830125e-01  -2.8671930e-01
   4.0737396e+00   3.0890411e+00   1.9173768e+00   2.4256228e+00   1.5510704e+00   1.1276998e+00   1.3398640e+00   1.5946225e+00   1.7696028e+00   2.3298450e+00   1.2190602e+00   1.7342295e+00   1.4428645e+00   1.5619871e+00   1.1590757e+00  -2.4650554e-02
   3.3941348e+00   2.9467074e+00   1.9913425e+00   2.6132006e+00   1.7590801e+00   1.2951325e+00   1.5029415e+00   1.9164182e+00   1.8607902e+00   2.2044673e+00   1.2483937e+00   1.6587796e+00   1.4053088e+00   1.4319108e+00   9.5601144e-01  -2.7102253e-01
   4.0881653e+00   2.9733992e+00   2.5082780e+00   2.9484671e+00   2.3295297e+00   1.6163025e+00   1.1579499e+00   1.5429166e+00   1.9102520e+00   1.7680843e+00   9.6875335e-01   1.4677813e+00   1.3238188e+00   1.5640690e+00   1.0826819e+00  -1.8944312e-01
   4.1970433e+00   3.3204226e+00   2.6913789e+00   2.8160036e+00   2.2995714e+00   1.7968069e+00   1.4024562e+00   1.6217454e+00   1.2294171e+00   1.4816608e+00   6.8462030e-01   1.4682641e+00   1.2802803e+00   1.5025754e+00   1.0389742e+00  -2.9116898e-01
   3.8124899e+00   3.1787304e+00   2.4199598e+00   2.9733074e+00   2.2578186e+00   1.5265799e+00   1.3174043e+00   1.4079141e+00   1.2193370e+00   1.8117101e+00   6.8867260e-01   1.0259326e+00   1.0721626e+00   1.3134783e+00   8.6245438e-01   1.8568312e-01
   3.7883613e+00   2.8782369e+00   2.4616296e+00   2.5683136e+00   2.5567393e+00   1.9141461e+00   1.9330420e+00   1.4943748e+00   1.2488654e+00   1.8015330e+00   1.1549250e+00   1.2255868e+00   1.0503782e+00   1.4223247e+00   8.7819188e-01   1.0453637e-01
   3.8420986e+00   3.2257247e+00   2.8462542e+00   2.2659254e+00   1.8849340e+00   1.3481232e+00   1.2647803e+00   1.2910018e+00   1.2988110e+00   1.4637696e+00   1.1230677e+00   9.5777440e-01   5.2243758e-01   7.2593925e-01   2.8899702e-01  -7.9399855e-01
   4.3873661e+00   3.9438747e+00   2.3982041e+00   2.6455065e+00   1.9517560e+00   1.4402743e+00   1.3694267e+00   1.0569769e+00   1.1391080e+00   1.2969094e+00   9.4634212e-01   9.1906219e-01   5.7519254e-01   1.5152718e-01   1.6810373e-02  -4.8765536e-01
   4.0253385e+00   3.4910357e+00   2.2271557e+00   2.2352513e+00   1.4812325e+00   1.1423134e+00   1.3841902e+00   9.6712705e-01   8.5804655e-01   7.6137167e-01   1.1094983e+00   8.7356353e-01   5.5390270e-01   4.1318402e-01  -1.7997636e-01  -5.5757176e-01
   3.9526013e+00   3.5517218e+00   2.5691534e+00   2.4343083e+00   1.9259354e+00   1.9179155e+00   1.2478632e+00   9.5999291e-01   1.2363206e+00   9.1624257e-01   9.5112720e-01   5.1862899e-01   5.4644772e-01   3.6595481e-01  -2.4690936e-01  -6.7253027e-01
   4.2186512e+00   3.1687391e+00   2.4868645e+00   2.0850674e+00   1.7206797e+00   1.6374649e+00   1.4211844e+00   1.0045837e+00   1.1487676e+00   1.1688104e+00   9.6585487e-01   7.5650453e-01   3.9583032e-01   2.2597025e-01  -2.6313137e-01  -5.4977756e-01
   4.0622895e+00   3.0638870e+00   2.1471796e+00   2.2171038e+00   1.7349256e+00   1.8293264e+00   1.3799546e+00   7.3313390e-01   7.8941896e-01   1.0269403e+00   9.3681074e-01   7.5900193e-01   4.3531492e-01   2.7390953e-01   1.7142810e-03  -3.1883527e-01
   3.9628911e+00   3.1971881e+00   2.6448302e+00   2.3404480e+00   1.4303691e+00   1.8863354e+00   1.4802879e+00   1.0425125e+00   1.1890040e+00   7.8345354e-01   6.5692497e-01   5.7973810e-01   4.4837522e-01   3.9637463e-01   7.3492738e-02  -3.4159796e-01
   4.0519620e+00   3.2116006e+00   2.3294242e+00   1.8214125e+00   1.9367930e+00   1.7346485e+00   9.6847524e-01   1.1548310e+00   1.0799863e+00   9.7836739e-01   1.1003364e+00   8.0893227e-01   5.3727989e-01   1.7474591e-01   2.7921830e-02  -4.0802163e-01
   4.3795363e+00   3.2840678e+00   2.4060942e+00   2.0387115e+00   1.6861321e+00   1.4851854e+00   1.1310052e+00   1.2258672e+00   1.5148638e+00   1.1920288e+00   9.5882454e-01   6.8375302e-01   4.4179140e-01   1.6514621e-02  -4.2035271e-01  -6.2727176e-01
   3.9422140e+00   3.1227389e+00   2.1577795e+00   2.2624098e+00   1.9887479e+00   1.7777353e+00   1.5844070e+00   1.5364035e+00   1.3128349e+00   8.6936359e-01   1.0482238e+00   6.9775528e-01   5.3253670e-01  -1.7172091e-03  -4.1454523e-01  -6.5317756e-01
   3.2772879e+00   2.6588233e+00   1.9722197e+00   1.8929630e+00   1.6212993e+00   1.4830419e+00   1.2313243e+00   1.3694808e+00   1.3836536e+00   9.4654953e-01   6.2583200e-01   6.3874939e-01   7.3808519e-01   2.8446811e-01  -8.2792268e-02  -2.7878079e-01
   3.7506025e+00   3.1003117e+00   2.2876780e+00   1.7103413e+00   1.4933835e+00   1.2311952e+00   9.3361587e-01   1.0858288e+00   1.4112541e+00   1.0423716e+00   8.1629420e-01   8.0505277e-01   7.6556281e-01   1.1641461e-01  -1.0108878e-01  -4.7254011e-01
   4.1819907e+00   3.2992989e+00   1.5461025e+00   1.6857948e+00   1.8675689e+00   1.7339967e+00   1.7465156e+00   1.2819284e+00   1.3554638e+00   6.0808495e-01   7.7925358e-01   5.6679081e-01   4.9959085e-01   3.2379627e-01  -3.5109248e-01  -7.4106678e-01
   3.3620918e+00   3.1444891e+00   2.4025057e+00   1.7075411e+00   1.6913759e+00   1.7328676e+00   1.3628752e+00   1.0949811e+00   1.1516596e+00   9.7811774e-01   6.4690705e-01   5.9726880e-01   6.1229994e-01   7.7921440e-02  -4.7697127e-01  -9.1274524e-01
   4.2028704e+00   2.9951070e+00   2.7253369e+00   2.3746271e+00   1.6312358e+00   1.6452312e+00   1.2655069e+00   1.1163612e+00   1.0235658e+00   9.7227321e-01   6.3439873e-01   7.0735101e-01   1.0888925e+00  -2.4962640e-02  -5.2695604e-01  -6.3643333e-01
   4.1255328e+00   3.1256132e+00   2.8315812e+00   2.4098417e+00   2.3136306e+00   1.6945930e+00   1.3423989e+00   9.5037293e-01   1.0958950e+00   1.0476036e+00   8.5860972e-01   8.6351230e-01   6.6032613e-01   5.1612122e-02  -1.4599668e-01  -3.7415503e-01
   3.8878985e+00   3.3668606e+00   2.2205631e+00   1.9029143e+00   2.1174999e+00   2.0899386e+00   1.1020936e+00   5.6958241e-01   1.0709474e+00   1.2901315e+00   9.9178753e-01   8.1909947e-01   8.7657018e-01  -1.4855138e-02  -1.6601675e-01  -2.9783404e-01
   3.9900678e+00   3.3117428e+00   2.5449221e+00   1.7254515e+00   1.8350290e+00   2.1457424e+00   1.1696197e+00   8.1015474e-01   1.0504720e+00   8.5990728e-01   7.7301578e-01   3.7248062e-01   7.6137546e-01   2.0594927e-03  -3.9978603e-01  -5.8729043e-01
   4.2840124e+00   2.9815366e+00   2.6266804e+00   2.2072723e+00   1.7716375e+00   1.6753155e+00   8.2974722e-01   6.5578591e-01   1.3010038e+00   1.2671348e+00   1.1255659e+00   9.1376677e-01   7.7585098e-01   7.0795572e-02  -4.1419597e-01  -3.8706687e-01
   4.0357136e+00   3.3642005e+00   2.7066281e+00   2.1644353e+00   1.5379776e+00   1.4085887e+00   1.2066708e+00   7.6696495e-01   9.2156571e-01   8.2942179e-01   6.5974237e-01   1.0329198e+00   9.0950988e-01   3.5775200e-02  -1.5696405e-01  -2.4172328e-01
   3.7496852e+00   3.3019943e+00   2.9905976e+00   2.3205708e+00   1.5054536e+00   1.5267087e+00   1.0594390e+00   7.1091005e-01   1.0183498e+00   1.1080743e+00   6.7363189e-01   6.0558398e-01   4.1674785e-01   1.0338862e-01  -1.8099428e-02  -8.8112595e-02
   3.8286689e+00   2.8575270e+00   3.0415065e+00   2.4088392e+00   1.4739795e+00   1.7372047e+00   1.4884456e+00   1.0620818e+00   1.1620253e+00   8.0230356e-01   9.4569201e-01   7.4737786e-01   4.0553738e-01  -1.1483718e-01  -3.7604841e-01  -4.5736745e-01
   3.8331056e+00   3.1927771e+00   2.5261807e+00   2.0243078e+00   1.7034271e+00   1.1349948e+00   1.1091156e+00   1.0767369e+00   1.1682308e+00   7.0489638e-01   5.7829985e-01   1.0003416e+00   5.3175977e-01   1.0875844e-01  -5.5218847e-02  -2.7318895e-01
   3.6183761e+00   2.6180635e+00   2.2371214e+00   2.0616637e+00   1.2984272e+00   1.0691660e+00   1.0174617e+00   1.0402264e+00   9.4490491e-01   8.6906445e-01   7.2263751e-01   9.5403289e-01   5.0561511e-01   2.6854141e-01   1.3454825e-02  -1.1211060e-01
   4.1561585e+00   3.3603219e+00   2.4218531e+00   2.0261189e+00   2.0122913e+00   1.6650722e+00   1.5274674e+00   9.1960784e-01   1.0935552e+00   1.1756871e+00   4.6670962e-01   8.0568597e-01   1.0940646e-01  -2.2645836e-01  -2.5058372e-01  -5.4154226e-01
   3.8685254e+00   3.1827802e+00   2.5926706e+00   1.8997393e+00   1.4941315e+00   1.6214589e+00   1.7434392e+00   9.6891737e-01   1.1852655e+00   8.7559198e-01   8.6108499e-01   8.0322882e-01   5.0025378e-01   3.5826679e-01   3.2498608e-01   3.3777380e-01
   4.3736192e+00   3.1900410e+00   2.8645581e+00   2.2424538e+00   1.9403062e+00   1.6503447e+00   1.3606428e+00   1.0247610e+00   1.0611108e+00   7.5661738e-01   8.4032559e-01   5.1118069e-01   2.1563459e-01  -1.8545240e-02  -1.9947163e-01  -2.6702769e-01
   4.0976559e+00   3.3280556e+00   2.7853865e+00   1.9010093e+00   1.4955577e+00   1.3289138e+00   1.5535322e+00   1.2386479e+00   1.4441742e+00   9.5648892e-01   4.3546765e-01   1.6088432e-01   4.1131835e-02  -7.4952251e-02  -2.6922101e-01  -7.9084691e-01
   3.7197643e+00   2.6563151e+00   2.1281895e+00   1.9077339e+00   2.0030566e+00   2.0856395e+00   1.3839350e+00   7.7070859e-01   7.4998638e-01   8.1571444e-01   4.6644925e-01   3.6206903e-01   1.5973482e-01  -1.5298303e-01  -4.5921886e-01  -6.5557770e-01
   3.7651655e+00   2.7916056e+00   2.5662835e+00   2.1299243e+00   1.9350322e+00   2.0394472e+00   1.6971309e+00   1.1477929e+00   8.9090450e-01   8.3861492e-01   5.3313506e-01   5.5892124e-01   5.0750278e-01   1.1811553e-01  -2.8587342e-01  -6.3501391e-01
   3.1107230e+00   2.7587877e+00   2.1014892e+00   2.3664182e+00   2.2543483e+00   1.7886174e+00   1.0213122e+00   9.5561022e-01   1.0595994e+00   9.5405108e-01   6.3469429e-01   5.7267267e-01   5.0047110e-01   1.5796635e-01   6.3943491e-02   4.3513763e-02
   4.2830098e+00   3.1285013e+00   2.1328745e+00   2.1422387e+00   1.9171921e+00   1.6188765e+00   1.1055611e+00   3.1411104e-01   1.0713570e+00   1.0261373e+00   3.3524139e-01   5.5213101e-01   1.4854912e-01  -2.5305125e-01  -3.6346981e-01  -7.4688010e-01
   3.8960377e+00   2.9626941e+00   2.3681856e+00   1.6841488e+00   1.7647789e+00   1.5826728e+00   9.2899531e-01   1.0531686e+00   1.2437826e+00   8.5035161e-01   7.1092885e-01   4.2082437e-01   4.0902227e-01  -3.1208870e-01  -2.7268255e-01  -6.4622008e-01
