   4.5069464e+00   4.1678475e+00   3.3687996e+00   2.3124682e+00   1.9736528e+00   1.5004955e+00   9.7411333e-01   7.4795801e-01  -4.6247418e-02  -2.1008567e-01  -3.9114540e-01  -7.6605568e-01  -6.9986793e-01  -7.2586519e-01  -7.3305752e-01  -6.5695265e-01
   4.2689600e+00   3.5167606e+00   2.4601254e+00   2.0400072e+00   2.1253030e+00   1.4565489e+00   1.0889949e+00   2.6349361e-01  -2.2775433e-01  -4.1749050e-01  -5.6730522e-01  -1.0729062e+00  -1.2418950e+00  -1.4633079e+00  -1.4326646e+00  -1.2851502e+00
   3.8633785e+00   3.5571702e+00   2.6278964e+00   1.7918939e+00   1.8342594e+00   1.6472731e+00   9.8406341e-01   4.4457129e-01   4.8791960e-01   1.8950320e-01  -4.2848026e-02  -1.0493934e-01  -1.1436335e-01  -1.5512488e-01  -1.6272018e-01  -1.1913635e-01
   4.5146946e+00   3.6561713e+00   2.4803815e+00   1.4950938e+00   1.8759391e+00   1.9899476e+00   9.7259686e-01   5.1186267e-01   2.5673686e-01  -5.2932425e-02  -1.6538090e-01  -2.0129723e-01  -2.6372898e-01  -2.7959358e-01  -2.7186979e-01  -2.2180650e-01
   4.3081197e+00   3.1571991e+00   2.8913231e+00   2.1034987e+00   1.8556044e+00   1.6569870e+00   8.1533393e-01   3.0518886e-01  -4.6161776e-01  -4.8197213e-01  -8.8590496e-01  -1.1938398e+00  -1.0619649e+00  -1.4080286e+00  -1.5511290e+00  -1.2006489e+00
   3.6229813e+00   3.7538956e+00   2.9436453e+00   1.9626388e+00   1.6957428e+00   1.2716076e+00   7.5045196e-01   3.2041364e-01   7.8370219e-02  -3.8125920e-01  -5.3514087e-01  -6.1731372e-01  -6.8935334e-01  -7.2349389e-01  -7.2022151e-01  -6.8188676e-01
   4.0563921e+00   3.9531285e+00   3.0117324e+00   1.9943175e+00   1.9044435e+00   1.8035713e+00   9.1838585e-01   4.6385554e-01  -1.6664308e-01  -3.5225696e-01  -4.5255488e-01  -7.2929225e-01  -9.2839423e-01  -1.0020027e+00  -1.0324362e+00  -9.0196210e-01
   4.0489974e+00   3.9643382e+00   2.6729939e+00   1.5833829e+00   1.7311818e+00   1.7419403e+00   1.2290326e+00   9.0593161e-01   1.3592417e-01  -4.1952114e-01  -5.7572920e-01  -9.7780947e-01  -1.0777406e+00  -1.0450772e+00  -1.1380433e+00  -1.0084203e+00
   4.2753405e+00   3.2050742e+00   2.2713898e+00   1.6146633e+00   1.6185317e+00   2.1436150e+00   1.1962387e+00   4.5675272e-01   6.5316281e-02  -4.7396811e-01  -8.6692754e-01  -1.3388267e+00  -1.6445374e+00  -1.5093305e+00  -1.6747386e+00  -1.4470552e+00
   3.5610209e+00   3.1683812e+00   2.0066243e+00   1.9798388e+00   1.4977286e+00   1.6841145e+00   1.5080063e+00   4.5282164e-01   2.3552167e-01  -5.7703154e-02  -8.9967407e-02  -2.0572988e-01  -2.4134751e-01  -2.3997533e-01  -2.2192133e-01  -1.9012005e-01
   4.2229337e+00   3.8337813e+00   3.1346812e+00   2.3249735e+00   1.5999258e+00   1.8966454e+00   1.1619882e+00   5.3853835e-01   4.1005686e-01   3.2271589e-01   2.6498686e-01   1.8523898e-01   1.5096725e-01   1.5514498e-01   1.6973776e-01   1.9952144e-01
   4.8400977e+00   3.9323898e+00   2.7028756e+00   2.4160561e+00   1.7037754e+00   1.7008935e+00   1.1261245e+00   3.1467147e-01   8.1712970e-02  -2.7787523e-01  -6.0197953e-01  -1.0803312e+00  -1.3736958e+00  -1.4839883e+00  -1.4293263e+00  -1.4499044e+00
   4.7984663e+00   3.8662915e+00   2.5761495e+00   1.9739700e+00   1.5851404e+00   1.6622909e+00   1.2841188e+00   6.7696645e-01   3.6597125e-01   2.1160127e-01   1.8030036e-01   1.3002984e-01   1.1033947e-01   1.0060282e-01   1.0974568e-01   1.4381069e-01
   4.6545880e+00   3.4702708e+00   2.8037351e+00   1.9355810e+00   1.6190216e+00   1.2261609e+00   1.4108236e+00   9.4866620e-01  -1.1558933e-01  -3.4706056e-01  -7.7270909e-01  -1.1615518e+00  -1.1529584e+00  -1.3205258e+00  -1.2668064e+00  -1.5542084e+00
   5.0504686e+00   3.7961075e+00   2.5805209e+00   2.1501521e+00   1.3011075e+00   1.5155592e+00   8.9270060e-01   7.5838197e-01   6.0813062e-01   3.1883711e-01   3.0581397e-01   2.6919151e-01   2.3599255e-01   2.2904456e-01   2.3976064e-01   2.6716415e-01
   4.9123343e+00   3.1353053e+00   2.6296334e+00   2.3334121e+00   1.2188346e+00   1.2772234e+00   6.2668036e-01   3.8552434e-01   1.9875832e-01  -2.3971597e-01  -4.3646763e-01  -5.8283349e-01  -7.2249626e-01  -8.3514872e-01  -8.8496681e-01  -5.9933307e-01
   5.0153926e+00   3.5534605e+00   2.0269994e+00   1.8753736e+00   1.7511957e+00   1.8804586e+00   1.2798484e+00   1.1675119e+00   1.0202659e+00   9.5615698e-01   9.1641126e-01   8.7238109e-01   8.6614435e-01   8.6080385e-01   8.7311038e-01   8.9930307e-01
   4.4741754e+00   4.0781179e+00   3.0621909e+00   1.6844025e+00   1.6027762e+00   2.1211692e+00   1.0643810e+00   1.9388505e-01   1.8627406e-01  -1.2814470e-02  -2.0893873e-01  -2.5611213e-01  -2.8477479e-01  -2.9889230e-01  -2.7736175e-01  -2.6858508e-01
   4.6502693e+00   4.0933944e+00   3.2304423e+00   2.2832642e+00   1.6490427e+00   1.7275737e+00   1.1299387e+00   7.7480189e-01   9.3653713e-01   5.2381555e-01   4.5638908e-01   4.2293986e-01   3.9736138e-01   4.0386574e-01   4.3170142e-01   4.3308180e-01
   4.8808210e+00   3.6772772e+00   2.8645582e+00   2.3070084e+00   1.9443625e+00   2.1650543e+00   1.5306983e+00   5.5854780e-01   5.0371042e-01   3.6408818e-01   1.7752511e-01   1.2643410e-01   1.2017043e-01   7.8141724e-02   7.4879814e-02   1.1948054e-01
   4.4923410e+00   3.8024168e+00   2.8313177e+00   2.1417515e+00   1.7953285e+00   1.6788136e+00   1.0791744e+00   6.6447311e-01   4.6505792e-01   3.8331122e-01   3.5948263e-01   3.2518398e-01   2.6373658e-01   2.4585620e-01   2.5579406e-01   2.8474440e-01
   4.2547279e+00   3.3463816e+00   2.6862911e+00   1.6849013e+00   1.2980996e+00   1.1719443e+00   1.4929343e+00   9.7593858e-01   8.2811042e-01   6.7504292e-01   6.3217232e-01   5.8584688e-01   5.8976306e-01   5.7818323e-01   5.8760888e-01   6.1247821e-01
   4.9785500e+00   3.9546866e+00   2.6183574e+00   1.5478478e+00   1.5361251e+00   1.7302037e+00   1.5627145e+00   8.0667514e-01   5.4867512e-01   4.1257313e-01   3.7498424e-01   3.4076561e-01   3.2503294e-01   3.1126434e-01   3.3559972e-01   3.6274137e-01
   4.8711582e+00   4.0736309e+00   2.6322351e+00   2.0385188e+00   2.2152932e+00   1.9291225e+00   1.3699482e+00   5.2968740e-01  -6.5331485e-01  -3.8733251e-01  -4.7284253e-01  -1.0956668e+00  -1.5312015e+00  -1.4457233e+00  -1.4676379e+00  -1.3276842e+00
   3.8643443e+00   3.5385168e+00   2.4543596e+00   1.9645185e+00   1.9342102e+00   1.5411460e+00   9.1364066e-01   6.9767106e-01   5.6090413e-01   4.3907127e-01   3.2272164e-01   3.6403342e-01   3.3023890e-01   3.0222281e-01   3.4208702e-01   3.8283089e-01
   4.7869500e+00   3.8035707e+00   2.7119073e+00   1.9815015e+00   2.0131001e+00   1.4099967e+00   8.7214441e-01   9.7069883e-01   8.5953120e-01   1.0979471e+00   1.2403968e+00   1.0313749e+00   5.8544524e-01   8.6784244e-01   8.0138038e-01   4.8517587e-01
   4.5701822e+00   3.2410155e+00   2.3750110e+00   1.7834406e+00   1.8268999e+00   1.0439729e+00   7.1694557e-01   5.5395650e-01   3.5436133e-01   8.3068481e-01   1.2875430e+00   1.2838725e+00   8.4809780e-01   1.6943610e+00   1.1610271e+00   7.5471082e-01
   4.6326355e+00   3.3760059e+00   2.3474629e+00   2.1363268e+00   1.6842046e+00   1.5476140e+00   5.3406341e-01   7.1230883e-01   2.9048722e-01   3.0186675e-01   7.9746202e-01   1.0670765e+00   7.7409036e-01   2.0333538e+00   2.0698151e+00   1.0836281e+00
   4.7925925e+00   4.1847208e+00   2.8646150e+00   2.0881237e+00   1.0724467e+00   1.4031560e+00   9.6607807e-01   6.7298685e-01   3.1825259e-01  -3.0866921e-01  -3.4862179e-01   9.0420496e-01   9.0864420e-01   1.5641466e+00   1.9679154e+00   1.2478136e+00
   4.3913706e+00   3.4737292e+00   2.2186470e+00   1.8759773e+00   1.5224893e+00   1.6246459e+00   1.1534423e+00   5.9318564e-01   1.9051676e-01  -5.1033052e-02  -1.9150777e-01   4.9046829e-01   8.9671433e-01   1.0636463e+00   1.9169192e+00   1.2230532e+00
   4.2280876e+00   3.3736759e+00   2.1910899e+00   2.1368126e+00   1.3495282e+00   1.2060896e+00   7.4321077e-01   4.4608076e-01   9.4194469e-02  -6.6355054e-03  -6.9788977e-02   4.2351192e-01   9.5876725e-01   1.1250209e+00   1.5965774e+00   1.0770093e+00
   4.6625273e+00   4.0050599e+00   3.1355769e+00   2.3477301e+00   2.1724597e+00   1.9199748e+00   1.2946012e+00   8.9734661e-01   7.7475287e-01   6.6536658e-01   6.2949159e-01   6.5684394e-01   7.6122571e-01   9.6290426e-01   1.4538371e+00   1.0492425e+00
   4.4252123e+00   4.0515795e+00   2.3660551e+00   1.5781612e+00   1.2356697e+00   9.3912936e-01   1.3426070e+00   5.0843065e-01   5.3830960e-02   5.1322563e-02  -8.8419199e-02  -5.3989404e-02   2.3980013e-01   7.7184751e-01   1.3373717e+00   9.8361633e-01
   4.3865333e+00   4.0217195e+00   3.1857820e+00   1.9755293e+00   1.6390044e+00   9.8794180e-01   7.2444671e-01   7.8908386e-01   6.3205999e-01   8.1608547e-01   4.1942193e-01   6.3010894e-01   1.2914005e+00   2.0480443e+00   1.5613457e+00   1.0821617e+00
   4.5845012e+00   3.8135184e+00   2.5944158e+00   1.7515435e+00   2.0481972e+00   1.3445111e+00   1.0283282e+00   8.7103342e-01   5.5286134e-01   8.7409195e-01   5.7307443e-01   5.8674110e-01   1.3349427e+00   2.0134970e+00   1.3549286e+00   6.1683021e-01
   4.9121556e+00   4.4086447e+00   3.0469657e+00   2.2910741e+00   1.9454131e+00   1.3099044e+00   8.7658512e-01   7.6988837e-01   6.9188535e-01   7.7152174e-01   5.0681712e-01   5.9559752e-01   1.3841806e+00   2.0191055e+00   1.2957553e+00   4.2460640e-01
   4.3740273e+00   3.2917372e+00   3.1971642e+00   2.5043194e+00   1.9431506e+00   1.3299541e+00   5.8631798e-01   3.8169430e-01  -3.2967314e-02   5.9940448e-01   3.4746273e-01   2.7783753e-01   1.2858099e+00   1.9514511e+00   1.0723444e+00  -2.1613598e-01
   4.1380739e+00   3.7335989e+00   3.0431281e+00   2.0839246e+00   1.8874024e+00   1.5998528e+00   1.1115247e+00   6.5746329e-01   1.5516458e-01   4.5469723e-01   3.7986346e-01   3.3384683e-01   1.1394208e+00   1.8720301e+00   1.1310028e+00   7.5609601e-03
   4.1743790e+00   3.3497944e+00   3.1049910e+00   2.0700243e+00   1.8287354e+00   1.8279475e+00   1.0139379e+00   6.5665228e-01   5.4929702e-01   3.7608215e-01   1.2449210e-01   4.1212074e-01   9.5136176e-01   1.5492523e+00   1.2033999e+00   4.5533946e-01
   4.4593143e+00   3.0530997e+00   2.4860827e+00   1.9193769e+00   1.2722335e+00   1.7595042e+00   1.2442609e+00   1.0113695e+00   5.3473424e-01   5.8936426e-01   5.3597292e-01   7.2091979e-01   9.3407449e-01   1.5517966e+00   1.0612502e+00   4.7542425e-01
   4.6693571e+00   3.7418180e+00   2.5855897e+00   2.0236607e+00   1.7387803e+00   1.6517659e+00   1.1743763e+00   7.2455453e-01   6.1764957e-01   8.7887180e-01   5.9622783e-01   6.8766442e-01   8.5065052e-01   1.2977615e+00   9.6159926e-01   4.3661416e-01
   5.1014367e+00   3.2885066e+00   2.6985801e+00   2.2497447e+00   1.9987788e+00   1.3778436e+00   7.6233945e-01   1.8373073e-01  -1.9248505e-01   6.0123412e-02  -8.1502349e-02   2.3653755e-01   3.3934362e-01   1.1585164e+00   7.2115917e-01  -8.2436971e-01
   4.6328910e+00   3.6554899e+00   2.1690731e+00   1.8468321e+00   1.4632861e+00   1.3222383e+00   8.8499540e-01   4.6396521e-02   1.8504751e-01   1.1373068e-01   1.2239872e-01   2.8400146e-01   3.0892235e-01   1.2255197e+00   8.4179946e-01  -6.4836029e-01
   4.2366794e+00   3.5184741e+00   2.6664863e+00   1.8581141e+00   1.0486604e+00   1.3591947e+00   1.1001285e+00   7.3680858e-01   4.2080996e-01   4.1316310e-01   4.3508737e-01   5.8099871e-01   6.9948059e-01   1.4031488e+00   9.5770861e-01   3.3100389e-01
   4.0691081e+00   3.2851084e+00   2.8972342e+00   2.4692905e+00   1.1893709e+00   8.2833580e-01   6.3392840e-01   3.9747830e-01  -2.0254319e-01   1.5539773e-01   7.9109010e-02  -1.7054543e-03   3.1031319e-01   1.3977539e+00   5.7249733e-01  -7.2871305e-01
   3.8249283e+00   3.3330876e+00   2.9054107e+00   1.9390111e+00   1.7037139e+00   1.2819870e+00   5.6502131e-01   4.9271757e-01   3.8464135e-01   3.0428040e-01  -4.9966400e-02  -4.1870931e-02   2.8449571e-01   1.2314670e+00   5.2565019e-01  -3.5889516e-01
   3.9208285e+00   3.0456892e+00   2.1739085e+00   1.9265387e+00   2.0932467e+00   1.1922620e+00   3.8479538e-01   4.9611222e-01   2.5185931e-01   1.6818658e-02  -1.2851787e-01   4.6676533e-01   7.3009489e-02   1.2563532e+00   1.0345004e+00  -3.7941043e-01
   4.0625568e+00   3.1111351e+00   2.4372709e+00   1.7941794e+00   1.7724430e+00   1.5221190e+00   7.1581439e-01   6.4893932e-01   1.3033936e-01   1.4437741e-01   1.8079746e-02   4.1409764e-01   2.0213174e-01   1.1551824e+00   9.2917040e-01  -1.5295334e-02
   4.9830079e+00   4.0276335e+00   2.4658400e+00   1.8059785e+00   1.7742514e+00   1.4182208e+00   6.3399389e-01   4.1908441e-01  -6.5109488e-02  -2.8912236e-01  -1.7322118e-01   2.2571238e-01  -2.9389429e-01   9.3613953e-01   8.9851253e-01  -6.2337959e-01
   4.0287828e+00   3.7177144e+00   2.7461518e+00   1.8475498e+00   1.4430237e+00   1.3795346e+00   1.1189071e+00   1.6504841e-01   1.6852884e-01  -2.8267347e-01  -1.5180506e-01   1.5001129e-01  -2.6311423e-01   1.1705385e+00   8.9469360e-01  -5.1787093e-01
   3.6111157e+00   4.1067076e+00   3.0506725e+00   2.0946981e+00   1.2343812e+00   1.2804150e+00   1.0001136e+00   7.3351691e-01   1.5165745e-01  -2.4978944e-01  -2.0776845e-01   6.8759050e-02  -3.6420324e-01   8.2492824e-01   1.1210800e+00  -3.5512821e-01
   4.5771746e+00   3.8931332e+00   3.2074955e+00   2.0536241e+00   2.1309985e+00   1.2227729e+00   8.6084789e-01   8.1669097e-01   5.2797330e-01   2.1781266e-01   2.5965940e-01   4.6004371e-01   2.3994340e-01   1.0997622e+00   1.2362812e+00   2.8870348e-01
   4.9458483e+00   3.8366192e+00   2.9766206e+00   1.6283492e+00   1.9588826e+00   1.3458998e+00   6.1409993e-01   4.5130825e-01   3.3759095e-03  -4.0415697e-01  -5.3437073e-01  -4.8615363e-02  -3.3014139e-01   8.1370556e-01   7.8355824e-01  -6.4522696e-01
   4.5704114e+00   3.7757143e+00   2.4630271e+00   2.1660891e+00   1.4979049e+00   1.3853453e+00   1.0639461e+00   9.6635189e-01   8.1771634e-01   7.9889713e-01   7.4025785e-01   8.5058786e-01   7.6228366e-01   1.0311977e+00   1.0490691e+00   7.6571368e-01
   4.5056572e+00   3.9859655e+00   2.7290322e+00   2.0408054e+00   1.6021573e+00   1.2872392e+00   9.3435045e-01   7.8308778e-01   5.1104075e-02  -1.4449759e-01  -2.3797656e-01   1.7929646e-01  -5.4834622e-01   8.6662252e-01   8.7522165e-01  -8.5689090e-01
   4.5587376e+00   4.2128415e+00   3.3839901e+00   1.6170488e+00   1.2673086e+00   1.4513667e+00   9.5566958e-01   7.3753483e-01   1.4650534e-02  -8.1716247e-02   6.3927412e-02   3.6226950e-01  -1.0183135e-01   7.4294403e-01   9.9076663e-01  -1.0908319e-01
   4.8889052e+00   3.9803338e+00   2.8193393e+00   1.5866930e+00   1.3657090e+00   1.6749132e+00   9.7106434e-01   2.8625566e-01  -4.1746027e-01  -1.8261185e-01  -2.1452381e-01   8.9160937e-02  -5.6906075e-01   7.8057368e-01   8.4015004e-01  -6.5642918e-01
   4.1420468e+00   3.9621431e+00   3.1846124e+00   1.6871383e+00   1.2893696e+00   1.3045829e+00   6.8700732e-01   4.0050108e-01  -4.1488680e-03   2.0219546e-02   7.5176972e-02   2.4320685e-01  -1.4776895e-01   7.8107424e-01   9.9286293e-01  -2.9048132e-04
   4.2406790e+00   3.8210671e+00   2.4731881e+00   1.5745201e+00   1.5397815e+00   1.2693848e+00   4.7771145e-01   2.3929863e-01   3.2635797e-01  -1.8399867e-01  -4.2664290e-02   3.4954143e-01  -6.8171836e-01   8.1798881e-01   9.1293446e-01  -4.5752814e-01
   4.4391272e+00   2.9718894e+00   2.8838964e+00   2.1331378e+00   1.3375044e+00   9.2302204e-01   1.0834446e+00   3.8345880e-01   1.5331760e-01  -5.1722348e-01  -1.7179746e-01  -7.8801658e-02  -8.2131407e-01   4.7627445e-01   8.5874018e-01   5.2258933e-03
   4.2216877e+00   2.8734465e+00   2.3148238e+00   1.8786327e+00   1.4391965e+00   1.4967603e+00   7.6895299e-01   8.2913387e-02   4.2632062e-02  -9.7533651e-02   3.3574064e-01   6.3740948e-01  -2.3743480e-01   8.5826591e-01   1.3976662e+00   1.3604071e-01
   4.5814752e+00   3.5487887e+00   2.2023043e+00   1.5114998e+00   1.9034882e+00   1.5064350e+00   6.9380999e-01   6.6157298e-01   4.3143011e-01   1.8576621e-02   2.9377544e-01   4.7809598e-01  -1.7331889e-01   6.2211772e-01   1.4407240e+00   3.9898309e-01
   4.4773353e+00   3.6365533e+00   2.4199202e+00   1.6563638e+00   1.7958363e+00   1.5198439e+00   9.9113761e-01   6.4067198e-01   3.5650193e-01   2.7569294e-01   2.1848678e-01   1.0276121e-01   6.5782225e-02   1.7097655e-01   2.5897163e-01   8.5039808e-02
   4.3415361e+00   3.4934762e+00   2.3450996e+00   2.0858512e+00   2.1467727e+00   1.5169685e+00   9.0183762e-01   4.5527499e-01  -2.8724809e-01  -5.5352932e-01  -6.3599956e-01  -9.0595202e-01  -1.2447031e+00  -1.0195385e+00  -7.2822456e-01  -9.5929052e-01
   3.9617729e+00   4.0363607e+00   2.3938857e+00   1.4698645e+00   1.1910722e+00   1.3795361e+00   6.2534198e-01  -5.0154418e-02   1.7210395e-01  -4.5670269e-01  -6.6506346e-01  -7.4628950e-01  -9.0011716e-01  -1.0120891e+00  -7.7560764e-01  -7.8054425e-01
   3.8333635e+00   3.5617335e+00   2.5662071e+00   2.2547786e+00   1.7726749e+00   1.3103469e+00   4.8298936e-01  -1.6526144e-01  -2.7031685e-02  -4.1674942e-01  -9.7700442e-01  -1.0137892e+00  -1.3952604e+00  -1.6131666e+00  -1.5163621e+00  -1.4094430e+00
   3.7946297e+00   2.9557615e+00   2.1371642e+00   1.5467268e+00   1.2257888e+00   1.2657637e+00   7.1193232e-01   3.0469788e-01   6.5436633e-02  -4.6986687e-01  -6.2183646e-01  -9.4930566e-01  -1.0765580e+00  -1.3484281e+00  -1.3277906e+00  -1.2309724e+00
   4.1777609e+00   3.6149232e+00   2.5430681e+00   1.5845188e+00   1.9000260e+00   1.4042637e+00   1.0732320e+00   5.1350889e-01  -1.2193233e-01  -3.0843414e-01  -4.8686438e-01  -6.6534609e-01  -7.4700241e-01  -7.6380879e-01  -7.9146681e-01  -7.6663566e-01
   4.6983112e+00   3.3437958e+00   2.2889169e+00   1.7967646e+00   1.9950134e+00   1.4574538e+00   6.1432899e-01   3.1123916e-01  -2.4206177e-01  -4.5932646e-01  -5.7791420e-01  -8.6631665e-01  -1.0819542e+00  -1.2160702e+00  -1.1883400e+00  -1.0788913e+00
   3.7975759e+00   3.5687807e+00   2.6887831e+00   2.1113602e+00   1.7976284e+00   1.2382349e+00   5.0978413e-01   3.6917551e-01   2.1087256e-01  -1.9091500e-01  -3.1741585e-01  -5.0537491e-01  -5.5390900e-01  -5.5962005e-01  -5.3082949e-01  -4.8877402e-01
   4.1379527e+00   3.5829493e+00   2.4104559e+00   1.3832745e+00   1.3207235e+00   1.0789355e+00   2.2828895e-01   4.3076575e-02   6.9723073e-02  -5.5145179e-01  -6.3615468e-01  -9.1294820e-01  -8.7483298e-01  -9.0296708e-01  -9.6218948e-01  -9.0724192e-01
   4.3005507e+00   4.2010797e+00   2.7998751e+00   1.6514713e+00   1.4689220e+00   1.3443889e+00   7.9327629e-01   1.9334333e-01   2.5389718e-01  -3.3722098e-01  -2.9309423e-01  -6.8471320e-01  -7.5975691e-01  -7.7711496e-01  -7.7407537e-01  -7.3326806e-01
   3.4713729e+00   3.3716066e+00   2.3194327e+00   1.7776424e+00   1.5137312e+00   6.4257723e-01   5.7312740e-01   1.3249963e-01   1.7209747e-01  -5.1886810e-01  -5.1824302e-01  -8.0698466e-01  -1.0106782e+00  -9.8236518e-01  -9.8636554e-01  -9.7517702e-01
   4.4044470e+00   3.7401849e+00   2.2437338e+00   1.4724357e+00   1.5653487e+00   1.2299764e+00   4.2350509e-01  -2.0719258e-01  -1.1466895e-02  -3.4440089e-01  -8.3735132e-01  -1.3365182e+00  -1.2595840e+00  -1.6274575e+00  -1.7017241e+00  -1.2707921e+00
   4.3197070e+00   3.7686562e+00   3.0955152e+00   1.6472660e+00   1.5698985e+00   1.5417678e+00   1.0893451e+00   3.5444014e-01   1.8863624e-01  -1.8467874e-01  -3.9394984e-01  -1.0314863e+00  -1.2721995e+00  -1.2700175e+00  -1.1540156e+00  -8.4765510e-01
   4.2499197e+00   4.1526656e+00   2.6060706e+00   1.7182994e+00   1.2907504e+00   1.8389833e+00   1.4539792e+00   7.2635890e-01   5.1184063e-01  -8.8556948e-02  -2.8831901e-01  -5.4805800e-01  -5.4078386e-01  -5.0859692e-01  -4.7906533e-01  -4.5297168e-01
   3.9207866e+00   3.9668101e+00   2.8372558e+00   1.9040966e+00   1.5296468e+00   1.7697293e+00   9.8634782e-01   1.1394072e+00   2.1914900e-01  -3.8248520e-01  -7.4993654e-01  -1.3539500e+00  -1.3457275e+00  -1.5072821e+00  -1.2710110e+00  -9.6732689e-01
   4.5732699e+00   3.8109201e+00   2.6692548e+00   2.1476795e+00   1.8382812e+00   1.0216878e+00   8.6693518e-01   1.7185759e-01   4.0099925e-01  -3.8988243e-01  -9.5504471e-01  -1.5719608e+00  -1.5879649e+00  -1.4721344e+00  -1.2925258e+00  -1.1056424e+00
   4.1182073e+00   4.0976882e+00   2.9291305e+00   2.3282831e+00   1.7118174e+00   1.0332262e+00   8.8296697e-01   3.3821230e-01   1.7255123e-01  -1.9929658e-01  -6.1888502e-01  -8.8083234e-01  -9.7336462e-01  -9.8990084e-01  -9.3364297e-01  -9.2379647e-01
   3.5383877e+00   3.5705938e+00   2.5453980e+00   1.5144209e+00   1.4534798e+00   1.7122215e+00   7.1244270e-01   3.6153618e-01   1.7404883e-01  -4.0130521e-01  -5.6646788e-01  -1.2771699e+00  -1.5696786e+00  -1.6076679e+00  -1.2113228e+00  -1.1856707e+00
   4.0107838e+00   3.2597677e+00   2.6840292e+00   1.5507146e+00   1.3940983e+00   1.6822426e+00   9.9368414e-01   2.1749137e-01  -1.1381262e-01  -2.6735364e-01  -3.3112652e-01  -6.2967362e-01  -7.7392711e-01  -8.5212558e-01  -7.3859559e-01  -6.6541754e-01
   3.6980726e+00   3.0254971e+00   2.2792288e+00   1.7106420e+00   1.3468075e+00   1.4656940e+00   9.1307017e-01   2.3551883e-01   1.0550658e-01  -4.9169894e-02  -2.2681575e-01  -3.5821565e-01  -4.2034579e-01  -4.2511639e-01  -3.9294335e-01  -3.3339171e-01
   4.1411365e+00   3.4937458e+00   2.4847210e+00   1.5886682e+00   1.4597967e+00   1.6170954e+00   1.0012291e+00   2.7605465e-01  -1.7568217e-02  -4.5091386e-01  -8.4870147e-01  -1.1308453e+00  -1.3546584e+00  -1.3357212e+00  -1.2848451e+00  -1.1492186e+00
   4.1072550e+00   3.1247443e+00   2.1193707e+00   1.7477335e+00   1.6901212e+00   1.4726120e+00   1.0571609e+00   5.7359828e-01  -3.6544180e-01  -4.4028090e-01  -7.7535720e-01  -1.2550798e+00  -1.3032129e+00  -1.4232394e+00  -1.4514441e+00  -1.3479702e+00
   3.3502037e+00   3.5106747e+00   2.4315445e+00   1.7867708e+00   1.4312650e+00   1.3793036e+00   5.6956956e-01   4.2284766e-01  -4.5696620e-02  -2.6655198e-02  -5.1780498e-01  -1.0243446e+00  -9.7412141e-01  -9.5661318e-01  -1.0149621e+00  -9.6476929e-01
   4.2087933e+00   3.3509324e+00   2.7637929e+00   2.1988403e+00   1.1667021e+00   1.1530903e+00   8.2951868e-01   1.3720661e-02  -2.1638189e-01  -7.6885121e-01  -9.4333963e-01  -1.0046544e+00  -1.0554340e+00  -1.1305343e+00  -1.1439648e+00  -1.0315605e+00
   4.0864144e+00   3.9308295e+00   2.8406285e+00   2.3913378e+00   1.3754827e+00   1.2297909e+00   8.8776567e-01  -9.8384361e-03  -1.9628088e-01  -8.1331753e-01  -9.7340948e-01  -1.1601356e+00  -1.5072529e+00  -1.6116983e+00  -1.5076577e+00  -1.5058793e+00
   4.1246079e+00   4.1187003e+00   2.7909702e+00   1.8181547e+00   1.6769577e+00   1.6008958e+00   7.4166404e-01  -3.5652216e-02  -2.7323156e-01  -6.5971276e-01  -9.3005477e-01  -1.5626201e+00  -1.2638780e+00  -1.6185668e+00  -1.7712639e+00  -1.5723776e+00
   3.4281704e+00   3.3478121e+00   2.4649953e+00   1.6626787e+00   1.3084450e+00   1.2758943e+00   1.0477335e+00   5.4404156e-01   3.8481613e-01   8.3722113e-02   3.1737407e-02  -3.8859728e-02  -8.5818215e-02  -8.5529685e-02  -7.1047111e-02  -4.6201992e-02
   3.9367074e+00   3.4479390e+00   2.6330833e+00   1.6988819e+00   1.0940673e+00   1.7357449e+00   1.3694948e+00   3.0100165e-01  -3.1335655e-01  -8.3807583e-01  -5.3220578e-01  -1.0727454e+00  -1.6708231e+00  -1.5339417e+00  -1.6471769e+00  -1.4718549e+00
