   3.6545753e+00   2.9211983e+00   2.1705243e+00   2.0558242e+00   1.3573471e+00   8.2371985e-01   5.7643812e-01   3.6559016e-01   2.5440704e-01   7.0026032e-02  -1.1328470e-01   4.8956255e-02  -1.3024924e-01  -2.3442841e-01  -3.1624118e-01  -2.7547753e-01
   3.2169541e+00   2.9048712e+00   2.2533160e+00   1.7891133e+00   1.5739235e+00   8.1200276e-01   2.9521173e-01  -1.9278031e-01   1.5137122e-01  -1.4333629e-01  -1.2563231e-01  -3.7005008e-01  -5.8588997e-01  -5.1802985e-01  -6.8443622e-01  -8.0096815e-01
   3.6774593e+00   2.9192122e+00   1.9255262e+00   2.1153162e+00   1.5105082e+00   6.9855985e-01   1.6203914e-01   6.4015830e-02  -7.7419745e-02  -2.4214554e-01   6.6244360e-02  -2.8898378e-01  -8.2037570e-01  -8.0551577e-01  -9.0571005e-01  -1.0540456e+00
   3.3703981e+00   2.7818299e+00   1.1975013e+00   1.4790066e+00   1.6524525e+00   6.9027514e-01   4.0568292e-01  -5.5435473e-02  -4.3279586e-02  -1.9970531e-01  -2.3892953e-01  -4.1084211e-01  -5.7838031e-01  -8.1932624e-01  -1.1333763e+00  -9.6716329e-01
   3.8180099e+00   2.6320939e+00   2.0086597e+00   1.8465266e+00   1.5278118e+00   9.4373100e-01   6.0151414e-01   2.6939302e-01  -1.4048689e-01  -2.5991836e-01  -6.8414847e-02  -2.2269848e-01  -4.7949836e-01  -7.4255212e-01  -1.1689464e+00  -1.1787179e+00
   3.5319350e+00   3.1365066e+00   2.4337355e+00   2.0040566e+00   1.7516153e+00   1.2628891e+00   3.2401170e-01   2.5044402e-01  -1.3720630e-01  -1.3057962e-01  -1.7089285e-01  -3.4498740e-01  -2.3567569e-01  -3.4207841e-01  -3.7148132e-01  -5.5005706e-01
   4.1186202e+00   2.6877513e+00   2.2136258e+00   1.4915679e+00   1.1416254e+00   5.9049779e-01   3.0875825e-01   2.4654552e-01   2.5023341e-01  -4.1391717e-02   7.8084777e-02  -3.1077947e-01  -3.4710067e-01  -3.5892441e-01  -5.5775683e-01  -7.2616946e-01
   3.7885545e+00   2.6470436e+00   2.0989850e+00   1.4488386e+00   1.5344831e+00   1.0074087e+00   4.9212544e-01   3.1425677e-01   2.9701329e-01  -2.5292338e-01  -2.4512874e-01  -3.7765715e-01  -5.8254433e-01  -5.0729491e-01  -8.2869749e-01  -9.6722483e-01
   3.7131544e+00   2.5382010e+00   2.0757844e+00   1.5908896e+00   1.6889018e+00   1.2113049e+00   3.7961211e-01   4.9751581e-01   1.4820571e-01  -3.5424920e-01  -2.3403543e-01  -3.0690531e-01  -2.2070751e-01  -4.0184841e-01  -6.2200850e-01  -6.8166422e-01
   3.8386636e+00   2.9353707e+00   2.3348986e+00   1.7921501e+00   1.6470392e+00   9.4383559e-01   5.8177043e-01   2.9729951e-01  -3.5662441e-02  -1.0300555e-01  -7.6270664e-02  -1.9266471e-01  -2.9663977e-01  -5.4289809e-01  -4.8073032e-01  -6.9054247e-01
   3.9338742e+00   3.1563348e+00   1.9289777e+00   1.9048411e+00   1.3053592e+00   9.0928604e-01   7.2698590e-01   6.3043863e-01   3.9304952e-01   1.9243769e-01   1.7571610e-01  -1.2021501e-02  -1.3071161e-01  -2.6607325e-01  -3.7749396e-01  -3.6412009e-01
   3.4221631e+00   2.8916235e+00   1.9050880e+00   1.4409899e+00   1.4284925e+00   7.9814908e-01   5.1389620e-01   4.8038073e-01   3.1558389e-01   2.3700794e-01   1.1145031e-01  -1.9125329e-01  -2.0412176e-01  -3.7760181e-01  -4.8159651e-01  -5.9511751e-01
   3.7494399e+00   2.7344522e+00   2.3833043e+00   1.9644488e+00   1.4048498e+00   9.6302811e-01   8.7190761e-01   5.9886441e-01  -2.9474377e-02  -6.2711893e-03  -1.6531704e-01  -4.6357294e-01  -3.3392294e-01  -2.7761086e-01  -4.9714036e-01  -9.0927694e-01
   3.3809173e+00   3.2713691e+00   2.4031055e+00   1.9995633e+00   1.7636424e+00   1.3359394e+00   7.8634053e-01   2.8456944e-01   5.0714038e-01  -8.6650755e-02  -2.1184660e-01  -2.7314076e-01  -3.9337216e-01  -5.5736330e-01  -6.1336760e-01  -7.9934993e-01
   3.3820345e+00   2.5847593e+00   1.9712969e+00   1.9440453e+00   1.4220485e+00   1.1169809e+00   4.5677344e-01   4.8753098e-01   2.6477684e-01  -2.3370046e-01  -4.2130559e-01  -1.6901100e-01  -3.5356380e-01  -3.5228092e-01  -6.2521069e-01  -8.6144666e-01
   3.0373156e+00   2.8216360e+00   1.9319768e+00   1.2887396e+00   1.1512516e+00   1.0295978e+00   6.4369942e-01   3.0038851e-01   2.4231965e-01   1.9527885e-02  -1.3110432e-01  -3.4022258e-02  -3.1970340e-01  -4.5889931e-01  -6.1914637e-01  -8.9331118e-01
   3.3618483e+00   3.0197675e+00   2.3471039e+00   1.8633282e+00   1.5917171e+00   6.3444214e-01   6.6380725e-01   2.7078258e-01   2.1953080e-01  -3.3759096e-01   5.7503414e-02  -2.8990217e-02  -3.1869920e-01  -3.5411030e-01  -5.4733804e-01  -6.1151883e-01
   4.1459346e+00   3.6090817e+00   2.4374295e+00   1.5455909e+00   7.2284540e-01   5.8610200e-01   2.0462367e-01   4.9193494e-01   2.0231869e-01  -1.8374321e-01  -1.0694502e-01  -4.4790318e-02  -4.5619237e-01  -4.0657104e-01  -3.4538355e-01  -6.4680067e-01
   3.5191385e+00   3.0291670e+00   1.6108231e+00   1.5903918e+00   1.6713431e+00   1.2238560e+00   1.9215844e-01   5.4304067e-01   2.3441353e-01   1.0392367e-01  -6.9185532e-02  -1.8042527e-01  -2.7840977e-01  -3.4242924e-01  -3.9344664e-01  -5.3285231e-01
   4.1535362e+00   3.0128056e+00   2.4102864e+00   2.0455249e+00   1.4341029e+00   8.1312314e-01   5.5673713e-01   7.4162282e-01   2.4233252e-01  -1.3050606e-01  -3.0750978e-01  -4.0218337e-01  -1.7988538e-01  -3.9270916e-01  -6.3831047e-01  -9.1223450e-01
   3.6525168e+00   2.8535863e+00   1.8812672e+00   1.2271595e+00   1.4497876e+00   1.0890547e+00   6.4505358e-01   5.7383889e-01   3.9275558e-01  -1.7939281e-01  -4.8983883e-02  -2.2569790e-01  -2.8923555e-01  -4.1310596e-01  -6.8257144e-01  -8.6571972e-01
   3.4558825e+00   2.8415724e+00   1.7422554e+00   1.8629117e+00   1.3992190e+00   6.9547449e-01   4.7419240e-01   2.4356715e-01  -1.0014195e-01  -8.9882031e-02  -8.9974758e-02  -1.7582541e-01  -4.8611463e-01  -1.6879907e-01  -4.4089818e-01  -5.2891156e-01
   3.8853918e+00   2.7338280e+00   2.3521690e+00   2.1900785e+00   2.0458728e+00   1.4992531e+00   3.6503227e-01   1.0731115e-01  -5.7310724e-02  -1.3965656e-02   3.3288920e-02  -2.2550043e-01  -3.3940979e-01  -5.6863543e-01  -3.9665402e-01  -5.9996095e-01
   3.6531898e+00   2.6919068e+00   1.9217840e+00   1.3758302e+00   1.3977699e+00   9.5408665e-01   3.7805177e-01  -2.1069743e-01  -9.0722108e-02  -1.0911016e-01  -2.3643942e-01  -1.5004661e-01  -2.9993801e-01  -4.9514262e-01  -7.6043292e-01  -9.2059675e-01
   3.4738796e+00   2.7420553e+00   2.2314487e+00   1.9147055e+00   1.4730286e+00   5.5203308e-01   1.0831362e-01  -4.9238247e-01  -2.5135065e-01  -1.1833430e-01   2.0466018e-02  -1.2530950e-01  -6.5408217e-01  -8.1368719e-01  -7.4417165e-01  -7.9479806e-01
   3.7220253e+00   3.0029137e+00   1.9621317e+00   1.4656469e+00   1.2364132e+00   6.9033572e-01   4.8618301e-01  -1.0078410e-01  -2.5441598e-01  -2.7317137e-01   1.2662540e-01  -2.6610519e-01  -6.1198107e-01  -6.4360376e-01  -5.9736656e-01  -5.9395172e-01
   3.3018381e+00   2.8271790e+00   1.2373312e+00   1.1961353e+00   1.6017866e+00   9.9653079e-01   6.7597986e-01   3.1612975e-01   2.6974957e-01   3.5121490e-01   1.3121238e-01  -4.9805653e-02   2.3580493e-02  -5.4485581e-03   3.6008531e-02  -3.4434255e-02
   4.1581696e+00   3.0217656e+00   2.5189195e+00   2.0139933e+00   2.2257787e+00   1.2624223e+00   7.7808729e-01   3.7942217e-01   1.8816186e-01   1.6331440e-01   1.5715525e-01  -1.8645408e-01  -3.5537254e-01  -2.6924906e-01  -2.4509280e-01  -3.5261701e-01
   3.8133090e+00   2.9398420e+00   2.4173270e+00   1.2211568e+00   1.4585616e+00   7.3588680e-01   5.9099724e-01   2.9239825e-01  -9.8946762e-02  -1.4547608e-01   1.0661957e-01  -2.7473780e-01  -4.2541493e-01  -2.6685652e-01  -4.1446910e-01  -4.7771721e-01
   3.9300499e+00   2.8102088e+00   2.3431017e+00   1.8988783e+00   1.5843917e+00   7.0186776e-01   6.6470705e-01   1.3279754e-01   2.0271387e-01   2.1645249e-03   1.8753113e-01  -2.7807070e-01  -3.3602729e-02   4.3230405e-02  -2.9373376e-01  -4.1931231e-01
   3.4819951e+00   2.8179058e+00   2.1239296e+00   1.5164855e+00   1.2070732e+00   1.1076575e+00   4.0649281e-01   2.0897315e-01   1.9505210e-01   8.5015250e-03  -7.6286617e-02  -4.5036840e-01  -3.5064691e-01  -3.2731237e-01  -5.2386747e-01  -3.5710230e-01
   3.8213418e+00   3.3110294e+00   2.4971297e+00   1.5519463e+00   1.4470221e+00   1.3483157e+00   9.6739444e-01   4.9169722e-01   3.1808910e-01   2.2426418e-01   4.5706503e-01   2.1274906e-01   1.6526360e-01   2.7201644e-01   7.5878687e-01   5.1328414e-01
   4.0507426e+00   3.3141169e+00   2.5394887e+00   1.8821997e+00   1.5171748e+00   1.4428967e+00   1.4236094e+00   1.0412702e+00   2.8784345e-01   6.6624873e-01   7.6997014e-01   1.2399967e+00   4.3428447e-01   1.7624981e+00   2.8472629e+00   2.3896999e+00
   4.1598343e+00   2.7421930e+00   2.6781861e+00   1.0810733e+00   1.0262266e+00   5.5629458e-01   3.9726843e-01   5.0492675e-01  -4.5178150e-02   2.2069687e-01   4.9377563e-01   1.1712914e+00   4.9152130e-01   2.0006239e+00   3.0716201e+00   2.3506678e+00
   4.0075870e+00   3.2400909e+00   2.4948611e+00   1.3837898e+00   1.3547093e+00   8.7656793e-01   8.7064662e-01   3.1678019e-01   7.0317209e-02   7.9853471e-01   9.8841641e-01   1.3348407e+00   9.3592203e-01   2.0510653e+00   2.2695001e+00   1.3047906e+00
   2.8782698e+00   3.1654068e+00   2.4200617e+00   1.5037611e+00   1.6595300e+00   9.9888703e-01   6.2631656e-01   3.9968597e-01   6.8103743e-01   1.1560420e+00   1.2688406e+00   1.5133137e+00   1.3992747e+00   2.5190798e+00   2.3252117e+00   4.1642471e-01
   4.1678439e+00   3.4043781e+00   2.3276627e+00   1.4209662e+00   1.5423355e+00   1.2419120e+00   6.8311217e-01   6.8984451e-01   5.2398603e-01   1.2062540e+00   1.6001358e+00   1.9750117e+00   1.4897761e+00   2.4969022e+00   2.4014734e+00   3.0540032e-01
   4.2434850e+00   3.5549370e+00   2.5592223e+00   1.3060023e+00   1.1576211e+00   7.3265473e-01   7.6354915e-01   5.5204031e-01   2.0109353e-01   9.5054814e-01   1.4718411e+00   1.9579347e+00   1.4802204e+00   2.3271348e+00   2.3117743e+00   4.6314591e-01
   4.0432363e+00   3.9142668e+00   2.4689356e+00   1.4254613e+00   1.4509685e+00   1.0341788e+00   5.6114300e-01   3.9676631e-01  -7.2215048e-02   5.2632296e-01   1.2525129e+00   1.5865837e+00   1.5950188e+00   2.4978159e+00   2.3529999e+00   3.9798860e-01
   3.8527848e+00   3.1482587e+00   1.4996558e+00   1.2187164e+00   1.4828615e+00   1.1686548e+00   8.5777133e-01   4.1160880e-01   3.4256137e-01   6.3401974e-01   1.0878655e+00   1.1821934e+00   1.7192605e+00   2.5723220e+00   2.3943997e+00   4.9816240e-01
   3.7175674e+00   3.3545433e+00   2.0950028e+00   1.8584659e+00   1.5210409e+00   7.0448145e-01   7.4427890e-01   4.1164350e-01   2.2513594e-01   3.7554300e-01   1.0221776e+00   1.2124841e+00   1.5819049e+00   2.5685726e+00   2.4189340e+00   2.2823685e-01
   3.8430511e+00   3.1924843e+00   2.4485810e+00   1.7134552e+00   1.2244889e+00   1.2297098e+00   7.3076780e-01   3.7245155e-01  -5.6918351e-02   3.9924088e-01   1.2356616e+00   1.2359258e+00   1.5476595e+00   2.4625774e+00   2.1466078e+00   8.7166805e-02
   3.5630264e+00   3.2623334e+00   2.3456389e+00   2.0053174e+00   1.3850651e+00   1.2121019e+00   7.0677815e-01   3.4362404e-02   1.6617910e-01   2.2931738e-01   7.8536419e-01   1.1797960e+00   1.5203887e+00   2.2346440e+00   1.7405289e+00   6.4700730e-02
   3.4112143e+00   3.3557641e+00   2.7442024e+00   2.1265436e+00   1.4816864e+00   1.3995151e+00   9.0588576e-01   4.4234300e-01  -1.2877223e-01   2.5624824e-01   8.0651228e-01   1.2279253e+00   1.7311786e+00   2.3648443e+00   1.8205326e+00  -2.5670943e-01
   3.6385728e+00   3.5569836e+00   2.9142211e+00   1.6922670e+00   1.3570806e+00   6.3384810e-01   4.5758970e-01   2.4557548e-01  -2.2961356e-01  -3.8099079e-01   8.2978075e-01   1.0985075e+00   1.6389062e+00   2.2185267e+00   1.6812227e+00  -7.2758598e-02
   3.1503281e+00   2.6360183e+00   2.4258166e+00   1.9433550e+00   1.3377461e+00   9.3987755e-01   4.8079604e-01   9.4229918e-02   2.2706282e-02  -2.5948744e-01   7.2781968e-01   9.4494125e-01   1.5630804e+00   2.2848343e+00   1.9019218e+00  -2.4111714e-01
   3.6619223e+00   3.0999977e+00   2.6296610e+00   1.6759848e+00   1.3623299e+00   9.9137081e-01   9.0910886e-01   1.2831432e-02  -5.0862201e-02  -2.1300822e-01   5.8858257e-01   8.7881361e-01   1.3255580e+00   2.1016834e+00   1.6122597e+00  -3.0805352e-01
   3.4730843e+00   2.9020798e+00   1.9085411e+00   1.9631007e+00   1.7926254e+00   7.2815888e-01   4.1008715e-01  -4.4539583e-02  -3.0956019e-01  -1.1194442e-01   2.8836655e-01   9.6041297e-01   1.4264998e+00   2.0780549e+00   1.6386556e+00  -5.0621856e-01
   3.5609969e+00   2.4787190e+00   1.9403221e+00   1.8554929e+00   1.3650557e+00   4.7405507e-01   5.2334642e-01   3.0952757e-01  -2.7429068e-01   5.7746902e-02   7.8457261e-01   1.0035125e+00   1.3283678e+00   2.0170032e+00   1.5688756e+00  -4.6052185e-01
   3.5778568e+00   3.2388231e+00   2.8239556e+00   1.6317933e+00   1.1798635e+00   9.9157479e-01   5.7460719e-01  -1.8614455e-01  -1.4133047e-01  -1.2200808e-01   6.5662223e-01   1.0056533e+00   1.4470808e+00   2.0882937e+00   1.5367626e+00  -4.4091515e-01
   3.6715674e+00   3.1193833e+00   2.7587972e+00   2.1618459e+00   1.8345677e+00   1.0950811e+00   5.7072165e-01   5.1839748e-01   3.9881588e-01  -2.8690669e-02   4.9643513e-01   8.7451776e-01   1.4504351e+00   2.0341350e+00   1.5013378e+00  -1.9081387e-01
   3.9454852e+00   3.2851787e+00   2.4522759e+00   1.9092802e+00   1.8361104e+00   1.1731572e+00   2.9284603e-01   2.7641522e-01  -6.5691522e-02  -4.6322766e-01   3.9362661e-01   6.8957737e-01   1.3307078e+00   1.9443945e+00   1.3390265e+00  -5.4468338e-01
   3.9663383e+00   3.2350122e+00   2.5579096e+00   2.0763311e+00   1.5289753e+00   1.2448396e+00   6.0702568e-01   5.6010706e-02  -5.1723344e-03  -1.2519760e-01   3.2213491e-01   7.4344216e-01   1.1472333e+00   1.7713672e+00   1.2756058e+00  -5.0487561e-01
   3.4562032e+00   2.8065592e+00   2.6463988e+00   1.7758928e+00   1.0932446e+00   7.3754490e-01   5.7305180e-01   3.6176518e-01   1.4361334e-01  -2.4298576e-01   4.4003869e-01   8.5051126e-01   1.1001310e+00   1.7858807e+00   1.2770799e+00  -5.8637753e-01
   3.9702466e+00   3.3623191e+00   2.8553465e+00   1.9704707e+00   1.1737638e+00   4.4759670e-01   3.9680317e-01   1.5207464e-01  -7.0161394e-02   2.2620570e-01   5.4297226e-01   8.2734476e-01   9.7907104e-01   1.8410729e+00   1.2997641e+00  -2.1490205e-01
   4.0454159e+00   3.0015000e+00   2.6879096e+00   2.0442632e+00   1.5475775e+00   5.6858166e-01   3.1110461e-01   2.1022302e-01  -3.8217556e-02   1.1504762e-01   5.0687445e-01   1.0378014e+00   7.4786821e-01   1.7306095e+00   1.5172530e+00  -3.4563549e-01
   4.1675835e+00   3.2058361e+00   2.7964235e+00   1.8274945e+00   1.1807116e+00   5.3952403e-01   4.2101752e-01   1.0737945e-01  -3.9157684e-01  -1.7585586e-01   4.5476687e-01   7.7203731e-01   1.7029585e-01   1.5135672e+00   1.2573677e+00  -5.8601326e-01
   3.5308707e+00   2.4698779e+00   2.5584571e+00   2.3322845e+00   1.4644470e+00   1.0858626e+00   6.5119037e-01   7.3566171e-02  -9.9082705e-02   3.8039686e-02   5.5523024e-01   9.7919470e-01   2.9618755e-01   1.1941609e+00   1.2482383e+00  -8.5844684e-02
   3.6816439e+00   2.8313929e+00   1.9793843e+00   1.8688121e+00   1.1701798e+00   5.9194953e-01   1.4937074e-01  -3.0005067e-01  -3.7330445e-01  -2.3761009e-01   6.0919093e-01   9.0288422e-01   2.4798059e-01   1.5215513e+00   1.5560449e+00  -2.3806590e-01
   3.2009911e+00   2.5546539e+00   1.9413732e+00   1.7053281e+00   1.4496709e+00   7.6556561e-01   5.0522106e-01   1.3905538e-01   1.3244305e-01   1.8723468e-01   6.1072439e-01   8.8772688e-01   2.0377034e-01   1.6810171e+00   1.6954909e+00   1.1524358e-01
   4.3911324e+00   3.2118736e+00   2.7016353e+00   1.9587340e+00   1.5213913e+00   1.0389569e+00   5.7219043e-01   1.2340780e-01  -1.5642670e-02   1.4548882e-01   4.8447639e-01   8.2343288e-01  -1.6036588e-01   1.7233517e+00   1.7733796e+00   2.3575274e-02
   3.9906715e+00   3.1035956e+00   2.1089531e+00   1.2982575e+00   1.2791380e+00   8.6212934e-01   2.0573011e-01   1.0849444e-01   1.8860812e-01   9.1182276e-02   5.0235922e-01   1.1202341e+00   1.4215966e-01   1.6585156e+00   1.6188988e+00   7.2888851e-02
   3.4682540e+00   2.8829028e+00   2.3927667e+00   1.7452982e+00   1.2753057e+00   1.0022641e+00   6.6828636e-01   1.7644935e-01  -8.8301591e-02  -7.0688565e-02   4.1549500e-01   4.9001423e-01  -3.3101631e-01   5.6057380e-01   5.1457690e-01  -3.9453925e-01
   3.3374198e+00   2.7774960e+00   2.2010601e+00   1.8431731e+00   1.1581908e+00   6.6176331e-01   6.2248716e-01   2.7626341e-01   1.9130119e-02  -2.9099228e-01   5.7061510e-02  -2.8175240e-01  -5.1002713e-01   2.5344976e-01  -2.3087614e-01  -5.9049345e-01
   3.8667009e+00   2.9650307e+00   1.9282891e+00   1.3891383e+00   1.2578700e+00   1.1976508e+00   1.0339713e+00   4.9267042e-01  -8.9476590e-02  -1.0709293e-01  -1.4689073e-01  -4.8974389e-01  -4.9194505e-01  -4.4134573e-01  -4.1067851e-01  -7.2809917e-01
   3.3616007e+00   2.7841580e+00   1.9818480e+00   1.7440546e+00   1.6095509e+00   1.3951947e+00   9.5259714e-01   3.5742658e-01   7.6097812e-02   1.1703656e-01  -4.5155844e-04  -2.1752803e-01  -3.0632166e-01  -2.3240896e-01  -4.4534573e-01  -5.4948173e-01
   4.0412301e+00   3.5260482e+00   2.0178541e+00   1.0665018e+00   7.1056598e-01   9.8155875e-01   8.9452523e-01   4.2900746e-01   7.6301498e-02  -1.5294617e-01  -6.0157575e-02   1.2554741e-02  -4.3656078e-02  -1.9291331e-01  -2.5862479e-01  -2.1980470e-01
   4.1606996e+00   3.0048689e+00   2.2315388e+00   1.1952563e+00   1.1322635e+00   1.0244491e+00   8.2533938e-01   3.4811203e-01   4.5613602e-01   2.3038553e-02   9.8276488e-02  -2.0489193e-01   1.4080224e-02   7.0620070e-02  -2.2792785e-01  -2.1094749e-01
   3.8700590e+00   2.9143378e+00   2.1915324e+00   1.7052718e+00   1.5459502e+00   1.0354981e+00   9.7940385e-01   2.6132956e-01  -1.9762377e-01  -1.4215989e-01  -8.1649732e-02   1.0648112e-02  -1.7431835e-01  -1.7979427e-01  -4.3724701e-01  -5.8573210e-01
   2.9987460e+00   2.6101863e+00   2.1689541e+00   1.8908181e+00   1.8013804e+00   1.4235120e+00   8.4886305e-01   3.4995976e-01  -1.7897460e-02   2.3469417e-02   1.8829198e-01   1.8514948e-01   1.1987371e-01  -4.1062613e-02  -9.1776899e-02  -1.8819014e-01
   3.7178409e+00   3.1557416e+00   2.3838956e+00   1.5884500e+00   1.8658391e+00   8.2117429e-01   6.8158736e-01   7.0752289e-02   2.7452653e-03  -1.1727968e-01   1.7937239e-02  -8.5360906e-02   1.5229466e-01  -3.3107421e-01  -2.3078596e-01  -3.4441239e-01
   3.5944748e+00   2.6756488e+00   1.8026154e+00   1.5270957e+00   1.6316957e+00   1.4063714e+00   7.5912600e-01   2.7375427e-01   4.6944729e-01   3.1526429e-01   2.6632476e-02   7.3786828e-02   1.2412672e-01  -2.1201083e-01  -3.5888186e-01  -4.7857223e-01
   3.3575866e+00   2.5584907e+00   2.1440945e+00   1.3906802e+00   1.3584234e+00   7.9410179e-01   4.5407761e-01   5.2063199e-01   4.1519207e-01   3.2508560e-01   1.2291357e-01  -2.0898688e-01  -2.2084444e-01  -2.8863879e-01  -4.1491289e-01  -5.6126436e-01
   3.5968120e+00   2.1587255e+00   2.1017566e+00   2.1329637e+00   1.7022449e+00   1.2332925e+00   8.5523490e-01   6.2138722e-01   2.8715348e-01  -3.6699276e-02   1.1125912e-01   2.1204325e-01  -3.1231117e-02  -2.4687260e-01  -2.6416179e-01  -3.0962964e-01
   4.1262840e+00   2.9493845e+00   2.2917815e+00   1.9186294e+00   2.0545320e+00   1.4107944e+00   4.5561218e-01   2.8374914e-01   1.2768514e-01  -1.4064413e-01   5.8516164e-02  -1.0196167e-01  -2.9955144e-01  -5.5000648e-01  -4.4074736e-01  -4.8133803e-01
   3.2009023e+00   2.7384835e+00   2.2228797e+00   1.6440865e+00   9.5176486e-01   1.0197326e+00   5.0047022e-01   4.4559772e-01   2.7582326e-01   2.0639242e-01   1.9913111e-01   1.3618631e-01  -2.9523299e-01  -3.7850723e-01  -4.6516499e-01  -6.1784395e-01
   3.7463569e+00   3.1766128e+00   2.2386179e+00   1.3885780e+00   9.4480192e-01   1.4607205e+00   1.0088193e+00   6.4653710e-01   3.7159035e-01   7.1505535e-02   7.0765358e-02   1.6871514e-01  -3.5337189e-01  -3.6822877e-01  -6.0228741e-01  -8.9171860e-01
   3.8595689e+00   3.1379258e+00   1.8367792e+00   1.3673093e+00   1.3066060e+00   9.1862380e-01   5.8019357e-01   3.2432510e-01   1.6707831e-01  -7.5365363e-02   1.3438986e-01  -2.8396558e-01  -3.6081766e-01  -3.2030962e-01  -4.6445467e-01  -5.1313877e-01
   3.5017617e+00   2.2843071e+00   1.9246981e+00   1.2719935e+00   1.1645729e+00   5.9992538e-01   6.6489175e-01   4.6452131e-01   1.9114796e-01   1.0112337e-01  -1.2091638e-01  -4.3546289e-01  -4.4181259e-01  -6.3150544e-01  -1.0003136e+00  -8.6579503e-01
   3.9311612e+00   2.6362524e+00   1.7456969e+00   1.5381007e+00   1.4446983e+00   1.4736639e+00   4.1812192e-01   1.4370097e-03   1.4914119e-01  -2.0284158e-01  -5.6636861e-02  -4.2117193e-01  -3.7901707e-01  -4.9455677e-01  -5.6009534e-01  -5.4675586e-01
   3.6541042e+00   2.6007282e+00   1.8877668e+00   1.8710245e+00   1.2580794e+00   9.3057797e-01   5.2369505e-01   2.8091624e-02  -2.0651385e-01  -3.0828696e-02   4.5205399e-02  -8.1512715e-03  -4.3118831e-01  -6.3865948e-01  -7.5451271e-01  -9.8895361e-01
   3.9723460e+00   2.4655183e+00   1.4672265e+00   1.2772821e+00   1.1058758e+00   1.1853962e+00   8.4548962e-01   2.5335775e-01  -1.8778801e-01   2.0856332e-02  -8.7815144e-02  -1.9238942e-01  -4.8521181e-01  -6.5666030e-01  -8.8042953e-01  -8.1979343e-01
   3.7967708e+00   1.8970391e+00   1.6773308e+00   1.5468469e+00   8.1812310e-01   9.8403323e-01   4.3847415e-01   2.5911003e-01  -1.9293940e-01  -1.4716309e-01  -2.2455154e-01  -3.4108059e-01  -7.8781398e-01  -7.4539662e-01  -1.0525107e+00  -9.5476432e-01
   4.0562220e+00   2.6903302e+00   1.9648182e+00   1.1350192e+00   1.2474021e+00   1.2150381e+00   3.1859858e-01   1.2120165e-02   8.0529159e-03  -3.2218241e-01  -2.0679718e-01  -7.6352527e-01  -8.0037455e-01  -8.2490056e-01  -1.0019739e+00  -9.0439705e-01
   3.5556555e+00   2.5719448e+00   1.7483478e+00   2.1008861e+00   1.3949853e+00   8.3350167e-01   6.7531384e-01   4.0207576e-01   1.6342836e-01  -2.9735753e-01  -3.3542619e-02  -4.2657205e-01  -8.2120769e-01  -7.7605457e-01  -7.3834265e-01  -9.4432643e-01
   3.8701462e+00   2.8337535e+00   1.9768539e+00   1.3141041e+00   1.2149610e+00   7.9125470e-01   5.7821742e-01   8.1413383e-02  -3.7552765e-01  -2.5999401e-01  -2.0485548e-01  -4.0810525e-01  -3.7983409e-01  -7.6924890e-01  -7.3537132e-01  -9.0376172e-01
   4.0678968e+00   2.9186704e+00   1.4751384e+00   1.2727204e+00   1.3857620e+00   1.0648197e+00   5.2050470e-01  -1.0468174e-01  -9.0335553e-02  -9.5333058e-02  -1.8468688e-01  -2.6913858e-01  -1.4971892e-01  -3.9180282e-01  -5.7520570e-01  -6.1047876e-01
   4.0927993e+00   2.6610020e+00   1.5167429e+00   1.1160840e+00   1.4161706e+00   1.1589092e+00   6.8059348e-01   1.8810692e-01   1.9905711e-01   1.3657253e-01   1.5451209e-01   1.0796690e-01  -1.2397332e-02  -2.1237512e-02  -1.4477763e-03  -1.1298909e-02
   4.0308418e+00   3.4840181e+00   1.9726887e+00   1.4236380e+00   9.4694933e-01   1.4360146e+00   4.7167792e-01  -1.7596194e-01  -1.1707208e-01  -1.9810866e-01  -1.0977409e-02  -4.6468637e-01  -5.5420372e-01  -6.9398782e-01  -8.1632313e-01  -8.6710119e-01
   2.8891428e+00   2.9834573e+00   2.1897393e+00   1.3329687e+00   1.2598805e+00   1.1400584e+00   4.3326304e-01   8.0554700e-02  -3.7888743e-02  -4.3969337e-01  -8.7072957e-03  -2.5029843e-01  -4.3349849e-01  -5.4453777e-01  -5.0119924e-01  -5.9607965e-01
