   2.5020789e+00   1.5385319e+00   8.0499933e-01   1.0833050e+00   4.0790371e-01   3.2991689e-01   4.6582478e-02   6.3015303e-01   5.4609640e-01   8.7892220e-02  -1.9056946e-01  -6.2783084e-01  -3.9078473e-01  -9.8480290e-01  -9.4192527e-01  -1.0466235e+00
   2.6459735e+00   1.8445865e+00   1.2988613e+00   5.5722295e-01  -3.9908971e-02   6.4963562e-01   2.2505216e-01   2.6109157e-01   7.2593605e-01   5.5810962e-01  -6.4136214e-02  -3.6826145e-01  -7.0086775e-01  -8.4447942e-01  -7.1173767e-01  -9.9788495e-01
   2.5739161e+00   2.1172413e+00   1.7456063e+00   7.8815510e-01   1.0108196e+00   6.7264922e-01   2.5624210e-01   4.2112641e-01   5.6984970e-01   6.6830146e-02  -3.9236976e-01  -4.5720962e-01  -7.5894675e-01  -1.0075123e+00  -7.6510287e-01  -7.9134867e-01
   2.9747327e+00   2.6541487e+00   2.7728376e+00   2.1090566e+00   1.3037402e+00   6.1408853e-01   6.0474373e-01   3.1025402e-01   4.4770219e-01  -1.7231005e-01  -5.2857963e-01  -9.1212865e-01  -7.0077309e-01  -9.2536087e-01  -8.8677544e-01  -6.6190856e-01
   2.3358906e+00   2.4352676e+00   1.8960092e+00   2.0790383e+00   1.3503270e+00   7.6837932e-01   2.3459815e-01   2.7346774e-01   3.8516892e-01   2.3121977e-01  -1.3677896e-01  -3.0611529e-01  -5.6818189e-01  -7.8514996e-01  -6.8936381e-01  -7.4353923e-01
   3.3983572e+00   2.4913767e+00   2.1977979e+00   1.7163163e+00   1.4904629e+00   9.3708754e-01   3.6886295e-01   3.6599130e-01   6.5244464e-01   4.6807973e-01  -1.5051135e-01  -4.0124913e-01  -6.9173957e-01  -9.7296414e-01  -9.1453207e-01  -9.3296697e-01
   3.6240456e+00   2.3812253e+00   1.4508558e+00   1.1642971e+00   1.0446319e+00   7.1086473e-01   3.9665704e-01   2.2912330e-01   4.8994226e-01   6.4879805e-01  -5.6753599e-01  -3.3037773e-01  -7.5033452e-01  -6.7707178e-01  -7.2590490e-01  -7.6149183e-01
   3.5218491e+00   2.3888207e+00   1.4459513e+00   8.3907477e-01   2.7352986e-01   1.2567609e-01  -2.4274173e-01   2.7900343e-01   4.3968238e-01   5.8221499e-02  -7.6872180e-01  -9.2890683e-01  -8.4219072e-01  -1.0189502e+00  -7.7791688e-01  -8.2290623e-01
   3.4416367e+00   2.1219607e+00   2.1217960e+00   1.1359331e+00   4.6492245e-01   3.6195917e-01   4.0701097e-01   5.7497502e-01   4.3620657e-01   1.4513227e-01   1.6620452e-02  -4.7498164e-01  -8.4109062e-01  -8.2521610e-01  -7.2807714e-01  -8.7876790e-01
   2.8433865e+00   1.4361739e+00   1.1402417e+00   1.0039763e+00   5.2436805e-01   4.2566382e-01   3.5112299e-01   6.4346671e-01   4.9073325e-01   2.9948085e-01  -1.8666903e-03  -2.8436908e-01  -6.9364072e-01  -7.9904908e-01  -7.2484013e-01  -8.5711841e-01
   2.3872103e+00   1.0194423e+00   9.6777137e-01   8.1871623e-01   3.5092399e-01   4.4742693e-01   4.9743407e-01   5.7395125e-01   5.5545799e-01   1.9907575e-01  -3.0091317e-01  -5.5941606e-01  -6.2069453e-01  -8.6148645e-01  -7.7754629e-01  -7.3083213e-01
   2.2111194e+00   1.6919298e+00   5.7990277e-01   4.9878575e-01   1.7423772e-01   4.0207121e-01  -1.0302541e-01   2.2805368e-01   6.6675798e-01   5.2452669e-02  -2.1354906e-01  -5.4661803e-01  -6.9845095e-01  -6.8730175e-01  -6.1651229e-01  -9.8365280e-01
   2.5541575e+00   2.1555653e+00   1.1757584e+00   2.4131467e-01   1.4972972e-01   4.1022364e-01   2.2430739e-01   3.3376671e-01   5.1210469e-01   5.1349253e-03  -2.2083001e-01  -4.1216911e-01  -4.6308335e-01  -4.8357049e-01  -3.4145010e-01  -7.1632080e-01
   2.3851457e+00   1.9850601e+00   7.9786712e-01   3.9784448e-01   1.2602507e-01   5.3367878e-01  -7.6483509e-02   1.3075065e-01   3.7201272e-01   3.2950637e-01  -4.0448658e-01  -4.4059076e-01  -5.9110598e-01  -3.0763373e-01   2.8497803e-01  -2.6786978e-01
   3.2688021e+00   2.3469518e+00   1.4726486e+00   1.1560446e+00   3.0133402e-01   3.1608131e-01  -1.1524029e-01   1.7284901e-01   4.1176360e-01   6.5623918e-01  -2.3767186e-01  -4.1466823e-01  -5.9149365e-01  -6.4208992e-01   1.0671887e-01   1.7892643e-01
   3.2518292e+00   2.0221622e+00   7.1953418e-01   8.2746808e-01   6.5348031e-01   2.4464503e-01   2.8976858e-01   6.0522810e-01   8.1963150e-01   1.9385297e-01  -2.7447252e-01  -3.3094546e-01  -5.0287388e-01  -4.5329722e-01  -9.5176227e-02   1.3972551e-01
   3.0197167e+00   1.8439598e+00   9.5440458e-01   5.8964871e-01   4.7604561e-01   1.9480449e-01  -1.9459777e-01   1.5412906e-01   3.8958656e-01   6.6623437e-02  -1.5124604e-01  -5.7276775e-01  -6.0883132e-01  -6.3297167e-01  -3.5779478e-01  -2.5285387e-01
   3.4048303e+00   1.7004187e+00   8.0805885e-01   5.1201851e-01   3.9145777e-02   2.2639598e-01  -4.2615359e-01   3.0138123e-01   5.9365642e-01   2.7489571e-01  -2.2403829e-01  -8.5510452e-01  -7.9511918e-01  -6.8220331e-01  -5.3870684e-01  -3.3185671e-01
   2.7651659e+00   2.0792964e+00   1.0246992e+00   1.1522731e+00   5.6844755e-01   2.5028873e-01   7.7647254e-02   2.0848270e-01   3.4666650e-01   3.6720288e-01  -7.9027857e-02  -8.8990940e-01  -8.7977683e-01  -9.0502347e-01  -4.5829667e-01  -3.3613978e-01
   3.0742715e+00   2.7823645e+00   1.9824706e+00   1.6499824e+00   6.5434877e-01   5.6561070e-01   1.0930644e-01   9.6799735e-02   7.3578001e-01   1.0182117e-01  -1.3470924e-01  -2.8789474e-01  -7.2878133e-01  -8.1594998e-01  -6.2711461e-01  -4.3752794e-01
   3.1843734e+00   3.4820884e+00   2.9492865e+00   2.5530955e+00   1.7792906e+00   1.2308687e+00   8.7457210e-02   8.4705459e-02   2.2228041e-01  -1.2312652e-01  -1.4989469e-01  -3.1732185e-01  -6.6707169e-01  -7.3560777e-01  -6.6731999e-01  -3.6980785e-01
   3.2115517e+00   2.9288105e+00   2.7110096e+00   2.2889424e+00   1.5619628e+00   5.7791383e-01   6.5525278e-03  -1.7858164e-01   3.5782385e-01  -2.5028112e-02  -1.1483093e-01  -3.7458005e-01  -5.5711263e-01  -6.3814450e-01  -5.8039443e-01  -5.6533122e-01
   3.2918392e+00   2.8933014e+00   2.7099229e+00   1.9209480e+00   1.5319496e+00   9.4449678e-01   1.6199736e-01   2.4839609e-02   6.1966571e-01   3.7719059e-01  -9.0837288e-02  -2.7684850e-01  -4.1904342e-01  -8.4494865e-01  -6.8103376e-01  -6.8760771e-01
   3.1613571e+00   2.8658714e+00   2.3348766e+00   1.3386004e+00   6.2756939e-01   7.2644684e-01   2.4753751e-01   1.2609701e-01   2.1622963e-01   9.2363285e-03  -2.9755282e-01  -5.1991235e-01  -6.8770830e-01  -6.7275369e-01  -4.4902814e-01  -2.8998596e-01
   2.4933132e+00   2.3258629e+00   1.4453924e+00   7.8463402e-01   3.2880156e-01   2.9792022e-01  -3.1600748e-01  -8.1914613e-02   4.9643212e-01   2.2162726e-01  -2.2336312e-01  -6.3204278e-01  -6.7417306e-01  -7.3152765e-01  -2.9362547e-01  -2.3313507e-01
   2.4017888e+00   1.6450404e+00   8.9112545e-01   5.9664868e-01  -8.8586606e-02   4.1017699e-01   2.0832574e-01   1.2463311e-01   5.0417572e-01   5.7976397e-01  -3.2002048e-01  -5.0579897e-01  -5.5111695e-01  -6.5282903e-01  -3.8141953e-02   5.1597251e-03
   2.6387926e+00   1.1548975e+00   8.9877901e-01   8.1007075e-01  -1.3653586e-01   3.7882363e-01   3.0089396e-02  -7.7972526e-02   4.1300556e-01   4.4106225e-02  -3.9728115e-01  -6.2224504e-01  -5.6716669e-01  -2.3304072e-01   2.1970011e-01   3.5162626e-01
   2.4769254e+00   2.3180719e+00   1.4948636e+00   1.0537298e+00   9.0325707e-01   4.4290359e-01   3.3285508e-01   2.7358683e-01   5.2042182e-01   2.0929764e-01  -3.2108127e-03  -4.7669181e-01   1.9307248e-02  -3.0377408e-02   1.0090749e+00   8.4708649e-01
   2.8409319e+00   1.9438827e+00   1.6034894e+00   1.8056299e+00   1.0052201e+00   2.5788678e-01   7.3809507e-02   1.2481108e-01   6.1814791e-01   2.8485473e-01   3.2263357e-01   4.5761333e-01   6.2345622e-01   9.0582171e-02   9.9952489e-01   7.0481008e-01
   3.5947672e+00   2.0906770e+00   1.9997923e+00   1.7727488e+00   4.4913986e-01   1.8569134e-01   3.5158070e-01   3.9127629e-01   6.2760449e-01   3.7834219e-01   1.1088153e+00   1.4522944e+00   1.2379113e+00   7.1107965e-01   1.7091485e+00   8.0676125e-01
   2.8692124e+00   2.1839699e+00   2.2042150e+00   1.9818026e+00   7.7617460e-01   5.6518949e-01   5.5839552e-01   5.0885941e-01   7.1567546e-01   1.8762242e-01   9.0508486e-01   1.7380012e+00   1.5273929e+00   1.2166067e+00   2.2273894e+00   1.1418805e+00
   3.1033983e+00   1.9955597e+00   1.5722146e+00   1.4386372e+00   6.3103708e-01   5.2559555e-01   2.6426779e-01   4.4172856e-01   5.8012301e-01   4.2044496e-01   8.7371488e-01   1.9235951e+00   1.6226898e+00   1.4602142e+00   2.4024922e+00   1.3509589e+00
   3.3624780e+00   2.2649746e+00   1.4538406e+00   1.0114180e+00   9.9026463e-01   8.0745956e-01   2.8362996e-01   4.5016771e-01   6.6879280e-01   6.4637270e-01   4.1216519e-01   1.7623982e+00   1.8077017e+00   1.5138615e+00   2.5584661e+00   1.5249177e+00
   3.0945652e+00   2.3684522e+00   1.5262498e+00   1.4093950e+00   8.7424111e-01   3.4325995e-01   9.3329742e-02   2.7663382e-01   5.6445340e-01   2.6252038e-01   3.4499324e-01   1.9448567e+00   1.9163385e+00   1.5188504e+00   2.3704783e+00   1.2988121e+00
   3.0808725e+00   1.2477435e+00   1.4980551e+00   1.3712648e+00   9.3733243e-01   5.3981951e-01   2.0247715e-01   2.6042197e-01   4.9079717e-01   3.3958031e-01   1.9906056e-01   1.5912245e+00   1.4911421e+00   1.3231865e+00   2.4127362e+00   1.2755557e+00
   3.0082406e+00   1.0446507e+00   9.2580894e-01   9.0303766e-01   2.4631067e-01   2.0058758e-01   3.6586186e-01   2.1796286e-02   4.4589862e-02  -2.8875166e-01   2.2243334e-01   1.5155174e+00   1.2988335e+00   1.3089402e+00   2.3710529e+00   1.2438609e+00
   3.2265180e+00   1.9447515e+00   1.6429710e+00   1.2914377e+00   6.9655220e-01   5.4740449e-01   3.8712632e-01   2.4759075e-02   7.1075451e-01   2.7830605e-01   3.4634164e-01   1.6566560e+00   1.6956194e+00   1.3665785e+00   2.3796079e+00   1.3786703e+00
   2.6818393e+00   2.0059787e+00   1.6317126e+00   1.3580499e+00   6.1723566e-01  -2.1574788e-01   1.7927514e-01   8.9647561e-02   3.9643686e-01   2.8447362e-01   1.6535353e-01   1.4265920e+00   1.6513250e+00   1.3782842e+00   2.3734143e+00   1.3392407e+00
   2.3219199e+00   1.2540564e+00   1.4433915e+00   1.0778685e+00   5.2306229e-01   8.0024624e-01   2.9865655e-01   5.5477684e-01   3.4077833e-01   8.5686047e-02  -5.3403133e-02   1.5627511e+00   1.7145802e+00   1.3427329e+00   2.3485256e+00   1.3961565e+00
   2.4522923e+00   2.1388645e+00   1.4996704e+00   9.2390706e-01   7.2583723e-01   9.4541341e-01   7.4307299e-02   3.8750350e-01   3.7648754e-01   1.9461488e-01  -1.1252929e-01   1.6175459e+00   1.7373151e+00   1.2052260e+00   2.2097413e+00   1.2449355e+00
   2.3617048e+00   1.7359809e+00   1.5803111e+00   1.0487688e+00   8.3192462e-01   4.8413583e-01   1.3956223e-01   5.0901017e-02   7.2050788e-01   3.4752652e-01  -1.1600958e-01   1.4366619e+00   1.3813512e+00   8.9237767e-01   1.9215844e+00   1.0569453e+00
   2.7886882e+00   2.0187675e+00   1.6427011e+00   1.2880618e+00   7.1345265e-01   7.6251997e-01   1.5558303e-01   1.8105723e-01   4.1602644e-01   3.8261985e-01   5.6414075e-02   1.4826059e+00   1.4179563e+00   6.7986946e-01   1.6090038e+00   7.6346288e-01
   2.6555396e+00   1.9309022e+00   1.3497502e+00   1.0980349e+00   5.3025446e-01   3.1345786e-01   9.0953658e-02   4.5682354e-01   7.4715268e-01   4.6233842e-01   9.8441362e-02   1.3186532e+00   1.0070700e+00   5.6366948e-01   1.3587832e+00   6.7308489e-01
   3.0483691e+00   1.9464702e+00   1.3074430e+00   7.9187414e-01   4.1480262e-01   2.3523216e-01   9.0230083e-02   2.0396723e-01   3.1412177e-01   2.0282366e-01  -8.7312997e-02   1.2734791e+00   1.1468053e+00   4.9989294e-01   1.2900159e+00   6.8654988e-01
   2.5681068e+00   1.6747749e+00   1.4967300e+00   1.0108192e+00   9.1528925e-02   3.6892149e-01   6.1703931e-01   2.8819698e-01   3.1183399e-01   2.2712154e-01   1.5185132e-02   1.0540315e+00   8.0143802e-01   2.7946624e-01   9.5181826e-01   4.5732136e-01
   2.9336980e+00   2.3813985e+00   2.1613928e+00   1.4660157e+00   6.3005633e-01   7.2661096e-01  -2.1732754e-01   1.7451363e-02   3.7587103e-01   2.4271645e-01  -1.1044601e-01   8.7734342e-01   6.4643323e-01   2.2426591e-01   8.6588139e-01  -4.7645987e-02
   3.4133617e+00   3.3593140e+00   1.9232607e+00   1.5553670e+00   2.2854051e+00   1.7837476e+00   7.9365065e-01   1.4039795e-01   4.4711591e-01   8.4674750e-02  -3.0725882e-01   7.8609063e-01   6.4637937e-01   7.0146287e-02   8.6076868e-01   1.8230505e-01
   3.1576939e+00   1.9069734e+00   1.6760397e+00   1.2424242e+00   1.5031463e+00   9.9310474e-01   1.8868920e-01   3.8794882e-01   5.8228182e-01  -1.6244008e-01  -4.5181571e-01   7.5999195e-01   8.0827472e-01   2.1770864e-01   8.3867123e-01   3.0908644e-01
   3.3276064e+00   2.5664219e+00   1.8572885e+00   1.1900200e+00   3.9673367e-01   6.8676224e-01   3.5676879e-01   1.0014727e-01   3.8660583e-01   2.1542432e-01  -1.1254850e-01   8.7392799e-01   5.8894360e-01  -8.6327306e-02   3.2885894e-01  -5.5068125e-02
   2.8952631e+00   2.6919491e+00   2.1024813e+00   1.3057573e+00   6.0823893e-01   8.3943181e-01   6.6400081e-01   4.0373636e-01   6.5904589e-01   1.1818102e-01  -1.1160092e-01   7.6619771e-01   8.4597434e-01  -1.1346521e-02   4.2901985e-01  -1.4413764e-01
   3.3598896e+00   2.4661155e+00   1.5070278e+00   1.1704527e+00   3.4857160e-01   3.4647559e-01   1.7256170e-01   2.3791621e-01   5.7862362e-01   5.8956623e-01  -5.7792167e-02   7.1230026e-01   5.0592312e-01  -1.1098407e-01   2.5848464e-01   2.6338129e-02
   2.7711332e+00   1.7078141e+00   1.2878356e+00   8.5857122e-01  -8.8965531e-02   5.7144272e-01  -1.4968509e-01  -1.5972669e-01   2.4594015e-01  -4.7799504e-02  -4.1261350e-01   9.3005487e-02   2.5480887e-01  -4.8623437e-01  -1.1080915e-01  -4.2547123e-01
   2.6303328e+00   1.5215244e+00   1.4346251e+00   1.4292403e+00   6.1552007e-01   5.3980939e-01   3.1486557e-01   2.3992256e-01   1.9970332e-01  -2.1964246e-02  -2.7257585e-01  -9.6122553e-02  -2.3382491e-01  -8.9570610e-01  -8.1869913e-01  -8.6791053e-01
   3.7335844e+00   2.5847378e+00   2.0623202e+00   1.7676717e+00   1.2374719e+00   4.0432954e-01  -3.9765311e-02   4.5113416e-01   6.7256932e-01  -5.2064489e-03  -7.1052551e-02  -2.0826511e-01  -1.8516263e-01  -7.7188738e-01  -8.9351182e-01  -7.4512682e-01
   3.0900471e+00   1.2767827e+00   1.2712906e+00   1.1344254e+00   7.0409959e-01   6.5067234e-01   6.0725233e-02   1.2050282e-01   2.6762985e-01   1.9667501e-01  -1.2896727e-01  -2.9010266e-01  -4.6536583e-01  -7.1936502e-01  -4.1368916e-01  -4.9512214e-01
   2.7430444e+00   2.0726233e+00   1.6380348e+00   6.3904431e-01   5.1118551e-01   4.8470326e-01   3.8458435e-01   6.4711068e-01   7.3402135e-01  -7.4534333e-03  -6.9916502e-01  -6.2328647e-01  -5.8901833e-01  -7.9611995e-01  -8.0414185e-01  -8.5451385e-01
   3.5426257e+00   2.2110134e+00   1.2156976e+00   7.0863905e-01   4.3483393e-01   6.3030801e-01   2.8501200e-01   3.1641128e-02   4.5001987e-01  -8.1917251e-02  -4.6247179e-01  -2.8999046e-01  -4.4574604e-01  -8.0571250e-01  -9.1219810e-01  -8.9743178e-01
   2.8371239e+00   2.1799317e+00   1.0908574e+00   1.2610662e+00   6.7109158e-01  -6.0403455e-03  -2.0146212e-01   4.0663225e-01   6.0410340e-01  -1.1334771e-02  -2.7238922e-01  -3.3007360e-01  -4.9813612e-01  -7.8831990e-01  -7.1670602e-01  -1.0059563e+00
   3.0379887e+00   1.9985614e+00   8.0323632e-01   9.6325653e-01   4.3270975e-01   2.9664365e-01  -2.0885292e-01   1.1521489e-01   1.7998708e-01   2.4104264e-01  -3.3851010e-01  -3.1969120e-01  -3.8735557e-01  -6.1519386e-01  -7.2514461e-01  -7.7220736e-01
   2.9856009e+00   1.7617220e+00   8.5725533e-01   6.7198562e-01   4.0040867e-01   3.8113282e-01   1.8631307e-01   1.8292470e-01   2.6596283e-01  -3.6952371e-02  -2.8689653e-01  -5.2527689e-01  -4.2203077e-01  -6.0690580e-01  -6.9338328e-01  -5.9406807e-01
   2.8435106e+00   2.4555485e+00   1.8672500e+00   1.0125692e+00   5.5697084e-01   3.0880526e-01  -2.2178722e-01  -1.3509873e-02   2.1028793e-01   3.9428101e-01  -3.1160811e-01  -5.2084029e-01  -4.3335600e-01  -6.2815147e-01  -6.9130868e-01  -6.8085659e-01
   2.4940536e+00   2.2994872e+00   1.7910638e+00   4.5797736e-01   3.7870348e-02   2.9266902e-01   8.7689315e-03   9.0739890e-02   6.8235406e-01   4.6204594e-01  -4.4368148e-01  -5.2060021e-01  -5.9683806e-01  -8.0132815e-01  -8.0583795e-01  -8.5039171e-01
   2.5287972e+00   1.7674442e+00   1.3198733e+00   7.1830618e-01  -6.7653649e-01   3.4452801e-01  -9.2427854e-02   4.0719910e-01   6.4314361e-01   2.4180190e-01  -4.0917054e-01  -2.9829437e-01  -6.5825070e-01  -1.0521659e+00  -9.7885680e-01  -8.5231886e-01
   2.6553635e+00   2.4239135e+00   2.0535024e+00   1.3219203e+00   1.3709692e+00   7.7917277e-01   4.3047175e-01   4.4769940e-01   5.8676462e-01   3.8151898e-01  -5.0273242e-01  -5.1847095e-01  -3.9112363e-01  -9.5363937e-01  -1.1371680e+00  -1.1451746e+00
   3.2139674e+00   2.7036158e+00   2.5294711e+00   1.5350179e+00   1.7967722e+00   1.3689745e+00   8.7312145e-01   5.8705342e-01   6.0254229e-01   2.8220310e-01  -1.4645517e-01  -5.3637876e-01  -6.6505152e-01  -7.6992405e-01  -1.1471800e+00  -1.1663358e+00
   3.5790985e+00   2.4392297e+00   2.2969310e+00   1.5603148e+00   6.7994329e-01   6.7561818e-01   3.2772092e-01   1.5992115e-01   4.5330702e-01   4.8349488e-01  -3.7878110e-01  -7.1150961e-01  -6.8555270e-01  -8.9342090e-01  -1.1377209e+00  -9.5145588e-01
   2.7372600e+00   2.6576594e+00   2.7239764e+00   2.2451661e+00   1.5131872e+00   1.1137874e+00   4.1370132e-01   1.6541805e-01   3.8381091e-01   2.9788121e-01  -2.2789051e-01  -4.2923444e-01  -6.7888109e-01  -9.0381419e-01  -9.7604323e-01  -9.2470922e-01
   2.2600508e+00   1.8054565e+00   1.8027743e+00   9.7196852e-01   5.1091815e-01   6.0952030e-01  -7.6497882e-02  -2.3571731e-01   1.1711429e-01   6.4275360e-01  -2.6040106e-01  -3.9550517e-01  -6.1022467e-01  -1.1151010e+00  -9.7266584e-01  -1.1374338e+00
   2.6991573e+00   2.2112551e+00   1.7155341e+00   1.3851617e+00   1.0396221e+00   9.1047028e-01   4.3636652e-01   3.8580680e-01   4.5446528e-01   3.5481024e-01  -4.4006949e-01  -5.0054706e-01  -8.7921382e-01  -1.1003088e+00  -1.2179544e+00  -1.1099556e+00
   2.6101568e+00   2.6084001e+00   3.0671437e+00   3.0623874e+00   2.7698236e+00   1.8372235e+00   1.1457170e+00   7.5261854e-01   8.0910605e-01  -4.1572511e-02  -7.3335805e-01  -6.9230148e-01  -5.7079516e-01  -9.8055304e-01  -1.1715910e+00  -9.9831596e-01
