   3.6882678e-01  -4.4299252e-01  -1.5307209e+00  -7.5809089e-01  -1.1318286e+00  -2.1518275e+00  -2.3272220e+00  -2.2100432e+00  -1.9696232e+00  -2.4024305e+00  -2.7989073e+00  -2.3352851e+00  -2.6732158e+00  -2.2478423e+00  -2.3849946e+00  -2.1944653e+00
   1.0431055e+00  -3.7270223e-01  -1.7657733e+00  -9.4835049e-01  -1.2021131e+00  -1.6391147e+00  -2.1845149e+00  -1.9565688e+00  -2.1866051e+00  -1.8232212e+00  -2.5783778e+00  -2.5864975e+00  -2.6675439e+00  -2.4792994e+00  -2.3576580e+00  -2.4505857e+00
   2.8893644e-01  -1.0028355e+00  -1.4695563e+00  -1.2609709e+00  -1.7579703e+00  -2.1338494e+00  -2.6626859e+00  -2.2100245e+00  -1.6919497e+00  -1.9213842e+00  -2.2452056e+00  -2.6297799e+00  -2.3734583e+00  -2.5930337e+00  -2.5735281e+00  -2.3232385e+00
   4.3125924e-01  -7.9469179e-01  -8.8684119e-01  -1.0169700e+00  -1.2129637e+00  -2.4073695e+00  -2.4263234e+00  -2.1746011e+00  -2.2868686e+00  -1.8986840e+00  -2.1585234e+00  -2.3177393e+00  -2.2877229e+00  -2.6180070e+00  -2.2524370e+00  -2.2211766e+00
   3.9484913e-01  -4.4282994e-01  -5.1421037e-01  -5.8915306e-01  -1.4446591e+00  -2.2747052e+00  -2.5605744e+00  -2.4156444e+00  -2.1893815e+00  -2.1255012e+00  -2.1595988e+00  -2.2065178e+00  -2.2405302e+00  -2.5896072e+00  -2.4610839e+00  -2.1061977e+00
   5.7709362e-01  -1.9383552e-01  -1.0482551e+00  -2.0608417e-01  -1.1787610e+00  -2.1452868e+00  -2.8790905e+00  -2.3042767e+00  -2.0215869e+00  -2.0137398e+00  -2.5127178e+00  -2.3507205e+00  -2.6695442e+00  -2.6230932e+00  -2.1683002e+00  -2.1767657e+00
  -5.1501915e-02  -6.3511755e-01  -1.6457109e+00  -7.8983241e-01  -1.1327000e+00  -1.7484370e+00  -2.6925530e+00  -2.6680893e+00  -2.0278237e+00  -1.8386421e+00  -2.2680804e+00  -2.6692922e+00  -2.8499279e+00  -2.5218869e+00  -2.4179225e+00  -2.2829986e+00
   2.7328950e-01   6.9233600e-02  -9.9519338e-01  -3.3194553e-01  -1.4915268e+00  -1.8573182e+00  -2.7130940e+00  -2.6195300e+00  -2.0340038e+00  -1.9968728e+00  -2.2188623e+00  -2.6396183e+00  -2.5760839e+00  -2.1369557e+00  -2.2946732e+00  -2.1957929e+00
   1.0762660e-01  -6.7570572e-01  -1.2816658e+00  -4.6957804e-01  -9.4514882e-01  -2.4257736e+00  -2.8801529e+00  -2.2379612e+00  -2.0883448e+00  -2.1247065e+00  -2.7071125e+00  -2.6114149e+00  -2.4787892e+00  -2.3626681e+00  -2.4102798e+00  -2.1594484e+00
  -3.1002554e-02  -5.7356482e-01  -1.1805580e+00   1.4709956e-01  -4.9981358e-01  -2.3342331e+00  -2.6135018e+00  -2.0898382e+00  -2.5067243e+00  -1.9639151e+00  -2.4857173e+00  -2.6403921e+00  -2.3866049e+00  -2.1239947e+00  -2.3855872e+00  -2.1409202e+00
   7.1348012e-01  -5.2623217e-01  -6.3085469e-01  -3.9284078e-01  -1.3351544e+00  -2.4893733e+00  -2.6141527e+00  -1.9675284e+00  -2.3651711e+00  -2.3966016e+00  -2.4537515e+00  -2.5295782e+00  -2.7364631e+00  -2.4167923e+00  -2.4143399e+00  -1.9815438e+00
   2.9727940e-01  -3.9659555e-01  -6.7469838e-01  -3.5426761e-01  -1.3426340e+00  -2.1493123e+00  -2.4003865e+00  -1.6681980e+00  -1.9211052e+00  -2.2701102e+00  -2.4556889e+00  -2.6654964e+00  -2.6491519e+00  -2.5958432e+00  -2.3775962e+00  -2.0218040e+00
   4.5519919e-01  -2.4563929e-01  -9.2888193e-01  -7.9168536e-01  -1.2662399e+00  -2.5437386e+00  -2.7889269e+00  -2.1418926e+00  -1.8101332e+00  -2.3810423e+00  -2.2014399e+00  -2.4810250e+00  -2.4433607e+00  -2.6130866e+00  -2.3515924e+00  -2.1790550e+00
   1.9855764e-01  -8.3819805e-01  -1.5995257e+00  -9.0039054e-01  -1.4518453e+00  -2.0101206e+00  -2.4419919e+00  -2.1146570e+00  -1.8789833e+00  -2.4565487e+00  -2.6299047e+00  -2.4383353e+00  -2.5517509e+00  -2.6136776e+00  -2.3318052e+00  -2.1376471e+00
   5.8739560e-01  -6.7906519e-01  -1.2886160e+00  -1.2354174e+00  -1.4507877e+00  -1.9465700e+00  -2.5189734e+00  -2.2682677e+00  -2.0092399e+00  -2.0975642e+00  -2.5863840e+00  -2.2836121e+00  -2.5323947e+00  -2.4057979e+00  -2.5281625e+00  -2.2339547e+00
   1.4412671e-01  -3.3621040e-01  -1.3692290e+00  -1.1682730e+00  -1.1673087e+00  -2.3967160e+00  -2.9366572e+00  -2.1753557e+00  -1.9581149e+00  -2.2170401e+00  -2.2414082e+00  -2.0594789e+00  -2.3009010e+00  -2.3333809e+00  -2.4239251e+00  -1.9740359e+00
   6.2215851e-01  -4.1827976e-01  -1.1869405e+00  -8.4950690e-01  -1.2108425e+00  -1.9340818e+00  -2.6598598e+00  -1.8797290e+00  -1.8981143e+00  -2.1137599e+00  -2.3798493e+00  -2.2049531e+00  -2.2365039e+00  -2.1815282e+00  -2.4185614e+00  -2.1071246e+00
   3.1548651e-01  -3.8429800e-01  -1.0222730e+00  -8.1910176e-01  -1.5767757e+00  -1.9226072e+00  -2.3778123e+00  -1.9669295e+00  -1.9864649e+00  -2.2061333e+00  -2.6945043e+00  -2.4786757e+00  -2.2689493e+00  -2.5923287e+00  -2.5297653e+00  -2.2943458e+00
   3.7821862e-02  -3.2029323e-01  -7.8951412e-01  -7.5104854e-01  -1.6935731e+00  -1.6872916e+00  -2.5417090e+00  -1.8981609e+00  -1.8952666e+00  -2.1811377e+00  -2.3131919e+00  -2.6395156e+00  -2.3702741e+00  -2.3988140e+00  -2.5371983e+00  -2.1429262e+00
  -1.5360605e-01  -4.0573253e-01  -8.9434359e-01  -4.6310743e-01  -9.3768948e-01  -1.3520168e+00  -2.3057668e+00  -2.0759650e+00  -1.8747020e+00  -1.9724812e+00  -2.2882604e+00  -2.3517214e+00  -2.4410251e+00  -2.4697244e+00  -2.5012798e+00  -2.1419187e+00
   3.0921119e-01  -6.3547052e-01  -9.8447229e-01  -8.0684847e-01  -1.2553967e+00  -2.1973839e+00  -2.3673012e+00  -2.3732807e+00  -1.8694264e+00  -2.0037523e+00  -2.5941310e+00  -2.5581698e+00  -2.5063759e+00  -2.2747721e+00  -2.4139049e+00  -2.3004635e+00
   8.7836477e-01  -9.6450973e-02  -1.4215226e+00  -9.2759905e-01  -1.4865677e+00  -2.7428999e+00  -2.5736433e+00  -2.4016329e+00  -1.9174331e+00  -1.6281969e+00  -2.1270663e+00  -2.3217042e+00  -2.5203633e+00  -2.2204524e+00  -2.2007798e+00  -2.2007309e+00
   3.0102535e-01   8.5315464e-01  -4.8548377e-01  -4.9646186e-01  -1.4922308e+00  -2.5753042e+00  -2.6531178e+00  -2.1344661e+00  -2.1950929e+00  -2.1269031e+00  -2.4570663e+00  -2.2062299e+00  -2.1897700e+00  -1.8492757e+00  -1.7928989e+00  -2.1909272e+00
   7.6483519e-01   1.2757706e+00  -4.8068923e-01  -8.3262014e-01  -1.2876233e+00  -1.7043769e+00  -2.2952296e+00  -2.5396635e+00  -2.0269253e+00  -2.1342113e+00  -2.2734700e+00  -1.6778108e+00  -1.7692447e+00  -1.6406989e+00  -1.7229622e+00  -1.9896701e+00
   7.5779702e-01   1.4627564e+00  -1.7625636e-01  -5.8818475e-01  -1.5991971e+00  -1.6800374e+00  -2.2814403e+00  -2.4876427e+00  -1.9977409e+00  -2.3724286e+00  -2.3996191e+00  -2.0632690e+00  -1.8024226e+00  -1.1640419e+00  -1.3465886e+00  -1.7346038e+00
   1.0576085e+00   1.6678778e+00  -7.9063399e-02  -5.3647331e-01  -1.0616431e+00  -1.8959766e+00  -2.1676671e+00  -2.5763123e+00  -2.4164307e+00  -2.1816152e+00  -2.2461691e+00  -1.8590536e+00  -1.6164942e+00  -1.1331099e+00  -1.0046099e+00  -1.5426877e+00
   5.9549551e-01   1.5400882e+00   1.3757792e-01  -1.9064020e-01  -1.2005813e+00  -1.6356767e+00  -2.1553467e+00  -2.1207946e+00  -2.1870831e+00  -2.1657861e+00  -2.1764282e+00  -1.4842070e+00  -1.5552470e+00  -5.6862357e-01  -7.1256140e-01  -1.4924203e+00
   1.1223462e+00   1.6621270e+00   7.4578142e-02  -2.3445152e-01  -1.3043243e+00  -2.0085288e+00  -2.1970496e+00  -2.3560538e+00  -2.0923174e+00  -2.3566805e+00  -2.3216437e+00  -1.4705722e+00  -1.2613931e+00  -6.7654535e-01  -9.5951276e-01  -1.3470563e+00
   1.2190604e+00   1.6876850e+00   3.8779414e-02  -4.0532194e-01  -8.9274043e-01  -2.0963243e+00  -2.2793158e+00  -2.1702195e+00  -1.8009825e+00  -1.9794509e+00  -1.9760224e+00  -1.2600566e+00  -1.0681051e+00  -4.7428309e-01  -5.6793193e-01  -1.4505815e+00
   1.1294660e+00   1.7474290e+00   4.1930249e-01   7.6959960e-02  -1.0414871e+00  -1.4741165e+00  -2.3784768e+00  -2.1752417e+00  -1.9417182e+00  -1.6931067e+00  -1.6101877e+00  -5.5358958e-01  -8.2586904e-01  -5.6218195e-01  -5.3003883e-01  -1.1820987e+00
   9.0823364e-01   1.9382966e+00   7.9407071e-01   2.1819671e-01  -9.3642260e-01  -1.6029520e+00  -2.2017181e+00  -2.1748275e+00  -1.9143185e+00  -2.0040641e+00  -1.4175602e+00  -2.6781217e-03  -4.8913841e-01  -1.1969442e+00  -1.2630836e+00  -1.4223786e+00
   1.1341525e+00   1.9168266e+00   8.8670832e-01   5.4554359e-01  -8.1533533e-01  -1.4455552e+00  -2.1436492e+00  -1.9840374e+00  -1.8465514e+00  -1.8044923e+00  -8.9035933e-01   4.8422004e-01   2.5842388e-03  -7.1468216e-01  -8.8779166e-01  -1.4841176e+00
   1.0804542e+00   1.9913254e+00   9.7749460e-01   8.6659659e-01  -3.2461179e-01  -1.3330474e+00  -1.9960300e+00  -2.0611981e+00  -1.6743839e+00  -1.7809910e+00  -2.5877183e-01   7.1489370e-01   3.3730513e-02  -1.9255405e-01  -4.2474774e-01  -1.3337970e+00
   8.3001438e-01   1.9750541e+00   1.1220609e+00   1.0963840e+00  -6.0965578e-01  -1.0597469e+00  -1.8202690e+00  -1.6840419e+00  -1.6661361e+00  -1.2528490e+00   3.1005574e-01   1.0280339e+00   8.3006052e-02  -1.6888799e-01  -3.5640950e-01  -1.4121433e+00
   8.6140187e-01   1.9650040e+00   1.0343145e+00   9.8882167e-01  -4.4509983e-01  -1.5912414e+00  -1.6364391e+00  -1.9510360e+00  -1.9470948e+00  -1.7164409e+00   5.4972803e-01   9.6830225e-01  -2.3124106e-01  -5.4404307e-01  -6.5756395e-01  -1.3231416e+00
   9.6702300e-01   1.8704692e+00   1.1235843e+00   1.1632838e+00   1.0872619e-01  -1.1190783e+00  -1.4334462e+00  -1.4743668e+00  -1.5839642e+00  -1.2338422e+00   7.3642646e-01   8.7720819e-01  -3.9247189e-01  -5.5768043e-01  -7.9513477e-01  -1.4295877e+00
   1.0972413e+00   1.8609580e+00   1.2845342e+00   1.2919075e+00   2.2064089e-01  -1.0778378e+00  -1.6246625e+00  -1.4469608e+00  -1.2902073e+00  -9.9477675e-01   7.3501981e-01   6.1720478e-01  -5.8296792e-01  -7.4896186e-01  -6.7614328e-01  -1.3629325e+00
   1.3656381e+00   1.9565905e+00   1.4234060e+00   1.3474339e+00   4.7621785e-01  -8.5396446e-01  -1.2257942e+00  -1.1472359e+00  -1.1202982e+00  -9.3245676e-01   6.4255867e-01   5.4802813e-01  -7.9914224e-01  -1.1485589e+00  -8.7448673e-01  -1.3798718e+00
   8.3947966e-01   1.7948809e+00   1.4084643e+00   1.2984271e+00   6.4243612e-01  -1.1004813e+00  -1.2150089e+00  -8.3042730e-01  -7.5415964e-01  -1.0564323e+00   4.9705273e-01   3.6072755e-01  -1.0999534e+00  -8.9742386e-01  -8.9173045e-01  -1.6140834e+00
   8.3321924e-01   1.9180554e+00   1.4304097e+00   1.3070991e+00   5.5617431e-01  -1.0223303e+00  -1.1409113e+00  -9.8995534e-01  -6.9801962e-01  -9.3156000e-01   1.3189326e-01   7.1133027e-02  -1.2773936e+00  -6.8243717e-01  -8.3855722e-01  -1.5078754e+00
   1.1543780e+00   1.8845750e+00   1.2699624e+00   1.1742892e+00   7.4281917e-01  -1.3542241e+00  -1.0759363e+00  -8.0204144e-01  -4.9522817e-01  -4.2973774e-01  -8.2996549e-02   1.1700797e-01  -1.2598306e+00  -8.5086974e-01  -1.0177648e+00  -1.4855167e+00
   8.6908897e-01   1.8062057e+00   1.1882302e+00   1.1222079e+00   8.5901708e-01  -1.0365312e+00  -1.0664567e+00  -7.9353769e-01  -4.1430959e-01  -1.8465087e-01  -3.4999660e-01   1.4128791e-01  -1.2708360e+00  -8.9851040e-01  -1.0160014e+00  -1.6023692e+00
   9.6728162e-01   1.8346027e+00   1.1593017e+00   1.1907352e+00   9.6415182e-01  -1.1146740e+00  -1.0884426e+00  -7.6112888e-01  -5.3426049e-03  -3.8250415e-01  -6.1859927e-01  -7.9306934e-02  -1.5578979e+00  -1.2944020e+00  -1.2339349e+00  -1.6065371e+00
   9.1197688e-01   1.8087091e+00   1.0423474e+00   1.1145794e+00   9.7641473e-01  -8.5864214e-01  -1.1454691e+00  -6.8302365e-01   1.7728938e-01  -5.7764751e-01  -7.1390852e-01  -1.6875643e-01  -1.5260132e+00  -1.6821785e+00  -1.6635037e+00  -1.5799871e+00
   7.1467630e-01   1.7505925e+00   1.0057517e+00   1.0463547e+00   9.6619611e-01  -9.4932618e-01  -1.0844005e+00  -3.3042917e-01   4.6661177e-01  -1.0538301e+00  -8.7781879e-01  -3.1128343e-01  -1.5976352e+00  -1.5833961e+00  -1.5141779e+00  -1.7995360e+00
   7.9196079e-01   1.7765483e+00   9.1489875e-01   9.3526622e-01   9.0637992e-01  -8.5291382e-01  -9.5049344e-01  -1.5094021e-01   1.4561562e-01  -1.3743615e+00  -1.0640079e+00  -4.2069206e-01  -1.5907733e+00  -1.8240118e+00  -1.9316359e+00  -1.9374603e+00
   8.1009559e-01   1.6199761e+00   7.3796192e-01   1.0363428e+00   1.1207608e+00  -8.7926282e-01  -8.1313916e-01   2.9659925e-02  -4.5119497e-01  -1.8181175e+00  -1.3242665e+00  -8.4103824e-01  -1.6381353e+00  -1.6195769e+00  -1.6890690e+00  -1.7617794e+00
   5.6176516e-01   1.5476292e+00   6.4591560e-01   8.8577510e-01   1.0451903e+00  -1.0342043e+00  -6.4501522e-01   1.6958206e-01  -6.4625967e-01  -1.9503848e+00  -1.5154200e+00  -1.1271133e+00  -1.9969160e+00  -1.5418165e+00  -1.4603138e+00  -1.8267963e+00
   1.0810720e+00   1.4931799e+00   5.7216552e-01   5.9213447e-01   9.5709410e-01  -1.2159847e+00  -4.1816513e-01  -6.5378769e-02  -9.5873102e-01  -2.0170180e+00  -1.7157167e+00  -1.4614360e+00  -2.0899838e+00  -1.5226895e+00  -1.5367436e+00  -1.9979766e+00
   9.4963202e-01   1.5487676e+00   4.4046186e-01   7.3403924e-01   1.0589950e+00  -1.0844057e+00  -1.4120192e-01   1.3390656e-02  -1.4818260e+00  -1.8068374e+00  -1.5996606e+00  -1.3659235e+00  -1.9022470e+00  -1.6819698e+00  -1.6270715e+00  -1.8139551e+00
   7.2154534e-01   1.5104980e+00   3.5366638e-01   9.1172984e-01   9.6241585e-01  -1.3968745e+00  -1.5657170e-01  -6.6672052e-02  -1.4275354e+00  -2.1019073e+00  -1.7695362e+00  -1.6866258e+00  -2.1930029e+00  -1.5109581e+00  -1.6284397e+00  -1.6713477e+00
   8.2343687e-01   1.5002136e+00   3.5151670e-01   5.1343137e-01   7.6822647e-01  -1.2958808e+00  -7.0306885e-01  -7.0113002e-01  -1.8098763e+00  -1.8910490e+00  -1.7455329e+00  -1.6360334e+00  -2.4410965e+00  -1.6209434e+00  -1.7891429e+00  -1.8673855e+00
   5.4333839e-01   1.4342003e+00   7.9456575e-02   2.5716709e-01   5.6809741e-01  -1.0287379e+00  -4.6207867e-01  -1.0408597e+00  -1.6473690e+00  -2.1970940e+00  -2.1934171e+00  -1.6236528e+00  -2.3485124e+00  -1.7366862e+00  -1.8606385e+00  -1.9078786e+00
   7.3625962e-01   1.4416935e+00  -4.9049326e-02   1.0543888e-01   3.0788522e-01  -1.3672304e+00  -7.1305921e-01  -1.5501933e+00  -1.8086566e+00  -1.9020623e+00  -2.0234970e+00  -1.7789805e+00  -2.2915626e+00  -1.6777878e+00  -2.0007125e+00  -1.7858247e+00
   1.2873812e+00   1.4218033e+00  -1.1205373e-02  -1.4014456e-01  -7.3206698e-02  -1.4043146e+00  -7.3880554e-01  -1.3623141e+00  -1.8634856e+00  -1.7633309e+00  -1.9998895e+00  -1.7579374e+00  -2.6540821e+00  -1.6069310e+00  -1.8573501e+00  -2.0548568e+00
   4.3080788e-01   1.5236593e+00   1.2464509e-01  -4.0682010e-01   7.9168120e-02  -1.9855395e+00  -1.0961045e+00  -1.5494618e+00  -2.1595348e+00  -1.8637845e+00  -1.9030343e+00  -1.7673607e+00  -2.2044089e+00  -1.8125254e+00  -2.1599963e+00  -2.1881677e+00
   3.2455057e-01   1.3232638e+00  -2.6486581e-01  -2.9401740e-01  -3.3641425e-01  -2.1734282e+00  -1.3645839e+00  -1.6049329e+00  -1.7958469e+00  -1.8498061e+00  -2.1729944e+00  -1.9573398e+00  -2.4764309e+00  -2.0551526e+00  -2.1143381e+00  -2.1699917e+00
   5.3742301e-01   1.3020184e+00  -8.2018122e-02  -3.4201066e-01  -8.1493076e-01  -1.6323735e+00  -9.1986567e-01  -1.8164634e+00  -1.9899486e+00  -2.0893010e+00  -2.2331666e+00  -2.3333884e+00  -2.5662012e+00  -1.7092220e+00  -2.2895309e+00  -2.2986646e+00
   1.7079367e-01   1.0875187e+00  -1.6297735e-01  -6.9415440e-01  -7.3280569e-01  -1.6666876e+00  -1.3229181e+00  -1.6236494e+00  -2.0927553e+00  -2.2415674e+00  -1.9791970e+00  -2.1656715e+00  -2.3682836e+00  -2.2141412e+00  -2.0266292e+00  -1.7019738e+00
   5.0908886e-01   6.6193196e-01  -4.1057618e-01  -8.4163713e-01  -1.2821636e+00  -1.5045190e+00  -1.3508262e+00  -1.9524846e+00  -2.0871675e+00  -2.0955077e+00  -2.0252891e+00  -2.2502957e+00  -2.1653023e+00  -2.2289571e+00  -2.3763365e+00  -2.0443935e+00
   1.0901813e+00   4.7309282e-01  -7.1535356e-01  -7.2776817e-01  -1.4480762e+00  -1.6252987e+00  -1.1634143e+00  -1.5634718e+00  -1.7984562e+00  -1.9785192e+00  -2.0758884e+00  -2.5097854e+00  -2.4524461e+00  -2.1291023e+00  -2.2466859e+00  -1.8316450e+00
   6.6093961e-01   6.1053553e-02  -8.7708808e-01  -5.4966973e-01  -1.2532581e+00  -1.6936264e+00  -1.3164205e+00  -1.8028746e+00  -1.6665409e+00  -1.7320001e+00  -2.0132091e+00  -2.0583414e+00  -2.3686793e+00  -1.9856214e+00  -2.1338527e+00  -2.2452125e+00
   8.1397904e-01  -4.4661910e-01  -1.4563239e+00  -1.0279502e+00  -1.2857163e+00  -1.0617897e+00  -1.3091450e+00  -1.9115539e+00  -1.5048985e+00  -1.6662779e+00  -1.8089777e+00  -2.1520175e+00  -2.1208762e+00  -1.8981985e+00  -2.0812147e+00  -2.3502746e+00
   5.0460479e-01  -3.4834743e-01  -1.2053096e+00  -9.0518809e-01  -1.5318858e+00  -1.7287156e+00  -1.7155223e+00  -2.3423553e+00  -2.1973141e+00  -1.9251051e+00  -2.3035715e+00  -2.3486797e+00  -2.4746677e+00  -2.2895633e+00  -2.2858324e+00  -2.0543394e+00
   8.9202942e-01  -4.9921553e-01  -1.1641615e+00  -9.2233359e-01  -1.6835484e+00  -2.2133917e+00  -1.7606143e+00  -2.2200420e+00  -2.4431745e+00  -1.9837376e+00  -2.4595727e+00  -2.4007458e+00  -2.2568887e+00  -2.1520077e+00  -2.3460360e+00  -2.1397147e+00
   7.2828509e-01  -4.6823012e-01  -1.0364777e+00  -9.1230239e-01  -9.3819445e-01  -1.4459356e+00  -1.8074108e+00  -1.9811799e+00  -2.1600714e+00  -2.3521525e+00  -2.5949488e+00  -2.6574573e+00  -2.3765452e+00  -2.0890708e+00  -2.2686027e+00  -1.9784721e+00
   3.5632157e-01  -4.6962372e-01  -1.1395358e+00  -8.6569493e-01  -8.2067217e-01  -1.4419321e+00  -1.9102892e+00  -1.8897576e+00  -1.9346480e+00  -2.1745975e+00  -2.4816911e+00  -2.4464580e+00  -2.3262161e+00  -2.2492984e+00  -2.1940851e+00  -2.2945369e+00
