   2.5283048e+00   1.4879956e+00   3.1202122e-01   3.3456156e-02  -3.9703857e-01  -2.6917401e-01  -4.7615739e-01  -2.0575210e-01  -3.8334505e-01  -7.2355501e-01  -8.0779438e-01  -8.8156251e-01  -1.0161948e+00  -1.1054242e+00  -9.8897768e-01  -1.0306204e+00
   3.1830808e+00   1.9449967e+00   8.1750562e-01   1.7155385e-01   1.2429291e-01   1.3496186e-01  -5.2428175e-01  -5.8644557e-01  -6.8559645e-01  -1.2802562e+00  -1.5380783e+00  -1.2669115e+00  -1.6070207e+00  -1.5458250e+00  -1.5054023e+00  -1.6301067e+00
   2.8506928e+00   1.6065353e+00   1.2611271e+00   2.4275488e-01   1.5618804e-01  -2.2502819e-01  -6.2908754e-01  -7.7678787e-01  -7.9290315e-01  -1.5053012e+00  -1.3172388e+00  -1.4209395e+00  -1.5535006e+00  -1.7361462e+00  -1.8257472e+00  -1.8940592e+00
   2.0677102e+00   1.5959988e+00   7.1399295e-01   4.1709152e-01  -2.3763014e-01  -5.0497243e-01  -5.0902249e-01  -5.6974699e-01  -8.7355551e-01  -1.2469953e+00  -1.5385473e+00  -1.3354620e+00  -1.4123459e+00  -1.7725590e+00  -1.6748831e+00  -1.7295362e+00
   2.2384282e+00   7.7435954e-01   3.4871048e-01   6.2952042e-01  -5.7523038e-01  -1.4947432e-01  -5.2294271e-01  -3.6913631e-01  -1.6625077e-01  -1.3027809e+00  -1.5007401e+00  -1.3902500e+00  -1.6617247e+00  -1.9906324e+00  -1.7464200e+00  -1.5888250e+00
   2.0885043e+00   1.4444136e+00   1.0501074e+00   6.7482866e-01  -5.2218574e-02  -3.6030223e-02  -1.5651089e-01  -5.5192435e-01  -2.1365182e-01  -8.1912610e-01  -1.2641705e+00  -1.2831677e+00  -1.3567160e+00  -1.4069094e+00  -1.3576030e+00  -1.4254498e+00
   3.0335430e+00   1.4734749e+00   3.5747817e-01   1.9698671e-01  -1.5982445e-01   6.7873152e-02  -2.1882180e-01  -7.6382811e-01  -5.3583426e-01  -6.1140492e-01  -1.3120004e+00  -1.6471110e+00  -1.4610003e+00  -1.6661908e+00  -1.7338479e+00  -1.7798974e+00
   2.2656649e+00   1.9461753e+00   6.5406433e-01   1.8468557e-01  -1.4427127e-01  -2.2697144e-01  -6.5285685e-01  -6.8993517e-01  -3.5653386e-01  -8.3483554e-01  -1.1232212e+00  -1.1330140e+00  -1.3801827e+00  -1.3296183e+00  -1.2784512e+00  -1.3137687e+00
   2.8186926e+00   1.5087569e+00   8.7935224e-01   2.2900068e-01   1.1746447e-01  -6.9737872e-01  -2.3420506e-01  -7.3868599e-01  -7.0709538e-01  -1.0365751e+00  -1.1996210e+00  -1.4579911e+00  -1.4556698e+00  -1.7328862e+00  -1.9069967e+00  -1.8262362e+00
   2.1499132e+00   1.4434312e+00   8.8765475e-01   6.5800221e-01   2.6895133e-01  -2.4590618e-01  -4.8179409e-01  -5.4804829e-01  -4.7061824e-01  -7.6127393e-01  -1.1893629e+00  -1.2243625e+00  -1.2007896e+00  -1.2893378e+00  -1.2341687e+00  -1.2962090e+00
   2.7592207e+00   1.4329266e+00   1.9590694e-01   4.5545401e-01  -5.3105651e-01  -1.8948686e-01  -7.5895540e-01  -4.8396857e-01  -3.7805985e-01  -8.1608787e-01  -1.4900128e+00  -1.8423311e+00  -1.5326588e+00  -1.7523413e+00  -1.6043459e+00  -1.7464967e+00
   2.7713363e+00   1.2438641e+00   5.4802928e-01   5.6618809e-01  -5.0055296e-02  -5.4819277e-01  -5.8084821e-01  -5.9941420e-01  -5.0156260e-01  -1.0597825e+00  -1.3033999e+00  -1.3513561e+00  -1.4758602e+00  -1.5773871e+00  -1.2718422e+00  -1.3968266e+00
   2.8114754e+00   8.6426348e-01   7.7801256e-01   5.6983552e-01  -2.1314339e-02  -1.3550508e-01  -7.7065699e-01  -5.6439209e-01  -4.5206525e-01  -1.1218459e+00  -1.2683268e+00  -1.2404945e+00  -1.4074460e+00  -1.7629230e+00  -1.5725292e+00  -1.8249160e+00
   2.5243556e+00   1.7515172e+00   1.0304142e+00   5.1118609e-01  -5.8012446e-02  -6.7190696e-01  -2.3089861e-01  -6.2938551e-01  -3.8631864e-01  -7.7224171e-01  -9.3632626e-01  -9.8012359e-01  -1.0040839e+00  -9.7385217e-01  -9.4309087e-01  -9.9470820e-01
   2.4618977e+00   1.3654961e+00   1.0054078e+00   6.2362676e-01  -4.8776820e-02  -2.8708786e-01  -7.6774358e-01  -1.0535305e+00  -6.2251308e-01  -1.0977700e+00  -1.6037803e+00  -1.4722192e+00  -1.3325077e+00  -1.6337931e+00  -1.7238118e+00  -1.8148788e+00
   2.3054910e+00   1.5226597e+00   6.2479859e-01   5.6644397e-01   3.2529046e-01   5.1611512e-02  -3.9559679e-01  -1.0115978e+00  -8.7788618e-01  -1.1598348e+00  -1.4792481e+00  -1.4318688e+00  -1.2983465e+00  -1.4047394e+00  -1.4693536e+00  -1.5405701e+00
   2.4401323e+00   1.8053881e+00   6.6469863e-01   7.0593281e-01   1.9019619e-01  -1.9956603e-01  -3.7372164e-01  -9.2928807e-01  -7.3699547e-01  -1.0091658e+00  -1.1628580e+00  -1.4466688e+00  -1.4480968e+00  -1.7284329e+00  -1.7923313e+00  -1.6832949e+00
   1.5294248e+00   1.4529940e+00   6.8049175e-01   4.2947259e-01  -1.7426438e-01  -4.1315218e-01  -5.6309094e-01  -3.8938743e-01  -5.6609637e-01  -9.2105794e-01  -1.3136410e+00  -1.6056498e+00  -1.5437910e+00  -1.8194668e+00  -1.7617202e+00  -1.6513568e+00
   1.9257700e+00   1.7077838e+00   1.3930149e+00   7.8814391e-01   2.9559703e-01   4.3631451e-01  -4.3141736e-01  -5.7006027e-01  -7.1937457e-01  -1.0670896e+00  -1.2784177e+00  -1.4084340e+00  -1.4445322e+00  -1.5118349e+00  -1.4106030e+00  -1.4191508e+00
   2.5018147e+00   1.5026228e+00   1.1513887e+00   8.1109008e-01   6.5727543e-01   3.5203608e-01  -4.5765874e-01  -6.9433785e-01  -4.3765157e-01  -9.2967877e-01  -1.4493189e+00  -1.5498892e+00  -1.4729370e+00  -2.0566770e+00  -1.9859653e+00  -1.8881308e+00
   2.6754478e+00   1.6648798e+00   1.0155269e+00   4.9833306e-01   6.0235006e-02   2.1616620e-01   8.7055204e-02  -6.0677185e-01  -6.0692628e-01  -1.0890581e+00  -1.2925508e+00  -1.3492946e+00  -1.3540492e+00  -1.3093696e+00  -1.3261081e+00  -1.4569475e+00
   2.4596623e+00   1.3870636e+00   2.4885840e-01   3.6335045e-01   3.2398547e-01   1.8555289e-01  -9.8034664e-02  -2.3281973e-01  -1.7946551e-01  -5.8403641e-01  -9.7220951e-01  -1.0461681e+00  -1.2036312e+00  -1.2463818e+00  -1.2784843e+00  -1.2724021e+00
   2.7830918e+00   9.9818052e-01   6.7410905e-01   6.0092325e-01   3.6398952e-01   1.6909090e-01  -3.7404374e-01  -9.1229908e-01  -6.7976113e-01  -7.0630036e-01  -1.3897543e+00  -1.4182369e+00  -1.3923726e+00  -1.6708339e+00  -1.6648168e+00  -1.8912472e+00
   2.5455912e+00   1.1580488e+00   1.0737683e+00   1.0433437e+00   2.9566388e-02  -4.8049362e-01  -5.9483247e-01  -8.7192229e-01  -4.7557055e-01  -6.8268702e-01  -1.2977798e+00  -1.2239072e+00  -1.3071132e+00  -1.3714530e+00  -1.4655987e+00  -1.5389441e+00
   2.9723822e+00   1.7513109e+00   1.2805173e+00   1.6945578e-01  -3.6872106e-01   1.3722274e-01  -6.2199950e-01  -7.5902660e-01  -6.8051190e-01  -1.0458302e+00  -1.3280472e+00  -1.4440252e+00  -1.4942432e+00  -1.5680760e+00  -1.8123444e+00  -1.8570894e+00
   3.4934697e+00   2.0752382e+00   1.1345747e+00   9.9270012e-01   9.5166475e-02   3.7088360e-01  -2.6028183e-01  -4.3362046e-01  -2.7244717e-01  -7.4235262e-01  -1.1366939e+00  -1.1494764e+00  -1.2146965e+00  -1.3399738e+00  -1.2834194e+00  -1.2659038e+00
   3.1954750e+00   2.2279978e+00   1.2788916e+00   8.9845207e-01   3.7676887e-01   8.6824232e-02  -3.9593073e-01  -6.6369997e-01  -4.6938028e-01  -1.0407424e+00  -1.1497139e+00  -1.2214408e+00  -1.2411407e+00  -1.4045547e+00  -1.4502021e+00  -1.3993612e+00
   3.1885223e+00   1.9371780e+00   1.2532087e+00   4.7856404e-01  -5.4164404e-02  -6.3670583e-01  -7.2917248e-01  -5.7468802e-01  -5.6594919e-01  -8.9252680e-01  -1.2850608e+00  -1.4542412e+00  -1.4929363e+00  -1.6662213e+00  -1.8812713e+00  -1.6920102e+00
   2.2444121e+00   1.8634294e+00   9.8429914e-01   5.7678110e-01   1.5013186e-01  -1.0638703e-01  -3.8279741e-01  -6.8210286e-01  -6.3568883e-01  -1.0396856e+00  -1.0724409e+00  -1.0921377e+00  -1.1370297e+00  -1.2133002e+00  -1.0843807e+00  -1.1507033e+00
   2.1620110e+00   1.4264672e+00   1.1078942e+00   4.8254008e-01   1.1144602e-01  -6.6544620e-02  -5.1109522e-01  -9.2876588e-01  -6.0708684e-01  -8.0435672e-01  -1.0803970e+00  -1.3598106e+00  -1.4313949e+00  -1.5435450e+00  -1.2558474e+00  -1.4301891e+00
   2.6373611e+00   1.3441928e+00   9.9484137e-01   6.4627823e-01  -1.7294224e-02  -3.9139703e-01  -4.4944990e-01  -7.8562555e-01  -4.5001620e-01  -8.3856711e-01  -9.3181037e-01  -7.4632862e-01  -1.2171818e+00  -1.1374107e+00  -1.1235966e+00  -1.3770645e+00
   2.7014140e+00   2.0171441e+00   1.1146115e+00   1.0668703e+00  -4.5359993e-02  -4.1360647e-01  -5.4129220e-01  -8.5760546e-01  -6.5414655e-01  -8.2190844e-01  -1.0251059e+00  -1.0871476e+00  -1.2260981e+00  -1.1038727e+00  -1.4483945e+00  -1.4792466e+00
   3.1176833e+00   1.8136881e+00   1.0353063e+00   7.1190955e-01   8.5340368e-02  -1.6390935e-01  -5.8700009e-01  -3.3459850e-01  -4.9542951e-01  -8.3513869e-01  -6.9049678e-01  -9.0177818e-01  -1.0429602e+00  -8.6544622e-01  -1.2860397e+00  -1.5225863e+00
   3.3651747e+00   1.8719577e+00   9.5110372e-01   6.0872811e-01   3.4565125e-01   7.2083984e-02  -3.5871306e-01  -4.3027993e-01  -4.7078699e-01  -7.0451371e-01  -5.7503572e-01  -6.9409005e-01  -9.4892977e-01  -6.4953435e-01  -8.5860561e-01  -1.1466244e+00
   2.6230137e+00   1.7727096e+00   1.2513222e+00   9.1921519e-01  -4.8390756e-01  -5.6877364e-01  -7.0889567e-01  -7.2818598e-01  -7.8026322e-01  -5.6908831e-01  -2.6831112e-01  -4.2857050e-01  -7.7612937e-01  -6.9747811e-01  -1.0382131e+00  -1.6591138e+00
   2.3872258e+00   1.7741838e+00   1.3436287e+00   1.2555007e+00   4.2368603e-01   2.2310963e-02  -3.2410189e-01  -7.6479968e-01  -8.1572484e-01  -7.3675609e-01   2.4801715e-01   8.1770810e-02  -3.9659735e-01  -6.7752642e-01  -1.0908161e+00  -1.6211017e+00
   3.2961429e+00   2.0090574e+00   1.1543456e+00   1.1812198e+00   4.5731002e-01   7.9992344e-03  -3.4131652e-02  -5.3571989e-01  -2.8767012e-01  -6.4087649e-01   9.4565755e-02   2.0699192e-01  -2.0776585e-01  -5.0526012e-01  -9.7729859e-01  -1.1916936e+00
   3.6917485e+00   2.1730997e+00   1.2090895e+00   8.0244351e-01   4.1183309e-01   4.3791644e-02  -4.4270887e-01  -7.5627750e-01  -6.9504020e-01  -9.1204605e-01   9.8388397e-03   7.5473505e-02  -8.5909930e-02  -6.9854535e-01  -1.2560510e+00  -1.3015524e+00
   3.4676292e+00   2.1466371e+00   1.4992966e+00   1.3624178e+00   5.0104913e-01  -2.6619408e-01  -4.9000794e-01  -4.3662876e-01  -4.8242531e-01  -6.7417997e-01  -1.9724926e-02   1.4430354e-01   9.4693610e-02  -5.7382288e-01  -7.8823940e-01  -8.0227467e-01
   2.6590761e+00   1.2557424e+00   1.2944105e+00   1.2207179e+00   4.0970546e-01  -4.5961764e-02  -8.6512238e-01  -6.3112741e-01  -6.5258111e-01  -9.1695183e-01  -2.0417369e-01  -8.8767403e-02   1.1876160e-01  -7.8879496e-01  -9.5788945e-01  -1.0817704e+00
   2.7329280e+00   2.1815108e+00   1.6071756e+00   1.0058926e+00   4.7270108e-01   3.7306004e-01  -4.4611600e-01  -6.3364184e-01  -6.6485768e-01  -7.1709726e-01  -3.5713150e-01  -2.0330355e-02   7.7394011e-02  -7.4553792e-01  -1.1294686e+00  -1.6490721e+00
   3.1462178e+00   2.0906197e+00   1.4834376e+00   1.0611499e+00  -1.6895333e-01  -2.0722677e-02  -4.5754616e-01  -2.8751598e-01  -1.8282448e-02  -7.4163501e-01  -5.6208049e-01  -1.4977461e-01  -1.8174111e-02  -6.1444511e-01  -7.6421530e-01  -8.4035374e-01
   3.5491954e+00   2.2788630e+00   1.4473812e+00   1.4182918e+00   2.1652929e-01   4.1858658e-01  -3.6283599e-01  -4.8494724e-01  -2.8287700e-01  -1.1178622e+00  -8.9837047e-01  -1.2709167e-01   7.3059049e-02  -8.7151044e-01  -1.3324410e+00  -1.3599926e+00
   2.5508856e+00   1.6785013e+00   1.6020988e+00   1.0693289e+00   4.0941548e-02  -1.4007565e-01  -4.1403343e-01  -5.1930237e-01  -9.8847620e-01  -1.2302768e+00  -7.2942028e-01  -8.9975238e-03   1.0530657e-01  -6.8959437e-01  -1.2751343e+00  -1.3508839e+00
   3.2422920e+00   1.6135308e+00   1.5559450e+00   9.8984396e-01   2.5945726e-01  -4.7206174e-01  -3.1151972e-01  -5.0669044e-01  -3.7202545e-01  -1.5754537e+00  -7.2878890e-01  -1.6760545e-01   1.3706992e-01  -5.7100896e-01  -1.1443152e+00  -1.4547537e+00
   2.7708486e+00   1.9133815e+00   1.4031049e+00   9.2837708e-01  -2.5453605e-01  -6.2549482e-03  -4.8744426e-01  -4.3390997e-01  -6.1161566e-01  -1.0287809e+00  -7.2680012e-01   4.4014518e-02   4.9663794e-01  -2.5507667e-01  -7.9406406e-01  -1.0491659e+00
   2.1364638e+00   1.6346810e+00   1.2006755e+00   4.6652822e-01  -5.1093511e-01  -3.3697598e-01  -6.0576704e-01  -5.8208712e-01  -5.0511050e-01  -8.7661723e-01  -8.9358386e-01   9.7208910e-02   5.4736741e-01  -1.7439325e-01  -7.1491468e-01  -1.0300476e+00
   2.9747088e+00   1.9786034e+00   1.0534265e+00   6.2888402e-01  -1.5228556e-01  -5.7043598e-01  -2.6656688e-01  -5.2876228e-01  -4.2899467e-01  -9.0272588e-01  -7.6253527e-01   8.5825070e-03   3.7475591e-01  -2.1885800e-01  -7.4579024e-01  -9.8220463e-01
   2.7797543e+00   1.8746978e+00   9.4743071e-01   4.7071256e-01   2.7946747e-01  -4.3459350e-01  -4.8543004e-01  -6.7721000e-01  -4.8836754e-01  -9.4264072e-01  -7.0269670e-01   1.1229816e-01   5.8696059e-01  -1.3095997e-01  -6.7373823e-01  -1.0241972e+00
   1.9039633e+00   1.2733470e+00   5.3680640e-01   6.8372951e-01   5.8875232e-02  -3.4577048e-01  -2.8818073e-01  -7.1113731e-01  -7.8366623e-01  -8.5948333e-01  -1.1233270e+00   3.9651330e-02   5.8909515e-01  -2.1432666e-01  -8.0313648e-01  -1.0241165e+00
   2.0982461e+00   1.2342814e+00   1.0625525e+00   5.7015639e-01   3.4869611e-01  -3.1251006e-01  -5.6722975e-01  -7.6889528e-01  -9.3965829e-01  -7.2378291e-01  -1.1428620e+00  -5.1823142e-01  -6.7391775e-01  -1.3306040e+00  -1.3508115e+00  -1.7479481e+00
   2.8727762e+00   1.6061715e+00   8.6420111e-01   5.5873052e-01   3.6987732e-01   1.3041804e-01  -4.3890212e-01  -4.7371226e-01  -6.9127063e-01  -6.9147268e-01  -1.2045814e+00  -9.0699856e-01  -6.0709974e-01  -1.3394171e+00  -1.3771868e+00  -1.4576819e+00
   2.7488654e+00   2.2676905e+00   1.0325237e+00   1.3874666e-01  -2.5450937e-01  -8.9360011e-02  -3.6750591e-01  -5.5800247e-01  -5.0194774e-01  -8.9638367e-01  -1.2114531e+00  -9.4841866e-01  -6.8598074e-01  -1.2695370e+00  -1.4635986e+00  -1.6566974e+00
   2.5220168e+00   1.5611251e+00   1.2806774e+00   6.6079800e-01  -3.8429199e-01   4.7672401e-02  -3.2977632e-01  -4.8833411e-01  -1.1966611e-01  -7.4247173e-01  -1.4742044e+00  -9.3617821e-01  -8.4665176e-01  -1.6473325e+00  -1.3886570e+00  -1.5849680e+00
   1.9477840e+00   1.9391348e+00   1.5459928e+00   6.5520092e-01   2.2163489e-02   5.5096584e-01  -6.3216697e-03  -5.5484338e-01  -5.9327918e-01  -1.1183075e+00  -1.4448650e+00  -9.4355185e-01  -8.7724693e-01  -1.2449370e+00  -1.1605329e+00  -1.5909121e+00
   1.9181907e+00   1.5001891e+00   7.8368767e-01   6.5506506e-01  -1.0145035e-01   1.1105496e-01  -1.4296388e-01  -7.5857401e-01  -5.6206059e-01  -8.7839404e-01  -1.3049160e+00  -1.1844127e+00  -8.3437907e-01  -1.5618960e+00  -1.4431451e+00  -1.6737934e+00
   2.9986488e+00   1.7853048e+00   8.4174345e-01   5.9577926e-01   1.6019249e-01  -1.4580398e-01  -6.0904365e-01  -1.0718085e+00  -1.0773765e+00  -1.0802232e+00  -1.2221413e+00  -8.5850973e-01  -9.9198621e-01  -1.3226342e+00  -1.6052932e+00  -1.6175383e+00
   2.1703636e+00   2.1573162e+00   1.1536714e+00   2.6759383e-01   4.3051413e-01   6.0020160e-01  -2.7238666e-01  -8.8791109e-01  -6.9639070e-01  -1.1757443e+00  -1.2339082e+00  -8.5878739e-01  -1.1336609e+00  -1.4648743e+00  -1.5672510e+00  -1.7811991e+00
   2.1765523e+00   1.2359916e+00   8.8826796e-01   5.9775260e-01   8.2533042e-02  -1.2569447e-01  -6.0737341e-01  -9.7440328e-01  -4.9469673e-01  -1.1132055e+00  -1.2931653e+00  -1.1365842e+00  -1.1416462e+00  -1.5044461e+00  -1.6184803e+00  -1.8186354e+00
   2.0360344e+00   9.7329024e-01   5.4732536e-01   8.6543378e-01   6.3908190e-02  -3.2465623e-01  -3.3827746e-01  -1.0010040e+00  -1.2063505e+00  -1.1487443e+00  -1.7241265e+00  -1.4272126e+00  -1.3756515e+00  -1.6222896e+00  -1.7919079e+00  -1.8089591e+00
   1.3875604e+00   9.9837823e-01   8.4624490e-01   4.0649508e-01  -3.3645510e-01  -3.1203286e-01  -6.4893543e-01  -1.3796513e+00  -8.6178390e-01  -8.8962678e-01  -1.1928690e+00  -1.5001531e+00  -1.3220774e+00  -1.4895438e+00  -1.6472874e+00  -1.8581040e+00
   1.2412468e+00   1.4802215e+00   8.8797367e-01   5.7369068e-01  -1.2627708e-01  -1.6372718e-01  -8.0466489e-01  -9.6558548e-01  -4.2280180e-01  -8.6449197e-01  -1.1397348e+00  -1.1049208e+00  -1.1826778e+00  -1.6101846e+00  -1.4256026e+00  -1.8210763e+00
   2.6543116e+00   1.8221062e+00   8.6888701e-01   4.4469149e-01  -3.0141219e-01  -4.9563521e-01  -5.9336662e-01  -5.7087570e-01  -8.2035913e-01  -1.0563586e+00  -1.1238334e+00  -1.0564140e+00  -1.1010114e+00  -1.6507070e+00  -1.7077787e+00  -1.7571955e+00
   2.4437202e+00   1.6394996e+00   1.0164011e+00   3.6529822e-01  -3.3567559e-02  -2.9607278e-01  -3.0737583e-01  -5.8372851e-01  -8.6537891e-01  -8.3002547e-01  -1.3020229e+00  -1.8508967e+00  -1.6535341e+00  -1.7800253e+00  -1.8870798e+00  -1.9652697e+00
   2.4085425e+00   1.8259799e+00   1.6504855e+00   5.0595915e-01  -5.1734485e-01  -5.6531000e-01  -4.6656136e-01  -1.0437995e+00  -6.9246184e-01  -9.5286615e-01  -1.5464364e+00  -1.5926733e+00  -1.5446940e+00  -1.6570010e+00  -1.4884883e+00  -1.6825277e+00
   2.3981954e+00   1.4073862e+00   6.3064895e-01   2.4074267e-01  -1.3203395e-01  -5.8958223e-01  -6.4241545e-01  -9.1966259e-01  -6.0541059e-01  -8.8879882e-01  -1.4997602e+00  -1.4213405e+00  -1.5785192e+00  -1.7403402e+00  -1.6201088e+00  -1.6628201e+00
   2.9677812e+00   1.8492025e+00   7.8736429e-01   3.4838788e-01   6.9978311e-02  -4.3733522e-02  -4.3375850e-01  -9.8209263e-01  -5.3779008e-01  -8.2925793e-01  -1.4154351e+00  -1.2491390e+00  -1.1195692e+00  -1.4508147e+00  -1.5319250e+00  -1.6442535e+00
   2.6906599e+00   1.6104211e+00   1.0233822e+00   2.9041403e-01  -4.3908017e-01  -1.8410937e-01  -4.4594442e-01  -3.6853390e-01  -5.7046860e-01  -8.2826713e-01  -8.5601182e-01  -8.6847525e-01  -1.0063094e+00  -1.0384286e+00  -1.0138809e+00  -1.0136468e+00
   2.4685930e+00   1.1571730e+00   1.3683888e+00   4.2729239e-01  -9.7283805e-02   2.9780034e-01  -3.4952000e-01  -7.0289481e-01  -6.4680445e-01  -1.4040462e+00  -1.5858682e+00  -1.3398263e+00  -1.5823723e+00  -1.7063357e+00  -1.5142372e+00  -1.9055874e+00
   2.2922839e+00   1.4563817e+00   9.5933156e-01   3.7032374e-02  -2.7708639e-01   1.9841970e-01  -2.1842551e-01  -6.8716849e-01  -6.3021236e-01  -9.1194839e-01  -1.2447705e+00  -1.3182012e+00  -1.3482154e+00  -1.4373709e+00  -1.3277252e+00  -1.5520032e+00
   2.3311087e+00   1.5674385e+00   6.5060257e-01   3.5200768e-01   1.1515807e-01   5.3034535e-02  -6.6081649e-01  -6.3322669e-01  -5.7445841e-01  -1.2057804e+00  -1.1031665e+00  -1.2940746e+00  -1.5056878e+00  -1.6231092e+00  -1.6523392e+00  -1.7578104e+00
   2.0395979e+00   1.3182193e+00   7.7708774e-01  -2.7596488e-01  -1.8745994e-02  -1.7872776e-01  -9.9499733e-01  -6.8516744e-01  -5.5474806e-01  -8.3945528e-01  -1.1030479e+00  -1.3466409e+00  -1.5639119e+00  -1.3932345e+00  -1.6251891e+00  -1.5804504e+00
   2.5481997e+00   1.5834914e+00   1.2441701e+00   7.5665609e-01  -3.2131187e-01  -3.7033400e-01  -4.5608000e-01  -9.4440250e-01  -5.8355134e-01  -9.8163267e-01  -1.4802273e+00  -1.6418214e+00  -1.3793499e+00  -1.6140854e+00  -1.8650152e+00  -1.9680140e+00
   2.6292272e+00   1.3347358e+00   5.0063251e-01   6.6290687e-01   3.4886991e-01  -2.3260805e-01  -3.5411672e-01  -8.1567845e-01  -3.8826599e-01  -8.9689704e-01  -1.4034682e+00  -1.5038545e+00  -1.4451529e+00  -1.4469411e+00  -1.4192617e+00  -1.5633160e+00
   2.6126177e+00   1.5267701e+00   5.7177915e-01   2.3088721e-01  -2.1023382e-01  -2.2938975e-01  -1.9181653e-01  -4.7522280e-01  -3.2498882e-01  -8.9423504e-01  -1.3995614e+00  -1.5097413e+00  -1.4522444e+00  -1.6852410e+00  -1.6201796e+00  -1.7971164e+00
   2.6631963e+00   1.7109679e+00   3.4704164e-01   3.7995830e-03   3.1999240e-01  -3.3396123e-01  -5.5115515e-01  -9.2526855e-01  -7.7887252e-01  -1.0294579e+00  -1.3084058e+00  -1.3642429e+00  -1.2810488e+00  -1.4387060e+00  -1.4382821e+00  -1.4806434e+00
   2.5594482e+00   1.3595876e+00   7.5433190e-01   2.3329326e-02  -2.2927375e-02  -7.3327126e-01  -8.2705413e-01  -8.1881326e-01  -4.8252613e-01  -1.1185459e+00  -1.2181799e+00  -1.5223773e+00  -1.4377460e+00  -1.5807621e+00  -1.4199217e+00  -1.6559522e+00
   1.9212509e+00   1.3104144e+00   7.5996251e-01   8.6293639e-02   5.1239071e-03  -2.2926084e-01  -4.5404831e-01  -4.4721125e-01  -6.6066078e-01  -1.0656794e+00  -1.2246247e+00  -1.2880068e+00  -1.3222236e+00  -1.5517087e+00  -1.3410983e+00  -1.4307536e+00
   1.9159039e+00   1.2399757e+00   7.4119697e-01   3.2444151e-02   2.3864392e-01   7.9317467e-02  -3.1897983e-01  -2.5279956e-01  -1.1516515e+00  -1.3566491e+00  -1.2919021e+00  -1.5900747e+00  -1.6165509e+00  -1.7353748e+00  -1.7078832e+00  -1.6553632e+00
   1.9821595e+00   1.0690829e+00   1.1713180e+00   4.8994252e-01   2.5879362e-01   1.9748154e-02  -1.6361655e-01  -7.3800875e-01  -1.2950441e+00  -1.1945000e+00  -1.4582624e+00  -1.7208467e+00  -1.6138114e+00  -1.5284797e+00  -1.7424224e+00  -1.8438599e+00
   1.7259598e+00   9.7130754e-01   6.6810548e-01   6.1171902e-01   1.7444301e-01  -1.1234514e-02  -4.3146681e-01  -4.5616121e-01  -8.7549432e-01  -1.2037596e+00  -1.2492395e+00  -1.5779095e+00  -1.5358984e+00  -1.4731690e+00  -1.4124741e+00  -1.5888836e+00
   1.9369677e+00   4.8075651e-01   3.4628007e-01   3.5077526e-01   1.2614166e-01   2.7539060e-01  -7.7995886e-01  -7.4596433e-01  -7.0853093e-01  -1.6624132e+00  -1.5492007e+00  -1.3857703e+00  -1.5165809e+00  -1.4568630e+00  -1.7661897e+00  -1.8617096e+00
   2.7017290e+00   1.0198850e+00   4.2449763e-01  -7.4674458e-02  -1.9279721e-03  -8.1520666e-02  -2.1811859e-01  -9.1567106e-01  -7.8555418e-01  -1.1764299e+00  -1.2179088e+00  -1.4808302e+00  -1.5440228e+00  -1.5058785e+00  -1.6457620e+00  -1.7029906e+00
