   2.9852545e+00   9.4126701e-01   3.5568890e-01  -4.0860041e-02  -6.0998398e-01  -8.0280600e-01  -6.4499278e-01  -9.2336286e-01  -1.1511327e+00  -1.2443280e+00  -1.4282473e+00  -1.4646248e+00  -1.4356087e+00  -1.4733715e+00  -1.4583226e+00  -1.4447266e+00
   2.8412397e+00   1.3720276e+00   3.4594972e-01  -1.8022128e-01  -7.7230474e-01  -5.9810203e-01  -8.8589558e-01  -1.0093496e+00  -1.2944319e+00  -1.4514991e+00  -1.7796407e+00  -1.6319504e+00  -1.6346983e+00  -1.7685237e+00  -1.8183570e+00  -1.7167762e+00
   2.9147368e+00   1.1842961e+00  -3.8814212e-02   3.5796671e-02  -5.4577075e-01  -9.4592984e-01  -9.9833838e-01  -1.6084496e+00  -1.8936952e+00  -1.8182747e+00  -1.9741987e+00  -1.8990492e+00  -2.2039226e+00  -2.1985773e+00  -2.1049691e+00  -1.9947879e+00
   3.0030652e+00   1.4684991e+00   1.1790881e-01   1.4990458e-01  -5.4992670e-01  -4.2878238e-01  -5.7052693e-01  -1.1875638e+00  -2.0210641e+00  -2.1090555e+00  -1.9467721e+00  -2.0767185e+00  -1.9645553e+00  -2.0623588e+00  -2.1031099e+00  -2.2624145e+00
   3.0233371e+00   1.4682377e+00   2.3976296e-01   3.7044158e-01  -2.8879422e-01  -5.4410963e-01  -6.2125518e-01  -8.2632031e-01  -9.7027180e-01  -1.0519316e+00  -1.1088167e+00  -1.1031968e+00  -1.1228634e+00  -1.1077279e+00  -1.1159812e+00  -1.0942472e+00
   3.1960684e+00   1.9179942e+00   5.5758164e-01   2.9473181e-01  -4.8863349e-01  -7.9132981e-01  -7.0787794e-01  -1.1759902e+00  -1.1539003e+00  -1.2271589e+00  -1.3377782e+00  -1.3888377e+00  -1.4312689e+00  -1.4365975e+00  -1.3643770e+00  -1.3666525e+00
   2.5446662e+00   1.3335890e+00   5.4711885e-03   3.4451982e-01  -3.5901759e-02  -5.4064628e-01  -7.6220401e-01  -8.2460866e-01  -9.0222829e-01  -9.7295463e-01  -1.0241615e+00  -1.0364350e+00  -1.0406395e+00  -1.0473477e+00  -1.0345187e+00  -9.9736499e-01
   2.7807314e+00   1.4331425e+00  -3.0121333e-01  -1.0649370e-01  -3.2865633e-01  -1.7164303e-01  -7.7571725e-01  -1.3021675e+00  -1.4257187e+00  -1.7425902e+00  -1.8330508e+00  -1.7793271e+00  -1.7115182e+00  -1.8021348e+00  -1.7454115e+00  -1.7316384e+00
   2.8947820e+00   9.1630154e-01  -2.4133871e-01   2.0182648e-01  -6.0120120e-02  -6.1104507e-01  -7.4596924e-01  -1.3593509e+00  -1.5141871e+00  -1.6131937e+00  -1.5958858e+00  -1.6230966e+00  -1.5984334e+00  -1.5980720e+00  -1.5888131e+00  -1.6094336e+00
   3.1132283e+00   1.1393377e+00   1.3487613e-01   1.8108300e-01  -4.2285076e-01  -2.9634471e-01  -3.8684835e-01  -1.7968607e+00  -2.3191737e+00  -1.8563153e+00  -2.3356464e+00  -2.2242983e+00  -2.1122969e+00  -2.4097724e+00  -1.9986279e+00  -2.0531967e+00
   1.9779713e+00   4.5418534e-01   6.5729328e-02   4.0893935e-02  -4.6814501e-01  -6.3293347e-01  -1.0068891e+00  -1.3679276e+00  -1.6719872e+00  -1.4652781e+00  -1.6980316e+00  -1.8734351e+00  -1.8606296e+00  -1.9039866e+00  -1.8698451e+00  -1.7934792e+00
   2.3389372e+00   1.1945166e+00   3.6775629e-01   6.1752949e-02  -5.3980192e-01  -4.6766998e-01  -7.4092349e-01  -1.5274839e+00  -1.6538661e+00  -1.8321315e+00  -2.2949855e+00  -2.3218564e+00  -2.0193371e+00  -2.1896872e+00  -2.3155747e+00  -2.2826177e+00
   2.3834877e+00   1.2212595e+00   3.4703729e-01   2.0827772e-01  -4.0126431e-01  -3.1681650e-01  -8.1109487e-01  -1.3691904e+00  -1.4605211e+00  -1.5923756e+00  -1.9749554e+00  -1.9888544e+00  -1.8634846e+00  -1.9635329e+00  -1.9171036e+00  -1.9500950e+00
   2.7267399e+00   1.5622430e+00   2.8042504e-01   2.4318901e-02  -7.0631640e-01  -5.8678821e-01  -7.9720660e-01  -1.5368290e+00  -1.5178574e+00  -1.5468577e+00  -2.0489502e+00  -2.1847555e+00  -1.9874035e+00  -2.1019252e+00  -2.1104293e+00  -2.2370656e+00
   2.0344035e+00   1.3220445e+00   2.6805578e-01   1.4108911e-01  -3.1656044e-01  -3.3818127e-01  -1.0974982e+00  -1.5741404e+00  -1.9822183e+00  -1.7218793e+00  -1.7772915e+00  -2.1216252e+00  -2.1947530e+00  -2.1725664e+00  -1.9518339e+00  -1.9720634e+00
   2.4359801e+00   1.0618694e+00   8.7371041e-02  -1.1460655e-02  -4.9620345e-01  -2.1221381e-01  -1.0727554e+00  -1.4811814e+00  -1.5580225e+00  -1.3850471e+00  -1.7825407e+00  -1.8107999e+00  -1.7739572e+00  -1.8370463e+00  -1.7785303e+00  -1.7895443e+00
   2.0174825e+00   3.6448298e-01  -3.1354851e-02  -2.0211341e-01  -3.0395610e-01  -5.0697642e-01  -9.2112643e-01  -1.5693739e+00  -1.8406030e+00  -1.6858276e+00  -2.0819523e+00  -2.1424921e+00  -2.3202107e+00  -2.3254040e+00  -2.1776977e+00  -1.9692063e+00
   2.3064112e+00   9.6808325e-01   3.0248677e-02   1.4430691e-02  -9.0022902e-02  -3.5311849e-01  -7.4012900e-01  -1.6570973e+00  -1.8884320e+00  -1.7993785e+00  -1.9153350e+00  -2.4837990e+00  -2.4258446e+00  -2.3839725e+00  -2.3104193e+00  -2.1308662e+00
   1.6863639e+00   8.2130672e-01   4.0702880e-02   3.0876299e-02  -3.6017706e-01  -5.2521426e-01  -6.1614717e-01  -1.4948305e+00  -2.2747043e+00  -2.0106887e+00  -1.8999640e+00  -2.3499886e+00  -2.3491120e+00  -2.3517962e+00  -2.2958450e+00  -2.0772272e+00
   2.2002562e+00   1.0227474e+00   2.5959354e-01   2.7826450e-01  -7.2643099e-01  -7.9318360e-01  -8.6383597e-01  -1.7256763e+00  -1.6828512e+00  -1.7072555e+00  -2.0120029e+00  -2.4947206e+00  -2.4819113e+00  -2.1326221e+00  -2.0426296e+00  -2.0787735e+00
   1.8681352e+00   8.3712414e-01  -3.7693803e-01   8.7609348e-02  -1.7257905e-01  -4.4092641e-01  -9.2438750e-01  -1.8169845e+00  -1.7128530e+00  -1.6579762e+00  -2.0999477e+00  -1.8957810e+00  -2.3561132e+00  -2.1958445e+00  -2.3461869e+00  -2.0364334e+00
   2.7837875e+00   1.2456954e+00   1.5151278e-01   5.6644657e-01   2.2233771e-01  -6.2793201e-01  -6.7265546e-01  -1.4501419e+00  -1.7571964e+00  -1.5509776e+00  -1.8727695e+00  -2.2195902e+00  -2.1237884e+00  -2.0345864e+00  -1.9165528e+00  -1.9990609e+00
   1.7843884e+00   8.0657171e-01   3.9338844e-01   2.1570339e-01  -1.9520158e-01  -7.3137743e-01  -9.6196262e-01  -1.3958875e+00  -1.7888582e+00  -1.6887455e+00  -1.9576933e+00  -2.0799977e+00  -2.1460038e+00  -2.0985476e+00  -2.0550825e+00  -1.9298644e+00
   2.1458339e+00   3.5984850e-01   3.7950090e-02   4.1820679e-02  -2.4703417e-01  -6.0935402e-01  -7.2907738e-01  -1.6995551e+00  -1.7734429e+00  -1.9764575e+00  -2.2920180e+00  -2.2140759e+00  -2.4761555e+00  -2.2171834e+00  -2.1213364e+00  -2.2046396e+00
   2.9131356e+00   1.3204942e+00   4.3647383e-01   2.8215412e-01  -3.7647247e-01  -4.1095077e-01  -4.7869125e-01  -1.0385105e+00  -1.1231197e+00  -1.2069129e+00  -1.2577076e+00  -1.3040808e+00  -1.3278354e+00  -1.3295618e+00  -1.2742689e+00  -1.2627408e+00
   3.2878323e+00   1.3470700e+00   5.2749863e-01   1.9027546e-01  -6.3470666e-01  -5.0781235e-01  -8.2168203e-01  -1.5075997e+00  -1.7248459e+00  -1.8535877e+00  -1.7935915e+00  -1.8411844e+00  -1.8021741e+00  -1.9235228e+00  -1.9353400e+00  -1.7639886e+00
   2.8405974e+00   1.6018688e+00   1.7810367e-01   2.4247843e-01  -2.4850474e-01  -3.9290698e-01  -7.5832412e-01  -1.1581658e+00  -1.2875871e+00  -1.6575731e+00  -1.6161517e+00  -1.6674427e+00  -1.7400312e+00  -1.6889995e+00  -1.6883391e+00  -1.6107877e+00
   2.7069632e+00   1.4020870e+00   2.8412235e-03   1.4365885e-01  -4.6776657e-01  -9.2925254e-01  -6.5368347e-01  -1.6743988e+00  -1.9324119e+00  -2.0837764e+00  -2.1920581e+00  -2.1551610e+00  -2.2754020e+00  -1.9986025e+00  -2.0750878e+00  -2.0867683e+00
   2.4800674e+00   1.2325173e+00   4.4568716e-01   1.1428550e-01  -3.0802650e-01  -5.8265926e-01  -1.0562404e+00  -1.2771320e+00  -1.6669882e+00  -1.5279288e+00  -1.6257553e+00  -1.7236429e+00  -1.7442135e+00  -1.8375774e+00  -1.8372919e+00  -1.6949973e+00
   2.5032003e+00   1.4837944e+00   2.7232465e-01  -2.8838989e-01  -4.5475871e-01  -1.0299776e+00  -1.0108866e+00  -1.4366785e+00  -2.0787941e+00  -1.9601093e+00  -2.1150506e+00  -2.2864553e+00  -2.0195262e+00  -2.3420805e+00  -2.4257466e+00  -2.4316914e+00
   2.5074357e+00   1.2280745e+00   1.3235469e-01   6.2842224e-01  -1.9928143e-01  -9.3595688e-01  -8.1739520e-01  -1.4580631e+00  -1.6064158e+00  -1.6315170e+00  -1.7568767e+00  -1.8678544e+00  -1.7626929e+00  -1.8446988e+00  -1.8429014e+00  -1.8053540e+00
   2.5438496e+00   1.3776320e+00   3.1070350e-01   9.6626986e-02  -8.5713615e-01  -1.1390992e+00  -6.5132928e-01  -1.3367605e+00  -1.4760358e+00  -1.6229131e+00  -1.8520580e+00  -1.9940005e+00  -1.7105099e+00  -1.3158115e+00  -1.6847556e+00  -1.9826378e+00
   2.4109886e+00   1.4242164e+00   4.5646034e-01   2.2058243e-01  -2.4872944e-01  -7.5628973e-01  -8.2291933e-01  -1.2265954e+00  -1.4358040e+00  -1.3681699e+00  -1.5189256e+00  -1.7368393e+00  -1.7370346e+00  -1.3593834e+00  -1.7616066e+00  -1.7273490e+00
   1.5319512e+00   1.3242660e+00   7.3359910e-01   5.4944173e-01  -5.2290924e-02  -2.0730723e-01  -3.3784881e-01  -1.0606542e+00  -1.3499113e+00  -1.3392674e+00  -4.7656741e-01  -7.2817139e-01  -1.4549899e+00  -6.9267319e-01  -1.4535280e+00  -2.2281904e+00
   2.1892820e+00   1.5455705e+00   1.3109965e+00   8.7989677e-01   4.1443911e-02   3.7229067e-02  -3.9943934e-01  -1.4728867e+00  -1.5904568e+00  -1.0815906e+00   1.0922204e-01  -3.3086580e-01  -1.2775653e+00  -5.3074650e-01  -1.1697024e+00  -2.0325631e+00
   2.4260509e+00   1.4614685e+00   8.8573120e-01   9.2003838e-01  -2.0975978e-01   1.6344836e-03  -3.8753365e-01  -1.8889681e+00  -1.8068774e+00  -1.3643799e+00  -4.9743158e-01  -2.7407534e-01  -9.7385359e-01  -1.1179225e+00  -1.3369444e+00  -2.0301286e+00
   2.1182151e+00   1.3662224e+00   1.0305985e+00   9.8236845e-01   3.2020811e-01  -2.3974849e-01  -6.6794704e-01  -1.8683302e+00  -1.4933075e+00  -1.3211893e+00  -1.2207430e+00  -5.4440426e-01  -8.9340194e-01  -1.2645314e+00  -1.4599008e+00  -2.1286503e+00
   2.4803755e+00   1.4318873e+00   7.9306762e-01   8.0097674e-01   2.2586861e-01  -2.3121256e-01  -6.1447987e-01  -2.0839586e+00  -1.8137290e+00  -1.6746977e+00  -1.2753837e+00  -6.5750159e-01  -7.5164986e-01  -1.0424681e+00  -1.1748535e+00  -2.0270817e+00
   2.5504700e+00   1.1910262e+00   4.7252966e-01   2.9664465e-01  -2.4546112e-01  -7.2444086e-01  -5.3261332e-01  -1.1231246e+00  -1.5474982e+00  -1.6853977e+00  -1.4081931e+00  -9.9405770e-01  -6.2725726e-01  -1.3235944e+00  -1.4391526e+00  -1.8582416e+00
   2.9710220e+00   1.8188042e+00   8.9414027e-01   8.1491009e-01   2.9752901e-01  -5.8198874e-01  -9.6694182e-01  -1.5711009e+00  -1.6284334e+00  -1.6873767e+00  -1.5364476e+00  -9.0805577e-01  -4.3060608e-01  -9.5821157e-01  -9.9557158e-01  -1.7815832e+00
   2.9062212e+00   1.7514242e+00   6.1768743e-01   5.5888571e-01  -2.2318722e-01  -3.4502316e-01  -3.1766654e-01  -1.1706858e+00  -1.1615762e+00  -1.1842143e+00  -1.1748839e+00  -8.6857036e-01  -5.0013332e-01  -8.3198015e-01  -9.3943758e-01  -1.4726930e+00
   2.3604774e+00   1.6795256e+00   7.4211782e-01   6.1806024e-01  -1.1137562e-01  -6.6803632e-01  -7.8285204e-01  -1.2229769e+00  -1.3172467e+00  -1.3638557e+00  -1.3503120e+00  -9.6983959e-01  -5.4855113e-01  -1.0221197e+00  -1.1638880e+00  -1.8245993e+00
   1.8286925e+00   1.5023740e+00   7.2768494e-01   6.5605742e-01  -1.5265299e-01  -5.3416249e-01  -4.8815811e-01  -9.6221902e-01  -1.3185813e+00  -1.3355640e+00  -1.2807040e+00  -8.1974729e-01  -5.4028697e-01  -9.0883915e-01  -1.0278538e+00  -1.4754414e+00
   2.6321382e+00   1.6680801e+00   8.5783681e-01   6.8833335e-01  -2.3798401e-01  -7.9918750e-01  -6.0496990e-01  -1.1424943e+00  -1.8216593e+00  -1.8218290e+00  -1.6651237e+00  -1.0465376e+00  -5.7861729e-01  -1.2522507e+00  -1.3955830e+00  -2.3363127e+00
   2.5955402e+00   1.5631797e+00   8.7466793e-01   8.1527710e-01  -2.9241065e-01  -3.0961497e-01  -4.5537801e-01  -1.2356167e+00  -1.4085658e+00  -1.6063715e+00  -1.4228638e+00  -9.0483851e-01  -4.8071660e-01  -9.0999660e-01  -1.1767706e+00  -1.6650005e+00
   3.0042562e+00   1.5173658e+00   9.0050049e-01   1.0042244e+00  -5.6274152e-02  -3.9134386e-01  -7.1791822e-01  -1.3436604e+00  -1.8519671e+00  -1.8155889e+00  -1.5626096e+00  -8.7296351e-01  -6.0417026e-01  -1.0306141e+00  -1.3554510e+00  -1.8497269e+00
   2.6603231e+00   1.7255774e+00   8.4479102e-01   5.3512997e-01  -8.1928825e-02  -3.7778692e-01  -6.5641431e-01  -9.8053374e-01  -1.3026457e+00  -1.1791034e+00  -1.3148377e+00  -8.0020728e-01  -5.3513667e-01  -1.0370597e+00  -1.1057728e+00  -1.3302773e+00
   2.5508283e+00   1.3147591e+00   5.8919050e-01   8.4047734e-01   2.6176665e-02  -4.9187245e-01  -6.4840182e-01  -9.6217994e-01  -1.6711474e+00  -1.6014463e+00  -1.8038366e+00  -9.9436717e-01  -5.9018017e-01  -1.1562413e+00  -1.3896690e+00  -1.9003897e+00
   2.8955019e+00   1.4511730e+00   8.6756864e-01   7.9223552e-01  -3.6931131e-01  -1.5586618e+00  -1.2668154e+00  -1.3673350e+00  -1.6857809e+00  -1.4873468e+00  -1.6369260e+00  -7.6126465e-01  -5.2531415e-01  -1.0706340e+00  -1.3470668e+00  -1.9483809e+00
   2.7156090e+00   1.3999258e+00   8.4754652e-01   1.0388964e+00   2.0556174e-01  -9.3477111e-01  -6.1022648e-01  -1.1030174e+00  -1.4637820e+00  -1.4107425e+00  -1.3718252e+00  -7.8142950e-01  -2.8242014e-01  -7.1119611e-01  -8.6424394e-01  -1.5315011e+00
   1.8203927e+00   1.3578422e+00   9.8434180e-01   1.0509258e+00  -3.3430615e-02  -7.4529037e-01  -4.2130642e-01  -1.3049654e+00  -2.0568636e+00  -1.7721685e+00  -1.5973156e+00  -9.3164906e-01  -6.6062543e-01  -1.0842593e+00  -1.0744125e+00  -2.1524765e+00
   2.2287274e+00   1.3749638e+00   7.8552078e-01   7.8956772e-01  -1.8465435e-01  -5.7239416e-01  -4.9633875e-01  -1.4607106e+00  -1.8098213e+00  -1.9230725e+00  -1.6840456e+00  -1.1833835e+00  -9.9264947e-01  -1.4557830e+00  -1.2045130e+00  -1.8352683e+00
   2.4638754e+00   2.0211588e+00   7.2129409e-01   1.0952843e+00   1.6165415e-01  -2.6086328e-01  -7.4629172e-01  -1.3585504e+00  -2.1898120e+00  -1.8341902e+00  -1.8503727e+00  -1.0434768e+00  -7.3335740e-01  -1.3465005e+00  -1.1050553e+00  -1.9324756e+00
   2.9404160e+00   1.5960662e+00   1.0913810e+00   9.3219686e-01   1.4307810e-01  -1.0856985e-01  -6.0030990e-01  -1.1612084e+00  -1.6381697e+00  -2.0113582e+00  -1.8873659e+00  -9.1064687e-01  -7.0432561e-01  -1.0604890e+00  -1.0194909e+00  -1.9044945e+00
   3.2587562e+00   1.8603901e+00   1.2240582e+00   1.0352746e+00  -1.3585625e-01  -5.7088248e-01  -7.1776202e-01  -1.3842807e+00  -1.8654440e+00  -1.8256795e+00  -1.8290520e+00  -1.2272971e+00  -9.2552571e-01  -1.1494972e+00  -1.2103991e+00  -1.8590021e+00
   2.8395992e+00   1.6049863e+00   4.3215296e-01   7.0014022e-01   9.1046346e-02  -5.9042811e-01  -9.8364785e-01  -1.6664014e+00  -1.7228671e+00  -1.9152061e+00  -1.8330374e+00  -1.2136957e+00  -8.1269702e-01  -1.0658623e+00  -1.2524469e+00  -1.8537589e+00
   2.7936075e+00   1.5844166e+00   4.0810493e-01   6.1724144e-01   1.0152941e-01  -6.3570675e-01  -8.5750092e-01  -9.7860852e-01  -1.2777548e+00  -1.4227247e+00  -1.3349255e+00  -9.8674087e-01  -8.9885663e-01  -9.8939698e-01  -1.1023652e+00  -1.3615304e+00
   2.9442189e+00   2.1354076e+00   7.9041271e-01   8.7349246e-01  -2.7069703e-01  -4.3348832e-01  -6.2350524e-01  -1.3218813e+00  -1.7058852e+00  -1.7585422e+00  -1.8769440e+00  -1.2604714e+00  -1.1172963e+00  -1.2575175e+00  -1.2296339e+00  -1.8186491e+00
   2.6310411e+00   1.8713353e+00   4.8705702e-01   6.0856484e-01   2.0483359e-01  -3.0376784e-01  -7.5257493e-01  -1.2763937e+00  -1.6553637e+00  -2.1549931e+00  -2.0676544e+00  -1.6403589e+00  -1.3770104e+00  -1.6460219e+00  -1.5764111e+00  -1.8401503e+00
   2.9421507e+00   1.1617220e+00   6.3781794e-01   3.9379388e-01   2.1211102e-01  -1.9145668e-01  -1.8407953e-01  -8.8130908e-01  -1.0025810e+00  -1.0780888e+00  -1.1143620e+00  -1.0829803e+00  -8.4609872e-01  -9.4970004e-01  -8.8313687e-01  -1.0865726e+00
   2.9564965e+00   1.8310464e+00   7.6258533e-02   2.4889726e-01  -1.1371309e-01  -7.7425881e-02  -2.0077187e-01  -9.6944685e-01  -1.1217102e+00  -1.1743577e+00  -1.3174726e+00  -1.1781631e+00  -9.9411677e-01  -1.3191729e+00  -1.1717065e+00  -1.2016782e+00
   2.4368594e+00   1.6200641e+00   7.9145066e-01   1.8315423e-01   1.5113257e-02  -4.5752424e-01  -6.4147279e-01  -1.0722585e+00  -1.3684105e+00  -1.4447852e+00  -1.4510105e+00  -1.3150825e+00  -1.0167020e+00  -1.4580179e+00  -1.5227526e+00  -1.4837905e+00
   2.7100718e+00   1.8202312e+00   5.1923745e-01   5.3277311e-01  -5.4126213e-01  -4.3904235e-01  -4.2481506e-01  -1.2892867e+00  -1.5684324e+00  -1.6608746e+00  -1.8896743e+00  -1.5886126e+00  -1.1988758e+00  -1.5349312e+00  -1.6241199e+00  -1.8639273e+00
   1.6055992e+00   1.6828793e+00   8.1454356e-01   4.7003957e-02  -5.4014477e-02  -6.7783538e-01  -1.0541363e+00  -1.3859351e+00  -1.5991521e+00  -1.4982619e+00  -1.5892078e+00  -1.6387189e+00  -1.2265518e+00  -1.5548229e+00  -1.5411164e+00  -1.6848029e+00
   2.4633629e+00   1.9696199e+00   1.0805312e+00   5.9920475e-01  -5.7737445e-02  -4.2104070e-01  -6.2006803e-01  -1.1459766e+00  -1.6288032e+00  -1.6183243e+00  -1.7478258e+00  -1.5415230e+00  -1.4723377e+00  -1.6767314e+00  -1.7604709e+00  -1.7787030e+00
   2.5181454e+00   1.0822148e+00   2.9063940e-01   2.7505679e-01  -1.8349942e-01  -5.2208015e-01  -8.4918290e-01  -1.5237199e+00  -1.4720031e+00  -1.6828944e+00  -2.1120747e+00  -1.7846803e+00  -1.7450985e+00  -1.8367776e+00  -1.7098047e+00  -1.8932431e+00
   2.6826175e+00   1.7562526e+00   2.7279400e-01  -1.1061174e-01  -9.7227888e-02  -7.0775035e-01  -1.1884763e+00  -1.3736266e+00  -1.6706023e+00  -1.7758173e+00  -1.9088977e+00  -1.8483406e+00  -1.7439588e+00  -1.5977347e+00  -1.5029127e+00  -1.8911223e+00
   2.8719869e+00   1.5977150e+00   5.9802482e-01  -1.3242080e-01  -2.1256552e-01  -7.2508490e-01  -9.6796005e-01  -1.1385606e+00  -1.7073532e+00  -1.8071575e+00  -1.8200189e+00  -1.8237582e+00  -1.4601064e+00  -1.7890935e+00  -1.7318754e+00  -1.8513362e+00
   2.3601336e+00   1.7568880e+00   2.8771405e-01  -2.2012314e-01  -3.1232491e-01  -4.9204300e-01  -7.8092814e-01  -1.1497444e+00  -1.5643192e+00  -1.5219185e+00  -1.6560561e+00  -1.5515037e+00  -1.5073654e+00  -1.8407743e+00  -1.7013010e+00  -1.6221445e+00
   2.1853051e+00   1.3332200e+00   1.7577712e-01  -1.0785133e-02  -2.9377428e-01  -3.8764392e-01  -5.5327218e-01  -1.4082806e+00  -1.8520053e+00  -1.7655087e+00  -2.2494906e+00  -1.7687470e+00  -1.4662648e+00  -1.6480819e+00  -1.6353798e+00  -1.8661555e+00
   2.8039080e+00   1.3486294e+00   9.0677418e-02  -4.9791368e-01  -5.0032064e-01  -8.9446039e-01  -3.1009231e-01  -1.6395599e+00  -1.8880987e+00  -2.2574924e+00  -2.2618090e+00  -1.7171419e+00  -2.0214820e+00  -2.2917256e+00  -2.0181069e+00  -2.1782164e+00
   2.2321572e+00   7.4537636e-01  -2.4482860e-01   2.8226753e-01  -3.1047614e-01  -3.6691353e-01  -3.8928225e-01  -1.3562975e+00  -1.4867569e+00  -1.6978998e+00  -1.6679443e+00  -1.6810119e+00  -1.5976184e+00  -1.7121689e+00  -1.7088027e+00  -1.6719071e+00
   2.5763073e+00   1.0461653e+00   3.9681296e-01   2.1773829e-01  -3.3694920e-01  -4.8803036e-01  -1.0541563e+00  -1.7313507e+00  -1.5247170e+00  -1.8766861e+00  -2.1191803e+00  -2.1600806e+00  -2.2678398e+00  -2.0398553e+00  -2.1786387e+00  -1.7995868e+00
   1.8221695e+00   7.7692892e-01  -2.8979274e-01  -8.9264520e-02  -3.3246662e-01  -5.9747584e-01  -1.2259999e+00  -1.3965026e+00  -1.5195231e+00  -1.6321620e+00  -1.5995545e+00  -1.5955265e+00  -1.7170049e+00  -1.6557910e+00  -1.6007845e+00  -1.6092231e+00
   2.0063061e+00   9.4578759e-01   3.3634116e-02  -2.0034440e-01  -4.8109026e-01  -5.7458188e-01  -8.2652762e-01  -1.3587140e+00  -1.6212598e+00  -1.6416803e+00  -1.6964113e+00  -1.7382548e+00  -1.7357226e+00  -1.7376953e+00  -1.7345026e+00  -1.6301921e+00
   2.1494542e+00   9.7232942e-01   5.7573897e-02  -1.0859395e-01  -6.2658419e-01  -5.6826063e-01  -5.2863156e-01  -1.6963083e+00  -1.7762425e+00  -1.7530023e+00  -2.0000435e+00  -2.1600620e+00  -1.9930448e+00  -2.0519781e+00  -1.9371596e+00  -2.3195489e+00
   2.2048296e+00   1.6208185e+00   4.2875925e-02  -7.9538614e-02  -5.6622445e-01  -5.5428614e-01  -7.2837095e-01  -1.1455767e+00  -1.2647563e+00  -1.3099971e+00  -1.3826850e+00  -1.4054138e+00  -1.3875713e+00  -1.3568264e+00  -1.3922238e+00  -1.3344493e+00
   2.3977673e+00   7.6305599e-01   2.1825136e-01  -4.8972923e-01  -7.9616097e-01  -6.9263844e-01  -7.4018277e-01  -1.4923022e+00  -1.5353464e+00  -1.6739037e+00  -1.7919746e+00  -1.7383213e+00  -1.7423270e+00  -1.8251149e+00  -1.8279035e+00  -1.7381990e+00
   2.0567077e+00   9.5488256e-01   4.0391453e-01  -3.1497068e-02  -5.6047921e-02  -2.1064463e-01  -4.2292388e-01  -1.3047047e+00  -1.4524043e+00  -1.5130680e+00  -1.6618135e+00  -1.6838650e+00  -1.8013860e+00  -1.7576402e+00  -1.7947861e+00  -1.7614052e+00
   2.2262842e+00   9.1059973e-01  -4.6114315e-02   2.4481713e-01  -1.5551611e-01  -3.5292457e-01  -9.3779646e-01  -1.6651496e+00  -1.7198070e+00  -1.7719830e+00  -2.2098912e+00  -2.3350828e+00  -2.3412653e+00  -2.2306852e+00  -2.1110741e+00  -1.9982310e+00
   1.7569840e+00   8.4117421e-01  -7.8620360e-02  -3.9534600e-02  -5.3338192e-01  -4.4534354e-01  -1.2730441e+00  -1.4467027e+00  -1.4986190e+00  -1.6890193e+00  -2.2264254e+00  -2.0052766e+00  -2.0542570e+00  -2.0198767e+00  -2.1276501e+00  -1.9643240e+00
   1.7162838e+00   1.1168832e+00  -7.7043995e-03   1.6576087e-01  -5.4725226e-01  -1.1038072e+00  -7.2834047e-01  -1.1178174e+00  -2.0141123e+00  -2.0002014e+00  -2.1626730e+00  -1.7306916e+00  -1.9175465e+00  -2.1773008e+00  -2.0963074e+00  -2.1596750e+00
   1.4189585e+00   5.6423750e-01  -8.2923784e-02  -1.2557257e-01  -7.2211826e-01  -5.9507549e-01  -9.0458647e-01  -1.1539923e+00  -1.5800099e+00  -1.8478451e+00  -2.0146909e+00  -1.9906451e+00  -2.1741501e+00  -2.0786924e+00  -2.0468772e+00  -1.8995969e+00
   2.3292505e+00   6.3252055e-01   4.9343667e-02   1.3948048e-01  -2.7427140e-01  -4.0900519e-01  -4.4651376e-01  -1.6151319e+00  -2.0120189e+00  -2.1313716e+00  -2.0098786e+00  -2.3178012e+00  -2.4857499e+00  -2.2211464e+00  -2.1713351e+00  -2.1442442e+00
   3.0220034e+00   1.1889385e+00  -2.4208478e-01  -6.8853071e-01  -1.3454490e-01  -3.9700573e-01  -7.6883809e-01  -1.6870834e+00  -2.1769399e+00  -2.1196570e+00  -2.0188582e+00  -2.3121646e+00  -2.3433398e+00  -2.5136261e+00  -2.3274898e+00  -2.3335493e+00
   2.6522658e+00   1.2574305e+00   3.2611409e-01  -3.4511406e-02  -1.0138194e-01   4.1397554e-02  -3.0961469e-01  -8.8445615e-01  -1.1278728e+00  -1.0709125e+00  -1.2165515e+00  -1.3032788e+00  -1.3130376e+00  -1.3251633e+00  -1.2420080e+00  -1.2522427e+00
   2.7371098e+00   1.5270082e+00   1.5401469e-01  -2.9935490e-01  -3.6613038e-01  -4.9902606e-01  -1.1185748e+00  -1.7753906e+00  -1.8376508e+00  -1.8837717e+00  -2.3208762e+00  -2.1996332e+00  -2.1486123e+00  -2.3238134e+00  -2.1101723e+00  -2.0690841e+00
   2.6994679e+00   1.0528277e+00   2.6417271e-02  -2.0656537e-02  -2.4868572e-01  -6.2689580e-01  -1.2396860e+00  -1.9050719e+00  -1.7801239e+00  -1.7534057e+00  -1.9332309e+00  -2.3377650e+00  -2.3803525e+00  -2.1116436e+00  -2.2011221e+00  -2.1004465e+00
   2.5348193e+00   1.5186108e+00  -6.5345508e-02   2.5025066e-02  -4.0257314e-01  -5.4936648e-01  -1.1702726e+00  -1.7107553e+00  -1.9517559e+00  -1.7658997e+00  -2.3238181e+00  -2.3989786e+00  -2.1729043e+00  -2.1014198e+00  -2.1854665e+00  -2.1017203e+00
   2.3760836e+00   1.2512088e+00   7.5223179e-01  -9.2208394e-02  -4.3735089e-01  -7.2724438e-01  -1.4238256e+00  -1.7179801e+00  -2.0866980e+00  -1.7444999e+00  -2.2732364e+00  -2.2734263e+00  -2.4663321e+00  -2.2884009e+00  -2.3126789e+00  -2.2279030e+00
   2.8643902e+00   1.3428638e+00   2.9538462e-01  -3.6249807e-01  -4.7806892e-01  -9.0967151e-01  -1.1226932e+00  -1.4909821e+00  -1.6611887e+00  -1.5129195e+00  -1.8684010e+00  -1.9321945e+00  -2.2101993e+00  -2.1802931e+00  -2.0711946e+00  -1.8414026e+00
   2.7638602e+00   9.8181808e-01  -4.4556568e-04   4.2935095e-01  -1.7215166e-01  -7.5028588e-01  -7.1308456e-01  -9.6327084e-01  -1.6659649e+00  -1.6990648e+00  -1.7148774e+00  -1.8593738e+00  -1.9250057e+00  -1.8335093e+00  -1.8638735e+00  -1.7228096e+00
