   2.9854964e+00   1.9282009e+00   1.4116064e+00   9.3502257e-01   3.5419793e-01  -2.1788080e-01  -3.4481373e-01  -1.4384097e-01  -2.7993544e-01  -1.0038969e+00  -1.6220728e+00  -1.5400634e+00  -1.6395525e+00  -1.8542228e+00  -1.8267567e+00  -1.7995535e+00
   2.7562469e+00   1.6950860e+00   1.0612942e+00   5.0590526e-01   1.9075516e-01  -2.5465098e-01  -3.7476051e-01  -3.4957075e-01  -3.4831148e-01  -1.0537617e+00  -1.6799600e+00  -1.3490720e+00  -1.5686325e+00  -1.7258163e+00  -1.5519543e+00  -1.8327604e+00
   2.4555018e+00   1.3045929e+00   4.1470138e-01   2.5103071e-01   3.5931789e-01   1.9885519e-01  -2.5406764e-01  -4.9950536e-01  -6.8367603e-01  -1.1308939e+00  -1.3272609e+00  -1.2605317e+00  -1.4955674e+00  -1.5401223e+00  -1.5815769e+00  -1.7159323e+00
   3.0215488e+00   1.6298357e+00   8.0505779e-01   6.7496055e-01   2.7946385e-01  -8.2447506e-02  -5.1169616e-01  -9.3401078e-01  -7.6530175e-01  -1.1256254e+00  -1.3555125e+00  -1.2442465e+00  -1.5400493e+00  -1.5594061e+00  -1.6964633e+00  -1.8586110e+00
   2.4635398e+00   1.8939269e+00   7.8065929e-01   6.4999537e-01  -3.4127856e-01  -1.0332280e-01  -7.8185717e-02  -4.8638233e-01  -5.9220025e-01  -8.9020883e-01  -1.4319686e+00  -1.5291527e+00  -1.4050962e+00  -1.5783357e+00  -1.7044946e+00  -1.6272693e+00
   2.4151088e+00   1.5847506e+00   4.8087170e-01   3.5643808e-01   2.6868795e-01  -6.1269535e-02  -1.5811491e-01  -4.8159157e-01  -3.0996726e-01  -7.4662886e-01  -1.2384442e+00  -1.2319157e+00  -1.3184945e+00  -1.3639315e+00  -1.6391105e+00  -1.6262409e+00
   2.2069314e+00   1.1277200e+00   1.4021301e+00   1.1430086e+00  -1.6850124e-01   1.9064301e-01  -4.3555736e-01  -6.1272125e-01  -3.9306104e-01  -9.6066791e-01  -1.3550605e+00  -1.1090882e+00  -1.2219507e+00  -1.6556619e+00  -1.5478156e+00  -1.6785177e+00
   2.4098651e+00   1.3405326e+00   9.3678369e-01   6.5496151e-01  -2.4000728e-01   1.2149584e-01  -5.2533262e-01  -6.5956433e-01  -4.8011815e-01  -8.4956939e-01  -1.2111393e+00  -1.2233594e+00  -1.3693274e+00  -1.5120297e+00  -1.2926629e+00  -1.7508208e+00
   2.3552452e+00   1.8164111e+00   1.4476443e+00   6.3377424e-01  -5.0182875e-01  -2.3111482e-01  -4.5356077e-01  -5.0860916e-01  -7.6326521e-01  -1.1045580e+00  -1.4319543e+00  -1.4778580e+00  -1.3430905e+00  -1.7185351e+00  -1.7832054e+00  -1.6651157e+00
   2.1766392e+00   1.4226048e+00   9.0766317e-01   8.8207977e-01   3.8624282e-01   1.8453305e-01  -3.2736411e-01  -6.2907340e-01  -3.8886148e-01  -9.3776069e-01  -1.5127812e+00  -1.5585107e+00  -1.5521430e+00  -1.7505995e+00  -1.6596460e+00  -1.7345034e+00
   2.4813023e+00   1.4865717e+00   8.5857178e-01   6.3653032e-01   3.6151927e-01  -2.3681392e-01  -4.4524677e-01  -2.4628158e-01  -1.4685623e-01  -9.6188664e-01  -1.1195138e+00  -1.5527542e+00  -1.7513395e+00  -1.7078455e+00  -1.5354964e+00  -1.8549891e+00
   2.1448288e+00   1.2004081e+00   7.1105305e-01   1.9840916e-01   1.7729817e-01   2.8203908e-01  -6.7218623e-01  -5.4347536e-01  -7.4496775e-01  -1.0884722e+00  -1.1789297e+00  -1.2624104e+00  -1.2137438e+00  -1.4963831e+00  -1.3676228e+00  -1.5601941e+00
   2.3760664e+00   1.5900575e+00   1.1275956e+00   6.0262729e-01   1.8033490e-01  -3.5721536e-01  -2.0692123e-01  -1.2736375e-01  -6.3211859e-01  -9.2889875e-01  -1.1397858e+00  -1.5182969e+00  -1.4643465e+00  -1.2569300e+00  -1.3406422e+00  -1.6811724e+00
   2.6899384e+00   1.5822841e+00   1.3633870e+00   1.0257035e+00  -3.0692494e-02  -3.5669962e-01  -2.4729658e-01  -6.5170222e-01  -5.1539108e-01  -1.0178838e+00  -1.2083543e+00  -1.2071321e+00  -1.3815676e+00  -1.6787042e+00  -1.6973192e+00  -1.8812562e+00
   2.5640829e+00   1.9911384e+00   1.1872974e+00   9.1420749e-01  -1.9241029e-01  -2.1699766e-01  -3.9698330e-01  -4.8401988e-01  -3.2996280e-01  -7.1321285e-01  -1.0793010e+00  -1.1712977e+00  -1.4350265e+00  -1.5896509e+00  -1.4437723e+00  -1.4746649e+00
   1.9828502e+00   1.2320502e+00   1.2030124e+00   6.8540362e-01   6.1135208e-02   1.6083277e-02   2.8960293e-02  -1.0192994e+00  -6.0801282e-01  -9.1282846e-01  -1.2189317e+00  -1.2047717e+00  -1.6169535e+00  -1.6575288e+00  -1.5566479e+00  -1.6292654e+00
   2.4204035e+00   1.2378705e+00   6.4286640e-01   1.2496563e-01   4.1635101e-01  -2.1406433e-01  -3.5480951e-01  -8.3488368e-01  -8.9890366e-01  -9.3179323e-01  -1.2644942e+00  -1.1109445e+00  -1.3016360e+00  -1.3174121e+00  -1.4035332e+00  -1.3965550e+00
   2.4842763e+00   8.7439806e-01   3.4055912e-01  -2.5483721e-02  -3.4547451e-02   1.1636565e-01  -4.8300703e-01  -9.5735415e-01  -8.4420152e-01  -1.1259778e+00  -1.5051880e+00  -1.4036415e+00  -1.4628109e+00  -1.5963181e+00  -1.7105042e+00  -1.8120212e+00
   2.4096699e+00   1.4482031e+00   3.9083366e-01   4.6946066e-01  -1.3479527e-01   8.7206478e-02  -2.6989071e-01  -5.2521601e-01  -6.0437046e-01  -8.9079968e-01  -1.4620919e+00  -1.4487250e+00  -1.4639202e+00  -1.5516829e+00  -1.4441121e+00  -1.5924303e+00
   2.0123193e+00   9.2268029e-01   1.6551614e-01   6.7082265e-01   3.7916228e-01   1.0623268e-01  -5.9141591e-01  -5.9510387e-01  -4.7570774e-01  -1.0463875e+00  -1.3676501e+00  -1.2246848e+00  -1.5672151e+00  -1.6709933e+00  -1.6878682e+00  -1.7759551e+00
   2.9119966e+00   1.3490827e+00   1.0533760e+00   6.6366598e-01  -1.0680614e-01  -9.1191687e-02  -4.2758516e-01  -5.1733471e-01  -4.6330607e-01  -9.3487323e-01  -1.1762774e+00  -1.3907008e+00  -1.1158890e+00  -1.3532895e+00  -1.3149941e+00  -1.6123233e+00
   2.4417330e+00   1.2092831e+00   8.6224676e-01   1.5158954e-01  -4.6010385e-02   6.5675137e-02  -6.0332511e-01  -8.8122628e-01  -3.2333471e-01  -9.3502877e-01  -1.1524893e+00  -1.3502261e+00  -1.4313718e+00  -1.3990559e+00  -1.3056461e+00  -1.4934153e+00
   2.5991376e+00   1.3121978e+00   9.9895306e-01   2.4384827e-01  -1.3573009e-01  -2.2337140e-01  -7.0457479e-01  -7.5889957e-01  -3.5683171e-01  -9.6893237e-01  -1.1809833e+00  -1.3210762e+00  -1.4480483e+00  -1.5581909e+00  -1.5141455e+00  -1.6597274e+00
   2.7213161e+00   1.9000312e+00   1.1112255e+00   5.6315193e-01   4.8529617e-01   1.0274845e-01  -3.9392035e-01  -8.2374167e-01  -3.2118815e-01  -8.8534925e-01  -8.0482187e-01  -5.1543826e-01  -7.5450642e-01  -8.4648483e-01  -1.3361417e+00  -1.4447505e+00
   3.1757012e+00   1.8550338e+00   1.3024654e+00   5.3072407e-01   5.5534244e-01   2.8508708e-01  -4.0890838e-01  -3.2762240e-01  -4.2947251e-01  -1.2421870e+00  -9.7259517e-01  -1.0878887e+00  -1.0889466e+00  -1.3108087e+00  -1.3856070e+00  -1.5676850e+00
   2.3282549e+00   1.5251200e+00   1.5441245e+00   9.3183903e-01   6.2388883e-01   7.4362777e-02  -4.9230345e-01  -4.4721296e-01  -4.2045550e-01  -6.6182111e-01  -1.5705005e-01  -6.2493988e-01  -9.2843649e-01  -8.0211021e-01  -1.0256404e+00  -1.0338172e+00
   2.1535407e+00   1.2455596e+00   8.9167155e-01   7.9154275e-01   8.5075054e-02  -2.2239962e-01  -5.9480714e-01  -3.2300177e-01  -4.8179928e-01  -7.9539213e-01  -1.2356063e-01  -3.4916400e-01  -8.4813816e-01  -6.2405624e-01  -1.0435015e+00  -1.4206495e+00
   2.4230876e+00   1.5669964e+00   6.4722140e-01   1.3651684e-02  -9.0109067e-02   2.8542093e-01  -3.3047961e-01  -3.6144694e-01  -4.0756114e-01  -1.0795460e+00  -6.1747486e-01  -5.1401153e-01  -7.4108766e-01  -1.0549034e+00  -1.2220307e+00  -1.3606528e+00
   2.6822070e+00   1.3632737e+00   5.1135746e-01  -6.3943169e-01  -4.4015318e-01  -8.7497641e-01  -5.4646160e-01  -6.4243841e-01  -2.3001460e-01  -8.1210817e-01  -1.0566572e+00  -8.7205925e-01  -1.0386504e+00  -1.4348836e+00  -1.4380289e+00  -1.6917233e+00
   1.9312940e+00   1.0449487e+00   6.3062817e-01   5.3710603e-01  -4.9741770e-01  -1.6603532e-01  -2.9335439e-01  -3.8804263e-01  -6.2257666e-01  -1.0464037e+00  -1.1197014e+00  -8.1303437e-01  -8.4455739e-01  -1.4083619e+00  -1.6299110e+00  -1.7952628e+00
   2.0797976e+00   1.4914661e+00   1.0288328e+00   1.0418243e+00   3.9680391e-01   5.8097606e-02  -4.9545246e-01  -4.7593937e-01  -3.9663259e-01  -1.0981358e+00  -1.2778950e+00  -8.9937028e-01  -6.8484288e-01  -1.2850707e+00  -1.6788873e+00  -1.9255924e+00
   1.7675516e+00   1.7420110e+00   8.2695546e-01   1.3669642e+00   3.3447370e-01  -1.4832741e-01  -2.8602841e-01  -3.0895819e-01  -2.2723993e-01  -7.5055603e-01  -1.2490861e+00  -1.0063651e+00  -3.8587015e-01  -9.2952187e-01  -1.2048931e+00  -1.4217403e+00
   1.9911484e+00   1.7398567e+00   1.0074674e+00   1.5669211e+00   5.6828500e-01  -1.6554032e-01  -1.9734203e-01  -2.9841690e-01  -4.2253090e-01  -8.3884437e-01  -1.0489267e+00  -6.0466730e-01  -1.3254111e-01  -9.4610548e-01  -1.2522893e+00  -1.5116906e+00
   2.5341483e+00   1.7193686e+00   1.1849075e+00   1.7186836e+00   2.2030905e-01  -2.2603825e-01  -4.6491195e-01  -3.4793123e-01  -8.1146971e-01  -1.3778415e+00  -9.6912219e-01  -8.6182693e-02   1.3878008e-01  -5.9371961e-01  -1.1203460e+00  -1.4572034e+00
   1.6783232e+00   1.8166079e+00   1.4235944e+00   1.2148417e+00   1.0664657e-01  -4.2208537e-02  -7.3581806e-01  -7.5047606e-01  -6.4562370e-01  -9.0905903e-01  -6.7207369e-01   9.9476834e-02   4.6600757e-01  -1.2340389e-01  -7.7900238e-01  -1.1722582e+00
   2.8027902e+00   2.0020850e+00   1.1320958e+00   9.7431883e-01  -1.9548692e-01  -1.7223359e-01  -4.9471103e-01  -8.4862591e-01  -5.6379199e-01  -7.1738826e-01  -9.6022774e-01  -6.9659760e-02   7.7387770e-01   2.7630106e-01  -4.1947941e-01  -1.3562627e+00
   2.6737701e+00   2.0019231e+00   1.2619484e+00   8.3637354e-01   6.6937873e-02   1.0716833e-01  -1.6841702e-01  -5.0361141e-01  -2.0515361e-01  -1.0664455e+00  -8.1509311e-01   3.2965033e-01   8.0045054e-01   4.1083293e-01  -1.1510238e-01  -1.0187395e+00
   2.4437614e+00   1.8972603e+00   1.4016937e+00   6.3822729e-01   3.0700816e-01  -1.4917548e-01  -8.4750978e-01  -9.6097995e-01  -1.6093612e-01  -7.8612321e-01  -1.0033661e+00   2.6950515e-01   7.1558110e-01   2.9818222e-01  -3.3314554e-02  -7.9454090e-01
   2.8877259e+00   1.6902620e+00   1.0274129e+00   1.1388370e+00   1.4646704e-01   2.3423670e-01  -2.1090166e-01  -5.9064892e-01  -7.2862043e-01  -1.1322746e+00  -9.7727657e-01  -1.3352667e-01   4.5332520e-01   1.0417277e-01  -4.3960636e-01  -8.6741444e-01
   2.2391648e+00   1.8121086e+00   1.2911567e+00   9.2338087e-01  -4.3382864e-02  -2.5981740e-01  -8.5614533e-02  -4.9040153e-01  -7.2670755e-01  -1.1011648e+00  -9.1131559e-01   5.5268341e-02   5.9876295e-01   1.4527985e-01  -2.6708040e-01  -8.5448622e-01
   2.4832128e+00   1.9279116e+00   7.8884501e-01   6.9597002e-01   3.9811088e-03  -9.8922851e-03  -4.7207257e-01  -5.2640760e-01  -6.1472481e-01  -9.1025913e-01  -9.0361501e-01   4.6823777e-02   7.7622262e-01   2.3378571e-01  -1.6451174e-01  -6.2637951e-01
   2.5294722e+00   1.6503326e+00   9.9481021e-01   1.1068605e+00   2.4110093e-01   1.8842169e-01  -1.9793758e-01  -5.3053653e-01  -6.6035764e-01  -9.9658349e-01  -7.4410749e-01   3.5198272e-01   8.8498368e-01   4.0180302e-01   8.5536910e-02  -5.6961282e-01
   2.5785667e+00   1.7298127e+00   9.9448920e-01   6.8085698e-01   1.3315686e-01   2.6798227e-01  -1.2956612e-01  -6.7550417e-01  -9.6554641e-01  -7.6543819e-01  -6.6102786e-01   3.4526627e-01   7.4912405e-01   2.6305866e-01  -1.6483480e-01  -8.4460219e-01
   2.1228149e+00   9.5469697e-01   1.0292289e+00   9.2834378e-02   7.3022236e-01   2.3548163e-01  -6.9120781e-01  -7.8164613e-01  -9.2193069e-01  -1.2542675e+00  -8.1548079e-01   1.6261914e-01   7.1521413e-01   7.5207272e-02  -1.6284953e-01  -6.9161688e-01
   1.6635230e+00   1.4664203e+00   8.4718039e-01   1.8796968e-01   2.8558281e-01   1.8921172e-01  -5.3962150e-01  -7.0815125e-01  -5.8450960e-01  -8.9540458e-01  -8.0321924e-01   9.8620863e-02   7.5722873e-01   2.0256969e-01  -1.1595551e-01  -7.1268742e-01
   1.9621899e+00   6.9580696e-01   7.4175781e-01   1.8824350e-01  -2.3371270e-01   3.3976126e-01  -6.4122898e-01  -6.8743277e-01  -5.0925120e-01  -1.0248697e+00  -8.5454052e-01   5.1469627e-02   6.8323081e-01   1.7063011e-01  -1.0544923e-01  -5.8530892e-01
   2.3798883e+00   1.9570443e+00   1.1142955e+00   4.1254561e-01  -3.2499136e-01  -6.6661975e-03  -2.8343449e-01  -5.0315342e-01  -3.7784879e-01  -1.1176536e+00  -8.6214415e-01   7.2734364e-02   7.5326144e-01   8.6219297e-02  -1.2255164e-01  -8.3342054e-01
   2.8509545e+00   1.9955662e+00   7.0283993e-01   1.7325956e-01   1.8820038e-01   7.1535378e-02  -3.6483127e-01  -7.8184583e-01  -5.9026964e-01  -9.4516024e-01  -1.0290209e+00   1.4926577e-01   6.7540914e-01   2.4679583e-02  -2.7248232e-01  -8.0528443e-01
   2.3418574e+00   1.7648261e+00   1.0869530e+00   1.0790118e+00   6.7250933e-01   1.4570813e-01  -3.1951485e-01  -5.5511307e-01  -6.8923000e-01  -8.9989842e-01  -9.4004056e-01   1.7690803e-01   5.9940605e-01  -5.1934535e-02  -4.1860468e-01  -9.2250461e-01
   2.0243331e+00   1.7540605e+00   7.9053778e-01   4.7306590e-01  -2.4458810e-01  -3.2258041e-01  -4.5444457e-01  -9.7021192e-01  -9.4956328e-01  -7.2035012e-01  -9.0758930e-01   3.8474241e-01   8.1670096e-01   4.1469899e-02  -1.7796795e-01  -5.4745724e-01
   1.9185947e+00   2.3288664e+00   1.2634982e+00   4.9244810e-01  -1.0813078e-01   7.2644716e-02  -3.1899366e-01  -9.5562362e-01  -5.9084291e-01  -1.0684949e+00  -8.3765934e-01   3.2465931e-01   6.4106253e-01  -1.0575733e-01  -3.5154462e-01  -7.2220022e-01
   1.6542730e+00   1.7056222e+00   1.0704405e+00   1.0739772e+00   2.9858264e-01   1.2750660e-01  -3.7490851e-01  -6.0053758e-01  -5.8490717e-01  -9.7336605e-01  -9.1975989e-01   2.5607816e-01   5.3663017e-01  -4.9659022e-02  -3.6600483e-01  -7.8653094e-01
   1.8679086e+00   1.4898216e+00   8.5307475e-01   3.8148804e-01   2.2358232e-01  -4.3742084e-02  -6.8603830e-01  -7.9773304e-01  -4.2086990e-01  -9.3820999e-01  -1.0376640e+00   1.1436513e-01   6.1545880e-01  -2.3004976e-01  -4.1002490e-01  -8.1650601e-01
   2.3966979e+00   1.7289730e+00   6.6893192e-01   5.9218531e-01   1.1020896e-01  -5.9444133e-01  -5.6228041e-01  -6.1147444e-01  -6.2587661e-01  -1.1587793e+00  -1.0291390e+00   3.9712730e-01   5.7270159e-01  -2.1962421e-01  -3.3647789e-01  -7.6786284e-01
   2.7330582e+00   1.7941843e+00   8.4780624e-01   1.8224469e-01   3.1489902e-01   2.1682889e-02   9.7874386e-02  -5.2098745e-01  -5.5454363e-01  -7.4225400e-01  -7.5950424e-01   1.3782143e-01   5.8114709e-01  -4.4477364e-01  -6.9373976e-01  -1.0480952e+00
   2.7145751e+00   2.0170928e+00   1.0763181e+00   6.8109365e-01   6.1986511e-01   4.1467062e-01   3.0353838e-01  -9.5890996e-02  -2.1395522e-01  -6.4640950e-01  -8.7651429e-01   1.4362210e-01   4.5641143e-01  -4.5601028e-01  -6.8204190e-01  -8.8762069e-01
   2.3334424e+00   1.9303718e+00   1.6118283e+00   1.0818290e+00   7.3013703e-02   3.2110384e-01  -2.2629836e-01  -5.9165099e-01  -4.1366826e-01  -8.9236262e-01  -1.0044263e+00   1.3623376e-01   4.2611475e-01  -5.2510436e-01  -7.5104634e-01  -1.1181029e+00
   2.3915711e+00   1.5873132e+00   6.4400741e-01   5.2001041e-01   2.5865710e-01  -1.2683062e-01  -7.4482108e-01  -7.4794679e-01  -7.2361046e-01  -8.8034603e-01  -1.1187041e+00  -1.7045683e-01   2.7919942e-01  -6.9352071e-01  -8.6956767e-01  -1.2402083e+00
   1.7406880e+00   1.9662825e+00   1.0650506e+00   3.4544400e-01   2.5627692e-01  -3.5060921e-01  -6.2250945e-01  -5.9102495e-01  -2.4507808e-01  -1.0404723e+00  -1.0679298e+00  -4.6043844e-02   3.1412012e-01  -5.7839774e-01  -8.3863281e-01  -1.3781002e+00
   2.5150503e+00   1.3816613e+00   6.4799582e-01  -3.8506551e-02   8.9260743e-02  -2.4700296e-01  -8.0918303e-01  -1.0350738e+00  -8.9775569e-01  -1.2485396e+00  -1.3373988e+00  -2.7335723e-01  -1.5726554e-02  -9.6841633e-01  -9.0245995e-01  -1.1194884e+00
   2.3061673e+00   2.0032104e+00   1.0266878e+00   2.5018834e-01   1.7466451e-01   4.0165426e-01   5.3098140e-02  -1.0484754e+00  -1.1557647e+00  -1.1460611e+00  -1.0084766e+00  -5.1987060e-01  -4.2776812e-01  -9.7873157e-01  -8.8311953e-01  -1.2739453e+00
   2.5964093e+00   2.1093776e+00   8.8211296e-01   2.6708579e-01  -6.9670634e-02   1.7215705e-01  -4.0641816e-01  -1.1159901e+00  -5.4145268e-01  -1.0924775e+00  -1.6120435e+00  -7.8717100e-01  -5.3422152e-01  -1.3791068e+00  -1.2292609e+00  -1.6871002e+00
   2.7494876e+00   2.1910294e+00   9.7230121e-01  -3.2465115e-02  -4.5386199e-02  -3.3267787e-01  -6.0910153e-01  -5.8319441e-01  -6.9845696e-01  -1.1868025e+00  -1.2450960e+00  -4.2766555e-01  -4.5490315e-01  -1.0100991e+00  -1.1661865e+00  -1.3805818e+00
   2.8869669e+00   2.1585277e+00   1.0450181e+00   7.1511882e-02   8.9698981e-02   1.1814717e-01  -7.3654443e-01  -9.3188922e-01  -3.9732700e-01  -1.0899433e+00  -1.0761634e+00  -8.6156565e-01  -4.6181838e-01  -1.2360851e+00  -1.4649763e+00  -1.6964161e+00
   2.4433636e+00   1.8970757e+00   1.4218550e+00   5.4435986e-01   7.8470915e-02  -6.7022474e-03  -3.6327410e-01  -7.5885804e-01  -5.4146735e-01  -6.8231892e-01  -1.2147316e+00  -1.0076069e+00  -6.5638120e-01  -1.2938587e+00  -1.2395171e+00  -1.4537115e+00
   2.6907916e+00   2.0288319e+00   1.1763316e+00   9.6757435e-01   3.1716454e-01   8.8900914e-02  -4.2509142e-01  -6.0425158e-01  -1.9140285e-01  -8.6640519e-01  -1.6217600e+00  -1.0421308e+00  -1.0250422e+00  -1.5480963e+00  -1.5696773e+00  -1.6077277e+00
   2.2550096e+00   1.9550319e+00   1.1371368e+00   5.0237827e-01   5.1360454e-02   1.3776017e-01  -4.0223988e-01  -7.8771910e-01  -4.7880559e-01  -1.0476504e+00  -1.5005381e+00  -1.1692568e+00  -1.0285809e+00  -1.5287567e+00  -1.7244936e+00  -1.9096636e+00
   2.4301187e+00   1.4135871e+00   1.0158939e+00   4.4426480e-01  -1.8656152e-01  -2.6197507e-01  -2.1410465e-01  -5.1729662e-01  -4.1515046e-01  -1.1943184e+00  -1.3856223e+00  -1.2682050e+00  -1.1081038e+00  -1.4216663e+00  -1.6629390e+00  -1.6483820e+00
   2.0274856e+00   1.5306561e+00   1.2424400e+00   8.0892868e-01  -4.4731121e-01   2.0917092e-01  -2.6487428e-01  -6.3692091e-01  -7.8729836e-01  -1.2002630e+00  -1.6663788e+00  -1.5013260e+00  -1.4950563e+00  -1.8955983e+00  -1.7585198e+00  -1.7568365e+00
   2.4890913e+00   1.9346176e+00   1.0845636e+00   4.0005268e-01   1.1300153e-01   4.5046243e-01  -3.2946112e-01  -3.2978741e-01  -4.2464743e-01  -1.2690468e+00  -1.4929734e+00  -1.3009131e+00  -1.2068359e+00  -1.5966642e+00  -1.6565283e+00  -1.6829566e+00
   2.7506225e+00   1.6271832e+00   1.0200018e+00   1.4198714e-01   2.4425415e-01   6.8960440e-02  -6.6616838e-01  -8.7329882e-01  -5.6971175e-01  -8.9864672e-01  -1.2684780e+00  -1.2125494e+00  -9.8828169e-01  -1.3699057e+00  -1.2880343e+00  -1.5862499e+00
   1.9206049e+00   1.3545912e+00   1.3512768e+00   7.1547323e-01   2.7253016e-02   7.7999528e-02  -4.8886588e-01  -4.7913202e-01  -2.3014241e-01  -6.3728473e-01  -1.0140259e+00  -8.9625661e-01  -9.7936171e-01  -1.2859536e+00  -1.2772818e+00  -1.3143101e+00
   2.4806346e+00   1.4717026e+00   9.2074330e-01   5.1890843e-01   2.2972573e-01  -1.1038920e-01  -1.8416360e-02  -5.5257025e-01  -5.7878443e-01  -7.9328647e-01  -1.0594440e+00  -1.0793601e+00  -1.1587859e+00  -1.6676802e+00  -1.5588659e+00  -1.6298123e+00
   2.5533947e+00   1.6144100e+00   1.1881765e+00   4.1078941e-01  -3.8329676e-01  -9.2817506e-02  -2.3135195e-01  -7.2123155e-01  -4.3571146e-01  -9.0296752e-01  -1.1398885e+00  -1.1874210e+00  -1.0556772e+00  -1.2289739e+00  -1.2250278e+00  -1.2081412e+00
   2.9201925e+00   1.4057719e+00   8.2148570e-01   8.3042620e-01  -1.4370328e-02  -1.6146455e-01  -3.3253737e-01  -4.1476850e-01  -3.4827848e-01  -1.0025088e+00  -1.5137092e+00  -1.4899998e+00  -1.3771070e+00  -1.5030658e+00  -1.6831779e+00  -1.5223399e+00
   2.8106469e+00   1.4166096e+00   7.1322851e-01   2.0555111e-01   1.6647546e-01   1.8044129e-01  -5.2383988e-01  -5.2637947e-01  -6.9918116e-01  -1.1120578e+00  -1.4861498e+00  -1.5738971e+00  -1.6288592e+00  -1.7974874e+00  -1.5556280e+00  -1.4977128e+00
   2.6520954e+00   1.5575872e+00   1.2548407e+00  -4.8049086e-02  -9.7193764e-02  -1.0967799e-01  -2.4764663e-01  -6.8463815e-01  -4.3423891e-01  -1.0623785e+00  -1.4018426e+00  -1.2803033e+00  -1.2967110e+00  -1.4797676e+00  -1.4325899e+00  -1.6018453e+00
   2.3725827e+00   1.6066469e+00   7.4235105e-01   7.0359072e-02  -2.2811794e-01  -4.5225353e-01  -7.6210359e-01  -4.2485640e-01  -5.8178929e-01  -9.4514139e-01  -1.0964845e+00  -1.1593013e+00  -1.3010230e+00  -1.4129459e+00  -1.4213238e+00  -1.8078801e+00
   2.5989258e+00   1.6456440e+00   9.1205446e-01   2.9184797e-01   4.6500699e-01  -1.2660497e-01  -1.9065734e-01  -5.4711883e-01  -3.8739236e-01  -1.1347286e+00  -1.3955970e+00  -1.4254205e+00  -1.6374106e+00  -1.6307386e+00  -1.6920164e+00  -1.8669435e+00
   2.4109509e+00   2.0574446e+00   6.7848099e-01   4.1605329e-01   4.2827382e-01  -2.1904463e-01  -6.4533996e-01  -4.9677394e-01  -6.2727394e-01  -1.1960361e+00  -1.3314244e+00  -1.3815649e+00  -1.7654358e+00  -1.5054640e+00  -1.7036550e+00  -1.8917920e+00
   2.5213336e+00   1.3366144e+00   7.9873929e-01   5.0915327e-01   1.3554690e-02   3.1474177e-02  -2.8374258e-01  -6.6812813e-01  -6.0168243e-01  -9.8747082e-01  -1.0892636e+00  -1.2888614e+00  -1.3394787e+00  -1.3943775e+00  -1.5072270e+00  -1.5489929e+00
   1.7924395e+00   6.6142480e-01   1.0357339e+00   8.1842618e-01  -2.4039407e-01   6.4146751e-02  -2.5084918e-01  -6.2461075e-01  -6.0057310e-01  -7.8528832e-01  -1.0211987e+00  -1.2351386e+00  -1.3522982e+00  -1.4803416e+00  -1.3255557e+00  -1.5083180e+00
   1.8698164e+00   9.8073377e-01   8.2852532e-01   6.5456216e-01  -8.0341224e-02  -4.7702785e-01  -7.5986473e-01  -8.6330651e-01  -5.4693449e-01  -9.2511270e-01  -1.5583267e+00  -1.3281728e+00  -1.4220240e+00  -1.6220963e+00  -1.7779167e+00  -2.1045119e+00
   2.1670492e+00   1.5439796e+00   1.2994813e+00   7.6112604e-01   3.3897858e-01  -5.7408754e-01  -8.9129426e-01  -4.5008754e-01  -5.9292251e-01  -1.2867732e+00  -1.5580414e+00  -1.5322410e+00  -1.3481468e+00  -1.5032328e+00  -1.5329086e+00  -1.7848263e+00
   2.7222855e+00   1.8332028e+00   5.7134146e-01   9.3765551e-01  -4.9269043e-02   1.1406742e-02  -3.0199586e-01  -3.4866109e-01  -7.8917019e-01  -1.0816161e+00  -1.3901596e+00  -1.4908125e+00  -1.2338395e+00  -1.3222651e+00  -1.5986401e+00  -1.6449786e+00
   2.3057356e+00   1.1563453e+00   9.2201454e-01   5.4226313e-01  -5.7680028e-03  -3.3938583e-01  -7.8184434e-01  -4.9404209e-01  -8.2715352e-01  -9.6264539e-01  -1.1781215e+00  -1.4859863e+00  -1.3325975e+00  -1.3825755e+00  -1.4071105e+00  -1.5244941e+00
   2.3683385e+00   1.8738472e+00   1.2237704e+00   5.3982458e-01  -1.1992308e-01  -1.7087807e-01  -2.4275128e-01  -8.5106534e-01  -5.8472517e-01  -1.0223039e+00  -1.5341414e+00  -1.4309958e+00  -1.5764592e+00  -1.6150238e+00  -1.6593399e+00  -1.7421778e+00
   2.3604061e+00   2.1941094e+00   9.7989416e-01   1.5644562e-01  -4.1476487e-01   2.3428843e-01  -1.9598700e-01  -3.0774440e-01  -4.3335277e-01  -8.3001743e-01  -9.7367700e-01  -9.8155728e-01  -1.1099928e+00  -1.1154210e+00  -1.0721725e+00  -1.0689180e+00
   2.8986580e+00   1.9877010e+00   1.2273291e+00   3.7453479e-01   1.2236144e-01   2.0881965e-01  -2.9445497e-01  -9.9083454e-02  -2.8145564e-01  -1.0612342e+00  -1.3485311e+00  -1.3908309e+00  -1.7285753e+00  -1.7172193e+00  -1.7141510e+00  -1.7722390e+00
   2.7024298e+00   1.5342685e+00   7.0615091e-01   6.3076753e-03   8.0577343e-02  -1.7277225e-01  -4.4390982e-01  -5.9738000e-01  -5.3926869e-01  -6.6355064e-01  -1.2703496e+00  -1.4779533e+00  -1.5260298e+00  -1.3759023e+00  -1.5735253e+00  -1.8967088e+00
   2.1783171e+00   1.2406785e+00   5.2234495e-01   1.4322321e-01  -3.2665185e-02  -4.8891731e-01  -7.6774954e-01  -8.2475551e-01  -7.8435938e-01  -1.2044774e+00  -1.5719593e+00  -1.4079242e+00  -1.5644820e+00  -1.5329108e+00  -1.6274627e+00  -1.7576709e+00
