   2.4324849e+00   1.4388636e+00  -2.7757676e-02   3.4875713e-01  -1.9604277e-01  -3.3478716e-01  -4.8530456e-01  -1.0640274e+00  -1.3312677e+00  -1.3956727e+00  -1.5013393e+00  -1.5716447e+00  -1.5387479e+00  -1.5661197e+00  -1.5313627e+00  -1.4690789e+00
   2.6743894e+00   1.2747539e+00   3.5319784e-02   4.2251839e-03  -9.2168594e-02  -3.0824406e-01  -5.9150028e-01  -1.3971943e+00  -1.9579661e+00  -1.9767798e+00  -2.2341310e+00  -2.2295594e+00  -2.4991855e+00  -2.4055028e+00  -2.1227156e+00  -2.1412937e+00
   2.8252195e+00   1.1907229e+00   3.2564205e-02  -2.3598733e-01  -5.4048244e-01  -1.3883800e-01  -6.5755293e-01  -1.2816542e+00  -1.8348217e+00  -2.1355775e+00  -1.9240737e+00  -2.3013647e+00  -2.2788138e+00  -2.4270319e+00  -2.2847977e+00  -2.1123077e+00
   2.1545898e+00   1.0066869e+00   5.2679393e-01   1.5085521e-01  -3.7364468e-01   1.3364748e-01  -5.7944522e-01  -1.0598197e+00  -1.4889344e+00  -1.6170987e+00  -1.8064220e+00  -1.9634167e+00  -1.8919209e+00  -1.9931750e+00  -1.9772362e+00  -1.9241233e+00
   2.0246898e+00   1.2125249e+00   1.1229870e-01   6.1850401e-02  -4.5828662e-01  -2.9312077e-02  -2.9537753e-01  -1.0083629e+00  -1.3657809e+00  -1.4164254e+00  -1.4298025e+00  -1.4812012e+00  -1.4595460e+00  -1.4758963e+00  -1.4841079e+00  -1.4053100e+00
   3.1460192e+00   7.9133945e-01  -5.1580332e-01  -1.8173614e-01  -6.7996249e-01  -2.3845501e-01  -5.8232977e-01  -1.0907506e+00  -1.5581148e+00  -1.7895392e+00  -1.9024730e+00  -2.0772945e+00  -1.8568196e+00  -1.9163897e+00  -2.0582448e+00  -1.9609257e+00
   2.4583438e+00   1.4927146e-01  -4.8016136e-01  -2.7846106e-01  -3.9458496e-01  -7.7012231e-02  -1.9961152e-01  -1.2531276e+00  -1.4237251e+00  -1.6107773e+00  -1.7033007e+00  -1.8006804e+00  -1.7651013e+00  -1.6293053e+00  -1.5922635e+00  -1.5633094e+00
   2.6404776e+00   1.4216565e+00  -6.6602610e-03  -2.1925233e-01  -4.7568542e-01  -5.3667289e-01  -6.2435055e-01  -1.3134729e+00  -1.3108009e+00  -1.6777617e+00  -2.0197971e+00  -1.9513051e+00  -2.0324267e+00  -2.0087559e+00  -2.1582826e+00  -1.9799601e+00
   2.6228284e+00   1.9866059e+00   4.7077561e-01   1.5996648e-01  -2.9830917e-01  -7.5855419e-01  -1.0091130e+00  -1.1826706e+00  -1.0233260e+00  -1.2977572e+00  -1.4267698e+00  -1.4718543e+00  -1.4361133e+00  -1.4326326e+00  -1.3978631e+00  -1.4366114e+00
   2.6908522e+00   1.1428225e+00   2.6009764e-01   7.2779500e-01  -1.6711897e-02  -5.2336736e-01  -1.1067120e+00  -1.5001180e+00  -1.4532013e+00  -1.7687148e+00  -2.0023184e+00  -2.1521007e+00  -1.9601452e+00  -1.9062369e+00  -1.9965642e+00  -1.9104562e+00
   3.4436152e+00   1.8847645e+00   2.0690823e-01   2.6391555e-01  -3.6214319e-01  -1.1986668e-01  -6.4536940e-01  -1.0752752e+00  -1.2626926e+00  -1.4044740e+00  -1.5837626e+00  -1.6428522e+00  -1.5605502e+00  -1.5842619e+00  -1.6717165e+00  -1.6003425e+00
   2.8126697e+00   1.5038269e+00   3.9888152e-01  -6.3663969e-02  -8.6897657e-01  -1.8611444e-01  -4.4826267e-01  -1.0317095e+00  -1.2105908e+00  -1.3200387e+00  -1.4456855e+00  -1.5898677e+00  -1.5271614e+00  -1.4262850e+00  -1.5122397e+00  -1.4792968e+00
   2.8869297e+00   1.4548561e+00   1.2182757e-01   2.6945211e-01  -5.5774087e-01  -7.1916409e-01  -6.5891240e-01  -1.5357375e+00  -1.4573862e+00  -1.3975668e+00  -1.5175462e+00  -1.6307626e+00  -1.6785481e+00  -1.7844134e+00  -1.7903777e+00  -1.7359166e+00
   2.6676250e+00   1.4320575e+00   1.6017724e-01   1.8487139e-01  -3.6712845e-01  -3.1241388e-01  -5.5506116e-01  -1.2457436e+00  -1.9730192e+00  -1.8626188e+00  -2.2727123e+00  -1.9903941e+00  -2.2259531e+00  -2.5013502e+00  -2.5105388e+00  -2.1167648e+00
   2.8358214e+00   1.3012016e+00   7.7396198e-01  -4.0458195e-01  -6.1759578e-01  -7.5123863e-01  -6.1038459e-01  -1.3332804e+00  -1.0148085e+00  -1.4924236e+00  -2.0754424e+00  -2.1885728e+00  -2.0305323e+00  -2.1007076e+00  -2.0696869e+00  -1.9662983e+00
   2.8355733e+00   1.9813143e+00   1.6283793e-01  -5.1509083e-02  -1.4765522e-01  -3.1160643e-01  -5.5960538e-01  -8.2782211e-01  -9.6560109e-01  -1.1368972e+00  -1.1535755e+00  -1.2069990e+00  -1.1957870e+00  -1.1800540e+00  -1.2194657e+00  -1.1337406e+00
   3.1858687e+00   1.7150909e+00   2.8785408e-01   3.2564381e-01  -2.7123493e-01  -7.3666264e-01  -6.7637656e-01  -1.4484488e+00  -1.4565127e+00  -1.8021448e+00  -1.9163942e+00  -2.0439274e+00  -1.8679988e+00  -1.7750979e+00  -2.0531596e+00  -1.8846176e+00
   2.6347298e+00   6.3743352e-01   4.1378081e-01   5.3235547e-01  -1.5618294e-01  -3.6455091e-01  -4.4409829e-01  -6.8635157e-01  -8.6011851e-01  -9.7059173e-01  -9.7790367e-01  -1.0138443e+00  -1.0387213e+00  -1.0580974e+00  -1.0264361e+00  -9.6071836e-01
   3.3197790e+00   1.9048604e+00   9.8177291e-01   5.8742797e-02  -8.6876712e-01  -6.6124338e-01  -7.9072371e-01  -1.4489918e+00  -1.3201872e+00  -1.6457038e+00  -1.7015237e+00  -2.1091410e+00  -2.1324063e+00  -1.9704480e+00  -2.0843355e+00  -1.9015580e+00
   3.1583070e+00   1.4847216e+00   5.4872042e-01   4.6879889e-01  -2.3408994e-01  -5.0315165e-01  -5.4865213e-01  -9.9717195e-01  -1.2261252e+00  -1.2859562e+00  -1.5275768e+00  -1.6384533e+00  -1.5917467e+00  -1.4727867e+00  -1.6113769e+00  -1.4822436e+00
   2.5449272e+00   1.5753405e+00   8.3234438e-01   3.3963227e-01   2.4761671e-03  -1.5570297e-01  -4.2544090e-01  -7.7179527e-01  -8.5858287e-01  -9.8558169e-01  -1.0248531e+00  -1.0758297e+00  -1.0499323e+00  -1.0680979e+00  -1.0676738e+00  -1.0411218e+00
   2.7115233e+00   2.0195468e+00   1.1730382e+00   2.6232493e-01  -2.2000989e-01  -3.4684127e-01  -9.5930841e-01  -1.5842340e+00  -1.7598812e+00  -2.0238043e+00  -2.1779041e+00  -2.4007931e+00  -2.2227276e+00  -2.3880641e+00  -1.9630326e+00  -1.9682756e+00
   1.9586364e+00   1.7883434e+00   9.5859231e-01  -1.5415744e-02  -9.9073499e-02  -8.7071723e-01  -7.7746297e-01  -1.2682241e+00  -1.5291592e+00  -1.6002502e+00  -1.7197304e+00  -1.6845287e+00  -1.7618978e+00  -1.8258609e+00  -1.8634621e+00  -1.7494304e+00
   3.1853853e+00   1.9637148e+00   6.2044520e-01  -2.0193997e-02  -2.6745158e-01  -1.6604228e-01  -6.5161519e-01  -1.5438640e+00  -1.6407325e+00  -1.6404415e+00  -1.8280171e+00  -1.8328886e+00  -2.0661874e+00  -2.0351379e+00  -1.8854853e+00  -1.8245383e+00
   2.6360894e+00   1.7521918e+00   4.7385495e-01   3.2295876e-01   8.2433765e-02   1.4503559e-01  -4.9820749e-01  -1.1188865e+00  -1.6719115e+00  -1.9130114e+00  -2.0264480e+00  -2.0081140e+00  -1.8348200e+00  -1.9387260e+00  -1.8141302e+00  -1.7790761e+00
   2.7574026e+00   1.8247359e+00   3.8505241e-01   4.1124744e-01  -1.7984880e-01  -2.0515096e-01  -6.2816901e-01  -1.3148781e+00  -1.6706997e+00  -1.8021079e+00  -1.9239076e+00  -1.8629757e+00  -1.8738269e+00  -1.8480432e+00  -1.8146141e+00  -1.7521818e+00
   2.4698003e+00   1.6146670e+00   6.6159219e-01   1.8960611e-01  -3.3229279e-01  -3.2541647e-01  -5.2058570e-01  -1.1739449e+00  -1.4536347e+00  -1.8620667e+00  -1.9820103e+00  -2.1026844e+00  -2.0571526e+00  -2.0342240e+00  -2.0216578e+00  -1.9517512e+00
   2.9317314e+00   1.8172461e+00   6.8347423e-01  -7.7671643e-02  -2.4565863e-01  -3.3350751e-01  -9.0770314e-01  -9.4224262e-01  -1.4238807e+00  -1.6341840e+00  -2.1274661e+00  -2.2580594e+00  -2.2812279e+00  -2.2519626e+00  -2.1611852e+00  -2.1961342e+00
   3.3126828e+00   1.8628022e+00   2.4291691e-01  -3.3698768e-01  -5.3341518e-01  -4.0464662e-01  -1.1454834e+00  -1.3871448e+00  -9.4054216e-01  -1.2824432e+00  -1.6597862e+00  -1.8623692e+00  -1.9441411e+00  -1.7117928e+00  -1.7481932e+00  -1.8327434e+00
   2.8819059e+00   1.4581502e+00   5.2484666e-01   2.2060491e-01   3.3413204e-01   9.6505646e-02  -5.5650897e-01  -8.7864104e-01  -1.4887666e-01  -1.3753100e-01  -9.8348970e-01  -9.2035172e-01  -9.9293037e-01  -7.7862779e-01  -9.5328056e-01  -9.8723230e-01
   2.6470129e+00   1.3536362e+00   4.8222191e-01   1.4751301e-01   3.4586269e-01  -1.7269766e-02  -2.9089145e-01  -6.2933743e-01  -1.3067223e-02   2.3556413e-01  -6.7851457e-01  -5.9640267e-01  -1.0018394e+00  -7.4031316e-01  -1.0399056e+00  -1.0355168e+00
   2.6156783e+00   1.4900045e+00   8.7393953e-01   6.1463964e-01   5.6394357e-01   2.7885202e-01  -6.4060986e-01  -2.5667603e-01   5.5500286e-01   5.9583006e-01  -5.3729396e-01  -6.6396807e-01  -7.0073277e-01  -5.2470533e-01  -1.0537625e+00  -9.0710225e-01
   1.9823022e+00   1.5667489e+00   8.1850440e-01   5.4032937e-01   8.9884902e-01   7.0706915e-01  -6.5847902e-01   5.1486576e-02   7.9775886e-01   6.7212067e-01  -4.7117902e-01  -3.2967623e-01  -6.5706399e-01  -2.8550747e-01  -1.0870337e+00  -1.0858907e+00
   2.2129732e+00   1.8238696e+00   6.4752878e-01   2.0819692e-01   9.3169342e-01   1.1208296e+00   1.0708863e-01   1.9323442e-01   7.7476757e-01   7.3867946e-01  -3.1575921e-01  -3.2080584e-01  -3.8612684e-01  -1.4130123e-01  -8.8421173e-01  -7.1149600e-01
   2.7922323e+00   1.3374641e+00   7.0114223e-01   6.7064385e-01   1.0833238e+00   1.1168903e+00  -3.8983290e-02   3.0263971e-01   1.0726447e+00   9.1827450e-01  -2.4563269e-01   1.8795311e-02  -7.5637927e-02   9.3997374e-02  -5.4847404e-01  -4.8481287e-01
   2.7398681e+00   2.0391044e+00   1.2899474e+00   6.7646209e-01   9.4051395e-01   1.3093238e+00   1.4073535e-01   3.9062618e-01   1.4219315e+00   1.1931045e+00  -1.6957651e-01   2.5402661e-01   2.2877613e-02   2.6835453e-01  -4.1748404e-01  -3.8139801e-01
   2.9310845e+00   1.9965171e+00   7.4263614e-01   7.3046871e-01   1.1811050e+00   1.3637123e+00   2.3131494e-01   5.5452011e-01   1.5707869e+00   1.3940840e+00   4.6877827e-02   4.7568342e-01   1.8210377e-01   3.0121001e-01  -2.9479296e-01  -3.2593668e-01
   2.6180172e+00   1.7670478e+00   6.5817606e-01   7.7452284e-01   1.2313415e+00   1.5645035e+00   4.5619667e-01   5.8585084e-01   1.6200557e+00   1.5781775e+00   7.6624749e-02   4.1701120e-01   2.0573002e-01   1.7410854e-01  -4.6913269e-01  -6.7829040e-01
   3.0984105e+00   2.1113561e+00   8.2270243e-01   9.1456013e-01   1.2455112e+00   1.5283079e+00   5.8549798e-01   5.9148397e-01   1.7121243e+00   1.5896336e+00   3.5799606e-02   3.5751348e-01   3.2941432e-02   9.8457811e-02  -4.8474870e-01  -5.1090342e-01
   2.4547259e+00   1.5132684e+00   8.0639068e-01   7.7556160e-01   1.1397333e+00   1.5055832e+00   8.7361453e-01   8.5678418e-01   1.7774281e+00   1.2545878e+00   1.2160184e-02   4.6728798e-01  -2.6639127e-01  -2.1648244e-01  -9.0974564e-01  -6.2101314e-01
   2.6459427e+00   1.8000758e+00   6.9783730e-01   5.6392174e-01   1.1816571e+00   1.5677020e+00   8.1557284e-01   1.1030241e+00   1.7081303e+00   8.2001393e-01   6.3163715e-02   4.5036002e-01  -3.0352708e-01   7.3102102e-02  -3.9261739e-01  -4.5417419e-01
   2.7677959e+00   1.9347124e+00   4.1958967e-01   4.8909217e-01   1.0477500e+00   1.5801037e+00   3.5503988e-01   7.6847653e-01   1.6686604e+00   8.6078514e-01  -1.7616959e-01   3.5773234e-01  -3.9390268e-01  -2.6432935e-01  -8.3557308e-01  -7.4098542e-01
   2.9013169e+00   2.0412101e+00   8.6193894e-01   5.7078573e-01   9.8726759e-01   1.5688205e+00   5.2822818e-01   7.1642786e-01   1.6866665e+00   6.5980355e-01  -2.1607034e-01   2.4628073e-01  -5.2897992e-01  -2.6496746e-01  -9.8516691e-01  -7.6318778e-01
   3.2632914e+00   1.8627664e+00   6.2987828e-01   6.3738230e-01   1.1779262e+00   1.5380272e+00   4.1924287e-01   9.0721162e-01   1.6260221e+00   5.1888692e-01  -1.2142770e-01   2.2882949e-01  -4.5958699e-01  -2.4625017e-01  -9.5787307e-01  -7.3930956e-01
   2.3617455e+00   1.2486264e+00   1.4718284e-01   6.7722203e-01   1.1797492e+00   1.4504084e+00   4.9267128e-01   9.0852069e-01   1.4223944e+00   7.3589988e-01  -1.2425055e-01  -5.4428711e-02  -6.5586311e-01  -7.1835714e-01  -1.3309871e+00  -7.7142521e-01
   3.0589084e+00   1.9979636e+00   6.1808581e-01   8.6659153e-01   1.3396496e+00   1.7293836e+00  -4.9549463e-03   4.1981815e-01   1.2846113e+00   6.9049024e-01  -5.5476902e-01  -2.0142144e-01  -7.4621535e-01  -7.7193015e-01  -1.2203951e+00  -1.1385632e+00
   2.5804953e+00   1.5568071e+00   6.2887618e-01   6.6614338e-01   1.2510285e+00   1.6032730e+00   9.5410220e-02   8.7628313e-02   1.2077272e+00   5.6508143e-01  -8.9633815e-01  -4.4820632e-01  -8.7566257e-01  -1.1528885e+00  -1.5832578e+00  -1.5652322e+00
   2.7724455e+00   1.4577188e+00   2.6554022e-01   7.2497032e-01   1.4600580e+00   1.5004636e+00   2.4787066e-01   9.5638673e-02   7.3918260e-01   2.7893045e-01  -9.5875632e-01  -8.8566681e-01  -1.4569724e+00  -1.3906987e+00  -1.5337739e+00  -1.1763964e+00
   2.7387207e+00   1.6478982e+00   4.7086422e-01   6.2400153e-01   1.6808276e+00   1.0217445e+00  -2.8511842e-01   9.4600606e-02   5.9548437e-01  -2.1313506e-01  -1.2354929e+00  -1.0920153e+00  -1.5729981e+00  -1.5649145e+00  -1.6319331e+00  -1.2384353e+00
   2.8862903e+00   1.7141598e+00   5.7301255e-01   6.4861052e-01   1.5812681e+00   3.0114496e-01  -4.1240081e-01  -1.3592390e-01   1.9562795e-01  -2.3698505e-01  -1.2660535e+00  -1.3611485e+00  -1.3451853e+00  -1.2827148e+00  -1.3183978e+00  -1.1929958e+00
   1.8396975e+00   1.7074563e+00   7.3003016e-01   1.3693900e-01   1.0092378e+00   1.9764743e-01  -3.4606956e-01  -2.5452539e-01  -3.3552281e-02  -6.4791076e-01  -1.7569410e+00  -1.8190403e+00  -1.9594392e+00  -1.6838571e+00  -1.6635330e+00  -1.3458748e+00
   2.4989816e+00   1.8595028e+00   7.3084193e-01   1.0545943e-01   1.0173507e-01  -1.4093954e-01   3.3430312e-02  -7.9994838e-01  -5.7431363e-01  -1.2084067e+00  -1.8586557e+00  -1.8588402e+00  -1.6090426e+00  -1.6363276e+00  -1.7118811e+00  -1.4695343e+00
   2.6938359e+00   1.9365158e+00   4.1287531e-01   1.2255134e-01   2.0758376e-01  -8.8580530e-02  -8.1185123e-02  -7.0762871e-01  -8.9276174e-01  -1.1971664e+00  -1.2707834e+00  -1.2974336e+00  -1.1642553e+00  -1.2015030e+00  -1.2728701e+00  -1.2204284e+00
   3.0385346e+00   2.0753626e+00   1.0838144e+00   1.3587743e-01  -9.1341131e-03  -2.7009303e-01  -4.5981308e-01  -1.0138821e+00  -1.1268138e+00  -1.4870607e+00  -1.8411150e+00  -1.6314191e+00  -1.5811976e+00  -1.4671558e+00  -1.6885687e+00  -1.5294164e+00
   2.6343351e+00   1.3314655e+00   7.6093642e-01   1.3630423e-01  -1.8120152e-01   1.2186590e-01  -5.1705106e-01  -1.2819330e+00  -1.2750975e+00  -1.6827420e+00  -1.7843982e+00  -1.6374977e+00  -1.5209871e+00  -1.1696186e+00  -1.4929063e+00  -1.1364740e+00
   2.2586453e+00   1.1905602e+00   6.3534220e-01  -1.1324927e-01  -6.1528594e-01  -9.0335368e-02  -7.6585900e-01  -1.3181693e+00  -1.4553879e+00  -1.4309336e+00  -1.6864970e+00  -1.6983308e+00  -1.4795686e+00  -1.1794975e+00  -1.3230793e+00  -9.5958178e-01
   1.8442536e+00   1.4564236e+00   9.4523889e-02  -2.9658489e-01  -6.5906167e-01  -8.6898693e-01  -6.3674144e-01  -1.2396895e+00  -1.6103800e+00  -1.4900310e+00  -1.8531147e+00  -1.9079800e+00  -1.6983246e+00  -1.1989385e+00  -1.4483962e+00  -1.1501585e+00
   2.7127528e+00   1.5620175e+00   5.4616467e-01   1.8232299e-01  -7.6853859e-01  -1.0106790e+00  -1.0706466e+00  -1.6863871e+00  -1.7651696e+00  -2.0050873e+00  -2.1963627e+00  -1.9576803e+00  -1.6191311e+00  -1.1938191e+00  -1.4858767e+00  -1.4815964e+00
   2.6278946e+00   1.3813817e+00   4.7984022e-01  -2.4590982e-01  -3.0822947e-01  -5.3048864e-01  -1.0888734e+00  -1.3801979e+00  -1.7228950e+00  -1.8622435e+00  -1.9184599e+00  -1.9409667e+00  -1.8237085e+00  -1.3029012e+00  -1.6262587e+00  -1.4609947e+00
   2.3041009e+00   1.1200364e+00   4.9509744e-01  -7.2161962e-01  -6.3556468e-01  -3.4588219e-01  -3.9618748e-01  -1.2158203e+00  -1.7010784e+00  -1.9047902e+00  -1.7207626e+00  -1.7474925e+00  -1.3428366e+00  -1.3024454e+00  -1.5513556e+00  -1.4625019e+00
   1.5879462e+00   9.6865763e-01  -2.2247050e-01  -1.6699544e-01  -5.1219809e-01  -1.3025551e-01  -3.2864292e-01  -1.0861174e+00  -1.2199748e+00  -1.2475209e+00  -1.3520291e+00  -1.4115533e+00  -1.3288377e+00  -1.2052130e+00  -1.1565212e+00  -1.2052829e+00
   2.4837274e+00   1.2789976e+00   5.7002807e-01  -3.1547260e-02  -3.1001280e-01  -2.2467837e-01  -5.6927700e-01  -1.5242878e+00  -1.4584480e+00  -2.0558300e+00  -2.1011733e+00  -2.2080174e+00  -1.6755851e+00  -1.4116112e+00  -1.5981197e+00  -1.3713237e+00
   2.2957750e+00   1.3743483e+00   6.5059084e-01  -2.2207958e-01  -5.5402105e-01  -7.2784729e-01  -9.9127476e-01  -1.2621623e+00  -1.4145074e+00  -2.2474842e+00  -2.5670085e+00  -2.0183303e+00  -1.7631672e+00  -1.5110250e+00  -1.5484842e+00  -1.6463742e+00
   2.2314528e+00   1.1248478e+00   7.9078008e-01   2.0467995e-01  -1.8689201e-01  -5.7059876e-01  -5.2693528e-01  -1.0544820e+00  -1.5302838e+00  -1.8013300e+00  -1.9586719e+00  -1.8245066e+00  -1.6775115e+00  -1.2918412e+00  -1.3687409e+00  -1.3541308e+00
   2.8111216e+00   1.5197757e+00   1.8554002e-01   3.5445166e-01  -4.5906366e-01  -6.1842900e-02  -9.5284956e-01  -1.4434824e+00  -1.6270800e+00  -1.4154174e+00  -2.0897506e+00  -2.1383675e+00  -1.5125914e+00  -1.0484574e+00  -1.4472447e+00  -1.3499271e+00
   2.7763260e+00   1.2982980e+00   2.3546998e-01  -1.0061554e-01  -4.0882313e-01  -3.3676480e-02  -8.0022953e-01  -1.3588101e+00  -1.2815954e+00  -1.4632288e+00  -1.8081042e+00  -1.7664836e+00  -1.3082560e+00  -1.0946199e+00  -1.5443002e+00  -1.3077356e+00
   1.8405168e+00   7.3683034e-01   2.1782501e-01   1.6671114e-01  -4.7078571e-01   4.3579949e-03  -4.9148741e-01  -1.2570961e+00  -1.4993383e+00  -1.7995660e+00  -2.0693330e+00  -2.0295661e+00  -1.7500969e+00  -1.4280783e+00  -1.7195381e+00  -1.3378310e+00
   2.2168409e+00   1.1203203e+00   7.0306065e-02  -1.2315075e-01  -3.5014242e-01  -3.3401011e-01  -5.3739642e-01  -1.2095824e+00  -1.4211036e+00  -1.8542155e+00  -2.2315929e+00  -2.0558132e+00  -1.6015042e+00  -1.1037141e+00  -1.2678349e+00  -1.2478598e+00
   2.5179564e+00   1.2926227e+00   2.5022203e-01  -2.5332033e-01  -5.3636827e-02  -2.1224913e-01  -4.1657254e-01  -1.4384570e+00  -1.6453694e+00  -1.9737222e+00  -2.1955813e+00  -2.0553720e+00  -1.5564409e+00  -1.2884641e+00  -1.5778666e+00  -1.6296730e+00
   2.3602121e+00   1.6148171e+00   4.4436277e-01  -5.8465573e-02   6.5424608e-02  -6.2451035e-01  -9.9482167e-01  -1.4214130e+00  -1.7336201e+00  -1.7017503e+00  -2.0069651e+00  -1.9485899e+00  -1.7803035e+00  -1.3644251e+00  -1.8287634e+00  -1.5173794e+00
   2.3811177e+00   1.6483108e+00   4.9360216e-01  -4.4380680e-01  -3.6399681e-01   5.4620414e-02  -6.1424444e-01  -1.4317316e+00  -1.9693069e+00  -1.8481863e+00  -1.7985510e+00  -1.8496185e+00  -1.7579548e+00  -1.6474769e+00  -1.7215983e+00  -1.5292252e+00
   2.8403422e+00   1.4888708e+00   6.7091655e-01  -2.0532241e-01  -4.0042751e-01  -4.1252646e-01  -1.0685216e+00  -1.6090461e+00  -1.6864203e+00  -1.6842675e+00  -1.7845528e+00  -1.8568994e+00  -1.8003872e+00  -1.5211552e+00  -1.7078398e+00  -1.5293261e+00
   3.3810477e+00   1.9211306e+00   2.6884948e-02  -2.3066008e-01  -4.6938853e-01  -4.0074024e-01  -6.2275995e-01  -1.5667265e+00  -1.9663765e+00  -2.1063117e+00  -2.3619238e+00  -2.1958720e+00  -2.1852911e+00  -1.6752277e+00  -1.9563440e+00  -1.9358451e+00
   2.9473454e+00   1.4983911e+00   7.9607956e-01   7.5157480e-02  -6.8991166e-01  -5.3001070e-01  -6.0701281e-01  -1.2842585e+00  -2.0670283e+00  -1.9961249e+00  -2.1337786e+00  -2.2511050e+00  -1.9201611e+00  -1.4772024e+00  -1.7559545e+00  -1.7783321e+00
   2.5516465e+00   1.2264768e+00   4.0094509e-01  -2.9899850e-02  -4.8807330e-01  -4.9747958e-01  -8.4519182e-01  -1.3036155e+00  -1.9262907e+00  -2.2406895e+00  -2.0576810e+00  -2.3287884e+00  -1.8909143e+00  -1.7710622e+00  -2.0734037e+00  -1.9180435e+00
   3.0693234e+00   1.5211348e+00   3.6479107e-01   1.2705900e-01  -1.1400147e-01  -5.8583201e-01  -8.2493257e-01  -1.1610897e+00  -1.5820011e+00  -1.6075241e+00  -1.6138584e+00  -1.6999441e+00  -1.6005522e+00  -1.5202734e+00  -1.6690486e+00  -1.6806314e+00
   2.4831561e+00   1.5240158e+00   2.4887500e-01  -3.9063217e-01  -2.1979956e-01  -5.7300382e-01  -9.6296050e-01  -1.2480538e+00  -1.3982864e+00  -1.5273414e+00  -1.6904398e+00  -1.6737072e+00  -1.6786505e+00  -1.6001058e+00  -1.6656092e+00  -1.6467011e+00
   2.5394672e+00   1.6108202e+00   2.6333654e-01  -2.5480766e-01  -5.9628269e-01  -4.7554886e-01  -6.6641867e-01  -1.3515348e+00  -1.4160143e+00  -1.7167576e+00  -1.9016663e+00  -1.7468425e+00  -1.8588378e+00  -1.9500561e+00  -1.8935504e+00  -1.7798337e+00
   2.4158361e+00   6.8800086e-01   1.9133258e-01  -4.2994757e-01  -6.0192441e-01  -3.8051696e-01  -4.4708948e-01  -1.1841613e+00  -1.2696915e+00  -1.4806722e+00  -1.6200166e+00  -1.6729704e+00  -1.8110429e+00  -1.8740933e+00  -1.7365974e+00  -1.7567963e+00
   2.9104603e+00   6.9794391e-01   6.6741300e-02   3.7839661e-01  -4.6473079e-02  -2.2294136e-01  -6.4789128e-01  -1.3934836e+00  -1.8527225e+00  -2.1291563e+00  -2.1560039e+00  -2.4019526e+00  -2.2361301e+00  -2.2710132e+00  -1.9237061e+00  -1.9615685e+00
