   1.3328018e+00   6.5941619e-01  -2.7744866e-01  -1.6151371e-03  -4.4828760e-01  -1.0831817e+00  -1.5456246e+00  -1.4729712e+00  -1.9690647e+00  -1.1843209e+00  -1.0393980e+00  -1.7198854e+00  -1.5750197e+00  -1.3698417e+00  -1.5495639e+00  -1.1981578e+00
   1.1928561e+00   5.1036651e-01  -5.9973809e-01  -1.0973508e-01  -3.5119213e-01  -1.1582349e+00  -1.5992967e+00  -1.6772476e+00  -2.0493690e+00  -1.3469155e+00  -1.0085588e+00  -1.7600160e+00  -1.7250624e+00  -1.6111156e+00  -1.6745237e+00  -1.2527896e+00
   7.6524101e-01  -4.7823229e-02  -1.3486403e-01   3.9770446e-01   2.9415150e-02  -9.5398334e-01  -1.3762404e+00  -1.6189551e+00  -1.5653839e+00  -9.8659787e-01  -7.7872831e-01  -1.7284455e+00  -1.6931843e+00  -1.5074739e+00  -1.2994499e+00  -1.1125836e+00
   1.3288565e+00   2.8338409e-01  -7.5721812e-02   4.0626210e-01  -1.5448312e-02  -9.1910744e-01  -1.3552431e+00  -1.5488864e+00  -1.3040684e+00  -1.1733670e+00  -1.0618954e+00  -1.6063459e+00  -1.6136230e+00  -1.4903325e+00  -1.3537628e+00  -1.4574821e+00
   7.4164446e-01  -4.8896880e-02  -2.9984662e-01   3.5667796e-01  -1.0601269e-01  -1.6760035e+00  -1.6284210e+00  -1.9598380e+00  -1.9035487e+00  -1.1599644e+00  -8.5461314e-01  -1.6960778e+00  -1.7590322e+00  -1.5866173e+00  -1.4025179e+00  -1.2511722e+00
   5.5260969e-01  -1.7656577e-01  -4.5771533e-02  -4.6287941e-01  -6.5918518e-01  -1.3748166e+00  -1.4483038e+00  -1.6313249e+00  -1.3010346e+00  -1.1236826e+00  -9.1662611e-01  -1.8556007e+00  -1.5370618e+00  -1.6840063e+00  -1.2591705e+00  -1.2321082e+00
   3.0406769e-01  -6.7565368e-02  -3.7269188e-01  -1.1282309e-01  -4.2327391e-01  -1.0616091e+00  -1.6081705e+00  -1.6971691e+00  -1.6450923e+00  -1.2650183e+00  -1.0499881e+00  -1.7000775e+00  -1.7410248e+00  -1.6256414e+00  -1.5793181e+00  -1.2992345e+00
   4.8146555e-01   5.3725171e-01  -1.0678997e-01   1.4987546e-01  -1.3809562e-01  -9.4902841e-01  -1.1649397e+00  -1.7301724e+00  -1.7617971e+00  -1.3382072e+00  -1.0398409e+00  -1.9256929e+00  -1.6772970e+00  -1.9134911e+00  -1.3858482e+00  -1.2542438e+00
   6.0898289e-01   5.2362363e-01  -3.2636919e-01   5.9875580e-01  -1.6645931e-01  -8.1633953e-01  -8.7027319e-01  -1.4842817e+00  -1.2311510e+00  -1.2220104e+00  -9.5134547e-01  -1.8852349e+00  -1.5939094e+00  -1.9661783e+00  -1.7367810e+00  -1.4043547e+00
   1.3432604e+00   7.3890767e-01   6.1904522e-02   8.4520195e-01   5.6647607e-02  -1.0502729e+00  -1.2324541e+00  -1.7065743e+00  -1.3440386e+00  -1.0230972e+00  -9.2861433e-01  -1.9337738e+00  -1.9995727e+00  -1.7921541e+00  -1.6578754e+00  -1.5502397e+00
   8.8796659e-01   3.6015594e-01  -2.4433157e-01   7.2091267e-01   1.2417065e-01  -1.3768779e+00  -1.7817006e+00  -1.8826162e+00  -1.3644681e+00  -1.1674262e+00  -1.0639230e+00  -1.7086491e+00  -1.4630298e+00  -1.6357379e+00  -1.5566170e+00  -1.3815526e+00
   8.4848044e-01   1.0087522e-01  -1.7964348e-01   4.4689645e-01  -7.8438432e-02  -8.1959799e-01  -1.3674099e+00  -1.5606390e+00  -1.5070818e+00  -1.4011857e+00  -1.1567982e+00  -1.7958046e+00  -1.6811436e+00  -1.4975616e+00  -1.4646694e+00  -1.4640828e+00
   1.1441966e+00   1.4528256e-01  -5.9880631e-01   3.1227686e-01   5.0562121e-02  -1.1267002e+00  -1.3181546e+00  -1.8932534e+00  -1.8202444e+00  -1.2024406e+00  -7.9310871e-01  -1.4094150e+00  -1.7304981e+00  -1.6624532e+00  -1.5558263e+00  -1.3870746e+00
   7.5840265e-01   4.7594184e-01  -7.4556896e-01   2.8170114e-01  -3.6145839e-01  -1.3554171e+00  -1.1277475e+00  -1.5483607e+00  -1.7231950e+00  -1.3021017e+00  -1.2121189e+00  -1.6759634e+00  -1.8487795e+00  -1.6707017e+00  -1.8673706e+00  -1.5992903e+00
   1.4142870e+00   5.2987755e-01  -3.3536857e-01   4.7636153e-02  -8.8931404e-02  -9.0736205e-01  -1.5613248e+00  -1.7758993e+00  -1.9650999e+00  -1.2178539e+00  -1.1954710e+00  -2.0294300e+00  -1.5830883e+00  -1.6751044e+00  -1.8329512e+00  -1.4031300e+00
   1.1023936e+00   3.0299081e-01  -7.4529862e-01   6.3284995e-01   3.5845189e-03  -1.2124290e+00  -1.7015895e+00  -1.9966536e+00  -1.8678013e+00  -1.3965803e+00  -1.0807613e+00  -2.0287563e+00  -1.7586890e+00  -1.7183539e+00  -1.7684211e+00  -1.4001617e+00
   1.2029088e+00   1.9420093e-01  -4.6072461e-01   1.9642295e-01  -2.6346921e-01  -1.5191686e+00  -1.7246930e+00  -1.7216828e+00  -1.7884658e+00  -1.3523326e+00  -1.0728313e+00  -1.7075055e+00  -1.7019705e+00  -1.3961541e+00  -1.4569301e+00  -1.3648811e+00
   1.2753334e+00   3.5841336e-01  -8.0271403e-01  -2.0718801e-01  -4.7861999e-01  -1.2300933e+00  -1.5586364e+00  -2.0302852e+00  -1.5717106e+00  -1.3668734e+00  -1.1257007e+00  -2.1346994e+00  -2.1297135e+00  -1.6866927e+00  -1.4755233e+00  -1.4612596e+00
   1.6404720e+00   6.7363436e-01  -5.1431829e-01   4.6131084e-02  -4.0134169e-01  -9.6116301e-01  -1.4680057e+00  -2.2694927e+00  -1.7992030e+00  -1.2488715e+00  -1.2737563e+00  -1.5536004e+00  -1.5315478e+00  -1.5868560e+00  -1.3955869e+00  -1.4643999e+00
   6.4506765e-01  -6.6831963e-02  -3.0803669e-01   5.6022336e-01  -2.5827295e-01  -1.3244274e+00  -1.2997695e+00  -1.7567658e+00  -1.4682112e+00  -1.1998528e+00  -1.0122576e+00  -1.5000625e+00  -1.3204249e+00  -1.4412158e+00  -1.5033973e+00  -1.1952740e+00
   1.2160117e+00   2.8319486e-01  -4.5753382e-01   2.6365101e-01  -1.1356817e-01  -1.3195678e+00  -1.1650429e+00  -1.5749211e+00  -1.6694479e+00  -1.1048578e+00  -1.0203289e+00  -1.7848115e+00  -1.6982732e+00  -1.5601802e+00  -1.6007062e+00  -1.5188712e+00
   1.0494719e+00  -3.6361089e-01  -3.1591857e-01   1.6478777e-01  -1.8250269e-01  -1.2797451e+00  -1.2205932e+00  -1.8700387e+00  -1.5798438e+00  -1.0353056e+00  -8.2831320e-01  -1.5911096e+00  -1.8421085e+00  -1.7276433e+00  -1.5818574e+00  -1.3314031e+00
   3.5222865e-01   1.2253650e-02  -4.2316486e-01  -2.7231080e-02  -4.5812170e-01  -7.6991218e-01  -1.1516120e+00  -1.4228734e+00  -1.7817057e+00  -1.0287394e+00  -8.1083420e-01  -1.4232717e+00  -1.4992830e+00  -1.5517069e+00  -1.4967364e+00  -1.2852962e+00
   5.7575306e-01  -2.5898308e-01  -5.5874510e-01   1.4095239e-02  -3.0862745e-01  -8.2490506e-01  -1.1527685e+00  -1.1020860e+00  -1.5230681e+00  -1.2383062e+00  -1.1016771e+00  -1.7531742e+00  -1.4637619e+00  -1.4722531e+00  -1.7249041e+00  -1.1869235e+00
   1.3387721e+00   2.8831847e-01  -8.3235233e-01   4.6302058e-01   1.2764907e-01  -8.6315274e-01  -1.6669021e+00  -1.4984945e+00  -1.2262465e+00  -8.6791482e-01  -9.5253569e-01  -2.0382882e+00  -1.9471405e+00  -1.7537675e+00  -1.4706797e+00  -1.2232086e+00
   1.3808961e+00   2.3120633e-01  -4.8173813e-01   2.0474372e-01   1.2011456e-01  -1.2735113e+00  -1.4130845e+00  -1.8895402e+00  -1.6897228e+00  -1.4705695e+00  -1.0842412e+00  -1.6371151e+00  -1.4658755e+00  -1.4780764e+00  -1.4864567e+00  -1.1846045e+00
   8.9269661e-01   4.2027258e-01  -1.9912986e-01  -2.2170109e-01  -4.5028817e-01  -5.5166449e-01  -1.5239554e+00  -1.6203195e+00  -1.4269826e+00  -1.2713357e+00  -1.0300830e+00  -1.6486922e+00  -1.8567533e+00  -1.3568013e+00  -1.3117545e+00  -1.4322787e+00
  -2.0946837e-02   8.3399544e-02  -1.1558377e-01   3.1342378e-02  -3.4930878e-01  -9.8232434e-01  -1.4075132e+00  -1.7046904e+00  -1.6767942e+00  -1.5037835e+00  -1.0467506e+00  -1.7164223e+00  -1.8040643e+00  -1.4421108e+00  -1.3411481e+00  -1.2702882e+00
   3.3298792e-01  -2.0102064e-01  -2.8202907e-01   4.6381141e-01   2.3294131e-01  -9.2131831e-01  -1.1323070e+00  -1.3160991e+00  -1.5910831e+00  -1.1838011e+00  -1.1408952e+00  -2.0664926e+00  -1.7482728e+00  -1.6035940e+00  -1.2387312e+00  -1.2319783e+00
   3.0610398e-01  -4.7973567e-01  -6.6643961e-01   6.8639036e-02  -3.7371620e-03  -1.1629042e+00  -1.4913381e+00  -1.6418921e+00  -1.6840053e+00  -1.2414399e+00  -1.1542616e+00  -1.7137881e+00  -1.4265399e+00  -1.7220938e+00  -1.4105027e+00  -1.2752309e+00
   4.0911199e-01  -5.9185660e-02  -1.6243075e-01  -1.7361666e-01  -3.1402851e-01  -8.9049887e-01  -8.9373934e-01  -5.1210677e-01  -7.5784821e-01  -9.6186495e-01  -7.2462756e-01  -7.3878458e-01  -6.6687332e-01  -1.0460145e-01   1.2275876e-01   2.9071710e-01
   1.4017137e+00   3.3600033e-01  -3.5000938e-02   4.1366849e-01  -9.7713508e-02  -6.7245352e-01  -4.1069985e-01  -5.3772494e-01  -8.9853918e-01  -6.3750303e-01  -3.3009118e-02  -1.5036868e-01  -7.1179982e-03   4.1144725e-01   8.8231591e-01   1.0923955e+00
   1.0053361e+00   4.9612916e-01  -7.0669710e-02   6.8072093e-01   4.0624120e-01  -5.9365517e-01  -9.7224688e-01  -9.4069134e-01  -5.0390095e-01   5.8392393e-02   1.0725080e-01  -3.9932930e-01   1.6500866e-01   4.4293520e-01   9.9817133e-01   1.2669616e+00
   6.9380904e-01   4.2133076e-01  -4.6243301e-02   2.3604507e-01  -1.3498022e-01  -4.2304073e-01  -7.8220158e-01  -8.8674809e-01  -6.7246652e-01  -3.3536640e-01   3.6855344e-01  -2.0012916e-01   1.5408205e-01   6.8908910e-01   1.4398592e+00   1.2763942e+00
   2.2987443e-01   3.3431056e-01  -5.2403434e-01  -3.5717034e-01  -2.2025699e-01  -3.3244622e-01  -2.8266484e-01  -7.2905613e-01  -1.0438375e+00  -3.6714003e-01   8.1395096e-02   4.6002329e-01   4.4702310e-01   4.4932007e-01   1.4943296e+00   1.5949084e+00
  -3.9682996e-01  -8.4747825e-02  -2.2895523e-02   4.5070385e-01  -1.3004918e-01  -1.2289451e+00  -8.2197519e-01  -9.5709551e-01  -1.2068670e+00  -8.8022015e-01  -3.1334379e-01   5.7180343e-01   4.4391487e-01   2.2006868e-01   1.2459905e+00   1.2984254e+00
   6.5494086e-01   1.3154481e-02   3.9107887e-02   6.2813322e-01   1.9494323e-01  -6.8687981e-01  -8.0494951e-01  -6.9882663e-01  -7.5100997e-01  -9.6908224e-01  -3.9959127e-01   8.8630555e-02   7.3960403e-01   6.4960504e-01   1.4130849e+00   1.1241975e+00
   1.1440370e+00   9.0949423e-02   2.8994964e-01   6.0981196e-01  -2.0632600e-01  -1.1827821e+00  -9.4753261e-01  -6.7211483e-01  -7.2552867e-01  -5.8509976e-01  -2.4668552e-01  -7.3191810e-02   6.5054353e-01   2.8911492e-01   1.0726865e+00   8.8483493e-01
   1.0200200e+00   6.4906810e-01  -6.6536397e-02  -5.2955140e-02  -4.9619208e-01  -1.0531144e+00  -9.1558389e-01  -1.0547111e+00  -1.3450825e+00  -6.3206481e-01  -2.0647142e-01   1.9556678e-01   7.1669104e-01   1.0133184e-01   8.5336246e-01   4.3863537e-01
   1.1664874e+00   1.2163892e+00   6.2524500e-02  -3.2973670e-02  -4.6045843e-01  -1.0353299e+00  -1.4641352e+00  -1.5388083e+00  -1.4225003e+00  -1.1436804e+00  -6.9280639e-01  -4.6906323e-01   1.0846448e-01  -4.0393758e-01   1.5400013e-01  -1.4771991e-01
   1.2877991e+00   1.9685708e+00   7.8147714e-01   6.1095096e-01   3.4470240e-01  -6.5573055e-01  -1.0018001e+00  -1.1044539e+00  -1.1845369e+00  -1.0273402e+00  -3.9821243e-01   7.8280796e-01   9.2048788e-01   7.3203320e-01   1.2980705e+00  -3.4601547e-01
   9.2433150e-01   1.8902558e+00   1.0395675e+00   1.0066717e+00   4.5652053e-01  -1.0542127e+00  -1.6017415e+00  -1.1087767e+00  -1.2591924e+00  -1.2254912e+00  -7.1174528e-02   1.3600422e+00   1.5352541e+00   1.3882283e+00   1.9547061e+00  -2.5912611e-02
   1.4520572e+00   1.8120825e+00   1.0334193e+00   1.1173561e+00   5.1364309e-01  -5.9857444e-01  -8.6445246e-01  -1.2403827e+00  -1.0035412e+00  -7.8132235e-01  -2.0704902e-02   1.2697412e+00   1.4223982e+00   1.2517633e+00   1.8881592e+00  -1.1910789e-01
   1.3342082e+00   2.0101245e+00   1.3191831e+00   1.1228712e+00   2.2951238e-01  -6.1621027e-01  -7.2004496e-01  -1.2867478e+00  -7.3996505e-01  -5.5018473e-01  -1.1118596e-01   1.0859062e+00   1.3680047e+00   1.3246009e+00   1.8059633e+00  -1.0236587e-01
   1.0990648e+00   2.0331196e+00   1.4175600e+00   1.1518775e+00  -5.2168091e-02  -6.6472065e-01  -1.1996300e+00  -1.7569287e+00  -9.6579031e-01  -9.2464054e-01  -2.7507068e-01   1.1706578e+00   1.3402905e+00   1.2438010e+00   1.7171764e+00  -2.5109509e-01
   1.2465443e+00   1.7263518e+00   1.2821488e+00   9.4536019e-01  -6.3568153e-02  -7.7036293e-01  -1.0490239e+00  -1.5191324e+00  -1.1106472e+00  -9.8758274e-01  -2.8748934e-01   1.2187930e+00   1.3110637e+00   1.1214641e+00   1.5745557e+00  -3.5324857e-01
   1.1047230e+00   1.9123328e+00   1.3848318e+00   7.0208617e-01  -2.4503070e-01  -6.8515887e-01  -1.2561388e+00  -1.1303408e+00  -1.3719034e+00  -1.3947609e+00  -3.2564835e-01   1.3419699e+00   1.3965041e+00   1.1204137e+00   1.6081005e+00  -3.9895660e-01
   1.1820052e+00   1.7290260e+00   1.4336206e+00   1.0757609e+00   2.1696359e-01  -5.4213533e-01  -1.2802997e+00  -1.5232263e+00  -1.3532796e+00  -1.1138337e+00  -3.4235507e-01   1.3799465e+00   1.4469702e+00   9.8498866e-01   1.4896117e+00  -3.4765351e-01
   1.2675145e+00   1.7922948e+00   1.2841758e+00   5.7671905e-01   1.4800361e-01  -1.2210919e+00  -1.1811175e+00  -1.4987258e+00  -6.5213494e-01  -7.5379988e-01  -5.4665482e-01   1.1811789e+00   1.1915240e+00   7.6553038e-01   1.2406665e+00  -3.0300603e-01
   1.2543923e+00   1.8258915e+00   1.1711754e+00   2.0184263e-01  -5.4982112e-01  -9.8342148e-01  -1.2751782e+00  -1.4558579e+00  -5.8651275e-01  -7.1619482e-01  -7.3457933e-01   1.2709109e+00   1.3221766e+00   8.8483528e-01   1.2545917e+00  -4.4903295e-01
   1.0824009e+00   1.5597308e+00   1.3291300e+00   4.1977143e-01  -6.6718567e-01  -1.1119143e+00  -1.2512658e+00  -1.3589058e+00  -9.9199292e-01  -6.7518410e-01  -5.7659351e-01   1.1657607e+00   1.0594984e+00   7.9153646e-01   1.2947071e+00  -4.7085682e-01
   1.4023663e+00   1.7044163e+00   8.6559716e-01   2.5527533e-01  -4.5297293e-01  -9.4204622e-01  -1.2006835e+00  -1.4803465e+00  -1.1618165e+00  -8.5811249e-01  -4.6484062e-01   1.2543589e+00   1.1717457e+00   7.3389789e-01   1.2522080e+00  -4.6539753e-01
   1.1470205e+00   1.2974699e+00   1.0450047e+00   3.5706503e-01  -6.6995891e-02  -1.0316290e+00  -1.1470644e+00  -1.1109004e+00  -7.4204301e-01  -9.2196222e-01  -4.7472226e-01   1.2128039e+00   1.1035578e+00   5.6133216e-01   1.1954204e+00  -6.7756065e-01
   9.4661571e-01   1.5688608e+00   1.1757106e+00   5.9220445e-01   1.0264493e-02  -8.5888082e-01  -1.2534328e+00  -1.3527225e+00  -1.0493310e+00  -7.2750475e-01  -5.2436052e-01   9.6563797e-01   1.0039147e+00   6.0295826e-01   1.0766395e+00  -6.3187426e-01
   1.7151563e+00   1.7243899e+00   9.5538116e-01   4.9253548e-01  -1.8357425e-01  -1.1598187e+00  -1.0214506e+00  -1.4379576e+00  -1.0685919e+00  -9.8937134e-01  -6.6942525e-01   9.4973695e-01   9.2120687e-01   3.2829897e-01   1.0170462e+00  -6.8754949e-01
   1.4943594e+00   1.7179653e+00   1.0124115e+00   4.3843581e-01   4.2584273e-02  -1.1739595e+00  -1.3590354e+00  -1.5105397e+00  -1.6585325e+00  -8.3124141e-01  -5.3178064e-01   7.9947527e-01   7.8890660e-01   2.8073240e-01   8.1893543e-01  -7.3848380e-01
   1.4340973e+00   1.7540722e+00   1.0697516e+00   3.3578013e-01  -2.0753603e-01  -1.1978238e+00  -1.2092412e+00  -1.5126704e+00  -1.5126772e+00  -1.1577962e+00  -7.2222791e-01   7.4605503e-01   8.8950260e-01   3.3381342e-01   8.9374594e-01  -7.6486579e-01
   1.6139742e+00   1.4218296e+00   8.2706065e-01   5.9669629e-01  -3.6967422e-01  -8.5271434e-01  -1.4453224e+00  -1.5723873e+00  -1.1508185e+00  -9.0999617e-01  -4.5342820e-01   6.8762303e-01   8.6732833e-01   1.4855245e-01   7.9415328e-01  -7.5338864e-01
   1.4724685e+00   1.8268824e+00   1.0363836e+00   6.5000501e-01  -3.5911456e-01  -7.1197524e-01  -1.3776551e+00  -1.7281078e+00  -1.0910492e+00  -8.2667045e-01  -5.9583677e-01   7.4953655e-01   8.0639033e-01   2.0854097e-02   7.7741960e-01  -4.3415830e-01
   1.3740780e+00   1.7512490e+00   1.0630344e+00   5.4666124e-01  -5.4692815e-01  -9.8907332e-01  -1.2705428e+00  -1.2663448e+00  -9.3450632e-01  -9.5337826e-01  -6.0176874e-01   8.5831019e-01   7.4179395e-01  -4.6641661e-02   7.6650140e-01  -7.6323304e-01
   8.1214922e-01   1.4970787e+00   1.0141793e+00   7.0948184e-01  -5.6987454e-01  -7.7836731e-01  -1.2856372e+00  -1.2821605e+00  -9.4381870e-01  -8.4793488e-01  -4.8371977e-01   8.6264534e-01   7.6281370e-01  -1.3083438e-01   4.0951287e-01  -7.1297612e-01
   7.0375453e-01   1.6229223e+00   6.5064766e-01   5.3731635e-01  -1.8901563e-01  -8.5768440e-01  -1.1316912e+00  -1.5297625e+00  -1.1072745e+00  -7.9186543e-01  -9.1694200e-01   4.8813115e-01   4.1650868e-01  -3.5916296e-01   3.4266171e-01  -8.1992201e-01
   9.5472296e-01   1.7501766e+00   7.2009427e-01   6.3078329e-01   1.3669652e-01  -1.0728370e+00  -1.2858845e+00  -1.5551266e+00  -1.6332338e+00  -1.1706735e+00  -8.0774218e-01  -3.0192955e-01  -3.4463473e-01  -6.7250480e-01   6.3991371e-02  -8.3507653e-01
   1.4741649e+00   1.7048671e+00   2.5251559e-01   4.1530625e-01   7.5501426e-02  -1.5783596e+00  -1.3478286e+00  -1.0150226e+00  -9.8836022e-01  -1.3413498e+00  -8.0142211e-01  -2.8996076e-01  -2.3589165e-01  -4.3543396e-01  -1.3454340e-01  -4.2514058e-01
   1.2993350e+00   1.7533785e+00   3.9678809e-01   4.5586066e-01  -2.2963091e-01  -1.5515191e+00  -1.4129920e+00  -1.3559067e+00  -1.1939014e+00  -1.2831978e+00  -1.0599056e+00  -7.7739747e-01  -9.1718240e-01  -1.2188111e+00  -4.1197100e-01  -9.8130076e-01
   1.4157130e+00   1.5466249e+00   4.1224254e-01   7.0009528e-01   1.7057500e-01  -6.4408219e-01  -1.0394521e+00  -1.5089273e+00  -1.5450170e+00  -1.2496075e+00  -7.2543358e-01  -6.2006926e-01  -9.2313860e-01  -1.1728940e+00  -5.5357261e-01  -9.7809471e-01
   8.6315885e-01   1.0993069e+00   1.6052946e-01   1.0159759e+00   2.6522148e-01  -1.2492015e+00  -1.6681434e+00  -1.4939747e+00  -1.4857068e+00  -1.1560715e+00  -6.4999211e-01  -8.9157490e-01  -9.1505888e-01  -1.0779480e+00  -7.2960215e-01  -1.1108864e+00
   1.8804565e-01   4.6790563e-01   2.6654554e-01   1.0473373e+00   3.0452664e-01  -8.7469574e-01  -1.1409712e+00  -1.5536845e+00  -1.5687116e+00  -1.0985993e+00  -7.0389812e-01  -1.2929056e+00  -1.3637430e+00  -1.3670957e+00  -9.7156048e-01  -1.1459739e+00
   2.3565663e-01   4.5468006e-01   1.4567632e-01   5.1416808e-01   1.9460435e-01  -9.6019340e-01  -1.2445963e+00  -2.2494249e+00  -1.7654581e+00  -1.4371031e+00  -1.0314939e+00  -1.3943352e+00  -1.1595679e+00  -1.1234932e+00  -1.1002909e+00  -1.1627277e+00
   1.0641024e+00   1.3996249e-01  -7.0642926e-02  -1.3528233e-01  -5.4939441e-01  -1.1465252e+00  -1.1423768e+00  -1.6348228e+00  -1.5339318e+00  -1.2833820e+00  -9.8250487e-01  -1.2544101e+00  -1.3769631e+00  -1.3838059e+00  -8.7099758e-01  -1.1060422e+00
   3.3543935e-01  -4.2283901e-01  -2.0847294e-01   4.1209886e-01  -2.3732831e-01  -9.0038241e-01  -1.6542402e+00  -1.5615743e+00  -1.3924455e+00  -1.2600914e+00  -7.9868630e-01  -1.3643241e+00  -1.3019817e+00  -1.5245486e+00  -1.0925194e+00  -1.2316994e+00
   6.8112792e-01   1.4725186e-02  -2.4978631e-01   2.6897727e-01  -4.0210826e-01  -4.3583735e-01  -1.3518574e+00  -1.3879173e+00  -1.2059107e+00  -1.1162911e+00  -1.0428492e+00  -1.3482078e+00  -9.8899287e-01  -8.1056282e-01  -7.8843862e-01  -4.0921186e-01
   5.8994075e-01  -2.0334768e-01  -2.4031301e-01   5.4354154e-01   1.9419584e-01  -3.1180262e-01  -6.6910538e-01  -8.5151688e-01  -3.6782805e-01  -5.6747954e-01  -6.7362665e-01  -4.5872978e-01  -2.8631514e-01   2.1392172e-01   3.3448956e-01   6.8221175e-01
   3.0649315e-01  -6.2513836e-02  -3.6151782e-01   3.4275225e-01   5.2637617e-02  -1.0099460e+00  -9.1335837e-01  -1.2648304e+00  -1.5390816e+00  -1.2877183e+00  -8.6999883e-01  -1.0947559e+00  -1.2329389e+00  -1.1973325e+00  -8.3446044e-01  -6.5977016e-01
   7.3845737e-01  -2.4711107e-02   4.5939364e-02   2.5724037e-01   2.2891660e-01  -7.8631347e-01  -1.1880305e+00  -1.5171649e+00  -1.7305863e+00  -1.2286943e+00  -8.6963170e-01  -1.6981216e+00  -1.2411918e+00  -8.6152724e-01  -1.2777912e+00  -1.0906931e+00
   1.3312164e+00   7.7988016e-01  -6.4145353e-02   6.0630300e-01   2.4369523e-01  -1.3242176e+00  -1.4032514e+00  -1.3897037e+00  -1.3655082e+00  -1.1616538e+00  -8.0983348e-01  -1.4033325e+00  -1.5675855e+00  -1.3978064e+00  -1.4862926e+00  -1.0693683e+00
  -4.4400982e-03   1.3792008e-03  -1.0229499e-01   4.0066538e-01  -3.3494906e-01  -9.3054439e-01  -1.2743389e+00  -1.6456639e+00  -1.2865440e+00  -1.1786035e+00  -9.0095037e-01  -1.3722379e+00  -1.6607835e+00  -1.7428368e+00  -1.2768858e+00  -1.1123464e+00
   1.0965286e+00   2.3128355e-01  -5.2941348e-02   3.2202821e-01   8.3697129e-02  -6.8300574e-01  -1.3975448e+00  -1.4655420e+00  -1.5443835e+00  -1.2771336e+00  -8.7033058e-01  -1.8337613e+00  -1.5065485e+00  -1.4551972e+00  -1.1359920e+00  -1.1617317e+00
   4.6222242e-01  -1.4124010e-01   4.8434016e-02   2.5910014e-01  -3.0426585e-01  -7.2745089e-01  -1.3182038e+00  -1.4544909e+00  -1.7440901e+00  -1.2813865e+00  -1.1768319e+00  -1.5841195e+00  -1.6831543e+00  -1.5361282e+00  -1.5287794e+00  -1.3098776e+00
   3.2975424e-01   1.4458622e-01  -1.3021417e-01   3.9093678e-01   9.2942722e-02  -8.6104840e-01  -1.2350663e+00  -1.4714379e+00  -1.5523761e+00  -1.2493584e+00  -8.8470563e-01  -1.1232929e+00  -1.7144114e+00  -1.5256124e+00  -1.3328957e+00  -1.3195336e+00
   5.1077742e-01   9.6767278e-02   1.2411819e-01   5.0791359e-01  -2.6155921e-02  -4.4248583e-01  -1.1307506e+00  -1.3174498e+00  -1.4078721e+00  -1.5106744e+00  -9.2480404e-01  -1.3917053e+00  -1.5077493e+00  -1.4536212e+00  -1.2515996e+00  -1.1624431e+00
   1.1195346e+00  -3.3095066e-02  -5.1467334e-01  -3.1699707e-02  -5.4482040e-01  -9.3976992e-01  -1.1629187e+00  -1.4717481e+00  -1.3484838e+00  -1.3312702e+00  -7.7521348e-01  -1.4105572e+00  -1.3889775e+00  -1.2677342e+00  -1.1662335e+00  -1.2013371e+00
   1.1276306e+00   2.7292344e-01  -4.3084453e-01  -1.3257011e-01  -4.8626544e-01  -9.4381269e-01  -1.1845979e+00  -1.2008845e+00  -1.0927232e+00  -1.4522229e+00  -9.9367460e-01  -1.5219484e+00  -1.5109110e+00  -1.2180439e+00  -9.4988594e-01  -6.5002800e-01
   7.3803465e-01  -3.9196064e-02  -1.7973100e-01   4.4451874e-01  -1.7040814e-01  -9.7050665e-01  -1.3592907e+00  -1.7384033e+00  -1.7168361e+00  -1.5326022e+00  -9.1719138e-01  -1.4293251e+00  -1.2361384e+00  -9.6436597e-01  -9.4451872e-01  -1.1246060e+00
   1.1658571e+00   5.8996597e-01  -1.9599584e-01   3.9774704e-01  -2.0980211e-01  -9.3163814e-01  -1.1512160e+00  -1.5643058e+00  -1.1717794e+00  -9.2526990e-01  -4.6040358e-01  -7.4384627e-01  -6.4585045e-01  -5.2884998e-01  -9.5289348e-01  -6.8198543e-01
   1.0705081e+00   2.9462960e-01  -2.2892047e-01   6.1124223e-01  -2.0889142e-01  -9.2301904e-01  -1.1158918e+00  -1.4304458e+00  -1.3355780e+00  -1.2234749e+00  -9.9321909e-01  -1.4345212e+00  -1.4115486e+00  -1.4855831e+00  -1.2906051e+00  -1.0362861e+00
   6.2373263e-01   1.6189822e-01  -4.4051884e-01   8.4404305e-02  -3.2945550e-01  -7.1963452e-01  -1.3099799e+00  -1.3192889e+00  -1.2482129e+00  -1.2453604e+00  -8.5069542e-01  -1.2118171e+00  -1.2179708e+00  -1.5284216e+00  -1.2052882e+00  -1.0874825e+00
   3.6981009e-01  -2.6775832e-01  -3.3717878e-01   1.5423024e-01  -2.8163777e-02  -8.3250388e-01  -1.2450896e+00  -1.3144352e+00  -1.6413337e+00  -1.2691921e+00  -8.1470917e-01  -1.3925521e+00  -1.3227192e+00  -1.4358780e+00  -1.3385470e+00  -1.3389984e+00
   4.9704288e-01  -6.4224999e-02  -4.5544205e-01   5.8936010e-01  -1.1720666e-01  -1.2189511e+00  -1.6867507e+00  -1.3957707e+00  -1.4804486e+00  -1.4746488e+00  -8.0775874e-01  -1.3058573e+00  -1.3543671e+00  -1.5535475e+00  -1.3181661e+00  -1.0818753e+00
   1.2689066e+00  -9.4971649e-02  -6.8304293e-02   6.9429592e-01   2.1899250e-01  -9.1586402e-01  -1.8470988e+00  -2.0769636e+00  -1.6050934e+00  -1.0400773e+00  -9.8884085e-01  -1.5440150e+00  -1.4405030e+00  -1.4267476e+00  -1.3358617e+00  -1.0440332e+00
   1.2569630e+00   6.8447219e-02  -3.7276000e-01   7.7365002e-02  -2.0428690e-01  -8.7040409e-01  -1.4410751e+00  -1.2506793e+00  -1.6051800e+00  -1.2370494e+00  -8.1539773e-01  -1.3000874e+00  -1.3102826e+00  -1.5454432e+00  -1.4001251e+00  -1.2612809e+00
   4.3671719e-01   7.4470540e-02   8.3155809e-02   4.1516874e-01  -1.6854848e-01  -1.1829852e+00  -1.6729903e+00  -1.6394763e+00  -1.4730584e+00  -1.2107234e+00  -8.2224787e-01  -1.3792871e+00  -1.6046771e+00  -1.4840835e+00  -1.2693560e+00  -1.0012775e+00
   1.5098389e+00   3.5530005e-01  -9.7558249e-02   4.3431345e-01  -2.3118842e-01  -1.3133224e+00  -1.2052504e+00  -1.3064068e+00  -1.6088470e+00  -1.2104421e+00  -8.7197644e-01  -1.6251835e+00  -1.8063381e+00  -1.5739678e+00  -1.1372474e+00  -1.0071962e+00
