   2.4866050e+00   1.3902016e+00   4.4457050e-01   1.3225190e-01   8.3238755e-02  -1.9610660e-01  -7.4082133e-01  -1.0260429e+00  -1.1697650e+00  -9.6872836e-01  -1.2463894e+00  -1.2882631e+00  -1.4158149e+00  -1.4530384e+00  -1.4245467e+00  -1.3615993e+00
   1.8931965e+00   1.2356504e+00   8.3542697e-01   1.7907166e-01   1.3186353e-01   7.3285074e-02  -5.5793601e-01  -7.7272042e-01  -7.9924078e-01  -8.0174779e-01  -9.0635007e-01  -9.2978145e-01  -9.4503953e-01  -9.6817094e-01  -9.4411074e-01  -9.1908957e-01
   3.2946110e+00   2.0335417e+00   5.6375467e-01   1.8394760e-01  -3.3320433e-01  -4.2218290e-01  -6.9520449e-01  -1.0877906e+00  -1.2981449e+00  -1.4323033e+00  -1.5894608e+00  -1.7190424e+00  -1.8086039e+00  -1.9130548e+00  -1.9209823e+00  -1.8342537e+00
   3.0526248e+00   1.5824535e+00   4.6966097e-01   1.6953889e-01   5.7219806e-02  -1.0478261e-01  -7.5064429e-01  -1.2472721e+00  -8.3324870e-01  -1.4125800e+00  -1.5200270e+00  -1.9235021e+00  -2.2873837e+00  -2.4167514e+00  -2.2270895e+00  -2.3741957e+00
   2.9742639e+00   1.5289829e+00   2.4909439e-01  -2.7751883e-02  -9.6270588e-01  -6.2061066e-01  -5.2751843e-01  -1.2389700e+00  -1.0209000e+00  -8.2766598e-01  -1.5510467e+00  -1.8012245e+00  -2.3434563e+00  -2.1699254e+00  -2.5424278e+00  -2.5621152e+00
   3.2166219e+00   1.6089106e+00   3.7750403e-01   3.6214080e-02  -2.5266861e-01  -2.2250978e-01  -5.2289737e-01  -1.0188393e+00  -9.2800889e-01  -1.0973638e+00  -1.2359173e+00  -1.3761988e+00  -1.5198237e+00  -1.4822500e+00  -1.5009457e+00  -1.5246136e+00
   2.9747526e+00   1.7304345e+00   5.9568557e-01   6.6165777e-01  -4.9921866e-02  -3.5341359e-01  -5.8772359e-01  -9.1660670e-01  -1.1462997e+00  -1.2212318e+00  -1.1484891e+00  -1.3160299e+00  -1.3746601e+00  -1.4179872e+00  -1.3955668e+00  -1.3378335e+00
   2.4961823e+00   1.4478455e+00   7.8193779e-01   1.2352725e-01  -2.2900296e-01  -5.0674877e-01  -7.3820717e-01  -8.2432365e-01  -9.2168730e-01  -1.0435116e+00  -1.0468037e+00  -1.1812915e+00  -1.1850112e+00  -1.1868634e+00  -1.1609502e+00  -1.1382949e+00
   2.9200040e+00   1.9220761e+00   6.4949080e-01   2.1234093e-01  -1.8132580e-02  -1.7015743e-01  -4.3239385e-01  -1.1291251e+00  -1.1930573e+00  -1.8018174e+00  -1.6982558e+00  -1.9982583e+00  -2.3538133e+00  -2.2808304e+00  -2.3599366e+00  -2.1537464e+00
   2.5702098e+00   1.2746650e+00   1.7218040e-01   1.1686142e-01  -2.5472392e-01  -1.1955819e-01  -5.7021732e-01  -9.4720980e-01  -1.1751532e+00  -1.2870051e+00  -1.3145702e+00  -1.4545463e+00  -1.5379180e+00  -1.5416908e+00  -1.5803524e+00  -1.4530465e+00
   1.8513760e+00   1.0258449e+00   2.3048792e-01  -7.5578714e-02  -5.8578387e-01  -2.6035939e-01  -5.7991068e-01  -9.8090755e-01  -1.1634682e+00  -1.2669644e+00  -1.3583614e+00  -1.4888987e+00  -1.7405745e+00  -1.7385454e+00  -1.7281312e+00  -1.7167853e+00
   2.5350787e+00   1.2769962e+00   1.2239338e-01  -1.5218741e-01  -4.5381815e-01  -3.5691513e-01  -8.3803389e-01  -1.1380869e+00  -1.1722886e+00  -1.3165467e+00  -1.4676390e+00  -1.8069830e+00  -1.9489679e+00  -1.9273025e+00  -1.8873029e+00  -1.8501686e+00
   2.1746694e+00   1.3656920e+00   7.0467684e-02   7.5261867e-02  -6.2310186e-01  -5.5562452e-01  -8.8110636e-01  -1.1163034e+00  -1.2019903e+00  -1.1407971e+00  -1.2395915e+00  -1.3668358e+00  -1.3712234e+00  -1.3220860e+00  -1.3205792e+00  -1.3477878e+00
   2.5976350e+00   1.1894595e+00   5.3382833e-01   2.2268130e-01   5.3611062e-02  -2.7709958e-02  -3.7643579e-01  -1.1631226e+00  -1.0999582e+00  -9.6440909e-01  -1.3684813e+00  -1.7575605e+00  -1.8483293e+00  -1.7615840e+00  -1.6975259e+00  -1.6741048e+00
   2.5194617e+00   9.0519711e-01   5.9696756e-01   2.6348123e-01  -3.1271298e-01   2.7869577e-02  -4.0470801e-01  -7.8013209e-01  -8.7219138e-01  -7.8029826e-01  -1.0455741e+00  -1.1532259e+00  -1.1885547e+00  -1.1742104e+00  -1.1534581e+00  -1.0830863e+00
   2.5246874e+00  -6.5590575e-02   3.0543381e-01   5.8492349e-01   2.4346005e-01   3.6193444e-01  -5.0579581e-01  -8.0108134e-01  -1.1155732e+00  -1.0399322e+00  -1.5529303e+00  -1.5053954e+00  -2.0158531e+00  -1.9836760e+00  -1.5139227e+00  -1.1551412e+00
   2.6111515e+00   5.5485822e-01   3.3731018e-01   2.4698350e-01   4.7887418e-02   2.9155768e-01  -6.9299439e-01  -1.0877183e+00  -1.2917874e+00  -1.3651482e+00  -1.4757779e+00  -1.5938397e+00  -1.8094662e+00  -1.7465305e+00  -1.7283895e+00  -1.6192024e+00
   2.4918735e+00   1.5792657e+00   5.4744972e-01   4.6876481e-01   1.5349123e-01  -2.7044935e-01  -9.8708471e-01  -1.4863034e+00  -1.3214642e+00  -1.0516083e+00  -1.9613425e+00  -2.3020631e+00  -2.3190609e+00  -2.2190976e+00  -2.3748456e+00  -2.0939534e+00
   3.0485823e+00   2.0604001e+00   2.1680747e-01   2.6448456e-01   1.3558917e-01  -2.8235027e-01  -6.1834013e-01  -7.8529508e-01  -8.4427681e-01  -8.0254425e-01  -1.1362663e+00  -1.1605223e+00  -1.1501623e+00  -1.1730691e+00  -1.1439207e+00  -1.1273504e+00
   2.7449908e+00   1.7974401e+00   4.7687526e-01  -2.6872864e-01  -6.0294942e-01  -7.2820119e-01  -6.7323104e-01  -1.2013433e+00  -1.4968665e+00  -1.3392533e+00  -1.6097272e+00  -2.0254674e+00  -2.2234147e+00  -2.0730640e+00  -2.1661992e+00  -2.0384759e+00
   2.6952194e+00   1.5157590e+00   7.4173205e-01   3.4794841e-02   8.1144694e-02  -5.8110916e-01  -5.5301270e-01  -9.9917330e-01  -9.7468901e-01  -1.0801214e+00  -1.1680339e+00  -1.3255930e+00  -1.3426997e+00  -1.3003882e+00  -1.3262694e+00  -1.2620656e+00
   3.0551653e+00   1.5805820e+00   6.9440789e-01  -2.6856928e-01  -2.5992702e-02  -2.4062105e-01  -6.4764655e-01  -1.5001756e+00  -1.2334360e+00  -1.7302461e+00  -1.9156137e+00  -2.0315531e+00  -1.9631764e+00  -2.1068570e+00  -2.1241816e+00  -1.9377938e+00
   2.5449163e+00   1.9290169e+00   2.2328919e-01  -3.3521593e-01  -3.1167836e-01   3.1406209e-02  -6.0953700e-01  -1.5403046e+00  -1.1012072e+00  -1.2465835e+00  -1.5591984e+00  -1.6789421e+00  -1.8819822e+00  -1.8821015e+00  -1.7242708e+00  -1.7343131e+00
   2.8549617e+00   1.8715306e+00   9.8749088e-02  -1.2012293e-03  -6.0179300e-01  -4.4145053e-01  -1.0996692e+00  -1.7208033e+00  -1.5810678e+00  -1.5272345e+00  -2.0092030e+00  -2.0028653e+00  -2.3978850e+00  -2.4388766e+00  -2.5015019e+00  -2.0353601e+00
   3.2115086e+00   1.1142741e+00  -3.2249441e-01   3.5715723e-02  -9.4494383e-02  -1.1116778e-01  -6.8806898e-01  -9.4833655e-01  -1.0466051e+00  -1.0359617e+00  -1.1558308e+00  -1.2330210e+00  -1.2547762e+00  -1.2616106e+00  -1.2697288e+00  -1.1728239e+00
   2.7705084e+00   7.9467679e-01   3.3835840e-02  -1.8208277e-02  -2.4488379e-01  -5.6286288e-01  -6.8383579e-01  -1.0423390e+00  -1.2290613e+00  -1.1311389e+00  -1.5662061e+00  -1.6566673e+00  -1.6655633e+00  -1.7884234e+00  -1.7066201e+00  -1.6964169e+00
   2.3517649e+00   1.3377991e+00   3.7102639e-01  -4.7940313e-01  -7.6063706e-01  -4.8179307e-01  -7.9281365e-01  -8.6164541e-01  -9.2904106e-01  -1.1355156e+00  -1.3116538e+00  -1.4613251e+00  -1.5016439e+00  -1.4969133e+00  -1.5037989e+00  -1.4090029e+00
   2.5396713e+00   1.0471784e+00   2.4687919e-01  -1.7573251e-01  -7.0159145e-01  -5.8450034e-01  -7.7591125e-01  -1.0639118e+00  -9.9355854e-01  -1.2330035e+00  -1.2835465e+00  -1.0235138e+00  -8.6563190e-01  -9.3500822e-01  -1.4821030e+00  -1.2216495e+00
   2.7331165e+00   1.1332026e+00   4.2032212e-01   2.9459692e-01  -2.8459088e-01  -6.0844617e-01  -8.9214608e-01  -1.6145835e+00  -9.3823552e-01  -1.5997859e+00  -2.0417176e+00  -1.5752184e+00  -1.7264224e+00  -2.0910337e+00  -2.0999513e+00  -1.7671132e+00
   2.2932010e+00   1.4353054e+00   4.8500128e-01  -1.9935923e-01  -4.4742241e-01  -2.7129755e-01  -8.7008391e-01  -1.1190047e+00  -1.4174751e+00  -1.2502093e+00  -1.4843702e+00  -1.6257222e+00  -1.5673485e+00  -1.6437316e+00  -1.6910804e+00  -1.5686104e+00
   2.5259499e+00   1.2749719e+00   1.0309269e+00   5.2257092e-01  -2.1505905e-01  -2.6968739e-01  -1.2182223e+00  -1.4097953e+00  -1.2004640e+00  -1.0518649e+00  -1.6046956e+00  -1.9216215e+00  -2.0406408e+00  -2.0501642e+00  -2.1071162e+00  -2.0771028e+00
   2.6665067e+00   1.4511839e+00   1.1534992e-01   6.0897088e-01  -1.0065924e-01  -5.8222611e-01  -8.1701670e-01  -1.1805240e+00  -1.1673725e+00  -1.1619051e+00  -1.5231684e+00  -1.9782269e+00  -1.8814689e+00  -2.0192312e+00  -2.0308625e+00  -1.6181632e+00
   2.2997083e+00   1.4729892e+00   2.8730257e-01   2.0153213e-01  -2.9399241e-01  -2.7363993e-01  -5.3609947e-01  -1.1036514e+00  -9.6876428e-01  -9.1937858e-01  -1.0794065e+00  -1.3261770e+00  -1.3426215e+00  -1.3496695e+00  -1.3635912e+00  -1.2568283e+00
   2.4709359e+00   1.5028252e+00   1.5037415e-01   2.8530766e-01  -5.3173591e-01  -3.2674056e-01  -8.0598806e-01  -1.2445978e+00  -1.1661201e+00  -1.2581019e+00  -1.9753043e+00  -2.1292048e+00  -1.8502662e+00  -2.0741574e+00  -2.0650818e+00  -1.8837721e+00
   2.3603261e+00   1.0017476e+00   3.8777639e-01   3.5315914e-01  -1.7421338e-02  -4.5578342e-01  -7.0549230e-01  -5.5688405e-01  -3.1965238e-01  -7.7975770e-01  -9.9100465e-01  -7.8789558e-01  -9.5807787e-01  -8.2897331e-01  -9.6272379e-01  -9.0191134e-01
   3.0343086e+00   2.7971358e+00   2.2546632e+00   1.5922073e+00   1.1481256e+00   1.4860397e+00   1.3884602e+00   1.1738426e+00   1.0956046e+00   8.8337014e-01   4.9603069e-01   1.8928455e-01   1.1634794e-01   7.6685890e-02  -2.7770788e-01  -6.1915881e-01
   2.5713767e+00   2.0241582e+00   1.3945334e+00   6.1653039e-01   2.7523663e-02   5.9498631e-01   2.9510947e-01   6.0779131e-02  -4.0874620e-02  -2.2807209e-01  -6.4370959e-01  -9.6741566e-01  -1.0421009e+00  -1.0125386e+00  -1.3838902e+00  -1.6187445e+00
   2.7677504e+00   1.5673278e+00   1.1466779e+00   6.0108738e-01   8.8638275e-02  -3.2084974e-01  -4.4068571e-01  -1.1620788e+00  -1.0631109e+00  -7.1009387e-01  -1.1623421e+00  -1.4480876e+00  -1.5259354e+00  -1.5171193e+00  -1.5040767e+00  -1.4080481e+00
   2.7754091e+00   1.6102151e+00   4.0377145e-01   3.5112571e-01   1.1837901e-02   4.8163648e-02  -9.9822626e-01  -1.0454118e+00  -1.2835307e+00  -1.1100199e+00  -1.5790135e+00  -1.6799513e+00  -2.0714782e+00  -1.9567711e+00  -1.9987460e+00  -2.1215779e+00
   2.6711428e+00   1.7720940e+00   1.1079790e+00   4.3768172e-01   4.5549395e-01   6.5998400e-01  -3.0983576e-01  -5.8376813e-01  -1.0047222e+00  -9.1308173e-01  -6.8288372e-01  -4.7901266e-01  -9.9195498e-01  -1.0327350e+00  -1.0919066e+00  -1.1755186e+00
   2.6230672e+00   1.7902055e+00   1.4349936e+00   6.7800116e-01  -1.6438201e-01   2.6464153e-01  -3.3830073e-01  -7.0929833e-01  -1.0575001e+00  -9.2549398e-01   1.6043440e-01   5.5299926e-01  -6.1915760e-02  -2.1971038e-01  -7.8850959e-02  -1.0686623e+00
   2.8317632e+00   1.4136526e+00   5.9818058e-01   4.1052328e-01   1.2684649e-01   2.8914903e-01  -3.2594672e-01  -1.0473358e+00  -9.8756421e-01  -9.3929818e-01   3.0020281e-01   1.1171285e+00   5.8332942e-01   1.4962579e-01   6.0220699e-01  -1.2224555e+00
   3.3027138e+00   1.3659700e+00   7.9557047e-01   6.1730722e-01   2.3975525e-01  -1.1323690e-01  -8.5634386e-01  -9.7427788e-01  -1.2534067e+00  -1.3497321e+00  -2.7236148e-02   1.0857991e+00   7.0824994e-01   3.9351277e-02   6.2925599e-01  -1.4842726e+00
   2.6909922e+00   1.6770580e+00   8.8535589e-01   4.2005791e-01  -1.1399276e-01  -4.7877585e-01  -6.2374321e-01  -6.0570803e-01  -7.0378828e-01  -8.3159883e-01  -6.1594508e-01   8.2243313e-01   4.0585208e-01  -6.1266014e-02   5.6349737e-01  -9.9093268e-01
   2.7546370e+00   1.7878608e+00   9.8421128e-01   7.4221743e-01  -2.3597598e-01  -3.9015251e-01  -7.4510776e-01  -8.3074821e-01  -9.8217470e-01  -1.0421189e+00  -7.0608557e-01   1.0350631e+00   4.8088435e-01  -4.9410440e-02   5.7244071e-01  -1.0916327e+00
   2.6221746e+00   1.4118021e+00   3.6725723e-01   4.3815191e-01   3.6418155e-01  -1.6471122e-01  -8.3438370e-01  -1.0338482e+00  -1.4352084e+00  -1.4598332e+00  -1.0248502e+00   8.9694619e-01   4.7227949e-01  -1.4592212e-01   5.0485116e-01  -1.0793938e+00
   2.7486209e+00   1.7052528e+00   1.6139790e-01   3.3187251e-01  -2.4064274e-01  -5.0989652e-01  -6.9805333e-01  -1.3456536e+00  -1.1522056e+00  -9.4135165e-01  -9.7955675e-01   1.7801071e-01   1.3060102e-01  -3.5137664e-01   3.2294540e-01  -1.2940568e+00
   3.2767283e+00   1.4973818e+00   6.3928699e-01   4.6424926e-01  -3.0033931e-01  -4.1048585e-01  -5.2837549e-01  -1.5218237e+00  -1.3335064e+00  -1.0227921e+00  -1.1348185e+00  -1.1918177e-01   1.1361992e-01  -5.9122855e-01   4.5758920e-02  -1.4402584e+00
   2.5865564e+00   1.4155313e+00   6.3745382e-01   2.4896379e-01  -2.1439374e-01  -1.1440179e-01  -5.4174096e-01  -8.8528308e-01  -8.0205072e-01  -8.4254212e-01  -9.0298645e-01   9.2790679e-02   2.7858775e-02  -5.0821001e-01   3.4084285e-02  -1.0149563e+00
   3.0133785e+00   1.9730205e+00   7.9613997e-01   5.4280986e-01  -3.4783778e-01  -4.0144323e-01  -5.6500055e-01  -1.0394528e+00  -7.7420304e-01  -1.0950571e+00  -1.0368226e+00  -4.2306095e-02   1.9337686e-02  -3.7172655e-01   2.1778797e-01  -1.3421285e+00
   2.6768442e+00   2.0765987e+00   1.1006998e+00   5.9597707e-01   1.4223356e-01  -5.0488671e-01  -8.9032350e-01  -8.4673140e-01  -1.4302545e+00  -1.3883466e+00  -1.2851881e+00   1.1088211e-01   1.1790393e-01  -6.2291824e-01   3.0992240e-01  -1.0652847e+00
   2.8493253e+00   1.7266968e+00   1.3368611e+00   7.3362202e-01  -1.7855147e-02   4.1051835e-03  -5.3935912e-01  -1.1459641e+00  -1.3816769e+00  -1.4898393e+00  -1.4194209e+00  -1.0899837e-02   2.2332078e-01  -3.7952810e-01   3.8849401e-01  -1.3412721e+00
   2.9593377e+00   1.6423032e+00   1.1768578e+00   9.1230830e-01   3.5354417e-01  -4.9253266e-02  -1.6756895e-01  -1.2428875e+00  -1.1270992e+00  -1.4468262e+00  -1.2950332e+00   1.6912995e-01   4.4097079e-01  -6.9670716e-02   6.7948786e-01  -1.3126315e+00
   2.5678019e+00   2.1242466e+00   1.0505012e+00   5.8592364e-01   3.6487809e-01  -2.9970546e-01  -7.4874945e-01  -1.0074828e+00  -1.1045271e+00  -1.0249667e+00  -1.1917197e+00   3.3804733e-01   6.0268838e-01   1.1666444e-01   7.9254102e-01  -1.0919603e+00
   3.1215028e+00   1.4054590e+00   1.1457403e+00   2.0721144e-01  -4.1228365e-01  -1.6322244e-01  -6.2262023e-01  -9.4140367e-01  -1.2331184e+00  -1.4546763e+00  -1.4145129e+00   3.3775255e-01   6.4762686e-01   3.3422213e-02   7.7271340e-01  -1.0064447e+00
   2.9932878e+00   2.1159514e+00   1.1582452e+00   4.1230080e-01  -8.6892601e-02   5.2628007e-02  -3.8238317e-01  -1.0566592e+00  -1.0112926e+00  -1.2753081e+00  -1.3326505e+00   2.6554225e-01   5.6439219e-01  -7.3524262e-02   6.6153246e-01  -1.2278030e+00
   2.9943174e+00   1.7338979e+00   7.8625439e-01   2.9472342e-02  -1.5971844e-01  -3.9529972e-01  -6.2599937e-01  -1.1089330e+00  -1.0217241e+00  -1.2500341e+00  -1.3851065e+00   1.1649084e-01   4.5419821e-01  -1.7604958e-01   4.3037323e-01  -1.3720739e+00
   3.5473840e+00   2.4696408e+00   1.7781631e+00   9.9049278e-01   1.1677061e-01   1.6603269e-01   1.0180281e-01  -2.0701757e-01  -5.3138756e-01  -8.1929106e-01  -1.0568814e+00   5.6861618e-02   4.5687124e-01  -2.1612642e-01   3.5203921e-01  -1.3250915e+00
   3.1260294e+00   2.0246213e+00   1.4103891e+00   4.7954680e-01  -1.1906177e-02  -2.1636206e-01  -2.4431288e-01  -6.3002750e-01  -7.2340818e-01  -7.0725909e-01  -9.6649848e-01  -4.3609755e-02   3.4413467e-01  -3.6948202e-01   1.9353938e-01  -9.6700273e-01
   2.4204144e+00   2.1914524e+00   1.6098925e+00   3.5095464e-01  -3.8392863e-01  -2.2559251e-01  -1.1777783e+00  -1.1073005e+00  -1.0851099e+00  -8.8196055e-01  -1.3081498e+00  -3.0668084e-01   3.1372362e-02  -6.6114845e-01  -1.5054393e-01  -1.5381685e+00
   2.8041361e+00   1.4969131e+00   5.2011238e-01   3.0252313e-01  -1.1744768e-01  -4.9058976e-01  -6.7817566e-01  -7.8260272e-01  -9.8000671e-01  -9.3147139e-01  -1.0136730e+00  -5.4303683e-01  -1.4693405e-01  -5.5575427e-01  -1.8340809e-01  -1.1472288e+00
   3.0527620e+00   2.2111211e+00   9.3129844e-01  -1.7122488e-01  -5.7454433e-02  -1.8845686e-01  -4.8228625e-01  -8.3563218e-01  -9.0168831e-01  -1.2853692e+00  -1.6746382e+00  -6.9938665e-01  -3.1568146e-01  -9.9468652e-01  -6.0101931e-01  -2.0701906e+00
   2.6719797e+00   1.5536566e+00   7.7091261e-01   2.2441788e-01  -1.7262686e-02  -2.3922144e-01  -4.0087086e-01  -5.1887274e-01  -4.9172054e-01  -6.0052777e-01  -7.0545176e-01  -2.4390567e-01  -8.0043542e-02  -5.5993442e-01  -4.1440609e-01  -7.5021330e-01
   3.2140401e+00   1.5276708e+00   5.9964108e-01   4.1214067e-01  -7.4760601e-02  -6.7033409e-02  -1.0285330e+00  -9.4130637e-01  -8.0332384e-01  -1.2884542e+00  -1.4573711e+00  -8.7285558e-01  -3.3278887e-01  -7.9594085e-01  -3.9817162e-01  -1.3908626e+00
   2.4417702e+00   1.7006959e+00   7.1419348e-01   7.4413664e-02   1.0574692e-01   1.8501477e-02  -5.8398422e-01  -7.9005429e-01  -7.6963450e-01  -1.0262111e+00  -1.0387714e+00  -9.6627727e-01  -8.8912196e-01  -9.2298411e-01  -7.7586084e-01  -9.7289455e-01
   2.7040327e+00   1.5801042e+00   4.8773840e-01   3.8074501e-01  -1.3412201e-01  -3.1896675e-01  -1.0461914e+00  -1.4258975e+00  -1.1392508e+00  -1.2157493e+00  -1.5423890e+00  -1.2080169e+00  -9.1400458e-01  -1.5888875e+00  -1.3887707e+00  -2.0092625e+00
   3.3433680e+00   1.7051965e+00   4.5963092e-01   4.5646976e-01   2.9623654e-01  -6.3702415e-03  -5.1980173e-01  -6.5544348e-01  -7.2702530e-01  -7.8605220e-01  -1.1840450e+00  -1.1733377e+00  -1.1119104e+00  -1.3729444e+00  -1.2155410e+00  -1.3140204e+00
   2.8005732e+00   1.2050995e+00   3.9866627e-01   3.3957906e-01  -4.3295286e-02  -4.4236734e-01  -3.4325212e-01  -9.5758138e-01  -8.1223243e-01  -1.1810052e+00  -1.3979577e+00  -1.5732269e+00  -1.6563801e+00  -1.6066917e+00  -1.5852095e+00  -1.5956304e+00
   3.0404027e+00   1.7637125e+00   9.0797969e-01   4.7482403e-01  -2.4831896e-01   3.7377696e-01  -5.6442178e-02  -9.7608833e-01  -1.2756197e+00  -1.2574221e+00  -1.6459628e+00  -1.6386983e+00  -1.9268131e+00  -1.8791991e+00  -1.9074947e+00  -2.0317834e+00
   2.5166500e+00   1.5793186e+00   1.4510069e+00   9.4358947e-01   2.2812092e-01   2.0637330e-01  -5.4139785e-01  -8.5677495e-01  -9.7674858e-01  -1.0217389e+00  -1.2778438e+00  -1.4046157e+00  -1.4389331e+00  -1.5534137e+00  -1.5270152e+00  -1.5225415e+00
   2.5987085e+00   1.8995508e+00   4.5973843e-01  -4.4391080e-02   1.6426818e-01   2.2625669e-02  -8.2601574e-01  -1.2827692e+00  -1.1085839e+00  -1.1465560e+00  -1.4010541e+00  -1.7200607e+00  -1.7163258e+00  -1.9081780e+00  -1.8634634e+00  -1.8973722e+00
   2.3807057e+00   1.5696456e+00   3.1947197e-01  -1.0395675e-01  -3.8726946e-01  -3.5004711e-01  -1.0657999e+00  -7.8424961e-01  -1.2120948e+00  -1.5701305e+00  -1.5779705e+00  -2.0390862e+00  -1.9464506e+00  -2.1221469e+00  -2.3842356e+00  -1.9843068e+00
   2.3813928e+00   1.4958550e+00   3.3979048e-01  -1.0263921e-01  -3.7699135e-01   1.0622447e-01   2.3448715e-02  -6.3229141e-01  -1.0627276e+00  -1.6044020e+00  -1.7463241e+00  -1.9593109e+00  -1.7611546e+00  -1.9537826e+00  -2.0113710e+00  -1.5728145e+00
   2.6874208e+00   1.0599178e+00   5.3099812e-02  -4.0036672e-01  -6.9681935e-01  -3.8510380e-01  -5.9035406e-01  -1.3721601e+00  -1.2538911e+00  -1.2902918e+00  -1.6020583e+00  -1.8251646e+00  -2.1584696e+00  -2.0856174e+00  -1.8283261e+00  -1.8674857e+00
   2.2344072e+00   1.4225124e+00  -1.6826700e-02   5.2341546e-02  -1.5583982e-01  -4.9267895e-01  -7.1266273e-01  -1.1523017e+00  -1.3413979e+00  -1.3578800e+00  -1.7605227e+00  -1.5412640e+00  -1.8305119e+00  -1.6945242e+00  -1.3670896e+00  -1.8468355e+00
   3.0583258e+00   1.6703985e+00   5.3184229e-01   9.9240204e-02  -1.6976548e-01  -8.1524529e-02  -6.7373494e-01  -1.2963690e+00  -1.5772742e+00  -1.5774829e+00  -1.8064299e+00  -1.7281060e+00  -1.7041887e+00  -1.5993185e+00  -1.2121517e+00  -1.9845104e+00
   2.9461365e+00   1.4297603e+00   4.4380076e-01   1.7576649e-01   1.2845180e-03  -5.8869894e-01  -8.3028998e-01  -1.0958583e+00  -1.3501424e+00  -1.0619113e+00  -1.4616300e+00  -1.6518596e+00  -1.7849304e+00  -1.6937595e+00  -1.3848112e+00  -1.7462369e+00
   3.4900271e+00   1.8808789e+00   6.9408319e-01  -2.4234473e-01   1.3029410e-01  -3.6722396e-01  -3.0455637e-01  -8.1450037e-01  -1.0231249e+00  -1.1345708e+00  -1.1576820e+00  -1.2514334e+00  -1.2598093e+00  -1.3204722e+00  -1.1062750e+00  -1.2545293e+00
   3.1127599e+00   2.0394255e+00   7.7308920e-01   5.4192040e-02   2.3566386e-01   4.4593464e-01  -3.2543816e-01  -8.1605807e-01  -1.1750796e+00  -1.4235518e+00  -1.4440375e+00  -1.9386171e+00  -2.0156520e+00  -1.8564559e+00  -1.4288167e+00  -1.6708741e+00
   3.0631486e+00   1.4781606e+00   8.2700974e-01   6.2266903e-01  -5.3864887e-02  -2.6558634e-01  -5.2424457e-01  -8.0324890e-01  -8.4575295e-01  -8.8473638e-01  -9.4888803e-01  -1.0702468e+00  -1.1070403e+00  -1.0552846e+00  -1.0022865e+00  -1.0281296e+00
   2.6755799e+00   1.0523014e+00   2.2575114e-01   5.0200071e-01  -1.3733074e-01  -3.4328927e-01  -6.5943229e-01  -1.1044302e+00  -1.0168961e+00  -8.7597315e-01  -1.3351690e+00  -1.6774514e+00  -1.6527483e+00  -1.6802909e+00  -1.5762613e+00  -1.6138391e+00
   2.8203138e+00   1.2839372e+00   5.9861074e-01   2.4807131e-01   9.6862075e-02  -3.2911078e-01  -5.5055817e-01  -1.1426649e+00  -1.4516673e+00  -1.6368555e+00  -1.8726845e+00  -1.9399505e+00  -2.1905158e+00  -2.2305377e+00  -2.1478278e+00  -2.0508145e+00
   2.5932935e+00   1.5150666e+00  -9.8936419e-02  -5.3409281e-02  -3.5645009e-01  -8.7358450e-01  -7.2028030e-01  -1.1670256e+00  -1.4212378e+00  -1.2696096e+00  -1.5889923e+00  -1.7348321e+00  -2.3224080e+00  -2.2181917e+00  -2.0964289e+00  -2.1864403e+00
   2.7700413e+00   8.8630305e-01  -8.3938401e-03  -1.8162928e-01  -5.6463733e-01  -8.3137578e-01  -8.0825382e-01  -8.3481259e-01  -1.4591702e+00  -1.1450166e+00  -1.9562973e+00  -1.8571900e+00  -2.1323584e+00  -2.3389759e+00  -2.1364296e+00  -2.4139356e+00
   2.8173976e+00   1.9526962e+00   1.0176210e+00   4.5468315e-02   2.6292019e-02  -4.2025455e-01  -5.3807050e-01  -8.9752262e-01  -1.1806163e+00  -1.1654968e+00  -1.6225627e+00  -1.8039499e+00  -2.0940923e+00  -1.9073892e+00  -1.9024316e+00  -2.0238513e+00
   2.7488921e+00   1.3268375e+00   4.0570098e-01   2.7297924e-01   2.2566464e-03  -1.9293668e-01  -5.5664721e-01  -8.0300762e-01  -7.8510626e-01  -7.8115601e-01  -1.0008310e+00  -1.0641166e+00  -1.1331350e+00  -1.1244153e+00  -1.0991326e+00  -1.0824136e+00
   2.6480219e+00   1.4674944e+00   3.2474027e-01  -3.3554375e-01  -7.9446507e-01  -2.1687390e-01  -5.3078970e-01  -1.0390277e+00  -1.1959546e+00  -1.1187931e+00  -1.4183520e+00  -1.5869447e+00  -1.7105254e+00  -1.7905288e+00  -1.8529320e+00  -1.7145496e+00
   2.2996438e+00   9.5346468e-01   1.4340299e-01  -2.8589178e-01  -5.9597463e-01  -4.8554955e-01  -6.5863637e-01  -7.6109941e-01  -9.3624364e-01  -1.0087228e+00  -1.1572562e+00  -1.3152212e+00  -1.2579369e+00  -1.2941960e+00  -1.2599826e+00  -1.1706895e+00
   2.6608380e+00   1.1978767e+00   1.3414826e-01   1.7767803e-01  -3.5808661e-01  -2.5293549e-01  -3.9578412e-01  -1.1962988e+00  -1.0792849e+00  -8.6276454e-01  -1.5102835e+00  -1.8963613e+00  -2.1591626e+00  -1.9759750e+00  -1.9147771e+00  -1.9672012e+00
   2.7190135e+00   1.9199049e+00   1.4531556e+00   6.0089280e-01   7.5580061e-02   1.1985209e-01  -3.0109292e-02  -6.7247099e-01  -7.1665495e-01  -1.3352249e+00  -1.4737573e+00  -1.6689860e+00  -1.8689973e+00  -1.9406131e+00  -1.8833362e+00  -1.9118187e+00
   2.8312288e+00   1.9352938e+00   1.5105565e+00   5.1808288e-01   2.0492168e-03   1.8402134e-02  -1.3105548e-01  -8.3331091e-01  -7.9402422e-01  -1.1563901e+00  -1.4674203e+00  -1.8319836e+00  -1.9738137e+00  -2.1414936e+00  -1.9738956e+00  -2.1540822e+00
   2.4152967e+00   1.8135827e+00   9.0349516e-01  -2.7581215e-02   4.0536135e-03   1.0093075e-01  -5.3351894e-01  -7.6613523e-01  -8.3577218e-01  -8.9979074e-01  -1.1111124e+00  -1.2741553e+00  -1.2895623e+00  -1.2503503e+00  -1.1808513e+00  -1.2329326e+00
   2.4476515e+00   1.9442253e+00   1.6498987e+00   1.1269274e+00   3.5906621e-01   1.6482259e-01  -1.9818320e-01  -5.8645724e-01  -9.0515166e-01  -9.8871053e-01  -1.1770067e+00  -1.3830388e+00  -1.3979572e+00  -1.4056776e+00  -1.2976597e+00  -1.4449868e+00
