   2.9452758e+00   1.7485423e+00   9.2171822e-01   1.0933098e+00   5.1608785e-01   6.2013307e-01   1.3314084e-01  -2.5173200e-01  -2.9187594e-01  -1.0274121e-01  -1.0389958e-01   5.6207351e-02   9.7883451e-02  -1.5563224e-01  -2.1597142e-01  -2.7383124e-01
   2.8444146e+00   2.1987935e+00   1.2518568e+00   5.6913655e-01   4.5933304e-01   6.9099501e-01   3.8362158e-01  -2.7097034e-02   1.2239251e-01   5.0908079e-01   3.3393888e-01   2.6605798e-01  -2.7558292e-01  -2.8680415e-01  -2.3207152e-01  -9.5095820e-02
   3.6211741e+00   2.1048485e+00   5.1177700e-01   1.0201369e+00   5.8603431e-01   4.3987075e-01   6.1201373e-01   6.2635652e-01   5.5581686e-01   7.4500275e-01   4.0226626e-01   5.2956010e-01  -1.0838059e-01  -1.4493017e-01  -2.2930345e-02   4.1955009e-02
   3.5375693e+00   1.8883618e+00   1.0768032e+00   6.4389185e-01   7.3655455e-01   5.5591026e-01   5.8370457e-01   2.2029747e-01  -1.5209072e-02   4.5467272e-01   4.5223448e-01   1.3149431e-01  -8.0702202e-02  -2.0907213e-01   3.7190248e-02   4.8036577e-02
   3.2381053e+00   1.9939996e+00   1.3800283e+00   5.3260353e-01   4.7271839e-01   8.9877830e-01   6.2486122e-01   3.1246548e-01   3.8169000e-01   2.3107793e-01  -1.0489789e-02   1.1691735e-01  -2.3190031e-01  -4.2232401e-01  -3.0200421e-01  -6.5160498e-02
   2.6284458e+00   1.6457139e+00   9.6486510e-01   3.7774474e-01   3.0873120e-01   7.5036000e-01   7.3203981e-01   2.9769307e-01   4.0303226e-01   3.1424005e-01   1.6202528e-01   2.5219594e-01  -8.6150198e-02  -3.1612800e-01  -1.4817798e-01  -3.0877215e-01
   2.6703547e+00   1.9921405e+00   1.0284195e+00   7.0231303e-01   5.0576560e-01   6.0477239e-01   3.3010606e-01   2.7039760e-01   2.0854095e-01   3.0041763e-01   3.3121997e-01   3.1611412e-01  -2.5201594e-01  -4.5686144e-01  -3.2678433e-01  -4.0674033e-01
   2.1313116e+00   2.1986721e+00   1.0470998e+00   6.6464071e-01   3.4912818e-01   4.0912548e-01   5.7517297e-01   9.2861224e-01   8.9297623e-01   5.3587660e-01   1.6395935e-01   1.4941127e-01  -2.5040177e-01  -2.7203325e-01  -3.9078764e-01  -3.4893346e-01
   2.4592933e+00   2.3344689e+00   1.6762405e+00   1.3409338e+00   8.9405710e-01   6.5306821e-01   3.7138218e-01   4.7184511e-01   4.0763096e-01   8.6646941e-01   6.0455582e-01   5.7902961e-01  -1.8528455e-01  -3.2252320e-01  -2.7858008e-01  -3.3292751e-01
   2.2033612e+00   2.0713910e+00   1.3749434e+00   7.1360718e-02   4.9196677e-01   7.1118697e-02   2.2183174e-01   2.2523879e-01   3.1851770e-01   4.3474164e-01   2.2985541e-01   4.3183079e-01  -3.2399965e-01  -2.5316435e-01  -3.2448180e-01  -3.2135710e-01
   2.5631007e+00   1.7000990e+00   4.3042432e-01   5.8903500e-01   7.2492571e-01   6.4421822e-02   4.2669403e-01   3.1511549e-01   4.6334906e-01   2.4956466e-01   2.4647413e-01   4.4012395e-02  -3.9769479e-01  -2.5414804e-01  -3.7023656e-01  -4.2275177e-01
   2.3604991e+00   1.5203097e+00   7.5028413e-01   8.7461371e-01   6.9934800e-01   5.7427723e-01   4.1634961e-01   2.5551091e-01   5.6636282e-02   2.5722671e-01  -1.7851359e-01   1.3505480e-01  -7.4505597e-02  -2.7010539e-01  -4.4705055e-01  -4.5935597e-01
   2.0616767e+00   1.8062723e+00   7.0147717e-01   4.0797581e-01   4.3512484e-01   8.6202460e-01   4.4226181e-01   3.4669924e-01   1.9880692e-01  -9.9993713e-02   9.7244303e-02   3.7659433e-01  -2.8357809e-01  -5.3474529e-01  -6.2122199e-01  -4.5586562e-01
   2.2774791e+00   1.1894390e+00   7.8095349e-01   8.2658051e-01   8.2354933e-01   7.9985832e-01  -2.4975145e-02   2.9720536e-01   9.4522722e-02   1.5537805e-01   2.0948510e-01   3.7311691e-01  -1.4371939e-01  -4.3188248e-01  -2.1111802e-01  -2.1553388e-01
   2.6455097e+00   1.5377495e+00   6.7728334e-01   5.8244232e-01   5.4337190e-01   8.0573831e-01   4.5460448e-01   7.4374107e-01   7.0183145e-01   4.6050541e-01   6.5592919e-01   5.1749229e-01  -5.0173439e-02  -2.7482916e-01  -1.5005185e-01  -1.2341933e-02
   2.8974883e+00   2.1615742e+00   9.5516593e-01   6.3358789e-01  -7.4499342e-02   1.9352652e-01   2.4627623e-01   5.0519701e-01  -3.9393058e-02   1.1633453e-01   1.7075372e-01   3.5726042e-01  -1.6107745e-01  -1.4208237e-01   3.9364646e-02  -2.9123799e-01
   2.4838871e+00   1.3430651e+00   1.1340589e+00   5.3698955e-01   4.6232745e-01   4.1641033e-01   8.4167587e-01   7.4827938e-01   3.7775950e-01   4.3909525e-01   4.8973626e-01   1.6752995e-01  -2.3814060e-01  -1.5534910e-01  -5.7398864e-02  -2.0661136e-01
   3.2028383e+00   9.7850562e-01   9.3433158e-01   8.3457882e-01   3.9760221e-01   8.7876643e-02   4.1624735e-01   6.8283533e-01   5.3234744e-01   3.3523215e-01   3.4370372e-01   3.2535577e-01  -3.0951732e-01  -3.2506258e-01  -2.3376675e-01  -1.7565462e-01
   2.9545528e+00   1.2709609e+00   8.4549336e-01   8.1440446e-01   5.9328906e-01   7.3520693e-01   4.1494947e-01   4.2718016e-01   3.3448187e-01   5.2550348e-01   3.8403921e-01   1.7318092e-02  -4.6422409e-02   3.3530052e-02  -5.5628755e-02  -1.4334169e-01
   3.3217376e+00   1.1459387e+00   7.3155055e-01   7.7067368e-01   1.0234156e+00   9.1803242e-01  -1.2873386e-01   4.3005610e-01   4.6165627e-01   1.8818774e-01   3.3995198e-01  -6.6524642e-02  -6.0436131e-02  -3.4114366e-01  -4.2358087e-01  -2.9142283e-01
   2.8487690e+00   1.7586347e+00   1.2694749e+00   1.1673961e+00   7.8832185e-01   6.3322976e-01   1.2567171e-01   2.4343923e-01   2.1666699e-01  -8.5513109e-02  -3.1288877e-01  -4.9327692e-02  -6.9513864e-01  -9.0874619e-01  -5.6630516e-01  -3.6289356e-01
   2.4402640e+00   1.5644448e+00   8.3088678e-01   5.9369546e-01   6.5699258e-01   5.2052841e-01  -7.2284206e-02   2.9799932e-01   4.7484646e-01   6.0467748e-01   3.4892311e-01   4.7598206e-01  -3.2225256e-01  -7.7949148e-01  -4.3168235e-01  -1.6227730e-01
   2.5600197e+00   1.3812182e+00   8.2091745e-01   7.4070580e-01   8.0162619e-01   6.0429001e-01   1.5894359e-01   3.5311908e-01   5.8266328e-01   8.1188158e-01   1.8697310e-01   2.2475256e-01  -2.9280070e-01  -6.2811678e-01  -5.3828303e-01  -3.0898009e-01
   2.4292117e+00   1.6040335e+00   4.7039160e-01   9.4727205e-01   4.6496868e-01   3.8966331e-01   3.4584310e-01   6.4622209e-01   5.3770095e-01   3.7479365e-01   6.9322009e-02  -1.1969491e-02  -3.4333228e-01  -3.7141263e-01  -4.6708335e-01  -3.0583876e-01
   2.8893742e+00   1.5785528e+00   7.5612142e-01   1.0303302e+00   7.1087255e-01   3.1797690e-01   3.5009534e-01   4.2481891e-01   5.7408539e-01   3.2903563e-01  -3.4426403e-03   4.1429961e-02  -4.4301592e-01  -6.5090904e-01  -2.7392207e-01  -2.0647661e-01
   3.1582067e+00   1.3280458e+00   6.1235762e-01   9.4342582e-01   7.7778676e-01   7.5915116e-01   4.1262808e-01   3.9803525e-01   3.8405506e-01   3.5988474e-01   2.4002373e-01   1.6387544e-01  -4.4915629e-01  -6.1359265e-01  -2.0966835e-01  -2.0181196e-01
   2.7133043e+00   1.8367825e+00   1.2817297e+00   7.7503915e-01   5.7284065e-01   4.6612851e-01   2.9229554e-01   2.5998519e-01   2.1057669e-01   4.6789072e-01   7.6108296e-02   1.5731855e-01  -3.0334839e-01  -3.3808415e-01  -2.3792857e-01  -3.0155306e-01
   2.3017509e+00   2.0561136e+00   1.0078590e+00   1.0581824e+00   1.1486488e+00   1.3377593e+00   7.2131149e-01   4.2575508e-01   3.2766411e-01   4.1704499e-01   8.7663011e-03   1.0889848e-01  -3.8663456e-01  -4.3180254e-01  -4.5404688e-01  -3.7888117e-01
   2.8435975e+00   2.5290916e+00   1.2882192e+00   9.6443716e-01   5.8806708e-01   9.5742030e-01   6.7385945e-01   1.9385421e-01   1.7395327e-02   6.0417220e-01  -1.5175982e-01   2.0779492e-01  -1.1413592e-01  -4.3996366e-01  -2.8870072e-01  -1.9540710e-01
   3.0474932e+00   2.3673650e+00   1.1560712e+00   6.4130177e-01   5.9941883e-01   6.5689005e-01   1.0718378e-01   6.8541839e-01   4.0626156e-01   6.5758477e-01   1.6620454e-01   2.4675562e-01  -4.0437262e-01  -5.7884948e-01  -5.3145439e-01  -6.0909379e-01
   2.7258579e+00   1.6134722e+00   6.7742902e-01   5.6727967e-01   6.7359875e-01   6.7312960e-01   1.5488552e-01   8.6246225e-01   5.4478651e-01   4.1258438e-01  -8.4779174e-02   1.5276235e-01  -9.6984413e-02  -4.4371334e-01  -5.6778414e-01  -6.7409917e-01
   2.8732388e+00   1.5584246e+00   9.7722508e-01   1.1152384e+00   1.0953797e+00   8.7605198e-01   4.6153547e-01   6.3115352e-01   6.7751291e-01   3.8096636e-01  -5.8403633e-02   8.9932291e-03  -2.3943410e-01  -2.1720678e-01  -5.2961759e-01  -4.2474368e-01
   3.2362806e+00   1.6127557e+00   8.4971420e-01   7.5261982e-01   6.4031242e-01   3.1085192e-01   2.4838058e-01   2.8959969e-01   4.7026859e-01   6.8034675e-01   3.6444963e-01   1.7645170e-01  -6.6828968e-02  -4.0082357e-01  -2.6777384e-01  -1.0395399e-01
   3.1127425e+00   1.6840723e+00   1.0884603e+00   3.8830203e-01   3.9942814e-01   4.7685295e-01   2.7735437e-01   5.6654912e-01   2.9879277e-01   2.3469598e-01  -5.8266148e-02   1.3404102e-01  -1.3074370e-01  -6.0655041e-01  -5.7827320e-01  -3.6751455e-04
   3.1426376e+00   1.6845842e+00   3.8526087e-01   6.1971587e-01   3.6796842e-01   9.0437663e-01   5.4243661e-01   1.7371002e-01   3.4257296e-01   2.6798438e-01   2.8346330e-01   4.1014845e-01  -8.7392981e-03  -3.4416011e-01  -2.0898747e-01  -7.1240764e-02
   2.8444927e+00   2.2692557e+00   8.2512607e-01   9.7143592e-01   3.3264243e-01   5.9728507e-01  -2.3889861e-02   1.4617870e-01   3.8323564e-01   1.6908264e-01   3.5618970e-01   2.9288906e-01  -8.0176255e-02  -4.9092940e-01  -1.8296166e-01  -3.1147436e-01
   2.5676371e+00   1.7873530e+00   1.0317043e+00   9.5850753e-01   3.5589680e-01   2.2843761e-01  -4.4268490e-02   3.6194485e-01   9.3944952e-02   1.5101569e-01   1.0841679e-01   1.0498421e-01  -5.0129687e-01  -3.6423740e-01  -3.3415433e-01  -2.7675378e-01
   2.8474052e+00   1.7534806e+00   1.1669380e+00   7.3424394e-01   5.0778222e-01   6.8080912e-01   4.0713769e-01   3.6258286e-01   1.4168591e-01   4.2142937e-01   2.8307803e-01   5.0625984e-01   3.9172115e-01  -5.6834808e-02  -6.7025274e-01  -5.6958592e-01
   3.0816919e+00   2.0515379e+00   1.6185383e+00   1.2104960e+00   2.1250699e-01   4.1752629e-01   3.9325469e-01   2.5643518e-01   1.7346049e-01   8.2079497e-02  -1.5850545e-01   6.8247018e-01   5.4952551e-01  -5.6458579e-04  -3.3001000e-01  -4.5996628e-01
   2.5944672e+00   1.9355839e+00   1.4807051e+00   1.0580181e+00   4.1299996e-01   5.0055282e-01   3.6223534e-01   6.9186972e-02   5.6278343e-02   2.6468157e-01  -9.5516516e-02   7.0895924e-01   6.4038784e-01   1.9441979e-01  -9.5987678e-02  -3.0288142e-01
   2.7027889e+00   2.3219668e+00   1.6034151e+00   1.3862143e+00   5.8165500e-01   6.5414120e-01   2.8104993e-01   1.2514962e-02   4.9020656e-01   5.6415611e-01   1.0490986e-01   6.1429199e-01   5.9466212e-01   2.6396933e-01  -2.3582289e-01  -2.2055833e-01
   3.2531447e+00   1.9746838e+00   1.3018374e+00   9.9776816e-01   4.9517614e-01   4.6714510e-01   4.1835714e-01   7.0068449e-01   4.4939073e-01   3.4488235e-01  -2.5067931e-02   3.9371906e-01   6.1741444e-01   5.9514351e-01  -1.7276853e-01  -4.1004405e-01
   3.3482802e+00   2.3107941e+00   1.0926235e+00   1.2320983e+00   4.8783775e-01   4.4917472e-01   3.2977345e-01   3.4324312e-01   6.3834474e-01   5.9098786e-01   2.5778984e-01   6.7635025e-03   4.9517348e-01   6.3722493e-01   2.8406839e-01   1.8495126e-02
   3.2575194e+00   1.8152470e+00   1.0419954e+00   1.2518337e+00   8.9099696e-01   5.3376167e-01   7.5279746e-02   1.4446087e-01   3.5117685e-01   2.0450675e-01   2.8879348e-01   2.3989518e-01   4.9510178e-01   5.0118931e-01   9.0341343e-02  -5.3253429e-02
   2.7673775e+00   1.8408635e+00   1.2923068e+00   1.1746558e+00   6.6033874e-01   6.8787072e-01   5.8169951e-01   8.6456866e-01   5.4707170e-01  -3.5598435e-03  -4.2950819e-01   6.4965470e-02   5.4543788e-01   6.3576814e-01  -3.5163840e-02  -1.4632445e-01
   3.4442947e+00   2.2392273e+00   1.1314589e+00   5.3625163e-01   1.6476603e+00   2.3447155e+00   1.3937749e+00   4.9252429e-01   4.6353379e-01  -1.9881763e-01  -1.5979175e-01   2.6134830e-02   4.6750454e-01   7.6992200e-01   4.7182669e-02  -1.4699306e-01
   2.7957462e+00   2.4889813e+00   1.4348629e+00   1.2137049e+00   1.2953334e+00   2.3943493e+00   1.4461429e+00   5.2681147e-01   4.0367084e-01   2.7908407e-01   3.0376388e-01   4.4439102e-01   6.0600744e-01   7.6296260e-01   3.0695774e-01   2.2249138e-01
   3.5482306e+00   2.4950574e+00   1.2802912e+00   7.7334977e-01   7.3654858e-01   1.1494923e+00   7.2452542e-01   7.4091429e-01   5.3272236e-01   1.0413287e-01   2.4867193e-01   1.2006307e-01   6.4620420e-01   4.9712445e-01   1.4843971e-01  -4.9898394e-02
   3.4342929e+00   1.8664957e+00   1.0092675e+00   1.1734175e+00   6.2375695e-01   5.5215651e-01   4.5443639e-01   3.1121848e-01   4.2733862e-01   1.3633377e-01   4.4892068e-02   1.8767703e-01   4.3105828e-01   4.4733867e-01   1.1079160e-01  -5.2568363e-03
   2.8648382e+00   1.9146447e+00   1.1647040e+00   4.2609990e-01   4.5440770e-01   4.0691754e-01   4.0513891e-01   4.5142985e-01   2.8327493e-01   8.3872278e-02  -3.8335592e-02   1.8239864e-01   5.8052790e-01   4.9221321e-01   2.9789348e-01  -4.5708543e-02
   2.9002674e+00   2.0823900e+00   1.2922029e+00   4.9875981e-01   2.9524350e-01   2.6984954e-01  -2.0351698e-01   1.5741973e-01   2.8668430e-01   3.0849272e-01  -2.0522925e-02   1.9202527e-01   6.2149164e-01   5.2811983e-01   3.5142083e-01  -8.8206983e-02
   3.0149063e+00   1.5739372e+00   9.5437356e-01   6.4556628e-01   8.9490033e-01   1.3695538e-01   4.6075773e-01   3.5672702e-01   6.2451604e-01   6.7189495e-01   1.9766006e-01   1.8503866e-01   4.3928155e-01   5.8930610e-01   3.2368996e-01   4.8284726e-02
   2.5183990e+00   1.2968578e+00   8.4865236e-01   1.0171472e+00   5.4481057e-01   4.3153510e-01   6.7020342e-01   4.0599969e-01   1.5326466e-01   1.9335318e-01   3.1616694e-01   1.0968202e-01   3.7386577e-01   6.6297172e-01   8.7890461e-02  -1.6366468e-01
   2.4569234e+00   1.5230031e+00   7.7392169e-01   5.5480925e-01  -3.0672529e-03   5.7185636e-01   5.5784414e-01   6.2781570e-02   2.4522914e-01  -7.5862020e-02  -1.0458444e-01   9.0535726e-02   3.6350850e-01   5.6348255e-01   2.0596584e-02  -5.8429989e-02
   2.4083153e+00   1.7979055e+00   1.0302699e+00   7.4314679e-01   4.2212470e-01   2.8730737e-01   5.0374827e-01   2.7887506e-01   2.9064490e-01   3.4087980e-01  -1.2535665e-01  -2.8661118e-01   1.3108796e-01   4.9858739e-01   9.7211251e-02  -9.9971919e-02
   2.5280719e+00   1.7988637e+00   7.4037517e-01   7.1603356e-01   2.2438840e-01   2.6961724e-01  -2.3282361e-02   1.3143764e-01   2.9117217e-01   4.6812835e-01   2.9927767e-01   2.2500643e-01   2.0645965e-01   3.3223699e-01   2.5174283e-02   9.3047716e-02
   2.6612931e+00   1.4275647e+00   7.2895759e-01   6.9832743e-01   7.9241495e-01   5.7939784e-02  -3.5722224e-01   3.4321962e-01   3.3563562e-01   4.5384347e-01   3.0888153e-01   8.6481891e-02   4.4997808e-02   3.6861452e-01  -5.3617529e-02  -1.1843490e-01
   1.9648323e+00   2.1022105e+00   1.0665582e+00   9.6099834e-01   4.0004929e-01  -2.5917729e-01  -3.8967891e-01  -3.1608878e-01  -2.8689953e-02   2.8394228e-01   2.7853514e-01  -1.3858376e-01   1.5023584e-01   4.8874495e-01  -1.8278792e-02  -1.3735946e-01
   2.2113179e+00   1.6989476e+00   7.1010888e-01   4.0148767e-01  -1.4806695e-01   3.4056701e-01   5.1884279e-01   4.4006554e-01   4.5962190e-01   3.4076442e-01   1.8800633e-01   3.8980022e-01   2.0990695e-01   2.4208969e-01  -1.1147551e-01  -2.8282878e-01
   3.0097400e+00   2.1334211e+00   1.1752231e+00   9.6509567e-01   1.7744723e-01   5.2698899e-01   4.8690330e-01   9.5144143e-01   5.7240139e-01   5.7462744e-01   4.7526380e-01   2.0893475e-01   2.3676211e-01   2.0555203e-01  -1.0631049e-02  -2.7748937e-02
   3.0398055e+00   1.6021151e+00   1.3688654e+00   7.2581319e-01   4.9440746e-01   5.6531898e-01   5.7011718e-01   8.0202874e-01   3.3677017e-01   1.5188060e-01   6.1754308e-02  -1.0747685e-02   8.6213487e-02   3.2788942e-01  -1.5858039e-01  -2.2066252e-01
   2.6766781e+00   1.0662188e+00   9.0051570e-01   8.3714817e-01   4.6855558e-01   5.2402324e-01   1.9005871e-01   2.8696281e-01   3.0345840e-01   5.9861550e-01   4.4593865e-01   4.3379329e-01   3.1261200e-01   1.0199119e-01   7.4230257e-02  -4.5261402e-02
   2.8281178e+00   1.7487889e+00   9.9852598e-01   8.3576672e-01   5.0903857e-01   4.3499036e-01   3.2673019e-01   5.4204612e-01   6.5556796e-01   2.8073988e-01   2.2220228e-01   3.3067254e-01   1.9895247e-01   3.0374282e-01  -7.5271563e-02  -6.6010013e-02
   2.3748485e+00   1.4912475e+00   1.0796519e+00   4.2837276e-01   1.3345472e-01   7.6405529e-01   8.4500959e-01   7.1606938e-01   9.0456034e-01  -2.4640213e-02  -7.2146148e-02   2.8330203e-01   2.5141378e-01   2.3265292e-01   7.5416832e-02  -1.4635838e-01
   1.6735391e+00   1.2191502e+00   9.9054363e-01   3.0961049e-02  -3.8508904e-02   4.8000332e-01   5.0373195e-01   3.7945880e-01   4.3972755e-01   3.2084538e-01   8.2673430e-02   1.3633753e-01   3.6582601e-02   9.1353908e-02  -3.9121191e-01  -3.9506107e-01
   2.2724096e+00   6.4928989e-01   7.9007396e-01   1.1107530e+00   7.3981577e-01   2.4180943e-01   2.7435641e-02   1.7903951e-01  -5.9636415e-02   1.1450570e-01   2.2889632e-01   3.1131902e-01   2.2022618e-02   2.6727839e-01  -2.7383624e-01  -3.5822224e-01
   3.2187079e+00   1.2887441e+00   7.2537985e-01   5.7072992e-01   3.8650207e-01   1.1908033e-01   3.0076982e-02   6.7337804e-01   5.0211475e-01  -6.2876471e-02  -1.2983446e-01  -1.1396083e-01   1.1328650e-01  -7.5720609e-02  -4.0484555e-01  -4.2433830e-01
   3.3355891e+00   1.9074972e+00   9.6189323e-01   6.0125144e-01   2.9965561e-01   7.9306635e-02   1.2117737e-01   2.3339787e-01   1.7072343e-01   4.1630827e-01  -5.4282569e-02   8.5086274e-02   1.8192806e-01   2.2532984e-02  -3.3721680e-01  -4.5904409e-01
   2.4808952e+00   1.8445645e+00   9.2629909e-01   4.7988921e-01   2.5321190e-01   2.7944318e-01   4.8139204e-01   4.6508799e-01   2.6755369e-01   5.9601919e-01   1.0478808e-01   1.2214763e-01   3.9832625e-02   1.4566595e-01  -2.7134364e-01  -2.5010568e-01
   1.8986505e+00   1.4717576e+00   8.6998651e-01   7.5588397e-01   7.5813535e-01   1.0167458e+00   7.4042772e-01   5.5466902e-01   5.3688103e-01   5.1570503e-01   2.3549120e-01   2.6084106e-01  -1.4169853e-01  -4.7476893e-02  -3.6196847e-01  -1.9669196e-01
   2.1911043e+00   7.2784969e-01   5.6685372e-01   8.7645040e-01   2.0558701e-01   6.5234701e-01   2.9592096e-01   6.8354287e-01   7.6774008e-01   2.8413796e-01   3.1678664e-02   2.5853274e-01  -2.1990471e-01  -1.0061611e-01  -2.5088671e-01  -4.3982750e-01
   2.3734509e+00   1.8768226e+00   9.6577176e-01   8.0706520e-01   8.4164588e-02   6.6105832e-01   4.8346291e-01   1.2456159e-01   4.6791272e-01   2.6743415e-01  -1.1205419e-01  -2.5064108e-01  -2.6801060e-01  -9.0403565e-02  -4.9394682e-01  -6.5548997e-01
   2.2210328e+00   1.6461876e+00   5.0338753e-01   4.6788201e-01   4.6381276e-01   1.9079335e-01   4.2723353e-01  -3.9534604e-01   4.4066565e-01   5.6493071e-01   1.0262148e-01   3.4313514e-02  -3.9201450e-01  -1.3850880e-01  -4.7580552e-01  -6.0720971e-01
   3.3121482e+00   2.0110367e+00   5.1402047e-01   5.7415804e-01   3.0625164e-01   1.6003837e-01   3.3778242e-01   3.4643861e-01   4.5694525e-01   3.5167783e-01   2.3397472e-01  -1.3109190e-01  -4.2285955e-01  -1.9431315e-01  -3.5260035e-01  -2.5221811e-01
   2.9027827e+00   2.0367874e+00   1.1913266e+00   9.7737892e-01   3.8812833e-01   2.5775833e-01   3.6651047e-01   3.7471619e-01   4.3856184e-01   2.0344796e-01   1.8488759e-01  -4.2546413e-01  -3.7245723e-01  -3.3110755e-01  -3.2294067e-01  -3.5285730e-01
   2.6772832e+00   1.1807377e+00   4.1136252e-01   3.3342745e-01   1.6232708e-01   9.3446780e-01   5.6967037e-01   4.9324213e-01   5.7585966e-01   4.5568567e-01   2.3361454e-01  -2.0624567e-01  -5.7323128e-01  -3.5511552e-01  -3.8358889e-01  -5.4946675e-01
   2.7683772e+00   1.5355873e+00   9.4377827e-01   7.7712450e-01   4.6381935e-01   6.6571743e-01   1.0361910e-01  -2.0393612e-03  -8.6171002e-02  -8.3475601e-02   1.6074260e-01  -2.9703904e-01  -2.2298064e-01  -1.4940486e-01  -6.0861827e-01  -5.6961545e-01
   2.8272774e+00   1.7060285e+00   8.9766525e-01   2.2285646e-01   2.9696555e-01   2.0860269e-01  -9.4544981e-03  -1.1145818e-01   2.9571805e-01   1.9045994e-02  -3.3798566e-01  -2.2373781e-01  -4.8153119e-01  -2.0378150e-01  -3.9248414e-01  -6.0897647e-01
   2.4790663e+00   1.4342793e+00   7.4582298e-01   3.7711204e-01   5.5427731e-01   3.0177598e-01   2.2863025e-01   1.5217367e-01   2.1364735e-01   1.6351527e-01  -5.4770531e-02  -7.7117456e-02  -4.7118306e-01  -4.8076893e-01  -4.3042592e-01  -4.7292292e-01
   2.3183085e+00   9.6700080e-01   7.6011129e-01   9.6879442e-01   6.9589390e-01   3.3024641e-01   1.5323973e-01   1.1989573e-01  -6.7439848e-02  -8.4962445e-02  -9.7670307e-02  -3.4819732e-01  -4.4276199e-01  -5.2859215e-01  -5.0667516e-01  -3.4777906e-01
   2.6432538e+00   1.5286035e+00   5.1133836e-01   4.6822849e-01   2.3794576e-01   7.2502635e-01   2.2964424e-01   2.3128356e-01   2.7819984e-01   4.8007967e-01   4.2212946e-02  -4.3929762e-01  -5.7277254e-01  -6.7046392e-01  -5.8555380e-01  -5.9890945e-01
   2.1761943e+00   1.2952114e+00   6.7415447e-01   5.3387652e-01   6.2004517e-01   3.4177779e-02   4.7857843e-01   5.4048597e-01   3.7861636e-01   1.3160187e-01   1.1269322e-01  -4.7668693e-02  -4.4253043e-01  -4.2306329e-01  -5.6865072e-01  -5.1305101e-01
   2.6485188e+00   6.9767607e-01   8.3487049e-01   3.4640866e-01   2.9006031e-01   2.3098643e-01   2.8434124e-01  -1.2223881e-01   4.4421089e-02   1.8124346e-01   1.2703489e-01  -1.3967051e-01  -2.4390462e-01  -6.7149049e-01  -5.9567989e-01  -4.8920215e-01
   2.9180836e+00   1.3846495e+00   9.4287781e-01   7.8512300e-01   3.0008703e-01   2.8178095e-01   9.2651681e-02   3.1460213e-01   3.2828782e-01   4.1883550e-01  -1.1774648e-01  -4.9152647e-01  -1.9086735e-01  -5.6950444e-01  -5.3811571e-01  -6.8308338e-01
   2.8354764e+00   1.7026778e+00   1.0931755e+00   9.5167031e-01   7.2548790e-01   3.7618175e-01   3.1289951e-01   2.8669195e-01   4.2386187e-01   3.1194478e-01   3.3291012e-02  -4.5497676e-01  -4.6560475e-01  -2.2536996e-01  -3.2958872e-01  -5.0373027e-01
   3.1335389e+00   1.5142283e+00   8.3425071e-01   1.2526120e+00   6.4477593e-01  -4.5893559e-03  -7.9292538e-02   2.6263734e-01   4.6133430e-01   3.1229528e-01   1.8247046e-01   1.8561391e-02  -4.8948891e-01  -6.4921516e-01  -5.8025710e-01  -2.8411542e-01
   3.0100028e+00   1.7657207e+00   9.9598891e-01   7.3396069e-01   5.2379404e-01   6.2207247e-01  -1.0880847e-01   2.2810951e-01   4.1413495e-01   4.7637651e-01   1.6963985e-01  -1.5319514e-01  -4.6238463e-01  -5.9669763e-01  -5.3591627e-01  -3.8502108e-01
   2.3626602e+00   1.8538065e+00   5.1160603e-01   3.4500306e-01   5.4068676e-01  -1.7725562e-01   3.4698522e-01   2.3003477e-01   4.0857015e-01   9.9439194e-02   9.7285938e-02  -9.5207401e-02  -3.3173165e-01  -3.0548741e-01  -4.7742025e-01  -3.6509470e-01
   2.0496277e+00   1.5153708e+00   9.5446384e-01   6.2305596e-01   3.0298636e-01   3.1708309e-02   4.4173688e-01   4.9453550e-01   1.3477217e-01   1.8202227e-02  -1.3866036e-01  -2.5945879e-01  -6.8408551e-01  -8.5305638e-01  -7.5025998e-01  -4.7054188e-01
   2.4500330e+00   6.9481615e-01   6.3646709e-01   7.4075673e-01   2.9745823e-01   4.5263576e-02  -1.2159590e-02   2.3684420e-01   7.2880670e-02  -1.0144677e-01   4.9760341e-02  -9.4267270e-02  -6.9473388e-01  -7.2055603e-01  -6.5191647e-01  -6.4560441e-01
   2.8908981e+00   1.7786959e+00   1.1782927e+00   7.0411016e-01  -7.4106563e-02   7.1490740e-02   1.3629739e-01   2.8218118e-01   2.4867654e-01   2.3556423e-01   1.3952234e-01  -1.1750763e-01  -6.0019999e-01  -6.4374272e-01  -8.0603481e-01  -6.6313316e-01
   1.9821417e+00   1.3242853e+00   6.1923969e-01   1.4531834e-01  -2.4285969e-01   2.4700118e-01   4.9646284e-01   6.4794866e-01   3.8464741e-01   8.9275241e-04   2.4868061e-01  -1.1556286e-01  -4.8163966e-01  -7.4036511e-01  -6.4479922e-01  -7.0641183e-01
   2.4403917e+00   1.4820233e+00   8.3807010e-01   1.5911892e-01  -2.0819406e-01   5.3320428e-01   5.9764055e-01   3.1438637e-01   1.5820407e-01   4.7957636e-02   1.2483565e-01   6.3766602e-02  -4.7996863e-01  -6.5200700e-01  -6.5364584e-01  -5.2660982e-01
   2.4519820e+00   1.5272334e+00   6.8612810e-01   8.7462267e-01   5.1974588e-01   2.8197039e-01   3.0615508e-01   4.6082044e-01   3.2352476e-01   2.1638769e-01  -1.6700355e-01  -1.7024531e-01  -4.1872872e-01  -6.0649556e-01  -4.0523587e-01  -6.2388539e-01
   2.5959331e+00   1.9056311e+00   7.0542286e-01   5.3817530e-01   4.1148365e-01   4.6215759e-01   3.2257930e-01   3.4020762e-01   2.1215679e-01   5.3828495e-02  -1.1181203e-01  -3.0572672e-01  -4.4810902e-01  -4.3662285e-01  -6.9760439e-01  -6.3298515e-01
   2.4076457e+00   2.3248019e+00   1.1383263e+00   3.0114877e-01   1.9574119e-01   2.6985156e-01  -1.1182603e-01   2.0530550e-01   3.5446209e-01   9.4194608e-02   1.6042283e-02  -2.0894903e-01  -4.8640339e-01  -6.9437548e-01  -5.0565999e-01  -5.2054740e-01
   1.6862359e+00   1.5703304e+00   9.8314849e-01   5.5726036e-01   6.7622306e-01   5.3653526e-01   3.5361307e-01  -3.4845036e-02   5.7441193e-02   7.1894539e-02  -4.1286799e-01  -5.5571333e-01  -4.9013524e-01  -7.4391135e-01  -6.0826987e-01  -2.9402169e-01
   2.4217801e+00   1.3271690e+00   5.5423690e-01   5.6496562e-01   5.6843357e-01   4.1459771e-01   3.9595544e-01   1.0761683e-01   8.7747501e-02   8.6050755e-02   3.1306729e-01   4.1549854e-02  -3.2618288e-01  -7.2641030e-01  -5.7536177e-01  -3.2366110e-01
