   3.0497492e+00   1.9423243e+00   8.7450783e-01   7.8761238e-01   2.8360162e-01   6.9441390e-01   3.1496332e-01   8.1120911e-02   1.4480013e-01   5.1519844e-01   3.1111193e-02  -2.0800923e-01  -5.6644585e-01  -7.1519670e-01  -3.0528043e-01  -1.9529634e-01
   3.1944751e+00   1.5046496e+00   8.4463136e-01   1.0999137e+00   5.3257288e-01   5.6230565e-01   2.6567151e-01   2.5332342e-01   5.3917589e-01   2.9317025e-01   5.0340362e-02  -1.2447736e-01  -2.5178293e-01  -4.3484209e-01  -2.4603491e-01  -2.8032850e-01
   2.3600244e+00   1.3924525e+00   4.1292887e-01   9.8629126e-01   6.5211468e-01   2.2093853e-01   1.5439165e-01  -1.7110220e-01  -1.6893649e-01   4.7102261e-01   2.5930155e-01  -9.9300974e-03  -4.3256815e-01  -6.0254501e-01  -3.8902923e-01  -5.8707294e-01
   2.2330196e+00   1.6669995e+00   6.1197704e-01   7.1743629e-01   7.3952140e-01   4.0240979e-01   4.5103231e-01   5.7050218e-01   4.7051534e-01   1.5964227e-01  -2.6658250e-01  -1.6449844e-01  -3.3378395e-01  -4.3691909e-01  -3.6064249e-01  -2.1916164e-01
   2.4958586e+00   1.6636368e+00   5.1432328e-01   2.9061210e-01   6.7772563e-01   2.9381940e-01  -6.0942277e-04   3.4625020e-01   2.7588721e-01   1.6257668e-01   7.7823534e-02   3.7481758e-01   1.2481487e-01  -5.9119315e-01  -4.2284873e-01  -2.2592299e-01
   2.6118797e+00   1.7969068e+00   6.6960952e-01   7.4154442e-01   7.6252654e-01   7.2568124e-01   5.0004318e-01   4.2014917e-01   5.0526911e-01   2.5023648e-01   5.4594719e-01   4.1144462e-01  -1.0557043e-01  -3.5982173e-01  -6.2584892e-02  -1.6039170e-01
   3.0831581e+00   2.1231523e+00   9.4038781e-01   5.7725336e-01   4.7532705e-01   1.9732104e-01   1.7020595e-01   2.5800358e-01   3.4613468e-01   3.2719226e-01   3.6777719e-01   3.5873600e-01  -1.2590851e-01  -3.0336358e-01  -3.7971059e-01  -9.3130850e-02
   2.5653223e+00   1.7937830e+00   9.1965756e-01   2.9435832e-01   5.1596912e-02  -1.8418184e-01   3.7256918e-01   4.4743999e-01   4.4346324e-01   1.6561630e-01  -1.0456698e-02   2.3592857e-01  -4.0656023e-01  -4.2486965e-01  -3.1180557e-01  -1.7475790e-01
   2.9341899e+00   1.9109931e+00   5.9733859e-01   3.0531476e-01   1.4891665e-01   3.5113761e-01   4.0970452e-01   3.2857775e-01   2.7836218e-01   6.2526682e-01   3.2859157e-01   1.2107389e-01  -2.4198456e-01  -3.6005825e-01  -2.8393468e-01  -2.6861643e-01
   3.2554199e+00   1.9301363e+00   1.0360296e+00   6.4825501e-01   1.8083981e-01   3.4543930e-01   2.3882207e-01   3.3377612e-01   5.9334343e-01   6.6861147e-01   3.1055309e-01   6.7556965e-02  -7.0945453e-02  -2.3948513e-01  -2.1849018e-01  -1.9656094e-01
   3.1379061e+00   1.0421513e+00   4.8383864e-01   9.2697826e-01   5.8831264e-01   4.3705434e-01   4.0554374e-01   4.1015139e-01   3.3388785e-01   4.0703898e-01   1.0512137e-01  -1.5828950e-01  -7.9904444e-02  -4.1326425e-01  -2.8638155e-01  -3.6041517e-01
   2.8598859e+00   1.7018083e+00   8.2298633e-01   4.6191174e-01   5.2284523e-01   5.4519094e-01   3.5516440e-01   4.9054696e-01   6.6360862e-01   5.1503853e-01   1.4112028e-01  -5.6937101e-02  -4.1833898e-01  -4.7212585e-01  -4.5346024e-01  -2.6091262e-01
   2.4896682e+00   1.4128773e+00   9.3132093e-01   5.7225978e-01   7.6479567e-01   1.1572124e-01   3.7921695e-01  -2.4145969e-02  -9.3948863e-02   6.5215691e-01   4.5409981e-01   1.4756758e-01  -3.6933735e-01  -3.4423481e-01  -2.8265902e-01  -3.2989961e-01
   2.3991817e+00   1.7206013e+00   1.0190332e+00   6.8690619e-01   7.9686555e-01   6.6327040e-01   3.6426642e-01   3.9697652e-01   6.8929703e-01   1.0684973e+00   6.8760130e-01   5.3226242e-01  -3.6388123e-02  -2.7622314e-01  -2.0975571e-01  -1.7555950e-02
   2.5783359e+00   1.7852423e+00   9.9801654e-01   1.0974671e+00   4.9124266e-01   7.8124541e-01   1.8389727e-01   3.9617972e-01   4.8105097e-01   3.7608773e-01   6.4363140e-01   4.9346312e-01  -3.2148793e-01  -1.7861642e-01  -4.9997649e-02  -4.2906568e-02
   2.5723395e+00   1.6516893e+00   3.5496247e-01   8.5119840e-01   1.0710846e+00   7.1163276e-01   1.9364447e-01   2.2927092e-01   1.8040066e-01   6.4182297e-02   8.2317349e-02  -5.4048137e-02  -4.8638034e-01  -4.3271953e-01  -1.6755604e-01  -3.6218105e-01
   2.5157532e+00   1.8530762e+00   8.7054013e-01   1.1722111e+00   2.8490495e-01   2.2114152e-01  -3.9461022e-03   6.4804498e-01   8.0197304e-01   5.5986695e-02   2.1634866e-01   2.2593203e-01  -1.9193275e-01  -5.6807337e-01  -2.4011530e-01  -1.7083415e-01
   2.8584078e+00   1.5023679e+00   1.2992352e+00   1.4256791e+00   7.8292314e-01   5.4449892e-01   7.2410293e-01   2.7995934e-01   4.9997340e-01   9.1060262e-01   4.3422783e-01  -6.5321218e-02   6.0367302e-02  -2.2076119e-01  -1.7665442e-01   1.6355443e-01
   2.6398731e+00   2.0548095e+00   9.2364856e-01   9.1609097e-01   8.5057418e-01   7.0268184e-02   8.2838084e-01   6.7925731e-01   5.7815164e-01   5.7253966e-01   6.6781529e-01   1.2311255e-01  -2.5251896e-01  -2.2260049e-01  -2.5375978e-01  -2.3162550e-01
   2.9326664e+00   1.7729952e+00   8.3446128e-01   8.4839047e-01   6.7667653e-01   5.8515891e-01   5.9691067e-01   5.4596066e-01   4.3926177e-01   7.4984850e-01   2.0291988e-01   2.6155417e-01   7.9506043e-02  -1.8397841e-01  -2.2624116e-01  -1.5657729e-01
   2.6337161e+00   1.6946190e+00   1.1005893e+00   9.0405580e-01   3.2629855e-01   5.2188966e-01   2.5168587e-01   5.7681285e-01   9.3551001e-01   7.2529962e-01   4.6170958e-01   1.3382143e-01  -1.3076430e-02  -2.1025210e-01  -1.1947866e-02   8.2094952e-02
   3.0695305e+00   1.9104542e+00   1.3233183e+00   1.4913438e+00   8.0923077e-01   1.1706064e-01   3.1017996e-01   4.6752781e-01   1.0598051e-01   2.9840528e-01   3.7724203e-01   1.3272966e-02  -2.0562804e-01  -1.0147433e-01  -2.4186146e-02  -2.2252146e-01
   3.1176559e+00   1.3899704e+00   6.7046601e-01   1.1260652e+00   9.7813234e-01   1.0498120e+00   8.2309722e-01   6.4022673e-01   1.3177474e-01   3.2647371e-01   3.1469217e-01   4.6506558e-01  -6.4361060e-02  -7.9578244e-02  -1.5256785e-01  -2.4644645e-01
   3.4537869e+00   1.9689310e+00   2.9009837e-01   6.3667257e-01   8.7389005e-01   4.9092608e-01   4.6176229e-01   3.2644102e-01   5.5952280e-01   5.9196209e-01   5.4117219e-01   3.9511332e-01   7.5068205e-02  -2.2038759e-01  -1.3304653e-01  -6.3698887e-02
   3.5788896e+00   1.7754913e+00   1.1158626e+00   1.1187201e+00   9.3939937e-01   5.4294548e-01   8.2652922e-02   2.6421661e-01   8.7505031e-01   1.1400272e+00   9.8079935e-01   6.8026772e-01   3.9227738e-01  -4.1531069e-02  -1.4624015e-01  -2.7950025e-01
   3.5608868e+00   1.3070258e+00   1.0600479e+00   1.1044205e+00   5.1264883e-01   6.8256348e-01   3.9109928e-01   5.4256450e-01   6.2654283e-01   4.4296506e-01   3.9228398e-01   2.8134467e-01  -3.6821957e-01  -2.7383232e-01  -1.3418175e-01  -1.2047703e-01
   3.5745760e+00   1.9296303e+00   1.1954809e+00   1.1522034e+00   5.7660742e-01   7.2247389e-01   4.8654808e-01   3.1472936e-01   3.7662183e-01   7.4982402e-01   4.4526366e-01  -1.1266098e-03  -3.2343469e-01  -1.8268167e-01   1.1038224e-01   1.1549597e-01
   3.2739524e+00   1.4945572e+00   9.1087233e-01   8.2767728e-01   8.9779016e-01   6.5521466e-01   3.9563887e-01   6.3491994e-01   7.4428560e-01   7.7017192e-01   5.2315427e-01   2.3332318e-01   1.5885832e-01  -8.2137324e-02   2.1295522e-02   7.5137982e-02
   3.0210546e+00   1.6947600e+00   1.3202091e+00   1.0458114e+00   1.1018942e+00   5.8978093e-01   3.2892617e-01   7.7507625e-01   1.0853107e+00   5.8537604e-01   7.8759106e-02   4.4142175e-01   2.4183199e-01  -3.2948877e-02  -9.3995943e-02  -1.5451735e-01
   3.0148605e+00   2.1793094e+00   1.1796018e+00   8.4303369e-01   8.0395288e-01   6.2894443e-01   4.2377496e-01   2.9263392e-01   4.4811471e-01   3.8385576e-01   4.6182664e-01   6.2517636e-01  -8.7294746e-02  -2.3052200e-01  -1.1601369e-01  -1.2256833e-01
   3.1151721e+00   1.8932745e+00   6.5566099e-01   1.1313018e+00   7.3881298e-01   4.9162218e-01   6.3753551e-01   4.1985124e-01   3.7369088e-01   4.8491054e-01   5.3536315e-01   8.1104192e-01  -3.0587616e-01  -2.5121093e-01  -2.4226536e-01  -2.5394293e-01
   2.9984082e+00   1.4638841e+00   1.1498769e+00   1.0972004e+00   2.2477883e-01   6.9163101e-01   5.7652278e-01   2.7669165e-01   2.9645344e-01   5.0478458e-01   4.1322245e-01   5.8538199e-01  -7.9944841e-03  -1.2224250e-01  -1.3476857e-01  -2.1460154e-01
   2.1918770e+00   2.0257257e+00   1.7314952e+00   1.1053294e+00   8.1939173e-01   4.3319477e-01   4.5483730e-01   4.2502160e-01   4.0030389e-01   3.3290101e-01   7.3674732e-01   9.8502022e-01   2.4785020e-01  -1.3213018e-01  -8.9678347e-02  -2.5918356e-01
   3.0321377e+00   2.1738702e+00   1.7465886e+00   7.5329859e-01   7.2016466e-01   7.0189526e-01   6.2976614e-01   2.2417325e-01   4.9206729e-01   4.9171635e-03   5.1941029e-01   6.8665101e-01   2.9288250e-01   1.8419870e-01   1.7139586e-02  -3.7318092e-01
   2.8627084e+00   1.7029237e+00   5.6798011e-01   7.9247301e-01   4.3927264e-01   3.1986445e-01   2.7777083e-01   1.1097387e-01   2.5024627e-01   2.7995805e-01   5.0064357e-01   9.6988732e-01   7.9225001e-01   6.2996922e-01   4.0417024e-01   6.0394092e-02
   2.4243722e+00   8.0832445e-01   5.8075538e-01   1.0304836e+00   9.5458807e-01   4.0963978e-01   3.1722847e-01   1.9896581e-01   3.3292934e-01   4.5527124e-01   4.5832618e-01   1.1660078e+00   1.1897292e+00   8.8557091e-01   9.1249157e-01   3.9842645e-02
   2.8802637e+00   1.5461952e+00   1.0730974e+00   9.9682762e-01   8.3720140e-01   2.1578990e-01   2.7214850e-01   2.0711802e-01   2.8529337e-01   5.2160258e-01   3.8679992e-01   8.6359397e-01   1.0548495e+00   8.8815362e-01   1.1573607e+00   1.9956096e-01
   2.5717714e+00   2.5254526e+00   2.0417495e+00   1.6134150e+00   7.9131088e-01   3.5025494e-01   2.8905993e-01   3.6027060e-01   6.6219396e-01   6.8963776e-01   4.6100023e-01   1.1164092e+00   1.2303960e+00   9.4191176e-01   7.5766009e-01   3.5292760e-01
   2.5458358e+00   1.8565301e+00   1.4026863e+00   1.2773744e+00   4.5918501e-01   3.0653478e-01  -2.8416696e-02   4.2696988e-01   5.5890413e-01   3.4244353e-01   2.7046168e-01   1.1629617e+00   1.2802956e+00   9.9401231e-01   1.1818027e+00   2.8086763e-01
   2.8577600e+00   1.8660803e+00   1.2324655e+00   1.1466865e+00   8.9498787e-01   2.9612167e-01   1.6970685e-01   2.8610637e-01   3.6636432e-01   3.7363125e-01   2.5141068e-01   8.0622175e-01   9.9409096e-01   8.5259406e-01   1.0459259e+00   1.9039588e-01
   2.1315181e+00   1.7009356e+00   9.0114821e-01   1.1946275e+00   9.6705208e-01   7.7655679e-01   2.8609016e-01   6.7043824e-02   5.4680797e-01   1.2820148e-01   4.0533845e-01   7.7829017e-01   1.0015134e+00   9.0252994e-01   9.6572902e-01   1.9910396e-01
   3.2076228e+00   2.6290964e+00   1.7370426e+00   1.4779851e+00   6.4498952e-01   6.8000021e-01   8.4306248e-01   6.2105508e-02   6.4794830e-02   5.5478762e-01   5.3531759e-01   9.6731121e-01   1.0722335e+00   7.2763224e-01   5.4994524e-01  -2.9554584e-02
   2.8614318e+00   2.4054947e+00   1.6826150e+00   1.4793695e+00   5.8913430e-01   5.2303541e-01   5.5497068e-01   6.1659798e-01   2.4978411e-01   9.4775832e-01   7.2503171e-01   6.7690648e-01   1.0042308e+00   8.4562221e-01   4.2148038e-01   2.5943112e-01
   3.4391394e+00   2.3487091e+00   1.1837074e+00   5.6647073e-01   4.6468537e-01   2.1633008e-01   5.0218370e-01   9.1162935e-01   8.7263441e-01   9.5648940e-01   5.9816826e-01   4.6159137e-01   7.6429572e-01   5.7063669e-01   3.9875060e-01   2.0061043e-01
   2.9614134e+00   2.2362183e+00   1.2796858e+00   9.6062869e-01   8.2821796e-01   5.0025354e-01   3.9428505e-01   4.7968875e-01   6.2652224e-01   5.0997048e-01   4.8371018e-01   5.8788151e-01   7.5703052e-01   4.2146560e-01   2.9184824e-01   2.2532708e-01
   2.7324230e+00   1.6341017e+00   4.2720281e-01   3.2243382e-01   7.9275033e-01   5.9376192e-01   2.1032550e-02   8.1189004e-01   7.6577225e-01   8.0955975e-01   8.9355773e-01   7.3557148e-01   8.6490890e-01   5.2011952e-01   6.9426613e-01   1.9640976e-01
   2.7036873e+00   2.0027839e+00   9.2656043e-01   1.5124035e+00   8.4338690e-01   4.8637308e-01   3.0747636e-01   6.0783032e-01   8.3978686e-01   6.2511330e-01   6.4148800e-01   9.1782360e-01   7.6234613e-01   4.3734379e-01   4.7717199e-01   6.6207298e-02
   2.7884144e+00   2.0253916e+00   1.0913539e+00   1.0085482e+00   6.1243997e-01  -4.7826118e-03  -2.4135308e-01   4.7357429e-01   5.0356709e-01   6.6818392e-01   3.5368929e-01   7.9870099e-01   8.7807322e-01   6.9663206e-01   6.2540224e-01   1.6084138e-01
   2.2289287e+00   1.6625624e+00   1.3006875e+00   1.3456409e+00   1.1380065e+00   5.7703990e-01   4.7989604e-01   6.3777880e-01   3.5731748e-01   7.1846589e-01   6.9957212e-01   6.8976966e-01   9.0313264e-01   7.7931871e-01   6.6783787e-01   2.1353780e-01
   3.1288169e+00   1.9306587e+00   1.2285175e+00   1.1399067e+00   9.1106276e-01   6.5841865e-01   5.3962103e-01   5.2052594e-01   3.4510930e-01   3.2056497e-01   3.5794340e-01   6.5345821e-01   9.3582565e-01   6.1908607e-01   4.5436597e-01   2.4280379e-01
   3.5048663e+00   2.2361323e+00   1.3266788e+00   1.0174967e+00   6.4756181e-01   5.5180811e-01   2.0709712e-01   4.0155551e-01   6.1103191e-01   5.6666466e-01   6.5322447e-01   7.6002219e-01   8.9048248e-01   3.9633775e-01   4.6059434e-01   1.1416732e-01
   3.7580674e+00   2.0443583e+00   1.5675988e+00   8.7523683e-01   8.9380617e-01   6.3920322e-01   4.6026852e-01   2.9615962e-01   6.9105311e-01   9.8128832e-01   6.6007141e-01   6.8792059e-01   8.3050787e-01   5.4040441e-01   5.1476423e-01   8.0066815e-02
   3.2925279e+00   1.7689081e+00   1.2899297e+00   7.5616816e-01   8.9916805e-01   5.3916069e-01   1.4630886e-01   3.5680477e-01   8.1893504e-01   7.1082354e-01   4.7799151e-01   7.1087209e-01   8.9369282e-01   6.1998475e-01   5.0105880e-01   9.1525182e-02
   2.5893542e+00   2.2137377e+00   1.5475038e+00   9.7186876e-01   9.4113494e-01   8.6083924e-01   2.7932728e-01   7.2575024e-01   8.4914936e-01   5.8836019e-01   4.7743111e-01   4.8689855e-01   6.7163384e-01   4.1042149e-01   6.8771012e-01   3.6576751e-01
   2.8156503e+00   1.6860683e+00   8.0687732e-01   7.4369484e-01   5.8936811e-01   3.4232956e-01   2.6030287e-01   4.4553971e-01   2.1296125e-01   2.6852197e-01   4.0879013e-01   7.5751028e-01   7.3923058e-01   4.3395910e-01   3.8274885e-01   3.3895788e-01
   1.8642391e+00   2.1532717e+00   1.3480973e+00   6.2392458e-01   9.1649736e-01   3.5674616e-01   5.6026218e-01   6.9575800e-01   7.0781400e-01   6.6616976e-01   3.7691378e-01   5.4706364e-01   8.6062951e-01   3.8442801e-01   2.1087431e-01   4.3304118e-01
   3.1298016e+00   2.3553596e+00   1.1114671e+00   6.4861138e-01   8.2483773e-01   4.0749696e-01   5.2026045e-01   6.1566895e-01   1.0067449e+00   1.0040321e+00   3.7363705e-01   5.9203979e-01   8.7584102e-01   3.6434576e-01   2.2973747e-01   1.4177093e-01
   3.0429438e+00   1.8645865e+00   1.5361448e+00   1.0838807e+00   5.3293437e-01   4.3177303e-01   3.4524978e-01   3.4818491e-01   6.1255281e-01   2.8907446e-01   3.7030698e-01   7.3467680e-01   5.4526371e-01   3.7611779e-01   7.1543159e-02  -4.9058229e-02
   2.5762005e+00   2.0405900e+00   1.8404422e+00   1.2272277e+00   8.2659170e-01   6.3706507e-01   4.0680216e-01   2.5103486e-01   4.9866121e-01   3.1204382e-01   3.9395676e-01   7.0077492e-01   7.2295776e-01   4.6270771e-01   2.8080001e-01  -1.4728150e-01
   1.8658270e+00   1.7848592e+00   1.3975880e+00   1.1786747e+00   7.3805135e-01   3.5630447e-01   2.1756566e-01   7.0056168e-02   4.4813852e-01   5.1861279e-01   5.1230525e-01   5.6166421e-01   6.6702705e-01   4.0588427e-01   1.7746486e-03  -4.4218967e-02
   2.4380921e+00   1.5384453e+00   9.8006826e-01   8.4940781e-01   5.5664130e-01   4.7093606e-01   5.9087494e-01   2.7438767e-01   2.6419312e-02   3.5773289e-01   5.0077843e-01   5.8785565e-01   5.2505979e-01   4.1494933e-01   1.2279548e-01  -3.6802193e-01
   2.9953886e+00   2.0353910e+00   1.1443645e+00   1.4826725e+00   4.0959769e-01   1.4973049e-01   2.5293509e-01   1.5273274e-01  -4.5185664e-02   9.9182634e-02   1.1489257e-01   1.3472748e-01   5.6254642e-01   4.4773370e-01   3.0762198e-01  -1.4879473e-01
   2.5054691e+00   1.3622155e+00   9.1637015e-01   9.9222531e-01   4.6063476e-01   2.8774446e-01   4.2307594e-01   1.3175081e-01   2.7118517e-01   1.3517425e-01   1.2927515e-02   2.1448690e-01   5.4899426e-01   3.3563574e-01   1.1454253e-01  -2.7236279e-01
   2.9815006e+00   1.7876137e+00   5.8308251e-01   7.6359940e-01   5.9753617e-01   1.3730574e-01   4.6016414e-01   4.9788254e-01   2.3243332e-01   4.4432273e-01   1.8089233e-01   3.3191488e-01   3.8391469e-01   1.2197697e-01   6.2573433e-02  -2.7378268e-01
   2.3108426e+00   1.5137379e+00   1.3613769e+00   1.1625224e+00   6.7717818e-01   3.0403903e-01   1.4790730e-01   1.9621087e-01   4.2104961e-01   3.8119372e-01  -8.5817510e-02   2.2053423e-01   4.2947652e-01   2.3401508e-01   1.4833335e-01  -2.1585320e-01
   2.6564798e+00   1.8435591e+00   1.4193684e+00   8.2420968e-01   1.6919401e-01   6.8963272e-01  -2.0459870e-02  -5.5243243e-03   3.7883138e-01   1.1973423e-01   1.9110586e-01   1.8642026e-01   3.1707251e-01   1.0723872e-01  -3.0428441e-02  -4.6042280e-01
   2.0938794e+00   1.9738244e+00   1.2418496e+00   5.2939982e-01   5.4412870e-01   9.1055141e-01   1.9801683e-01   1.7333123e-01  -2.3807826e-02   9.5731479e-02   8.1856595e-02   1.7744024e-01   2.1522541e-01  -5.5168750e-02   1.3354625e-01  -3.3774710e-01
   2.6032024e+00   1.5474654e+00   9.2914743e-01   1.2307948e+00   8.3633492e-01   4.0277679e-01   2.8212292e-01   4.0304325e-01  -4.3946439e-03  -1.4626234e-01   1.1607756e-01   3.6719383e-01   2.6905272e-02  -3.8935671e-01  -1.3097234e-01  -1.1145334e-01
   2.2903198e+00   1.6454016e+00   1.1359553e+00   9.4661492e-01   4.0045203e-01   5.7527844e-01   4.8726207e-01   3.8206737e-01   2.7005442e-01   4.6583234e-01   3.9988367e-01   4.4100621e-01   1.7944200e-01  -7.2665626e-02   2.6548370e-02  -2.1919753e-01
   2.7728467e+00   1.3083033e+00   9.8596389e-01   1.0894432e+00   7.4573769e-01   6.6517219e-01   5.3396562e-01   4.4015863e-01   6.2308134e-01   2.4727266e-01   2.5477735e-01   3.0372876e-01   4.2266376e-01  -8.0104829e-03   2.8832687e-01   1.2235805e-01
   2.6201024e+00   1.6767967e+00   4.5690875e-01   9.9528591e-01   6.8265805e-01   6.6814998e-01   6.7043370e-01   2.5688633e-01   6.3249559e-01   4.0733561e-01   3.8136310e-01   3.3291398e-01   3.3309231e-01   4.3354216e-02  -4.1051827e-01  -4.7395254e-01
   2.3647639e+00   1.9266784e+00   1.1236290e+00   3.3400186e-01   1.0557118e-01   4.1753795e-01   1.7714858e-01   3.0876423e-01   1.4739198e-01   1.6751072e-01   6.1184693e-01   2.5395946e-01  -6.9275602e-02  -1.0286723e-01  -1.3150672e-01  -1.9252251e-01
   2.3840315e+00   1.7408526e+00   1.4271013e+00   1.0179211e+00   7.6498574e-01   8.8502680e-01   5.4527094e-01   5.3874033e-01   4.3435284e-01   4.1078891e-01   4.8749031e-01   6.1470000e-01   8.1105907e-03  -3.4692850e-02   3.4804417e-02   9.1865337e-02
   2.8887395e+00   1.4174737e+00   1.3433210e+00   4.2581339e-01   6.2993001e-01   5.0215871e-01   2.0854374e-01   1.7584500e-01   3.6882231e-01   3.4245435e-01   5.3253697e-01   5.5290693e-01  -5.5148063e-02  -1.2924511e-01   3.8779010e-01   7.1718451e-02
   3.1181875e+00   1.5034729e+00   1.1963084e+00   5.3496357e-01   6.8806341e-01   7.3131914e-01   4.3234386e-01   4.9250328e-01   5.9448612e-01   7.4286924e-01   3.0477018e-01   2.8336566e-01   2.0488847e-01   2.4891214e-02   1.3705022e-01  -1.0840430e-01
   3.0004631e+00   1.9429782e+00   7.7178182e-01   5.2446562e-01   6.7839319e-01   5.8782838e-01   3.9250310e-01   3.5947574e-01   2.4092615e-01   4.0017796e-01   1.2693413e-01   2.8184950e-02   2.5603511e-01  -1.0817117e-01  -3.9415262e-01  -2.4656691e-01
   2.4891040e+00   2.1210424e+00   1.2345374e+00   7.3603098e-01   2.4342071e-01   6.9883693e-01   5.2854346e-01   3.6492005e-01   5.1551003e-01   4.8428391e-01   5.4738196e-01   3.1648817e-01   9.5815687e-02  -1.9281003e-01  -5.9960137e-02  -3.5903009e-02
   2.3902620e+00   1.5465106e+00   8.6073339e-01   7.8553999e-01   9.1651738e-01   4.9591096e-01   4.4571113e-01   6.9527866e-01   5.6567075e-01   6.5206193e-01   3.8777388e-01   3.3238088e-01   2.4097119e-01  -7.2711527e-02  -2.0009879e-02  -2.7497926e-01
   3.2786553e+00   2.1690155e+00   1.3819744e+00   9.1128070e-01   7.6853638e-01   3.8250852e-01   6.7414188e-01   6.3440748e-01   1.5308529e-01   1.5373053e-01   9.3389530e-02   9.9278586e-02   1.9817400e-01  -1.2157200e-01  -1.8679581e-01  -4.9792982e-01
   3.1427677e+00   1.2420846e+00   6.2868072e-01   8.9831386e-01   6.7201705e-01   3.5069197e-01   6.4455809e-01   6.1008982e-01   6.6301764e-01   2.0208008e-01   2.6700862e-01  -8.0984952e-02   1.4644243e-01  -1.6795009e-01  -1.0383320e-01  -2.2714005e-01
   3.1377531e+00   1.7051319e+00   1.2912061e+00   8.0902626e-01   5.5572876e-01   6.4545712e-01   3.4353940e-01   4.3115703e-01   3.0396384e-01   7.4537824e-01   6.6786790e-01   3.2408744e-01  -1.1621392e-01  -3.1579382e-01  -3.2419152e-01  -3.1752139e-01
   3.1060894e+00   1.9933738e+00   1.3330973e+00   6.5143776e-01   6.8957533e-01   5.4193265e-01   3.7933544e-01   3.8283380e-01   3.2161030e-01   5.0131030e-01   4.5417194e-01   5.8837318e-01   6.6125426e-02  -3.0574089e-01  -3.7500207e-01  -1.7766695e-01
   3.0631942e+00   1.9073444e+00   9.1917857e-01   2.8575947e-01   5.5309524e-01   7.3976476e-01   3.5079389e-01   2.2289082e-01   3.1407089e-01   4.8418071e-01   1.0807143e-01  -5.3276826e-03   1.0692219e-02  -1.4787390e-01  -4.4176895e-01   1.4086294e-03
   2.3396689e+00   1.9217380e+00   9.6006542e-01   8.6025364e-01   5.5582492e-01   2.5964207e-01   4.1016621e-01   1.1648984e-01   6.0102782e-01   6.6511841e-01   1.0526809e-01  -5.8349107e-02   1.4258074e-01  -6.6141539e-02  -6.0076796e-01  -3.5606427e-01
   2.0890234e+00   1.5741176e+00   9.2967243e-01   8.0472582e-01   5.1003927e-01   6.0350555e-01   9.2861725e-02   4.0569577e-01   3.4659495e-01   4.2967013e-01   6.2629908e-02  -1.6119998e-01   1.1275401e-02  -2.4000213e-01  -2.6007875e-01  -1.0627174e-01
   3.1265627e+00   2.1065660e+00   7.6403104e-01   6.4915969e-01   9.9943079e-01   8.2393834e-01   4.8595967e-01   4.9540848e-02   3.1204522e-01   1.8053259e-01   2.6927746e-01   2.0753355e-01  -1.0708279e-01  -1.6709583e-01  -1.9507933e-01  -4.5688568e-01
   3.0501212e+00   1.3032028e+00   6.8127981e-01   5.5648952e-01   8.4224694e-01   4.8102148e-01   2.8666795e-01   4.7852121e-01   2.6482115e-01   1.5864400e-02  -8.2391146e-02   1.3332738e-01  -1.7949906e-01  -4.0983992e-01  -3.4433549e-01  -4.8091367e-01
   2.1995080e+00   1.8250625e+00   1.2559007e+00   8.7215239e-01   2.3858519e-01   2.0760701e-01   3.1784354e-01  -1.5964890e-01   2.0463479e-01   4.4085514e-01   2.6724893e-01   3.1094486e-01  -7.2995595e-02  -2.2240749e-01  -4.9976817e-02  -2.9081716e-01
   2.8234332e+00   2.3477556e+00   1.2797818e+00   9.5905723e-01   6.9312381e-01   5.4806872e-01   3.1082405e-01   2.6760820e-01   2.0715687e-01   8.1861283e-02   4.4559791e-02   1.3473570e-01  -2.5553776e-02  -5.0649204e-01  -3.4985734e-01  -3.0976346e-01
   3.0596632e+00   2.4661922e+00   1.0292268e+00   4.6993134e-01   6.8504520e-01   5.9546013e-01   5.1927144e-01   3.0997072e-01   5.0356510e-01   7.2559759e-01   3.7645939e-01   1.0580144e-01  -1.9583487e-02  -3.6650972e-01  -4.7679207e-01  -4.2923221e-01
   2.0523709e+00   1.5005368e+00   3.5617895e-01   5.2502850e-01   6.5818935e-01   2.6670681e-01   4.0334818e-01   2.6329726e-01   5.3812612e-01   4.5433750e-01   6.1385966e-02  -8.9730037e-02  -4.1045764e-02  -3.2504854e-01  -3.3980865e-01  -7.3091784e-01
   2.7710249e+00   1.4674435e+00   5.2960251e-01  -2.1719774e-01  -2.5529321e-02   4.0698164e-01   3.6702347e-01   2.4674412e-01   2.6341105e-01   8.9348141e-02   1.9963947e-01  -1.4587773e-01  -5.0544297e-01  -6.2432130e-01  -5.9953285e-01  -5.0624806e-01
   2.4915456e+00   1.7551617e+00   7.2816240e-01   5.3811154e-01   8.1162160e-02   1.1885278e-01  -4.3432981e-02   1.3659681e-01   1.8039294e-01   4.2537264e-01   1.1413490e-01  -1.1697459e-01  -5.2876674e-01  -4.4260953e-01  -5.0406610e-01  -2.1765723e-01
