   4.0261073e-01  -1.0435585e+00  -1.4497854e+00  -5.2846287e-01  -1.0010526e+00  -1.7802382e+00  -2.1306986e+00  -2.1565705e+00  -2.3662268e+00  -2.1656042e+00  -1.9544473e+00  -2.3683261e+00  -2.5347338e+00  -2.6851618e+00  -2.4303491e+00  -2.1368278e+00
   8.2425307e-01  -4.9303408e-01  -1.3480210e+00  -8.1150074e-01  -1.1101882e+00  -1.6685233e+00  -1.8620198e+00  -1.9721020e+00  -2.4306239e+00  -2.5980094e+00  -2.2337375e+00  -2.6774306e+00  -2.3332071e+00  -2.4700865e+00  -2.4673435e+00  -2.2432556e+00
   3.2290327e-01  -6.3348779e-01  -1.6120160e+00  -8.8043829e-01  -1.3874890e+00  -1.3699835e+00  -2.2882469e+00  -2.3142563e+00  -2.6790323e+00  -2.6636623e+00  -2.8850092e+00  -2.6766649e+00  -2.4724961e+00  -2.5812712e+00  -2.5860520e+00  -2.1667715e+00
   7.2449285e-01  -4.3274270e-01  -1.0831981e+00  -9.4492584e-01  -1.1951115e+00  -1.9372177e+00  -2.1304199e+00  -2.2466851e+00  -2.3740509e+00  -2.3295986e+00  -2.5517599e+00  -2.5079958e+00  -2.8339098e+00  -2.6830315e+00  -2.3457419e+00  -2.0480518e+00
   9.5156359e-01  -3.9188219e-01  -7.8682593e-01  -6.5668318e-01  -1.1985757e+00  -1.9124693e+00  -2.0915300e+00  -2.4299651e+00  -2.5740515e+00  -2.1870607e+00  -2.3762346e+00  -2.5361452e+00  -2.5015466e+00  -2.5312816e+00  -2.3464783e+00  -2.3815422e+00
   4.5011103e-01  -5.7380975e-01  -1.1771533e+00  -8.7641451e-01  -1.7892435e+00  -1.8237100e+00  -2.3244979e+00  -2.4590099e+00  -2.6479927e+00  -2.2899074e+00  -2.2955661e+00  -2.5358340e+00  -2.2843444e+00  -2.4348893e+00  -2.4049063e+00  -2.1095069e+00
  -1.0098738e-01  -4.9845171e-01  -1.3856264e+00  -5.4046446e-01  -9.3753635e-01  -1.5637474e+00  -1.9613349e+00  -2.1830841e+00  -2.2706211e+00  -2.0167096e+00  -2.1341019e+00  -2.2679685e+00  -2.3142116e+00  -2.1385985e+00  -2.1624852e+00  -2.0224928e+00
   8.1485070e-01  -6.4093849e-01  -1.1612456e+00  -1.7759479e-01  -5.6550593e-01  -1.8179762e+00  -2.2550957e+00  -2.1219648e+00  -1.7716847e+00  -1.3410041e+00  -2.2952565e+00  -2.5504316e+00  -2.5276625e+00  -1.8935088e+00  -2.1779394e+00  -1.8232742e+00
   6.4411038e-01  -6.7347152e-01  -1.1820430e+00  -7.7457757e-01  -9.9816527e-01  -2.1084658e+00  -2.0756890e+00  -2.5111343e+00  -2.3211926e+00  -2.0691717e+00  -2.3351231e+00  -2.4130953e+00  -2.5463076e+00  -2.4769376e+00  -2.2316267e+00  -1.9173324e+00
   4.3655139e-01  -3.7216661e-01  -1.4479457e+00  -4.2998806e-01  -6.1950556e-01  -1.7592370e+00  -2.3039432e+00  -2.1109661e+00  -2.1064802e+00  -2.4689849e+00  -2.4162651e+00  -2.5268156e+00  -2.2785314e+00  -2.5123820e+00  -2.4235000e+00  -2.1377256e+00
   1.8207131e-01  -5.9475618e-01  -1.4007151e+00  -4.4714888e-01  -7.5089238e-01  -1.5689776e+00  -2.4026945e+00  -2.0456390e+00  -2.1614267e+00  -2.5411620e+00  -2.4549081e+00  -2.3377729e+00  -2.2656854e+00  -2.4752594e+00  -2.4978138e+00  -2.1518155e+00
   5.6091508e-01  -9.3177942e-01  -1.3232688e+00  -1.0008932e+00  -1.5648290e+00  -2.1203921e+00  -2.7457072e+00  -2.2431921e+00  -2.3900824e+00  -2.3193139e+00  -1.9988114e+00  -2.4755403e+00  -2.3215352e+00  -2.5578808e+00  -2.4341741e+00  -2.0695255e+00
   8.4497277e-01  -5.3629250e-01  -1.5206979e+00  -7.1452418e-01  -1.0830267e+00  -2.0642005e+00  -2.5719240e+00  -2.5733746e+00  -2.9191164e+00  -2.4011091e+00  -2.1898125e+00  -2.4208077e+00  -2.5673354e+00  -2.3670601e+00  -2.2182657e+00  -2.1771335e+00
   8.7740939e-01   1.9915495e-01  -9.6317082e-01  -4.2940392e-01  -9.5534417e-01  -2.5476695e+00  -2.3326092e+00  -1.9697931e+00  -2.5660450e+00  -2.4103800e+00  -2.1672331e+00  -2.2830350e+00  -2.3850281e+00  -1.7281481e+00  -2.0569200e+00  -1.7903387e+00
   2.8439160e-01  -4.6573474e-01  -1.7579319e+00  -4.7480430e-01  -1.0088968e+00  -2.7906965e+00  -2.3828499e+00  -1.7763067e+00  -2.0549526e+00  -1.6128818e+00  -1.6094813e+00  -1.9515690e+00  -1.7911671e+00  -7.6882239e-01  -1.4794227e+00  -9.6323714e-01
   1.0740253e+00  -2.6106428e-01  -8.5859512e-01  -3.0560032e-01  -9.4516304e-01  -2.1946908e+00  -2.7403710e+00  -2.4583136e+00  -2.4765730e+00  -2.3908844e+00  -2.4437788e+00  -2.5502952e+00  -2.3594649e+00  -2.0416952e+00  -2.1475490e+00  -1.8183393e+00
   5.9804281e-01  -6.1697574e-01  -1.3178284e+00  -6.7877874e-01  -1.2991221e+00  -2.0775712e+00  -2.6205733e+00  -2.3722069e+00  -2.7223114e+00  -2.7849922e+00  -2.4936063e+00  -2.5391284e+00  -2.3544878e+00  -2.2744483e+00  -2.2934014e+00  -2.1720465e+00
   4.0109396e-01  -8.2948265e-01  -1.0598855e+00  -7.5787314e-01  -1.0270172e+00  -2.2902537e+00  -2.3477015e+00  -2.4759074e+00  -2.2896701e+00  -2.5350209e+00  -2.2980213e+00  -2.4477448e+00  -2.5936549e+00  -2.4605741e+00  -2.3683043e+00  -2.2498516e+00
   4.4858931e-01  -1.0397851e+00  -1.4456457e+00  -7.7585087e-01  -7.0128322e-01  -2.0415060e+00  -2.0989693e+00  -2.4880321e+00  -2.4450995e+00  -2.3498015e+00  -2.0936546e+00  -2.5245534e+00  -2.5866689e+00  -2.3672510e+00  -2.6062880e+00  -2.3691832e+00
   2.5940023e-01  -2.6119971e-01  -1.3764262e+00  -6.0980050e-01  -9.9015578e-01  -2.5350415e+00  -2.0180047e+00  -2.2037200e+00  -2.5104363e+00  -2.4109702e+00  -2.1305896e+00  -2.3287295e+00  -2.2839599e+00  -2.2709547e+00  -2.3068450e+00  -2.0732984e+00
   3.3030034e-01  -7.1349703e-01  -1.2687467e+00  -1.3487215e+00  -1.3931015e+00  -2.0400708e+00  -2.4403717e+00  -2.2388606e+00  -2.1660109e+00  -1.9240650e+00  -2.1064282e+00  -2.4119296e+00  -2.2277952e+00  -1.8738546e+00  -2.1113100e+00  -2.1903544e+00
   9.1647251e-01  -3.6279716e-01  -1.6291519e+00  -1.0316545e+00  -1.0259317e+00  -1.9057090e+00  -2.5323166e+00  -2.3990663e+00  -2.2895939e+00  -1.6354591e+00  -2.0350887e+00  -2.1191751e+00  -1.8955933e+00  -1.1656915e+00  -1.3036433e+00  -1.6111581e+00
   5.9331915e-01  -6.2023417e-01  -1.0979870e+00  -3.7980267e-01  -1.0270591e+00  -1.8577844e+00  -2.3699044e+00  -2.1688586e+00  -2.3182859e+00  -2.3215351e+00  -2.3819587e+00  -2.3847882e+00  -2.3557787e+00  -2.1277074e+00  -2.1630581e+00  -1.9605659e+00
   2.3956514e-01  -1.0202300e+00  -1.2752080e+00  -1.1206600e+00  -1.2524556e+00  -1.9585634e+00  -2.6129098e+00  -2.1811754e+00  -2.4107592e+00  -2.6273053e+00  -2.2311138e+00  -2.3720058e+00  -2.6143141e+00  -2.5366764e+00  -2.3413845e+00  -2.1117463e+00
  -7.7932357e-02  -7.7765734e-01  -1.0181540e+00  -1.2640949e+00  -1.3710738e+00  -2.0242453e+00  -2.3045505e+00  -2.2931283e+00  -2.5171878e+00  -2.5824385e+00  -2.1546834e+00  -2.4448959e+00  -2.5997060e+00  -2.5759464e+00  -2.3243752e+00  -2.1044674e+00
   4.1994006e-01  -8.5279575e-01  -1.5058513e+00  -9.1771469e-01  -1.2425957e+00  -1.7504439e+00  -2.1634136e+00  -2.2446566e+00  -2.3777154e+00  -2.4746317e+00  -2.3872010e+00  -2.5517447e+00  -2.5496141e+00  -2.5175779e+00  -2.3031443e+00  -2.0825037e+00
   3.3547012e-01  -1.9986965e-01  -1.7063732e+00  -5.3239908e-01  -8.7831489e-01  -1.6726705e+00  -1.9757629e+00  -2.0106193e+00  -2.1854379e+00  -2.1440196e+00  -2.0793092e+00  -2.6140471e+00  -2.5434748e+00  -2.2872535e+00  -2.3604895e+00  -2.0759666e+00
   2.6723909e-01   1.0420723e-01  -6.0943258e-01  -3.8660650e-01  -7.6198379e-01  -1.6049118e+00  -2.0034712e+00  -2.4177207e+00  -2.2981892e+00  -2.3725721e+00  -2.2218246e+00  -2.6070125e+00  -2.5501509e+00  -2.3020997e+00  -2.3175858e+00  -2.1732276e+00
   5.6787736e-01   2.7793697e-02  -3.6697211e-01  -4.7841824e-01  -1.0281473e+00  -2.0229351e+00  -2.3124671e+00  -1.9033938e+00  -2.2856254e+00  -2.4012489e+00  -2.2345429e+00  -2.7294573e+00  -2.6119334e+00  -2.5020886e+00  -2.5718353e+00  -2.3253392e+00
   4.6417362e-01  -8.9004433e-01  -1.2433785e+00  -6.2392511e-01  -1.2973156e+00  -1.7318354e+00  -2.1593552e+00  -2.0297436e+00  -2.3750057e+00  -1.9118415e+00  -1.9717513e+00  -2.2419353e+00  -2.3852431e+00  -2.0291116e+00  -2.1800806e+00  -2.1672932e+00
   6.6752103e-01  -1.1918453e+00  -1.4429560e+00  -8.8128434e-01  -1.2351672e+00  -1.7320516e+00  -1.9898927e+00  -2.1510120e+00  -2.1481773e+00  -1.7257204e+00  -2.1506250e+00  -2.1254704e+00  -2.3270219e+00  -1.9516873e+00  -1.8726196e+00  -1.9155620e+00
   6.1175289e-01   7.5456254e-01   1.3856339e-01  -5.6821840e-01  -1.0141769e-01   3.0204489e-02  -9.0088034e-02  -5.7764692e-01  -8.7613917e-01  -6.9723338e-01  -1.1140004e+00  -1.1130276e+00  -1.0773788e+00  -9.2598324e-01  -1.7273553e+00  -2.0630207e+00
   5.1471552e-01   1.2366188e+00   1.6515579e-01  -1.5767958e-01   4.2596188e-01   6.9883155e-01   3.1191258e-01   1.2674067e-01   2.8930138e-01   6.3204785e-01   1.1980298e-02  -1.2224428e-01  -2.2742963e-01   9.0913467e-02  -5.7777795e-01  -2.0042365e+00
   6.0639078e-01   1.2753891e+00  -7.8311960e-02  -4.4949151e-01  -2.7112099e-02   3.0040602e-01   2.4668787e-01   2.8066792e-02   2.0374539e-01   8.8768461e-01   4.2388445e-01  -4.0479105e-02  -1.4316823e-02   2.7605782e-01  -4.0735365e-01  -1.6510934e+00
   5.3443725e-01   1.2225064e+00  -3.2249482e-01  -2.6209825e-01  -8.4412902e-02   3.7145170e-01   1.1788825e-01  -3.8901080e-02   2.5476538e-01   9.1018632e-01   3.6518589e-01  -2.4738252e-01  -1.1986880e-01   1.6237242e-01  -3.7227216e-01  -1.7526401e+00
   5.5285987e-01   1.2854527e+00  -1.7657658e-01  -3.8743312e-01  -2.0682081e-01   3.7653041e-01  -2.5266273e-01  -1.8518237e-02   2.3010869e-01   6.0270529e-01   5.1690784e-02  -2.0391552e-01  -1.2195433e-01   8.1323898e-02  -4.4755200e-01  -1.8492668e+00
   1.1162874e+00   1.2659116e+00   6.5047994e-02  -3.6044905e-01  -2.2863454e-01   3.2134550e-01  -1.6101237e-01  -2.8718865e-02   2.3054089e-01   7.4952451e-01  -4.4599584e-02  -4.4962773e-01  -1.9811120e-01   1.2520177e-02  -4.2104143e-01  -1.7622951e+00
   6.7772091e-01   1.2982402e+00  -4.1372941e-01  -3.4196064e-01  -2.2247206e-01   2.1848219e-01  -4.1918183e-01  -1.0142297e-03   1.5460106e-01   5.6313859e-01  -2.8978029e-01  -6.6698929e-01  -2.1100261e-01  -1.4516334e-01  -5.2238311e-01  -1.8421551e+00
   9.4650728e-01   1.3300222e+00  -3.4033970e-01  -7.8110686e-02  -1.6116849e-01   2.3558857e-01  -1.0195994e-01   1.3395222e-01   2.9652400e-01   6.4667245e-01  -1.5522988e-01  -4.0385517e-01  -5.1793003e-02   1.4862888e-02  -4.2141233e-01  -1.8055168e+00
   8.9252013e-01   1.3354921e+00  -5.4863681e-01  -4.0123643e-01   3.0420177e-02   3.3252054e-01   1.1520447e-01   3.9434056e-02   2.7638899e-01   9.1080907e-01   1.4821846e-01  -2.7548521e-01  -1.6738759e-01   9.1540669e-02  -5.9018109e-01  -1.7698518e+00
   9.0045244e-01   1.5582919e+00  -1.5213389e-01  -4.0739051e-01   1.5873438e-01   3.9799475e-01   1.8938021e-02  -3.8235949e-02   1.8771610e-01   9.3976346e-01   2.7692763e-01  -1.8294335e-01   4.1087030e-02   2.3085611e-01  -4.9145529e-01  -1.8317609e+00
   6.1922374e-01   1.3807647e+00  -2.1322114e-01  -2.7031149e-01   1.0999101e-01   4.3399492e-01   1.2932919e-01   4.3607351e-02   1.1326662e-01   1.0475903e+00   4.4472693e-01  -1.5582080e-01   3.6387559e-02   2.5385483e-01  -3.3667872e-01  -2.0426214e+00
   1.2550100e+00   1.6514455e+00  -4.9864085e-02  -1.6530775e-01   2.1602594e-01   5.2717232e-01  -4.5933352e-02  -8.9718791e-02   7.3426398e-02   9.5468919e-01   3.5445530e-01  -2.1139477e-01  -4.4881104e-02   1.5243142e-01  -3.6335804e-01  -1.8281884e+00
   8.2762031e-01   1.4074801e+00   4.0938783e-02   5.0516791e-02   2.2037128e-01   4.3546001e-01  -2.9567144e-01  -1.9428551e-01  -6.1948740e-02   8.4248388e-01   2.3475398e-01  -3.8915918e-01  -1.6131016e-01   7.7226456e-02  -4.8101284e-01  -1.6286796e+00
   1.1037106e+00   1.5325415e+00  -3.8408246e-01  -2.5323201e-01   2.1809805e-01   3.0483843e-01  -5.9998864e-01  -6.1875807e-01  -3.3259330e-01   6.0953634e-01   1.8157929e-02  -5.3341872e-01  -4.6711584e-01  -3.6006712e-01  -7.8990187e-01  -1.5941122e+00
   8.6161717e-01   1.4816795e+00  -2.3661446e-02  -5.2393729e-02   1.9739131e-01   1.6817992e-01  -7.6527508e-01  -8.8140657e-01  -6.0310647e-01   3.7743310e-01  -1.7684357e-01  -8.7278841e-01  -9.7111839e-01  -5.6556527e-01  -9.3483132e-01  -1.6516580e+00
   4.3524237e-01   1.5071333e+00   9.7501032e-02  -1.9134050e-01  -8.2944850e-02  -2.5484673e-02  -7.9807163e-01  -7.7766577e-01  -6.0366196e-01   4.4017289e-01  -2.0761778e-01  -9.9038455e-01  -9.6911796e-01  -5.4970001e-01  -7.8148492e-01  -1.8004072e+00
   8.1824156e-01   1.5571684e+00  -9.8886255e-02  -4.2127747e-02  -6.8985713e-02  -2.9488207e-01  -1.2381225e+00  -1.2401142e+00  -8.0576718e-01   3.1681541e-01  -3.1469032e-01  -1.2042178e+00  -1.1256564e+00  -8.4389130e-01  -1.0166063e+00  -1.8241450e+00
   9.8014664e-01   1.5476636e+00   1.8287668e-02   1.4284076e-01   1.9283108e-02  -3.6191776e-01  -1.5399046e+00  -1.0404752e+00  -7.9327308e-01   8.1229432e-02  -7.3588763e-01  -1.4003839e+00  -9.1235977e-01  -8.0242020e-01  -1.0184983e+00  -1.9155616e+00
   8.4696698e-01   1.4455910e+00  -1.3106478e-01  -3.8724524e-01  -2.3950133e-01  -7.3559426e-01  -1.3275211e+00  -1.4513878e+00  -1.1921456e+00  -2.9185152e-01  -1.0595580e+00  -1.5968110e+00  -9.4043807e-01  -9.0040896e-01  -1.2641201e+00  -2.1348639e+00
   1.1289121e+00   1.4465667e+00   2.3532405e-03  -4.1798786e-01  -2.0999216e-01  -1.3789287e+00  -1.8315151e+00  -1.4773842e+00  -1.3325806e+00  -2.1982576e-01  -1.1879733e+00  -1.9185523e+00  -1.1258409e+00  -1.2766049e+00  -1.3853040e+00  -1.9837672e+00
   1.0001224e+00   1.6086652e+00  -1.6089089e-01  -4.5748388e-01  -6.4467871e-01  -1.5427336e+00  -1.3650900e+00  -1.4047474e+00  -1.1996026e+00  -3.0030959e-01  -1.3050499e+00  -1.6016328e+00  -1.2436160e+00  -1.6047444e+00  -1.6574792e+00  -2.1777089e+00
   5.8169801e-01   1.6555740e+00  -4.6939586e-02  -5.3732196e-01  -6.8360754e-01  -1.7313969e+00  -1.8079143e+00  -1.8530473e+00  -1.4006531e+00  -4.0148844e-01  -1.4340996e+00  -1.5532069e+00  -1.2718191e+00  -1.6392873e+00  -1.6315424e+00  -1.9135572e+00
   6.4756022e-01   1.6635464e+00   2.2978535e-01  -3.8816576e-01  -7.7512059e-01  -1.7489175e+00  -1.4386741e+00  -1.4583272e+00  -1.3146722e+00  -3.2704544e-01  -1.1760682e+00  -1.2218863e+00  -1.1429100e+00  -1.6015102e+00  -1.8872153e+00  -2.0613679e+00
   4.5997804e-01   1.7713515e+00   7.4387354e-02  -5.0111644e-01  -7.9338018e-01  -1.7503813e+00  -1.6721947e+00  -1.7089718e+00  -1.6381441e+00  -5.6046728e-01  -1.5528312e+00  -1.3838012e+00  -1.1418230e+00  -1.5443046e+00  -2.0096921e+00  -2.0707694e+00
   9.3903376e-01   1.7253520e+00   1.6942015e-01  -1.6490802e-01  -8.2721531e-01  -1.7788838e+00  -1.8276163e+00  -1.6918331e+00  -1.8525533e+00  -8.1213198e-01  -1.4264994e+00  -1.3112796e+00  -1.4244848e+00  -1.7723300e+00  -2.0653963e+00  -2.1239960e+00
   9.5255992e-01   1.7632776e+00   9.1241491e-02  -6.2829243e-01  -5.8576692e-01  -1.6518066e+00  -1.9095552e+00  -1.8402586e+00  -1.8487168e+00  -8.0752814e-01  -1.3842570e+00  -1.4760728e+00  -1.3638717e+00  -1.7714617e+00  -1.9917453e+00  -1.9521402e+00
   1.2854321e+00   1.7691658e+00  -5.3818663e-02  -9.2807055e-01  -8.9269997e-01  -2.2532101e+00  -1.7264975e+00  -2.1300190e+00  -1.9325778e+00  -9.0117739e-01  -1.4528912e+00  -1.4280105e+00  -1.8186536e+00  -2.0075319e+00  -1.8571585e+00  -1.9815609e+00
   1.1143471e+00   1.6481815e+00  -1.2248039e-02  -7.0623751e-01  -6.8205359e-01  -2.0150704e+00  -1.8926154e+00  -1.9294855e+00  -1.7416907e+00  -8.3105916e-01  -1.7124787e+00  -1.4656382e+00  -1.7600793e+00  -2.0475809e+00  -2.0618216e+00  -2.1047477e+00
   9.8382835e-01   1.6796461e+00   9.2553659e-02  -5.2851853e-01  -6.9093359e-01  -1.8420843e+00  -1.6843507e+00  -1.7821703e+00  -1.7405024e+00  -9.4848645e-01  -1.3707242e+00  -1.2367001e+00  -1.2762094e+00  -1.7401048e+00  -1.9399642e+00  -2.1980952e+00
   4.9885812e-01   1.5921365e+00   3.0076150e-01  -7.3725877e-01  -5.8526021e-01  -1.6294768e+00  -1.9356485e+00  -2.2191944e+00  -2.1898998e+00  -1.1375498e+00  -1.2252063e+00  -1.2740531e+00  -1.4203261e+00  -1.8334770e+00  -1.8362309e+00  -2.0305131e+00
   7.3544001e-01   1.6885673e+00   3.9830554e-01  -1.3662100e-01  -7.9803839e-01  -2.0244942e+00  -2.1691822e+00  -2.5482138e+00  -2.1201883e+00  -1.1331610e+00  -1.7011629e+00  -1.7212729e+00  -1.6267513e+00  -2.1318666e+00  -2.1290715e+00  -2.1056687e+00
   7.8235380e-01   1.5432857e+00   3.0280559e-01  -6.1326319e-01  -9.7313473e-01  -1.9532118e+00  -1.9117185e+00  -2.1458674e+00  -1.8217815e+00  -1.3312948e+00  -1.7059427e+00  -1.7605475e+00  -1.8820461e+00  -2.1093844e+00  -1.9397827e+00  -1.9781649e+00
   1.0578315e+00   1.6653977e+00   3.1300299e-01  -3.6625384e-01  -8.4111675e-01  -2.1769721e+00  -1.9464188e+00  -2.1098215e+00  -2.0711619e+00  -1.4222905e+00  -1.8560217e+00  -1.9767331e+00  -2.0783307e+00  -2.2165451e+00  -2.1759160e+00  -2.2600036e+00
   4.4382544e-01   1.6463334e+00   2.5342177e-01  -7.8065358e-02  -5.3073581e-01  -1.8033610e+00  -1.9134704e+00  -1.7937808e+00  -2.0377193e+00  -1.9889642e+00  -2.0339596e+00  -2.0566233e+00  -2.0734373e+00  -2.2911616e+00  -2.3564375e+00  -2.2068432e+00
   9.4404475e-01   1.4705650e+00   1.8695874e-01   1.5759841e-01  -2.1382458e-01  -1.8134298e+00  -2.2964894e+00  -2.1397820e+00  -2.0333047e+00  -1.9540514e+00  -2.2046676e+00  -2.0933162e+00  -2.3656937e+00  -2.6515934e+00  -2.3264925e+00  -2.3437252e+00
   5.9835986e-01   1.3727123e+00   6.9924531e-02  -2.5462884e-01  -4.7853953e-01  -1.8083098e+00  -2.4548710e+00  -2.1890085e+00  -2.0929394e+00  -1.9932464e+00  -2.4474834e+00  -2.3567760e+00  -2.6116824e+00  -2.1961322e+00  -2.0874145e+00  -2.1044318e+00
   7.4382562e-01   1.3356064e+00  -5.6775759e-02  -4.6002881e-01  -9.7069439e-01  -1.9589099e+00  -2.4932306e+00  -2.2323881e+00  -2.6971509e+00  -2.0698749e+00  -2.2253775e+00  -2.4523919e+00  -2.1289309e+00  -2.2407211e+00  -2.1345807e+00  -1.9136076e+00
   3.8515221e-01   1.2823822e+00   1.0699153e-02  -2.7063933e-01  -7.1872263e-01  -2.3068998e+00  -2.6560036e+00  -2.5028673e+00  -2.1918548e+00  -1.8816329e+00  -2.3012191e+00  -2.5660810e+00  -2.0572955e+00  -2.3211705e+00  -2.5161895e+00  -2.2105972e+00
   5.8279509e-01   1.1131362e+00   6.1346474e-02  -5.1211713e-01  -1.2112509e+00  -2.0350541e+00  -2.1682349e+00  -1.9105136e+00  -2.2236728e+00  -2.2408058e+00  -2.0683870e+00  -2.5086877e+00  -2.4932320e+00  -2.5637632e+00  -2.3952501e+00  -2.1452316e+00
   4.2532585e-01   5.9113830e-01  -4.5172089e-01  -4.1547993e-01  -9.9927292e-01  -1.7140903e+00  -2.4481453e+00  -2.1048244e+00  -2.1520634e+00  -2.4759893e+00  -2.3449116e+00  -2.2763998e+00  -2.4980743e+00  -2.3882552e+00  -2.4544906e+00  -1.9762477e+00
   4.6277881e-01   5.4618269e-01  -8.2748879e-01  -7.3236886e-01  -7.3305694e-01  -1.8329737e+00  -2.5091102e+00  -2.3174057e+00  -2.4351570e+00  -2.4415903e+00  -2.4238099e+00  -2.3641140e+00  -2.3915136e+00  -2.5896605e+00  -2.2494020e+00  -2.1997353e+00
   7.7778197e-01   2.4896880e-01  -7.2756333e-01  -6.0649574e-01  -9.6009843e-01  -1.6654687e+00  -2.6276422e+00  -1.9060776e+00  -2.2799738e+00  -2.5317503e+00  -2.2146720e+00  -2.7376844e+00  -2.4490737e+00  -2.5423145e+00  -2.2147794e+00  -2.3117161e+00
   4.8518205e-01  -1.3026563e-01  -1.1472152e+00  -5.1435164e-01  -1.0261457e+00  -2.2764591e+00  -2.5324955e+00  -1.8764162e+00  -2.0090491e+00  -2.0293513e+00  -2.5446233e+00  -2.5300401e+00  -2.4602160e+00  -2.4425583e+00  -2.2989008e+00  -2.1359351e+00
   7.6646201e-01  -5.5485638e-01  -1.3687143e+00  -7.1761356e-01  -1.0829328e+00  -2.1411524e+00  -2.1150779e+00  -2.0389233e+00  -2.0695186e+00  -2.1408408e+00  -2.5982329e+00  -2.5052362e+00  -2.5190229e+00  -2.4065311e+00  -2.4232144e+00  -1.9981739e+00
   6.3385038e-01  -9.1483968e-01  -1.4727154e+00  -3.7473673e-01  -7.9178340e-01  -1.7263641e+00  -2.1701022e+00  -2.0363994e+00  -2.1746583e+00  -2.2919004e+00  -2.3242463e+00  -2.2820955e+00  -2.4480793e+00  -2.5926128e+00  -2.1593024e+00  -2.2720058e+00
   7.7753378e-01  -6.7510582e-01  -2.3306299e+00  -6.8053236e-01  -8.2564955e-01  -1.9043994e+00  -2.0002900e+00  -2.1070945e+00  -2.1928267e+00  -2.1828252e+00  -2.0563629e+00  -2.5544295e+00  -2.7685794e+00  -2.5793080e+00  -2.2560210e+00  -2.2182193e+00
   2.6507801e-01  -5.4412568e-01  -1.0219997e+00  -4.6682783e-01  -6.5848079e-01  -2.0384284e+00  -2.4339202e+00  -2.1662575e+00  -2.5428508e+00  -2.4608489e+00  -2.0746425e+00  -2.4200575e+00  -2.5391972e+00  -2.4765019e+00  -2.4611219e+00  -2.4068413e+00
   8.8692031e-01   9.1481344e-02  -9.9916168e-01  -4.5593166e-01  -6.1982245e-01  -2.2369363e+00  -2.4656027e+00  -2.0740373e+00  -2.3838654e+00  -2.3461870e+00  -2.4020139e+00  -2.9877961e+00  -2.6760435e+00  -2.4788259e+00  -2.3025575e+00  -2.3698309e+00
   6.7171576e-01  -2.9837989e-01  -1.1560652e+00  -7.0428055e-01  -1.1158543e+00  -2.0347442e+00  -2.5836644e+00  -2.0698273e+00  -2.1897460e+00  -2.6589130e+00  -2.5957229e+00  -2.8341955e+00  -2.6960240e+00  -2.3266160e+00  -2.3876385e+00  -2.1564720e+00
   6.3502913e-01  -5.5004053e-01  -1.3705624e+00  -9.9902768e-01  -1.3171438e+00  -1.4979786e+00  -2.1648824e+00  -2.4004737e+00  -2.4407850e+00  -2.5741324e+00  -2.6524339e+00  -2.4713109e+00  -2.4639556e+00  -2.2446253e+00  -2.4363773e+00  -2.1093070e+00
   6.9349718e-01  -9.0531456e-01  -1.4120316e+00  -1.2594212e+00  -1.5077101e+00  -2.0216301e+00  -2.3892119e+00  -2.2786348e+00  -2.7538004e+00  -2.3054950e+00  -2.5953391e+00  -2.4205064e+00  -2.4076581e+00  -2.1997071e+00  -2.1670939e+00  -2.0536653e+00
   9.8941947e-01  -4.6576813e-01  -1.1235085e+00  -7.1784677e-01  -1.0282022e+00  -2.2819622e+00  -2.2509162e+00  -2.2804251e+00  -2.6651174e+00  -2.6354913e+00  -2.4431674e+00  -2.7415304e+00  -2.6431528e+00  -2.5591358e+00  -2.4501771e+00  -2.1541178e+00
