   3.0177901e+00   2.3540146e+00   8.5335083e-01   2.2062283e-01  -5.9982394e-01  -1.4812565e+00  -7.9994303e-01  -8.1659147e-01  -1.3272140e+00  -1.6266478e+00  -1.7833588e+00  -1.8661080e+00  -1.8019468e+00  -1.8613855e+00  -2.1279568e+00  -1.9736215e+00
   2.7681902e+00   1.7124383e+00   1.0213822e+00  -1.4537277e-01  -4.5114685e-01  -3.5025857e-01  -9.0420423e-01  -9.9339104e-01  -1.3965497e+00  -1.5042184e+00  -1.5161666e+00  -1.6584328e+00  -1.6507358e+00  -1.6586550e+00  -1.6644440e+00  -1.6667403e+00
   2.5200822e+00   1.5968983e+00   5.8804188e-01  -1.4413438e-01  -1.0463684e-01  -5.8183332e-01  -8.9126727e-01  -9.5497819e-01  -1.5104863e+00  -1.7804387e+00  -2.2101257e+00  -2.3791266e+00  -2.3173808e+00  -2.0911317e+00  -2.3017495e+00  -2.0737983e+00
   2.9429852e+00   1.3342583e+00   4.3251339e-01  -4.7168852e-01  -3.0141037e-01  -4.8647964e-01  -7.2427257e-01  -9.3989987e-01  -1.3316923e+00  -1.7041946e+00  -2.2630751e+00  -2.0710560e+00  -2.2719951e+00  -1.9090074e+00  -2.1321884e+00  -1.9923107e+00
   3.1049833e+00   1.0366079e+00   4.1066954e-01   5.7710679e-02  -3.3964108e-01  -6.9852898e-01  -8.2576920e-01  -8.6034050e-01  -1.3515131e+00  -1.8958112e+00  -1.8980826e+00  -1.9317008e+00  -1.9764340e+00  -1.9146939e+00  -2.1760279e+00  -1.9389999e+00
   2.6819292e+00   1.9215131e+00   1.2630953e-01  -3.9243628e-01  -3.6252527e-01  -3.6824080e-01  -9.0309021e-01  -9.4599003e-01  -1.2937645e+00  -1.5059740e+00  -1.5387687e+00  -1.5611357e+00  -1.4275158e+00  -1.4759615e+00  -1.5012095e+00  -1.6436694e+00
   2.4217887e+00   1.5724493e+00   4.4268878e-01  -2.2004399e-01  -2.3867807e-01  -5.3324686e-01  -1.0443462e+00  -1.2600910e+00  -1.0304054e+00  -1.7589389e+00  -1.6153345e+00  -1.7957082e+00  -1.9036342e+00  -2.1658061e+00  -2.0357488e+00  -2.1300718e+00
   2.1958538e+00   1.0358906e+00   6.4099748e-01   4.9948054e-01   2.3667125e-01  -5.1147929e-01  -6.6978463e-01  -8.8121161e-01  -8.5731028e-01  -1.1911049e+00  -1.2832463e+00  -1.2774881e+00  -1.3415323e+00  -1.2725109e+00  -1.2790836e+00  -1.2625806e+00
   3.2383556e+00   1.7365158e+00   5.9719747e-01   1.8976803e-02   9.7557367e-03  -4.0528472e-01  -9.1886853e-01  -1.0935694e+00  -8.3219462e-01  -1.1397740e+00  -1.6926347e+00  -2.2513779e+00  -2.1086460e+00  -1.9029124e+00  -1.9649143e+00  -2.0290623e+00
   3.1608725e+00   1.9382048e+00   1.1520272e+00  -1.8276663e-01  -4.5469784e-02  -9.0879105e-02  -2.3114336e-01  -8.1980930e-01  -7.6846854e-01  -1.2842841e+00  -1.6566886e+00  -1.7379411e+00  -1.7025260e+00  -1.7032993e+00  -1.9831366e+00  -1.8634502e+00
   2.4954714e+00   1.6513646e+00   9.2646039e-01   2.9497969e-01   2.3223825e-01  -9.7590230e-02  -3.6199737e-01  -8.2393709e-01  -8.9748102e-01  -9.8900403e-01  -1.0498365e+00  -1.0561997e+00  -1.0351778e+00  -1.0751772e+00  -1.0555785e+00  -1.0173555e+00
   2.8582727e+00   1.7274863e+00   6.5573270e-01  -2.8707010e-01  -2.4562646e-01  -1.3877592e-01  -2.7579394e-01  -7.3083202e-01  -8.8305227e-01  -1.0735871e+00  -1.1472056e+00  -1.2651101e+00  -1.2598595e+00  -1.2673311e+00  -1.2566168e+00  -1.1765708e+00
   3.4967593e+00   2.1475690e+00   7.1077451e-01   1.6466547e-01   1.3371114e-01  -2.5725092e-01  -5.3693694e-01  -5.2418040e-01  -6.1561683e-01  -7.7901900e-01  -8.5326577e-01  -8.6894212e-01  -8.8879179e-01  -8.5284275e-01  -8.7327073e-01  -8.3883491e-01
   3.2084564e+00   1.5365464e+00   6.1112608e-01   3.7745045e-01   1.1089263e-01  -4.6783499e-01  -6.2472817e-01  -1.0858240e+00  -1.3608731e+00  -1.5448186e+00  -1.8069109e+00  -1.9333383e+00  -1.9900045e+00  -2.0941264e+00  -1.9598861e+00  -1.6537394e+00
   2.8479548e+00   1.9618109e+00   1.2162424e+00   5.1983458e-01   4.1982662e-01   3.8246091e-01   1.4745869e-03  -4.2181928e-01  -5.7350802e-01  -6.0600524e-01  -7.0202703e-01  -7.4282555e-01  -7.5325400e-01  -7.2231233e-01  -7.1358338e-01  -6.8147127e-01
   3.3382917e+00   2.5294047e+00   1.1602062e+00   1.9347190e-02  -4.9933469e-01   3.1375578e-01  -4.2263736e-01  -9.6181411e-01  -1.0026325e+00  -1.1870513e+00  -1.3547742e+00  -1.4965012e+00  -1.4275145e+00  -1.2895598e+00  -1.2014118e+00  -1.1622109e+00
   3.3560713e+00   1.8992095e+00   9.0333644e-01  -1.1120578e-01  -6.9158653e-01  -1.7090334e-01  -5.8368368e-01  -7.3213127e-01  -1.1791445e+00  -1.4856714e+00  -1.7130484e+00  -1.8078870e+00  -1.7993841e+00  -1.8451658e+00  -1.5386645e+00  -1.6098852e+00
   3.1201030e+00   1.8199826e+00   1.1072975e+00  -1.7466172e-01  -4.4944747e-01  -3.8636460e-01  -4.1533655e-01  -6.4175900e-01  -1.2575076e+00  -1.6683010e+00  -2.0585697e+00  -2.0980802e+00  -2.0965154e+00  -2.0697656e+00  -2.0029690e+00  -2.0253286e+00
   3.1092390e+00   1.7320097e+00   5.5469764e-01  -3.1637946e-01   8.6221567e-02   4.8145743e-02  -5.6599442e-01  -1.0693087e+00  -1.0236716e+00  -1.6348280e+00  -2.0193730e+00  -1.9758688e+00  -2.1460464e+00  -2.0121708e+00  -2.0362766e+00  -1.8431809e+00
   2.0674952e+00   1.4427443e+00   5.1489785e-01   8.6901494e-02   4.0072462e-02  -2.2114037e-01  -5.8630489e-01  -9.3241873e-01  -1.0983656e+00  -1.1698009e+00  -1.3981498e+00  -1.4256687e+00  -1.5182010e+00  -1.5023952e+00  -1.4442095e+00  -1.4450738e+00
   3.0700595e+00   1.6381425e+00   7.2625247e-01   3.0013430e-01  -9.4158963e-02  -1.0077184e-01  -3.8629417e-01  -8.1220958e-01  -1.4225341e+00  -1.4769132e+00  -1.6134552e+00  -1.6111776e+00  -1.7511616e+00  -1.7163709e+00  -1.6992155e+00  -1.5835706e+00
   3.1568395e+00   1.2339648e+00   9.0355722e-01   4.1950316e-01  -1.4926098e-01  -2.0260798e-01  -5.7526611e-01  -6.8504760e-01  -8.9939708e-01  -9.2400618e-01  -1.0033897e+00  -1.0027350e+00  -1.0316709e+00  -1.0166297e+00  -1.0194788e+00  -1.0016458e+00
   3.3219884e+00   1.5744766e+00   2.5485654e-01  -1.0008677e-01  -1.3692243e-02  -3.0825017e-01  -1.0221729e+00  -9.1575587e-01  -1.5542874e+00  -1.6334716e+00  -2.0251058e+00  -2.1651648e+00  -2.0482303e+00  -2.1834680e+00  -2.2475112e+00  -2.1886343e+00
   3.1471126e+00   1.3135218e+00   6.9696249e-01   2.2843766e-01   1.4054601e-01  -3.8525951e-02  -3.2893774e-01  -4.3757568e-01  -5.1022026e-01  -5.7219136e-01  -6.1221495e-01  -6.0614153e-01  -6.4430022e-01  -6.4818712e-01  -6.3295961e-01  -5.8580347e-01
   2.9392713e+00   1.4648600e+00   3.7441271e-01   1.7431327e-01  -5.2650029e-03  -3.8381213e-01  -8.6548198e-01  -1.1166560e+00  -1.4159854e+00  -1.6395482e+00  -1.8395386e+00  -2.0570807e+00  -1.9462020e+00  -2.0759620e+00  -2.2513934e+00  -1.8864568e+00
   3.0383861e+00   2.0366597e+00   7.8687432e-01   1.8188493e-01   8.7905279e-02  -3.9533136e-01  -8.2009500e-01  -1.0642200e+00  -1.2031689e+00  -1.1626958e+00  -1.2810114e+00  -1.3437853e+00  -1.3510532e+00  -1.3874251e+00  -1.3622838e+00  -1.3188120e+00
   2.6062602e+00   1.4220685e+00   2.0398419e-01   1.4567750e-01   5.4452263e-02  -2.6679840e-01  -9.8025659e-01  -1.0192727e+00  -1.3529959e+00  -1.4974659e+00  -1.6858467e+00  -1.9631169e+00  -1.8807070e+00  -1.9242256e+00  -1.9150234e+00  -1.8545455e+00
   2.1890111e+00   1.6986928e+00   7.4415257e-01   6.3399064e-01  -2.3231012e-01  -8.4210749e-01  -3.5973029e-01  -7.6306071e-01  -1.0920182e+00  -1.5501297e+00  -1.6693523e+00  -5.4517546e-01  -1.5604310e-01   4.1410656e-02   1.4127817e-01  -1.5612678e+00
   2.8060065e+00   1.5541015e+00   6.7631060e-01   6.6690377e-01   4.9705240e-02  -3.2007881e-01  -2.6205228e-01  -6.5435536e-01  -8.2805100e-01  -1.1086848e+00  -1.1827966e+00  -1.3645461e-01   2.9487636e-01   2.7701602e-01   4.3113378e-01  -8.7171772e-01
   2.4872885e+00   1.8566641e+00   5.9529588e-01   8.5627257e-01   1.4755006e-01  -7.2888161e-01  -8.1585806e-01  -1.5341288e+00  -1.4486845e+00  -1.4524465e+00  -1.5317232e+00  -3.4477068e-01   1.9111400e-01   3.4124808e-01   8.8570868e-02  -1.6617141e+00
   2.2465225e+00   2.0946779e+00   1.3456222e+00   7.7551489e-01  -6.9081464e-02  -5.6363796e-01  -1.0381752e+00  -1.2130781e+00  -1.3973256e+00  -1.7661477e+00  -1.7030918e+00  -2.2223312e-01   3.3022033e-01   5.3895396e-01   4.5671760e-01  -1.4162445e+00
   2.1439906e+00   1.7146717e+00   1.3316217e+00   3.7320384e-01  -4.8956957e-01  -4.6571437e-01  -4.8298962e-01  -1.1876856e+00  -1.1820287e+00  -1.5051869e+00  -1.2293769e+00   2.0681710e-02   6.3624402e-01   7.3838302e-01   6.5023998e-01  -1.2018571e+00
   3.0387316e+00   1.5516027e+00   5.7260406e-01   5.2082206e-01  -1.8408703e-01  -6.1932952e-01  -8.3967369e-01  -9.2113058e-01  -1.3304044e+00  -1.9290417e+00  -1.2309348e+00   2.2075573e-01   9.0435241e-01   1.0873234e+00   7.6818170e-01  -1.1233149e+00
   2.5946630e+00   1.8675483e+00   6.4693365e-01   5.8137627e-01   2.4282425e-01  -4.8294373e-01  -7.4781831e-01  -1.3544405e+00  -1.8128218e+00  -1.7641716e+00  -1.3370004e+00   4.6652222e-01   1.2420175e+00   1.4637103e+00   1.0154079e+00  -1.1195357e+00
   2.2716485e+00   1.9524217e+00   8.5459648e-01   3.4201205e-01   6.1884798e-02  -4.3800783e-01  -8.5748126e-01  -1.5454271e+00  -1.8091973e+00  -1.4698095e+00  -1.2826483e+00   3.7269786e-01   1.0953404e+00   1.2312410e+00   9.0000233e-01  -1.1485576e+00
   2.8493118e+00   1.7614172e+00   5.8158283e-01   2.7416661e-01  -6.4053343e-02  -4.5079543e-01  -5.5879905e-01  -1.1499718e+00  -1.1305483e+00  -1.5140115e+00  -1.2104274e+00   4.1366892e-01   1.0588184e+00   1.3019902e+00   1.0017489e+00  -1.2508922e+00
   2.2414517e+00   1.6801831e+00   2.0481812e-01  -2.0762024e-01   1.2818189e-01  -3.2382578e-01  -5.6009623e-01  -6.6441661e-01  -9.9693553e-01  -1.5305194e+00  -1.2238215e+00   3.5611789e-01   1.1671397e+00   1.2319626e+00   7.6629313e-01  -1.0483797e+00
   1.5774342e+00   1.9663681e+00   6.3228495e-01   6.2499493e-01   5.7943601e-01  -1.2017386e-01  -8.5677635e-01  -1.1365198e+00  -1.2542059e+00  -1.7814545e+00  -1.2935615e+00   1.6251878e-01   9.1933550e-01   1.2222131e+00   9.2559729e-01  -1.1769274e+00
   2.1933156e+00   2.1807648e+00   4.3602546e-01   6.6796507e-01   3.3014386e-01  -5.0273973e-01  -5.9491476e-01  -8.9373535e-01  -1.0742711e+00  -1.8110326e+00  -1.5908935e+00   2.5856527e-01   8.1826350e-01   7.6732884e-01   4.8245226e-01  -1.1657535e+00
   2.3563639e+00   2.2772384e+00   8.5642630e-01   4.3048961e-01   8.2083397e-02  -7.6490513e-01  -1.1531299e+00  -8.1416259e-01  -1.1033819e+00  -1.8945284e+00  -1.4033157e+00   3.1017833e-01   9.1023104e-01   9.1999946e-01   6.0624330e-01  -1.2983984e+00
   2.6942847e+00   1.9215934e+00   7.1615128e-01   7.0937911e-01  -3.5899296e-02  -1.0232044e+00  -1.2049463e+00  -1.0603883e+00  -8.1447669e-01  -1.3257482e+00  -1.3026401e+00   5.4118948e-02   6.5331728e-01   8.7204598e-01   6.4157450e-01  -1.3033694e+00
   2.9255454e+00   2.1280741e+00   5.9963512e-01   3.8071328e-01   1.2147862e-01  -4.2289328e-01  -9.2944095e-01  -1.1396741e+00  -9.8845922e-01  -1.0852757e+00  -9.1447814e-01   3.1994301e-01   8.5944993e-01   1.0709611e+00   7.7568065e-01  -1.5034318e+00
   2.9404849e+00   2.0816912e+00   1.2627049e+00   5.6463614e-01  -3.1713794e-02  -4.5458909e-01  -1.0410016e+00  -9.8975611e-01  -9.0658613e-01  -1.6671530e+00  -1.2803795e+00   3.3034376e-01   7.9572844e-01   8.4762199e-01   6.9639529e-01  -1.4328025e+00
   2.7116044e+00   2.0006187e+00   1.0961749e+00   1.0757119e-01  -1.5303327e-01  -3.8078723e-01  -9.7336370e-01  -1.2794499e+00  -1.1914558e+00  -1.5040383e+00  -1.0408278e+00   4.4909810e-01   9.3679002e-01   9.0860829e-01   4.4784202e-01  -1.6415659e+00
   2.8510500e+00   2.1504149e+00   1.1243037e+00  -2.2044368e-02   1.0194588e-01  -1.2405869e-01  -5.4739908e-01  -6.8670376e-01  -6.9064162e-01  -9.1160925e-01  -7.3000007e-01   3.7287388e-01   8.9700145e-01   8.1745851e-01   5.0708700e-01  -9.7919906e-01
   2.3488083e+00   1.8426164e+00   8.6378646e-01  -1.7713330e-01   1.7346563e-01  -2.8218846e-01  -1.0487205e+00  -9.5412437e-01  -1.3428832e+00  -1.3901529e+00  -1.1866209e+00   4.5499541e-01   9.9001462e-01   7.6801164e-01   3.6355502e-01  -1.3796273e+00
   2.7086905e+00   1.9014979e+00   1.1071930e+00   6.7597769e-01  -6.1036348e-02  -2.0368742e-01  -6.9961884e-01  -9.6460309e-01  -9.3528819e-01  -1.2301981e+00  -9.9478995e-01   3.1723917e-01   7.8187658e-01   6.8035416e-01   3.1427188e-01  -1.4593254e+00
   2.4477498e+00   2.0486501e+00   7.7190980e-01   1.3007756e-01   1.8116849e-01  -1.7710778e-01  -6.1663115e-01  -8.1433204e-01  -1.0516961e+00  -1.4863737e+00  -1.1355737e+00   2.8277351e-01   6.9686927e-01   5.7840928e-01   2.1506110e-01  -1.8629706e+00
   2.5913738e+00   2.2044039e+00   1.2125131e+00   4.1072017e-01  -5.4817069e-01  -5.2297395e-01  -6.0584190e-01  -1.1409860e+00  -1.1953789e+00  -1.4132725e+00  -1.1005545e+00   1.4675264e-01   6.7130794e-01   4.9698552e-01   6.8075355e-03  -1.5325064e+00
   2.8463086e+00   2.1801258e+00   6.9376877e-01   6.2472714e-01  -2.0748862e-01  -7.4788524e-01  -1.1304251e+00  -1.1338342e+00  -1.5264672e+00  -1.5086666e+00  -1.0723205e+00   1.3893407e-01   4.9243899e-01   2.8495454e-01  -2.5172568e-01  -1.8101664e+00
   1.9315514e+00   2.0758130e+00   1.2503009e+00   9.5013834e-01   8.0008952e-02  -5.0817712e-01  -8.2556049e-01  -6.9744817e-01  -8.4675526e-01  -9.5473335e-01  -7.0056990e-01   2.2532807e-01   4.4617535e-01   2.9460814e-01  -7.4887183e-02  -1.0174597e+00
   3.2245450e+00   2.0691985e+00   6.6194367e-01   6.0571638e-01  -1.0620740e+00  -9.7010075e-01  -8.3624972e-01  -8.3139537e-01  -1.2639461e+00  -1.6213262e+00  -1.3220402e+00   1.1706198e-01   2.7424328e-01   1.1605597e-01  -1.4903334e-01  -2.0668753e+00
   2.6329241e+00   1.8795743e+00   8.2009539e-01   5.4701182e-01  -6.6005516e-01  -1.1586040e-01  -3.5032287e-01  -7.3274891e-01  -1.2754592e+00  -1.5456632e+00  -1.2633330e+00  -3.7991410e-03   1.1152018e-01   7.2791378e-06  -2.4461721e-01  -2.0886006e+00
   1.8538214e+00   1.6429406e+00   7.4286114e-01   7.2019183e-01  -2.3775160e-01  -7.3095351e-01  -8.3319575e-01  -8.8643053e-01  -1.4228044e+00  -1.4508115e+00  -1.2505975e+00  -2.1753625e-01   8.1528931e-02   1.4065024e-01  -1.0444624e-01  -1.5266717e+00
   2.2598674e+00   1.6670961e+00   8.0240125e-01   6.5900852e-01  -3.2222151e-01  -4.3765142e-01  -5.7520189e-01  -8.0696738e-01  -1.2206416e+00  -1.7078471e+00  -1.3471132e+00  -2.9614930e-01  -1.4242566e-01  -6.2557192e-02  -3.5764107e-01  -1.8763127e+00
   2.1390536e+00   1.8280595e+00   8.7865843e-01   9.2205982e-01   1.8558478e-02  -8.6544272e-01  -8.0048469e-01  -1.0755223e+00  -1.0309611e+00  -1.5056563e+00  -1.1255870e+00  -8.8325238e-02  -8.8880474e-02  -1.2348380e-01  -5.3850172e-01  -1.7829303e+00
   2.0369641e+00   1.9008642e+00   9.5440300e-01   9.3950612e-01  -3.7055948e-01  -9.2111570e-01  -7.5066429e-01  -9.5091064e-01  -1.0558795e+00  -1.8065447e+00  -1.2416398e+00  -5.6669448e-02  -7.6346017e-02  -2.0279697e-01  -5.1205761e-01  -1.8751315e+00
   2.5641995e+00   1.4525350e+00   6.7616767e-01   9.9570492e-01  -2.1499680e-01  -1.2241428e+00  -9.3584578e-01  -1.0330671e+00  -1.3946793e+00  -1.8812733e+00  -1.4970113e+00  -4.7597822e-01  -6.1425795e-01  -6.8613785e-01  -8.9357009e-01  -1.8094626e+00
   1.9083672e+00   1.5457061e+00   8.8789249e-01   6.7197185e-01  -2.1163076e-01  -5.3720716e-01  -1.0158536e+00  -1.1328784e+00  -1.4109199e+00  -1.9518711e+00  -1.0978560e+00  -3.3245623e-01  -6.0888467e-01  -1.3238682e+00  -1.5993354e+00  -1.9239400e+00
   2.2487096e+00   2.0283470e+00   5.8434207e-01   9.1760408e-01  -1.8446003e-01  -4.1311822e-01  -7.6629682e-01  -8.9479829e-01  -1.7362089e+00  -1.9478924e+00  -1.5023070e+00  -8.2870225e-01  -9.4268864e-01  -1.2902205e+00  -1.9467753e+00  -1.7810303e+00
   2.6785914e+00   1.4542682e+00  -1.7548688e-02  -6.4583733e-03   9.1880127e-02  -4.0741413e-01  -7.8501631e-01  -8.9888648e-01  -1.6532651e+00  -2.0236049e+00  -1.7863705e+00  -7.9586484e-01  -8.2061196e-01  -1.2719279e+00  -1.8638219e+00  -1.9631526e+00
   2.3675300e+00   1.2148657e+00   2.9844218e-01   1.7805137e-01   1.1470169e-01  -2.3683720e-01  -6.9804458e-01  -8.2833911e-01  -1.1466733e+00  -1.5843762e+00  -1.2298639e+00  -5.4794772e-01  -8.4799808e-01  -1.1491893e+00  -1.4192374e+00  -1.6027807e+00
   2.7131896e+00   9.9367727e-01   5.3241121e-01   4.1621780e-01  -1.3243283e-01  -5.1984616e-01  -1.2140576e+00  -7.7863626e-01  -1.0570728e+00  -1.4586637e+00  -1.2180411e+00  -4.2303818e-01  -8.6876331e-01  -1.1948146e+00  -1.8831728e+00  -2.2240759e+00
   2.8749866e+00   1.1926072e+00   1.6607534e-01  -4.3879300e-01  -8.6190256e-01  -3.1839333e-01  -1.0788864e+00  -1.3187603e+00  -1.4179238e+00  -1.5022343e+00  -1.3472184e+00  -9.0476423e-01  -1.2021217e+00  -1.1390636e+00  -1.5865682e+00  -1.7341982e+00
   2.4774056e+00   1.8005791e+00   4.9175059e-01   2.6910073e-01  -1.1044181e-01  -5.3320545e-01  -8.2869073e-01  -8.3973173e-01  -1.5830418e+00  -1.5575830e+00  -1.1103487e+00  -9.2500142e-01  -1.2372934e+00  -1.1178449e+00  -1.7232095e+00  -1.7233802e+00
   2.6385835e+00   1.6401823e+00   7.8156996e-01   5.5437934e-01  -4.6073805e-01  -8.3993943e-01  -1.1225122e+00  -1.1798589e+00  -9.4455891e-01  -1.1615812e+00  -8.4337096e-01  -6.5527408e-01  -9.8492553e-01  -1.1226245e+00  -1.3200957e+00  -1.4629781e+00
   2.5079243e+00   1.6850281e+00   3.2214337e-01   1.8378371e-01   7.9850021e-02  -3.9963432e-01  -9.4847293e-01  -1.0625950e+00  -1.1126205e+00  -1.6346227e+00  -1.0806274e+00  -8.2323659e-01  -1.1864868e+00  -1.1337354e+00  -1.9297946e+00  -1.9433988e+00
   2.2906041e+00   1.6346528e+00   2.1007392e-01   2.3562097e-01  -4.2176964e-02  -8.4138826e-02  -5.2250752e-01  -1.0652819e+00  -1.0006457e+00  -1.2681625e+00  -1.0135058e+00  -7.9849458e-01  -9.7095934e-01  -1.0366383e+00  -1.3363442e+00  -1.3012785e+00
   2.4928911e+00   1.5025100e+00   5.3868485e-01   3.6143954e-01   1.7984723e-01  -1.3953465e-01  -7.9565865e-01  -1.0713183e+00  -1.5994685e+00  -1.4983994e+00  -1.4054245e+00  -1.0865590e+00  -1.3474610e+00  -1.4219643e+00  -1.6837530e+00  -1.5999546e+00
   2.7051271e+00   1.7087752e+00   8.7614837e-01   3.8753974e-01  -1.2966140e-02   7.5192395e-03  -7.0513827e-01  -6.8031293e-01  -1.0074231e+00  -1.1040773e+00  -1.1753368e+00  -1.0080183e+00  -1.0712064e+00  -9.2743255e-01  -1.1714626e+00  -1.2124520e+00
   2.7251479e+00   7.9441013e-01   4.6438746e-01  -6.7104497e-02  -2.8072493e-01  -6.1299830e-01  -7.2280215e-01  -7.7134240e-01  -1.2103850e+00  -1.5582902e+00  -1.9300037e+00  -1.6553509e+00  -1.5370615e+00  -1.3932740e+00  -1.7051236e+00  -2.0180432e+00
   2.2009207e+00   8.5195073e-01   3.4835981e-01   1.7845683e-01  -5.3273259e-01  -8.2708850e-01  -8.5511709e-01  -1.0328563e+00  -1.0272331e+00  -1.5196634e+00  -1.6424548e+00  -1.5205066e+00  -1.7334074e+00  -1.8211361e+00  -1.7059102e+00  -2.0741217e+00
   2.0964136e+00   1.2641146e+00  -1.5560440e-01   1.0824746e-01  -7.4198968e-01  -6.8969792e-01  -9.3161667e-01  -7.7579310e-01  -1.0687329e+00  -1.3743840e+00  -1.3046034e+00  -1.3280381e+00  -1.5432737e+00  -1.4249508e+00  -1.6979513e+00  -1.7654075e+00
   2.3893752e+00   1.2215976e+00   4.5927474e-01   2.3095810e-01  -5.1970095e-01  -5.6303764e-01  -6.0554231e-01  -1.4715897e+00  -1.5137968e+00  -1.3874328e+00  -1.3439897e+00  -1.4963949e+00  -1.7289191e+00  -1.5556250e+00  -1.8753028e+00  -1.7825008e+00
   2.9459899e+00   1.5053162e+00   6.6847707e-01   2.1518149e-01  -3.6078652e-01  -6.8559882e-01  -1.0071481e+00  -1.4588976e+00  -1.0477099e+00  -1.5610563e+00  -1.8237804e+00  -1.8717380e+00  -2.0512589e+00  -1.7186061e+00  -1.9169176e+00  -2.0167035e+00
   3.0409871e+00   1.7673561e+00   8.7472202e-01   2.0583376e-01  -5.7130855e-01  -3.4486039e-01  -9.1813170e-01  -1.0507337e+00  -8.6147671e-01  -1.4392679e+00  -1.5232127e+00  -1.5924671e+00  -1.4572975e+00  -1.4260191e+00  -1.6175578e+00  -1.5962802e+00
   1.9711754e+00   1.2736563e+00   6.2099507e-01   8.6904638e-02  -3.6529273e-01  -2.8468197e-01  -7.8416165e-01  -1.2621351e+00  -1.5781128e+00  -1.7628987e+00  -1.8191836e+00  -1.8411415e+00  -1.7431481e+00  -1.9593428e+00  -2.2194613e+00  -2.0076679e+00
   2.2756326e+00   1.2677720e+00   6.8915800e-01   1.8165087e-01  -3.4910288e-01  -3.7889733e-01  -8.0395783e-01  -9.6832007e-01  -9.8863910e-01  -1.4685016e+00  -1.6882217e+00  -1.7830927e+00  -1.7061701e+00  -1.7648699e+00  -1.7701458e+00  -1.6964931e+00
   2.7320289e+00   1.3367581e+00   5.6438858e-01   2.7228610e-01  -5.6216231e-01  -4.2420623e-01  -3.7850218e-01  -9.2267678e-01  -1.0053806e+00  -1.7058940e+00  -2.0150612e+00  -2.0862777e+00  -2.0891042e+00  -2.0332163e+00  -2.0985345e+00  -1.9819531e+00
   2.7546424e+00   1.3679345e+00   8.0296482e-01   1.5804371e-01  -3.1312576e-01  -5.4647920e-01  -1.0634682e+00  -1.6500852e+00  -1.6687200e+00  -1.5340817e+00  -1.8471597e+00  -2.0489034e+00  -2.1146792e+00  -2.0136330e+00  -2.0086221e+00  -1.9280056e+00
   2.7224095e+00   7.7749453e-01  -1.5217411e-01   2.7625673e-01  -8.1641665e-02  -3.3618785e-01  -7.3089482e-01  -8.8996756e-01  -9.9268199e-01  -1.4795671e+00  -1.5556807e+00  -1.6426337e+00  -1.6433455e+00  -1.6531686e+00  -1.6668490e+00  -1.6048598e+00
   2.2646437e+00   1.1928980e+00   5.5952642e-01  -3.8745230e-01  -7.5277639e-01  -4.5081288e-01  -8.3916885e-01  -1.2969241e+00  -1.4486209e+00  -1.4583255e+00  -1.6603955e+00  -1.7303489e+00  -1.8439182e+00  -1.8421379e+00  -1.8202558e+00  -1.7148380e+00
   2.5983759e+00   1.3675830e+00   4.0405357e-01   1.3439436e-01  -2.0713771e-01  -5.8562719e-01  -8.2716587e-01  -1.0734901e+00  -1.3693377e+00  -1.4483707e+00  -1.4351292e+00  -1.5731259e+00  -1.6238610e+00  -1.6078594e+00  -1.5683768e+00  -1.5167547e+00
   2.1835566e+00   1.1491213e+00   7.9759701e-02  -1.3205187e-01  -3.3856537e-01  -4.1342118e-01  -8.8823912e-01  -1.4412068e+00  -1.5889948e+00  -1.7146555e+00  -1.8421498e+00  -2.5261786e+00  -2.2702154e+00  -2.3051133e+00  -2.3221232e+00  -2.2747254e+00
   2.0482299e+00   1.4652581e+00   2.9931485e-01   1.6929134e-01  -1.8964136e-01  -5.5277020e-01  -8.0872724e-01  -1.0833942e+00  -1.5143840e+00  -1.6942234e+00  -1.7677220e+00  -2.0608956e+00  -1.9449638e+00  -2.0774832e+00  -2.1169573e+00  -1.9175903e+00
   2.0249559e+00   1.4606422e+00   4.9251816e-01  -3.7170741e-01  -5.7940140e-01  -6.6320523e-01  -1.0920555e+00  -1.3215699e+00  -1.6447938e+00  -1.6142516e+00  -1.6723460e+00  -2.0132041e+00  -1.8998883e+00  -1.7829239e+00  -2.1082080e+00  -1.9335395e+00
   1.8908821e+00   1.2130497e+00   1.1466953e-01  -5.9026273e-01  -7.9721501e-01  -1.4937382e-01  -5.6974221e-01  -1.1830396e+00  -1.4226473e+00  -1.4823849e+00  -1.7197802e+00  -1.9743382e+00  -2.0440019e+00  -1.8950270e+00  -1.7599338e+00  -1.6693703e+00
   2.0511963e+00   1.3794824e+00   3.7894217e-02   4.1807875e-01   1.0722019e-01  -6.9114432e-01  -1.0092398e+00  -1.3565112e+00  -1.6457036e+00  -1.8316457e+00  -1.8935698e+00  -2.1462812e+00  -2.1626745e+00  -2.2691002e+00  -1.9755914e+00  -1.9193011e+00
