   2.3862830e+00   2.6262646e+00   7.5337851e-01   8.6783000e-01   8.1792119e-01   3.9536371e-01   4.6769031e-01  -3.6466293e-02  -6.6623787e-01  -7.3910974e-01  -1.0261789e+00  -1.2152826e+00  -1.0322276e+00  -1.3311018e+00  -1.3182172e+00  -1.2183854e+00
   2.8673091e+00   2.3032850e+00   9.2648230e-01   1.6624916e+00   1.1196924e+00   5.2558389e-01   9.6235478e-02  -1.1372256e-01  -2.9720874e-01  -1.1698317e+00  -1.2217235e+00  -8.4444094e-01  -1.2254649e+00  -1.4170626e+00  -1.4391695e+00  -1.0538765e+00
   2.2691170e+00   1.4241836e+00   1.2095246e+00   1.1118118e+00   7.7237001e-01   1.9259902e-01   9.8777979e-02  -2.0583821e-01  -4.2336170e-01  -1.3899607e+00  -1.0035441e+00  -8.0718206e-01  -1.1954327e+00  -1.4362822e+00  -1.5307108e+00  -1.1044257e+00
   2.2527067e+00   1.6332982e+00   6.4576018e-01   1.0786371e+00   7.5830732e-01   4.3715479e-01   3.8631232e-01   5.0515199e-02  -6.8004770e-01  -1.0555651e+00  -1.0813357e+00  -1.1283669e+00  -1.2904540e+00  -1.3941398e+00  -1.3919117e+00  -1.2491817e+00
   2.0083803e+00   1.6797694e+00   1.1405495e+00   8.1896844e-01   6.4373210e-01   4.2839894e-01  -2.2680096e-01  -4.9507420e-01  -7.0407432e-01  -1.0485818e+00  -7.9962180e-01  -1.2101459e+00  -1.2933236e+00  -1.2867686e+00  -1.3340768e+00  -1.0279417e+00
   2.3416156e+00   1.8090928e+00   1.2364144e+00   1.0189069e+00   9.1580762e-01   6.4888265e-01   8.9381352e-02  -1.5967009e-01  -4.5039531e-01  -1.0905390e+00  -8.9432633e-01  -1.0147271e+00  -1.0882827e+00  -1.3841725e+00  -1.2816559e+00  -1.0948732e+00
   2.3763586e+00   1.9745559e+00   1.3939422e+00   1.0889394e+00   6.4897159e-01   1.5695065e-01  -2.8577914e-01  -1.7596316e-01  -6.0274662e-01  -1.0340003e+00  -6.3166060e-01  -7.7680450e-01  -1.1197096e+00  -1.2389919e+00  -1.1659816e+00  -1.1142848e+00
   2.4077785e+00   2.3887525e+00   1.3604700e+00   8.8017635e-01   7.2310281e-01   5.1814944e-01   3.3621855e-01  -2.8258289e-01  -6.7176576e-01  -9.8546921e-01  -7.4863489e-01  -1.0020368e+00  -8.9296039e-01  -9.5191786e-01  -9.4897061e-01  -9.6006445e-01
   3.4888089e+00   2.0686750e+00   7.5767422e-01   1.1445940e+00   8.5867196e-01   1.7421446e-01   1.1025034e-01  -3.6438969e-01  -7.6218317e-01  -1.0679054e+00  -5.6142664e-01  -1.0751372e+00  -1.0720785e+00  -1.1810401e+00  -1.3052492e+00  -1.2436402e+00
   3.0262852e+00   2.1131931e+00   1.1036901e+00   1.3090696e+00   1.0939480e+00   5.1499662e-01  -1.0103046e-01  -5.3595719e-01  -4.0370883e-01  -1.0871847e+00  -8.1315481e-01  -1.0462547e+00  -1.1043282e+00  -1.2372943e+00  -1.2472379e+00  -1.1046431e+00
   2.3926318e+00   2.3313497e+00   1.2020114e+00   1.1730783e+00   6.2044824e-01   5.4313211e-01  -1.6452365e-01  -1.3479828e-01  -4.4861618e-01  -1.0297333e+00  -1.6310961e+00  -1.2028363e+00  -1.2976251e+00  -1.4039646e+00  -1.2049634e+00  -1.1217010e+00
   2.4230691e+00   2.2683990e+00   1.4317242e+00   1.5275340e+00   5.9667399e-01   6.7253793e-01   3.1523500e-02  -5.5269370e-01  -8.5559231e-01  -9.3004514e-01  -1.4755043e+00  -1.1564959e+00  -1.1390968e+00  -1.4615522e+00  -1.5537285e+00  -1.1530275e+00
   2.3631360e+00   2.2849550e+00   1.7123691e+00   1.0637249e+00   3.2975220e-01   5.5060391e-01  -1.9919060e-02  -3.1173864e-01  -1.2799750e+00  -1.1698961e+00  -1.0689302e+00  -1.2163668e+00  -1.3758999e+00  -1.5261760e+00  -1.5393401e+00  -1.3255140e+00
   2.5722789e+00   2.2004377e+00   9.0136995e-01   7.4020960e-01   3.7762217e-01   2.9731725e-01   2.7871626e-01  -2.8606045e-01  -9.5720924e-01  -1.0721253e+00  -5.9965960e-01  -8.9658986e-01  -1.2845023e+00  -1.2898549e+00  -1.5789679e+00  -1.1911571e+00
   2.2287327e+00   2.2314642e+00   1.7326923e+00   1.2476296e+00   5.7115583e-01   5.3909494e-01   3.7215295e-01  -2.9655355e-01  -5.2720924e-01  -9.3923885e-01  -7.6828549e-01  -8.7932504e-01  -1.4905173e+00  -1.4018774e+00  -1.3841859e+00  -1.4192698e+00
   2.8442697e+00   2.1301741e+00   1.2973688e+00   5.1291055e-01   7.5852924e-01   5.7657734e-01   9.9534561e-02  -9.9911500e-02  -3.2900493e-01  -1.3228458e+00  -9.9563184e-01  -1.2182094e+00  -1.3104382e+00  -1.2501961e+00  -1.2908702e+00  -1.2195576e+00
   3.3123444e+00   2.3716487e+00   1.0868885e+00   1.4445394e+00   7.8645269e-01   7.7337079e-01   1.5384629e-02  -3.9251083e-01  -6.7564843e-01  -6.9619572e-01  -7.7048036e-01  -9.5546124e-01  -1.3635981e+00  -1.5176426e+00  -1.3814604e+00  -1.2833253e+00
   2.4369649e+00   1.8425865e+00   9.9156841e-01   1.0312842e+00   4.7607997e-01   5.2861696e-01   2.9870926e-01   2.7961484e-02  -5.6007639e-01  -5.0261036e-01  -5.1695542e-01  -1.1361340e+00  -1.3895022e+00  -1.3166350e+00  -1.3351202e+00  -1.2110121e+00
   2.4162331e+00   2.1399009e+00   1.6876381e+00   1.5179961e+00   8.1035703e-01   9.2454737e-01   3.4090336e-01  -2.7660516e-01  -5.8689450e-01  -8.2704021e-01  -8.5163201e-01  -9.6990614e-01  -1.1191745e+00  -1.3129866e+00  -1.5354321e+00  -1.3713019e+00
   3.0884498e+00   2.1979951e+00   1.4181369e+00   1.1272558e+00   8.0142150e-01   2.7187551e-01  -2.3005726e-01  -3.4098089e-01  -5.4556175e-01  -5.7055286e-01  -9.9883223e-01  -1.1197300e+00  -1.2172606e+00  -1.4813475e+00  -1.4297105e+00  -1.0529416e+00
   2.4544397e+00   1.4317579e+00   1.4350502e+00   1.8557974e+00   1.0198629e+00   5.3197973e-01   1.6057349e-01  -1.1031204e-01  -5.3208955e-01  -8.2736799e-01  -9.9353079e-01  -9.0328506e-01  -9.9897513e-01  -1.0813718e+00  -9.6517670e-01  -9.5699474e-01
   2.9431063e+00   2.2284763e+00   1.4170474e+00   1.9463453e+00   1.7210986e+00   5.5807059e-01   3.3888217e-01  -2.1454981e-01  -5.1923977e-01  -7.6571094e-01  -1.0874466e+00  -1.1546717e+00  -1.1148961e+00  -1.3740866e+00  -1.1018176e+00  -1.1170119e+00
   3.0641179e+00   1.5948308e+00   1.4883891e+00   1.5820680e+00   1.2142372e+00   8.0501918e-01   4.0340819e-01  -4.1958401e-02  -2.1114217e-01  -8.1550764e-01  -8.5754654e-01  -1.0976808e+00  -1.2420093e+00  -1.2801586e+00  -1.3554233e+00  -1.0254808e+00
   2.9812266e+00   1.6397707e+00   1.4145366e+00   1.7569846e+00   1.1745681e+00   5.6108685e-01   3.9823342e-01  -2.9674975e-01  -6.1652966e-01  -9.1997046e-01  -8.4522927e-01  -9.2105825e-01  -1.2581880e+00  -1.3505766e+00  -1.3985631e+00  -1.2318048e+00
   2.9290443e+00   1.9200074e+00   1.1334377e+00   1.5203770e+00   9.3864154e-01   1.8100480e-01   1.1015338e-01  -2.9736478e-01  -1.2051281e+00  -1.2280785e+00  -7.3766280e-01  -8.5054074e-01  -1.1897994e+00  -1.4733547e+00  -1.4680512e+00  -1.3973157e+00
   2.6616262e+00   2.0225386e+00   1.5888061e+00   1.4392751e+00   1.0660022e+00   1.7481087e-01  -2.2034501e-01  -3.1291779e-01  -9.9278764e-01  -8.4687528e-01  -9.7214204e-01  -1.2910047e+00  -1.3680806e+00  -1.4209168e+00  -1.3458812e+00  -1.1565743e+00
   2.7042320e+00   1.8078305e+00   1.1020344e+00   9.8036406e-01   9.7852117e-01   4.7480709e-01   5.3721414e-02  -4.5237355e-01  -8.3700005e-01  -1.0645512e+00  -1.0868592e+00  -9.0816277e-01  -1.0653804e+00  -1.3243336e+00  -1.1856334e+00  -1.2504590e+00
   2.9400941e+00   2.2486964e+00   1.3647955e+00   1.2591056e+00   1.2315760e+00   5.5739992e-01   2.1053704e-01  -5.3307484e-01  -1.0078635e+00  -1.1354375e+00  -7.8619503e-01  -8.5302950e-01  -1.0069012e+00  -1.3940037e+00  -1.2254040e+00  -1.2184588e+00
   2.6872753e+00   1.8012034e+00   1.5705919e+00   1.2682176e+00   8.7635498e-01   5.8674662e-01  -2.6573064e-02  -6.1567256e-01  -1.0656778e+00  -1.0199902e+00  -7.7211759e-01  -9.0821433e-01  -9.6806800e-01  -1.4505404e+00  -1.1193093e+00  -1.1472687e+00
   2.7890847e+00   1.9861787e+00   1.1730668e+00   1.2705859e+00   7.7384441e-01   1.8923290e-01  -1.5703718e-01  -4.5669971e-01  -4.5431617e-01  -1.1101784e+00  -7.1931385e-01  -9.1512504e-01  -1.0462134e+00  -1.5665446e+00  -1.3609690e+00  -1.4503863e+00
   2.3439439e+00   2.2716991e+00   1.4996931e+00   1.4071432e+00   4.9943756e-01   2.6358019e-01  -1.3551854e-01  -3.6887314e-01  -4.6888151e-01  -9.2315723e-01  -9.3029200e-01  -1.1103369e+00  -8.9334669e-01  -1.2052006e+00  -1.2056591e+00  -1.2544598e+00
   3.2735860e+00   2.4485812e+00   1.3501254e+00   1.2889692e+00   6.1321624e-01   6.7825512e-01  -1.1967828e-01   2.8778437e-02  -1.8314934e-01   6.3004102e-01   1.5520484e-01   5.9066554e-01   2.5137756e-01   1.2036799e+00   1.2965742e+00   1.3853393e+00
   3.1100007e+00   2.4174460e+00   1.0327375e+00   1.5771032e+00   9.4448972e-01   1.4493596e-01   1.5384781e-01   1.6859040e-02  -1.1657256e-01   1.1831249e+00   3.7443849e-01   6.3759286e-01   4.1720174e-01   1.4998982e+00   1.9744276e+00   2.0596571e+00
   2.8372001e+00   2.4260481e+00   1.6388488e+00   1.7161943e+00   7.9497628e-01   9.1092398e-01   4.3638161e-01  -7.7676803e-03   5.1800803e-02   1.5353117e+00   8.5465717e-01   7.9115503e-01   4.0913199e-01   9.4081787e-01   1.4338648e+00   1.2519676e+00
   3.6341693e+00   2.7435700e+00   1.6947281e+00   1.6397297e+00   1.2186242e+00   7.6347855e-01   2.7142435e-01  -2.0988227e-01   3.1115650e-01   1.8668662e+00   1.0854193e+00   1.3057160e+00   5.1392998e-01   3.5200980e-01   6.3689287e-01   4.0890668e-01
   3.0583909e+00   2.6237199e+00   1.9926627e+00   1.8613825e+00   1.0594876e+00   4.7244673e-01  -1.3304599e-01  -2.4394678e-01   4.8384355e-01   2.2123420e+00   1.5667953e+00   2.0298804e+00   1.3268789e+00   5.4883239e-01   2.4284288e-01   1.4739779e-02
   3.2098198e+00   2.4552707e+00   2.2445363e+00   1.7518633e+00   9.0211662e-01   1.0239916e-01   2.0166161e-01  -3.0629226e-01   5.2425481e-01   2.2330859e+00   1.7769645e+00   2.2026653e+00   1.4907901e+00   5.5746976e-01  -1.0553819e-01  -6.4716332e-01
   2.2563096e+00   2.4269972e+00   1.7063596e+00   1.6716419e+00   1.1252843e+00  -8.2860338e-01  -7.5786432e-02  -1.1363135e-01   4.8010746e-01   2.1533889e+00   1.7183930e+00   2.2976480e+00   1.6714115e+00   6.0563404e-01   2.5775385e-01  -3.4521863e-01
   2.7512759e+00   2.4587721e+00   2.0230286e+00   1.5610284e+00   1.1787435e+00   2.2584582e-01   2.8925564e-01  -1.3226333e-01   3.5959121e-01   2.1928405e+00   1.6866949e+00   2.0772131e+00   1.7775408e+00   7.5252139e-01   6.7709999e-01  -5.9616390e-01
   3.3523665e+00   3.0346361e+00   2.2816853e+00   2.2756153e+00   1.3969841e+00   3.4166922e-01   2.6028082e-01  -3.2655827e-01   1.7762944e-01   2.1901465e+00   1.6853866e+00   2.1675117e+00   2.0218751e+00   9.2418272e-01   2.5942519e-01  -3.3108251e-01
   2.6759761e+00   2.8124102e+00   2.1439797e+00   1.8550386e+00   8.7190839e-01   1.1335192e-01   2.6141451e-02   3.5332462e-01   2.6931017e-01   2.1215764e+00   1.6692380e+00   2.2230307e+00   2.1987923e+00   1.1529920e+00   4.2982885e-01  -5.4264298e-01
   2.8173115e+00   2.5879718e+00   2.0571210e+00   1.8391470e+00   1.0638552e+00   5.6268107e-01   4.3331203e-01  -6.6536108e-02  -4.1904665e-02   1.9994688e+00   1.4931386e+00   2.0232823e+00   2.1367803e+00   1.0342459e+00   2.5128716e-01  -3.6752064e-01
   2.5126640e+00   2.8069192e+00   2.2516612e+00   1.7425228e+00   8.4373337e-01   9.7036669e-01   3.1043931e-01  -2.9486639e-01  -1.6806312e-01   1.6935478e+00   1.4259108e+00   2.1234673e+00   2.2449379e+00   1.1846033e+00   5.0046063e-01  -3.6829295e-01
   3.5624541e+00   2.9215471e+00   2.3239993e+00   1.0621337e+00   1.1939066e-01   5.6061761e-01  -1.8878890e-02  -3.5913587e-01   1.3822954e-02   1.4357738e+00   1.4146438e+00   1.8496762e+00   1.8681914e+00   8.4312363e-01   1.1335809e-01  -5.8363916e-01
   2.7447971e+00   2.6018819e+00   2.3513616e+00   1.5311791e+00   6.2750892e-01   7.2515942e-01   2.9624674e-01  -1.5038424e-01   3.9918548e-02   1.4392755e+00   1.5094529e+00   1.8552049e+00   1.9021090e+00   9.0987546e-01   4.1489578e-01  -2.1900181e-01
   2.7137204e+00   2.7891479e+00   2.2289778e+00   1.3562726e+00   9.2015300e-01   7.0188921e-01   2.1122144e-01  -1.8650087e-01  -2.1501992e-02   1.3095019e+00   1.3408822e+00   1.7833278e+00   1.8069001e+00   7.2814295e-01   5.7588813e-01  -3.7673254e-01
   3.2644717e+00   2.9052714e+00   2.3858484e+00   1.5237651e+00   9.7837556e-01   4.7508023e-01   5.1042826e-01  -1.3553050e-01  -3.2730721e-01   1.2936292e+00   1.3140545e+00   1.5526907e+00   1.6901907e+00   8.5414146e-01   8.8455832e-01  -3.7049991e-01
   2.6880004e+00   2.5270135e+00   2.0027039e+00   1.4817180e+00   1.3850176e+00   5.5210480e-01  -3.5154126e-03  -2.9782617e-01  -3.8808854e-01   1.1199546e+00   1.1099874e+00   1.3862339e+00   1.3450034e+00   4.1779920e-01   7.4593291e-01  -1.2790622e-01
   2.5698178e+00   2.3912745e+00   2.1934840e+00   1.7539218e+00   8.1736328e-01   5.2175186e-01  -7.7603722e-02  -2.8110972e-01  -3.7504966e-01   1.0905483e+00   1.0699400e+00   1.3915779e+00   1.2353641e+00   2.4934753e-01   5.9980042e-01  -4.3842551e-01
   2.6327708e+00   2.0550174e+00   1.7648819e+00   1.8311463e+00   9.6868495e-01   4.6515023e-01   1.9227101e-01  -5.1054266e-02  -6.5468651e-02   1.2758562e+00   1.2759001e+00   1.2654949e+00   1.1808455e+00   4.2869740e-01   1.0497212e+00  -3.6875751e-01
   2.9231253e+00   2.6559626e+00   2.0195508e+00   1.5480096e+00   1.1374190e+00   1.0411093e+00   4.4877064e-01  -1.4394656e-01  -1.1030114e-01   1.2768456e+00   1.3048001e+00   1.3051390e+00   1.3846394e+00   3.9932652e-01   8.4716325e-01  -1.2327507e-01
   3.1249986e+00   2.6344919e+00   1.9172973e+00   1.5568407e+00   1.1332477e+00   1.0675282e+00  -9.2922520e-02  -3.7473662e-01  -2.9677903e-01   1.2389306e+00   1.2185737e+00   9.7961327e-01   9.8249268e-01   1.6515330e-01   6.7854140e-01   1.8937807e-01
   2.3381317e+00   2.2653771e+00   2.1438392e+00   1.6403349e+00   1.1862513e+00   9.3302115e-01   1.5592317e-01  -2.6585839e-01  -1.2817417e-01   1.3097957e+00   1.3381897e+00   1.1196362e+00   8.7506766e-01   9.2893594e-02   5.8162617e-01  -3.2444484e-01
   1.7418344e+00   2.2087308e+00   1.9183643e+00   1.6773873e+00   1.0748619e+00   6.0484906e-01   1.7558245e-01  -2.8042833e-01  -1.8120300e-01   1.2551782e+00   1.2740346e+00   8.8709110e-01   6.0039051e-01  -8.0187893e-02   6.8507520e-01  -1.7203475e-01
   2.2503770e+00   2.4335189e+00   2.2594876e+00   1.6769930e+00   1.0762321e+00   4.2550878e-01   1.3609498e-01   1.9256354e-01   6.3471497e-02   1.0439519e+00   1.1412457e+00   7.4040627e-01   4.6427001e-01   3.3371925e-01   8.4259263e-01  -4.0360299e-01
   2.7910759e+00   2.3152441e+00   1.7833886e+00   1.3191419e+00   8.1380238e-01   6.3591287e-01   2.2281142e-01  -4.3206822e-01  -2.6745472e-01   9.8208402e-01   9.5396358e-01   4.2786066e-01   6.6861103e-01   6.8969182e-01   9.7924672e-01  -3.3693001e-01
   3.1902900e+00   2.5581266e+00   1.4551520e+00   1.0005334e+00   6.8057956e-01   8.1860009e-01  -1.8394236e-01  -2.8631468e-01  -4.5332460e-01   6.0517686e-01   7.2196555e-01   6.9120871e-01   1.2584706e+00   9.1842787e-01   9.0175506e-01  -5.1716185e-01
   2.5812354e+00   2.2326751e+00   2.0759518e+00   1.7183604e+00   1.0348739e+00   4.5409247e-01  -3.1926108e-03  -1.3834590e-01   1.2760587e-02   3.1359217e-01   3.3400604e-01   1.0558007e+00   1.4096197e+00   9.0363677e-01   4.1138437e-01  -7.3405594e-01
   2.6566049e+00   2.2207599e+00   2.0608269e+00   1.6308928e+00   1.1589359e+00   3.6967272e-01   7.6548451e-02  -1.5854729e-01  -2.7207074e-01   8.1557701e-02   4.2432263e-01   1.3287507e+00   1.3061643e+00   4.9394729e-01  -1.6709429e-01  -7.2195068e-01
   2.9019752e+00   2.3197339e+00   1.8288747e+00   1.9511232e+00   1.1255056e+00   7.3829618e-01   3.2570098e-01  -2.9487201e-01  -4.8708670e-01   6.1527004e-02   6.0747397e-01   1.2425921e+00   8.8073643e-01  -1.2879680e-01  -1.3726945e-01  -8.1798733e-01
   2.8513897e+00   2.4928318e+00   2.2114718e+00   1.5445806e+00   1.0509766e+00   4.1669234e-01  -3.9633156e-03  -9.6550745e-02  -4.1427534e-01   2.2086035e-01   7.2752318e-01   8.8856496e-01   2.0900012e-01  -3.4556805e-01  -2.2843128e-01  -7.8391625e-01
   2.3080768e+00   2.0206155e+00   1.8679858e+00   1.4475427e+00   1.1264088e+00   7.3872501e-01  -1.6012172e-02  -3.6116801e-01  -9.1673793e-01  -1.7985621e-01   1.7401660e-01   9.6710260e-02  -4.9820688e-01  -4.1172375e-01  -1.9863665e-01  -4.5792953e-01
   2.4019263e+00   2.2547679e+00   1.1025014e+00   1.3522482e+00   1.1543077e+00   7.0657926e-01   5.7588766e-02  -2.9111113e-01  -6.1101690e-01  -3.8535217e-02   3.6822492e-03  -4.5126136e-02  -5.8608188e-01  -4.6684988e-01  -2.7185182e-01  -2.3307348e-01
   2.5861692e+00   2.4767670e+00   5.0731329e-01   3.7762351e-01   8.0137901e-01   8.9117486e-01   5.6730673e-01  -3.3708210e-01  -6.9245801e-01  -3.6876298e-01   9.9112420e-02  -1.7887192e-01  -9.6359870e-01  -8.0245446e-01  -4.4934632e-01  -4.4039432e-01
   2.0064898e+00   1.3609342e+00   1.0468777e+00   8.3299863e-01   6.6757474e-01   5.4463435e-01   2.9278769e-01  -1.2000622e-01  -6.8272497e-01  -3.9063394e-01  -2.9089732e-01  -5.3473115e-01  -8.2871602e-01  -8.8365265e-01  -5.8589612e-01  -7.5389084e-01
   2.1058186e+00   1.3479198e+00   1.0983595e+00   1.3974844e+00   8.9357300e-01   7.3909027e-01  -2.8081161e-01  -2.7923281e-01  -5.7576735e-01  -2.1527881e-01  -4.0922445e-01  -3.7045704e-01  -6.9004848e-01  -1.1177818e+00  -7.2557896e-01  -1.0193935e+00
   1.7359924e+00   1.5388918e+00   1.0525944e+00   1.7092866e+00   1.0720674e+00   7.4165330e-01   3.2516171e-02   7.4760821e-02  -5.6473777e-01   9.7137449e-02  -2.4251566e-01  -3.5648116e-01  -7.3469560e-01  -1.0332057e+00  -6.5649767e-01  -1.1382278e+00
   1.5506552e+00   9.8142725e-01   9.4491440e-01   9.4025225e-01   9.4562795e-01   4.6392040e-01   7.9268866e-01   2.4170465e-01  -7.0308946e-01  -1.7254459e-01  -6.0473989e-01  -7.9520777e-01  -9.1822742e-01  -1.2156676e+00  -7.1599810e-01  -9.3034203e-01
   1.6934455e+00   1.7388543e+00   6.2838836e-01   1.0213017e+00   5.5597698e-01   7.2419392e-02   1.3829239e-01  -4.0831791e-01  -9.2973798e-01  -5.0350875e-02  -2.5391548e-01  -6.6622135e-01  -1.0985485e+00  -1.4540374e+00  -9.6774510e-01  -1.0746516e+00
   2.2876304e+00   1.3534180e+00   1.1949528e+00   1.5165491e+00   7.2979574e-01  -1.9157007e-01   7.8517049e-02  -4.3110262e-01  -4.0625122e-01  -1.2524862e-01  -4.6956565e-01  -9.2146052e-01  -1.0363884e+00  -1.2902421e+00  -9.4895751e-01  -1.0988657e+00
   2.9792423e+00   2.5268865e+00   1.3865248e+00   1.0131306e+00   7.0518280e-01  -1.8582419e-01  -2.6731525e-01  -2.2336563e-01  -4.8271521e-01  -4.1621234e-01  -7.4503724e-01  -7.0734199e-01  -8.9465864e-01  -1.1504323e+00  -1.2055427e+00  -1.1508803e+00
   2.4563918e+00   1.7015602e+00   1.4021329e+00   9.0927486e-01   6.6462479e-01  -1.7663068e-01  -2.1131301e-01  -1.4527511e-01  -3.2304626e-01  -4.4382440e-01  -1.0138855e+00  -7.2198810e-01  -9.8260085e-01  -1.0479754e+00  -9.2937576e-01  -1.0411395e+00
   2.2249848e+00   1.7402565e+00   1.5464198e+00   1.2761283e+00   6.0286201e-01   1.3588643e-01   2.0371564e-01   9.4801176e-02  -3.1156614e-01  -5.8282931e-01  -1.0283629e+00  -9.6293585e-01  -9.4353245e-01  -1.0816701e+00  -1.0149099e+00  -9.8398447e-01
   3.0929421e+00   2.3727970e+00   1.1104906e+00   1.4158363e+00   1.0162429e+00   1.7315919e-01   1.6075405e-01  -1.9642564e-01  -7.5741051e-01  -3.7614005e-01  -8.5266007e-01  -7.8717973e-01  -1.1161842e+00  -1.2334658e+00  -9.2352176e-01  -1.3212159e+00
   3.1287081e+00   2.0456136e+00   1.3761371e+00   1.5321382e+00   7.5773422e-01   6.1600774e-01   2.1958208e-01  -3.5976323e-02  -4.7278480e-01  -5.5416645e-01  -9.1592654e-01  -5.6367349e-01  -7.8461408e-01  -9.2319107e-01  -7.4462521e-01  -1.1951097e+00
   2.7500274e+00   2.5458555e+00   1.8447497e+00   1.3582579e+00   6.5226178e-01   7.0239339e-01   2.9199083e-01  -2.8678420e-01  -5.8399266e-01  -8.3075701e-01  -7.5167175e-01  -5.0575791e-01  -8.5312664e-01  -9.6507580e-01  -6.6902901e-01  -9.8863515e-01
   2.3774420e+00   2.1230550e+00   1.6127420e+00   1.7162432e+00   1.2110336e+00   9.9225035e-01  -3.8064863e-01  -7.0702665e-01  -7.4006447e-01  -6.8356625e-01  -9.4635981e-01  -9.4445138e-01  -1.2273356e+00  -1.4204708e+00  -1.1282083e+00  -1.0689782e+00
   1.9135773e+00   1.7385541e+00   1.4972509e+00   1.6163650e+00   8.0674484e-01   4.9937118e-01   1.8473142e-02   1.0078921e-01  -2.5525117e-01  -4.3745791e-01  -5.9172145e-01  -8.2725347e-01  -9.4619629e-01  -1.1259977e+00  -1.0154539e+00  -9.9134474e-01
   2.8752291e+00   2.3161422e+00   1.2187300e+00   1.5172242e+00   1.1554207e+00   3.8604462e-01  -1.0575274e-01   6.1808458e-02  -1.4104827e-01  -5.5988360e-01  -4.7984526e-01  -7.0169904e-01  -9.3430100e-01  -1.2663906e+00  -1.2980751e+00  -1.1192382e+00
   2.6236892e+00   2.0181481e+00   1.5352047e+00   1.4543245e+00   1.3903318e+00   9.1268854e-01   1.0374063e-01   3.0538795e-01   7.9980850e-03  -4.8492949e-01  -6.9317548e-01  -6.8102204e-01  -1.1670925e+00  -1.1116336e+00  -1.1394841e+00  -1.1023052e+00
   2.9010111e+00   1.8057560e+00   1.3860291e+00   9.7451869e-01   6.2612538e-01   3.3465939e-01  -4.2103520e-02  -3.4069826e-01  -3.9955862e-01  -7.0183993e-01  -9.8342183e-01  -9.7936423e-01  -1.3174540e+00  -1.1329183e+00  -1.1596572e+00  -1.1527982e+00
   2.6251778e+00   1.7048616e+00   5.9715058e-01   5.0475611e-01   6.1345372e-01   6.7432229e-01   3.3719233e-01  -3.8215911e-01  -6.6428822e-01  -8.3644195e-01  -9.8492365e-01  -1.2263530e+00  -1.4348079e+00  -1.0003433e+00  -1.0216983e+00  -1.1557018e+00
   2.3810585e+00   1.9163495e+00   9.8453885e-01   1.1093495e+00   6.5319049e-01   6.1007638e-01  -1.3749591e-01  -3.5759976e-01  -6.9219917e-01  -6.4872289e-01  -6.7968785e-01  -1.0438298e+00  -1.4324181e+00  -1.3659640e+00  -1.1273457e+00  -1.0593948e+00
   2.2528420e+00   1.6012267e+00   1.0334515e+00   1.2152415e+00   8.3100449e-01   4.9349766e-01   1.1214858e-01  -7.5675478e-02  -3.2077479e-01  -3.8575781e-01  -6.1200081e-01  -9.8238577e-01  -1.2692000e+00  -1.3900440e+00  -1.2930953e+00  -1.0705546e+00
   2.8942786e+00   2.0698736e+00   1.2961660e+00   9.4083275e-01   7.0630097e-01   4.3583602e-02   9.9841385e-02  -4.2099078e-02  -2.5228342e-01  -8.4583423e-01  -9.2133295e-01  -7.0874436e-01  -9.2407740e-01  -1.1890268e+00  -1.1775707e+00  -1.4050757e+00
   2.3112757e+00   2.2647816e+00   1.6280629e+00   1.1263662e+00   7.3914385e-01   3.8280454e-01   3.9008039e-01   3.2490007e-01   1.3715679e-01  -2.9081094e-01  -1.9043797e-01  -3.9999311e-01  -7.9766543e-01  -1.4826550e+00  -1.5541360e+00  -1.1635768e+00
   1.9535699e+00   1.8988828e+00   1.3764031e+00   1.0281365e+00   1.0195394e+00   5.2292870e-01  -1.9849462e-01  -2.3826687e-01  -4.6159918e-01  -8.9820195e-01  -1.2807915e+00  -1.2765268e+00  -1.1805280e+00  -1.7005960e+00  -1.6153742e+00  -1.3839489e+00
   2.9046508e+00   2.3890222e+00   1.5393482e+00   1.0109515e+00   9.9010429e-01   6.9616712e-01   9.8096765e-02  -6.5654655e-01  -6.1108397e-01  -8.0829813e-01  -8.4868198e-01  -9.9421310e-01  -1.3439365e+00  -1.5791075e+00  -1.4692255e+00  -1.4154608e+00
   2.6954108e+00   2.6791075e+00   1.2672243e+00   1.0036268e+00   8.2304502e-01   4.1442902e-01  -3.9379653e-02  -5.7640646e-02  -6.7908692e-01  -9.7962646e-01  -1.0157283e+00  -9.4085464e-01  -1.2960807e+00  -1.5232386e+00  -1.1567524e+00  -1.1220189e+00
   3.0236376e+00   1.7953084e+00   9.5910390e-01   1.2486149e+00   9.3001322e-01   2.7000673e-01  -6.5197082e-02  -1.3553071e-01  -3.8443664e-01  -8.9680892e-01  -1.0152666e+00  -6.0563364e-01  -9.6887870e-01  -1.4165441e+00  -1.3705752e+00  -1.4545168e+00
