   3.6645785e+00   2.5915616e+00   1.6675695e+00   1.7224128e+00   4.6064873e-01   4.8392625e-01   1.9605231e-02  -6.9542096e-01  -1.2030687e+00  -1.0714870e+00  -8.3755294e-01  -8.0666920e-01  -8.4874731e-01  -9.6367675e-01  -9.2399302e-01  -8.5943238e-01
   3.1668550e+00   3.0299349e+00   1.8000047e+00   1.5968197e+00   1.1895386e+00   1.9135462e-01   1.5531509e-01  -6.2725192e-01  -1.0599271e+00  -1.0081871e+00  -6.7140794e-01  -9.1922167e-01  -7.7474282e-01  -1.1483066e+00  -1.1442262e+00  -9.6652528e-01
   3.2991418e+00   2.7440117e+00   1.4068424e+00   1.6302418e+00   1.3860865e+00   2.2617004e-01   5.9817592e-01  -6.0228137e-01  -1.0322484e+00  -6.6190631e-01  -6.2131554e-01  -1.1670755e+00  -1.2619731e+00  -1.0828043e+00  -1.0974236e+00  -1.0044276e+00
   3.7852048e+00   3.0269130e+00   1.6510388e+00   7.9615624e-01   4.5857969e-01  -1.7616217e-01   7.4428246e-02  -2.8601862e-01  -8.1197136e-01  -1.0577555e+00  -8.0310215e-01  -9.3985706e-01  -1.3939861e+00  -1.1484222e+00  -1.2386491e+00  -1.0527983e+00
   3.2412456e+00   1.8380050e+00   1.4976829e+00   1.3753374e+00   1.0776081e+00   2.3183541e-01  -2.0977105e-01  -4.8201545e-01  -7.8686454e-01  -8.1837702e-01  -6.4313844e-01  -8.7601331e-01  -7.4644911e-01  -7.5480555e-01  -7.1582708e-01  -6.9656427e-01
   3.0785149e+00   1.7289153e+00   1.6247652e+00   1.9192081e+00   1.3133204e+00   3.4296554e-01  -3.7802665e-01  -7.4351882e-01  -1.0572424e+00  -9.1917352e-01  -8.4656710e-01  -1.0240504e+00  -8.5933731e-01  -9.1406708e-01  -8.6097498e-01  -8.1389069e-01
   3.2981705e+00   2.4564841e+00   1.8274194e+00   1.4238795e+00   5.8826705e-01   2.3559939e-01  -1.3431937e-01  -8.0686360e-01  -8.5073140e-01  -7.3036416e-01  -7.2973683e-01  -9.4267691e-01  -9.6064364e-01  -1.0433949e+00  -1.0069588e+00  -9.5361042e-01
   3.2627917e+00   2.8921499e+00   1.3467070e+00   1.1756686e+00   1.0648789e+00   4.4299965e-01  -9.4624703e-02  -2.5980662e-01  -7.3899673e-01  -7.2228788e-01  -8.1415785e-01  -1.0934195e+00  -8.1542310e-01  -9.4598230e-01  -1.1224099e+00  -1.0243367e+00
   3.2834129e+00   2.1578302e+00   1.7419721e+00   1.3883836e+00   9.7947147e-01   6.6904494e-01  -1.9444765e-01  -4.8548462e-01  -9.9027510e-01  -6.9481847e-01  -5.7060000e-01  -9.5671168e-01  -9.1898793e-01  -9.8961231e-01  -1.0656410e+00  -8.8639465e-01
   3.2241586e+00   2.6564645e+00   1.6871745e+00   1.3827799e+00   1.1554696e+00   1.0657573e+00   2.5980358e-01  -2.8711015e-01  -9.5271333e-01  -1.1091691e+00  -7.6353286e-01  -8.7387207e-01  -1.1193585e+00  -1.2102313e+00  -9.8505739e-01  -1.1653871e+00
   3.5522368e+00   2.5511145e+00   1.4979685e+00   1.1765099e+00   1.3034672e+00   7.0477893e-01  -3.7094619e-01  -2.4454129e-01  -5.7645591e-01  -1.0812384e+00  -8.1278414e-01  -9.7498259e-01  -1.2520512e+00  -1.0258031e+00  -1.0763404e+00  -1.0018396e+00
   3.8433934e+00   1.8933782e+00   1.2942980e+00   1.5066019e+00   6.9765000e-01   3.7322810e-01  -1.1677146e-01  -2.9936205e-01  -1.0376962e+00  -9.9200828e-01  -5.6383859e-01  -7.6541316e-01  -1.1143520e+00  -9.5157391e-01  -1.0013759e+00  -9.5145483e-01
   4.1393980e+00   3.0819758e+00   1.8002082e+00   1.1948672e+00   1.2489832e+00   5.8016478e-01   1.8321754e-01  -1.0106831e-01  -5.6649998e-01  -6.1662004e-01  -8.5034000e-01  -9.6060782e-01  -1.1652203e+00  -1.1384263e+00  -9.9487482e-01  -1.1687493e+00
   3.6657884e+00   2.8895903e+00   1.2530580e+00   1.3077570e+00   9.3021092e-01   6.7697884e-01   5.5907037e-01  -4.7556738e-01  -8.6430087e-01  -7.7006506e-01  -8.6547109e-01  -1.0009283e+00  -1.1568893e+00  -1.0776519e+00  -9.0107831e-01  -1.0105459e+00
   3.6981552e+00   2.8985672e+00   1.7078514e+00   1.5360096e+00   1.0921896e+00   1.1040616e+00   4.4189932e-01   2.9401795e-02  -3.0199180e-01  -1.2993778e-01  -2.8328111e-01  -4.7582017e-01  -4.8061753e-01  -5.4056635e-01  -4.6247912e-01  -4.4871675e-01
   4.0438237e+00   2.4049879e+00   2.0087054e+00   1.6759066e+00   9.8692885e-01   1.0971318e+00  -8.3550552e-02  -5.7188459e-01  -5.1364226e-01  -6.9236242e-01  -7.2954684e-01  -8.9235595e-01  -1.1018782e+00  -1.0110725e+00  -1.1210783e+00  -8.6917678e-01
   3.8862110e+00   2.4887822e+00   1.2623321e+00   1.5214857e+00   7.7503353e-01   8.7411052e-01   3.1063993e-01  -3.6350937e-01  -4.6022194e-01  -8.0925874e-01  -5.2594914e-01  -1.1499373e+00  -1.2361721e+00  -1.0513877e+00  -8.1874654e-01  -1.0061055e+00
   3.4115810e+00   2.7262788e+00   1.1593645e+00   1.5437337e+00   9.4528260e-01   6.3427526e-01  -9.2339233e-02  -4.2902428e-01  -7.3145563e-01  -8.0759186e-01  -7.0857972e-01  -8.0131938e-01  -8.6578435e-01  -8.4920678e-01  -8.3960608e-01  -7.1523803e-01
   3.5693222e+00   2.8075495e+00   1.8822955e+00   1.6634238e+00   7.1074391e-01   6.6796421e-01   3.0050102e-02  -2.0461982e-01  -8.4362195e-01  -1.0210657e+00  -9.6616262e-01  -9.8968328e-01  -9.2151942e-01  -1.2765904e+00  -1.0224161e+00  -8.4502456e-01
   2.8626585e+00   2.4205767e+00   1.6182543e+00   1.3932580e+00   4.5107949e-01   2.6541845e-01   6.9663097e-02  -1.9296985e-01  -4.3596237e-01  -6.4070285e-01  -6.5047609e-01  -7.3787086e-01  -8.0972270e-01  -8.5874471e-01  -6.3344898e-01  -5.4243883e-01
   3.4437516e+00   2.8324982e+00   1.8043966e+00   9.2868087e-01   5.2759135e-01   4.3204689e-01   2.1049573e-01  -6.5049109e-01  -6.4153990e-01  -1.0663871e+00  -9.3330828e-01  -1.1262045e+00  -7.8848260e-01  -1.1407199e+00  -1.2059610e+00  -1.0040265e+00
   3.7126695e+00   2.7148159e+00   1.1802153e+00   1.6426711e+00   5.4148069e-01   6.6478503e-01   2.5147609e-01  -2.3095351e-01  -6.7490654e-01  -8.0734094e-01  -7.1715822e-01  -1.2041226e+00  -9.9239352e-01  -1.2462735e+00  -1.0501750e+00  -8.9344507e-01
   3.3937344e+00   2.6635345e+00   1.2512581e+00   1.4394357e+00   1.1553836e+00   5.5992881e-01   4.9272803e-01  -2.6400402e-01  -5.8870127e-01  -5.7662269e-01  -7.0330109e-01  -6.8150545e-01  -8.4753931e-01  -9.5281792e-01  -8.2477052e-01  -8.0629183e-01
   3.8928672e+00   2.8505345e+00   1.7336336e+00   1.7419763e+00   1.0620365e+00  -6.3698174e-02  -4.0863247e-01  -6.0839971e-01  -8.2742704e-01  -5.4735737e-01  -4.5480950e-01  -6.5155714e-01  -1.1170035e+00  -1.1790378e+00  -1.0589743e+00  -8.8910161e-01
   3.9193323e+00   2.4136853e+00   1.8883568e+00   1.7826074e+00   1.1726115e+00   5.1739019e-01  -3.1628031e-02  -1.0718308e+00  -1.0234626e+00  -8.6504646e-01  -7.7836212e-01  -1.3789292e+00  -8.6979878e-01  -1.0330612e+00  -1.1950531e+00  -1.1469492e+00
   3.3214314e+00   2.2972887e+00   1.2944387e+00   1.7694318e+00   1.2518388e+00   6.7980126e-01   7.2890912e-03  -4.4006991e-01  -5.0315642e-01  -4.9432490e-01  -6.0043031e-01  -7.0904843e-01  -6.6368816e-01  -5.7938790e-01  -6.4551951e-01  -7.3759510e-01
   2.6894558e+00   2.7762331e+00   1.3139600e+00   1.5340947e+00   7.9047600e-01   6.1405003e-01   2.7322601e-01  -3.4273883e-01  -5.8716831e-01  -6.3731357e-01  -8.0697544e-01  -1.0397945e+00  -1.1522800e+00  -1.0307173e+00  -7.2816998e-01  -9.0709942e-01
   2.9072555e+00   2.5380777e+00   1.2214197e+00   6.0285421e-01   5.6962201e-01   4.8837070e-01   1.1071432e-01  -4.1715448e-01  -5.1957506e-01  -1.0302935e+00  -8.9556984e-01  -1.2196951e+00  -1.0717603e+00  -1.0820505e+00  -1.0058544e+00  -1.1247381e+00
   3.0004717e+00   2.8341963e+00   1.0277698e+00   1.1180321e+00   1.0012710e+00   6.3812366e-01   9.7923425e-02  -2.1647189e-01  -7.2237848e-01  -8.9447236e-01  -6.6934709e-01  -9.6712646e-01  -1.3713951e+00  -1.0524923e+00  -9.0054612e-01  -9.6515346e-01
   3.6601103e+00   2.5300538e+00   1.9208176e+00   1.9043508e+00   6.8660694e-01   4.4281727e-01   1.3814033e-01  -3.3239882e-01  -4.5418012e-01   1.9024966e-01  -4.2503216e-01  -5.9224676e-01  -8.7612761e-01  -5.3981885e-01  -7.2357684e-02  -6.2241875e-01
   3.8649709e+00   2.9130619e+00   1.8974777e+00   1.9712436e+00   6.6997927e-01   2.9464020e-01   1.6466111e-01  -2.5634410e-01  -4.5829609e-01   2.4971267e-02  -3.0059893e-02  -3.9971119e-03  -4.9395418e-01  -5.4511389e-02   6.3094939e-01   9.6480485e-02
   3.5023891e+00   2.4790728e+00   1.5851462e+00   1.6370437e+00   9.3032047e-01   7.1250532e-01   4.1133419e-02  -7.1389946e-02  -6.1900392e-01  -2.4576388e-01  -1.1820995e-02  -2.4902920e-01  -3.2018279e-01  -1.5368511e-02   8.8513024e-01   2.1433090e-01
   4.0951379e+00   2.7601954e+00   1.3659980e+00   1.1075173e+00   6.1456462e-01   6.6828029e-01  -2.9198295e-01  -3.2036626e-01  -1.0214232e+00  -6.2400272e-01   2.3733095e-01   4.4265432e-01  -3.0574546e-01  -3.7626374e-01   6.5829538e-01   6.3893493e-02
   4.2104121e+00   3.6043735e+00   2.3801208e+00   1.9719576e+00   1.3241085e+00   7.9127026e-01   2.1717125e-01  -3.0325498e-01  -4.9130660e-01  -5.6870074e-01   4.5005198e-02   4.1277480e-01  -2.7514210e-01  -3.8851137e-01   4.8302747e-01   3.1458854e-01
   3.6656713e+00   3.1274234e+00   2.6440212e+00   1.9233874e+00   5.3319809e-01   5.1149434e-01   1.4574359e-01  -2.9478615e-03  -1.3707134e-02   1.7800862e-01   7.0508457e-01   4.3394046e-01  -3.8607651e-01  -5.4384650e-01   5.8398351e-01   2.8886140e-01
   2.4724669e+00   2.7843407e+00   2.7617863e+00   2.1002815e+00   6.0897800e-01   5.6552449e-01   1.4927025e-01   1.2473129e-01   2.8689963e-01   1.0733376e+00   1.2964596e+00   1.3447439e+00   3.9058548e-01   3.0115190e-01   9.2671334e-01   3.8638347e-01
   3.9610098e+00   3.4442271e+00   2.3082410e+00   2.2186894e+00   1.2022830e+00   3.5820204e-01  -5.7736445e-01  -7.2377869e-02   1.2639981e-03   1.0494742e+00   1.6376065e+00   1.5913384e+00   5.4279521e-01   4.1944899e-01   1.1312217e+00   2.9571515e-01
   3.5175144e+00   3.2675950e+00   2.3184071e+00   2.1678477e+00   1.5038988e+00   7.2574302e-01  -2.6720470e-01  -8.4618834e-02   1.0174415e-02   7.9367761e-01   1.2106804e+00   1.0951850e+00  -1.3531798e-01  -5.2078736e-01   3.0432871e-02  -1.6743843e-01
   2.9842395e+00   2.9254839e+00   2.3168818e+00   2.0172927e+00   1.5425437e+00   5.5680030e-01   3.5586652e-01   1.6863909e-01  -2.1591878e-01   4.6011389e-01   6.4566424e-01   4.9586659e-01  -4.8241688e-01  -1.8195036e-01   3.3389781e-01  -2.9718338e-01
   3.2385463e+00   3.3801142e+00   2.4214318e+00   2.0396447e+00   1.1496812e+00   3.3095384e-01   1.2384729e-02  -1.8179273e-01  -1.4880924e-01   6.1024174e-01   9.3572249e-01   7.4602085e-01  -3.9099087e-01  -1.6822746e-01   5.0549354e-01  -6.9346310e-01
   2.8166771e+00   3.1890959e+00   2.6618904e+00   2.1141142e+00   1.2516918e+00   6.1895379e-01   4.3717583e-01  -3.1730250e-01  -3.0278532e-01   3.9857098e-01   9.4021195e-01   8.3280243e-01  -3.3632255e-01   2.1265423e-01   8.3953155e-01  -1.6094352e-01
   3.6304611e+00   2.6788113e+00   2.3546481e+00   2.1209022e+00   8.9166051e-01   4.0652179e-01   1.6331818e-01  -3.1447261e-01  -3.3056305e-01   3.2173203e-01   1.1427195e+00   8.8503511e-01  -5.0722868e-01   3.3094571e-01   1.0055091e+00  -4.1883370e-01
   3.6438858e+00   2.8658059e+00   2.4137187e+00   2.2579024e+00   1.2821995e+00   4.8249289e-01   2.2341668e-01   3.2155687e-01  -1.5495034e-01   3.1227142e-01   1.0612708e+00   8.9244031e-01  -1.9041359e-01   4.0970719e-01   1.2328652e+00   6.2854460e-02
   3.0279085e+00   2.4933538e+00   2.3293370e+00   2.0915465e+00   9.1789206e-01   7.2197593e-01   2.4015489e-01  -2.3710222e-02   1.8874289e-01   5.3841007e-01   1.4088675e+00   1.1646335e+00   2.4670154e-02   5.1216504e-01   1.3114235e+00   3.3776795e-01
   3.2653977e+00   2.9989057e+00   2.4980956e+00   1.8254132e+00   9.6096292e-01   7.1754712e-01   5.0725846e-01  -1.9411452e-01  -1.0308803e-01   4.9197783e-01   1.3740466e+00   1.0383127e+00  -2.1971486e-01   2.0756783e-01   1.1328504e+00   1.1827742e-01
   3.3637901e+00   2.9317232e+00   2.2390163e+00   1.8535258e+00   1.0399311e+00   4.6234669e-01  -5.8345919e-01  -6.7777801e-02  -2.2760055e-01   2.5590217e-01   1.1886390e+00   9.8559032e-01  -2.1137110e-01   4.5830841e-01   1.2537817e+00  -4.1227006e-02
   3.6158006e+00   2.9837308e+00   2.1258904e+00   1.0832638e+00   5.9608908e-01   5.6904658e-01  -4.5617278e-02  -1.9570764e-01  -5.2989628e-01   1.0405987e-01   1.1248138e+00   9.7349889e-01  -1.9975195e-03   5.0561788e-01   1.1765989e+00  -2.3414539e-03
   3.3375483e+00   2.9391486e+00   2.0240787e+00   1.3259978e+00   1.1451159e+00   6.6903425e-01  -1.9648256e-01  -2.7967764e-01  -1.1974207e-01   1.0419187e-01   9.0489655e-01   7.9877150e-01  -1.8871210e-01   7.0490414e-01   1.5494216e+00   3.2029384e-01
   2.9409583e+00   3.0548604e+00   1.7862325e+00   1.9062370e+00   7.7536338e-01   6.7710465e-01  -2.5717989e-01  -1.5886005e-01  -2.8948262e-01  -1.0897084e-02   8.4089768e-01   9.9447405e-01  -1.1841891e-01   1.8379335e-01   9.2641474e-01   3.4150981e-02
   3.2325066e+00   2.3304589e+00   1.6206732e+00   1.5793255e+00   4.6051347e-01   5.0703821e-01  -1.8965424e-01  -6.6755500e-01  -5.7019757e-01  -1.9428273e-01   8.7880195e-01   7.9081175e-01  -3.1538715e-01   1.2783744e-01   9.0033108e-01  -2.9222369e-02
   2.9978553e+00   2.5389883e+00   1.7239871e+00   1.4411453e+00   5.7825408e-01   1.9442576e-01  -2.9208366e-01  -4.7389436e-01  -5.3939909e-01  -3.1109201e-01   6.8681540e-01   5.5192826e-01  -4.7057002e-01  -8.6269263e-02   7.1226929e-01  -2.4364023e-01
   2.8728668e+00   3.3017732e+00   2.0353677e+00   1.9274615e+00   1.2337234e+00   4.5666172e-01   8.2700706e-02  -5.4792483e-01  -5.2466480e-01  -1.3685244e-01   5.9984088e-01   5.3489677e-01  -4.1919963e-01  -2.2143755e-01   4.7354545e-01  -2.7679610e-01
   3.5022993e+00   2.7034693e+00   2.3341897e+00   2.1176949e+00   1.0808170e+00   3.7426859e-01   9.9476142e-02  -5.5274654e-01  -6.4226983e-01  -4.1165534e-01   4.2721292e-01   3.4593832e-01  -6.4732695e-01  -5.6332568e-01   3.1264513e-01  -4.4733855e-01
   3.6085735e+00   2.4542813e+00   1.8634944e+00   1.8112924e+00   1.3857430e+00   3.8411764e-01   1.3032833e-01  -3.4764776e-01  -3.7784291e-01  -2.3116047e-01   5.2154386e-01   9.6281629e-02  -5.6158604e-01  -4.1694930e-01   3.3375263e-01  -2.9820102e-01
   3.4065005e+00   2.8743235e+00   2.2081923e+00   1.6153380e+00   1.3462266e+00   1.0891037e+00   5.1945906e-02  -1.8130528e-01  -4.7256907e-01  -3.2856810e-01   3.6654159e-01   3.2546885e-01  -5.3482900e-01  -5.9470734e-01   1.0548524e-01  -3.2449261e-01
   3.4062774e+00   2.6334013e+00   2.1391322e+00   1.9504199e+00   1.0234308e+00   5.8396831e-01   8.7182009e-02  -7.6229796e-02  -7.2798171e-01  -6.0471685e-01  -3.4589698e-02   8.5905839e-02  -5.4118205e-01  -7.4320580e-01   1.4163893e-03  -5.4358924e-01
   3.2637568e+00   2.3040517e+00   2.3019274e+00   2.0367705e+00   7.8397654e-01   3.8043020e-01   2.2488987e-01   2.8257335e-03  -4.2639115e-01  -4.4643675e-01   5.6491288e-02   1.6382289e-01  -6.6551711e-01  -8.2188989e-01   4.8514106e-02  -3.4891652e-01
   3.6726719e+00   2.7708463e+00   1.9780787e+00   2.0400424e+00   1.1315380e+00   5.9204447e-01   1.8305974e-01  -3.0885096e-01  -7.2071220e-01  -5.7320329e-01  -8.7239658e-02   2.2724567e-02  -7.5283803e-01  -8.2516402e-01  -8.1459660e-02  -2.6169784e-01
   3.4404126e+00   3.1286687e+00   2.1429036e+00   1.7108910e+00   3.9916756e-01   5.0505747e-01   2.2797126e-01  -8.7259821e-02  -8.6517946e-01  -5.9633009e-01  -3.5430336e-02  -1.9525994e-01  -7.6363045e-01  -7.7806312e-01   1.4280473e-01  -4.6917271e-01
   3.7629727e+00   3.1387654e+00   2.0830961e+00   1.4587056e+00   8.5997428e-01   5.8334461e-01  -3.6216581e-01  -4.8568382e-01  -9.0099223e-01  -7.1229800e-01  -2.6802886e-02  -2.6572691e-01  -7.7253946e-01  -9.4222564e-01  -8.7470355e-02  -4.0466282e-01
   3.5959813e+00   2.3502509e+00   1.6810885e+00   1.7875183e+00   1.4653104e+00   1.0252452e+00   3.8082314e-01  -1.5120194e-01  -7.0963776e-01  -8.2620080e-01  -1.2982494e-01   4.4882425e-02  -8.2190943e-01  -6.4797464e-01   2.2071130e-01  -4.4241639e-01
   3.8337611e+00   2.6247148e+00   2.2422090e+00   1.7017903e+00   1.0923836e+00   6.4066571e-01   4.0045229e-01  -1.9595635e-02  -4.1835040e-01  -5.4979856e-01  -5.2575351e-01  -3.8419894e-01  -6.8057944e-01  -4.9296721e-01  -2.1715925e-01  -5.9153117e-01
   3.7332383e+00   2.1273303e+00   1.8588723e+00   1.3096555e+00   1.0149044e+00   8.4921417e-01   2.9105870e-01  -4.0476436e-01  -6.5290713e-01  -6.2922985e-01  -2.4696793e-01  -2.9137596e-01  -6.8461861e-01  -6.8562786e-01  -4.7189769e-01  -6.2011106e-01
   3.3123005e+00   2.7296931e+00   2.1548200e+00   1.2255691e+00   8.3140132e-01   2.2970345e-01   2.6953747e-01  -2.5614528e-01  -3.3889045e-01  -5.2881782e-01  -4.3250227e-01  -3.2539538e-01  -6.3812463e-01  -6.4461210e-01  -2.1931465e-01  -4.7986134e-01
   3.4615388e+00   3.0122112e+00   1.9242658e+00   1.7822845e+00   1.0193729e+00   4.2460256e-01   2.1052329e-02  -3.2405139e-01  -8.7195787e-01  -7.5801265e-01  -7.5353656e-01  -3.7855530e-01  -9.8191784e-01  -9.6997329e-01  -1.2409388e-01  -8.9933331e-01
   3.2936753e+00   2.5581061e+00   1.5783655e+00   1.8498973e+00   1.2910708e+00   7.0021956e-01   2.9587439e-03  -2.9820154e-01  -8.9447824e-01  -5.1343506e-01  -7.0524450e-01  -7.3122252e-01  -1.1044393e+00  -1.0541785e+00  -1.0614680e-01  -9.5151994e-01
   3.8707234e+00   3.0673482e+00   1.4209515e+00   1.5151330e+00   8.6091014e-01   8.2448736e-01   1.9576957e-01  -9.7377875e-01  -1.1648672e+00  -9.1842405e-01  -1.8832316e-01  -6.8565163e-01  -9.7460133e-01  -1.1749615e+00  -9.0011992e-01  -1.0087351e+00
   1.9983538e+00   2.5821519e+00   2.0274848e+00   1.8394066e+00   9.5903414e-01   9.1527328e-01   1.7434395e-02  -1.3569761e-01  -3.8426715e-01  -3.9358040e-01  -3.1822178e-01  -4.7556299e-01  -4.4393927e-01  -4.6224681e-01  -3.7647975e-01  -3.7607626e-01
   3.0864882e+00   2.8360934e+00   2.0138274e+00   1.6946601e+00   1.0518669e+00   5.6263747e-01  -1.1196540e-01  -2.1584237e-01  -8.0672508e-01  -7.6507752e-01  -4.9966505e-01  -9.2893247e-01  -1.0795058e+00  -8.9208568e-01  -8.7072833e-01  -7.9513778e-01
   2.5264573e+00   1.9457093e+00   1.5055226e+00   1.2262455e+00   8.5423178e-01   4.9203625e-01  -1.3876430e-01  -3.8625844e-01  -5.6138297e-01  -5.8671474e-01  -8.1600010e-01  -8.3867689e-01  -6.3360440e-01  -3.3984711e-01  -7.0421096e-01  -5.7700807e-01
   3.2203367e+00   2.2074769e+00   1.2420348e+00   1.2999938e+00   6.3108832e-01   8.5009027e-01   2.2396508e-01  -4.7981608e-01  -4.2950537e-01  -3.5439960e-01  -5.5157518e-01  -7.4627652e-01  -3.3021429e-01  -1.9419279e-01  -5.0037371e-01  -2.1210704e-01
   3.0863162e+00   2.7217815e+00   1.7567229e+00   1.3574984e+00   6.6150792e-01   5.4051889e-01   2.0282716e-01  -3.4367367e-01  -4.6822446e-01  -3.1281399e-01  -2.0877699e-01  -3.7759301e-01  -2.7373012e-01  -3.6711489e-01  -2.5085703e-01  -7.5389075e-02
   3.9311304e+00   2.8797795e+00   1.9955805e+00   1.5294415e+00   1.1500989e+00   9.5848709e-01   3.2862189e-01  -5.7695268e-02  -3.3920083e-01  -2.7876578e-01  -1.3884183e-01  -4.4789269e-01  -4.7052767e-01  -4.6425385e-01  -4.5669312e-01  -4.2978147e-01
   3.8082879e+00   3.3991634e+00   2.0850433e+00   1.2068646e+00   1.5587349e+00   9.3836036e-01   4.5625578e-01  -4.7387280e-01  -7.7081479e-01  -8.7608987e-01  -7.3595214e-01  -8.4183900e-01  -8.3790206e-01  -9.4595546e-01  -9.6008576e-01  -8.3485759e-01
   3.5043993e+00   2.8026051e+00   1.9063113e+00   1.5121213e+00   1.2529554e+00   9.3422546e-01   2.7387708e-01  -4.3875832e-01  -4.8592647e-01  -8.7527478e-01  -1.2215455e+00  -1.0485473e+00  -9.2041166e-01  -9.6669962e-01  -1.2115894e+00  -9.7174545e-01
   3.0451993e+00   2.5664916e+00   1.9250234e+00   1.0761052e+00   5.8096966e-01   6.9608534e-01  -3.7868580e-02  -4.4614400e-01  -8.2317570e-01  -8.8898804e-01  -8.2238704e-01  -9.0116239e-01  -9.7876925e-01  -1.0044964e+00  -9.9055409e-01  -8.7857993e-01
   3.7194852e+00   2.9927443e+00   1.8521150e+00   7.8554923e-01   5.9639684e-01   6.8063895e-01   3.8043281e-01  -1.9577792e-01  -5.0282520e-01  -7.1343528e-01  -2.4894100e-01  -3.4959236e-01  -6.7156814e-01  -9.1995574e-01  -1.1051095e+00  -7.7404135e-01
   4.0733778e+00   2.3074790e+00   2.1172931e+00   1.3318993e+00   1.0491947e+00   7.8017188e-01  -3.5192369e-01  -3.2516228e-01  -6.1805717e-01  -4.1548393e-01  -3.7922930e-01  -6.7750271e-01  -8.0681448e-01  -7.7117312e-01  -7.8283831e-01  -6.6834222e-01
   3.8656256e+00   2.0831278e+00   1.6539977e+00   1.3002848e+00   1.0010337e+00   9.9950389e-01   6.3915333e-01   1.9079328e-01  -2.2065224e-01  -3.8239569e-01  -9.9195733e-02   8.8629505e-02  -3.1517416e-01  -3.7087544e-01  -3.4814357e-01  -3.9062734e-01
   3.5188480e+00   2.3907835e+00   1.3816061e+00   1.5559157e+00   1.1755010e+00   6.3212487e-01   4.2106542e-01  -2.0598294e-01  -7.7538700e-01  -6.5478493e-01  -2.1468961e-01  -4.5952755e-02  -6.0024794e-01  -6.0370006e-01  -7.3744967e-01  -8.4292158e-01
   3.6282148e+00   2.7695939e+00   1.9645665e+00   1.2196941e+00   1.0058551e+00   7.2096743e-01   6.6004155e-01  -1.5678332e-02  -7.9286309e-02   4.1546493e-01   1.1204815e+00   7.9541164e-01   2.6124933e-01   3.3909373e-01   7.0933609e-01   5.8947945e-01
   3.8252720e+00   2.8844783e+00   2.0345376e+00   1.4680540e+00   6.2482200e-01   7.8479459e-01   4.9615141e-01   1.0238518e-01  -2.8323413e-01  -4.9896766e-01   1.6423768e-01   1.8558762e-01   6.7484927e-02   1.7943701e-01   3.4084884e-02  -1.8889452e-01
   3.6518376e+00   2.3235041e+00   1.1751524e+00   7.5626191e-01   6.5342478e-02   1.4645373e-01   4.7839996e-01  -2.2108402e-01  -6.9477183e-01  -7.7182696e-01  -2.9878950e-01   9.3838074e-02  -5.7620793e-01  -6.2665554e-01  -7.4116400e-01  -1.1679107e+00
   2.7121681e+00   2.3547587e+00   2.0393272e+00   1.7397065e+00   4.3743776e-01   7.6226687e-01   1.8720197e-02  -3.4765809e-01  -1.1374720e+00  -1.0697324e+00  -8.8978214e-01  -7.8293425e-01  -8.4792083e-01  -7.7435068e-01  -9.8606786e-01  -9.3653396e-01
   3.4911913e+00   3.1541672e+00   1.6647831e+00   1.0154958e+00   9.5715769e-02   8.2458161e-01   3.5025856e-01  -3.3262251e-01  -8.0349664e-01  -4.8736913e-01  -6.9921765e-01  -9.7745134e-01  -1.1380192e+00  -1.1386006e+00  -1.1405837e+00  -1.0103612e+00
   3.5743284e+00   3.1079836e+00   1.4996533e+00   1.5435713e+00   8.9738753e-01   2.0284462e-02   2.0754255e-01  -1.9354778e-02  -9.4825147e-01  -7.3201915e-01  -5.9651351e-01  -9.2714135e-01  -9.4597409e-01  -9.9429084e-01  -1.0802432e+00  -9.4125246e-01
