   3.2853101e+00   2.4985696e+00   2.5521977e+00   1.8747462e+00   1.4138373e+00   1.4621484e+00   1.4301818e+00   1.2665908e+00   1.2157428e+00   9.9329418e-01   6.9522743e-01   4.3789369e-01  -1.7915735e-02   4.2024270e-02   6.4227514e-02  -8.3875939e-02
   3.6441813e+00   2.9669659e+00   2.4287684e+00   1.8714443e+00   1.3962631e+00   1.6849918e+00   1.1545069e+00   1.3485365e+00   1.0324856e+00   1.0638737e+00   8.6715094e-01   4.1521113e-01  -1.5832691e-01  -1.1278104e-01  -6.3660290e-02  -2.3991852e-01
   3.7260253e+00   2.6122369e+00   2.1268509e+00   1.7565211e+00   1.4599949e+00   1.4363375e+00   1.5516405e+00   1.5862157e+00   1.2505287e+00   9.8648313e-01   1.0260557e+00   6.8992445e-01  -4.9860366e-02  -8.8865659e-02  -1.3584548e-01  -3.6445842e-01
   3.2427601e+00   2.5913165e+00   2.6705176e+00   1.9579336e+00   1.2187784e+00   1.6672857e+00   1.4260010e+00   1.0276181e+00   8.7029899e-01   8.1800219e-01   8.5416172e-01   4.0103085e-01  -8.8166081e-02   6.4577638e-02   1.4572692e-01  -8.5220364e-02
   3.2032525e+00   2.6263047e+00   2.2168354e+00   2.2242082e+00   1.6207951e+00   1.6538342e+00   1.6351183e+00   1.4521513e+00   8.2359360e-01   6.4385097e-01   6.0668976e-01   2.7310440e-01   8.4009588e-02   1.7643073e-02   1.7456129e-01  -1.4926554e-01
   3.7470693e+00   2.4770232e+00   1.7441728e+00   1.3833668e+00   1.3283741e+00   1.7159596e+00   1.5443425e+00   1.4653366e+00   9.7543069e-01   9.3026628e-01   7.8620332e-01   6.0847257e-01   9.9427595e-02  -2.1362848e-01  -7.6159014e-02  -1.5652439e-01
   3.6192878e+00   2.2108089e+00   2.5436598e+00   1.5916442e+00   1.6111536e+00   1.4555762e+00   1.4853315e+00   1.1225128e+00   9.7719477e-01   1.1426480e+00   1.0100875e+00   9.6445274e-01   3.5830645e-01   9.4909169e-02   6.9274025e-02  -2.7448614e-01
   3.3821734e+00   2.2063424e+00   2.3159218e+00   1.3142423e+00   1.5598341e+00   1.2762086e+00   9.1122856e-01   1.0989694e+00   1.5151648e+00   1.1723900e+00   1.0191736e+00   6.8953514e-01   3.0149273e-01  -2.5432555e-01  -2.4932020e-01  -3.7750725e-01
   3.7889698e+00   3.0230802e+00   2.1949753e+00   1.4183477e+00   1.1959566e+00   1.2417579e+00   1.0620189e+00   1.0156344e+00   1.1742444e+00   1.1699767e+00   8.7520164e-01   5.5095240e-01   1.9706365e-01   9.5567311e-02  -7.3390320e-02  -1.8074963e-01
   2.9294491e+00   2.2632238e+00   1.5994116e+00   1.7587258e+00   1.0898948e+00   1.1311316e+00   8.0861741e-01   1.1521860e+00   6.9242530e-01   7.9617481e-01   6.6107658e-01   3.9484045e-01   3.1533841e-01   1.2998990e-01  -1.6586042e-01  -4.1052494e-01
   3.4297876e+00   2.5939353e+00   2.7025603e+00   1.9893452e+00   1.2207451e+00   1.5947201e+00   1.3303024e+00   1.2315119e+00   8.6607715e-01   4.2782347e-01   6.9110780e-01   5.1340757e-01  -7.0977590e-02  -4.9299981e-02  -3.2092741e-02  -9.3338673e-02
   3.6171578e+00   2.4799382e+00   2.4612835e+00   2.0953343e+00   1.2481873e+00   1.4464152e+00   1.3953695e+00   1.2711803e+00   9.8050285e-01   9.3899591e-01   8.7861972e-01   5.1489937e-01  -6.3202876e-02   1.1656977e-02  -6.7576141e-02   8.9233322e-03
   4.2857530e+00   2.5187690e+00   1.9574791e+00   2.1759762e+00   1.4540586e+00   1.5201418e+00   1.2719526e+00   9.9175716e-01   9.8347049e-01   9.0118783e-01   3.7387431e-01   4.8557238e-01  -6.6920302e-02  -4.3272068e-01  -4.9502427e-01  -5.7834157e-01
   3.8451459e+00   2.7233249e+00   2.4109543e+00   1.9441731e+00   1.5509969e+00   1.3820653e+00   1.5212589e+00   1.3888236e+00   1.2953973e+00   1.1656298e+00   8.8662220e-01   5.4521928e-01  -1.9901477e-02  -4.1649696e-02  -6.0694013e-02  -1.7659777e-01
   3.9450080e+00   2.7006837e+00   2.3700501e+00   1.9797482e+00   1.8057983e+00   1.5540643e+00   1.4518853e+00   1.3223449e+00   1.2159818e+00   1.0185905e+00   9.0481122e-01   5.3736714e-02   1.1369916e-02  -5.4443704e-01  -4.3523896e-01  -5.7637916e-01
   3.5476132e+00   2.7147398e+00   2.2382835e+00   1.7810363e+00   1.3480873e+00   1.7949016e+00   1.2149064e+00   7.8519617e-01   8.9050056e-01   4.8741053e-01   1.0996210e+00   6.7595134e-01   2.3787846e-01  -6.0647810e-02  -8.6444226e-02  -2.3917129e-01
   3.8316079e+00   2.5283536e+00   2.0065092e+00   1.0682774e+00   1.5821169e+00   1.9567268e+00   1.6755800e+00   1.0634542e+00   1.0180859e+00   8.9632174e-01   4.9818344e-01   5.3586357e-01   1.9806129e-01  -8.9242121e-02  -2.0512483e-01  -3.0911815e-01
   3.7354517e+00   1.9261359e+00   2.2536340e+00   1.8423704e+00   1.2601226e+00   1.8588095e+00   1.6521055e+00   1.3625360e+00   7.3347672e-01   8.4227170e-01   6.8619255e-01   2.7100377e-01  -1.4459342e-02  -1.7158171e-01  -8.5651063e-02  -3.1447989e-01
   3.2977017e+00   2.4115739e+00   2.1393262e+00   2.0472173e+00   1.3697307e+00   1.8214265e+00   1.4031021e+00   1.0316951e+00   9.0332349e-01   9.7871610e-01   7.2101001e-01   4.8589173e-01  -1.1246821e-01  -2.4819662e-01  -1.2271159e-02  -1.2520726e-01
   3.4823585e+00   2.5244867e+00   2.0070647e+00   1.7210322e+00   1.6959000e+00   2.0657429e+00   9.8744862e-01   1.0138513e+00   1.0595108e+00   6.7028642e-01   6.6415258e-01   6.7845258e-01   2.5835919e-01  -1.5219209e-01  -1.9656535e-01  -6.1143474e-01
   3.8150875e+00   2.7454103e+00   2.2353996e+00   1.8941872e+00   1.7466032e+00   1.7317366e+00   1.6378505e+00   1.1931820e+00   1.1938613e+00   9.8329079e-01   9.1591339e-01   5.0444368e-01   4.7430294e-01   1.8053052e-01   4.2509761e-02  -4.7351436e-01
   3.4993038e+00   2.9793978e+00   2.6911458e+00   2.2150800e+00   1.4630701e+00   1.2689551e+00   9.7931679e-01   1.2879912e+00   1.2451255e+00   8.2218278e-01   5.3146376e-01   6.4075034e-01   5.0790200e-01   5.8368592e-01   3.2283045e-01  -8.9415987e-02
   3.7901846e+00   3.1323846e+00   2.5780532e+00   1.8122651e+00   1.0026842e+00   1.4496289e+00   1.2769731e+00   1.2501071e+00   1.2875701e+00   8.0897796e-01   3.3430350e-01   4.7279722e-01   2.9697558e-01   2.9914943e-01   6.8281911e-02  -8.2377447e-02
   3.4623369e+00   2.7795956e+00   2.9362438e+00   1.7920240e+00   1.3874521e+00   1.7386106e+00   1.6630629e+00   1.4704912e+00   1.3479757e+00   8.8630984e-01   8.9890085e-01   6.4642253e-01   1.8129708e-01   1.0535180e-01  -9.8772221e-02  -1.6417413e-01
   3.4512081e+00   2.8921604e+00   2.3712354e+00   1.8596823e+00   1.7328741e+00   1.9156482e+00   1.5806759e+00   1.4633087e+00   1.1683895e+00   1.0691782e+00   8.0906578e-01   4.8937246e-01   3.6369521e-01   1.3761195e-01  -4.5448785e-02  -2.4782317e-01
   3.2184245e+00   2.6555925e+00   2.2273682e+00   2.1092988e+00   1.6825043e+00   1.8805361e+00   1.3998913e+00   1.4291729e+00   1.2164476e+00   9.7167967e-01   5.6067825e-01   3.9728259e-01   1.5594347e-01  -2.6377193e-02   7.2985022e-02  -2.7265740e-01
   2.9841539e+00   2.9989597e+00   2.3208138e+00   1.7396947e+00   1.5765195e+00   1.6982080e+00   1.4500811e+00   1.1597826e+00   1.0428366e+00   1.1806038e+00   5.5550175e-01   4.2179716e-01   9.5283827e-02   9.2107487e-03   2.2143594e-03  -3.9985749e-01
   3.6025903e+00   2.4028445e+00   1.5414458e+00   1.2803436e+00   1.2884007e+00   1.5209913e+00   1.3368971e+00   1.2401778e+00   1.2656580e+00   8.6324381e-01   8.3107538e-01   8.4974852e-01   1.1617317e-01  -2.7738314e-01  -9.5415653e-02  -4.3577522e-01
   4.3608219e+00   2.9287529e+00   1.8083774e+00   1.9139332e+00   1.4284165e+00   9.8866925e-01   8.5818748e-01   9.0069682e-01   1.0105113e+00   1.0015173e+00   8.9881418e-01   5.5994421e-01  -1.2161674e-01  -5.6712024e-01  -3.6790270e-01  -4.8397439e-01
   3.6584729e+00   2.0912631e+00   1.9016290e+00   1.7430398e+00   1.2627526e+00   1.8947486e+00   1.3420469e+00   8.0177858e-01   8.9623057e-01   8.4831605e-01   7.3726374e-01   3.1017507e-01  -2.9418022e-02  -8.4739845e-02  -1.2681826e-01  -8.2522522e-02
   3.3987744e+00   2.4771940e+00   2.6795848e+00   2.4593195e+00   1.7639628e+00   1.8297089e+00   1.6445808e+00   1.3499050e+00   1.2317204e+00   9.0709196e-01   9.6269851e-01   8.2590586e-01   8.0796490e-01   1.4422754e+00   1.5992935e+00   2.2350597e+00
   3.6200976e+00   2.7481479e+00   2.4683210e+00   1.5277278e+00   1.6669596e+00   1.5108870e+00   1.7031114e+00   1.8430518e+00   9.4859673e-01   8.5652893e-01   7.9617799e-01   1.1666754e+00   9.9356647e-01   1.6382024e+00   2.0576324e+00   2.7293282e+00
   2.9947211e+00   2.2401366e+00   2.1752041e+00   1.8038419e+00   1.3569784e+00   1.1615795e+00   1.3640358e+00   1.4623505e+00   7.5023361e-01   1.0616096e+00   1.1575859e+00   1.8702460e+00   1.8745660e+00   2.2979930e+00   2.5560516e+00   3.1810529e+00
   3.1890149e+00   2.0427890e+00   2.5936256e+00   2.3564304e+00   1.9644028e+00   1.4169610e+00   1.4887158e+00   1.1236100e+00   1.0348477e+00   1.1605729e+00   1.4967310e+00   2.4278967e+00   2.1157460e+00   2.4179163e+00   3.0703055e+00   3.3499930e+00
   3.6625945e+00   2.9702346e+00   2.7975770e+00   1.9529065e+00   1.8893376e+00   1.3553050e+00   1.3494701e+00   1.3960547e+00   1.2493227e+00   1.0447616e+00   1.4760230e+00   2.5433110e+00   2.2303617e+00   2.5361627e+00   3.1967713e+00   2.9954472e+00
   3.9541156e+00   2.7537874e+00   2.2094249e+00   2.0951528e+00   1.3918738e+00   1.7624882e+00   1.4671086e+00   1.0904585e+00   1.0488885e+00   1.0782358e+00   1.4418177e+00   2.1115143e+00   2.2799264e+00   2.4962001e+00   3.0798788e+00   2.8314636e+00
   3.3785125e+00   2.6483315e+00   2.0520943e+00   2.2992979e+00   2.0863916e+00   2.1490411e+00   1.4770773e+00   1.3074335e+00   7.9631569e-01   1.2826586e+00   1.3644310e+00   2.1373544e+00   2.4142545e+00   2.2426786e+00   2.6507036e+00   2.6175444e+00
   2.9727761e+00   3.1465231e+00   2.8380624e+00   2.1388785e+00   1.5752622e+00   1.4890836e+00   1.1947557e+00   1.0970592e+00   8.3018343e-01   1.3346344e+00   1.6005059e+00   2.2489506e+00   2.1007833e+00   1.8155388e+00   1.8032698e+00   1.5338547e+00
   3.4815088e+00   2.8719411e+00   3.0445690e+00   2.3096667e+00   1.6296052e+00   1.3885113e+00   1.2706621e+00   1.5900075e+00   1.2012090e+00   1.4838763e+00   2.6528443e+00   2.7106173e+00   2.8962612e+00   2.6865216e+00   2.8481350e+00   1.2861209e+00
   3.8081530e+00   3.2287597e+00   3.5911039e+00   2.2745556e+00   1.6518365e+00   1.4422764e+00   1.2787675e+00   1.0434966e+00   1.1771737e+00   1.6026703e+00   2.8095405e+00   2.5443031e+00   2.8875098e+00   2.9351236e+00   3.3499746e+00   1.2291614e+00
   3.9178637e+00   3.4358071e+00   3.4672575e+00   2.5424380e+00   2.2383835e+00   1.9664999e+00   1.5961707e+00   1.4525500e+00   1.2579863e+00   1.4388598e+00   2.7018951e+00   2.6300248e+00   2.8160251e+00   2.9988050e+00   3.5440632e+00   1.0721458e+00
   3.8462978e+00   3.3442174e+00   3.1155421e+00   2.2711047e+00   2.2373275e+00   1.4767253e+00   1.3338126e+00   1.4250409e+00   1.0263966e+00   1.4257999e+00   2.7532987e+00   2.3776935e+00   2.6986376e+00   2.8024356e+00   3.6685919e+00   1.0588961e+00
   3.7687504e+00   3.1698213e+00   3.3120312e+00   2.4240578e+00   1.8607415e+00   1.6812008e+00   9.2296714e-01   1.0409185e+00   1.1901649e+00   1.2998475e+00   2.9059831e+00   2.5841875e+00   2.5411705e+00   2.7340093e+00   3.6392932e+00   1.1972155e+00
   3.4768283e+00   3.2799755e+00   3.3762184e+00   2.4498594e+00   2.0627170e+00   1.7684461e+00   1.1769159e+00   1.1830928e+00   1.2139711e+00   1.2406576e+00   2.5566406e+00   2.5617277e+00   2.6914889e+00   2.7177325e+00   3.7107576e+00   1.2720153e+00
   3.0614923e+00   2.9027662e+00   2.9153699e+00   1.9089801e+00   1.7673125e+00   2.0253010e+00   1.5017407e+00   9.9952776e-01   1.2739259e+00   1.2427478e+00   2.4204089e+00   2.3320116e+00   2.4536038e+00   2.6912276e+00   3.7379535e+00   1.4368552e+00
   4.0751759e+00   3.0278568e+00   2.9796318e+00   1.7114864e+00   1.3544229e+00   1.6638470e+00   1.4264475e+00   1.3519116e+00   1.1675589e+00   1.3029252e+00   2.6476560e+00   2.6768341e+00   2.7349637e+00   2.8795050e+00   3.9394392e+00   1.3978738e+00
   4.2138432e+00   3.2837319e+00   2.9464265e+00   2.0821983e+00   1.5224685e+00   1.9531446e+00   1.6710722e+00   1.2147176e+00   9.9798523e-01   1.3694917e+00   2.5396504e+00   2.4877727e+00   2.5384492e+00   2.8260154e+00   3.7624279e+00   1.3637875e+00
   4.1725310e+00   3.3346312e+00   3.0160624e+00   2.7007900e+00   1.6985349e+00   1.5038853e+00   1.3819518e+00   1.5937729e+00   1.0286129e+00   1.1607457e+00   2.8933808e+00   2.7247141e+00   2.6303676e+00   2.8798505e+00   3.7575388e+00   1.4026137e+00
   3.5592658e+00   3.6376213e+00   3.4145463e+00   2.6985516e+00   1.7036234e+00   1.8425556e+00   1.2320488e+00   1.2236822e+00   1.1074295e+00   1.2281022e+00   2.6819482e+00   2.5321702e+00   2.3687810e+00   2.8088527e+00   3.7571390e+00   1.3926363e+00
   3.0053899e+00   3.0411488e+00   3.0033697e+00   2.5018067e+00   1.9860621e+00   1.8657753e+00   1.6058982e+00   1.2194503e+00   7.5988152e-01   1.1193585e+00   2.6391316e+00   2.6653147e+00   2.4481651e+00   2.7975745e+00   3.7507131e+00   1.5573061e+00
   3.7734417e+00   2.8956718e+00   2.9736651e+00   2.1349906e+00   1.2686401e+00   1.6101612e+00   1.1118467e+00   1.4981317e+00   1.0429643e+00   1.0816241e+00   2.8526473e+00   2.5001254e+00   2.2721319e+00   2.6657111e+00   3.7457708e+00   1.6816898e+00
   4.1797033e+00   3.3261849e+00   3.2026488e+00   2.3017487e+00   1.5774702e+00   1.8702368e+00   1.5938266e+00   1.2429119e+00   1.2796620e+00   1.1576175e+00   2.5336924e+00   2.4369510e+00   2.2044299e+00   2.4210143e+00   3.4628031e+00   1.5462947e+00
   3.5201462e+00   2.9397449e+00   3.0748742e+00   1.8951707e+00   1.3599275e+00   1.6167355e+00   1.2155308e+00   7.3889254e-01   8.4539904e-01   1.1422342e+00   2.6408857e+00   2.4502260e+00   2.0962871e+00   2.3586248e+00   3.4898148e+00   1.7086341e+00
   3.4518447e+00   3.0140982e+00   3.1177386e+00   2.2470906e+00   1.3921554e+00   1.6462190e+00   1.7260782e+00   1.2401518e+00   1.1907375e+00   1.3525616e+00   2.4350464e+00   2.3832281e+00   1.8865135e+00   2.0038950e+00   3.1357010e+00   1.6302677e+00
   3.7492997e+00   2.9335638e+00   2.5289526e+00   2.1505426e+00   1.5585353e+00   2.0282672e+00   1.5966303e+00   9.0792421e-01   1.0472327e+00   1.1266742e+00   2.1100278e+00   1.9840283e+00   1.5560914e+00   1.8880008e+00   2.9876209e+00   1.6372535e+00
   3.6477468e+00   2.7887513e+00   2.7070745e+00   1.8461398e+00   1.5892829e+00   1.8429539e+00   1.3608443e+00   8.4768125e-01   9.5141205e-01   1.1590775e+00   2.0359941e+00   2.0719134e+00   1.6016213e+00   1.8588950e+00   3.0140989e+00   1.6758318e+00
   3.3747145e+00   2.8997709e+00   3.1540976e+00   2.2802063e+00   1.4667285e+00   2.0378061e+00   1.4605270e+00   1.1865802e+00   8.4155289e-01   1.0921849e+00   2.1453739e+00   1.9722671e+00   1.2152031e+00   1.6764832e+00   2.8751712e+00   1.5641520e+00
   2.8998219e+00   2.4649456e+00   2.6905455e+00   1.7988671e+00   1.3520439e+00   1.5232422e+00   1.3089826e+00   1.1602206e+00   9.7086470e-01   1.0181131e+00   2.0012137e+00   1.5050026e+00   9.4776323e-01   1.4167784e+00   2.4057989e+00   9.5351207e-01
   3.4648984e+00   2.7789754e+00   2.4205030e+00   1.6248887e+00   1.2814410e+00   1.6324525e+00   1.7886885e+00   1.2800669e+00   9.2280839e-01   1.0482844e+00   1.5959580e+00   9.2952419e-01   5.1266831e-01   8.1550353e-01   1.4888305e+00   3.9727485e-01
   3.9004864e+00   3.1750407e+00   2.5001656e+00   1.9825067e+00   1.5973687e+00   1.6714084e+00   1.6272733e+00   1.0415146e+00   6.2352500e-01   6.6635183e-01   1.4886334e+00   7.3518451e-01   2.8598265e-01   9.1240323e-01   1.5992525e+00  -1.3489914e-01
   3.9497496e+00   3.1319993e+00   2.4878342e+00   1.8065422e+00   1.7035302e+00   1.7185054e+00   1.4540378e+00   1.0970398e+00   7.8693487e-01   7.8201739e-01   1.2388973e+00   7.0439220e-01   5.0288571e-01   7.4506568e-01   1.2092976e+00  -9.8017882e-02
   3.1206452e+00   2.2718537e+00   2.2902573e+00   1.9545417e+00   1.6408097e+00   1.4425676e+00   1.4874787e+00   1.1700287e+00   1.0942764e+00   1.2886177e+00   1.2422755e+00   7.7793026e-01   4.0998733e-01   9.3763129e-01   1.1959597e+00   4.7890564e-02
   3.9945557e+00   2.8271390e+00   2.9831812e+00   2.3389332e+00   1.4275506e+00   1.5114088e+00   1.4590610e+00   1.4544711e+00   1.0596974e+00   1.4691868e+00   1.1309181e+00   1.0371302e+00   4.5900367e-01   9.5530307e-01   1.3323613e+00   2.4030665e-01
   3.7463360e+00   2.7800030e+00   2.5198825e+00   1.7957873e+00   1.5648751e+00   1.5523658e+00   1.7145681e+00   1.5842177e+00   1.4484400e+00   1.2594376e+00   9.6210188e-01   8.9246529e-01   4.7181935e-01   6.9882618e-01   9.6007080e-01   1.6383185e-01
   4.3247766e+00   3.0863494e+00   2.9769248e+00   2.5361673e+00   1.6952368e+00   1.8142670e+00   1.0900557e+00   9.7454010e-01   1.1146875e+00   1.1275511e+00   9.7803185e-01   1.0376412e+00   2.0734988e-01   2.3919459e-01  -1.9090134e-02   1.7149009e-02
   3.9034723e+00   2.6504532e+00   2.6300507e+00   1.7013275e+00   1.5338566e+00   1.8815983e+00   1.5001839e+00   1.1637410e+00   1.0241488e+00   8.7394926e-01   6.9837080e-01   7.3787405e-01   1.7345928e-01  -6.5201260e-02  -1.5573429e-01  -3.6784508e-01
   3.4372201e+00   2.4705992e+00   2.0631166e+00   1.6630033e+00   1.4678722e+00   1.2320892e+00   7.8021750e-01   1.0781286e+00   1.0711606e+00   1.0420888e+00   6.8957475e-01   4.0790500e-01   2.6706872e-01  -9.6591678e-03  -1.6885578e-01  -4.2965522e-01
   3.5827820e+00   2.4074874e+00   2.1726376e+00   1.7408028e+00   1.4535919e+00   1.7063134e+00   1.3166006e+00   8.2369418e-01   1.0893203e+00   9.7423219e-01   8.7411149e-01   3.9997888e-01   7.6256726e-02  -2.1957204e-01  -2.1464329e-01  -3.6099539e-01
   3.7453781e+00   2.3622689e+00   1.4651711e+00   1.7891561e+00   1.3382325e+00   1.6122437e+00   1.2864334e+00   9.8398258e-01   9.3927143e-01   7.6727888e-01   1.1306857e+00   4.8523317e-01   1.2170863e-01  -2.1929130e-01  -2.7505970e-01  -2.7371646e-01
   3.4948676e+00   2.5290617e+00   1.9810247e+00   1.7369557e+00   1.3980434e+00   1.6133546e+00   1.2766775e+00   1.5368520e+00   1.0539408e+00   7.9194310e-01   3.5233376e-01   3.6454979e-01   2.7872860e-02   2.7283400e-02  -6.5986776e-03  -2.5086824e-01
   3.2626242e+00   2.2694757e+00   1.9479210e+00   1.6781164e+00   1.3480094e+00   1.1347146e+00   1.1537575e+00   1.6882300e+00   1.3067506e+00   7.0250016e-01   4.3922553e-01   2.8023236e-01  -2.1257482e-01  -2.7377309e-01  -1.9226187e-01  -3.7112584e-01
   2.9176094e+00   1.9322659e+00   1.8819221e+00   2.1992092e+00   1.5068222e+00   1.0684262e+00   1.2571090e+00   1.2057871e+00   1.0969763e+00   7.9315446e-01   6.6141961e-01   3.5750040e-01   4.9146091e-02  -1.6139185e-01  -3.0733674e-01  -3.0732056e-01
   3.4254776e+00   2.4622813e+00   1.9429657e+00   2.2222718e+00   1.6336375e+00   1.5175401e+00   1.4394639e+00   1.3682137e+00   1.0359914e+00   7.3648856e-01   6.9052653e-01   4.6106834e-01  -1.3625411e-01  -4.7239080e-01  -4.7884501e-01  -3.2364414e-01
   3.2950223e+00   2.2611626e+00   2.1243502e+00   2.1674101e+00   1.7599765e+00   1.4948274e+00   1.3130406e+00   1.4676037e+00   8.8677582e-01   9.7030540e-01   4.4404165e-01   5.4383617e-01  -2.5097263e-01  -4.2787656e-01  -1.3202481e-01  -5.0842937e-01
   3.6250223e+00   3.0439456e+00   2.7135415e+00   2.3761247e+00   1.5379636e+00   1.8300283e+00   1.5047947e+00   1.6860106e+00   1.1354335e+00   1.1461219e+00   4.6208841e-01   6.2208161e-01  -1.5116104e-01  -2.4354549e-01  -6.6160476e-02  -2.3223524e-01
   3.9714930e+00   2.8086931e+00   2.5475073e+00   1.8617700e+00   1.5809066e+00   1.7927528e+00   1.5959906e+00   1.3259007e+00   1.3250068e+00   8.9384457e-01   8.8406741e-01   3.7701612e-01  -1.0176336e-01  -1.6177759e-01  -9.3163174e-02  -2.6973396e-01
   3.6897895e+00   2.7970749e+00   2.4536265e+00   1.6368475e+00   1.6913758e+00   1.8493289e+00   1.5963050e+00   1.2502517e+00   1.3281259e+00   7.7082288e-01   8.0114747e-01   3.6765824e-01   1.0458061e-02  -3.0081688e-01  -4.2182558e-01  -4.1642481e-01
   3.5356223e+00   2.7153338e+00   2.8232425e+00   2.1711404e+00   1.5029204e+00   1.7366381e+00   1.2662538e+00   1.0518360e+00   1.2972802e+00   1.0784969e+00   7.1999017e-01   4.9487962e-01  -6.6940720e-02  -3.1917392e-01  -1.5862724e-01  -5.2516205e-01
   3.6431207e+00   2.8943209e+00   2.4079190e+00   1.9361715e+00   1.2397201e+00   1.4192776e+00   1.2161400e+00   1.1182310e+00   1.0945052e+00   9.4052117e-01   4.5098606e-01   3.3715700e-01   4.6467471e-02   2.7640564e-02  -1.8424950e-01  -1.7415195e-01
   3.8626361e+00   2.7951335e+00   2.0328436e+00   1.4549487e+00   1.5456614e+00   1.2845957e+00   1.6875063e+00   1.3558570e+00   8.1013724e-01   7.7840052e-01   5.4172821e-01  -2.0459415e-02   6.9046674e-02  -8.0149924e-03  -2.6280056e-01  -3.1090718e-01
   4.2253922e+00   2.6632553e+00   2.0350764e+00   1.7476251e+00   1.5771508e+00   1.3346604e+00   1.5154103e+00   1.2877798e+00   1.1020741e+00   8.8928727e-01   5.6539981e-01   7.2209610e-01   4.3917129e-01   1.5893543e-01   9.7769840e-02  -2.8355273e-01
   4.0495807e+00   3.0139068e+00   1.9004234e+00   1.3757244e+00   1.6689427e+00   1.6754168e+00   1.4156588e+00   9.6773478e-01   8.4746493e-01   8.7819040e-01   6.8320657e-01   3.6477189e-01   1.3929475e-01   6.3992211e-02  -1.7942341e-01  -3.2923467e-01
   3.9921887e+00   2.6632859e+00   1.8165831e+00   1.5943066e+00   1.6706830e+00   1.5831186e+00   1.5430434e+00   1.0970716e+00   1.2538442e+00   9.5884582e-01   5.5972281e-01   9.9383545e-02   1.1530576e-01  -2.0532689e-01  -2.9338346e-01  -4.8289425e-01
   3.5848529e+00   1.7965726e+00   1.6848892e+00   1.5894503e+00   1.4603478e+00   1.7854746e+00   1.7447053e+00   1.2248849e+00   7.1923089e-01   7.4747376e-01   6.2902987e-01   5.7703339e-01   1.4381113e-01  -2.7978798e-01  -3.5524554e-01  -4.3380321e-01
   3.5007145e+00   2.4497591e+00   2.3377531e+00   2.0739966e+00   1.0819130e+00   1.8712679e+00   1.3470662e+00   9.8340691e-01   1.5300064e+00   1.2186351e+00   6.0845313e-01   3.9234976e-01   1.0919440e-01  -8.7060249e-02  -1.4252085e-02  -1.8927756e-01
   3.5786500e+00   2.1973352e+00   2.0666695e+00   2.1358191e+00   1.4479900e+00   1.4494081e+00   1.4397476e+00   1.4259075e+00   1.4424883e+00   9.0677506e-01   7.4717316e-01   2.4874588e-01  -9.5005647e-02  -3.4441197e-01  -9.8754648e-02  -4.5709747e-01
   3.8146921e+00   2.6760004e+00   2.4266301e+00   2.4284745e+00   1.4708240e+00   1.6500540e+00   1.5292825e+00   1.0979850e+00   1.5289310e+00   9.1189920e-01   7.7592310e-01   4.4976968e-01  -7.6593397e-02   1.1591690e-02   7.1859848e-02  -7.6678392e-02
   4.1098866e+00   3.2242152e+00   2.5112477e+00   2.1409599e+00   1.7515497e+00   1.4179661e+00   8.2016058e-01   1.1286450e+00   1.4873297e+00   8.4345604e-01   6.9248932e-01   4.0072364e-01  -3.8229597e-01  -3.3837271e-01  -2.8499239e-01  -4.8401997e-01
   3.4726395e+00   3.0441954e+00   2.5189821e+00   1.6261048e+00   1.2767157e+00   1.5035987e+00   1.4787245e+00   1.0367496e+00   1.1169399e+00   8.9831944e-01   4.2687450e-01   2.4268234e-01   4.9324639e-02  -1.3999871e-01   1.1930784e-01  -2.4942226e-02
