   3.5683320e+00   2.4060992e+00   9.6762205e-01   4.1377595e-01  -1.8905828e-01   1.2866866e-01  -2.5339180e-01  -4.7468533e-01  -6.1944103e-01  -6.7784750e-01  -6.9997411e-01  -7.0554915e-01  -7.3630370e-01  -7.8449747e-01  -7.1979684e-01  -7.1457394e-01
   3.7265232e+00   1.8412596e+00   9.6739735e-01   7.8018230e-01   2.1756792e-01   3.1109843e-01  -3.4734812e-01  -6.7670408e-01  -9.7058534e-01  -1.1572301e+00  -1.4054985e+00  -1.3703811e+00  -1.4105628e+00  -1.5542051e+00  -1.4411625e+00  -1.3539120e+00
   4.0456457e+00   1.9841056e+00   1.1697275e+00   5.4334894e-01  -2.3767037e-02  -5.1446665e-02  -4.5866016e-01  -7.2681018e-01  -9.3143540e-01  -9.1720595e-01  -8.4150621e-01  -1.0912561e+00  -1.1179581e+00  -1.0772241e+00  -1.0884992e+00  -1.0729583e+00
   3.3629139e+00   1.9550392e+00   2.3995141e-01   6.6662554e-02  -1.6405902e-01   3.2908483e-01  -4.3231571e-01  -5.0232447e-01  -4.5150809e-01  -9.1230001e-01  -8.2755759e-01  -9.1372592e-01  -1.0735686e+00  -9.1663107e-01  -1.0198271e+00  -9.1839761e-01
   4.0055569e+00   2.3284307e+00   7.5067184e-01   6.4624883e-02  -5.8747568e-01  -6.3157809e-02  -4.3845751e-01  -5.8020210e-01  -5.6194389e-01  -1.0758322e+00  -1.0730675e+00  -1.1808120e+00  -1.3694248e+00  -1.2373386e+00  -1.1507947e+00  -1.0005519e+00
   3.2896552e+00   1.6102188e+00   8.7996546e-01   3.9343782e-01   1.3562496e-01   6.1204840e-03  -1.7015085e-02  -4.2034677e-01  -5.5784810e-01  -6.0394211e-01  -6.0164231e-01  -9.3918043e-01  -8.8671131e-01  -9.0452290e-01  -8.8252633e-01  -8.3986545e-01
   3.2269911e+00   2.2697946e+00   1.1024535e+00   6.7652392e-01   3.5893093e-01  -2.4876451e-01  -4.3936793e-01  -4.5764560e-01  -2.7890334e-01  -5.8594216e-01  -8.0541480e-01  -1.0275582e+00  -9.8029421e-01  -1.0555863e+00  -8.5839487e-01  -7.4078328e-01
   3.2489448e+00   2.3329999e+00   1.0725980e+00   5.5985415e-01   4.8963402e-01   1.3917279e-01  -1.2567547e-01  -6.1769129e-01  -4.1324069e-01  -8.5885252e-01  -1.3093481e+00  -1.1796857e+00  -1.1345780e+00  -1.1766415e+00  -9.0494058e-01  -7.9959043e-01
   3.6410671e+00   2.2744756e+00   1.4700296e+00   8.0189737e-01   2.7998577e-01   2.6342242e-01  -3.9853830e-01  -6.7132384e-01  -1.0555193e+00  -1.0684839e+00  -1.3673054e+00  -1.4352906e+00  -1.6799774e+00  -1.5394852e+00  -1.4013873e+00  -1.2969374e+00
   3.5817864e+00   2.5564043e+00   1.6414263e+00   8.2031119e-01   1.3422023e-01   2.5463649e-01  -4.3269080e-01  -7.7593131e-01  -1.0527863e+00  -1.5647865e+00  -1.4522392e+00  -1.6442971e+00  -1.5277007e+00  -1.8815319e+00  -1.5917511e+00  -1.3966545e+00
   2.8944773e+00   1.8888409e+00   1.1152888e+00   9.2648920e-01   4.8603909e-01  -3.6483409e-01  -3.9101378e-01  -9.5890688e-01  -1.4818817e+00  -1.3601547e+00  -1.1637629e+00  -1.4534551e+00  -1.5135896e+00  -1.5688957e+00  -1.6823676e+00  -1.4293444e+00
   1.9125650e+00   1.5880434e+00   8.1989942e-01   8.8662970e-01   2.5530720e-01   1.3841925e-01  -4.3689522e-01  -7.1827678e-01  -7.5022788e-01  -9.2356111e-01  -1.0015713e+00  -1.2415297e+00  -1.2244160e+00  -1.1768518e+00  -1.2153090e+00  -1.1875871e+00
   2.7318505e+00   1.8302714e+00   6.2277455e-01   7.1242641e-01  -2.5304238e-01  -1.5604814e-02  -3.7147237e-01  -6.8904549e-01  -9.8729926e-01  -1.5601137e+00  -1.3525758e+00  -1.1541173e+00  -1.4234513e+00  -1.4940397e+00  -1.7654453e+00  -1.8535610e+00
   2.6832718e+00   2.0718701e+00   1.2037269e+00   5.4613623e-01   9.3748185e-02  -1.8920293e-01  -9.6992492e-01  -1.0177066e+00  -1.3893547e+00  -1.6493834e+00  -1.4030665e+00  -1.6182227e+00  -1.6700659e+00  -1.7657606e+00  -2.1474005e+00  -1.8043197e+00
   3.2896018e+00   1.6420901e+00   1.0894523e+00   8.3068843e-01   6.3771162e-01   2.9626860e-01  -3.9036749e-01  -8.3620967e-01  -7.9611047e-01  -1.1783299e+00  -1.3276751e+00  -1.3208053e+00  -1.3652254e+00  -1.4185955e+00  -1.4812232e+00  -1.2651689e+00
   3.7233990e+00   1.4950350e+00   5.5887016e-01   7.2638812e-01   3.0194261e-01   2.5277924e-01  -5.4974072e-01  -1.2035077e+00  -1.1769869e+00  -1.4122985e+00  -1.3972535e+00  -1.4063041e+00  -1.5677428e+00  -1.9528362e+00  -1.6567756e+00  -1.3321982e+00
   2.9739987e+00   1.8312351e+00   9.6755286e-01   9.6335150e-01   2.5202363e-02   1.6076453e-01  -3.3783770e-02  -2.1896783e-01  -3.1435114e-01  -3.9721871e-01  -3.7894115e-01  -4.2963444e-01  -4.2726985e-01  -4.3969051e-01  -4.3190790e-01  -4.0423480e-01
   3.6734501e+00   1.9119257e+00   8.4817561e-01   1.0558664e+00  -1.2221997e-01  -2.1463312e-01  -8.6969253e-01  -6.0258367e-01  -9.3252568e-01  -1.3963443e+00  -1.2373067e+00  -1.5664935e+00  -1.6691608e+00  -1.5430090e+00  -1.3394678e+00  -1.4025105e+00
   3.3491160e+00   1.8067629e+00   9.8356261e-01   8.6990401e-01   3.3425410e-01   6.2068536e-02  -8.4203543e-01  -9.0169323e-01  -9.2943900e-01  -1.0803427e+00  -1.1198676e+00  -1.3884262e+00  -1.4529433e+00  -1.5315003e+00  -1.4356798e+00  -1.4614673e+00
   3.9731746e+00   2.1982810e+00   1.0446466e+00   8.6049650e-01   2.4047971e-01   6.3782863e-02  -3.4896395e-01  -4.5293773e-01  -1.0613142e+00  -1.6805023e+00  -1.6237996e+00  -1.6348232e+00  -1.6094259e+00  -1.6664874e+00  -1.8381929e+00  -1.6583442e+00
   3.3303433e+00   2.0905696e+00   1.3155804e+00   6.8645362e-01   3.6626697e-01  -1.4817041e-01  -3.7755320e-01  -7.6288284e-01  -7.1543991e-01  -8.0298701e-01  -8.4126441e-01  -1.0546296e+00  -1.0566547e+00  -1.0770688e+00  -1.0473970e+00  -1.0407324e+00
   3.2687811e+00   1.6544121e+00   1.2710079e+00   6.6079988e-01   2.5006148e-01   4.2435879e-01  -4.0957294e-01  -9.7639217e-01  -1.1847376e+00  -1.0731254e+00  -1.1908826e+00  -1.4832315e+00  -1.4391818e+00  -1.4459905e+00  -1.4192712e+00  -1.4032773e+00
   3.3135698e+00   2.5369404e+00   1.4687905e+00   6.7778093e-01   2.2766860e-01   4.7306523e-01  -1.8834963e-01  -6.4321475e-01  -7.6174523e-01  -1.1514353e+00  -9.3334672e-01  -1.1194303e+00  -1.2140018e+00  -1.1910218e+00  -1.1328768e+00  -1.1555569e+00
   3.2544205e+00   1.7036919e+00   8.2041381e-01   6.7519340e-01   4.3596763e-01   1.3051343e-01  -2.3667401e-01  -7.7025262e-01  -9.3716645e-01  -1.4408510e+00  -1.2473166e+00  -1.3745673e+00  -1.6601868e+00  -1.7672968e+00  -1.6858299e+00  -1.6815494e+00
   3.2621541e+00   1.5678700e+00   4.3059628e-01   5.2694377e-01   2.6369835e-01  -3.5079795e-02  -2.0556564e-01  -7.5537284e-01  -1.0362692e+00  -1.2575964e+00  -1.2284285e+00  -1.4680704e+00  -1.5235661e+00  -1.6048335e+00  -1.2847202e+00  -1.3162414e+00
   3.4662294e+00   1.9626048e+00   1.1063423e+00   1.8595493e-01   1.1781465e-01   2.1610437e-02  -4.2155070e-01  -7.3439626e-01  -9.0470703e-01  -9.9625061e-01  -1.0630884e+00  -1.2461273e+00  -1.2696011e+00  -1.2819527e+00  -1.2305165e+00  -1.2386432e+00
   3.1969150e+00   2.1041215e+00   9.9070993e-01   1.1210872e-01   3.5497790e-01   2.7967766e-01  -3.3453768e-01  -9.5920154e-01  -8.4811336e-01  -9.9764089e-01  -1.5495865e+00  -1.6770120e+00  -1.8440248e+00  -1.6549281e+00  -1.7084028e+00  -1.7909080e+00
   3.3020936e+00   2.0297595e+00   1.2193475e+00   6.4409419e-01  -4.0857515e-02  -1.0770452e-01  -7.4705849e-01  -7.1538642e-01  -1.1803056e+00  -1.2975594e+00  -1.3110994e+00  -1.6474822e+00  -1.8472743e+00  -1.8224947e+00  -1.6390130e+00  -1.8271601e+00
   2.7381491e+00   1.6462605e+00   1.2552510e+00   9.9819582e-01  -5.5371787e-02  -1.6581818e-02  -3.4873245e-01  -4.1810790e-01  -7.6380112e-01  -8.5781767e-01  -9.2706883e-01  -9.7417261e-01  -1.0272179e+00  -1.0559841e+00  -9.8829414e-01  -9.8277910e-01
   3.2779775e+00   1.4962869e+00   1.2302692e+00   6.5193473e-01   1.5212303e-01  -6.4194185e-03  -8.0511935e-01  -1.1659008e+00  -7.6416229e-01  -1.4098846e+00  -1.1413476e+00  -9.8621617e-01  -1.6266532e+00  -1.5337336e+00  -1.4265127e+00  -1.7400446e+00
   2.7140122e+00   1.6438376e+00   1.3978628e+00   1.5497211e+00   1.9688866e+00   1.4908764e+00   6.0748642e-01   7.4615174e-01   1.3707478e+00   2.5201617e-01   2.1311837e-01  -4.0353121e-02  -6.7905159e-01   2.4250570e-02  -6.8804484e-02  -8.4223074e-01
   3.0536519e+00   2.1732051e+00   1.0957409e+00   1.5970071e+00   2.4472440e+00   2.0176485e+00   1.0366270e+00   1.3035133e+00   1.9769532e+00   8.7125854e-01   8.8043301e-01   4.1799759e-01  -7.4999731e-01   1.5088915e-01  -2.9519986e-01  -1.1223929e+00
   3.2869752e+00   1.7575801e+00   1.4075737e+00   1.9868688e+00   2.9245792e+00   2.2704320e+00   1.0284720e+00   1.4290639e+00   2.1496175e+00   9.3066584e-01   1.0940178e+00   7.8184260e-01  -4.5895036e-03   1.0856860e+00   8.8349547e-01  -6.4752644e-01
   2.8963452e+00   2.2255075e+00   1.5177058e+00   1.9655349e+00   3.0345446e+00   2.5236687e+00   1.2563397e+00   1.5741491e+00   2.1727857e+00   1.1936318e+00   1.2346759e+00   8.4440079e-01   3.0495247e-01   1.4254963e+00   1.4956470e+00  -6.2712758e-01
   3.8114481e+00   2.1122174e+00   1.8709039e+00   2.3204276e+00   3.2284205e+00   2.6498180e+00   1.4590436e+00   1.7020537e+00   2.2466635e+00   1.1617871e+00   1.5248534e+00   1.0945856e+00   2.9460611e-01   1.6133484e+00   1.8308132e+00  -2.5733270e-01
   3.5968393e+00   2.7040013e+00   1.7530813e+00   2.2496184e+00   3.2480520e+00   2.7697629e+00   1.4360359e+00   1.7916482e+00   2.3415595e+00   1.0060359e+00   1.6519423e+00   1.2665657e+00   4.5260355e-01   2.0331177e+00   2.1058354e+00   1.5738415e-01
   3.6292207e+00   2.1728647e+00   1.1420593e+00   2.1026876e+00   3.2971772e+00   2.8606088e+00   1.4652930e+00   1.9016107e+00   2.5303390e+00   8.7976024e-01   1.6748025e+00   1.3364094e+00   4.8303992e-01   2.1436764e+00   2.2069283e+00   5.7146727e-02
   3.1380321e+00   2.6049952e+00   1.4639614e+00   2.3533801e+00   3.3375836e+00   2.8792981e+00   1.4419891e+00   1.9804555e+00   2.6651013e+00   1.0032580e+00   1.5933766e+00   1.2133213e+00   5.2833203e-01   2.1010814e+00   2.2518725e+00   9.1256939e-02
   3.2241443e+00   1.9067859e+00   1.3971650e+00   2.2785126e+00   3.3683382e+00   3.0485916e+00   1.6792666e+00   2.1825536e+00   2.7897779e+00   1.1517551e+00   1.8020216e+00   1.3991002e+00   5.1262824e-01   2.1892074e+00   2.4195667e+00   1.8786614e-01
   3.0223229e+00   2.2494288e+00   1.8867907e+00   2.4349073e+00   3.4737131e+00   3.1184628e+00   1.6771719e+00   2.3000120e+00   2.9731890e+00   1.2993947e+00   1.7579612e+00   1.3893347e+00   6.6007766e-01   2.1608447e+00   2.4748739e+00   6.0822162e-01
   3.0671955e+00   2.5566812e+00   1.6348140e+00   2.4148004e+00   3.5991020e+00   3.1670990e+00   1.7926735e+00   2.4138771e+00   2.9410414e+00   1.3222777e+00   1.5829126e+00   1.2062353e+00   3.9969927e-01   2.0725503e+00   2.5243234e+00   3.4533106e-01
   3.4739066e+00   2.5688919e+00   1.6215022e+00   2.5644533e+00   3.6431465e+00   3.0540142e+00   1.7562414e+00   2.3754773e+00   2.8782351e+00   1.2495580e+00   1.4510810e+00   1.0666723e+00   5.0631179e-01   2.0259513e+00   2.4834443e+00   3.2913665e-01
   3.2093619e+00   2.1180092e+00   1.6346531e+00   2.7505029e+00   3.4611594e+00   2.8396494e+00   1.6733735e+00   2.1881886e+00   2.7348431e+00   9.4247109e-01   1.3090842e+00   9.7640067e-01   4.5701727e-01   1.8056939e+00   2.1297833e+00   3.7793620e-01
   2.9264654e+00   2.3455141e+00   1.8195852e+00   2.7457593e+00   3.2359268e+00   2.3631517e+00   1.5100456e+00   2.2311475e+00   2.5190078e+00   6.1543478e-01   1.3435221e+00   7.6789161e-01   3.6985011e-01   1.6083661e+00   1.9647553e+00   2.6001562e-01
   3.1348169e+00   2.1403422e+00   1.4436998e+00   2.5294046e+00   2.8628689e+00   1.7285885e+00   1.2240545e+00   2.0212764e+00   2.2300473e+00   7.2829111e-01   1.1937002e+00   5.2819675e-01  -4.0712946e-01   1.0830068e+00   1.2747805e+00  -2.4025028e-01
   2.0576256e+00   1.2681786e+00   1.1216978e+00   2.1771610e+00   2.2597582e+00   1.5498886e+00   9.8473545e-01   1.3500396e+00   1.3125890e+00  -1.2260425e-01   8.3015098e-01   2.5064661e-01  -6.7357759e-01   5.6332687e-01   8.1040262e-01  -1.0454547e-01
   2.6425440e+00   1.7037500e+00   1.4180335e+00   1.6393978e+00   2.0201553e+00   1.4185611e+00   5.2796938e-01   1.1265515e-01   2.5360359e-01  -1.5592830e-01   2.0251532e-01  -5.4074396e-01  -1.2853042e+00  -5.6847487e-01  -2.5852926e-01  -1.2649978e-01
   3.6165538e+00   2.0647797e+00   1.0070978e+00   1.6047857e+00   1.7269045e+00   1.0944704e+00   1.7227808e-01   1.3253881e-01   3.0716218e-01  -2.3031501e-01  -1.6305273e-01  -7.8454930e-01  -1.0979931e+00  -8.7989401e-01  -7.9000330e-01  -3.6962112e-01
   3.5642259e+00   2.1008448e+00   1.0660494e+00   6.9765726e-01   6.6060879e-01   4.2320590e-01  -1.6711548e-01  -4.8312599e-01  -2.5459414e-01  -5.2227459e-01  -4.8590327e-01  -7.7086676e-01  -1.0637975e+00  -6.7393566e-01  -9.4135454e-01  -7.6462674e-01
   3.1508731e+00   2.4932948e+00   1.1804703e+00   9.4758791e-01   4.8319408e-01   2.5482680e-01  -4.1709237e-01  -4.2177998e-01  -2.9334259e-01  -7.3161091e-01  -1.6774626e-01  -5.4509183e-01  -8.5904934e-01  -4.0898379e-01  -5.3020204e-01  -3.1426075e-01
   2.8367363e+00   2.2220861e+00   8.4762929e-01   1.1302119e+00   4.6550238e-01   3.2357813e-02  -5.3043950e-01  -2.0401850e-01  -5.6017091e-01  -7.4685753e-01  -2.0423322e-01  -3.3902212e-01  -5.9881514e-01  -6.1367440e-02  -2.2882397e-01   4.0787381e-02
   3.1769667e+00   2.1282294e+00   1.3229995e+00   3.0572963e-01   2.2415708e-01   3.1422554e-01  -2.8596696e-01  -1.7759297e-01  -1.3116664e-01  -5.2531788e-01   1.7191313e-02  -1.3973433e-01   2.9860645e-02   3.4441944e-01   2.2383646e-01   1.2672680e-01
   3.7770043e+00   2.0635619e+00   8.5424265e-01   4.9189944e-01   1.8659550e-02  -9.9379558e-02  -4.1869817e-01  -2.9820433e-01  -5.2597475e-01  -6.5416902e-01   4.5719309e-02   1.6992041e-01   2.2082968e-01   4.3166852e-01   3.9152103e-01   6.6373233e-01
   2.9052019e+00   2.0787334e+00   7.6181339e-01   4.2778276e-01   2.8389283e-01   1.0675918e-01   1.3394844e-01   3.0930645e-01  -8.0510242e-02   6.2142640e-02   5.7805969e-01   3.3257799e-01   1.7173635e-01   7.0882703e-01   4.8810573e-01   4.4650852e-01
   2.9604015e+00   2.0732467e+00   1.2707373e+00   1.1773424e+00   1.4456897e-01   1.7906327e-01  -2.1447149e-01  -2.1452800e-01  -2.6639706e-01   1.0524208e-01   3.6534723e-01   1.8132445e-01  -8.4373037e-02   4.0789874e-01   3.7525119e-01   7.0847322e-01
   3.6211641e+00   2.1438292e+00   1.5214125e+00   7.2423481e-01   3.6254903e-01   1.4445411e-01  -2.0156985e-01  -6.3134451e-01  -6.2494012e-01  -3.0106824e-01   8.8137420e-02  -8.1132339e-03  -2.3863271e-01   4.2416793e-01   2.2001324e-01   4.3617389e-01
   3.7967080e+00   1.9579364e+00   1.5514852e+00   1.1433022e+00   4.6275699e-01   3.9377286e-01  -8.5039975e-02  -3.3225158e-01  -5.7769555e-01  -5.8358812e-01  -3.1456230e-01   1.0757879e-01  -4.5437174e-03   4.3132244e-01   2.6036290e-01   2.6574108e-01
   3.6277022e+00   2.2913620e+00   1.6378315e+00   9.3327897e-01   4.6361081e-01   3.1935294e-02  -1.2973250e-01  -1.2264847e-01  -3.2972107e-01  -2.9512555e-01   4.4320454e-03   4.1640587e-02   1.3801470e-01   6.9142191e-01   6.9397483e-01   2.7240382e-01
   3.5364935e+00   2.2898276e+00   8.1046347e-01   3.0372002e-01   2.1779897e-01   2.0578640e-01  -2.1258214e-01   1.8653617e-01  -3.8720332e-01  -3.6869157e-01   6.7708247e-02  -1.0754966e-02  -7.5816098e-02   1.7576110e-01   3.8053080e-01   5.3357926e-01
   3.0912308e+00   2.1795462e+00   1.1282116e+00   7.8627188e-01   2.3967917e-02  -1.9531266e-01  -5.4866018e-01  -6.1976051e-01  -5.4468809e-01  -1.4846584e-01   1.0555982e-02  -1.2530498e-01  -1.6244346e-01   2.9843285e-01   1.5833972e-02   4.6152592e-01
   3.5263212e+00   2.2872839e+00   1.2930913e+00   1.9061220e-01   1.1675010e-01  -2.7402150e-01  -3.3066200e-01  -1.7971921e-01  -2.1648260e-01  -1.9477772e-01  -1.3151825e-01  -1.8934765e-01  -2.5884596e-01   3.2823170e-01   2.2850569e-01   4.9901950e-01
   2.5446996e+00   2.4805439e+00   1.5163943e+00   7.5393912e-01   4.4252994e-01  -2.4969490e-01  -6.0657039e-01  -1.0692103e-02  -7.4857250e-02  -2.5692722e-01  -3.7732406e-02   6.5591065e-02  -7.8886471e-02   5.0566764e-01   4.5179807e-01   5.2414565e-01
   2.9467889e+00   1.7385577e+00   1.2172869e+00   9.0953965e-01   5.5092014e-01  -1.5486666e-01  -5.6208653e-01   3.9015813e-01  -6.4144004e-02  -4.5034951e-02   2.7038547e-01   8.3445369e-01   2.6495548e-01   2.6902375e-01   4.6966777e-01   8.5564265e-01
   3.0316532e+00   2.5215105e+00   7.2215381e-01   5.7119970e-01  -2.0473227e-01   4.1428493e-02  -2.8137947e-01  -1.8174300e-01  -6.2747150e-02   6.2250500e-01   6.5089044e-01   2.8712030e-01  -7.7695744e-02   4.1963676e-01   5.5292012e-01   6.1764250e-01
   3.3777961e+00   2.2382218e+00   9.4024767e-01   2.5682824e-01  -4.4803669e-01   1.2474945e-01  -4.9222061e-01  -1.1226728e-01  -1.0604311e-01   9.1362571e-01   5.2008179e-01  -9.3517349e-02  -3.0422152e-01   4.8674493e-01   4.1861526e-01   5.1494603e-01
   3.0492599e+00   1.8733599e+00   1.1539003e+00   7.3215624e-01  -3.5963698e-02   4.0489045e-01  -1.8950482e-01  -1.7923530e-01  -1.5894480e-01   2.4880661e-01  -4.1149475e-02  -2.8090781e-01  -7.1971781e-02   3.5233623e-01   5.1545478e-01   4.0501186e-01
   3.4470794e+00   1.3819790e+00   8.4512054e-01   7.2565539e-01  -5.5285032e-03   1.3893430e-01  -4.8527523e-01  -7.9500452e-01  -5.8333940e-01  -2.7563598e-01  -3.9798754e-01  -5.3824545e-01  -4.9862083e-01   3.1427008e-02   6.9529961e-02   5.3748430e-01
   3.3071663e+00   2.1234173e+00   1.3117716e+00   8.4654292e-01  -3.1151756e-01   1.0280200e-01  -2.9804842e-01  -4.6292061e-01  -7.0253074e-01  -6.8599798e-01  -3.5960322e-01  -5.4803216e-01  -7.4353286e-01  -2.1665183e-01  -9.3995151e-02   2.4568021e-01
   3.7125309e+00   2.0048285e+00   1.1177637e+00   7.8792741e-01   4.6116541e-01   3.7971164e-02  -3.5912740e-01  -4.0996223e-01  -4.1065753e-01  -4.1266043e-01  -4.1125673e-01  -5.2326564e-01  -6.3790888e-01  -4.6421413e-02  -7.6936481e-02   4.4289815e-02
   3.4979515e+00   1.8956544e+00   1.0386330e+00   6.2125284e-01  -1.9418421e-02   1.7753767e-01  -1.0023065e+00  -6.0873854e-01  -4.9319732e-01  -7.3874583e-01  -7.5908747e-01  -7.9496970e-01  -7.0052094e-01  -1.6564728e-01  -2.6078522e-01  -5.6479004e-02
   2.9689124e+00   2.1852080e+00   1.0674182e+00   6.6752923e-01   7.1817349e-01   2.4547025e-01  -5.7515641e-01  -8.8032127e-01  -6.7877325e-01  -1.1078989e+00  -1.1384283e+00  -1.0132285e+00  -1.0522801e+00  -2.1399081e-01  -2.4685930e-01  -6.7790977e-01
   3.0875198e+00   2.1295839e+00   9.1068256e-01   3.9095666e-01   4.4596773e-01   4.6854643e-01  -4.5651993e-01  -7.4133769e-01  -6.5490070e-01  -8.7273786e-01  -9.2617340e-01  -8.7582817e-01  -1.0604338e+00  -5.2252139e-01  -5.8141492e-01  -7.6127611e-01
   3.7064667e+00   2.4721617e+00   1.1409081e+00   7.3952303e-01   1.6120058e-01   2.6170409e-01  -4.8600814e-01  -1.0128409e+00  -5.5807403e-01  -1.1505662e+00  -9.2419658e-01  -1.1790099e+00  -1.4277701e+00  -1.1809966e+00  -1.0325290e+00  -1.1863605e+00
   3.1682143e+00   2.4190321e+00   1.3591462e+00   6.4740022e-01  -1.7095585e-01  -1.0491852e-01  -7.1622132e-01  -4.2226922e-01  -8.7708716e-01  -8.8464030e-01  -8.9386240e-01  -9.4886679e-01  -1.1979687e+00  -1.1655345e+00  -1.1840488e+00  -1.1702501e+00
   2.9753874e+00   2.2628802e+00   1.3601913e+00   8.4014925e-01  -4.0359954e-01  -1.6466794e-01  -1.2808675e-01  -5.6099926e-01  -1.0067707e+00  -9.7170525e-01  -8.4697106e-01  -1.2728587e+00  -1.1945862e+00  -1.2821910e+00  -1.2430794e+00  -1.0557151e+00
   2.6605259e+00   2.4500756e+00   9.0606404e-01   3.7519798e-01  -1.6927731e-02  -6.4293988e-02  -4.4588217e-01  -7.2375669e-01  -1.0450672e+00  -1.0952207e+00  -1.3952743e+00  -1.3337194e+00  -1.6133913e+00  -1.5076140e+00  -1.6593972e+00  -1.5435464e+00
   2.8018103e+00   2.4217649e+00   1.3063540e+00   7.4514048e-01  -1.2766283e-01   1.2431479e-02  -5.3099480e-01  -9.5985270e-01  -1.1736212e+00  -1.5782739e+00  -1.3186315e+00  -1.6227711e+00  -1.7710793e+00  -1.5674681e+00  -1.4358139e+00  -1.3826043e+00
   3.1497553e+00   2.4900094e+00   1.4839201e+00   1.3130676e+00  -5.0141110e-02  -1.0397477e-01  -5.5128974e-01  -6.9764774e-01  -7.1391038e-01  -1.0085393e+00  -1.0496792e+00  -1.1286508e+00  -1.2914773e+00  -1.2448304e+00  -1.2017336e+00  -1.3294970e+00
