   2.9534129e+00   2.5470687e+00   1.7155281e+00   2.1401036e+00   1.4685506e+00   1.3406770e+00   9.0921645e-01   3.6525123e-01   3.5342550e-01   5.5626164e-01   8.7601393e-01   9.7951975e-01   5.5958129e-01   3.0777324e-01  -1.2662492e-03  -2.2946421e-01
   3.2429756e+00   2.9828887e+00   2.1931336e+00   1.9173871e+00   1.3665953e+00   1.2478436e+00   1.6357911e+00   1.2050129e+00   8.2787014e-01   1.0213740e+00   1.3117345e+00   8.3009639e-01   9.2796867e-01   4.1031875e-01   3.3632356e-01   1.7405768e-01
   3.5102769e+00   2.5056542e+00   1.9322578e+00   1.9648856e+00   1.6083184e+00   1.4074710e+00   1.4638512e+00   1.5150761e+00   1.0485880e+00   1.0983240e+00   1.2477588e+00   7.8886433e-01   5.3754276e-01   1.5067310e-01   1.3153457e-01   3.4024212e-02
   3.4625927e+00   2.8722242e+00   2.3299891e+00   2.1998449e+00   1.3104345e+00   1.5928501e+00   1.4244029e+00   1.2057499e+00   1.0077711e+00   1.0582768e+00   1.0024762e+00   7.7518178e-01   8.1035623e-01   7.2789751e-04  -1.3069517e-02  -7.0352209e-02
   3.8910369e+00   3.0747759e+00   2.0607961e+00   2.1557254e+00   1.6815500e+00   1.5968490e+00   1.2141021e+00   1.0817667e+00   1.1910456e+00   1.2828773e+00   1.3441279e+00   8.4732252e-01   5.3469376e-01   4.1567857e-01   4.4222877e-01   2.2953930e-01
   3.8898453e+00   3.6380605e+00   2.4531263e+00   2.5620873e+00   1.7697071e+00   1.4360931e+00   8.3148445e-01   6.7259249e-01   8.4471438e-01   1.3655700e+00   1.0137084e+00   1.0518090e+00   3.8710360e-01   1.8245085e-01   6.0069807e-01   3.6003119e-01
   4.3475198e+00   3.6768412e+00   2.0829029e+00   1.9076103e+00   1.4625438e+00   1.3534751e+00   1.2580514e+00   9.9286816e-01   6.4742503e-01   1.0481543e+00   1.0078744e+00   9.1287350e-01   4.8564565e-01   3.0289368e-01   4.3936775e-01   3.2455031e-01
   3.8060620e+00   2.5168102e+00   2.4463499e+00   2.4627857e+00   2.0229546e+00   1.3295488e+00   1.2568868e+00   1.3345082e+00   9.5914604e-01   6.3248224e-01   9.6727307e-01   7.1405959e-01   3.6620744e-01  -1.9064796e-02   2.2681452e-01   8.5395660e-02
   3.3290777e+00   2.3016086e+00   2.3934593e+00   2.3558959e+00   1.2393217e+00   1.4137224e+00   1.2132060e+00   6.7929099e-01   9.9063646e-01   1.3595878e+00   1.3783577e+00   8.3301085e-01   4.2365291e-01   9.9432303e-02   3.8700394e-01   3.2550050e-01
   2.9718978e+00   3.2771531e+00   2.6061086e+00   2.3846398e+00   1.2995520e+00   1.2035750e+00   1.2638487e+00   1.1159020e+00   1.1045831e+00   1.2360063e+00   1.0718391e+00   1.1196198e+00   4.8330352e-01   6.8410987e-02   1.0936660e-01   5.3689741e-02
   2.7174725e+00   2.8475211e+00   2.2558339e+00   2.0393117e+00   1.4219147e+00   1.6479227e+00   1.2077581e+00   1.2818729e+00   9.6137006e-01   9.6636123e-01   1.0945345e+00   1.0808693e+00   4.8504673e-01  -1.4327002e-01   3.4741744e-03   6.8000238e-02
   2.9326324e+00   2.2715443e+00   2.4581966e+00   2.2667758e+00   2.4847967e+00   2.2214946e+00   1.5372282e+00   1.7667436e+00   1.0616973e+00   9.8320369e-01   1.0791504e+00   8.5184374e-01   5.6420688e-01   1.5970162e-01   2.0717467e-01   3.9031140e-01
   3.6719199e+00   3.0595974e+00   2.5857410e+00   2.2929044e+00   1.8226677e+00   1.3822140e+00   1.1343189e+00   1.6078457e+00   9.9024472e-01   1.1792092e+00   1.4195733e+00   9.6714720e-01   5.5664849e-01   3.6869019e-01   4.4817828e-01   3.4035120e-01
   3.2363506e+00   3.1119387e+00   2.2586531e+00   1.5896132e+00   1.2179298e+00   1.5854604e+00   1.2308917e+00   1.5758644e+00   1.0543098e+00   1.2870153e+00   1.5439279e+00   1.2506380e+00   8.1438606e-01   3.6445865e-01   3.1365895e-01   1.9011308e-01
   3.9170559e+00   3.5823878e+00   2.3748563e+00   1.9577608e+00   1.5458674e+00   1.3211741e+00   1.0261883e+00   1.1949804e+00   8.0313674e-01   1.1210308e+00   1.2339545e+00   8.2958690e-01   6.1730543e-01   1.8313159e-01   5.3631707e-01   3.9867899e-01
   2.8967690e+00   3.1088247e+00   2.1846147e+00   1.9944820e+00   1.3767070e+00   8.9909668e-01   9.7513038e-01   1.3343402e+00   9.5086822e-01   5.9623129e-01   8.9041322e-01   9.8506203e-01   5.4332221e-01   3.0523317e-01   3.7298476e-01   3.7057902e-01
   4.1147488e+00   3.2488023e+00   2.5090396e+00   1.8884377e+00   1.3691280e+00   1.2538113e+00   1.4844092e+00   1.3424523e+00   8.8621335e-01   1.1382353e+00   1.4021207e+00   1.0412774e+00   8.4370569e-01   1.1959279e-01   2.3785449e-01  -4.2789915e-02
   3.7412433e+00   2.7490342e+00   1.5718057e+00   1.6464694e+00   1.7817268e+00   1.0079178e+00   1.2395518e+00   1.4023942e+00   6.3649976e-01   8.9268114e-01   1.1760603e+00   1.0106923e+00   6.1588529e-01   2.5489666e-02   1.4112290e-01   3.1908517e-03
   3.0462652e+00   2.9160202e+00   2.2584945e+00   1.7178868e+00   1.4487850e+00   1.1872636e+00   1.2746238e+00   1.6238813e+00   1.1392360e+00   9.0773273e-01   1.4492360e+00   1.2326447e+00   3.2410018e-01   3.0361148e-01   2.4968021e-01   2.0631210e-01
   2.9686699e+00   2.7585075e+00   2.1833440e+00   1.8994940e+00   1.6550554e+00   2.0766072e+00   1.5403758e+00   1.2274889e+00   1.1974630e+00   7.9051744e-01   1.5952169e+00   1.2473893e+00   8.9078247e-01   6.3732590e-01   6.7991872e-01   7.3329615e-01
   3.0062221e+00   3.1853701e+00   2.4914612e+00   2.0860105e+00   2.2148725e+00   2.2598506e+00   1.2988304e+00   1.5947348e+00   1.2947650e+00   1.2665411e+00   1.7795018e+00   1.7386414e+00   1.1633696e+00   1.0447854e+00   1.0770704e+00   8.0944090e-01
   3.0651311e+00   2.7716770e+00   1.8254796e+00   1.6669762e+00   2.2376739e+00   2.9009237e+00   1.7389920e+00   1.7498292e+00   1.3733621e+00   1.5575633e+00   2.2722167e+00   1.9612846e+00   1.8217934e+00   1.4343413e+00   1.5891826e+00   1.0851762e+00
   3.3991827e+00   3.2102173e+00   2.0994793e+00   1.9698773e+00   1.9518150e+00   2.8630095e+00   2.1718667e+00   1.8341522e+00   1.7833071e+00   1.8785387e+00   2.7241110e+00   2.1785222e+00   1.9484859e+00   1.6774448e+00   1.7469986e+00   1.1285702e+00
   3.1044226e+00   2.9470350e+00   2.2696839e+00   2.1806879e+00   1.7336877e+00   2.8410813e+00   2.4017577e+00   1.5450669e+00   1.3830144e+00   1.9382836e+00   2.9581494e+00   2.6121803e+00   2.2944536e+00   2.0054704e+00   2.0318371e+00   1.0767894e+00
   3.8818043e+00   3.1598757e+00   1.7267149e+00   1.6194060e+00   1.9721001e+00   2.9210097e+00   2.4796882e+00   2.1001819e+00   1.7291769e+00   2.1715262e+00   3.2453729e+00   2.9013274e+00   2.6127857e+00   2.2128552e+00   2.2926533e+00   1.1085205e+00
   3.7857957e+00   2.9733931e+00   2.2792023e+00   1.5454387e+00   1.8458137e+00   3.3297096e+00   2.3399304e+00   2.1113176e+00   2.0464156e+00   2.4731999e+00   3.2184148e+00   3.0475721e+00   2.8352477e+00   2.5066873e+00   2.6383622e+00   1.4525887e+00
   3.3767839e+00   2.7412657e+00   2.0602878e+00   2.1541080e+00   2.3176693e+00   3.5454081e+00   2.6901271e+00   2.3550215e+00   2.4998766e+00   2.9107567e+00   3.5101570e+00   2.9838189e+00   3.0423081e+00   2.6850754e+00   2.8342218e+00   1.8215552e+00
   3.7357633e+00   3.4278661e+00   2.4338244e+00   2.1899331e+00   2.4514195e+00   3.3882923e+00   2.5289568e+00   2.1468962e+00   2.3215063e+00   2.8609701e+00   3.5511234e+00   3.0289581e+00   2.9288863e+00   2.7338389e+00   2.8481175e+00   1.9097114e+00
   3.2749005e+00   3.0891783e+00   2.4395649e+00   2.0141286e+00   2.4360524e+00   3.4021866e+00   2.6714604e+00   2.3967458e+00   2.3371376e+00   2.6914736e+00   3.2809600e+00   3.1527274e+00   2.9624162e+00   2.7194760e+00   2.9115003e+00   1.8636957e+00
   2.8932534e+00   2.6042662e+00   1.9733402e+00   2.0503780e+00   2.6755077e+00   3.0814853e+00   2.7237758e+00   2.4903855e+00   2.2405870e+00   2.8186423e+00   3.3480262e+00   3.1005064e+00   2.7436506e+00   2.5954488e+00   2.9583220e+00   1.8827480e+00
   3.2920639e+00   2.9888542e+00   1.8734534e+00   2.3699898e+00   3.0308885e+00   3.0222440e+00   2.8481004e+00   2.3353221e+00   2.0410864e+00   2.7591546e+00   3.0844688e+00   3.0999438e+00   2.7339940e+00   2.6085770e+00   2.8376683e+00   1.4974369e+00
   2.8580677e+00   2.6988338e+00   1.7907240e+00   1.8702275e+00   2.9680355e+00   3.1156858e+00   3.0271113e+00   2.2637513e+00   1.9146431e+00   2.5186970e+00   2.7337048e+00   2.6299521e+00   2.5494233e+00   2.4514380e+00   2.6766096e+00   1.3943324e+00
   3.2871470e+00   3.0418978e+00   2.3071036e+00   2.1292756e+00   3.0900247e+00   3.2686522e+00   3.1510028e+00   2.3810709e+00   1.8919285e+00   2.3159919e+00   2.5515568e+00   2.6130338e+00   2.7003216e+00   2.3776117e+00   2.6217380e+00   1.2411156e+00
   3.4562257e+00   2.8587295e+00   1.3513527e+00   2.1471376e+00   2.9998515e+00   3.1274397e+00   3.1548116e+00   2.4218323e+00   2.0250541e+00   1.8141695e+00   2.4447859e+00   2.3933380e+00   2.3540992e+00   2.2586756e+00   2.5216565e+00   1.1654893e+00
   3.3938376e+00   2.6035480e+00   1.0586735e+00   1.8006827e+00   3.0467031e+00   3.2303284e+00   3.2207000e+00   2.4956590e+00   1.9368947e+00   1.8532421e+00   2.3149182e+00   2.3539497e+00   2.2914903e+00   2.1779738e+00   2.4794224e+00   1.3612006e+00
   3.5384870e+00   3.1518383e+00   2.2372676e+00   2.4234423e+00   3.0117126e+00   3.0747285e+00   3.0996715e+00   2.3431792e+00   1.7758811e+00   1.6502991e+00   2.2996464e+00   2.4556761e+00   2.2380421e+00   2.1545589e+00   2.4364237e+00   1.2397713e+00
   3.7519089e+00   3.1603643e+00   2.4320843e+00   2.5963803e+00   3.1542411e+00   3.2091766e+00   2.9915179e+00   2.3809976e+00   1.9010177e+00   1.9433798e+00   2.1894152e+00   2.5373817e+00   2.3740773e+00   2.0092809e+00   2.3844537e+00   9.9705867e-01
   3.5795840e+00   2.8992056e+00   1.9442501e+00   2.3473171e+00   3.0740472e+00   3.0400983e+00   2.7786208e+00   2.0888011e+00   1.9788919e+00   2.4164237e+00   2.2557498e+00   2.6596048e+00   2.4867663e+00   2.1754657e+00   2.6949877e+00   1.4528401e+00
   3.2011204e+00   2.9476311e+00   2.3105275e+00   2.6803049e+00   3.0778085e+00   3.0087976e+00   2.5149230e+00   1.9218513e+00   2.0552663e+00   2.3710123e+00   2.5166346e+00   2.8058963e+00   2.4492861e+00   2.2336867e+00   2.7147602e+00   1.5263020e+00
   3.1592272e+00   2.9189875e+00   1.7158585e+00   2.5259490e+00   2.9942987e+00   2.9489674e+00   2.4882267e+00   2.0014177e+00   2.1790881e+00   2.4341454e+00   2.6700700e+00   2.6421854e+00   2.1285750e+00   1.9116873e+00   2.5410434e+00   1.3351065e+00
   3.6384152e+00   3.3707854e+00   2.1448008e+00   2.4703819e+00   2.7277803e+00   3.2349597e+00   2.4009266e+00   1.9960570e+00   2.1318951e+00   2.4750665e+00   2.4978582e+00   2.3715966e+00   2.2103912e+00   1.8544441e+00   2.4979570e+00   1.2900832e+00
   3.9755212e+00   3.2336493e+00   2.1559787e+00   2.4369002e+00   2.4654861e+00   3.0825403e+00   2.2469148e+00   1.9283326e+00   2.3021296e+00   2.4777131e+00   2.3778872e+00   2.4150990e+00   2.3080600e+00   1.9927861e+00   2.3873925e+00   1.3022512e+00
   3.7189627e+00   2.8196889e+00   2.1687666e+00   2.4796788e+00   2.6804516e+00   3.1897051e+00   2.2368733e+00   1.6649257e+00   2.1182110e+00   2.5139365e+00   2.2523421e+00   2.2868613e+00   2.1158485e+00   1.9252693e+00   2.3165615e+00   1.3253064e+00
   2.8456965e+00   2.8934582e+00   2.5508450e+00   2.3867232e+00   2.2739582e+00   3.4355859e+00   2.3812566e+00   2.0285811e+00   2.3431691e+00   2.7149997e+00   2.1688913e+00   2.0515518e+00   2.1606992e+00   1.8967775e+00   2.3321919e+00   1.0931927e+00
   3.6943087e+00   2.9227815e+00   2.1500920e+00   2.1657982e+00   2.2077940e+00   3.2894177e+00   2.0710557e+00   1.8990374e+00   2.2558440e+00   2.5179402e+00   1.7722730e+00   1.7817214e+00   1.9998722e+00   1.7036616e+00   2.3429558e+00   1.1703831e+00
   3.9053393e+00   3.2017788e+00   2.1693337e+00   1.9341415e+00   1.7261052e+00   2.8880388e+00   2.0950986e+00   1.6870232e+00   1.9634739e+00   2.1500209e+00   1.5338551e+00   1.8040329e+00   1.7332538e+00   1.5311871e+00   2.2593303e+00   9.2848592e-01
   3.8541937e+00   3.2620356e+00   2.0417228e+00   2.0133651e+00   1.8224765e+00   2.3216924e+00   1.9442724e+00   1.7475663e+00   2.0606235e+00   1.8778886e+00   1.5300861e+00   1.8512394e+00   1.4353338e+00   1.4899484e+00   1.9961565e+00   5.5735807e-01
   3.6498299e+00   2.7527085e+00   2.0120776e+00   2.0551481e+00   2.0647410e+00   1.9786946e+00   1.5840910e+00   1.4290257e+00   1.5957320e+00   1.5102346e+00   1.4057265e+00   1.4973786e+00   1.1686146e+00   1.1738052e+00   1.6788590e+00   4.3526042e-01
   3.2937281e+00   3.1510738e+00   2.2070481e+00   1.8507031e+00   1.6526633e+00   1.7061113e+00   1.5782662e+00   1.4876126e+00   1.5704163e+00   1.5105314e+00   1.2443703e+00   1.4549883e+00   7.5016208e-01   9.4362072e-01   1.5892827e+00   3.1512918e-01
   3.8640484e+00   3.6846621e+00   2.3232186e+00   2.2044965e+00   1.5858487e+00   1.7626647e+00   1.0886216e+00   1.2993607e+00   1.5842115e+00   1.2591952e+00   9.8537657e-01   1.0685943e+00   6.8070971e-01   8.9004777e-01   1.5303596e+00   4.2672182e-01
   3.3400130e+00   3.3043230e+00   2.6202346e+00   2.3941904e+00   1.6968039e+00   1.3132255e+00   1.4999939e+00   1.6168485e+00   1.7924120e+00   1.4613814e+00   1.3332849e+00   1.3202532e+00   9.6932204e-01   7.4371467e-01   1.3915845e+00   6.6823806e-01
   3.3086017e+00   3.0144712e+00   2.1474486e+00   1.4345395e+00   1.7848053e+00   1.8969929e+00   1.0146296e+00   1.2646713e+00   1.3527808e+00   1.3397797e+00   1.2453981e+00   9.9375685e-01   6.2684925e-01   7.0460763e-01   1.3856882e+00   4.9138606e-01
   3.3342916e+00   3.1162125e+00   2.3267761e+00   1.7954307e+00   1.4142976e+00   1.6923182e+00   9.8100455e-01   9.4084519e-01   1.5724556e+00   1.1019536e+00   1.2037159e+00   1.2912080e+00   7.8848664e-01   7.4102873e-01   1.3586947e+00   4.1689869e-01
   4.0035256e+00   3.5221207e+00   2.8426138e+00   2.1700473e+00   9.8276348e-01   1.6433163e+00   1.5209484e+00   1.2935157e+00   1.4986268e+00   9.9010523e-01   1.2130845e+00   1.2710789e+00   9.0802883e-01   6.7536696e-01   1.1939146e+00   3.7097550e-01
   3.6042933e+00   3.1815942e+00   2.4834728e+00   2.4140361e+00   1.0744410e+00   1.4329819e+00   1.5467384e+00   1.4731653e+00   1.1696218e+00   9.9805965e-01   1.2197438e+00   1.2082867e+00   8.3460811e-01   5.2045126e-01   1.1299062e+00   3.5490304e-01
   3.5630714e+00   3.1175716e+00   2.2322181e+00   2.0813447e+00   1.3991079e+00   6.0902072e-01   1.0583471e+00   1.0062062e+00   9.1721613e-01   1.1085984e+00   1.4634299e+00   1.4833469e+00   8.8292934e-01   5.0950208e-01   9.6924261e-01   3.0206395e-01
   3.2409255e+00   3.2629968e+00   1.9268511e+00   1.6139424e+00   1.5421186e+00   1.3060014e+00   1.4867365e+00   1.5581106e+00   1.0644847e+00   9.0398130e-01   1.0928848e+00   1.1127407e+00   3.3552077e-01   3.0567196e-01   5.0217678e-01   1.7205208e-01
   3.2423108e+00   3.4422298e+00   2.2142406e+00   2.2654467e+00   1.5746295e+00   1.4031018e+00   1.0089555e+00   1.1036184e+00   9.6804193e-01   1.0195444e+00   7.7751140e-01   7.3583147e-01   5.2335441e-01   1.6245968e-01   6.4999310e-01   2.7591053e-01
   2.8916700e+00   2.4085225e+00   2.1283170e+00   1.7299234e+00   1.6428224e+00   1.5558889e+00   1.3365695e+00   1.3684808e+00   1.0592745e+00   1.1842797e+00   1.1646030e+00   8.4521246e-01   6.4964395e-01   4.9256299e-01   6.9970023e-01   2.8940659e-01
   3.0302593e+00   3.0268477e+00   2.3766582e+00   1.3382692e+00   1.2312715e+00   1.0965236e+00   1.3624229e+00   1.5280405e+00   1.3066497e+00   1.1043939e+00   1.2182010e+00   7.0742652e-01   4.7636198e-01   3.5650393e-01   5.4402818e-01   2.1319348e-01
   3.6339379e+00   3.0006999e+00   2.1974918e+00   1.2474762e+00   9.2137144e-01   1.5630035e+00   1.3363339e+00   1.1629795e+00   1.0878916e+00   8.2994241e-01   8.0430636e-01   8.5935436e-01   4.9885894e-01   1.7359504e-01   2.5144474e-01   3.1797715e-01
   3.7496699e+00   3.1931428e+00   2.1619721e+00   1.8549761e+00   1.3792152e+00   1.3671190e+00   9.2229601e-01   1.5743900e+00   1.2547129e+00   8.6913154e-01   8.9782667e-01   1.1324471e+00   3.2586412e-01   1.7080408e-01   3.5883977e-01   5.0452910e-01
   3.5506290e+00   2.9934096e+00   2.2517774e+00   1.7672148e+00   1.3804968e+00   1.4855355e+00   1.2650789e+00   1.4974711e+00   1.3210790e+00   1.3200768e+00   1.1345845e+00   7.8746577e-01   1.7873858e-01   1.0568715e-01   4.0008936e-01   5.2441674e-01
   3.1351573e+00   3.0985915e+00   2.3641256e+00   1.9320409e+00   1.3100280e+00   1.4449848e+00   9.4831664e-01   1.1810015e+00   6.5591430e-01   1.1326150e+00   1.0531846e+00   1.1615938e+00   6.4539980e-01   3.1073644e-01   3.8335585e-01   4.4697403e-01
   3.7841993e+00   2.8523766e+00   1.9160095e+00   1.6056633e+00   1.5525170e+00   9.5168985e-01   9.2301093e-01   1.5563235e+00   1.2907575e+00   1.1921952e+00   9.5298712e-01   9.1826513e-01   8.7022673e-01   5.2107691e-01   6.0962269e-01   2.2716461e-01
   3.4501692e+00   2.9350173e+00   2.1206606e+00   2.1402728e+00   2.1029802e+00   1.8750701e+00   1.4163385e+00   1.7697341e+00   1.0158422e+00   1.3920949e+00   1.4367173e+00   1.1101882e+00   4.0799082e-01   3.0076531e-01   4.7948843e-01   3.0387623e-01
   3.4707368e+00   2.3627248e+00   1.7846201e+00   2.0672162e+00   1.8398566e+00   1.8076712e+00   1.2334302e+00   1.5923504e+00   1.1987314e+00   1.0717745e+00   1.1882882e+00   1.1120921e+00   7.9386762e-01   4.9709582e-01   4.4890744e-01   1.4288726e-01
   3.1553888e+00   2.5594666e+00   2.1110520e+00   1.9578170e+00   1.4415501e+00   1.2450643e+00   1.0058052e+00   1.1034763e+00   1.0497562e+00   1.2659788e+00   8.7066775e-01   7.0713560e-01   5.1709554e-01   4.9943837e-01   5.0053752e-01   2.1752319e-01
   3.7519614e+00   2.9142626e+00   1.8955728e+00   1.6289188e+00   1.8078613e+00   1.7802051e+00   8.1289345e-01   7.8787160e-01   9.6589686e-01   1.2265600e+00   1.1217375e+00   7.7739788e-01   8.8528371e-01   3.1180130e-01   6.0505296e-02   1.6593837e-01
   3.1863108e+00   3.0493929e+00   2.3900009e+00   1.6296092e+00   1.7836005e+00   1.7525037e+00   1.2227673e+00   1.4493754e+00   8.8975043e-01   1.1299782e+00   1.1926215e+00   9.8701700e-01   7.2794945e-01   2.0602293e-01   2.1078960e-01   3.6609908e-01
   2.7948597e+00   2.8343572e+00   2.3050874e+00   1.8178876e+00   2.0105110e+00   1.2930472e+00   1.4377021e+00   1.5949239e+00   1.1063589e+00   1.2632247e+00   1.4001657e+00   1.0501206e+00   4.6175521e-01   5.9535133e-01   5.5471049e-01   5.1770903e-01
   3.1415796e+00   3.0084020e+00   2.3832820e+00   1.6668910e+00   1.4780353e+00   1.1136684e+00   1.2342739e+00   1.4673440e+00   8.8417478e-01   9.9236988e-01   1.0047280e+00   1.0245075e+00   8.7444989e-01   2.3815698e-01   5.0549569e-01   4.2371932e-01
   3.2254723e+00   3.2643188e+00   2.3292788e+00   1.5374268e+00   1.6495712e+00   1.2717093e+00   1.1987245e+00   8.9278882e-01   9.6215136e-01   1.0748580e+00   1.0507691e+00   1.2241539e+00   9.8107846e-01   3.5852335e-01   4.9661213e-01   4.4631429e-01
   2.9229995e+00   2.8975595e+00   2.1431054e+00   1.5929250e+00   1.2440864e+00   1.5673081e+00   8.2685370e-01   7.9339446e-01   5.6269966e-01   8.8277939e-01   9.2297474e-01   8.9952278e-01   5.9763757e-01   4.4875364e-01   3.3737364e-01   2.9950412e-01
   3.6554454e+00   2.9669420e+00   2.2141791e+00   1.9797077e+00   1.2234007e+00   1.4258946e+00   6.6949041e-01   1.1004011e+00   1.1156428e+00   1.2270858e+00   8.7643984e-01   6.3058793e-01   6.4295048e-01   6.0755719e-01   7.0123600e-01   5.0545643e-01
   2.7787643e+00   2.0969149e+00   1.6801825e+00   2.0013157e+00   1.6896585e+00   1.9272797e+00   9.6380702e-01   9.2616945e-01   7.6952366e-01   1.0348656e+00   7.7302229e-01   6.2606060e-01   1.4703404e-01   1.6969268e-01   2.2870536e-02   1.2410582e-01
   3.3810677e+00   2.6123697e+00   2.2335274e+00   2.0418737e+00   1.9832839e+00   1.7560417e+00   1.3266482e+00   1.3915943e+00   5.8756452e-01   9.8496659e-01   8.6976456e-01   1.0137210e+00   5.8990814e-01   1.8108570e-01   1.8455053e-02   1.2095515e-01
