   2.9293168e+00   1.3972341e+00   4.0446255e-01  -2.1508789e-01  -1.4052038e-01  -3.5822717e-01  -8.8085627e-01  -1.4798363e+00  -1.9869150e+00  -2.0663269e+00  -1.8833968e+00  -2.2274953e+00  -2.5204017e+00  -2.5196888e+00  -2.1632232e+00  -1.9555341e+00
   2.0480234e+00   1.7316416e+00   7.7081439e-01   3.5276307e-01  -8.9730072e-03   5.1202374e-01  -6.6145043e-01  -1.1249904e+00  -1.2730008e+00  -1.3955191e+00  -1.4691093e+00  -1.5550874e+00  -1.6241934e+00  -1.6230310e+00  -1.6216935e+00  -1.5441565e+00
   2.3492685e+00   1.6138931e+00   7.8058294e-01   5.6450548e-02  -1.1340470e-01   3.4309797e-01  -5.7529122e-01  -1.3720762e+00  -1.9341393e+00  -1.9813987e+00  -2.0580879e+00  -2.1180678e+00  -2.1869872e+00  -2.2473746e+00  -2.1756977e+00  -1.9422937e+00
   2.8257922e+00   1.3268593e+00   3.1237982e-01   1.0509713e-01  -3.8041994e-01  -5.4979897e-01  -9.5914822e-01  -1.1107110e+00  -1.3958001e+00  -1.4369201e+00  -1.5123961e+00  -1.5636506e+00  -1.5639308e+00  -1.5562917e+00  -1.5137914e+00  -1.4634688e+00
   2.9507500e+00   1.9331716e+00   7.1538363e-01   1.7582194e-01  -3.6239119e-01  -3.7869787e-01  -8.7544991e-01  -1.3342953e+00  -1.5115899e+00  -1.4975714e+00  -1.7248212e+00  -1.8320215e+00  -1.9556881e+00  -1.9449687e+00  -1.9146096e+00  -1.6971369e+00
   2.9231730e+00   2.0948280e+00   1.4037773e+00   9.1797504e-01  -7.7618073e-02   4.0751813e-01  -2.8815523e-01  -8.5963633e-01  -1.2264054e+00  -1.5340601e+00  -1.7351045e+00  -1.9121472e+00  -1.9145356e+00  -1.7739054e+00  -1.8564901e+00  -1.8332968e+00
   2.8060884e+00   1.7964484e+00   1.0199717e+00   6.9429636e-01   1.4881571e-01   4.2847374e-01  -4.0336866e-01  -1.0790883e+00  -2.0970491e+00  -1.8386598e+00  -1.8848299e+00  -2.0104972e+00  -2.0117766e+00  -2.1175214e+00  -2.0632726e+00  -1.9867166e+00
   2.9579412e+00   1.9094105e+00   8.6518918e-01   4.5724812e-01   2.2490853e-01  -1.3164692e-01  -8.4394415e-01  -1.5587002e+00  -2.1532823e+00  -1.8575104e+00  -2.1579981e+00  -2.1919975e+00  -2.2446496e+00  -2.4446656e+00  -2.2681419e+00  -2.0076533e+00
   3.1188757e+00   1.7888636e+00   6.2173530e-01   1.6624256e-01   1.9853791e-01  -2.7651037e-01  -5.1166559e-01  -1.1006453e+00  -1.3399167e+00  -1.3785875e+00  -1.5821611e+00  -1.5764198e+00  -1.6415600e+00  -1.6678344e+00  -1.6428901e+00  -1.5630775e+00
   2.5925403e+00   1.7047261e+00   6.1603399e-01   3.0983556e-01  -5.2734663e-02  -3.9230645e-01  -6.8802689e-01  -8.4828054e-01  -9.9227656e-01  -1.0754001e+00  -1.1389725e+00  -1.1541890e+00  -1.1658823e+00  -1.1872870e+00  -1.1549882e+00  -1.1284973e+00
   2.4531796e+00   1.2732855e+00   5.6878373e-01   4.1231536e-01  -1.1322333e-01  -6.1959224e-01  -7.4703729e-01  -1.0972638e+00  -1.1229688e+00  -1.2360479e+00  -1.2712643e+00  -1.4029283e+00  -1.4013415e+00  -1.3813256e+00  -1.3923042e+00  -1.3326730e+00
   2.6722910e+00   1.1801014e+00   2.0650589e-01   2.1472553e-01  -4.1291661e-01  -2.5199219e-01  -8.8811290e-01  -1.8058755e+00  -1.6569912e+00  -1.8049767e+00  -2.0441269e+00  -1.9846794e+00  -2.0719833e+00  -1.9889310e+00  -2.0171140e+00  -1.9988174e+00
   2.8548459e+00   1.7003580e+00   1.1439334e-01   3.6642257e-01   1.6954750e-01  -2.8021534e-01  -1.1617765e+00  -1.6783083e+00  -1.6203916e+00  -1.6649768e+00  -2.2852232e+00  -2.6079467e+00  -2.7302662e+00  -2.4497258e+00  -2.4796452e+00  -2.0700978e+00
   2.2887444e+00   9.0920655e-01   3.6048416e-01   5.5504255e-01   1.5924388e-01   5.3006544e-02  -9.2954661e-01  -1.2291981e+00  -1.3709522e+00  -1.4251195e+00  -1.5176721e+00  -1.5293613e+00  -1.5219156e+00  -1.5163632e+00  -1.5384643e+00  -1.5010964e+00
   2.4353360e+00   1.4657415e+00   6.9901639e-02   2.1076814e-01  -2.6508181e-01  -3.1726953e-01  -1.1595886e+00  -1.3121046e+00  -1.7318539e+00  -2.0549281e+00  -2.0583778e+00  -2.4150559e+00  -2.3981939e+00  -2.5965612e+00  -2.3644930e+00  -2.2103346e+00
   2.3241886e+00   1.2382679e+00   5.0279996e-01   8.2132249e-01   4.2341842e-02  -9.0088946e-01  -1.1926438e+00  -1.4157992e+00  -1.8052136e+00  -1.8927909e+00  -1.8473367e+00  -1.8059256e+00  -1.9261002e+00  -2.0169798e+00  -1.9532861e+00  -1.8203652e+00
   1.9567848e+00   1.3917396e+00   1.7416089e-01  -6.1219011e-02  -1.3889748e-01  -9.6702735e-01  -1.2739535e+00  -1.6403475e+00  -1.8428566e+00  -2.1408640e+00  -2.2118724e+00  -2.1942583e+00  -2.6384415e+00  -2.5160158e+00  -2.4716331e+00  -2.1820290e+00
   1.8861387e+00   1.3966100e+00   2.4113377e-01   7.0059525e-02  -9.8672396e-01  -7.7753472e-01  -1.1259435e+00  -1.7777486e+00  -2.0053899e+00  -2.0168073e+00  -2.3333623e+00  -2.5681777e+00  -2.5353570e+00  -2.3054167e+00  -2.2507451e+00  -2.0480147e+00
   1.7267320e+00   9.6623092e-01   1.6206543e-01  -5.0057377e-03  -2.8291529e-01  -7.5566603e-01  -7.8076293e-01  -1.7148724e+00  -2.0402092e+00  -1.7880215e+00  -2.1009875e+00  -2.2170022e+00  -2.2276120e+00  -2.4012224e+00  -2.1679377e+00  -2.0754848e+00
   2.3311442e+00   1.2646872e+00   4.2426119e-01   1.5148626e-01  -8.9057407e-02  -7.3056383e-01  -1.0415219e+00  -1.3975123e+00  -1.8176599e+00  -2.0652738e+00  -1.9997452e+00  -1.9508941e+00  -1.9171393e+00  -1.9658970e+00  -2.0044401e+00  -1.8185632e+00
   2.6833292e+00   1.4094709e+00   1.5621225e-01  -1.1033499e-01  -4.0850845e-01  -5.6381672e-01  -6.5022686e-01  -1.0946554e+00  -1.3315355e+00  -1.3899044e+00  -1.4276807e+00  -1.4163131e+00  -1.4168440e+00  -1.4347097e+00  -1.4152679e+00  -1.3478956e+00
   2.4098641e+00   1.4849698e+00   1.5944478e-01   2.2819156e-02  -4.0330140e-01  -6.3963344e-01  -1.0516570e+00  -1.5845692e+00  -1.8852132e+00  -2.1041739e+00  -2.1545989e+00  -2.0705170e+00  -2.3190191e+00  -2.1154267e+00  -2.1186006e+00  -2.1547326e+00
   2.2377624e+00   1.6227520e+00   2.2312519e-01   2.7365996e-01  -3.0352589e-01  -3.7387532e-01  -1.1594582e+00  -1.3302956e+00  -1.6023483e+00  -1.6316902e+00  -1.7478040e+00  -1.8861292e+00  -1.9003709e+00  -1.8887149e+00  -1.8397593e+00  -1.7885882e+00
   2.9657723e+00   1.8286739e+00  -5.9688555e-02  -2.0109440e-01  -1.7072314e-01  -1.3632244e-01  -8.3333303e-01  -1.4098631e+00  -1.6577015e+00  -1.8851866e+00  -2.1495947e+00  -2.0672889e+00  -2.0886691e+00  -2.2197048e+00  -2.2466051e+00  -1.9987283e+00
   2.3128169e+00   1.1971576e+00   6.0985149e-01   1.3499255e-01  -1.9741445e-01   2.9887900e-01  -4.8808232e-01  -1.2062783e+00  -1.2043912e+00  -1.2817206e+00  -1.3726936e+00  -1.3989840e+00  -1.4128226e+00  -1.3752148e+00  -1.3687049e+00  -1.3333458e+00
   2.5320276e+00   1.6259119e+00   1.2001424e-01   4.3017259e-01  -1.4372457e-01  -7.7205162e-02  -6.4944717e-01  -1.5180611e+00  -1.8129269e+00  -1.8265886e+00  -2.0218016e+00  -1.9750590e+00  -2.0558524e+00  -2.0713464e+00  -2.0366809e+00  -1.9918297e+00
   2.4730457e+00   1.1838676e+00   1.9263831e-01  -2.4944508e-01  -5.1597752e-01  -6.8454790e-01  -9.1010968e-01  -1.7583088e+00  -1.9720228e+00  -2.0922657e+00  -2.0445879e+00  -2.1428279e+00  -2.2927841e+00  -1.9742849e+00  -2.1803139e+00  -1.8972255e+00
   1.7864085e+00   9.1736070e-01   3.6449635e-01   2.2032449e-01  -3.9761052e-01  -5.5347731e-01  -1.2391250e+00  -1.7330923e+00  -1.7081562e+00  -1.9792616e+00  -2.0945870e+00  -2.1337462e+00  -2.1470935e+00  -2.0323339e+00  -2.2189031e+00  -2.0393831e+00
   2.1296073e+00   1.4899484e+00  -3.4631940e-01  -5.1450212e-01  -5.5655836e-01  -3.2860848e-01  -1.2511924e+00  -1.5684960e+00  -1.9506083e+00  -2.2305330e+00  -1.9261150e+00  -1.8890621e+00  -2.3580437e+00  -2.2994994e+00  -2.3079034e+00  -2.1269153e+00
   1.7529382e+00   1.1284759e+00  -1.6105131e-01  -1.3928415e-01  -5.1695899e-01  -8.4255566e-01  -1.0530833e+00  -1.1171760e+00  -1.7598471e+00  -2.0240862e+00  -2.1768046e+00  -2.2013062e+00  -2.4840545e+00  -2.4891376e+00  -2.4915890e+00  -2.2952393e+00
   2.1856450e+00   9.7431260e-01   1.6265400e-01   6.0605812e-01  -2.7732854e-01  -3.0398946e-01  -8.9462325e-01  -9.2816353e-01  -1.1058688e+00  -1.6808439e+00  -2.0018006e+00  -2.5911019e+00  -2.5154566e+00  -1.7092498e+00  -1.8934262e+00  -2.1788579e+00
   3.1572255e+00   1.9345562e+00   3.3118388e-01   6.7388223e-01   6.3215461e-01   6.0811256e-01   5.6417834e-01   1.0113003e+00   1.1181257e+00  -4.7203305e-01  -8.3863005e-01  -5.2171661e-01  -6.7614811e-01  -3.8729522e-01  -1.0047457e+00  -1.3001063e+00
   2.9963785e+00   2.0698537e+00   4.7796652e-01  -8.5719943e-02   4.6206793e-01   1.0918243e+00   1.3356104e+00   1.7614283e+00   1.9286999e+00   9.1621231e-02  -3.7590723e-01   8.1213716e-02  -2.1490484e-02   3.9037279e-01  -7.6030732e-01  -1.4803079e+00
   2.6355817e+00   1.5019577e+00   8.3145936e-01   4.3124584e-01   6.3853971e-01   1.1677009e+00   9.3558672e-01   1.6820913e+00   1.8924805e+00   9.5864064e-03  -3.2331840e-01   1.5536087e-01  -1.9675089e-01  -1.6446961e-01  -1.3853463e+00  -1.7191320e+00
   2.1661443e+00   1.7124359e+00   7.8398133e-01   5.7242687e-01   3.7806456e-01   6.9863937e-01   4.4773335e-01   1.6726995e+00   1.8332228e+00  -1.1874327e-01  -4.8110573e-01  -5.6376468e-02  -5.3659495e-01  -4.4129394e-01  -1.6226535e+00  -1.7090314e+00
   2.1905766e+00   1.8740622e+00   9.7183902e-01   6.1074722e-01   3.8740960e-01   1.0878608e+00   3.3271295e-01   1.6548547e+00   1.8806286e+00  -1.7081041e-02  -2.7907601e-01   1.9448430e-01  -1.0870613e-01  -1.0669834e-01  -1.0607465e+00  -1.1239885e+00
   2.3884448e+00   1.8869253e+00   6.8893344e-01   3.1654556e-01   8.7677915e-01   1.2829612e+00   4.6178240e-01   1.6621771e+00   1.6664275e+00  -3.5866803e-02  -4.9612300e-01  -1.6372297e-01  -1.4168672e-01  -9.1722157e-02  -1.0769377e+00  -1.1944542e+00
   3.2272080e+00   1.9908274e+00   1.0013238e+00   7.8732294e-01   6.3002989e-01   1.3009678e+00   6.9369453e-01   1.8146956e+00   1.8933958e+00   1.5270624e-01  -5.5090710e-01  -1.0280802e-01  -5.6145623e-02   1.5145610e-01  -1.0068251e+00  -1.0510022e+00
   2.8730565e+00   1.4342779e+00   7.8611942e-01   7.9458225e-01   5.8983334e-01   1.3750344e+00   5.0706209e-01   1.8141359e+00   1.7697286e+00   2.3002558e-01  -5.4647456e-01  -7.6863859e-02  -9.5561985e-02   1.4130634e-01  -1.0548854e+00  -1.1627914e+00
   3.0375879e+00   1.6675117e+00   6.7585085e-01   5.2155833e-01   6.2575658e-01   1.3247547e+00   4.6099277e-01   1.9796292e+00   1.9314586e+00   2.8878315e-01  -4.3561379e-01  -1.1983185e-01  -6.5382256e-02   2.0520115e-01  -9.7845463e-01  -1.1128539e+00
   2.7700440e+00   1.8681870e+00   6.5697916e-01   9.0723425e-01   8.0647364e-01   1.4503842e+00   4.8876985e-01   2.0537698e+00   1.9753114e+00   4.3467254e-01  -3.2342260e-01  -5.0464798e-02   5.3061888e-04   1.4702052e-01  -8.0984501e-01  -9.6822764e-01
   2.6141695e+00   9.4426915e-01   7.8466981e-01   7.2509415e-01   1.0198338e+00   1.5677881e+00   6.2974034e-01   2.0274794e+00   2.0068219e+00   3.7221949e-01  -4.7366965e-01   7.9878143e-02   5.5415147e-02   2.0332965e-01  -8.2436931e-01  -1.1895673e+00
   3.2317150e+00   6.3657024e-01   4.5904095e-01   8.2111060e-01   7.5787949e-01   1.5298426e+00   8.9008203e-01   1.6984390e+00   1.8598819e+00   2.9523742e-01  -2.2972496e-01   1.8267354e-01   1.0360014e-01   2.5094642e-01  -8.4357535e-01  -1.0178561e+00
   2.6036573e+00   1.4508336e+00   5.7648257e-01   7.0620313e-01   9.0236689e-01   1.6485474e+00   1.4553383e+00   1.6710813e+00   1.8530465e+00   5.3255822e-01  -1.5232348e-01   4.0672673e-01   2.5976464e-01   3.9701682e-01  -6.9991608e-01  -1.1376205e+00
   2.8219022e+00   1.3200408e+00   7.3591262e-01   7.3410515e-01   9.7211234e-01   1.5209349e+00   1.6702971e+00   1.8724773e+00   2.1074430e+00   7.2837100e-01   1.2902937e-02   4.7738118e-01   2.0900181e-01   3.1589849e-01  -7.2898606e-01  -1.0114962e+00
   2.3217265e+00   1.3006101e+00   6.8884329e-01   1.7445070e-01   6.4967036e-01   1.3674693e+00   1.6645938e+00   1.9550223e+00   2.0928655e+00   8.1649518e-01  -4.8317145e-03   1.5056957e-01  -6.2265097e-02   2.0600805e-01  -8.0896112e-01  -9.9428872e-01
   2.7781229e+00   1.8033514e+00   1.8405945e-01  -2.2131859e-01   8.4023717e-01   1.2921469e+00   1.5590769e+00   1.8896706e+00   1.9929963e+00   7.1342601e-01  -4.7495987e-02  -6.7793993e-02  -3.0390062e-01   9.0294456e-02  -9.7807536e-01  -8.8840500e-01
   2.8634215e+00   1.3763329e+00   2.6036580e-01   8.2118961e-02   5.8098199e-01   9.6288506e-01   1.4754437e+00   1.7440539e+00   1.8607456e+00   5.8989647e-01  -3.8164564e-02   5.3659391e-03  -1.1927247e-01   3.3974642e-01  -6.6318814e-01  -8.6400866e-01
   2.6723348e+00   1.9393956e+00   3.3114347e-01   2.0446618e-01   5.8112048e-01   8.7973604e-01   1.4123198e+00   1.6119894e+00   1.7932514e+00   6.8435454e-01  -1.2443778e-01   1.9371291e-01  -1.0781276e-01   4.5773243e-01  -8.1703196e-01  -1.2400066e+00
   2.5613706e+00   1.9297301e+00   7.4605629e-01   6.4617864e-01   5.8422894e-01   9.6151884e-01   1.3321805e+00   1.5325815e+00   1.6319902e+00   6.4738339e-01  -2.6207499e-01   1.2326156e-01  -3.4443339e-01   1.6722660e-01  -6.8101208e-01  -8.6759716e-01
   2.9210074e+00   2.0764563e+00   6.2214205e-01   4.6092233e-01   7.5556321e-01   9.8857170e-01   1.1546882e+00   1.3390604e+00   1.5062319e+00   8.7096102e-01  -9.1041550e-02   4.0517506e-03  -5.5629580e-01   2.2354656e-01  -4.1262154e-01  -8.2526530e-01
   2.5296214e+00   9.6601930e-01   5.5854657e-01   3.9833651e-02   6.2957812e-01   1.0491705e+00   9.7728967e-01   1.0472446e+00   1.1796672e+00   8.6945563e-01   1.9880957e-01   4.2675881e-01  -1.5178876e-01   1.6890232e-01  -1.9566496e-01  -9.5431292e-01
   2.8455806e+00   1.6765266e+00   6.2634645e-01   4.9300421e-01   1.2704037e+00   1.3513836e+00   9.9615085e-01   7.0833632e-01   9.5391932e-01   8.2021506e-01   4.5690293e-01   5.9384774e-01   1.2517865e-01   1.4953873e-02  -8.6069038e-02  -1.1242440e+00
   2.2582530e+00   1.4588495e+00   8.2190540e-01   9.8309091e-01   1.4828022e+00   1.0966564e+00   4.7623384e-01   4.6564010e-01   8.2415756e-01   7.3496776e-01   7.1122616e-01   4.6286067e-01   3.7389270e-01  -5.6637566e-03  -2.2230576e-02  -1.5148237e+00
   1.3531811e+00   5.3189816e-01   3.8655074e-01   9.9005108e-01   1.5614722e+00   1.2219996e+00   1.7434819e-01  -5.1370159e-02   2.8758315e-01   5.4010001e-01   6.1808623e-01   3.2066724e-01   2.9121890e-01   1.1184321e-01  -2.1243274e-01  -1.7516749e+00
   3.2113988e+00   1.7529223e+00   4.3320090e-01   1.0933944e+00   1.5306758e+00   1.2685638e+00  -3.9367438e-01  -2.7479991e-01   3.5299229e-03  -1.4310711e-01   3.7396258e-01   6.2187761e-01   6.5509190e-01   3.2188445e-01  -6.2345528e-01  -1.7697322e+00
   3.1152182e+00   2.2068718e+00   5.6835228e-01   1.2665167e+00   1.5205683e+00   1.3214690e+00  -4.3570012e-01  -6.6015343e-01  -5.3195595e-01  -2.4473870e-01   6.0512988e-01   6.1656662e-01   7.3414002e-01   3.9894899e-01  -7.3857121e-01  -1.6245634e+00
   3.1214334e+00   1.6991448e+00   2.5573436e-01   8.7887612e-01   7.8840973e-01   7.2432248e-01  -1.0071533e+00  -6.2832477e-01  -6.5941162e-01  -4.6446588e-01   3.3766355e-01   2.7346252e-01   6.7876878e-01   3.4148161e-01  -7.2555388e-01  -1.4628740e+00
   2.4972772e+00   1.5958791e+00   4.4184781e-01   1.1492294e+00   4.7250427e-01   5.0011711e-01  -9.9739182e-01  -1.0659585e+00  -1.0045917e+00  -1.1785831e+00   7.9638774e-02  -2.5614792e-02   4.3630674e-01   2.3628194e-01  -6.2450619e-01  -1.6370310e+00
   3.3235209e+00   1.9842266e+00   1.2550892e+00   1.0938127e+00   3.1417222e-01   2.7812349e-01  -1.2089278e+00  -1.0415810e+00  -1.2064729e+00  -1.5633139e+00  -2.1088760e-01  -8.4633490e-03   1.5464373e-01   8.6475629e-02  -6.3637147e-01  -1.6939840e+00
   2.4033637e+00   1.5834017e+00   9.6611741e-01   7.1930301e-01   2.2063454e-01  -5.5144998e-02  -4.8705775e-01  -7.1147378e-01  -8.1370919e-01  -8.2883026e-01  -4.7031409e-01  -2.4786464e-01  -3.9069043e-01  -3.0231343e-01  -5.6642266e-01  -8.8589786e-01
   2.2397907e+00   1.7745146e+00   1.0244079e+00   1.9313796e-01   5.8288842e-02  -9.0159749e-01  -8.2321528e-01  -1.0708940e+00  -1.4961691e+00  -1.8593075e+00  -1.2983489e+00  -6.5639720e-01  -5.5229388e-01  -9.3300735e-01  -1.1483079e+00  -1.2934451e+00
   2.7425108e+00   2.0776977e+00   1.3548134e+00  -5.6434567e-02  -4.7162400e-01  -6.9297763e-01  -6.1406061e-01  -1.3968252e+00  -1.7572091e+00  -1.7403926e+00  -1.5846715e+00  -1.2341410e+00  -1.1489150e+00  -1.1849732e+00  -1.4313233e+00  -1.4752859e+00
   2.5033548e+00   1.7352080e+00   7.5261102e-01   8.8603869e-02  -2.0324585e-01  -6.2212538e-01  -8.8512569e-01  -1.2137228e+00  -1.2083993e+00  -1.3268954e+00  -1.3554072e+00  -1.3560970e+00  -1.3703487e+00  -1.3739407e+00  -1.3641841e+00  -1.3749927e+00
   1.7585387e+00   1.4571626e+00   8.3986848e-01   5.0250090e-01  -3.7921866e-01  -9.2767595e-01  -7.1400298e-01  -1.1150908e+00  -1.3739227e+00  -1.5036735e+00  -1.4727714e+00  -1.3970283e+00  -1.3860070e+00  -1.3978458e+00  -1.4137725e+00  -1.3875016e+00
   3.0587771e+00   1.4996009e+00   9.2047445e-02  -3.3204491e-01  -4.6165001e-01  -7.5778414e-01  -1.0148067e+00  -1.0640781e+00  -1.3975177e+00  -1.3800040e+00  -1.5029062e+00  -1.5620181e+00  -1.5505901e+00  -1.5153837e+00  -1.4101350e+00  -1.4806577e+00
   3.3157944e+00   1.6988008e+00   1.1315762e-01   2.6506466e-01  -6.1059595e-01   3.3257123e-02  -4.2543557e-01  -9.1033803e-01  -1.5113553e+00  -1.4051199e+00  -1.6589278e+00  -1.6727999e+00  -1.6429854e+00  -1.6141464e+00  -1.6109382e+00  -1.4811539e+00
   3.4450366e+00   1.9329778e+00   5.1230140e-01  -1.8449289e-01   1.9336388e-01   3.8836309e-01  -5.2588529e-01  -8.7403853e-01  -1.0172009e+00  -1.1324261e+00  -1.1830044e+00  -1.1615084e+00  -1.1749067e+00  -1.1737516e+00  -1.1691100e+00  -1.1458835e+00
   2.4899362e+00   2.0907827e+00   5.8994002e-01   2.0213141e-01   3.1828209e-01   4.5437874e-01  -4.0376701e-01  -4.5361460e-01  -6.6481358e-01  -7.6789862e-01  -8.0368475e-01  -8.0081533e-01  -8.2436102e-01  -8.2387813e-01  -8.2517998e-01  -7.8804149e-01
   3.0365575e+00   1.7688005e+00   6.3434686e-01   6.6553476e-01   3.0397933e-01   1.3507629e-01  -9.1822310e-01  -1.1562759e+00  -1.4476348e+00  -1.6365699e+00  -1.7160437e+00  -1.6081458e+00  -1.6913756e+00  -1.6550073e+00  -1.7006193e+00  -1.6895299e+00
   2.4057011e+00   1.9347180e+00   3.7289035e-01   5.6119945e-01   2.7542085e-01  -2.2371348e-01  -5.0055240e-01  -7.8002836e-01  -9.2036203e-01  -1.0372508e+00  -1.0183811e+00  -1.0396176e+00  -1.0569947e+00  -1.0689769e+00  -1.0698870e+00  -1.0413262e+00
   2.4117023e+00   1.1438143e+00  -2.9528401e-02   1.2208687e-01  -4.3931443e-02  -4.5614261e-01  -4.6080084e-01  -1.0156765e+00  -1.6194817e+00  -1.7126323e+00  -1.5929811e+00  -1.6284962e+00  -1.6614092e+00  -1.6698154e+00  -1.7112569e+00  -1.6768378e+00
   2.4514629e+00   1.0042055e+00  -3.3600335e-01   1.5765247e-01  -5.3719645e-01  -7.8560162e-01  -1.2528130e+00  -1.7366381e+00  -1.9114054e+00  -2.0978545e+00  -2.1739077e+00  -2.1411595e+00  -2.2814242e+00  -2.0978880e+00  -2.1302088e+00  -2.0689636e+00
   2.8692904e+00   1.2733279e+00   9.7778348e-02  -2.1577002e-01  -8.6737630e-02  -3.5704659e-01  -5.3966089e-01  -7.7339044e-01  -8.6964754e-01  -9.0348019e-01  -9.5144396e-01  -9.8030672e-01  -9.8580380e-01  -9.8012142e-01  -9.6945752e-01  -9.4415589e-01
   3.0791746e+00   1.2617719e+00  -5.3760605e-03   4.2552175e-01   9.7098526e-02  -3.2967627e-01  -6.2408791e-01  -1.1026061e+00  -1.2415187e+00  -1.3355771e+00  -1.3926412e+00  -1.4128165e+00  -1.4279536e+00  -1.4159932e+00  -1.3967192e+00  -1.3798166e+00
   2.9526371e+00   1.7852575e+00   8.0402303e-01   4.8750793e-01   1.2954021e-01  -3.6770366e-01  -8.2748159e-01  -8.6251406e-01  -9.2704301e-01  -9.9595752e-01  -1.0185067e+00  -1.0316451e+00  -1.0515670e+00  -1.0490287e+00  -1.0321378e+00  -1.0075218e+00
   3.0036342e+00   1.2637817e+00   1.4368840e-01  -2.4235625e-01  -3.7348183e-01  -7.3841441e-02  -6.7321773e-01  -1.0300534e+00  -1.3019465e+00  -1.3152372e+00  -1.5163876e+00  -1.5920358e+00  -1.5849379e+00  -1.6089069e+00  -1.5835668e+00  -1.5423863e+00
   2.7817738e+00   1.5652181e+00   8.5978721e-01   2.3849435e-01  -2.7485244e-02   4.0885793e-02  -5.5429433e-01  -5.8227326e-01  -7.8564405e-01  -7.8227173e-01  -8.4046095e-01  -8.7000872e-01  -8.7138701e-01  -8.7621247e-01  -8.5280686e-01  -8.3383166e-01
   2.9464970e+00   1.4959015e+00   2.4134527e-01  -2.0687235e-01  -8.8537308e-02  -1.1561825e-01  -4.3143416e-01  -1.2167695e+00  -1.4275332e+00  -1.4476949e+00  -1.5026287e+00  -1.5214929e+00  -1.5128742e+00  -1.5194945e+00  -1.5060659e+00  -1.4631701e+00
   2.7317454e+00   1.7430382e+00   5.3620318e-01   4.6693623e-01  -7.5277584e-02  -4.8460716e-01  -7.3590210e-01  -1.2659867e+00  -1.3468895e+00  -1.3382033e+00  -1.4667907e+00  -1.4999449e+00  -1.4877550e+00  -1.5008708e+00  -1.4974602e+00  -1.4252074e+00
   2.4294533e+00   1.1991652e+00   3.6393564e-01   7.4690235e-02  -6.0941881e-01  -7.4668125e-01  -9.4619078e-01  -1.3828276e+00  -1.7553295e+00  -1.5824967e+00  -1.9149661e+00  -1.8716607e+00  -1.9092268e+00  -1.9268629e+00  -1.9611648e+00  -1.7992209e+00
   2.6714820e+00   2.0037949e+00   1.7151590e-01   5.7046913e-01  -2.0135841e-02  -6.2613939e-01  -1.0288272e+00  -1.3181915e+00  -1.3952930e+00  -1.5692600e+00  -1.6530531e+00  -1.7050709e+00  -1.6985962e+00  -1.6989552e+00  -1.6845708e+00  -1.6615863e+00
   2.8611774e+00   2.0905624e+00   8.1863534e-02   2.4351876e-01  -3.1216749e-01  -6.7700423e-01  -6.4130401e-01  -1.5749243e+00  -1.6808149e+00  -1.8966755e+00  -1.9551206e+00  -2.0014643e+00  -1.8959926e+00  -2.1160518e+00  -1.9852712e+00  -1.8461809e+00
   3.0058939e+00   1.2240258e+00   2.3874309e-01   5.7825155e-01   5.6148335e-02  -6.6841085e-01  -9.2991947e-01  -1.5131191e+00  -1.8057456e+00  -1.9978103e+00  -2.2618255e+00  -2.4077520e+00  -2.0087438e+00  -2.1174789e+00  -2.4380214e+00  -2.2510605e+00
   2.4378266e+00   1.7890199e+00  -3.2384090e-02   4.8756268e-01  -7.5996919e-02  -1.8238631e-01  -8.7007180e-01  -1.3004694e+00  -1.3323403e+00  -1.3845358e+00  -1.4422456e+00  -1.4838783e+00  -1.4489121e+00  -1.5186450e+00  -1.5011135e+00  -1.3857346e+00
   2.2312633e+00   1.0642248e+00  -2.6404095e-01   6.0490394e-01   1.5294312e-01  -4.5800800e-01  -1.2293750e+00  -1.5015875e+00  -2.1547315e+00  -2.1490496e+00  -2.0531174e+00  -2.2712993e+00  -2.2288542e+00  -2.5122859e+00  -2.2346867e+00  -2.1916058e+00
   2.8638884e+00   1.3942844e+00   1.4222534e-01   5.6867423e-01  -1.3351089e-01  -9.5165163e-01  -9.8132252e-01  -1.7933001e+00  -1.9842127e+00  -1.9806679e+00  -1.8151115e+00  -2.0227836e+00  -2.2013165e+00  -2.0023988e+00  -1.9384314e+00  -2.0219811e+00
   2.8511887e+00   1.7906444e+00   3.1985805e-01   5.2739984e-01   1.4044389e-02  -3.1704744e-01  -1.2198836e+00  -1.9140258e+00  -1.8301585e+00  -1.8828906e+00  -1.9241690e+00  -2.1095246e+00  -2.3211154e+00  -2.0845228e+00  -2.0610113e+00  -1.9994278e+00
   2.4050440e+00   1.8294732e+00   5.3330283e-01   3.2394628e-01   9.8450978e-02  -1.9978555e-01  -1.2635121e+00  -1.5660603e+00  -1.6690376e+00  -1.7245650e+00  -2.0546033e+00  -2.0255451e+00  -2.1368385e+00  -2.1086661e+00  -2.1109931e+00  -2.1035097e+00
   2.6224005e+00   1.6180518e+00   5.8610292e-03   3.4781697e-01   7.6487098e-02  -2.8900086e-01  -1.0770507e+00  -1.4281167e+00  -1.5811797e+00  -1.6906310e+00  -1.9101887e+00  -1.9049969e+00  -2.1605989e+00  -2.0996930e+00  -1.9325770e+00  -1.9957979e+00
