   3.6731480e+00   1.9097876e+00   1.2694900e+00   1.4790371e+00   1.3626169e+00   6.4897911e-01   4.4729396e-01   2.9177067e-01   5.6000847e-01   8.0838601e-01   1.9018569e-01  -3.9621039e-01  -6.5766473e-01  -3.4928834e-01  -3.3974395e-01  -3.4006113e-01
   3.2244409e+00   2.4222250e+00   1.2390648e+00   7.7082238e-01   1.1244488e+00   5.1285033e-01   2.6994238e-01   1.1085762e+00   1.0102113e+00   6.5562175e-01   1.7244062e-01  -1.4979294e-01  -1.6712467e-02  -4.1949435e-02  -6.9839964e-02  -1.0651076e-01
   2.8530247e+00   1.9744645e+00   1.5074675e+00   1.2324958e+00   9.6817580e-01   5.4230791e-01   4.7544126e-01   7.3462759e-01   5.7255403e-01   5.1968879e-01   3.5643221e-01   2.1435411e-02   4.7529337e-02  -2.6409135e-01  -1.5008796e-02  -5.9800988e-02
   3.0119408e+00   2.1493685e+00   1.3010193e+00   1.7136558e+00   1.2136199e+00   5.6854575e-01   9.7451661e-01   7.2382071e-01   3.6830070e-01   2.4184339e-01  -1.1666611e-01   4.0504778e-02  -1.5723524e-01  -2.1745979e-01  -2.4856748e-01  -3.0136794e-01
   3.4312549e+00   1.9341257e+00   1.1864409e+00   1.3828350e+00   1.0920723e+00   1.0098228e+00   8.1270626e-01   6.7186957e-01   6.2763651e-01   3.9840643e-01   1.2275057e-01   2.8559885e-01   8.7996275e-02  -3.1693733e-01  -1.6574259e-01  -2.2900537e-02
   3.3927291e+00   2.8338187e+00   1.9914532e+00   1.5074642e+00   1.0863680e+00   9.7719931e-01   5.2976055e-01   5.9610419e-01   6.4755534e-01   4.5121571e-01   2.5394183e-01   2.3663582e-01  -1.6064832e-01  -3.8348138e-01  -3.5578452e-01  -3.1517361e-01
   3.3457872e+00   2.8638584e+00   1.7778522e+00   1.3702461e+00   9.5732263e-01   3.3494814e-01   8.2376597e-01   7.8025039e-01   2.2179060e-01   3.5637782e-01   6.7819140e-02  -2.2641427e-01  -1.8176772e-01  -6.5383318e-01  -5.8374736e-01  -5.5537556e-01
   2.6637394e+00   2.2590627e+00   1.7170910e+00   1.5813682e+00   7.4934120e-01   8.2211592e-01   5.4071755e-01   5.5199215e-01   5.0148270e-01   2.6026983e-01   1.9232613e-01   4.0029071e-02  -1.5930031e-01  -1.8473900e-04  -4.2790019e-02  -6.8012126e-02
   3.4859930e+00   2.1940717e+00   1.0739837e+00   1.0079525e+00   6.6919931e-01   7.2382543e-01   6.9543011e-01   8.3147355e-01   6.1811613e-01   4.2179370e-01   4.4068302e-01   3.0650254e-01  -1.7046261e-02  -6.6902517e-02  -4.8661825e-02  -1.7286261e-01
   3.4998710e+00   2.1336279e+00   1.0658781e+00   8.1963131e-01   9.3210760e-01   5.7789722e-01   6.8717151e-01   5.3898033e-01   7.6229013e-01   6.5071092e-01   5.6783999e-01  -8.2388359e-03  -2.2712654e-01  -1.5778422e-01  -2.2058282e-01  -2.0668196e-01
   2.9394350e+00   2.2302771e+00   9.2036482e-01   7.3615015e-01   7.4956780e-01   3.2450452e-01   6.4725616e-01   6.0851496e-01   5.3174787e-01   4.6466988e-01  -2.3308844e-01  -1.9441601e-01  -2.0317096e-01  -4.3884973e-01  -2.0088872e-01  -1.8941946e-01
   2.8742976e+00   2.0472478e+00   1.2738673e+00   1.1237660e+00   7.1744816e-01   4.1193949e-01   6.2464336e-01   6.9291960e-01   5.2590471e-01   3.0258496e-01   2.2330423e-01  -1.5918754e-01  -1.7509332e-01  -1.9726163e-01  -1.8320350e-01  -1.0328993e-01
   2.4451801e+00   1.9036314e+00   1.2827551e+00   9.8501091e-01   1.0080683e+00   6.9435869e-01   3.7342670e-01   1.4016456e-01   4.9192157e-02   3.4618951e-01   4.4373243e-01   7.9957759e-02  -7.4260202e-02  -2.5392864e-02  -1.2101424e-01  -4.2737975e-01
   2.9780654e+00   2.0495742e+00   1.8952257e+00   1.8132575e+00   1.1178221e+00   7.6509082e-01   3.1746760e-01   3.8536684e-01   1.4855839e-01   3.0433597e-01   3.2405427e-01   1.7670544e-01  -1.1716903e-01  -8.1407684e-02   8.7164274e-02  -6.5815593e-02
   3.1904605e+00   1.8106498e+00   1.4927636e+00   1.2655477e+00   1.1364698e+00   6.2880861e-01   6.2004063e-01   4.4621004e-01   4.5783269e-01   3.8249535e-01   6.4046326e-01   2.4187848e-01  -3.9966559e-01  -1.8337876e-01  -7.1591409e-02  -3.7282429e-01
   2.9400259e+00   1.9309357e+00   1.2922795e+00   1.3345561e+00   1.1450190e+00   6.3876749e-01   7.4651529e-01   6.6276382e-01   5.3570933e-01   6.9542991e-01   6.0851418e-01   2.1669827e-01  -2.2425717e-01  -2.3037751e-01  -1.4874671e-01  -2.1908576e-01
   3.2467241e+00   1.5951121e+00   8.7306941e-01   1.0014168e+00   8.6379287e-01   4.2718619e-01   8.6344285e-01   8.3312390e-01   7.2471240e-01   6.6634771e-01   4.1397448e-01   1.0812511e-01  -3.2551958e-02  -3.9047932e-01   4.9469650e-02   2.8418056e-02
   3.4067211e+00   2.0256102e+00   1.3349033e+00   9.4028718e-01   5.3085366e-01   3.4157882e-01   8.1304863e-01   7.5852369e-01   2.4091301e-01   4.1517865e-01   4.4457236e-01  -7.0069222e-02  -3.9402428e-01  -3.9662320e-01  -2.3751231e-01  -2.5616467e-02
   3.5341186e+00   1.6624537e+00   1.0868096e+00   6.8244477e-01   4.9691021e-01   3.3191468e-01   4.4254053e-01   7.1120728e-01   1.8931152e-01   1.2631396e-01   1.2133679e-01  -1.1139945e-01  -1.4842113e-01  -3.8745822e-01  -4.1103188e-02  -2.7047213e-01
   3.2821143e+00   1.9087368e+00   1.4285920e+00   1.0265700e+00   6.0527031e-01   8.5366768e-01   7.7195522e-01   6.8630084e-01   6.6498933e-01   5.6569662e-01   1.9434684e-01  -6.3290975e-02  -4.5637275e-02   1.7668629e-01   3.0995014e-01  -1.6082405e-01
   3.6943186e+00   1.9784608e+00   1.7274538e+00   9.1104651e-01   1.2020099e+00   5.2125466e-01   6.7563148e-01   7.1526636e-01   8.8987998e-01   7.0901902e-01   2.9919671e-01  -4.5453318e-02  -2.7450523e-01  -2.1590087e-03   2.1368257e-01  -2.8531021e-02
   3.6687789e+00   2.5125371e+00   1.2296390e+00   8.3026694e-01   9.1813360e-01   7.6345078e-02   5.5333489e-01   7.5189248e-01   5.4491693e-01   3.0974873e-01   3.7357306e-01  -3.4140311e-02  -2.5852731e-01  -4.1836023e-01  -2.7404283e-01  -3.7894849e-01
   3.1843583e+00   2.3162399e+00   1.6383511e+00   1.1771769e+00   9.5796670e-01   6.2748039e-01   5.7996922e-01   5.9747471e-01   3.7600802e-01   5.1746669e-01   1.7015558e-01   9.6808387e-03  -2.4864596e-01  -1.9640431e-01   3.0534898e-03  -3.5324007e-02
   2.5247859e+00   1.6148764e+00   1.6728468e+00   1.4243804e+00   6.6386577e-01   4.3454986e-01   4.3846034e-01   5.9501837e-01   4.9368008e-01   1.1689896e-01  -8.4494572e-02  -8.4458619e-02  -2.7476305e-01  -3.4572562e-01  -2.7817170e-01  -3.6645879e-01
   3.0276656e+00   1.9172520e+00   1.2457177e+00   1.4943261e+00   8.9213945e-01   1.0250955e+00   3.9297881e-01   4.6910025e-01   4.0909920e-01   3.5095821e-01   4.6097727e-01   1.0500400e-01  -2.1981243e-01  -1.6362175e-01  -2.5442967e-01  -2.0247577e-01
   3.2470456e+00   2.1047628e+00   1.3125415e+00   1.4027483e+00   6.1893369e-01   9.3708152e-01   6.6818175e-01   5.8849915e-01   2.1805387e-01   3.3967960e-01   4.3127252e-01   4.0532974e-02  -4.5921504e-01  -3.3656043e-01  -3.8437067e-01  -6.4750435e-01
   2.4861161e+00   2.1588951e+00   1.2212201e+00   9.8163612e-01   6.5634450e-01   6.3242238e-01   4.9892700e-01   5.8562163e-01   5.2321671e-01   5.1494266e-01   1.5969733e-01  -8.8336276e-02  -1.4272299e-01  -3.0349605e-01  -1.9946293e-01  -2.0706722e-01
   3.5921966e+00   2.8521427e+00   1.7892010e+00   9.8339858e-01   7.5150248e-01   7.2766230e-01   1.4859420e-01   3.6953104e-01   1.3901698e-01   3.6178207e-01   3.9078500e-01  -2.8857101e-01  -3.6109308e-01  -3.1376546e-01  -2.1896075e-01  -5.7087209e-01
   3.8378693e+00   2.4050117e+00   1.9157247e+00   1.5138163e+00   9.3678270e-01   5.3726045e-01   5.9878436e-01   7.1654889e-01   4.1271693e-01   3.4215736e-01   3.6653158e-01   1.3962689e-01   3.8553258e-01  -6.7532122e-02  -1.5724032e-01  -1.1036156e-01
   3.4617252e+00   2.3109244e+00   1.4998897e+00   1.2152818e+00   1.0387445e+00   5.8230138e-01   8.1219634e-01   8.0152816e-01   3.8356853e-01   5.5366173e-01   2.5655585e-01   1.0741564e+00   1.5035415e+00   8.3690183e-01   1.0741881e-01   3.3105631e-01
   2.8870109e+00   2.0249630e+00   1.2957520e+00   1.3174328e+00   1.3103087e+00   7.7360077e-01   8.2240612e-01   8.1654118e-01   4.8086137e-01   9.1162039e-01   3.3814032e-01   1.0394696e+00   1.7448987e+00   1.2031311e+00   1.9401618e-01   4.3276437e-01
   3.5048974e+00   2.2556117e+00   1.5289178e+00   1.3291679e+00   9.6972470e-01   3.3116861e-01   5.7501532e-01   3.7312501e-01   7.4384883e-01   7.3526158e-01   3.9577198e-01   1.0572493e+00   1.4716196e+00   8.8954697e-01  -2.4720831e-04   9.8415870e-02
   3.8954416e+00   2.6154565e+00   1.5344635e+00   1.7877690e+00   1.1054361e+00   2.2852592e-01   4.1510018e-01   7.9617598e-01   4.4062778e-01   6.1769768e-01   4.4377469e-01   1.1721681e+00   1.5583340e+00   9.8326974e-01   9.8155930e-02   1.0763111e-01
   3.6863179e+00   2.6797223e+00   1.7511649e+00   1.7065906e+00   1.2161344e+00   7.1993817e-01   9.1906877e-01   6.4647239e-01   6.7984290e-01   6.1405398e-01   5.3776729e-01   1.1585403e+00   1.5304764e+00   1.0011311e+00   5.7521861e-01   5.0066270e-01
   3.0233634e+00   2.9524580e+00   1.7577723e+00   1.5952491e+00   1.0582838e+00   8.5154955e-01   6.9705389e-01   6.7948508e-04   7.5215187e-02  -1.0091185e-01   2.5638624e-01   9.5311541e-01   1.4615311e+00   9.4001025e-01   2.3171323e-01   2.9993664e-01
   2.9117439e+00   2.4748958e+00   1.4651563e+00   1.6396421e+00   1.1051465e+00   6.7285690e-01   3.3314515e-01   3.8463083e-01   4.6180916e-01   5.4551680e-01   1.8808243e-01   1.0510188e+00   1.5407643e+00   1.1211079e+00   3.3759660e-01   3.1460907e-01
   3.0911085e+00   2.4003610e+00   1.4161165e+00   9.7141057e-01   8.8079958e-01   8.2390566e-01   7.7093213e-01   7.6669454e-01   4.4721121e-01   2.8055517e-01   2.4816950e-01   1.2266324e+00   1.5518263e+00   1.1091204e+00   3.5622425e-01   1.1482771e-01
   3.2181422e+00   1.9016773e+00   1.4764862e+00   1.5296219e+00   8.8311437e-01   4.5188356e-01   6.5330805e-01   4.5455594e-01   2.3287135e-01   9.4471728e-02   1.1246430e-01   1.0489481e+00   1.5712690e+00   9.1922625e-01  -1.5328392e-02   1.8242165e-01
   3.4692729e+00   1.9194079e+00   1.7820516e+00   1.2370390e+00   1.0897695e+00   1.9809053e-01   2.8200098e-01   5.5812091e-01   1.6733022e-01   2.9294854e-01   3.0969116e-01   1.0187163e+00   1.5039922e+00   1.0024989e+00   2.9854256e-01   3.2171167e-01
   3.4497218e+00   2.4174339e+00   1.7277711e+00   1.5020674e+00   1.1393038e+00   4.8280561e-01   6.7549675e-01   1.0776945e-01   4.2285576e-01   5.6651938e-01   4.6298933e-01   1.2335987e+00   1.5117783e+00   1.1354744e+00   3.4432610e-01   5.3361883e-01
   3.7203711e+00   2.7663194e+00   1.9465793e+00   1.6716933e+00   1.3499573e+00   3.4908255e-01   4.1283639e-02   3.6876177e-01   3.6667811e-01   1.8295269e-01   5.0163698e-01   1.2858777e+00   1.5095482e+00   1.0610169e+00   4.1959317e-01   2.5809126e-01
   2.8256550e+00   2.6861730e+00   1.7171336e+00   1.4296193e+00   1.1396212e+00   1.1553025e+00   3.2803830e-01   6.5170944e-01   6.3373700e-01   3.9999883e-01   4.8118539e-01   1.4300983e+00   1.3899783e+00   1.0698716e+00   4.4067279e-01   6.3169095e-03
   3.2150530e+00   2.8370377e+00   2.4391340e+00   1.3846019e+00   9.5744313e-01   8.7674920e-01   3.2782906e-01   3.3314531e-01   4.7670709e-01   3.1808230e-01   3.8254851e-01   1.7574421e+00   1.6775110e+00   1.0516336e+00   2.1965984e-01   1.8012899e-01
   3.6792179e+00   3.4723683e+00   3.0391338e+00   2.3644233e+00   1.2769993e+00   1.1164928e+00   2.9807032e-01   1.6487042e-01   4.9623361e-02   1.6925988e-01   5.0980919e-01   1.7698879e+00   1.6198248e+00   1.0078962e+00   2.3852422e-01   5.7634608e-01
   2.8942128e+00   2.2809715e+00   2.1044251e+00   1.6191434e+00   1.3142168e+00   4.7728942e-01   3.1423327e-01   8.0663768e-01   3.6636540e-01   1.7461675e-01   5.1348330e-01   1.6147273e+00   1.7711180e+00   1.1225918e+00   2.7635591e-01   3.3445567e-01
   2.9960475e+00   2.3183480e+00   2.0411001e+00   1.5622591e+00   1.3574026e+00   8.2199795e-01   7.4462850e-01   4.9734087e-01   5.3120108e-01   6.1352796e-01   4.9265610e-01   1.5229421e+00   1.8950922e+00   1.2030546e+00   3.6597506e-01   4.4053211e-01
   3.6164805e+00   2.4287275e+00   2.3165339e+00   1.5293983e+00   1.5675550e+00   6.0932061e-01   6.2631160e-01   4.8853324e-01   4.8201954e-01   2.1596901e-01   4.0380943e-01   1.5193659e+00   1.9886410e+00   1.2337144e+00   4.3763207e-01   4.6928211e-01
   3.6252378e+00   2.7063026e+00   1.8339294e+00   1.3574386e+00   1.5305603e+00   6.5353636e-01   1.4910551e-01   7.4749447e-01   5.7837161e-01   1.8875545e-01   7.9687818e-01   1.6632385e+00   2.0282992e+00   1.3348679e+00   6.4333683e-01   6.5314785e-01
   3.6496424e+00   2.4353938e+00   1.8203595e+00   1.3580678e+00   9.9017234e-01   2.4856815e-01   6.5147563e-01   7.8757332e-01   6.6038284e-01   4.8668908e-01   6.9650601e-01   1.8433219e+00   2.0420389e+00   1.2504148e+00   4.5684092e-01   5.6745922e-01
   3.6300261e+00   2.0541276e+00   1.8507502e+00   1.2019710e+00   1.2859105e+00   1.8677276e-01   6.6497957e-01   5.9086432e-01   5.3435082e-01   6.6769146e-01   8.1807351e-01   1.8803541e+00   2.1054376e+00   1.1767325e+00   3.8150423e-01   5.8862566e-01
   3.8684949e+00   2.8709616e+00   1.9853486e+00   1.3204425e+00   1.5114442e+00   2.6142281e-01   3.8164959e-01   5.2858306e-01   8.1775187e-01   7.6713434e-01   1.0705246e+00   2.0583709e+00   2.2082470e+00   1.3181068e+00   4.4828548e-01   5.5041843e-01
   3.8103882e+00   2.7844004e+00   2.2150504e+00   1.3792374e+00   1.2569632e+00   7.1465719e-01   1.1091624e+00   5.8706832e-01   5.9878000e-01   7.7091178e-01   9.5022048e-01   2.2118395e+00   2.2244544e+00   1.3194005e+00   3.8098346e-01   5.0549335e-01
   2.8402051e+00   2.5231880e+00   2.6236618e+00   1.8466737e+00   1.4259585e+00   5.1597207e-01   8.9629345e-01   5.3144840e-01   4.7734560e-01   6.2580299e-01   8.2043153e-01   2.3242312e+00   2.1245688e+00   1.3906917e+00   3.7169166e-01   3.6647436e-01
   2.9743135e+00   2.1123259e+00   2.0416523e+00   1.3065842e+00   1.3820575e+00   7.3431862e-01   7.2615991e-01   8.3427956e-01   8.9557912e-01   6.8341344e-01   6.9676282e-01   2.3382178e+00   2.0182360e+00   1.2014957e+00   2.2529201e-01   4.2987887e-01
   2.8257872e+00   1.7423245e+00   2.0672700e+00   1.0576895e+00   1.3365547e+00   4.6311863e-01   6.3030177e-01   1.1967191e+00   8.6304087e-01   6.7693788e-01   5.5678152e-01   2.3987833e+00   1.9826276e+00   1.1973865e+00   2.8704901e-01   4.6658753e-01
   2.8385921e+00   2.0214503e+00   1.9927647e+00   1.0055073e+00   1.3072620e+00   1.0932110e+00   8.2214118e-01   7.4766398e-01   7.0547506e-01   4.9665675e-01   3.7619017e-01   2.3931497e+00   1.9725318e+00   1.3108614e+00   4.6774112e-01   4.0746552e-01
   3.1538568e+00   2.3387257e+00   1.8345524e+00   1.4624242e+00   1.3789548e+00   5.3232213e-01   6.5530200e-01   8.2216653e-01   6.0756191e-01   6.6761205e-01   5.6545570e-01   2.2538015e+00   1.7958915e+00   1.2772194e+00   4.1779148e-01   4.0732375e-01
   2.9136793e+00   1.9941012e+00   2.1270922e+00   1.2304468e+00   1.4063061e+00   7.5913820e-01   6.7240485e-01   8.0720078e-01   7.2633640e-01   6.1774006e-01   8.2356136e-01   2.0814314e+00   1.9606658e+00   1.1969950e+00   3.7706270e-01   5.0679368e-01
   2.8046502e+00   1.9082335e+00   1.8249517e+00   1.1620288e+00   1.3731890e+00   7.1027686e-01   8.9291485e-01   6.3071495e-01   4.1821340e-01   4.9244012e-01   5.1636908e-01   1.8694378e+00   1.9895904e+00   9.5502053e-01   8.4984310e-02   3.8561347e-01
   2.9207086e+00   1.9218627e+00   1.6899688e+00   1.2695184e+00   1.3615640e+00   6.2171058e-01   6.2020617e-01   7.0122684e-01   5.8864109e-01   4.5090495e-01   7.6004848e-01   1.6174176e+00   2.0373384e+00   1.0834910e+00   3.8733434e-01   3.0808987e-01
   3.1950834e+00   1.4448547e+00   2.0240975e+00   1.4248487e+00   1.4584436e+00   1.1817654e+00   1.0582247e+00   6.5398218e-01   9.0963559e-01   1.9164093e-01   4.0315487e-01   1.5913408e+00   2.1030398e+00   1.1964132e+00   6.4843539e-01   3.0708018e-01
   3.4500286e+00   1.8599683e+00   1.9436652e+00   1.2196071e+00   1.6060862e+00   8.7265936e-01   8.2898146e-01   6.4199974e-01   8.6236590e-01   4.6220045e-01   6.5724281e-01   1.5470462e+00   1.9043112e+00   1.0598302e+00   5.1281555e-01   3.0112450e-01
   3.3680926e+00   2.0540805e+00   1.9782208e+00   1.4369152e+00   1.6241775e+00   7.8071055e-01   8.6023627e-01   8.0942822e-01   8.3543682e-01   3.2684335e-01   7.4984570e-01   1.4752557e+00   1.7626037e+00   9.7066757e-01   7.0986187e-02   1.5579120e-01
   3.8222006e+00   2.8634804e+00   2.1112237e+00   1.2199887e+00   1.9061893e+00   1.1215727e+00   7.9244886e-01   6.1310127e-01   4.9109658e-01   5.2541732e-01   6.6393331e-01   1.3949154e+00   1.6851606e+00   9.9047485e-01   2.9684085e-01   2.6720399e-01
   3.6502742e+00   2.2167834e+00   2.1650891e+00   1.5016406e+00   2.1855628e+00   1.0250521e+00   1.1504870e+00   8.1109292e-01   7.1295452e-01   4.9007111e-01   7.5559387e-01   1.2424879e+00   1.5723603e+00   1.0079148e+00   2.1508461e-02   8.2436256e-02
   3.3459103e+00   1.7201330e+00   1.9765424e+00   1.5756507e+00   2.3533655e+00   1.1961029e+00   1.0150106e+00   7.4644181e-01   9.1866249e-01   4.0393297e-01   8.8868509e-01   1.2122823e+00   1.4894933e+00   9.6759477e-01   7.0880654e-02   1.1741562e-01
   3.7435730e+00   1.6467683e+00   1.9247728e+00   1.1419982e+00   2.2940406e+00   1.1752605e+00   7.6872545e-01   4.3842309e-01   5.7504603e-01   4.7139090e-01   9.4466544e-01   1.1357809e+00   1.2012123e+00   8.5687191e-01   4.1608847e-02  -1.4916191e-01
   3.3727012e+00   2.1324709e+00   2.0516113e+00   1.1212963e+00   2.3329252e+00   9.6288227e-01   7.8549768e-01   7.8571093e-01   6.7399877e-01   3.7011717e-01   8.7037332e-01   8.9174241e-01   9.4644034e-01   6.3712657e-01  -2.6607013e-01  -4.7120858e-01
   3.0694179e+00   1.3922289e+00   1.7773465e+00   8.7158442e-01   2.2117908e+00   1.0625602e+00   1.1202335e+00   9.6190379e-01   6.1376631e-01   6.3018345e-01   7.8531370e-01   7.8380691e-01   8.1304599e-01   2.3153697e-01  -3.4490589e-01  -2.1813507e-01
   2.8599020e+00   1.5306870e+00   1.9337534e+00   7.7836885e-01   2.2056848e+00   1.1971349e+00   1.0986305e+00   6.5658832e-01   7.5186303e-01   4.6513700e-01   3.9294645e-01   2.6168253e-01   3.1491758e-01   5.9748619e-02  -1.4627384e-01  -2.2020196e-01
   3.2688270e+00   1.9245024e+00   1.8874240e+00   1.2561101e+00   1.9637029e+00   6.7431560e-01   8.4471143e-01   5.9017969e-01   6.6639059e-01   6.1683817e-01   3.5386715e-01  -1.0661404e-02   5.2293829e-01  -1.2356236e-01  -1.2520619e-01  -4.2899808e-01
   2.1606421e+00   1.6104810e+00   2.1079685e+00   1.2801438e+00   1.6782966e+00   6.8696456e-01   7.3494755e-01   5.7132295e-01   7.8127476e-01   7.5084166e-01   4.3342168e-01  -1.6007471e-01  -5.0536157e-02  -8.0155872e-02   1.0163341e-01  -2.1669070e-01
   2.1889757e+00   1.6263067e+00   1.7358918e+00   1.0224375e+00   1.2492107e+00   1.0428864e+00   8.8161889e-01   4.8808207e-01   3.6530078e-01   6.8408023e-01   2.4074883e-01  -6.4923407e-02   6.7423674e-01  -1.5215349e-01  -3.1783284e-01  -1.9072675e-01
   2.9822876e+00   1.8249693e+00   1.7527094e+00   1.2261131e+00   1.2779087e+00   9.8281549e-01   5.8803428e-01   6.0345441e-01   1.5657735e-01   5.3529609e-01   2.5400440e-01   1.4847626e-01   1.3878540e-01  -4.8576420e-01  -4.0787897e-01  -5.3285096e-01
   2.7731446e+00   1.6275020e+00   1.0224416e+00   1.3683956e+00   7.3257617e-01   8.5090788e-01   7.5101403e-01   6.1144860e-01   3.3137230e-01   3.2680862e-01  -1.8041834e-01  -4.1071259e-01   6.6112983e-02  -2.6565876e-01  -6.9224321e-01  -7.1366007e-01
   2.3437141e+00   1.3049004e+00   1.5386876e+00   1.0683486e+00   6.8633116e-01   3.5485341e-01   7.3378128e-01   8.2669495e-01   7.0517165e-01   5.1640415e-01   6.1871177e-02  -1.6411218e-01   1.1669037e-01  -3.8774636e-02  -4.0635590e-01  -4.6619136e-01
   3.3802204e+00   1.8508651e+00   1.4360412e+00   1.7044766e+00   6.1939409e-01   6.5287301e-01   4.5426897e-01   7.5222638e-01   8.1250112e-01   4.5313319e-01  -5.2598258e-02  -2.8392672e-01  -1.3944095e-01  -7.3155129e-02  -3.6628882e-01  -5.3937347e-01
   3.6041760e+00   1.6840316e+00   6.1617650e-01   1.0835103e+00   7.5464279e-01   6.5072192e-02   3.4077180e-01   7.6058003e-01   4.3529433e-01   2.8416982e-01  -2.2908883e-01  -3.1786644e-01  -4.1221577e-02  -1.5597025e-01  -4.4599551e-01  -4.4592483e-01
   2.9524898e+00   1.8131658e+00   8.8313528e-01   1.2487971e+00   1.1032905e+00   8.4510971e-01   5.3709985e-01   6.1913705e-01   6.7631409e-01   6.9936359e-01   3.7142157e-01   1.8235478e-01   1.7952375e-01   7.5054693e-02   1.1321567e-01   4.8770234e-02
   3.2700983e+00   1.3464533e+00   6.8638265e-01   1.2890923e+00   1.2763391e+00   1.0607659e+00   7.2005869e-01   4.1189644e-01   4.0037408e-01   3.0208512e-01   1.8525141e-01   8.1860134e-02  -1.3960193e-01  -1.6810016e-01  -1.6374609e-01  -5.6533490e-01
   3.1778679e+00   1.4543927e+00   1.0296137e+00   1.0830707e+00   8.3484909e-01   7.7826470e-01   5.9950384e-01   8.1078397e-01   5.0043033e-01  -1.4021651e-01  -2.3344199e-01  -2.8306182e-01  -3.4207761e-01  -4.3533589e-01  -4.2310264e-01  -4.6534649e-01
