   1.9908866e+00   6.9288352e-01   6.8933234e-01   1.9719654e-01  -1.4033216e-01  -2.0592205e-02  -4.3929118e-01  -9.1580342e-01  -9.0775482e-01  -1.3168052e+00  -1.3873589e+00  -1.6473302e+00  -1.6987058e+00  -1.5876540e+00  -1.6894046e+00  -1.8226861e+00
   2.9089797e+00   1.4691213e+00   8.1201901e-01   3.4929612e-01   4.8076293e-02  -1.7648787e-01  -8.1681180e-01  -8.2407092e-01  -1.0341310e+00  -1.1516242e+00  -1.3698225e+00  -1.5133446e+00  -1.6953920e+00  -1.3469441e+00  -1.3143004e+00  -1.3092728e+00
   2.8910971e+00   1.5580811e+00   7.3170014e-01   8.5217338e-01   3.5946961e-01  -1.6262155e-01  -6.8177694e-01  -3.7088270e-01  -8.6027600e-01  -1.0748634e+00  -1.2105260e+00  -1.4040355e+00  -1.6318775e+00  -1.6178984e+00  -1.6257142e+00  -1.7381683e+00
   2.6953498e+00   1.6068633e+00   7.5240244e-01   7.2584266e-01   3.3900365e-01   4.2158422e-01  -3.1365715e-01  -4.3443193e-01  -6.3661167e-01  -1.0040126e+00  -1.0506734e+00  -1.0706355e+00  -1.2046136e+00  -1.1841933e+00  -1.1836882e+00  -1.1367247e+00
   3.1398116e+00   1.7405983e+00   4.7522687e-01   3.2411599e-01   1.9586518e-01  -1.8646174e-01  -1.3925839e-01  -5.3885609e-01  -1.0050374e+00  -1.1189623e+00  -1.7007642e+00  -1.7594418e+00  -1.7546173e+00  -1.6073395e+00  -1.6992201e+00  -1.8088149e+00
   2.7281006e+00   1.8940468e+00   1.0760032e+00   3.3341818e-01   3.7133679e-01   8.3240334e-02  -2.4435786e-01  -2.6167621e-01  -5.3904113e-01  -8.4862803e-01  -1.0691557e+00  -1.0173686e+00  -1.0710706e+00  -1.0792024e+00  -1.0353138e+00  -1.0384207e+00
   2.1820072e+00   2.1077766e+00   1.3999793e+00   7.9586292e-01   2.7214077e-01   3.3657855e-01  -7.3015158e-02  -5.2216104e-01  -8.8637699e-01  -1.0445521e+00  -1.7471197e+00  -1.8953403e+00  -1.8132307e+00  -1.6120498e+00  -1.8771956e+00  -2.0075145e+00
   2.1559608e+00   1.2830204e+00   8.3652774e-01   2.3678690e-01  -9.8254510e-03   2.5678004e-01  -5.4615940e-01  -5.7901003e-01  -5.9932058e-01  -1.0222375e+00  -1.3665804e+00  -1.4479098e+00  -1.3544025e+00  -1.3263797e+00  -1.4355729e+00  -1.5473118e+00
   2.2230673e+00   5.1013344e-01   6.8018623e-01   9.4588268e-01   3.7084260e-01  -2.5130736e-01  -5.9254795e-01  -8.0694239e-01  -1.1278572e+00  -1.2291852e+00  -1.5675047e+00  -1.7631550e+00  -1.4278954e+00  -1.8154280e+00  -1.7687707e+00  -1.8666924e+00
   2.1487219e+00   9.5960518e-01   1.0120866e+00   1.1039123e+00   5.5468182e-01   3.7223163e-01  -7.0496046e-01  -6.5046129e-01  -7.0893851e-01  -1.1014994e+00  -1.3339112e+00  -1.3492990e+00  -1.5760796e+00  -1.4147193e+00  -1.4744062e+00  -1.6282655e+00
   2.9495292e+00   1.0027332e+00   3.9474765e-01   6.2830669e-01  -1.3291021e-01  -1.5353123e-01  -4.6736628e-01  -7.9503220e-01  -7.2200165e-01  -1.4939580e+00  -1.5184211e+00  -1.4924589e+00  -1.8930051e+00  -1.5509376e+00  -1.6191267e+00  -1.7301343e+00
   1.8140988e+00   1.1120010e+00   8.3413955e-01   1.2355379e-01  -5.9081680e-02   1.0394227e-01  -3.2674928e-01  -6.1839838e-01  -9.5908451e-01  -9.4045035e-01  -8.9396670e-01  -1.0415962e+00  -1.0433067e+00  -9.9976099e-01  -1.0307268e+00  -9.9611955e-01
   2.9465165e+00   1.9136409e+00   7.4416393e-02  -3.2224087e-01   2.8150161e-01   2.0323583e-01  -5.5266839e-01  -8.5799247e-01  -1.3651579e+00  -1.7343592e+00  -1.5900062e+00  -1.5914155e+00  -1.6496331e+00  -1.7705692e+00  -1.8375648e+00  -1.8155029e+00
   2.1675078e+00   1.3040519e+00   6.7917712e-01   3.9697707e-01   4.5316552e-01  -1.5412983e-01  -1.8436040e-01  -4.7555425e-01  -1.1960981e+00  -1.1470940e+00  -1.2937045e+00  -1.4857517e+00  -1.6162660e+00  -1.7022690e+00  -1.6473363e+00  -1.7114340e+00
   2.4652542e+00   1.0986388e+00   1.1148732e+00   5.9316414e-01   5.9541279e-01   4.8134091e-01  -3.1045368e-01  -5.6370268e-01  -8.7383501e-01  -1.1868716e+00  -1.3641139e+00  -1.5107317e+00  -1.5411883e+00  -1.4608073e+00  -1.7486393e+00  -1.7340011e+00
   2.5224960e+00   1.8510852e+00   8.2035993e-01   5.8742885e-01   6.6480623e-01   3.2092249e-01  -7.1349775e-01  -4.8887464e-01  -9.5769108e-01  -1.3136848e+00  -1.5542958e+00  -1.6552848e+00  -1.5964773e+00  -1.4697856e+00  -1.7680605e+00  -1.9870397e+00
   2.4398782e+00   1.2047955e+00   4.5410352e-01  -1.0861828e-01   4.9820160e-01  -6.9873991e-02  -9.1136101e-01  -4.3598989e-01  -8.3436538e-01  -1.2877188e+00  -1.3086724e+00  -1.5101764e+00  -1.6440097e+00  -1.4740506e+00  -1.9189843e+00  -2.0116745e+00
   1.2024592e+00   1.1585618e+00   1.1064658e+00   5.0871239e-01   7.3109435e-01   2.5096224e-01  -4.9950653e-01  -2.0988550e-01  -5.0865439e-01  -1.2129557e+00  -1.2132152e+00  -1.3989168e+00  -1.6267422e+00  -1.5479531e+00  -1.5541423e+00  -1.7995816e+00
   1.7150364e+00   1.4276167e+00   8.6606495e-01   4.6377177e-01   1.8755611e-01   2.0296474e-01  -3.2706412e-01  -8.0485933e-01  -8.5355237e-01  -1.0522163e+00  -1.2309539e+00  -1.5182710e+00  -1.5070006e+00  -1.5142984e+00  -1.5433315e+00  -1.5369671e+00
   2.7576467e+00   1.4349587e+00  -2.8794472e-02   6.8916547e-01   7.3766805e-01   3.8270065e-01  -1.7707999e-01  -5.1443257e-01  -9.5330311e-01  -1.5254254e+00  -1.5619994e+00  -1.5496611e+00  -1.7836470e+00  -1.9473182e+00  -1.6585991e+00  -1.7412338e+00
   2.3067808e+00   1.3431408e+00   2.7719773e-01   4.7154276e-01   2.2293598e-01   2.3911677e-01  -1.4635159e-01  -8.6275595e-01  -1.1996670e+00  -1.7625264e+00  -1.4854534e+00  -1.4529300e+00  -1.7298987e+00  -1.5938524e+00  -1.7657882e+00  -1.9634619e+00
   2.1168129e+00   1.3291114e+00   8.9294049e-01   1.0414703e-01   2.8513523e-01  -4.7978558e-02  -4.6780967e-01  -7.4276535e-01  -8.4612272e-01  -1.1743174e+00  -1.3133087e+00  -1.3699336e+00  -1.2511796e+00  -1.3259812e+00  -1.4012012e+00  -1.4297956e+00
   2.8741842e+00   1.7780503e+00   7.7425296e-01   9.0184018e-02   1.1162329e-01   1.0014799e-01  -3.1599410e-01  -4.2701581e-01  -6.1604843e-01  -1.1000150e+00  -1.7295579e+00  -1.6869114e+00  -1.5036024e+00  -1.4318938e+00  -1.4821789e+00  -1.9323875e+00
   2.2571753e+00   1.0306332e+00   8.1187394e-01   4.0972739e-01   8.2533961e-02  -4.7931353e-02  -6.1609267e-01  -4.8070049e-01  -6.8959962e-01  -1.3123612e+00  -1.6239448e+00  -1.8210601e+00  -1.4224742e+00  -1.6171155e+00  -1.6770686e+00  -1.8428839e+00
   2.7057295e+00   1.5199002e+00   1.1042528e+00   3.5518742e-01   1.0364857e-01   5.2003112e-03  -6.0065698e-02  -6.2202583e-01  -1.2085421e+00  -1.4926263e+00  -1.4629149e+00  -1.6677780e+00  -1.6623005e+00  -1.5593777e+00  -1.5398422e+00  -1.7970988e+00
   3.2185031e+00   1.9899967e+00   1.0060969e+00   6.5676940e-01   5.6071577e-01   5.9858491e-02  -8.8134020e-01  -9.1009589e-01  -1.0350855e+00  -1.0987544e+00  -1.3732344e+00  -1.4001247e+00  -1.3529941e+00  -1.4847161e+00  -1.4855347e+00  -1.5619676e+00
   2.8134856e+00   1.6713076e+00   4.1108279e-01   6.7971361e-01   9.0389157e-01   6.8983980e-01   7.2297450e-01   9.2350080e-01   6.9392585e-01   4.6145987e-01   1.7186307e+00   2.0047862e+00   1.1720294e+00   1.4725903e+00   5.9900469e-01   6.0627773e-02
   2.7807806e+00   1.8850079e+00   1.1668241e+00   1.0210367e+00   9.8740719e-01   1.2855791e+00   1.9228896e+00   1.7637113e+00   1.0512715e+00   1.0269437e+00   2.4768105e+00   2.4985703e+00   1.8087729e+00   2.1721054e+00   1.5098283e+00   8.9510199e-01
   2.3377336e+00   1.3290497e+00   1.0063664e+00   9.8314877e-01   1.1775161e+00   1.4936247e+00   2.4113402e+00   2.1296050e+00   1.3761608e+00   1.7927922e+00   2.8117510e+00   3.0530012e+00   2.4230634e+00   2.8472765e+00   2.3210609e+00   1.7919622e+00
   2.2726261e+00   1.7823206e+00   6.5039522e-01   1.1408116e+00   1.4139074e+00   1.0129335e+00   2.0567826e+00   2.0119220e+00   1.3189863e+00   1.6373501e+00   2.6433039e+00   2.8175556e+00   2.3716881e+00   2.5891060e+00   2.1112507e+00   1.2493752e+00
   2.5148081e+00   1.9193642e+00   9.9183066e-01   1.0951253e+00   1.4293768e+00   1.3933545e+00   1.6548544e+00   1.8540164e+00   1.2664700e+00   1.0813490e+00   2.7491724e+00   2.4135575e+00   1.7219572e+00   1.8322920e+00   9.1874808e-01   3.0978271e-01
   2.4937298e+00   1.5560885e+00   8.6678345e-01   1.1255085e+00   1.4958997e+00   1.4274384e+00   1.5549601e+00   1.8242516e+00   1.1926165e+00   6.3433891e-01   2.4929941e+00   2.2174747e+00   1.3027846e+00   9.2400424e-01   1.5774855e-01  -4.1325721e-01
   2.3332116e+00   1.6460734e+00   1.1609004e+00   6.5676154e-01   1.6128231e+00   1.2246711e+00   1.4945627e+00   1.9406666e+00   1.1210677e+00   6.6737244e-01   2.2347205e+00   2.1809992e+00   1.2677637e+00   9.9124815e-01   1.6111063e-01  -7.4624231e-01
   2.6831313e+00   1.7707658e+00   1.3530091e+00   4.5507726e-01   1.5819487e+00   1.1323715e+00   1.2622987e+00   1.8461135e+00   8.1964826e-01  -3.0676762e-02   1.6065129e+00   1.8911180e+00   1.0773055e+00   1.1056776e+00   1.7808145e-01  -2.4259566e-01
   1.8794544e+00   1.5048528e+00   1.0845952e+00   5.3493341e-01   1.3781062e+00   3.5077426e-01   6.1562846e-01   1.4812391e+00   2.2317493e-01   7.1374764e-01   1.0105359e+00   1.6469693e+00   8.8279848e-01   5.9350630e-01  -1.1961690e-01  -3.2093812e-01
   2.0857645e+00   1.3590265e+00   7.7878561e-01   6.2349125e-02   1.3327020e+00   6.9632184e-01   3.6800735e-01   5.6873336e-01  -4.2580527e-01   1.0617054e-01   8.7598755e-01   1.2652260e+00   6.9739280e-01   4.9883513e-01  -5.5410002e-01  -3.1557003e-01
   2.8609153e+00   1.8846877e+00   5.9759234e-01   2.6388554e-01   9.3565055e-01   3.6467466e-01   3.3419374e-02  -8.8068338e-02  -8.4867035e-01  -3.5677490e-01   4.0470056e-01   9.4370088e-01   4.7582838e-01   4.5737254e-01  -5.7425393e-01  -4.6501583e-01
   2.9708948e+00   9.1752496e-01   4.8282550e-01   5.6358610e-01   1.3420355e-01   8.3049641e-02   1.1483454e-01  -4.6448372e-01  -9.2100002e-01  -7.1020792e-01  -4.4449423e-01   2.4985130e-01  -3.6874733e-01  -1.9035957e-01  -1.0571142e+00  -8.5394943e-01
   2.6345270e+00   9.7653470e-01   4.8513005e-01   1.8204293e-01   2.7495971e-01   1.4969559e-01  -5.8252561e-01  -3.8263812e-01  -7.9268146e-01  -1.2106811e+00  -1.4317040e+00  -1.1734078e+00  -1.4409796e+00  -1.6350564e+00  -1.4986029e+00  -1.3147412e+00
   2.2304598e+00   7.4567137e-01   1.6657333e-01   5.6427401e-01   5.4618622e-01   9.2973752e-02  -4.9053689e-01  -7.3530768e-01  -8.1464401e-01  -1.0702546e+00  -1.4371614e+00  -1.6810492e+00  -1.5193893e+00  -1.5550166e+00  -1.7748852e+00  -1.6462308e+00
   2.6949644e+00   1.0539554e+00   6.1917315e-01   6.5180257e-01   6.6273512e-01   2.9979893e-01  -2.6783679e-01  -7.9505421e-01  -1.0329060e+00  -1.3605985e+00  -1.2247962e+00  -1.3114336e+00  -1.3074399e+00  -1.3638558e+00  -1.4315253e+00  -1.4778225e+00
   2.2024210e+00   1.6588030e+00   1.3923109e+00   3.2716350e-01   4.7188952e-01   2.0665898e-01  -1.9085073e-01  -7.7526792e-01  -8.9556100e-01  -1.4255229e+00  -1.3444359e+00  -1.6959623e+00  -1.7417835e+00  -1.7026353e+00  -1.9672405e+00  -1.8463605e+00
   2.2791899e+00   1.8185601e+00   6.0341904e-01   4.9686315e-02  -1.3320201e-01   2.4774671e-02  -5.4884699e-01  -5.2682185e-01  -6.0735993e-01  -1.7929767e+00  -1.6514736e+00  -2.1325054e+00  -1.6776701e+00  -1.5981377e+00  -1.9246018e+00  -1.7617350e+00
   2.0347014e+00   1.1456900e+00   5.4948343e-01   1.7357140e-01   7.4280186e-02  -4.1974970e-02  -2.5688875e-01  -4.0042025e-01  -6.0234408e-01  -1.4747871e+00  -1.8106709e+00  -1.6115714e+00  -1.6395505e+00  -1.6843041e+00  -1.5795703e+00  -1.7163621e+00
   2.4475730e+00   1.7665191e+00   1.2531480e+00   4.5598116e-01   1.6220934e-01   2.1654009e-01  -3.0701599e-01  -5.0562984e-01  -7.4160854e-01  -1.3462930e+00  -1.6483627e+00  -1.4408164e+00  -1.3715019e+00  -1.6951493e+00  -1.6410033e+00  -1.6447308e+00
   2.1626780e+00   1.1803188e+00   1.1338838e+00   4.3868612e-01   8.2218312e-01   1.2159193e-01  -5.3765156e-01  -6.7328587e-01  -6.0055840e-01  -1.2719830e+00  -1.5885568e+00  -1.3240272e+00  -1.3739319e+00  -1.5086213e+00  -1.4630580e+00  -1.5677755e+00
   2.4197886e+00   1.3466663e+00   7.0912902e-01   2.4226259e-01   1.1313969e-01   4.7709000e-02  -6.0532491e-01  -1.0146476e+00  -1.0449836e+00  -1.1368368e+00  -1.0951533e+00  -1.3080823e+00  -1.5080369e+00  -1.5213729e+00  -1.7753066e+00  -1.9832020e+00
   2.2739973e+00   1.5915436e+00   9.0933211e-01   7.5110980e-01   4.8133163e-01   3.1602805e-01  -3.1263110e-01   4.1424796e-02  -9.2934869e-04   1.6177629e-01   1.2963630e-03  -9.8061615e-01  -1.1546506e+00  -1.2101451e+00  -1.1337804e+00  -1.4105005e+00
   2.7172439e+00   1.8945084e+00   6.7212461e-01   3.5166287e-01   2.1635876e-01   4.9752883e-02  -3.7547888e-01  -3.2232878e-01  -5.2147980e-01  -5.7159200e-02  -4.7381340e-02  -5.2708795e-01  -1.0183001e+00  -7.9748408e-01  -7.1783914e-01  -8.7076979e-01
   2.2556154e+00   1.1949935e+00   1.2944273e+00   7.8421777e-01   2.2704522e-01   2.8828627e-02  -4.4848788e-01  -8.0270393e-01  -9.2589494e-01  -6.8064038e-01  -3.5361734e-01  -3.5919880e-01  -8.3356436e-01  -1.8825440e-01  -3.2128818e-01  -4.8384392e-01
   2.4778161e+00   1.7686925e+00   1.0568421e+00   6.6011984e-02   2.7173050e-01   3.2980924e-01  -5.4207007e-01  -6.0640381e-01  -5.5633322e-01  -7.5246439e-01  -4.1534277e-01  -1.6805557e-01  -8.0166016e-01  -2.7591215e-01  -4.8903949e-01  -3.7941012e-01
   2.1934391e+00   1.7569784e+00   1.2691879e+00   5.5061587e-01   5.2424441e-01   6.0110756e-02  -6.1799833e-01  -3.5272951e-01  -5.7342076e-01  -9.3662459e-01  -2.2076186e-01  -4.9033446e-01  -9.5913828e-01  -4.2347548e-01  -3.5764427e-01  -2.7186993e-01
   2.4138274e+00   1.8364920e+00   7.0611617e-01   5.3180628e-01   1.7641159e-01  -1.6621681e-01  -3.0665358e-01  -4.2474512e-01  -6.8321776e-01  -1.0142626e+00  -5.9988387e-01  -7.9143768e-01  -8.2018646e-01  -6.5762628e-01  -7.5213680e-01  -4.6412027e-01
   2.3041893e+00   1.3718740e+00   2.0955953e-01  -3.3482951e-01   4.9068804e-02  -2.6343076e-01  -5.1945317e-01  -6.2067670e-01  -4.4252187e-01  -1.0561004e+00  -7.2390743e-01  -7.3377656e-01  -1.0682969e+00  -1.0376980e+00  -1.1791421e+00  -8.9732960e-01
   2.1290955e+00   1.5510122e+00   9.5800906e-01   2.8756397e-01  -2.2609464e-01   6.2544992e-02  -2.6889800e-01  -3.8719319e-01  -7.6411564e-01  -1.1741911e+00  -7.9432101e-01  -8.6626348e-01  -1.1878506e+00  -1.0221341e+00  -1.1010838e+00  -1.0160296e+00
   2.0093255e+00   1.4723016e+00   8.2053708e-01   3.5276022e-01   8.3121693e-02  -1.8895439e-01  -3.4329779e-01  -3.1005883e-01  -8.1689395e-01  -1.3028233e+00  -1.1319346e+00  -1.0834977e+00  -1.1610743e+00  -9.7314879e-01  -1.0813360e+00  -9.1679936e-01
   2.1602112e+00   1.0063592e+00   5.2176806e-01   1.0026335e+00   1.9996714e-01  -2.7532637e-01  -5.5322590e-01  -8.0123494e-01  -1.0428535e+00  -1.2965785e+00  -1.0272982e+00  -1.0806791e+00  -1.2008573e+00  -1.4407627e+00  -1.2712324e+00  -1.0129277e+00
   1.6756155e+00   1.1991760e+00   1.1259555e+00   8.8456348e-01   4.4502427e-01   1.6421976e-01  -5.6099370e-01  -1.0793589e+00  -9.7685682e-01  -9.4099355e-01  -1.1142568e+00  -1.2749028e+00  -1.1579874e+00  -1.1915594e+00  -1.2791556e+00  -1.0997057e+00
   2.4824454e+00   1.3048416e+00   6.1000801e-01   6.7436412e-01   2.4630540e-01  -2.5347580e-01  -2.7299954e-01  -1.0454543e+00  -1.1490231e+00  -9.5310344e-01  -1.2420182e+00  -1.3382856e+00  -1.3114413e+00  -1.2856084e+00  -1.2675809e+00  -1.2750655e+00
   2.1567997e+00   1.3223818e+00   9.3445759e-01   6.8796471e-01   3.3825464e-01   1.9841776e-01  -4.4961052e-01  -8.1778959e-01  -1.0784897e+00  -1.0650249e+00  -1.0187684e+00  -1.1882214e+00  -1.4145479e+00  -1.2198097e+00  -1.3565036e+00  -9.9240104e-01
   2.0774836e+00   1.0668255e+00   1.3719533e+00   4.5517771e-01   2.8069959e-01   9.1881153e-02  -6.0668539e-01  -5.2344971e-01  -4.5226743e-01  -1.0594565e+00  -9.8330816e-01  -1.2123366e+00  -1.4734906e+00  -1.2826213e+00  -1.2366237e+00  -1.1553119e+00
   1.9181544e+00   8.8192209e-01   3.6526323e-01   5.8710831e-01   6.0711939e-01   3.4280043e-01  -7.3592266e-01  -5.3444199e-01  -6.2038955e-01  -9.7470298e-01  -9.9172677e-01  -1.2183348e+00  -1.3495442e+00  -1.0916643e+00  -1.2612558e+00  -1.0698627e+00
   2.3126680e+00   1.2164846e+00   5.6788892e-01   3.1879577e-01   3.4249189e-01   1.7637303e-01  -4.9469859e-01  -4.1444007e-01  -6.7253798e-01  -1.3009927e+00  -1.3441694e+00  -1.3949001e+00  -1.5514095e+00  -1.3700371e+00  -1.2230169e+00  -1.0885958e+00
   2.0648840e+00   1.8836456e+00   8.9261954e-01   5.7144837e-01   7.3451734e-01   4.4216991e-01   8.5118685e-02  -5.6276445e-01  -1.0489673e+00  -1.1464912e+00  -1.2690303e+00  -1.5094248e+00  -1.3441015e+00  -1.0990211e+00  -1.1093030e+00  -9.9705177e-01
   2.2901732e+00   1.7264348e+00   1.0664085e+00   3.4518736e-02   4.9029683e-01   3.1512897e-01  -2.2441639e-01  -9.4532854e-01  -1.2630352e+00  -1.3947668e+00  -1.4553141e+00  -1.4365781e+00  -1.5119603e+00  -1.5967341e+00  -1.3418069e+00  -1.1165000e+00
   2.3726685e+00   1.6197759e+00   1.0072243e+00   3.8180508e-01   1.6533322e-01   4.4262370e-01  -5.5665277e-01  -9.6545861e-01  -9.0200080e-01  -1.2660377e+00  -1.4120847e+00  -1.5025698e+00  -1.4150991e+00  -1.4572186e+00  -1.7033265e+00  -1.3580885e+00
   1.9013131e+00   1.7116357e+00   1.5013591e+00   6.8690592e-01   2.6560850e-01   3.4732927e-01  -4.2633363e-01  -8.6945751e-01  -7.1343951e-01  -1.1790636e+00  -1.5864559e+00  -1.4359184e+00  -1.5238805e+00  -1.4801274e+00  -1.5926241e+00  -1.2936239e+00
