   2.7312854e+00   1.6586312e+00   5.6443916e-01   1.6157381e-01   1.5062420e-01  -5.8568505e-01  -4.5524507e-01  -1.1239291e+00  -1.5578155e+00  -1.7668930e+00  -1.8603082e+00  -2.1394953e+00  -2.1803248e+00  -2.1144020e+00  -2.0968140e+00  -1.9457284e+00
   3.4226629e+00   1.7747921e+00   5.0217758e-01   3.3319773e-01  -7.8965478e-02  -3.9379954e-01  -5.6407287e-01  -1.0570348e+00  -1.7594784e+00  -2.0984610e+00  -1.9634638e+00  -2.2019072e+00  -2.2987954e+00  -2.2930558e+00  -2.2304545e+00  -2.1044636e+00
   3.0686244e+00   9.2035340e-01   2.4022266e-01  -6.2107185e-02  -3.8353710e-01  -9.9230947e-01  -6.8979020e-01  -1.3737752e+00  -1.9593871e+00  -2.2188448e+00  -2.1291449e+00  -2.1507958e+00  -2.0981340e+00  -2.0535936e+00  -2.0832433e+00  -1.9199348e+00
   2.9402455e+00   1.0831269e+00   3.3572662e-01  -2.0544325e-01  -2.3977458e-01  -4.6843963e-01  -6.7029541e-01  -1.3542464e+00  -1.3941717e+00  -1.5583860e+00  -1.5661969e+00  -1.5658287e+00  -1.6043070e+00  -1.6126666e+00  -1.5834611e+00  -1.5152039e+00
   2.6733938e+00   1.4499245e+00   1.6391008e-01   1.1738007e-01  -3.0415675e-01  -5.5838360e-01  -7.7750914e-01  -1.2891208e+00  -1.8089973e+00  -2.0208431e+00  -2.2156334e+00  -2.1171076e+00  -2.1530905e+00  -2.2428885e+00  -2.0910212e+00  -1.8698787e+00
   2.9974896e+00   1.9767444e+00   5.4664553e-01   2.5762978e-01  -5.5306465e-01  -4.7732237e-01  -1.2082594e+00  -1.4283879e+00  -2.1386878e+00  -2.2203744e+00  -2.3453687e+00  -2.2986427e+00  -2.5895979e+00  -2.4619041e+00  -2.3647840e+00  -2.1568281e+00
   2.5927240e+00   9.4551514e-01   3.2054503e-01  -1.6974230e-01  -3.6352949e-01  -2.7101373e-01  -7.8250379e-01  -1.3240451e+00  -1.9712339e+00  -2.0617257e+00  -1.9584770e+00  -2.2024171e+00  -2.2532898e+00  -2.1815118e+00  -2.2091242e+00  -1.9976009e+00
   2.8919937e+00   1.6758086e+00   4.3013770e-01  -9.1229844e-02  -4.2260559e-01  -3.5879851e-01  -8.4170491e-01  -1.2524782e+00  -1.5709829e+00  -1.8263008e+00  -1.7988773e+00  -1.9091637e+00  -1.9240033e+00  -1.8602903e+00  -1.7986414e+00  -1.6957132e+00
   2.1631587e+00   1.3366946e+00   1.4255465e-01  -5.2990795e-01  -7.6455442e-01  -4.9906331e-01  -5.6092456e-01  -1.3817053e+00  -1.7434879e+00  -2.3445818e+00  -2.4051708e+00  -2.5865069e+00  -2.3459481e+00  -2.3243620e+00  -2.0762920e+00  -1.9729275e+00
   2.6695748e+00   1.6606696e+00   2.2859065e-01   4.0218248e-01  -4.5882148e-01  -1.0914436e+00  -1.1444787e+00  -1.4372701e+00  -1.7200673e+00  -2.0958954e+00  -2.2519239e+00  -1.9464092e+00  -2.1508947e+00  -1.9979187e+00  -2.0694296e+00  -1.9932921e+00
   2.2208627e+00   1.6262205e+00  -3.5697063e-02   1.9666262e-02  -1.9885274e-01  -8.3656966e-01  -7.8871982e-01  -1.4583636e+00  -1.9118634e+00  -2.0374830e+00  -2.1333490e+00  -2.3349177e+00  -2.5637924e+00  -2.2583068e+00  -2.4232345e+00  -2.1730837e+00
   2.1651772e+00   9.2984675e-01  -2.4472903e-01   9.3882755e-02  -4.7337789e-01  -8.1050803e-01  -7.2076651e-01  -9.8020029e-01  -1.4738368e+00  -1.6610486e+00  -1.7643346e+00  -1.8812355e+00  -1.9052946e+00  -1.8673953e+00  -1.8440558e+00  -1.8243510e+00
   2.6430917e+00   1.4088336e+00   6.1509385e-02   3.8400003e-01  -2.1757442e-01  -8.1729674e-01  -5.9914610e-01  -1.2726535e+00  -1.5722754e+00  -1.9337087e+00  -1.8928429e+00  -1.9286840e+00  -1.9546208e+00  -1.8988202e+00  -1.9873035e+00  -1.8584637e+00
   2.2881535e+00   1.4995805e+00   1.6279211e-01  -7.8304675e-01  -8.5837455e-01  -1.2489143e+00  -1.3576589e+00  -1.1295236e+00  -1.7662625e+00  -2.1777038e+00  -2.6159717e+00  -2.6219605e+00  -2.4298287e+00  -2.0323324e+00  -2.0693990e+00  -1.9685432e+00
   2.3880400e+00   1.2480188e+00  -1.3306045e-01  -1.6581178e-01  -4.7429850e-01  -6.6556667e-01  -1.0857122e+00  -1.7080999e+00  -1.7174666e+00  -1.7187145e+00  -1.8178014e+00  -2.0430096e+00  -1.9891487e+00  -1.9122667e+00  -1.9278375e+00  -1.8012413e+00
   1.9424974e+00   1.0624945e+00   4.4513683e-01  -5.5359494e-02  -5.9318638e-01  -6.0564892e-01  -6.4667715e-01  -9.6899213e-01  -1.0085717e+00  -1.0853482e+00  -1.1042644e+00  -1.1231735e+00  -1.1300037e+00  -1.1255181e+00  -1.0980836e+00  -1.0800207e+00
   2.8927023e+00   1.2367302e+00  -1.6889537e-01   1.5690781e-01  -5.5439487e-01  -1.5461370e+00  -1.3093091e+00  -1.6522505e+00  -1.5445079e+00  -1.9370242e+00  -1.9362612e+00  -1.9890456e+00  -2.0009993e+00  -1.9937083e+00  -2.0495026e+00  -1.8905908e+00
   2.5826623e+00   7.9468880e-01  -9.0479841e-02   1.6291252e-02   1.6406718e-01  -3.8186622e-01  -6.0421361e-01  -9.7400734e-01  -1.1229450e+00  -1.1133554e+00  -1.1986486e+00  -1.2370089e+00  -1.2706138e+00  -1.2690729e+00  -1.2708307e+00  -1.2244803e+00
   2.7768327e+00   2.0763320e+00   7.4870998e-01  -2.4856292e-01  -3.3085529e-01   3.2223897e-02  -4.7909407e-01  -1.4551780e+00  -1.3793729e+00  -2.0296620e+00  -1.8246830e+00  -2.1255526e+00  -2.0871485e+00  -1.9021599e+00  -1.8667127e+00  -1.7443694e+00
   3.0442085e+00   1.7494562e+00   8.4988341e-01   2.2416320e-01   2.2425310e-01   1.1260477e-01  -4.5176784e-01  -1.3134972e+00  -1.7121105e+00  -2.0740466e+00  -1.9588301e+00  -2.0048199e+00  -1.8018304e+00  -1.8192000e+00  -1.5871173e+00  -1.5945982e+00
   3.1890724e+00   1.0556245e+00   3.4218294e-01  -2.1470923e-01  -7.1559921e-01  -6.5042383e-01  -8.2365828e-01  -1.5536344e+00  -1.7578867e+00  -1.9338246e+00  -2.1285914e+00  -2.5127290e+00  -2.1339502e+00  -2.1048257e+00  -1.6578704e+00  -1.2096569e+00
   2.8049527e+00   9.5826850e-01  -3.5194922e-01   4.0656981e-01  -2.3232352e-02  -6.1261058e-01  -1.0486251e+00  -1.3108156e+00  -1.4205771e+00  -1.9959233e+00  -2.2767841e+00  -2.2044897e+00  -2.0266476e+00  -1.7406761e+00  -1.3972049e+00  -1.3219322e+00
   2.8092208e+00   1.0748003e+00  -2.3629417e-01   1.1157158e-02   1.6826064e-02  -6.4189606e-01  -1.2773183e+00  -1.5193626e+00  -1.3977121e+00  -2.0450513e+00  -2.2994466e+00  -2.1826223e+00  -1.6095989e+00  -1.7636006e+00  -1.2656544e+00  -1.1155499e+00
   2.2769288e+00   1.2884419e+00   3.0760887e-01   4.3398319e-01   2.4144064e-02  -3.7885744e-01  -5.1627077e-01  -7.5230801e-01  -8.4351936e-01  -9.6646476e-01  -9.9024116e-01  -1.0435684e+00  -9.9472910e-01  -9.9290384e-01  -1.0091901e+00  -9.5117750e-01
   3.0392461e+00   1.7231833e+00  -1.9172115e-02  -9.7014593e-02  -2.2094976e-01  -4.5253964e-01  -6.3721951e-01  -1.0483235e+00  -1.5799650e+00  -1.6808642e+00  -1.8866689e+00  -2.0355883e+00  -2.2487202e+00  -2.1409652e+00  -2.1211316e+00  -2.1064481e+00
   2.6711378e+00   1.4220402e+00   2.0883668e-01  -8.1257304e-02  -4.0749277e-01  -9.9198073e-01  -5.0212916e-01  -1.0413242e+00  -1.4105643e+00  -1.7986375e+00  -1.8951641e+00  -2.0224042e+00  -1.9662302e+00  -2.0624252e+00  -2.0314183e+00  -1.9975681e+00
   3.0733832e+00   1.5847616e+00   7.6430609e-01   4.1711004e-01  -8.3125627e-02  -6.2137521e-01  -4.3799832e-01  -8.6000728e-01  -1.0268335e+00  -1.0617763e+00  -1.1389906e+00  -1.1794822e+00  -1.1730572e+00  -1.1889448e+00  -1.1724977e+00  -1.1582592e+00
   2.5479455e+00   1.0848739e+00  -4.8081512e-02  -3.9788421e-01  -6.0958730e-01  -8.8153327e-01  -1.0108670e+00  -1.3931552e+00  -1.8048925e+00  -1.9025119e+00  -1.9480572e+00  -2.0779095e+00  -2.0898774e+00  -2.0829429e+00  -1.9001569e+00  -1.8776184e+00
   2.6557112e+00   1.0073144e+00   1.1717745e-01   4.5547787e-02  -2.8454158e-01  -3.8048587e-01  -8.3069297e-01  -1.3063538e+00  -1.3779887e+00  -2.0014241e+00  -2.1020428e+00  -2.1758120e+00  -2.1280790e+00  -2.1186012e+00  -2.1222773e+00  -1.8150001e+00
   2.2778989e+00   1.4609556e+00   1.4959167e-01  -2.2881628e-02  -3.9903973e-01  -6.6518815e-01  -7.0249173e-01  -1.6403293e+00  -1.9505383e+00  -2.4817062e+00  -2.2752960e+00  -2.5275510e+00  -2.3084062e+00  -2.2205265e+00  -2.1891175e+00  -1.7579392e+00
   2.3261378e+00   1.3816580e+00   7.3574691e-01   1.7807623e-01  -2.1660550e-01   1.9534961e-01  -3.3429379e-01  -1.4903858e+00  -1.7038777e+00  -2.0300656e+00  -2.4798844e+00  -2.5601095e+00  -2.6734778e+00  -2.2483636e+00  -2.2507655e+00  -2.2120403e+00
   2.5177281e+00   1.9006066e+00   1.0777999e+00   2.7018410e-01   3.2284885e-01   2.9353817e-01   6.5016004e-01   6.4728787e-01   3.8987088e-01   2.8201961e-01   1.5156853e+00   1.7091589e+00   1.0882939e+00   1.1745311e+00   3.6584890e-01   1.7680483e-01
   2.9846283e+00   1.7663395e+00   1.8596686e-01   7.9681996e-01   8.2969681e-01   6.3560908e-01   1.6228506e+00   1.8627264e+00   8.8605483e-01   9.2724880e-01   2.1467243e+00   2.1852361e+00   1.7617480e+00   1.6074172e+00   9.0677279e-01   7.8179223e-01
   3.1216483e+00   2.0043552e+00   4.3584484e-01   1.3757218e+00   1.0046843e+00   1.1580606e+00   1.7003217e+00   2.4506874e+00   1.3940363e+00   1.4019220e+00   2.8675383e+00   2.7858717e+00   2.4822103e+00   2.3019940e+00   1.7729043e+00   1.6202539e+00
   3.0434570e+00   1.4803525e+00   4.9819437e-01   1.3221584e+00   1.0300057e+00   1.4506145e+00   2.1831262e+00   2.5103338e+00   1.7370162e+00   1.0007893e+00   3.0910018e+00   2.7032921e+00   2.4664248e+00   2.4875471e+00   1.7426376e+00   1.8157073e+00
   2.7961295e+00   1.2854071e+00   8.3054857e-01   1.2093849e+00   1.0377298e+00   1.5664484e+00   2.5832332e+00   2.4218647e+00   1.6866715e+00   9.7787874e-01   3.2378927e+00   2.8627977e+00   2.4630876e+00   2.3870246e+00   1.6925743e+00   1.7745592e+00
   2.9270127e+00   1.1375551e+00   2.1553863e-01   1.1547315e+00   9.1953839e-01   1.5681422e+00   2.6879500e+00   2.4239693e+00   1.4468369e+00   1.3144413e+00   3.0956336e+00   3.0658228e+00   2.3240720e+00   2.3078098e+00   1.7550484e+00   1.4416530e+00
   2.3898528e+00   1.4601568e+00   4.8530393e-01   1.2816522e+00   1.1015753e+00   1.4797057e+00   2.6596471e+00   2.3794262e+00   1.2496162e+00   1.6084799e+00   2.7910686e+00   3.0706788e+00   2.2114692e+00   1.9812470e+00   1.5858014e+00   1.1488091e+00
   2.7147313e+00   1.3009391e+00   4.9586611e-01   1.1143624e+00   1.0537437e+00   1.3539498e+00   2.6217535e+00   2.2319186e+00   1.2118041e+00   1.7847263e+00   2.7090534e+00   2.9969212e+00   2.1816156e+00   2.1413864e+00   1.4192086e+00   1.0020479e+00
   2.4218753e+00   1.6647930e+00   8.0546960e-01   9.7424040e-01   1.1884654e+00   1.0835461e+00   2.3343372e+00   2.0565162e+00   1.1528629e+00   1.7402409e+00   2.6421930e+00   2.7441365e+00   2.0551053e+00   2.1868573e+00   1.0774351e+00   4.2763266e-01
   2.3236184e+00   1.3449984e+00   7.0990188e-01   1.0888926e+00   1.2629846e+00   1.3168393e+00   2.1272211e+00   1.8530784e+00   1.0320624e+00   1.4982114e+00   2.4113934e+00   2.1037123e+00   1.5971280e+00   1.7247095e+00   6.8432251e-01  -9.3245368e-02
   2.0071694e+00   1.1816382e+00   7.2548987e-01   8.9247881e-01   1.3913284e+00   1.6501707e+00   1.7940255e+00   1.5975682e+00   9.6201854e-01   1.1954576e+00   2.2112148e+00   1.7219594e+00   1.1476621e+00   1.3376608e+00   3.1845846e-01  -5.8806473e-01
   2.1785894e+00   1.3954865e+00   1.1677886e+00   7.0834362e-01   1.7305277e+00   1.5448640e+00   1.0883732e+00   1.0494464e+00   5.0057293e-01   2.1098537e-01   2.1475076e+00   1.6789458e+00   1.1259537e-01   3.8144986e-01  -5.8599091e-01  -1.1731637e+00
   1.6065650e+00   1.0358986e+00   8.7313471e-01   4.1841087e-01   1.7946442e+00   9.4016029e-01   5.3250425e-01   6.5736407e-01  -7.9961115e-02   2.1328781e-01   1.0971695e+00   6.8032484e-01  -2.1223424e-01   6.5309329e-01  -2.6252717e-01  -1.1807883e+00
   1.6829616e+00   1.0076920e+00   8.1441729e-01   1.3993636e-01   1.2917449e+00   2.1274297e-01   7.4150851e-01   3.5931304e-01  -4.5858795e-01  -4.8963140e-01   6.8533012e-01   5.2092435e-01  -2.8573650e-01   7.7231495e-01  -3.2576957e-01  -6.9851917e-01
   2.4659194e+00   1.6868821e+00   7.5891637e-01   4.7346182e-01   6.2689341e-01  -2.5670491e-01   7.4261734e-01  -2.5445430e-01  -9.0320402e-01  -8.4922388e-01  -1.3857782e-01  -1.1111322e-01  -7.9263038e-01   2.1313128e-01  -3.2271306e-01  -7.0624926e-01
   2.4024345e+00   1.5034747e+00   7.6077784e-01   2.1222257e-01  -6.2907702e-02  -7.2586507e-01  -1.6877684e-01  -5.2448230e-01  -1.0820901e+00  -1.1476752e+00  -3.5809869e-01  -3.7588360e-01  -1.1088147e+00  -3.7564125e-01  -4.4107218e-01  -7.1232374e-01
   2.3099546e+00   9.7340187e-01   4.7390667e-01   2.9982864e-01   6.5712022e-02  -5.0160893e-01  -7.3903382e-01  -7.3888157e-01  -1.0564331e+00  -1.0688752e+00  -3.6735152e-01  -5.4741206e-01  -7.7020638e-01  -8.3800457e-01  -8.6009212e-01  -6.1309824e-01
   1.9760735e+00   1.3658181e+00   3.7619184e-01   1.8380835e-03   4.0006577e-02  -6.5367435e-01  -6.2813460e-01  -5.0457592e-01  -8.5192008e-01  -1.1891234e+00  -8.0440459e-01  -6.3966313e-01  -8.3819577e-01  -9.3490365e-01  -7.4240641e-01  -6.9364107e-01
   2.3529380e+00   1.1763092e+00   1.6491932e-01   2.4762068e-01  -5.0343640e-01  -4.8632584e-01  -9.1383394e-01  -1.0826998e+00  -1.1316545e+00  -1.3466954e+00  -6.5922764e-01  -7.6386682e-01  -1.3341436e+00  -1.1487620e+00  -9.9024079e-01  -7.8270143e-01
   2.6599372e+00   1.4059023e+00   5.8205180e-01   3.0555882e-01   1.4834578e-02  -8.3166136e-02  -6.3104689e-01  -1.1534697e+00  -1.4425451e+00  -1.5985956e+00  -8.7442221e-01  -1.2178043e+00  -1.9220428e+00  -1.4854578e+00  -1.1158485e+00  -1.1903605e+00
   2.3655806e+00   1.4410927e+00   5.7752713e-01   2.7068776e-01   1.2454642e-01  -3.5416641e-01  -9.2127808e-01  -9.9672008e-01  -1.2813659e+00  -1.7816598e+00  -8.9514160e-01  -1.0915064e+00  -1.6955378e+00  -1.6870352e+00  -1.2569941e+00  -1.0260772e+00
   1.7562695e+00   1.9211740e+00   1.1942641e+00  -1.1592924e-01  -6.1564555e-02   1.4470608e-01  -7.7624811e-01  -8.3224919e-01  -1.0170973e+00  -1.0836133e+00  -9.5637962e-01  -1.0812216e+00  -1.1802645e+00  -1.1669189e+00  -7.1011818e-01  -6.4254601e-01
   2.9743261e+00   1.6989423e+00   4.7844151e-01  -7.8517087e-03   2.0611570e-01  -4.3637212e-01  -1.0717442e+00  -1.3636387e+00  -2.0646871e+00  -2.3564965e+00  -1.5332780e+00  -1.4420668e+00  -1.9402602e+00  -1.4411795e+00  -1.0015477e+00  -8.0953815e-01
   2.7465433e+00   2.0688823e+00   6.3231029e-01  -4.1851575e-02  -2.7863861e-01  -5.7946301e-01  -9.5293088e-01  -1.0674695e+00  -1.3358555e+00  -1.7200501e+00  -1.1948895e+00  -1.2819876e+00  -1.5264362e+00  -1.3891208e+00  -1.0836780e+00  -7.7113614e-01
   2.7629566e+00   1.7645184e+00   5.3299140e-01   1.0754053e-01  -2.9740036e-01  -4.9697624e-01  -8.9859400e-01  -1.3739109e+00  -1.8174428e+00  -2.2812501e+00  -1.8105113e+00  -1.4298952e+00  -1.4993255e+00  -1.4475239e+00  -1.2503629e+00  -8.7659188e-01
   1.9564377e+00   1.4927606e+00   1.8462271e-01   1.4293176e-01  -5.1656938e-01  -1.2211930e+00  -6.8652023e-01  -1.3254192e+00  -2.0817670e+00  -2.2071191e+00  -1.5537692e+00  -1.5173149e+00  -1.5682505e+00  -1.4666125e+00  -1.2687045e+00  -1.1363694e+00
   2.1765225e+00   1.4813227e+00   5.2375418e-01   3.8413989e-01  -1.3621899e-01  -6.3091051e-01  -7.6941351e-01  -1.3006548e+00  -1.5369973e+00  -1.5966047e+00  -1.4760465e+00  -1.2245042e+00  -1.4731156e+00  -1.2464411e+00  -1.1018856e+00  -9.6779491e-01
   2.5523607e+00   9.5040999e-01   2.3111342e-01   1.3435646e-01  -2.7778730e-01  -4.1706315e-01  -6.9898022e-01  -1.1989413e+00  -1.7717544e+00  -1.9024408e+00  -1.7435738e+00  -1.6456541e+00  -1.8495753e+00  -1.4307170e+00  -1.0206779e+00  -1.3277295e+00
   2.3636806e+00   1.1929316e+00   6.5766963e-01   1.1497814e-01  -4.1607928e-01  -2.7881484e-01  -6.1067545e-01  -9.0916963e-01  -1.1207687e+00  -1.2160434e+00  -1.2673790e+00  -1.2462635e+00  -1.3063142e+00  -1.0805243e+00  -1.1378959e+00  -1.0280919e+00
   2.6704941e+00   1.5134340e+00   4.8735123e-01  -1.5027571e-01  -6.8763891e-01  -7.5257306e-01  -7.5943803e-01  -1.3672323e+00  -1.4458274e+00  -1.7245035e+00  -1.8964215e+00  -1.8631252e+00  -1.9550980e+00  -1.6586562e+00  -1.5224631e+00  -1.3524954e+00
   2.7557856e+00   1.4742709e+00   1.1864864e-01  -1.1104862e-01  -9.4755165e-01  -9.2569329e-01  -9.5316028e-01  -1.7283002e+00  -1.8760120e+00  -1.9980922e+00  -2.2292098e+00  -1.7336000e+00  -1.9690438e+00  -1.6046902e+00  -1.3592588e+00  -1.4667185e+00
   2.2540321e+00   1.4891699e+00   3.7215948e-01   6.4585620e-02  -5.8123817e-01  -3.2403583e-01  -6.7633135e-01  -1.0795847e+00  -1.6103014e+00  -1.7609225e+00  -1.5519420e+00  -1.4463733e+00  -1.7385869e+00  -1.5916710e+00  -1.2601592e+00  -1.2441090e+00
   2.3214324e+00   1.2856623e+00   8.2039025e-01   5.8434242e-01  -5.7454387e-01  -3.2273933e-01  -1.0071444e+00  -1.0441955e+00  -1.6706930e+00  -1.9022922e+00  -1.9996809e+00  -1.9641237e+00  -1.9434077e+00  -1.9108727e+00  -1.7944376e+00  -1.6033493e+00
   2.3762826e+00   2.0149169e+00   8.0938424e-01   1.6172489e-01   3.0344133e-02  -5.2300516e-01  -2.0300870e-01  -8.8098198e-01  -1.2194723e+00  -1.3083032e+00  -1.2920755e+00  -1.3851411e+00  -1.3657777e+00  -1.3064598e+00  -1.2892154e+00  -1.2402727e+00
   2.4994790e+00   1.4275070e+00   9.6739039e-01   7.5205215e-01   5.4799421e-01  -4.1999951e-01  -5.0619714e-01  -1.5158694e+00  -1.8421393e+00  -2.0195848e+00  -1.6736795e+00  -1.9544177e+00  -2.1684803e+00  -1.9026799e+00  -1.4033870e+00  -1.5170786e+00
   3.1493966e+00   1.4630498e+00   5.4995032e-01   4.2325432e-01   4.6151418e-01  -1.0593976e-01  -4.4256024e-01  -1.0281397e+00  -1.6761180e+00  -1.6337231e+00  -1.4635071e+00  -1.7307919e+00  -1.7537784e+00  -1.6830118e+00  -1.3491554e+00  -1.2029396e+00
   3.0379023e+00   1.2406866e+00   5.9041223e-01   2.5034024e-01   3.2303329e-01  -3.2598089e-01  -1.1604338e+00  -1.3795438e+00  -1.4301598e+00  -2.0318371e+00  -2.1456451e+00  -2.0616366e+00  -2.0473861e+00  -1.7194584e+00  -1.7760597e+00  -1.5046953e+00
   2.8584052e+00   1.7458264e+00   4.5854457e-01   5.3521546e-01   6.8576405e-02  -2.0513741e-02  -2.2454386e-01  -1.3223053e+00  -1.4998376e+00  -1.7052531e+00  -1.7147812e+00  -1.7352319e+00  -1.7922149e+00  -1.7086588e+00  -1.6198339e+00  -1.5315463e+00
   2.5686697e+00   9.5771914e-01   1.1660504e+00   4.8165003e-01   1.1304589e-01  -4.9921645e-01  -8.4214401e-01  -1.1715763e+00  -1.4621352e+00  -1.9862037e+00  -1.8919383e+00  -2.0071631e+00  -2.0361300e+00  -2.1023749e+00  -1.9079922e+00  -2.0247958e+00
   2.5771212e+00   1.3769481e+00   6.1321704e-01  -2.4870209e-01   7.0140936e-02  -3.6793190e-01  -6.8110071e-01  -1.4707639e+00  -1.4716868e+00  -1.8188770e+00  -1.9235289e+00  -2.0807129e+00  -2.1022579e+00  -2.0220717e+00  -2.1156576e+00  -2.0473301e+00
   1.7987422e+00   1.1072791e+00  -3.0025191e-01   2.3083436e-01  -5.5504866e-01  -4.9405911e-01  -7.9924187e-01  -1.2130417e+00  -1.5281577e+00  -1.8011311e+00  -1.9541235e+00  -2.2056253e+00  -2.2919343e+00  -2.0877240e+00  -2.3733672e+00  -2.2494811e+00
   2.5564745e+00   1.4663185e+00   7.0083715e-01   1.3127915e-03  -7.3180890e-01  -5.8153296e-01  -6.6056929e-01  -1.1898860e+00  -1.8613359e+00  -1.9973214e+00  -1.8383152e+00  -2.1188945e+00  -2.2297385e+00  -2.1516027e+00  -2.1061299e+00  -1.8689988e+00
   2.9421693e+00   1.4968440e+00   7.1537991e-01   1.4436266e-01  -5.3949943e-01  -6.9401719e-01  -9.2924135e-01  -1.1643832e+00  -1.6700089e+00  -2.4505723e+00  -2.2240801e+00  -2.1665600e+00  -2.4716223e+00  -2.4309798e+00  -2.3583230e+00  -2.0335059e+00
   2.1888041e+00   1.4180219e+00   7.8754202e-01   3.1520217e-01  -1.3570496e-01  -2.4910179e-01  -7.2216156e-01  -8.7313471e-01  -9.9739837e-01  -1.0324778e+00  -1.0719467e+00  -1.0979014e+00  -1.1115694e+00  -1.0979606e+00  -1.0878075e+00  -1.0477645e+00
   2.8270109e+00   1.4265939e+00   3.6607604e-01  -1.5113144e-01  -3.5705133e-01  -3.1832849e-01  -8.8937239e-01  -1.4517158e+00  -1.6109914e+00  -1.8493621e+00  -2.0459578e+00  -2.0134919e+00  -1.9625515e+00  -1.9219469e+00  -1.9579110e+00  -1.9056293e+00
