   3.0651900e+00   1.8273456e+00   1.2393667e+00   1.3343710e+00   5.6859257e-01   8.1344725e-01   5.8814550e-01   1.0207983e+00   8.2318294e-01   2.0134254e-01   1.6448536e-01   1.0690396e-01  -3.7592855e-01  -3.9100609e-01  -3.2705443e-01  -3.9555385e-01
   3.2375546e+00   1.9133533e+00   1.0731650e+00   1.3399742e+00   8.1800568e-01   8.5464777e-01   9.7956431e-01   9.7990815e-01   4.9354632e-01   2.4734626e-01   2.7620677e-01   2.2009923e-01   5.9268003e-03  -2.9265514e-01  -2.1803602e-01  -2.4527981e-01
   3.3963250e+00   1.7801080e+00   6.9356796e-01   7.9491223e-01   9.1674708e-01   5.7563041e-01   6.6852888e-01   9.0807940e-01   3.5679672e-01   1.2152641e-01  -4.2286653e-02   2.8708728e-02  -2.9930804e-01  -4.3990018e-01  -5.0131550e-01  -5.0630016e-01
   3.4343305e+00   2.0203957e+00   9.6382129e-01   1.4533889e+00   1.0930813e+00   6.0379445e-01   7.1610685e-01   8.0295385e-01   6.1077198e-01   6.5899539e-01   6.3204431e-01   3.2231186e-01  -1.1269461e-01  -1.8158508e-01  -2.4257827e-01  -1.2653597e-01
   2.8182515e+00   1.5331068e+00   1.1737657e+00   1.2753353e+00   1.0541078e+00   1.0956698e+00   7.2190746e-01   8.7819385e-01   5.0987253e-01   7.2933351e-01   6.5746040e-01  -3.5790544e-03  -1.6641353e-01  -2.3334653e-01  -4.6804734e-01  -4.7753460e-01
   2.6823237e+00   1.2107023e+00   9.6092144e-01   6.8175204e-01   6.1692384e-01   5.3427571e-01   4.6568057e-01  -1.3102613e-01   1.0381671e-01   4.9922252e-01  -3.6521877e-02  -1.2377659e-01  -2.6696427e-01  -6.1242373e-01  -5.2062256e-01  -5.4318178e-01
   2.8035608e+00   1.7198060e+00   9.7093402e-01   1.1968820e+00   9.1574145e-01   9.6536457e-01   6.0742865e-01   3.2414389e-01   3.3476990e-01   1.1624410e-01   2.4626684e-01  -2.9464259e-02  -3.2233414e-01  -4.3510713e-01  -3.7511605e-01  -5.5349133e-01
   3.3198572e+00   1.5384317e+00   1.0514056e+00   1.1275373e+00   6.4745398e-01   1.1739178e+00   8.5053114e-01   7.0983932e-01   7.1311693e-01   5.4822624e-01   2.5344889e-01   4.6769746e-02  -2.6205929e-01  -2.8211630e-01  -2.3490540e-01  -1.9140531e-01
   3.5704408e+00   2.0102299e+00   5.6672448e-01   1.1367962e+00   6.2840221e-01   7.3918909e-01   2.3072370e-01   1.5123678e-01   4.6834738e-01   5.0340383e-01   2.2646265e-01   1.0771801e-01  -3.0080295e-01  -4.3657060e-01  -5.2247886e-01  -5.4635686e-01
   3.6228088e+00   1.3449873e+00   9.8241833e-01   1.1244707e+00   9.6314494e-01   4.1939816e-01   3.6651396e-01   6.0227203e-01   3.3714460e-01   2.6084541e-01   6.0902752e-01   1.9778433e-01  -2.6958256e-01  -3.4349344e-01  -7.1904154e-02  -2.3194100e-01
   2.8148642e+00   1.8493861e+00   1.1927153e+00   1.6219947e+00   1.1796021e+00   5.1140058e-01   4.9233342e-01   6.0157679e-01   3.2273851e-01   4.5354204e-01   3.8572013e-01  -7.8702615e-02  -2.0008155e-02  -3.6410377e-01  -2.8892693e-01  -3.5124733e-01
   2.9290903e+00   1.6361283e+00   7.1144601e-01   1.1730486e+00   1.3579854e+00   1.0227991e+00   7.7952104e-01   8.6153316e-01   6.7514280e-01   2.8143384e-01   3.3067188e-01   6.0473116e-02  -9.1633579e-02  -3.8062121e-01  -2.5292175e-01  -4.5750033e-01
   3.2799387e+00   1.6618235e+00   1.3024051e+00   1.0402403e+00   9.7760953e-01   7.3092647e-01   5.9271667e-01   6.5240514e-01   6.5592699e-01   1.4602290e-01   5.9994403e-02  -1.6831075e-01  -4.2797969e-01  -6.2312685e-01  -5.1336795e-01  -4.4117665e-01
   3.8134057e+00   2.0418377e+00   1.3553570e+00   1.2108855e+00   7.8656127e-01   1.0839069e+00   6.8860338e-01   5.5161291e-01   6.3904886e-01   7.0423137e-01   3.6259208e-01   1.9259131e-01  -2.8236280e-03  -6.9288877e-02  -9.2058728e-02  -4.3788171e-02
   3.9707206e+00   1.8577139e+00   6.3466642e-01   9.0084204e-01   8.6415992e-01   9.3732228e-01   7.4237502e-01   5.3437008e-01   5.6428109e-01   4.7317564e-01   2.2422244e-01   2.3144143e-01  -1.9464713e-01  -4.8913061e-01  -8.4144816e-01  -6.2614599e-01
   3.6295547e+00   1.0509853e+00   1.1887625e+00   1.1350981e+00   8.8729252e-01   6.2163188e-01   3.5723497e-01   3.9112015e-01   7.4371923e-01   7.2020430e-01   1.8834013e-01   1.0539510e-01  -7.7075720e-02  -1.8757968e-01  -1.5430061e-01  -1.7692274e-01
   2.6586821e+00   1.5192589e+00   7.7203311e-01   1.2041434e+00   1.0582626e+00   9.4108667e-01   7.5623911e-01   7.9494253e-01   7.8038797e-01   4.5841888e-01   3.2302759e-01  -1.7603431e-01  -4.2862803e-01  -2.5402662e-01  -2.7671729e-01  -1.8653091e-01
   2.5602595e+00   1.7979243e+00   1.5270083e+00   1.0683112e+00   9.3190464e-01   4.6388248e-01   5.3468966e-01   5.6720554e-01   3.9680731e-01   6.3287124e-01   4.3833504e-01   2.5339021e-01  -9.8006553e-03  -2.7112437e-01  -2.6256374e-01  -3.1900838e-01
   3.0408611e+00   2.1295483e+00   1.5383058e+00   1.3274154e+00   7.5661557e-01   9.4512435e-01   5.8019661e-01   9.5298953e-01   5.1115737e-01   2.2076073e-01   1.8683934e-01   9.2776095e-03  -1.0831292e-01  -4.1085309e-01  -2.0874410e-01  -4.6213389e-01
   3.1311177e+00   1.6511929e+00   1.5367537e+00   1.4097508e+00   1.0765134e+00   6.6150473e-01   4.6403074e-01   1.0389929e+00   9.6983281e-01   3.6625516e-01   2.9131738e-01  -1.0659367e-01  -3.3043513e-01  -1.1618999e-01  -8.0282878e-02  -1.4020646e-01
   3.5107383e+00   1.6309584e+00   2.1626241e+00   2.0461134e+00   1.5839416e+00   1.0521336e+00   3.9908203e-01   1.2538870e+00   1.0245889e+00   4.5531418e-01   2.0552231e-01   1.3012429e-01   5.4112593e-01   6.7212245e-01   1.0235541e+00   9.8886397e-01
   3.4085551e+00   1.8722025e+00   1.7438478e+00   1.6328695e+00   9.4061200e-01   7.2698378e-01   6.7441400e-01   8.0806738e-01   7.8610422e-01   6.4892989e-01   4.6010475e-02   1.1433175e-02  -4.2632673e-02   3.1424649e-01   3.2529446e-01   7.9019727e-01
   3.1180827e+00   2.1192452e+00   2.0326403e+00   1.0923309e+00   1.2851357e+00   8.8935131e-01   8.4423795e-01   6.5535661e-01   8.1392038e-01   5.8325649e-01   1.3720316e-01   5.4573006e-01   6.6502072e-01   4.9585792e-01   3.4633050e-01   7.0344968e-01
   2.9689939e+00   2.4701714e+00   2.4445760e+00   1.5936803e+00   8.3771594e-01   7.1646239e-01   6.5091331e-01   5.5615816e-01   2.0575670e-01   2.5118974e-01   2.5842465e-01   9.1905943e-01   1.6485085e+00   1.6046982e+00   6.2783344e-01   1.0182792e+00
   3.3281147e+00   2.5250993e+00   2.3675043e+00   1.7870500e+00   9.3725242e-01   8.4179415e-01   3.4661342e-01   8.9233692e-01   1.0434385e+00   5.3338463e-01   5.5891357e-01   1.2946229e+00   2.2055921e+00   2.4056181e+00   1.1695937e+00   1.8053846e+00
   3.0298842e+00   1.9196922e+00   2.0634558e+00   1.7849854e+00   1.3130118e+00   9.2745461e-01   2.8241229e-01   6.8607663e-01   8.3363879e-01   7.0441370e-01   4.4729167e-01   9.5825497e-01   2.1423069e+00   2.6800329e+00   1.4635433e+00   2.2580520e+00
   3.3853654e+00   1.6717118e+00   2.0231359e+00   1.1035273e+00   9.3414996e-01   7.5835123e-01   8.1336518e-01   6.5067980e-01   6.9786672e-01   5.3446807e-01   3.6856943e-01   8.0886213e-01   2.2988390e+00   2.7953066e+00   1.6675850e+00   2.5572261e+00
   3.3519351e+00   2.4475176e+00   2.0930662e+00   1.3713465e+00   1.3148688e+00   6.9435483e-01   7.3781054e-01   8.8129646e-01   6.8143281e-01   5.4328949e-01   3.2645924e-01   7.1188837e-01   2.3362692e+00   2.5025982e+00   1.7233322e+00   2.3551774e+00
   3.2363140e+00   2.5761173e+00   2.1751671e+00   1.2774352e+00   1.3302567e+00   9.4256445e-01   6.6738418e-01   8.5423273e-01   9.3632655e-01   4.5400889e-01   4.0852992e-01   5.6630826e-01   2.1009903e+00   2.4332153e+00   1.7951701e+00   1.9580697e+00
   3.2909786e+00   1.9353850e+00   1.9986120e+00   1.2522855e+00   1.0184411e+00   7.4428557e-01  -7.0877519e-02   1.0130035e+00   8.2821058e-01   4.0508724e-01   4.1876435e-01   1.9276135e-01   1.8633159e+00   2.4173988e+00   1.8515651e+00   1.8507128e+00
   3.3637770e+00   1.4489848e+00   1.8566173e+00   1.1686662e+00   8.6152965e-01   4.1724350e-01   3.9051259e-01   7.0124257e-01   3.9904102e-01   3.2410564e-01   1.0264977e-01  -6.3904637e-03   1.9619051e+00   2.5618289e+00   1.9797242e+00   1.9245663e+00
   3.2843716e+00   1.6561138e+00   2.1142974e+00   1.2304263e+00   1.1045934e+00   3.9798527e-01   8.7676615e-02   6.7307702e-01   4.8556703e-01   3.8137458e-01   1.1436051e-01   2.8924050e-01   1.9663290e+00   2.5135386e+00   2.0017379e+00   2.0600468e+00
   2.5659692e+00   1.9118824e+00   1.5685449e+00   1.4185985e+00   1.1589225e+00   5.8415106e-01   4.8395955e-01   6.8708874e-01   6.2333422e-01   2.6444096e-01   1.4265709e-01   4.9734831e-01   1.9332742e+00   2.4657718e+00   2.0253170e+00   2.2553012e+00
   2.6124338e+00   1.2240568e+00   1.6656168e+00   1.3242875e+00   1.3638614e+00   1.0977614e+00   2.6188676e-01   3.8611544e-01   7.8922440e-01   2.2626599e-01   3.7471575e-02   4.5092681e-01   2.0057321e+00   2.6284987e+00   2.0331798e+00   2.5071378e+00
   2.8408072e+00   1.8989901e+00   1.8047885e+00   1.3293419e+00   1.6481528e+00   1.1730399e+00   8.5760838e-01   7.0691336e-01   5.8026069e-01   4.3690387e-01   3.7325041e-02   3.7339931e-01   2.1453161e+00   2.7845321e+00   2.0513466e+00   3.0091232e+00
   3.1675967e+00   2.5822901e+00   2.2601184e+00   1.4487316e+00   1.2449943e+00   8.3129856e-01   4.7105465e-01   7.8336710e-01   4.7234519e-01   8.8993868e-01   5.4814642e-01   3.7425060e-01   2.0151484e+00   2.8542720e+00   2.3307406e+00   3.1593842e+00
   3.0604909e+00   2.8757617e+00   2.2886551e+00   1.2724204e+00   1.3531981e+00   1.0680345e+00   1.7819919e-01   5.3665090e-01   6.9553705e-01   5.5561031e-01   2.3670845e-01   2.5495500e-01   1.4619111e+00   2.8706976e+00   2.3272014e+00   2.5809695e+00
   3.4614456e+00   1.9654470e+00   1.6728027e+00   1.2816075e+00   1.1823094e+00   8.6966973e-01   6.6116167e-01   7.3038743e-01   8.2676303e-01   2.2221703e-01   1.6895271e-01   9.3722020e-02   1.7049269e+00   2.9095750e+00   2.2358928e+00   2.3559814e+00
   3.0815710e+00   2.0387755e+00   1.8098047e+00   1.2469806e+00   8.7651655e-01   5.8497304e-01   6.6997229e-01   6.9965046e-01   8.0081932e-01   9.3745385e-01   5.9983590e-01   1.9278689e-01   1.6838743e+00   2.8299823e+00   2.1452916e+00   2.3680120e+00
   3.1250795e+00   2.2149800e+00   1.3744154e+00   1.7143183e+00   9.8061026e-01   1.2185158e+00   8.0319295e-01   6.6259068e-01   6.6267318e-01   6.9224583e-01   6.2264664e-01   4.3992711e-01   1.6679804e+00   2.6153391e+00   2.0120757e+00   2.4182775e+00
   3.8706573e+00   2.0159778e+00   2.1002095e+00   1.3617868e+00   1.2338298e+00   9.5032126e-01   6.0518012e-01   5.2631667e-01   3.5807319e-01   3.7375740e-01   2.5144936e-01   5.8449706e-01   1.6114701e+00   2.4230394e+00   1.9987150e+00   2.6970957e+00
   3.9647429e+00   1.8512230e+00   1.6265816e+00   1.1744620e+00   1.3988194e+00   7.9590792e-01   4.2686169e-01   5.2758576e-01   8.7409764e-01   5.5553659e-01   2.6617537e-01   4.7411788e-01   1.5550350e+00   2.2583036e+00   1.8287266e+00   2.7169020e+00
   3.7645317e+00   1.9737036e+00   1.7204674e+00   1.4449268e+00   1.2704233e+00   9.0863316e-01   4.4676143e-01   4.2332891e-01   8.1431950e-02   2.1703669e-01   1.0226028e-01   1.5655623e-01   1.4680009e+00   2.2322955e+00   1.7684083e+00   2.7260030e+00
   4.0979235e+00   2.5348008e+00   1.9863073e+00   1.0270936e+00   1.3949508e+00   8.1727355e-01   6.1692078e-01   5.8413210e-01   5.6797679e-01   6.0226023e-01   5.9352284e-01   4.0965403e-01   1.5249116e+00   2.2046281e+00   1.6973032e+00   2.6787828e+00
   3.2821595e+00   1.8464635e+00   1.2036128e+00   1.1604138e+00   1.4050989e+00   9.3054189e-01   4.7950587e-01   7.5697847e-01   6.7200888e-01   6.2753267e-01   3.8054495e-01   1.3599118e-01   1.3456266e+00   2.0652941e+00   1.6165356e+00   2.5036161e+00
   3.0831695e+00   2.0600912e+00   1.6662673e+00   1.2990547e+00   1.0854649e+00   6.7904900e-01   2.9620677e-01   2.8763519e-01   7.8371651e-01   7.6131943e-01   4.6047158e-01   1.3487122e-01   1.3122585e+00   2.0531967e+00   1.5275707e+00   2.3020012e+00
   3.2465399e+00   2.3270650e+00   1.6013803e+00   1.2645585e+00   1.3475833e+00   6.4545247e-01   4.8251265e-01   9.3697261e-01   8.0713189e-01   8.3632004e-01   5.5428710e-01   2.7743551e-01   1.3041261e+00   2.0766078e+00   1.4589283e+00   1.8501462e+00
   3.3330911e+00   1.7605998e+00   1.7348612e+00   1.2146340e+00   1.2043749e+00   7.4078614e-01   6.9830160e-01   1.0197775e+00   8.1256865e-01   5.3605132e-01   3.8062210e-01   3.3406952e-01   1.2672328e+00   2.1641457e+00   1.5012893e+00   1.5793221e+00
   3.2832340e+00   1.9148788e+00   1.2948694e+00   9.8379929e-01   1.1679547e+00   1.0322046e+00   5.2857548e-01   4.1273985e-01   6.4018710e-01   8.8673192e-02   3.6046857e-01   2.7826718e-01   1.2902375e+00   2.3049678e+00   1.4318253e+00   1.4734337e+00
   3.2917673e+00   2.5502583e+00   1.3795813e+00   6.7659296e-01   5.6602532e-01   7.5280228e-01   7.0953749e-01   3.0118738e-01   6.1006798e-01   5.2718377e-01   3.3726719e-01  -3.2555125e-03   1.2667879e+00   2.1223289e+00   1.3268037e+00   1.5691088e+00
   3.1754959e+00   2.0206270e+00   1.7347729e+00   1.6603252e+00   7.4809899e-01   9.1903065e-01   2.9801419e-01   7.9959682e-01   6.9196297e-01   5.9441660e-01   3.4421886e-01   1.9844515e-03   1.6246126e+00   2.1057195e+00   1.3089520e+00   1.8723438e+00
   3.0750049e+00   2.0804440e+00   1.3378223e+00   1.0616613e+00   9.1140544e-01   1.1293488e+00   6.7459923e-01   6.9652307e-01   5.1622660e-01   5.6060945e-01   5.7392824e-01   2.6106735e-01   1.8467290e+00   2.1699315e+00   1.3454364e+00   1.4463072e+00
   3.3934018e+00   1.8483453e+00   1.9226592e+00   1.6256053e+00   1.1393561e+00   9.4045928e-01   6.7534930e-01   5.1764976e-01   9.7447866e-01   3.2579753e-01   1.1262013e-01   4.0728614e-01   1.5950362e+00   1.8431565e+00   6.7097181e-01   1.2661763e+00
   3.3526669e+00   1.4213161e+00   1.0731890e+00   7.6095696e-01   7.0846102e-01   9.8788533e-01   2.2724719e-01   7.8617685e-01   8.5463002e-01   5.7197483e-01   6.0577318e-02   5.6722170e-02   9.1886534e-01   8.8510317e-01  -3.2023193e-01   3.8826099e-01
   3.2151291e+00   1.5959865e+00   1.0398060e+00   1.4445885e+00   1.1974720e+00   8.1563486e-01   5.3609620e-01   7.4563756e-01   5.5391052e-01   5.3198904e-01   2.6901482e-01  -5.1185997e-02   3.3135751e-01  -3.6292975e-02  -2.3185556e-01   4.0669309e-01
   3.3417290e+00   1.9503926e+00   1.0427205e+00   1.0791878e+00   6.5856318e-01   5.1419167e-01   2.3358033e-01   1.7560686e-01   1.9178636e-01   4.7670660e-01   1.5431501e-01   4.0073269e-02  -3.0892893e-01  -1.4342018e-01  -5.5360745e-01  -2.0983457e-01
   3.4667054e+00   1.6671167e+00   1.4814741e+00   9.4367386e-01   7.3579050e-01   8.6598659e-01   2.1026355e-01   1.9866961e-01   8.3707531e-01   3.2320884e-01   2.9422598e-01   2.1956907e-01  -4.9117900e-01  -2.2964990e-01  -5.0986665e-01  -4.5595465e-01
   3.1899612e+00   1.1029696e+00   5.8954461e-01   1.1226875e+00   7.7776202e-01   8.4662184e-01   6.0916790e-01   7.2048960e-01   6.6221173e-01  -9.0345856e-03  -5.4553257e-02  -1.4816173e-02  -5.5434578e-01  -5.6498928e-02  -6.0644189e-01  -5.4974607e-01
   3.4027510e+00   1.7956090e+00   1.2501573e+00   1.2159544e+00   5.1310122e-01   6.1245033e-01   6.1437532e-01   3.9338771e-01   3.4318313e-01   2.9093363e-01   3.5049654e-01  -6.5310212e-02  -3.4107034e-01  -4.8884534e-01  -4.5741392e-01  -5.8092429e-01
   2.6896360e+00   1.9586457e+00   1.1189547e+00   1.0932507e+00   1.1809515e+00   6.3613240e-01  -2.0575747e-01  -1.9424681e-01   3.3794515e-01   2.3771802e-01   3.1637241e-01   2.1026782e-01  -2.0220645e-01  -2.9726788e-01  -3.2179413e-01  -5.2766178e-01
   3.1399561e+00   1.8302594e+00   1.0236612e+00   1.1509555e+00   1.1994186e+00   1.0144242e+00   2.8442281e-01   4.0044871e-01   6.0520247e-01   4.3558360e-01   1.7167200e-01   1.6934706e-01  -2.1547679e-01  -3.7741236e-01  -5.4487534e-01  -6.0072225e-01
   3.1568130e+00   1.2802196e+00   9.8053105e-01   1.5155695e+00   5.9118438e-01   9.0639771e-01   7.0884874e-01   7.0401428e-01   9.2328413e-01   5.2551272e-01   3.2250924e-01  -6.1790709e-02  -4.7293439e-01  -6.5619954e-01  -7.0160949e-01  -5.4898524e-01
   3.5243426e+00   1.7445414e+00   1.1888976e+00   1.6543618e+00   1.2858400e+00   7.6716359e-01   2.1746548e-01   6.2676543e-01   6.7319599e-01   1.7264889e-01   9.1483504e-02   1.9884130e-02  -1.4627553e-01  -4.2333622e-01  -9.0762886e-02  -4.2491266e-01
   2.7137189e+00   1.0610480e+00   8.7830951e-01   1.2199427e+00   7.1356224e-01   5.0775634e-01   1.0668649e-01   7.0514708e-01   6.5045725e-01   5.7716713e-01   5.2684170e-01   2.1276563e-01  -3.2234169e-01  -1.6027150e-01  -1.9651552e-01  -3.7726343e-01
   2.2599861e+00   9.3141776e-01   8.7718822e-01   1.4902734e+00   1.0360408e+00   6.0671651e-01   5.5001418e-01   7.8205254e-01   4.5011381e-01   6.4748471e-01   3.9760349e-01   5.9083791e-02  -4.8161093e-01  -4.1834316e-01  -7.3535479e-01  -7.4187277e-01
   3.2733376e+00   1.6687629e+00   1.6164280e+00   1.3634069e+00   9.2291904e-01   5.8642300e-01   2.9465471e-01   7.5612597e-01   3.1842075e-01   5.1632537e-01  -2.1220880e-02  -5.0465730e-01  -3.7281836e-01  -4.2218711e-01  -3.5736914e-01  -3.1225752e-01
   3.7244520e+00   2.4117916e+00   1.4619891e+00   1.7661990e+00   1.2183845e+00   9.1613270e-01   2.5793997e-01   6.4471959e-01   5.6617997e-01   5.4375662e-01   4.5285269e-01  -1.2909209e-01   1.5154903e-02  -3.9678110e-01  -3.7673686e-01  -2.9558416e-01
   4.0595980e+00   1.9078436e+00   1.6813954e+00   1.6894424e+00   1.0225842e+00   5.8625366e-01   3.1579112e-01   5.0313179e-01   5.1298514e-01   1.8943661e-01   5.0784259e-01   8.0980140e-02  -3.7216797e-01  -6.1129711e-01  -4.5403648e-01  -4.9377976e-01
   2.9700034e+00   1.3763585e+00   1.5643477e+00   1.5770168e+00   8.5571689e-01   6.7089198e-01   3.8827761e-01   5.2331566e-01   6.1999549e-01   4.8216323e-01   5.7877745e-01   5.9212165e-01   1.2535458e-01  -1.1785529e-01  -2.0116941e-01  -2.3500275e-01
