   2.8842149e+00   1.4702429e+00   8.4027384e-01   1.9647450e-01   6.4811144e-02  -3.2448278e-01  -4.1905367e-01  -8.5744379e-01  -7.7740089e-01  -1.1409846e+00  -1.1807632e+00  -1.1571523e+00  -1.3048902e+00  -1.3083751e+00  -1.3833757e+00  -1.3487609e+00
   3.6726238e+00   1.6270830e+00   1.1230442e+00   5.1284546e-01   2.6030525e-01  -3.4841930e-01  -4.1898942e-01  -5.3704561e-01  -6.8009221e-01  -8.3051377e-01  -1.0128697e+00  -1.0621202e+00  -1.0705206e+00  -1.0585833e+00  -1.0876170e+00  -1.0773962e+00
   3.2106160e+00   1.6775597e+00   9.5288428e-01   3.7028859e-01   4.1347322e-01   1.9740433e-01  -5.9650683e-01  -4.4154565e-01  -6.2079109e-01  -9.1028581e-01  -1.0083504e+00  -1.0494035e+00  -1.0348758e+00  -1.0692644e+00  -1.0502668e+00  -9.8362552e-01
   3.2989924e+00   1.3215488e+00   5.5880132e-01   1.4437317e-01   1.4312546e-01   1.4206667e-01  -3.8755882e-01  -3.5935093e-01  -5.5515223e-01  -7.1785566e-01  -7.3271556e-01  -7.7347153e-01  -7.9042085e-01  -8.0434090e-01  -7.7646792e-01  -7.6622780e-01
   3.1128711e+00   1.1464396e+00   6.4153170e-01   4.2654990e-01   3.5321604e-01   2.4851415e-01  -3.2450170e-01  -3.4228610e-01  -5.4121360e-01  -6.9108390e-01  -7.3631374e-01  -8.3392368e-01  -8.9618117e-01  -9.0309908e-01  -8.6442975e-01  -8.2091016e-01
   2.8099204e+00   1.5121702e+00   4.3064604e-01   6.1140447e-02   4.7614965e-01   1.2044226e-01  -8.0744232e-01  -7.4976296e-01  -7.4250623e-01  -1.1596075e+00  -1.2212579e+00  -1.4857374e+00  -1.3970484e+00  -1.4560963e+00  -1.4607659e+00  -1.4440490e+00
   2.0696594e+00   1.4966155e+00   8.3836754e-01  -2.1153175e-01   1.0454958e-01   3.6090562e-02  -4.6178003e-01  -8.1372963e-01  -7.5427008e-01  -1.4108233e+00  -1.5491564e+00  -1.6874922e+00  -1.4560208e+00  -1.4467993e+00  -1.6859037e+00  -1.8017078e+00
   2.5508975e+00   1.6929737e+00   1.0131522e+00  -1.6605023e-01   1.2494441e-01   8.0104385e-03  -5.8924681e-01  -9.6222949e-01  -6.2329259e-01  -1.1192465e+00  -1.6216202e+00  -1.8209945e+00  -1.6334306e+00  -1.6336544e+00  -1.6406830e+00  -1.6769161e+00
   2.5800539e+00   1.6897474e+00   1.0010375e+00   6.1543928e-01   4.8917590e-01   9.8543296e-02  -5.6432140e-01  -1.0939082e+00  -1.1376868e+00  -1.4834534e+00  -1.6083460e+00  -1.5656005e+00  -1.5302227e+00  -1.5660771e+00  -1.7337142e+00  -1.6493778e+00
   1.3423188e+00   1.1149762e+00   7.3101015e-01   4.2022706e-01   4.0102060e-01   2.4826990e-01  -5.1685400e-01  -8.2454468e-01  -9.2653834e-01  -1.3770790e+00  -1.7500662e+00  -1.7916402e+00  -1.7233733e+00  -1.7037898e+00  -1.9029227e+00  -1.8252309e+00
   1.5900865e+00   1.6523030e+00   5.7238909e-01   1.2441864e-01   3.3610469e-01   9.7773119e-02  -8.3420442e-01  -1.1617591e+00  -9.5950940e-01  -1.1541036e+00  -1.6736546e+00  -1.8897868e+00  -1.7215653e+00  -1.9138141e+00  -1.7565802e+00  -1.7685805e+00
   2.7559261e+00   1.4819993e+00   4.8739993e-01   3.1716250e-01   2.3600576e-01   1.4322597e-01  -7.1289870e-01  -8.8373380e-01  -9.5726181e-01  -1.5196230e+00  -1.6309320e+00  -1.6337881e+00  -1.7307893e+00  -1.8436063e+00  -1.8520880e+00  -1.7742756e+00
   2.6896094e+00   1.8701307e+00   1.0459773e+00   3.5139840e-01   8.5128412e-02   8.4875928e-02  -8.3669283e-01  -7.9220278e-01  -8.8030618e-01  -1.4853967e+00  -1.4149300e+00  -1.4674219e+00  -1.6400890e+00  -1.6947280e+00  -1.7589425e+00  -1.9395293e+00
   3.1094869e+00   1.8028288e+00   3.4236646e-01   1.2093911e-01   4.6536324e-01  -1.5937590e-01  -9.4403469e-01  -6.7858277e-01  -9.5217564e-01  -1.3663606e+00  -1.6521227e+00  -1.6156547e+00  -1.5086765e+00  -1.9099355e+00  -2.0920007e+00  -2.0025680e+00
   2.3910350e+00   1.1898442e+00   6.8344497e-01   3.2848556e-01   1.0469777e-01  -2.1097979e-01  -6.3393415e-01  -8.8611610e-01  -9.0219231e-01  -1.1219111e+00  -1.3120309e+00  -1.6530078e+00  -1.6125572e+00  -1.5328107e+00  -1.5335710e+00  -1.6586311e+00
   2.2993860e+00   1.4708161e+00   7.6522826e-01   5.1549941e-01   8.9101635e-02   2.0217576e-02  -8.8734451e-01  -4.8245902e-01  -8.5764989e-01  -1.2071182e+00  -1.4948157e+00  -1.7494130e+00  -1.7292168e+00  -1.7864123e+00  -1.8104718e+00  -1.9179204e+00
   2.2192780e+00   1.2866704e+00   8.3255137e-01  -9.4636497e-02   1.5209169e-01  -3.1053562e-01  -1.0560412e+00  -1.0907899e+00  -8.5319464e-01  -1.1480136e+00  -1.6061931e+00  -1.7749517e+00  -1.7362274e+00  -1.6961639e+00  -1.8741191e+00  -1.8510445e+00
   1.8697658e+00   1.2105221e+00   1.7973644e-01   2.0431022e-01   9.6281508e-02   1.8391723e-01  -8.8375694e-01  -1.2259240e+00  -1.3705878e+00  -1.3416818e+00  -1.5807563e+00  -1.9111088e+00  -2.0886749e+00  -1.7015848e+00  -2.0267766e+00  -2.0092027e+00
   1.6420367e+00   1.2209287e+00   7.4973061e-01   5.5289413e-01   7.7969284e-02  -2.5850404e-02  -5.2136263e-01  -6.8859945e-01  -1.2024624e+00  -1.5889653e+00  -1.5553199e+00  -1.5035162e+00  -1.7538340e+00  -1.7933046e+00  -1.7376887e+00  -1.6788370e+00
   2.6494261e+00   1.2757265e+00   9.2636976e-01  -4.6324445e-02  -1.0449075e-01  -2.3157562e-01  -5.5566340e-01  -8.7243232e-01  -9.2922162e-01  -1.3278390e+00  -1.7593491e+00  -1.7864577e+00  -1.6704129e+00  -1.7581533e+00  -1.9444296e+00  -1.8397837e+00
   2.5394461e+00   1.2633531e+00   4.4345369e-01  -6.3266255e-02  -3.0699244e-02   4.2861578e-02  -4.9616968e-01  -6.8149381e-01  -8.7530987e-01  -1.1564810e+00  -2.0595529e+00  -1.9439372e+00  -1.8859023e+00  -1.7921189e+00  -1.8617810e+00  -2.0559231e+00
   2.7797335e+00   1.4120519e+00   6.5221404e-01   3.9125522e-01   1.4501263e-01  -2.6176276e-02  -6.9379026e-01  -5.9006693e-01  -1.1225989e+00  -1.3133790e+00  -1.7886298e+00  -1.8033764e+00  -1.7040463e+00  -1.7254898e+00  -1.8912444e+00  -1.8751793e+00
   1.9979074e+00   1.0438510e+00   6.7960938e-01   8.8406650e-01   8.8750104e-02  -9.2412334e-03  -6.4622296e-01  -1.1043310e+00  -1.1942199e+00  -1.2343870e+00  -1.4224817e+00  -1.8433077e+00  -1.7595029e+00  -1.8193297e+00  -2.1262161e+00  -2.0391263e+00
   2.3169957e+00   1.3325303e+00   1.2046711e+00   5.6755060e-01  -3.4664174e-01   5.6098576e-02  -6.2688387e-01  -1.1445834e+00  -1.1760793e+00  -1.2513258e+00  -1.5011353e+00  -1.5526676e+00  -1.6807476e+00  -1.7803648e+00  -1.7626765e+00  -1.7159440e+00
   2.3156470e+00   1.1492758e+00   4.8004892e-01   1.2467819e-01   1.4013304e-01   1.8161167e-01  -7.6074888e-01  -1.2767955e+00  -9.1903822e-01  -1.1157870e+00  -1.5548783e+00  -1.6020164e+00  -1.6222109e+00  -1.6665334e+00  -1.5872480e+00  -1.7351169e+00
   2.7488347e+00   1.7915430e+00   6.1970376e-01   3.8495628e-01   2.5492297e-01   4.1568131e-02  -4.1150484e-01  -7.3312734e-01  -1.0682737e+00  -1.3237389e+00  -1.3481256e+00  -1.4016558e+00  -1.4218524e+00  -1.3948379e+00  -1.3622027e+00  -1.4461213e+00
   2.7918259e+00   1.6524619e+00   7.6732360e-01   1.7043462e-01   3.5131980e-01   6.8535574e-02  -7.3073058e-01  -6.5948483e-01  -1.0059775e+00  -1.3240053e+00  -1.2136004e+00  -1.2224783e+00  -1.4904849e+00  -1.4854913e+00  -1.3485966e+00  -1.3898747e+00
   2.8035092e+00   1.7224235e+00   5.5292413e-01   5.1312251e-01   1.5235141e-01  -4.3806533e-02  -8.9642340e-01  -9.1453179e-01  -8.8726988e-01  -1.1184603e+00  -1.2022292e+00  -1.1868917e+00  -1.0763649e+00  -1.0362519e+00  -5.3161147e-01  -6.5648382e-01
   2.0043863e+00   1.2752717e+00   4.9911338e-01   1.8011738e-01   3.5155001e-01  -5.6194244e-02  -6.3985820e-01  -9.5557882e-01  -1.1683961e+00  -1.3600001e+00  -1.5079734e+00  -1.5953366e+00  -1.4964318e+00  -1.5760643e+00  -1.5011853e+00  -1.6294788e+00
   1.8500172e+00   1.0933201e+00   5.6995041e-01   1.0564803e-01   3.6814256e-01   1.2683439e-01  -1.0067667e+00  -1.1474635e+00  -1.2421839e+00  -1.2849787e+00  -1.5026509e+00  -1.5416546e+00  -1.4778031e+00  -1.6175004e+00  -1.5669599e+00  -1.6228329e+00
   2.5394822e+00   8.5996323e-01   3.6508849e-01   1.0575580e-01  -1.1201848e-02  -2.2519342e-01  -9.2129364e-01  -1.0216339e+00  -8.1228910e-01  -1.1083002e+00  -1.5232997e+00  -1.6958640e+00  -1.4352368e+00  -1.6165850e+00  -1.7249043e+00  -1.6172007e+00
   2.6559096e+00   1.2266373e+00   6.1909577e-01   4.7053783e-01   4.7749909e-01   9.1706179e-02  -3.3861395e-01   5.4570267e-02  -1.5475414e-01  -5.4497513e-01   8.5274225e-01   5.8070112e-01   2.4899765e-01   3.7756585e-01  -2.3031446e-01  -6.4155680e-01
   2.5271323e+00   1.5813437e+00   5.1094892e-01   9.4428741e-01   9.2158477e-01   5.2627755e-01   1.2480057e+00   1.3889032e+00   8.7462362e-01   7.3728724e-01   2.3448979e+00   2.0339942e+00   1.5248440e+00   1.8228460e+00   1.1987237e+00   8.7897216e-01
   2.4945758e+00   1.5483622e+00   8.3702684e-01   1.1247957e+00   7.8488891e-01   8.0058633e-01   1.7600993e+00   2.1854646e+00   1.3779736e+00   1.6575231e+00   2.8563277e+00   2.6368771e+00   2.3146117e+00   2.6793196e+00   1.9374728e+00   1.3899232e+00
   2.6753855e+00   1.9581474e+00   1.4594928e+00   1.2117864e+00   1.0196947e+00   1.4002583e+00   1.8666725e+00   2.0679676e+00   1.5133651e+00   1.3892255e+00   2.5812364e+00   2.0815000e+00   1.7234975e+00   2.1838718e+00   1.4677522e+00   9.4631009e-01
   2.7129475e+00   1.6398535e+00   8.2606158e-01   1.0831149e+00   1.2821684e+00   1.5376900e+00   2.0761357e+00   2.0089108e+00   1.4730880e+00   1.2623314e+00   2.4570787e+00   1.8635487e+00   1.3967093e+00   1.7967415e+00   6.4764540e-01   2.1901200e-02
   1.8467392e+00   1.4370071e+00   1.1277276e+00   9.8679112e-01   1.0217615e+00   1.2826692e+00   2.0027011e+00   2.0251891e+00   1.3672748e+00   1.2538703e+00   2.2074957e+00   1.7715052e+00   1.3225239e+00   1.7534448e+00   4.5241604e-01  -8.2405073e-02
   2.1765245e+00   1.6259039e+00   1.0651025e+00   1.2978440e+00   1.1335367e+00   1.4841523e+00   1.9528795e+00   2.0380396e+00   1.4658129e+00   1.2379614e+00   2.0996019e+00   1.6429337e+00   1.3249653e+00   1.7898052e+00   4.9314877e-01   7.7199225e-02
   1.7905337e+00   1.4713888e+00   5.8891709e-01   1.3457007e+00   1.1489354e+00   1.5746343e+00   2.0699404e+00   2.0836913e+00   1.5012483e+00   1.3320528e+00   2.2730722e+00   1.7790261e+00   1.3566866e+00   1.9263161e+00   6.8138321e-01   6.3136093e-02
   1.9913851e+00   1.2774378e+00   4.1498675e-01   1.5677093e+00   1.2051563e+00   1.4257779e+00   2.0265416e+00   2.0890230e+00   1.4805915e+00   1.3883909e+00   2.3283964e+00   1.6689882e+00   1.1002669e+00   1.8306284e+00   7.5227306e-01  -8.3643111e-02
   2.3633486e+00   1.5717197e+00   1.4328544e+00   1.3100446e+00   9.9937907e-01   1.5980962e+00   2.0639264e+00   2.0823650e+00   1.4609728e+00   1.4512730e+00   2.3514861e+00   1.5566447e+00   1.0622644e+00   1.8779522e+00   7.7552446e-01  -2.1887104e-02
   2.6215239e+00   1.8333587e+00   1.4205020e+00   1.2447695e+00   1.2465399e+00   1.7775465e+00   2.1112267e+00   2.0257283e+00   1.5194502e+00   1.6916947e+00   2.3123195e+00   1.4241572e+00   9.4637136e-01   1.7614597e+00   8.2760920e-01   5.5818967e-02
   1.9409783e+00   1.4614672e+00   1.1569665e+00   1.4436222e+00   1.3980113e+00   1.7471812e+00   2.1359140e+00   1.9470166e+00   1.5943070e+00   1.8110132e+00   2.2199680e+00   1.2528635e+00   8.4536612e-01   1.5395109e+00   8.4055239e-01   2.4735491e-01
   2.6790993e+00   1.6970559e+00   1.1082928e+00   1.6375279e+00   1.4678162e+00   1.9025125e+00   2.2589455e+00   1.8700467e+00   1.6488036e+00   1.8096206e+00   2.0361248e+00   1.1071942e+00   9.4816239e-01   1.3862434e+00   8.3227230e-01   2.8134331e-01
   2.5737391e+00   1.6058479e+00   4.8408364e-01   1.4682790e+00   1.3738813e+00   1.8306027e+00   2.2179880e+00   1.6965237e+00   1.7489902e+00   1.7689004e+00   1.6796882e+00   8.1127027e-01   8.2106811e-01   1.1084379e+00   5.5919729e-01   5.3980793e-02
   1.9976645e+00   1.8011538e+00   9.0993229e-01   1.6116167e+00   1.5679650e+00   2.0446663e+00   2.2172101e+00   1.5172961e+00   1.8431855e+00   1.7841323e+00   1.2448207e+00   3.7630815e-01   4.8395664e-01   9.7046845e-01   8.2786180e-01   4.2931239e-02
   2.1070994e+00   2.1058549e+00   1.2956860e+00   1.6608662e+00   1.6664050e+00   2.1045412e+00   2.2019215e+00   1.5645969e+00   2.0056516e+00   1.7107573e+00   8.1770887e-01   1.8360961e-02   3.0552799e-01   9.3208407e-01   7.3413470e-01   1.0065645e-02
   2.3382771e+00   1.3055298e+00   1.1413237e+00   1.7310966e+00   1.7149636e+00   2.1627205e+00   2.0753705e+00   1.6220123e+00   2.0595554e+00   1.3415601e+00   4.7383889e-01  -3.2329656e-01   1.8606730e-03   8.3147517e-01   8.5699895e-01   2.4349446e-01
   2.5179871e+00   1.6921847e+00   1.0520755e+00   1.6634386e+00   1.7713875e+00   2.2742026e+00   2.0021377e+00   1.7924902e+00   2.2541780e+00   7.8905096e-01   3.1746878e-01  -3.2392001e-01  -1.0011436e-01   7.6271320e-01   8.6310079e-01   3.1273142e-01
   2.8232279e+00   1.1703908e+00   4.5121166e-01   1.7444108e+00   1.8625482e+00   2.4033831e+00   1.9444244e+00   2.1035561e+00   2.5693497e+00   3.7087510e-01   8.5756578e-02  -3.8133912e-01  -9.7854359e-02   8.0145977e-01   8.8275056e-01   3.6774069e-01
   3.0838524e+00   1.7381180e+00   1.1189288e+00   1.8217053e+00   1.9480126e+00   2.4555919e+00   1.8181544e+00   2.2342155e+00   2.5128484e+00   9.3444227e-06  -1.7035757e-01  -7.5872307e-01  -4.9826089e-01   6.5799476e-01   8.5111193e-01   3.9332359e-01
   2.6214190e+00   1.7438822e+00   1.1016077e+00   1.7191505e+00   1.8985352e+00   2.5406429e+00   1.6570435e+00   2.2071008e+00   1.9303129e+00   4.5387906e-02   1.1859713e-02  -3.4849602e-01  -3.7286050e-01   6.5875326e-01   7.7659642e-01   3.3338564e-01
   2.6838410e+00   1.8415255e+00   9.2886436e-01   1.5910406e+00   1.8698354e+00   2.5288221e+00   1.3566116e+00   2.4377266e+00   1.3488775e+00  -2.9394874e-01  -5.1259311e-02  -3.4966644e-01  -5.6816441e-01   5.4459457e-01   8.0556955e-01   3.1709831e-01
   2.7764205e+00   1.8833900e+00   1.0082561e+00   1.5874955e+00   1.6797377e+00   2.2750788e+00   1.1734845e+00   2.3118905e+00   9.2143297e-01  -9.1784403e-01  -8.7880191e-01  -1.0000258e+00  -1.3895039e+00  -2.3961648e-02   3.7930107e-01  -5.0620663e-02
   2.6928691e+00   1.5420099e+00   1.2507673e+00   1.5306464e+00   1.5598648e+00   1.7159181e+00   1.3679594e+00   1.6878082e+00   5.5923357e-01  -6.6767237e-01  -9.9024304e-01  -9.3527046e-01  -9.6250144e-01  -3.3389590e-01   8.0852413e-02  -3.1154418e-01
   2.4245904e+00   1.8442481e+00   1.5246295e+00   1.5646349e+00   1.6300903e+00   6.4329116e-01   1.4249763e+00   1.1481167e+00  -3.3718635e-02  -9.0053190e-01  -1.1503026e+00  -1.3533025e+00  -1.1636924e+00  -3.3692977e-01  -1.4285799e-01  -4.8459566e-01
   2.4065822e+00   1.7943060e+00   1.0803550e+00   1.5196524e+00   1.6016367e+00   1.1610556e+00   1.7695225e+00   1.1527734e+00  -2.7850893e-01  -1.0877638e+00  -1.3408972e+00  -1.4520366e+00  -1.3094862e+00  -5.5032107e-01  -5.8883235e-01  -6.6613292e-01
   2.4328503e+00   1.6042147e+00   1.0916608e+00   1.5373851e+00   2.0278476e+00   1.3142685e+00   1.4889979e+00   1.0633927e+00  -5.1617854e-01  -1.0734709e+00  -1.0585759e+00  -1.4302347e+00  -1.6558030e+00  -1.2040175e+00  -1.1602378e+00  -1.1633632e+00
   2.3518544e+00   1.3152949e+00   8.1987650e-01   1.3162076e+00   2.1978214e+00   1.1587350e+00   8.5000390e-01   7.9408272e-01  -7.6475093e-01  -1.2253195e+00  -1.2024379e+00  -1.4276859e+00  -1.4587966e+00  -1.2424939e+00  -1.5509623e+00  -1.6040105e+00
   2.4336149e+00   1.6510768e+00   7.8839025e-01   1.1318715e+00   2.2707055e+00   8.2077788e-01   2.3087066e-01   9.1694978e-01  -9.0025739e-01  -9.8720665e-01  -1.1156261e+00  -1.6765620e+00  -1.2626250e+00  -1.2308737e+00  -1.3700228e+00  -1.2495370e+00
   2.0516734e+00   1.4030085e+00   9.7901345e-01   7.5251035e-01   1.6678629e+00   5.0866731e-01   2.8243445e-01   5.1935206e-01  -6.5699582e-01  -1.1921958e+00  -1.4976549e+00  -1.4578504e+00  -1.6252452e+00  -1.6644978e+00  -1.5562932e+00  -1.3818938e+00
   2.1039203e+00   1.5984109e+00   1.2699745e+00   8.1856835e-01   1.1100831e+00   9.1901312e-01   1.2718977e+00   3.4114681e-01  -5.1738053e-01  -1.0442965e+00  -1.5477120e+00  -1.7956123e+00  -1.8755604e+00  -1.8501794e+00  -1.5181482e+00  -1.4368842e+00
   2.3173018e+00   1.1721444e+00   6.4483079e-01   5.4188095e-01   7.9195813e-01   6.8396329e-01   5.5687477e-01   1.9956380e-01  -8.9047930e-01  -1.2413651e+00  -1.9023183e+00  -1.7838522e+00  -1.7215948e+00  -1.7208759e+00  -1.6038614e+00  -1.4666627e+00
   2.6545595e+00   1.1186609e+00   1.0115583e+00   6.7967351e-01   6.3863031e-01   2.8584374e-01  -4.6567018e-01  -4.6291233e-01  -7.8634581e-01  -1.1404560e+00  -1.3404886e+00  -1.5233370e+00  -1.6398773e+00  -1.6127552e+00  -1.4882785e+00  -1.3914294e+00
   2.5679910e+00   1.4251968e+00   9.2797313e-01   8.5082251e-01   6.8321457e-01   4.5617580e-01  -3.7652506e-01  -3.6268168e-01  -9.5978443e-01  -1.3024736e+00  -1.6585531e+00  -1.9616370e+00  -1.9393428e+00  -1.7719130e+00  -1.7902049e+00  -1.5850084e+00
   2.2882298e+00   1.3878531e+00   8.7730876e-01   3.8876983e-01   1.3033466e-01  -6.6839655e-03  -2.7280200e-01  -8.6986375e-02  -7.8728164e-01  -1.2699204e+00  -1.6934153e+00  -1.5692505e+00  -1.9535882e+00  -1.7625326e+00  -1.9751517e+00  -1.6148882e+00
   2.8844655e+00   1.7709182e+00   8.3895543e-01   4.0796295e-02   3.5822191e-02   5.5103500e-02  -6.8768052e-01  -8.2904717e-01  -6.8509930e-01  -8.9735975e-01  -1.3211518e+00  -1.4953166e+00  -1.6222292e+00  -1.5239633e+00  -1.5850480e+00  -1.4696195e+00
   2.1983894e+00   1.3775605e+00   4.4259938e-01   1.5763491e-01  -1.0449409e-01   2.2118242e-01  -4.7183957e-01  -1.3286749e+00  -9.7728919e-01  -1.0791120e+00  -1.2875502e+00  -1.5555782e+00  -1.4628745e+00  -1.6356997e+00  -1.8032970e+00  -1.7165175e+00
   2.1850522e+00   1.4214866e+00   8.9362060e-01   3.4931010e-01  -1.5728191e-01  -2.2625950e-01  -1.5997995e-01  -5.8896875e-01  -9.6072568e-01  -1.3098236e+00  -1.4317480e+00  -1.4401850e+00  -1.4698135e+00  -1.4850737e+00  -1.5284882e+00  -1.4376222e+00
   2.4865026e+00   1.3891206e+00   1.2165398e+00   8.0811486e-01   6.1962654e-01   3.6637573e-01  -3.8456323e-01  -5.7768904e-01  -1.0508283e+00  -1.2213104e+00  -1.3296835e+00  -1.4501823e+00  -1.4120712e+00  -1.4708657e+00  -1.5158709e+00  -1.3984058e+00
   2.7139261e+00   1.6379746e+00   6.9723383e-01   2.7296904e-01  -1.6074462e-01   2.6684891e-01  -2.0636831e-01  -8.5094247e-01  -9.1746206e-01  -1.1665810e+00  -1.3399346e+00  -1.4360440e+00  -1.5613092e+00  -1.3583754e+00  -1.4744796e+00  -1.5673332e+00
   2.9798962e+00   9.3656249e-01   8.2374053e-01   2.6545340e-01   2.7346246e-01   6.4531526e-01  -1.2641932e-01  -3.5115175e-01  -7.8754575e-01  -9.2264837e-01  -1.1508006e+00  -1.1828008e+00  -1.1398460e+00  -1.1661146e+00  -1.1992332e+00  -1.1529449e+00
   2.4313431e+00   1.7090429e+00   1.1293057e+00   7.3969377e-01  -3.6755313e-02   1.5067861e-01  -4.3271144e-01  -8.0868941e-01  -1.0146046e+00  -1.1505180e+00  -1.3916981e+00  -1.6024519e+00  -1.5319335e+00  -1.5846609e+00  -1.6412463e+00  -1.6180133e+00
   2.8988782e+00   1.9070741e+00   5.4832792e-01   7.7901656e-01   4.6654717e-01   4.3735575e-01  -1.1100613e-01  -5.3349455e-01  -9.1652385e-01  -1.4219393e+00  -1.4237510e+00  -1.6181689e+00  -1.3360244e+00  -1.7004510e+00  -1.8165191e+00  -1.8243731e+00
   2.5804073e+00   1.4571652e+00   8.6776316e-01   2.6707289e-01  -1.9911989e-01   3.4062653e-02  -5.0649479e-01  -8.5350771e-01  -7.3054753e-01  -1.0660430e+00  -1.4310035e+00  -1.6228214e+00  -1.4421118e+00  -1.4485192e+00  -1.6776452e+00  -1.7223259e+00
   2.7197059e+00   1.1944116e+00   1.2314602e+00  -7.4040925e-03  -2.3221196e-01   3.0718842e-01  -5.8540654e-01  -9.1720246e-01  -8.4989006e-01  -1.3648066e+00  -1.8571533e+00  -1.8613667e+00  -1.5651756e+00  -1.5379681e+00  -1.8079254e+00  -2.0327412e+00
   2.6197989e+00   1.5597234e+00   6.4473232e-01   3.1124966e-01   2.9911632e-02   1.3758104e-01  -2.9395394e-01  -8.9035881e-01  -8.2616828e-01  -1.0748618e+00  -1.3274219e+00  -1.4157664e+00  -1.6476859e+00  -1.5158028e+00  -1.8938023e+00  -2.1159507e+00
   2.6166286e+00   1.3492922e+00   4.9023454e-01   6.4655390e-02   1.3913312e-01   3.1433323e-01  -6.9609916e-01  -1.0010587e+00  -9.4499379e-01  -1.0659725e+00  -1.4878312e+00  -1.5996377e+00  -1.4234824e+00  -1.6218696e+00  -1.9714052e+00  -1.9634120e+00
   2.3789215e+00   1.4856364e+00   5.6349875e-01   3.1557912e-01   3.7902090e-01   4.2507023e-02  -2.5307970e-01  -6.3083062e-01  -8.7037703e-01  -1.1309455e+00  -1.5591434e+00  -2.0600761e+00  -1.7188337e+00  -1.6552348e+00  -1.6154163e+00  -1.7323878e+00
   2.7977517e+00   1.7798825e+00   1.0961967e+00   4.0190024e-02   5.0299752e-01   4.0868870e-01  -2.8583861e-01  -8.7474407e-01  -9.1887717e-01  -8.7031325e-01  -1.1603452e+00  -1.3054452e+00  -1.3060477e+00  -1.3382034e+00  -1.4384501e+00  -1.4612554e+00
   2.6070367e+00   1.3861997e+00   1.1815331e+00   2.4111718e-01   2.9622911e-01   1.7786740e-01  -5.3841272e-01  -7.8605047e-01  -1.2532573e+00  -1.3682619e+00  -1.3964609e+00  -1.0910455e+00  -1.7604068e+00  -1.7309810e+00  -1.7756675e+00  -1.8916877e+00
   1.8818499e+00   1.0108271e+00   7.9109839e-01   3.8709515e-02   4.4552681e-01   4.4358276e-01  -3.0085410e-01  -7.2680895e-01  -1.0015236e+00  -1.4140168e+00  -1.4899044e+00  -1.8485032e+00  -1.6817781e+00  -1.5034741e+00  -1.7056627e+00  -1.6133676e+00
   1.7539558e+00   1.1034591e+00   7.0396748e-01   6.4927999e-01   2.7853755e-01   4.4431430e-01  -2.9363436e-01  -9.5254543e-01  -1.2199758e+00  -1.3946449e+00  -1.5696267e+00  -1.4551744e+00  -1.4729590e+00  -1.5280987e+00  -1.7400695e+00  -1.7108200e+00
   1.7734554e+00   9.1829468e-01   8.6444087e-01   4.0857381e-01  -2.8763908e-02  -1.8269410e-02  -5.2148486e-01  -9.0604664e-01  -9.6922816e-01  -1.1210257e+00  -1.5864870e+00  -1.3956815e+00  -1.3533292e+00  -1.5277527e+00  -1.8530869e+00  -1.8583822e+00
   1.4767249e+00   9.3083665e-01   1.1216566e+00   9.0999800e-01  -2.9230178e-02   8.7256379e-02  -4.6137914e-01  -4.3920770e-01  -9.5188215e-01  -1.1742923e+00  -1.4988377e+00  -1.8374848e+00  -1.6098046e+00  -1.5703995e+00  -1.7734673e+00  -1.9403313e+00
   2.4079742e+00   1.9344074e+00   1.2915143e+00   2.1977628e-01   7.2387289e-02   1.7952239e-02  -2.5469989e-01  -5.8622246e-01  -1.1215244e+00  -1.3308296e+00  -1.6619305e+00  -1.7943466e+00  -1.7423159e+00  -1.8734773e+00  -1.8499017e+00  -2.0184599e+00
   2.4231151e+00   1.0931723e+00   1.0396360e+00   5.1342565e-01   4.6769837e-02   1.2681749e-01  -3.6793747e-01  -6.5502462e-01  -7.2481788e-01  -1.0768648e+00  -1.4697059e+00  -1.6897234e+00  -1.6510852e+00  -1.4510459e+00  -1.6557692e+00  -1.6362637e+00
   2.6219051e+00   1.0138717e+00   9.1327550e-01   5.1731429e-01  -1.2730799e-01  -1.5094790e-01  -2.5161909e-01  -5.3540532e-01  -7.6538629e-01  -1.6340582e+00  -1.6472722e+00  -1.6455627e+00  -1.5503256e+00  -1.5741074e+00  -2.2041794e+00  -1.9351120e+00
   2.6325854e+00   1.4881285e+00   8.8691023e-01   5.3369946e-01   4.8605741e-01   2.2319176e-01  -7.5415133e-01  -4.9538519e-01  -9.3048655e-01  -1.3305070e+00  -1.5645522e+00  -1.7072941e+00  -1.5775993e+00  -1.6627674e+00  -1.8569707e+00  -1.8037949e+00
