   3.2968516e+00   3.3930350e+00   2.5767018e+00   2.4175489e+00   2.1013030e+00   2.3470223e+00   1.5437702e+00   1.5150463e+00   1.4578117e+00   1.6610141e+00   1.6781092e+00   1.4617872e+00   1.4904148e+00   1.0423141e+00   1.4408710e+00   1.3968346e+00
   3.4522009e+00   3.0328084e+00   2.7668393e+00   2.2682902e+00   1.7276190e+00   1.9361660e+00   1.7739958e+00   1.6526887e+00   1.2901240e+00   1.4452278e+00   1.7997639e+00   1.9654627e+00   1.6580155e+00   1.3450078e+00   1.4796867e+00   1.4686459e+00
   2.7133169e+00   2.9574921e+00   1.8891542e+00   1.8365059e+00   1.8128523e+00   1.8506539e+00   1.4640098e+00   1.2893609e+00   1.2481459e+00   1.4731367e+00   1.6828968e+00   1.8416187e+00   1.4117936e+00   1.2167237e+00   1.4159031e+00   1.2007399e+00
   3.3876169e+00   2.7359365e+00   2.9035694e+00   2.7064748e+00   1.8155193e+00   1.2227658e+00   1.5092604e+00   1.7197466e+00   1.6746325e+00   1.4393728e+00   1.4716920e+00   1.9227676e+00   1.5233339e+00   1.1451711e+00   1.4323599e+00   1.1688258e+00
   3.4036187e+00   2.7731955e+00   2.7007423e+00   2.0567698e+00   1.2589288e+00   1.6850808e+00   1.9338338e+00   1.7291509e+00   1.3664406e+00   1.4466490e+00   1.7077584e+00   2.0367987e+00   1.5584548e+00   1.4452140e+00   1.7084302e+00   1.3033207e+00
   3.4496223e+00   2.6225904e+00   2.4568613e+00   2.1392832e+00   1.1866904e+00   1.2164487e+00   1.7672172e+00   1.6647746e+00   1.4813735e+00   1.5909137e+00   1.7966423e+00   2.0708205e+00   1.4724855e+00   1.2750494e+00   1.5506407e+00   1.3009591e+00
   3.4556731e+00   2.8912082e+00   2.8959908e+00   2.5083367e+00   1.7893085e+00   1.8177960e+00   1.6612419e+00   1.8630162e+00   1.3190960e+00   1.5329528e+00   1.5926766e+00   1.7627499e+00   1.5643758e+00   1.4669748e+00   1.5771935e+00   1.1691102e+00
   3.4832345e+00   2.4488369e+00   2.5341427e+00   1.6206667e+00   1.6586134e+00   1.7047747e+00   1.4338040e+00   1.5832271e+00   1.8313451e+00   1.8250496e+00   1.7815922e+00   1.7263680e+00   1.5686130e+00   1.2045733e+00   1.7314605e+00   1.2691555e+00
   3.7110105e+00   2.8211684e+00   2.7715436e+00   2.7543605e+00   2.0682460e+00   1.8540671e+00   1.8018376e+00   1.7779106e+00   1.9080068e+00   1.7524568e+00   1.6589732e+00   1.5947779e+00   1.2850754e+00   1.3148038e+00   1.6646564e+00   1.3412037e+00
   3.3639841e+00   3.0414417e+00   2.7168571e+00   2.5089180e+00   1.9112821e+00   1.5327744e+00   1.2682764e+00   1.8069191e+00   1.9818568e+00   1.5482515e+00   1.7096887e+00   1.7313759e+00   1.3730705e+00   9.6868386e-01   1.4019933e+00   1.1755499e+00
   3.6988281e+00   3.3974774e+00   2.8563149e+00   2.4460440e+00   1.6229207e+00   1.7848361e+00   1.6402561e+00   1.7299474e+00   1.5923590e+00   1.3753907e+00   1.7145091e+00   1.6941903e+00   1.2563316e+00   1.1138579e+00   1.4032072e+00   1.1285109e+00
   3.4252524e+00   2.7937403e+00   2.4039444e+00   2.3099129e+00   2.3117713e+00   2.1225317e+00   1.3377415e+00   1.2879211e+00   1.4470223e+00   1.6533743e+00   1.5360901e+00   1.7965368e+00   1.5887311e+00   1.3713723e+00   1.4954223e+00   1.0816719e+00
   3.5336023e+00   2.7622518e+00   2.1758001e+00   2.1786854e+00   2.0922317e+00   2.2028740e+00   1.7559135e+00   1.9038412e+00   1.2980990e+00   1.6686156e+00   1.6562422e+00   1.7454862e+00   1.5424543e+00   1.0241467e+00   1.2029943e+00   1.2724023e+00
   3.8711108e+00   3.4243097e+00   2.1602435e+00   2.3041923e+00   2.0239134e+00   1.7543695e+00   1.8355537e+00   1.4312784e+00   1.4320795e+00   2.0546133e+00   1.9043468e+00   1.9741821e+00   1.7314316e+00   2.2205486e+00   1.5695733e+00   1.4135032e+00
   3.2698956e+00   2.5550509e+00   2.1183707e+00   2.5960014e+00   2.6861249e+00   2.4592565e+00   1.5861972e+00   1.8598356e+00   1.7735128e+00   2.4289340e+00   1.9521052e+00   2.4921784e+00   2.2616185e+00   2.7037299e+00   1.7074385e+00   1.3786669e+00
   3.9978050e+00   3.2060829e+00   2.5543335e+00   2.8113398e+00   3.0176594e+00   2.3540185e+00   1.4560166e+00   1.8423999e+00   1.7931566e+00   2.1938826e+00   2.3572308e+00   2.6909763e+00   2.1683906e+00   2.5561508e+00   1.8833392e+00   1.5076222e+00
   3.5487569e+00   2.9641352e+00   2.3117219e+00   2.5030629e+00   3.0436688e+00   2.8951455e+00   1.3510783e+00   1.8836624e+00   2.2424412e+00   2.6063976e+00   2.4089855e+00   2.6902256e+00   2.1272813e+00   2.2992922e+00   1.6882600e+00   1.4201544e+00
   3.8828235e+00   3.0321415e+00   2.3562882e+00   2.6155220e+00   3.2298138e+00   2.7568689e+00   1.5718621e+00   2.0786487e+00   2.2715210e+00   2.5809250e+00   2.3126289e+00   2.6838201e+00   2.6353979e+00   2.5607955e+00   1.5228730e+00   1.2805410e+00
   3.6833052e+00   3.0972190e+00   2.6945399e+00   2.9988998e+00   3.6432728e+00   2.9287599e+00   2.1408277e+00   1.7278136e+00   2.3938143e+00   2.8570851e+00   2.6276516e+00   3.0787687e+00   2.9048257e+00   2.7651881e+00   1.7062613e+00   1.3396020e+00
   3.5174406e+00   2.9260442e+00   2.4271697e+00   2.8100144e+00   3.6046587e+00   2.9671968e+00   1.8021818e+00   2.0636860e+00   2.5424780e+00   2.9826438e+00   2.6224879e+00   3.2180842e+00   3.1180017e+00   3.1791769e+00   2.0787253e+00   1.3538387e+00
   3.5021706e+00   2.6233202e+00   2.9293013e+00   3.2284357e+00   3.5906195e+00   2.9848607e+00   2.0025287e+00   2.2350918e+00   2.7313465e+00   2.9139274e+00   2.7135011e+00   3.2486960e+00   3.0501299e+00   3.2179848e+00   2.1786217e+00   1.5146596e+00
   3.1044348e+00   3.3026271e+00   2.8387049e+00   3.0406081e+00   3.5054210e+00   2.9633699e+00   2.3484691e+00   2.1433258e+00   2.7687590e+00   3.0456628e+00   2.5385326e+00   3.1711930e+00   2.8302831e+00   2.9951262e+00   2.1049330e+00   1.4701518e+00
   3.5477029e+00   2.7677268e+00   2.6892714e+00   2.7781266e+00   3.4044200e+00   3.0325337e+00   2.1700721e+00   2.2018136e+00   2.7734288e+00   3.1417029e+00   2.6559276e+00   3.1219888e+00   2.6946481e+00   3.0234623e+00   2.1436781e+00   1.4029854e+00
   3.5621875e+00   2.3422549e+00   2.5030523e+00   2.6756329e+00   3.2528906e+00   2.8188603e+00   1.8952666e+00   2.3115148e+00   2.7426920e+00   3.0139470e+00   2.6325966e+00   3.0485089e+00   2.8727514e+00   3.0347426e+00   2.0393659e+00   1.4497517e+00
   3.3544514e+00   2.6960283e+00   2.5630159e+00   2.3905139e+00   3.2859886e+00   2.6452037e+00   1.4969419e+00   1.6874914e+00   2.6903412e+00   2.9039801e+00   2.5205377e+00   3.2654587e+00   2.9914460e+00   3.1656545e+00   2.0248357e+00   1.1521092e+00
   3.2570312e+00   2.9888159e+00   3.0668508e+00   2.9326679e+00   3.4118840e+00   2.8101811e+00   1.6182509e+00   1.6801677e+00   2.7711702e+00   2.8685569e+00   2.4243828e+00   3.1976742e+00   2.8563945e+00   3.2163324e+00   2.1681847e+00   1.2862264e+00
   3.0701665e+00   2.8063656e+00   2.3536040e+00   2.5366983e+00   3.3018332e+00   2.6626824e+00   2.0433296e+00   2.0177102e+00   2.8265618e+00   2.8122807e+00   2.4821415e+00   3.0452280e+00   3.0141625e+00   3.4110608e+00   2.1563476e+00   1.3647877e+00
   3.2022048e+00   3.3288300e+00   2.7407173e+00   2.7183887e+00   3.1916151e+00   2.7158090e+00   2.2286329e+00   2.2889484e+00   2.6592142e+00   2.6367220e+00   2.2445521e+00   2.9540825e+00   3.1098424e+00   3.3803197e+00   2.0881971e+00   1.2360703e+00
   3.7408662e+00   3.3441331e+00   2.4923965e+00   2.8734739e+00   3.1214604e+00   2.5227780e+00   1.7272434e+00   2.0940655e+00   2.6020056e+00   2.6127242e+00   2.2508937e+00   2.6760222e+00   3.0132548e+00   3.4098371e+00   2.0508932e+00   1.4927863e+00
   3.7364478e+00   2.9088007e+00   2.3893641e+00   2.8953509e+00   3.0559585e+00   2.4750854e+00   1.4992589e+00   2.1722397e+00   2.5312705e+00   2.5945317e+00   2.3144629e+00   2.9001979e+00   2.6499163e+00   3.0745490e+00   1.7546691e+00   1.5099237e+00
   3.5536813e+00   2.7784207e+00   2.1879596e+00   2.9288251e+00   3.1726984e+00   2.5165326e+00   1.7002567e+00   1.9813932e+00   2.7882971e+00   2.7366544e+00   2.5071168e+00   3.0396891e+00   2.6896392e+00   3.2078610e+00   2.0459104e+00   1.4854532e+00
   3.8206129e+00   3.0157472e+00   2.2654765e+00   3.1859085e+00   3.1116032e+00   2.4984859e+00   2.0625710e+00   2.2899323e+00   2.6639302e+00   2.5052421e+00   2.3352939e+00   2.9816636e+00   2.6646754e+00   3.0699619e+00   1.9173870e+00   1.2836944e+00
   3.7106062e+00   2.6643115e+00   2.1371825e+00   2.7923071e+00   2.9266883e+00   2.5320620e+00   1.6645309e+00   2.2898215e+00   2.6300243e+00   2.4700838e+00   2.5479643e+00   2.9165897e+00   2.4803005e+00   2.9586845e+00   2.1929159e+00   1.7286507e+00
   3.5293507e+00   2.9515775e+00   2.6192209e+00   2.7418299e+00   2.8608451e+00   2.2812270e+00   1.8695285e+00   2.4091514e+00   2.5300537e+00   2.3208782e+00   2.4696552e+00   2.9615793e+00   2.5883010e+00   2.4446728e+00   2.1387726e+00   1.6980581e+00
   3.6400044e+00   3.0715099e+00   2.7321102e+00   2.6647756e+00   2.3296109e+00   2.0035163e+00   2.0268708e+00   1.7867580e+00   2.4408361e+00   2.2375113e+00   2.2484791e+00   2.5993919e+00   2.0861017e+00   1.5565209e+00   1.7240318e+00   1.5122551e+00
   2.8219437e+00   3.1629698e+00   2.1729024e+00   1.8208061e+00   1.9432815e+00   2.4935187e+00   1.5390885e+00   1.3491249e+00   1.4875871e+00   1.6998503e+00   2.2985109e+00   1.8279224e+00   1.4322272e+00   1.3409630e+00   1.6775761e+00   1.4953994e+00
   3.5968485e+00   3.0321351e+00   2.7992806e+00   2.4314907e+00   1.8603155e+00   2.2794294e+00   1.7712588e+00   1.8648103e+00   1.3476235e+00   1.6787183e+00   1.8515840e+00   1.6317767e+00   1.4417185e+00   1.4109014e+00   1.6509706e+00   1.2628477e+00
   3.7791554e+00   2.3362967e+00   2.7797705e+00   2.2204009e+00   1.7800528e+00   2.1051756e+00   1.6509137e+00   1.8268223e+00   1.5441155e+00   1.5997397e+00   2.4693994e+00   2.0578903e+00   1.3875335e+00   1.4575838e+00   1.5704820e+00   1.4189326e+00
   3.1720413e+00   2.9957815e+00   2.6837286e+00   2.1829535e+00   1.9985747e+00   1.9279113e+00   1.7213771e+00   1.5822810e+00   1.6536359e+00   1.7365604e+00   2.1618354e+00   1.6851454e+00   1.5492980e+00   1.2135007e+00   1.5167828e+00   1.6023122e+00
   3.4803473e+00   2.9413749e+00   2.2508903e+00   2.3444238e+00   2.2670644e+00   2.1527863e+00   1.6964829e+00   1.9796714e+00   1.7558551e+00   1.7194519e+00   1.7650003e+00   1.3000365e+00   1.4959212e+00   1.1205474e+00   1.6043489e+00   1.4429253e+00
   3.3933028e+00   3.4254236e+00   2.5414985e+00   2.2446944e+00   2.1716421e+00   1.7182640e+00   1.6010663e+00   2.0104013e+00   1.7840900e+00   1.7219988e+00   1.9183439e+00   1.7983693e+00   1.4082665e+00   1.2155039e+00   1.4315390e+00   1.1835732e+00
   2.9841450e+00   2.8644389e+00   2.8229470e+00   2.4943058e+00   2.2054007e+00   1.8507224e+00   1.1170945e+00   1.5308989e+00   1.7100148e+00   1.6006735e+00   1.7477973e+00   1.5729820e+00   1.4712004e+00   1.1086679e+00   1.2103429e+00   1.2244750e+00
   3.4910035e+00   3.5383307e+00   2.6612751e+00   2.5571104e+00   2.1926280e+00   1.8490122e+00   2.1338787e+00   1.9284771e+00   1.6065543e+00   1.7096204e+00   1.8264767e+00   1.8322978e+00   1.3497364e+00   1.2632567e+00   1.4035365e+00   1.1214062e+00
   3.5390294e+00   2.6377449e+00   2.2844842e+00   2.0517079e+00   1.7830325e+00   1.6561223e+00   1.9540653e+00   1.8214359e+00   1.0296877e+00   1.9495425e+00   1.8649061e+00   1.6305569e+00   1.3012184e+00   1.1956187e+00   1.3342565e+00   1.3523324e+00
   3.2297832e+00   3.0721156e+00   2.3575843e+00   2.0223123e+00   1.8082021e+00   1.9677565e+00   1.6694921e+00   1.5107366e+00   1.5509676e+00   1.5057232e+00   1.5728730e+00   1.8121336e+00   1.5215809e+00   1.4789159e+00   1.3608031e+00   1.3093617e+00
   3.0416706e+00   2.6906637e+00   2.9637923e+00   2.5383051e+00   2.0271957e+00   1.6272951e+00   1.5617437e+00   1.9369117e+00   1.6314905e+00   1.6297416e+00   1.7997187e+00   2.0426931e+00   1.6055302e+00   1.2285169e+00   1.3681609e+00   1.3565080e+00
   3.7490049e+00   3.0274443e+00   2.8064158e+00   2.3450417e+00   2.1151878e+00   2.1250357e+00   2.1238318e+00   1.9353637e+00   1.6068360e+00   1.5880717e+00   1.9865281e+00   1.8728174e+00   1.9190454e+00   1.4221828e+00   1.6283726e+00   1.4455218e+00
   3.6260999e+00   3.1315839e+00   3.3204117e+00   2.6353590e+00   2.0424273e+00   2.1808093e+00   1.8034386e+00   1.9137678e+00   1.5772653e+00   1.8278295e+00   2.2337166e+00   2.1562319e+00   1.7662698e+00   1.1652156e+00   1.3043276e+00   1.2042339e+00
   3.3385345e+00   3.2428344e+00   2.7872952e+00   2.5388204e+00   2.5485440e+00   2.2042055e+00   1.9258168e+00   1.7034092e+00   1.6157269e+00   1.8979888e+00   2.0668293e+00   1.8468764e+00   1.6586105e+00   1.2787078e+00   1.5062653e+00   1.6586594e+00
   3.1567629e+00   2.9694148e+00   2.8044593e+00   2.4842391e+00   1.8865753e+00   1.6644200e+00   1.8860121e+00   1.9243255e+00   1.7514616e+00   1.5552950e+00   1.8850782e+00   1.9266783e+00   1.3114310e+00   1.1610544e+00   1.4545952e+00   1.3097208e+00
   3.8731532e+00   3.0047462e+00   2.3799410e+00   2.8437160e+00   1.9790294e+00   1.9389025e+00   1.3930507e+00   1.7305160e+00   1.5741461e+00   1.6103905e+00   1.7723896e+00   2.0418396e+00   1.5929161e+00   1.0257907e+00   1.5809174e+00   1.2325360e+00
   3.2945125e+00   3.5131647e+00   2.8465919e+00   2.9185775e+00   1.9299387e+00   2.1020057e+00   1.7750032e+00   1.6255218e+00   1.7901590e+00   1.8335236e+00   1.9777246e+00   2.1279536e+00   1.7468198e+00   1.2671604e+00   1.6921692e+00   1.6066459e+00
   2.6991633e+00   3.2351238e+00   2.7522776e+00   2.1930474e+00   1.8110772e+00   1.8712507e+00   1.5771984e+00   1.8731113e+00   1.6426091e+00   1.6960537e+00   2.2353905e+00   2.0471127e+00   1.8031144e+00   1.2926782e+00   1.7114521e+00   1.5861947e+00
   3.1858107e+00   3.3372917e+00   3.1303059e+00   2.3600804e+00   1.7001288e+00   1.8484810e+00   1.8213904e+00   1.9023186e+00   1.7205325e+00   1.3085189e+00   2.2190310e+00   1.8979252e+00   1.5217572e+00   1.3940588e+00   1.6733279e+00   1.4383225e+00
   3.3983483e+00   3.3668559e+00   2.8593043e+00   2.0480183e+00   1.7983154e+00   2.1107426e+00   1.8577610e+00   1.7738704e+00   1.9060427e+00   1.6094931e+00   2.1727541e+00   2.1682386e+00   1.4664171e+00   1.3035393e+00   1.4399700e+00   1.3981220e+00
   4.1411079e+00   3.5572108e+00   2.2144177e+00   2.0957977e+00   1.9304749e+00   2.1279432e+00   1.7123105e+00   1.6116200e+00   1.8872051e+00   1.9658959e+00   2.3701096e+00   2.2977727e+00   1.6266553e+00   1.4132853e+00   1.5400890e+00   1.3460112e+00
   3.5705430e+00   2.4793349e+00   2.5513761e+00   2.2427355e+00   1.3918139e+00   1.4130387e+00   1.3215224e+00   2.0341190e+00   1.8112173e+00   1.4945796e+00   2.1960758e+00   2.1664737e+00   1.7138596e+00   1.4813464e+00   1.4966576e+00   1.5019118e+00
   3.7465766e+00   2.8024991e+00   2.3589488e+00   2.4415858e+00   1.9532945e+00   1.4944885e+00   1.1093163e+00   1.7301369e+00   1.9249673e+00   1.8501275e+00   1.7625814e+00   1.9194057e+00   1.7772342e+00   1.5361355e+00   1.5005780e+00   1.4527126e+00
   3.2432158e+00   3.1820348e+00   2.2822099e+00   2.3246205e+00   2.0353693e+00   1.6571704e+00   1.6586970e+00   1.7742395e+00   1.9444901e+00   1.8497276e+00   1.6245296e+00   1.8443844e+00   1.7443438e+00   1.2831194e+00   1.4735436e+00   1.3671214e+00
   3.6615910e+00   3.3677163e+00   2.8488253e+00   2.6675475e+00   2.7493993e+00   2.0727688e+00   2.2232802e+00   1.8050585e+00   1.8008790e+00   1.2860558e+00   1.5224135e+00   1.6877445e+00   1.6416700e+00   1.5062999e+00   1.4817702e+00   1.3360175e+00
   3.4190343e+00   2.8148081e+00   2.7185459e+00   2.5402619e+00   1.9386808e+00   2.0673946e+00   1.6667341e+00   1.9361370e+00   1.8240459e+00   1.6591906e+00   1.6331481e+00   2.0165229e+00   1.8125949e+00   1.4994302e+00   1.6858242e+00   1.4797952e+00
   2.9626104e+00   3.0613500e+00   3.3319573e+00   2.6742273e+00   1.8110037e+00   1.8770098e+00   1.6270883e+00   1.8339880e+00   1.8773134e+00   1.7108891e+00   2.0182786e+00   2.0893862e+00   1.6208815e+00   1.3101290e+00   1.6579755e+00   1.6544414e+00
   3.9468767e+00   3.3278115e+00   3.0580289e+00   2.6406641e+00   2.3849830e+00   2.3608677e+00   1.9168111e+00   2.0453265e+00   1.8796951e+00   1.9433078e+00   2.4621422e+00   2.2379289e+00   1.7820375e+00   1.6367129e+00   1.6980595e+00   1.4967837e+00
   2.8980877e+00   3.0878605e+00   3.1447234e+00   2.5501461e+00   1.8047033e+00   1.7645491e+00   2.2365665e+00   2.1717932e+00   1.7796517e+00   2.0679963e+00   2.0919838e+00   2.1460923e+00   1.8241251e+00   1.6429113e+00   1.6243478e+00   1.4684151e+00
   3.8990152e+00   3.5662074e+00   2.6400225e+00   2.1579414e+00   1.8877652e+00   1.3275614e+00   1.5181060e+00   1.4027238e+00   1.6012241e+00   1.5767552e+00   1.6829285e+00   2.0885276e+00   1.8367941e+00   1.4334833e+00   1.7081134e+00   1.3892524e+00
