   2.0032685e+00   1.9522336e+00   1.5238902e+00   5.4573931e-01   4.7223410e-01   3.7547173e-01   3.0174747e-03  -3.3835728e-01  -7.1767989e-01  -4.3409813e-01  -6.0605855e-01  -3.8415945e-01  -8.4226540e-01  -1.0978780e+00  -1.2064629e+00  -1.4311812e+00
   2.1517088e+00   2.0990176e+00   1.5865983e+00   7.0072404e-01   6.5874937e-01   9.6881889e-01   3.0704882e-01   2.5273107e-01  -4.9495915e-01  -4.1360645e-01  -4.6803544e-01  -4.5869700e-01  -1.0931289e+00  -1.3475967e+00  -1.4716751e+00  -1.3530641e+00
   2.0431871e+00   1.2149251e+00   1.7389000e+00   1.0258024e+00   3.1800447e-01   5.7993724e-01   5.8017962e-02  -1.8352842e-01  -4.9392352e-01  -2.9838777e-01  -4.9329087e-01  -5.3953118e-01  -8.3746563e-01  -1.0938478e+00  -1.0216090e+00  -1.3072908e+00
   2.3337226e+00   1.7957428e+00   1.5880939e+00   5.1657244e-01   7.4383698e-01   5.6358185e-01   2.2972679e-01  -1.6277651e-02  -7.2748560e-01  -6.2713149e-01  -6.7016666e-01  -5.1613589e-01  -7.9171362e-01  -1.3221782e+00  -1.4798292e+00  -1.2663282e+00
   2.2563634e+00   2.1879407e+00   1.3433009e+00   6.7368819e-01   9.1154962e-01   6.0964842e-01  -3.5645680e-01  -1.8313564e-01  -8.0812739e-01  -5.0720242e-01  -4.8693305e-01  -7.0721316e-01  -6.6067417e-01  -1.2156927e+00  -1.4609652e+00  -1.5022348e+00
   2.4256674e+00   2.4847722e+00   1.5922938e+00   3.2101462e-01   6.0999431e-01   6.1227141e-01   1.5773040e-01  -5.1165743e-01  -8.5998696e-01  -1.0454760e+00  -7.4043129e-01  -3.5241282e-01  -6.0970548e-01  -1.1410142e+00  -1.2846855e+00  -1.3559936e+00
   2.4462389e+00   2.0833921e+00   1.3397118e+00   5.6061616e-01   3.4217690e-01   1.1123454e-01  -1.2081787e-01   5.6149384e-02  -6.7461655e-01  -3.9320186e-01  -6.6071819e-01  -6.6757347e-01  -4.3423366e-01  -1.2306248e+00  -1.2960152e+00  -1.3661530e+00
   2.2725702e+00   1.6338922e+00   1.2047821e+00   2.2066742e-01   3.8338258e-01   6.8828445e-01  -4.5808928e-02  -2.4667425e-01  -6.1880709e-01  -8.5248799e-01  -5.7951518e-01  -5.6023554e-01  -7.0046115e-01  -1.0561414e+00  -1.5127906e+00  -1.5964908e+00
   2.4094308e+00   2.3985133e+00   1.4198262e+00   2.7523829e-01   8.2528681e-02   8.1122648e-01   1.2111175e-01  -1.4378371e-01  -5.0526268e-01  -4.3922703e-01  -8.6146823e-01  -8.0229113e-01  -1.0056167e+00  -1.0850837e+00  -1.4975842e+00  -1.7670190e+00
   2.1857916e+00   2.0180528e+00   1.6580769e+00  -1.9292452e-01   5.6086568e-01   9.2332109e-01  -1.0958837e-01   9.9416366e-02  -3.3970819e-01  -8.9024803e-01  -6.2657755e-01  -6.2532006e-01  -6.4252767e-01  -9.6780342e-01  -1.3613626e+00  -1.4898086e+00
   2.5365243e+00   1.7758159e+00   1.4013919e+00   6.6007022e-01   7.8804449e-01   7.2342973e-01   4.1734177e-01   1.5686355e-01  -3.4641513e-01  -3.9516868e-01  -5.2789233e-01  -5.3401078e-01  -7.7049145e-01  -1.1080568e+00  -1.5819087e+00  -1.5177849e+00
   1.8566712e+00   1.5251428e+00   1.1365624e+00   7.0886086e-01   5.7131667e-01   2.4023329e-01  -1.1434574e-01  -2.2073274e-01  -2.1130697e-01  -2.5372903e-01  -4.5464253e-01  -4.3952406e-01  -5.4790066e-01  -8.5545978e-01  -1.2317266e+00  -1.1888082e+00
   2.3212806e+00   2.4459191e+00   1.5767705e+00   4.8160411e-01   2.1345635e-01  -5.4332259e-02  -9.8092883e-02  -2.1383277e-01  -5.8491081e-01  -4.5823101e-01  -6.8990380e-01  -5.5855494e-01  -5.4343401e-01  -1.0997730e+00  -1.2255797e+00  -1.4292839e+00
   2.2453709e+00   2.2343781e+00   1.3147988e+00   1.1269090e+00   3.0716886e-01   3.0189654e-03   1.3466906e-01   5.0055448e-02  -4.5264420e-01  -4.3506216e-01  -4.4487996e-01  -4.9706359e-01  -5.7480692e-01  -1.2612574e+00  -1.4350440e+00  -1.3812146e+00
   1.8985307e+00   2.3571036e+00   1.9034649e+00   1.1231229e+00   6.4950258e-01   5.5208667e-02  -3.0074282e-01  -2.1906043e-01  -3.4440432e-01  -3.4980761e-01  -4.1308999e-01  -6.3787042e-01  -6.5797747e-01  -1.2129403e+00  -1.2549953e+00  -1.2022404e+00
   2.0225574e+00   1.4696607e+00   1.7054033e+00   1.3712802e+00   5.6783087e-01   9.4482261e-02   4.7540552e-02  -1.2891723e-01  -8.2931033e-01  -5.9311456e-01  -5.5784673e-01  -4.8490601e-01  -7.0104507e-01  -1.1746936e+00  -1.2369618e+00  -1.4787634e+00
   2.0074622e+00   1.8741709e+00   1.5525335e+00   9.1626505e-01   8.5625182e-01   3.7160853e-01   3.2839577e-01   4.4157139e-02  -8.2370224e-01  -6.9511536e-01  -4.9057226e-01  -2.9812559e-01  -7.1287010e-01  -1.1453554e+00  -1.2139728e+00  -1.6345402e+00
   2.1638919e+00   1.9218153e+00   1.3699321e+00   8.8058952e-01   3.4815261e-01   3.5769376e-01  -1.9321595e-01   4.8371306e-02  -4.0208498e-01  -9.3712993e-01  -7.9987151e-01  -8.3990586e-01  -1.0210846e+00  -1.2430820e+00  -1.5264053e+00  -1.5626727e+00
   1.6673529e+00   2.0631407e+00   1.7099235e+00   1.1263213e+00   4.1504836e-01   6.6932810e-01   5.8571967e-02  -2.6355432e-01  -2.8849445e-01  -5.3172715e-01  -6.8749648e-01  -6.2205757e-01  -6.9141273e-01  -1.2099605e+00  -1.2306707e+00  -1.5360247e+00
   2.4089211e+00   1.1311331e+00   1.4565956e+00   9.9650649e-01   7.4199884e-01   5.0526322e-01  -1.2756431e-01  -3.0881076e-01  -4.6877120e-01  -5.9586813e-01  -7.6137764e-01  -4.7331187e-01  -4.4883836e-01  -1.3073221e+00  -1.6679773e+00  -1.5368857e+00
   2.3314473e+00   2.1109650e+00   1.1823005e+00   4.7800747e-01   1.9268256e-01   7.9300314e-02  -1.6072424e-01   5.8177758e-02  -4.2002535e-01  -1.0570756e+00  -1.0393229e+00  -7.5888995e-01  -6.6681612e-01  -1.0555221e+00  -1.1659880e+00  -1.5476841e+00
   2.7554266e+00   1.5996618e+00   1.2270553e+00   6.7476801e-01   4.9608358e-01   6.3113973e-01  -2.8610644e-02  -3.1360685e-01  -6.0195718e-01  -6.0090686e-01  -6.6611123e-01  -7.2933308e-01  -8.2726033e-01  -9.6523688e-01  -1.1090774e+00  -1.4360600e+00
   2.7804395e+00   2.1614381e+00   1.6083818e+00   1.2292257e+00   7.0693607e-01   5.8758168e-01   9.8807813e-02  -9.1024056e-02  -6.6423752e-01  -6.3232288e-01  -6.3042809e-01  -8.3984747e-01  -1.0010093e+00  -1.1420945e+00  -1.2652215e+00  -1.4163502e+00
   2.5952606e+00   1.8600265e+00   1.1646038e+00   7.9559340e-01   5.9714568e-01   4.9639463e-01   3.9535669e-01   1.5553603e-01  -6.6280543e-01  -5.8100139e-01  -3.9888322e-01  -3.6066369e-01  -4.0777009e-01  -8.2078105e-01  -1.0585885e+00  -1.1384814e+00
   2.1093773e+00   1.6329215e+00   1.0660349e+00   7.2919465e-01   3.1655339e-01   1.1054961e+00   7.4555561e-02  -4.5490552e-01  -5.9973006e-01  -5.3058943e-01  -5.0913105e-01  -4.8558726e-01  -8.2784923e-01  -1.1915386e+00  -1.3316691e+00  -1.4167571e+00
   2.1437436e+00   1.7463850e+00   1.2572075e+00   6.4970326e-01   5.4464866e-01   3.8731195e-01  -5.3221973e-02  -5.0757638e-02  -5.3021003e-01  -5.6259745e-01  -5.8204662e-01  -3.5009830e-01  -8.7002373e-01  -1.3767828e+00  -1.1802604e+00  -1.4271265e+00
   2.1946827e+00   1.7863285e+00   1.5181458e+00   5.8331369e-01   4.5136345e-01   5.6887830e-01  -5.6503664e-02   3.2304164e-01  -6.3553378e-01  -5.2587506e-01  -5.0404273e-01  -6.3466702e-01  -1.0100343e+00  -1.6092873e+00  -1.4127785e+00  -1.5719558e+00
   2.4558513e+00   1.7823808e+00   1.4539982e+00   3.4851922e-01   6.6893246e-02   3.2839880e-01  -8.6147776e-01  -6.2309599e-01  -9.8853229e-01  -5.2240602e-01  -4.6192236e-01  -7.4913415e-01  -7.2838542e-01  -1.3040765e+00  -1.3107731e+00  -1.3733113e+00
   2.3284704e+00   1.9730333e+00   1.6314045e+00   8.3540163e-01   6.2813622e-01   4.9421426e-01  -2.9222443e-02  -1.8371842e-01  -8.3250062e-01  -3.7876114e-01  -4.8489417e-01  -8.3721646e-01  -1.0399865e+00  -1.2641404e+00  -1.5395064e+00  -1.4733556e+00
   2.1811079e+00   1.5503132e+00   1.6865503e+00   1.0229779e+00   3.6755035e-01   1.7794173e-01   2.4406982e-02   9.8070961e-02  -7.7874459e-01  -4.9319598e-01  -5.9208544e-01  -6.5288798e-01  -8.5639814e-01  -1.0260874e+00  -1.3839135e+00  -1.5737931e+00
   2.5799495e+00   2.0979885e+00   1.4333244e+00   9.2069797e-01   1.0851189e+00   5.9282331e-01   1.5174459e-01   3.9961436e-02   1.1301835e-01   1.5681587e-01  -4.1362442e-01  -2.9739992e-01  -6.2206028e-01  -7.2864828e-01  -8.1967601e-01  -1.3887348e+00
   2.7862371e+00   2.4967089e+00   1.0942168e+00   1.2064151e+00   1.6846098e+00   7.7894360e-01   1.6903261e-01   1.9045973e-01   1.1445461e+00   5.1080761e-01  -1.1646079e-01   4.4843783e-02  -4.7405029e-01  -4.2170561e-01  -7.7104736e-01  -1.2929075e+00
   2.6806803e+00   1.7515110e+00   1.1716277e+00   1.2005048e+00   1.8359195e+00   3.5007983e-01  -7.6948174e-02   1.8753452e-01   9.1998334e-01   4.0739479e-01   1.2292073e-01   4.1068768e-01  -5.1533395e-01  -4.1388854e-01  -7.2810645e-01  -1.2727468e+00
   2.4036427e+00   1.8569797e+00   1.3900746e+00   1.3172329e+00   2.0580356e+00   9.7683249e-01   5.4439264e-02   4.8239785e-01   1.1570445e+00   5.3903496e-01   1.5489263e-01   6.3922766e-01   7.2984161e-02  -1.8715464e-01  -7.2645255e-01  -1.2161538e+00
   2.1986065e+00   2.0626658e+00   1.3081738e+00   1.6367294e+00   2.2876827e+00   1.3644250e+00   3.3488199e-02   6.0632170e-01   1.3176995e+00   6.4275472e-01   3.9010823e-01   5.8016888e-01   9.2201907e-03  -5.3612888e-02  -3.2850531e-01  -1.2089460e+00
   2.3725578e+00   1.7494379e+00   1.1598465e+00   1.1769807e+00   2.2437759e+00   1.4502068e+00   4.7297645e-01   7.6857917e-01   1.5897248e+00   4.1271472e-01   2.8851282e-01   5.0249553e-01  -4.5916065e-01  -2.7323797e-01  -4.8929079e-01  -1.0465932e+00
   1.9482155e+00   1.8348204e+00   1.3062901e+00   1.0218434e+00   2.0671009e+00   1.3139717e+00   2.0754892e-01   8.0647857e-01   1.7636948e+00   7.4353123e-01   4.2944984e-01   6.2161017e-01  -3.3945224e-01  -4.9528846e-01  -5.8124214e-01  -1.1310175e+00
   2.3599629e+00   1.6370595e+00   1.5550755e+00   1.4010243e+00   2.1650255e+00   1.3129100e+00   2.9137802e-01   8.7711814e-01   1.8441744e+00   7.7933455e-01   5.8008998e-01   5.9727846e-01  -2.9917668e-01  -3.4765557e-01  -4.6871846e-01  -1.0787000e+00
   2.3658836e+00   1.2904988e+00   1.3434246e+00   1.5491122e+00   2.1434813e+00   1.4440640e+00   3.3357182e-01   9.1937796e-01   1.8801431e+00   5.7351819e-01   6.4341710e-01   7.1933342e-01  -2.4577322e-01  -3.0617764e-01  -3.6474050e-01  -1.2522136e+00
   2.2866249e+00   2.2368089e+00   1.2377655e+00   1.8197730e+00   2.2044570e+00   1.5593500e+00   5.1309113e-01   1.2039189e+00   1.7772582e+00   4.9975512e-01   5.9815534e-01   6.5359955e-01  -2.6249879e-01  -2.3682091e-01  -7.6114912e-02  -9.7158651e-01
   1.8925738e+00   1.7095807e+00   7.9238005e-01   1.6849554e+00   2.2208457e+00   1.5439079e+00   3.9280855e-01   1.4168450e+00   1.6485530e+00   5.2132416e-01   4.0933317e-01   3.9966496e-01  -5.5003636e-01  -3.4511118e-01  -1.6401527e-01  -1.1376232e+00
   1.9656727e+00   2.0506082e+00   1.6376269e+00   1.7838803e+00   2.2673071e+00   1.2995385e+00   5.7561037e-01   1.5115240e+00   1.5273203e+00   1.9871061e-01   3.5561737e-01   3.9754777e-01  -3.5873681e-01  -4.3503096e-01  -2.2456160e-01  -1.1439802e+00
   2.9877723e+00   2.3519901e+00   1.7105673e+00   1.8849091e+00   2.1875266e+00   1.3290416e+00   5.0900459e-01   1.4468652e+00   1.3395157e+00   2.1474844e-02   1.2531142e-01   1.7775612e-01  -6.6026291e-01  -5.1369256e-01  -3.9063609e-01  -1.4575243e+00
   2.6883566e+00   1.8138401e+00   1.9040028e+00   1.6721718e+00   1.9265311e+00   9.6523513e-01   5.4796630e-01   1.5475348e+00   1.1231448e+00  -1.6680466e-01   9.4957692e-02   1.1993722e-01  -5.1005598e-01  -3.4679044e-01  -3.6946479e-01  -1.4716154e+00
   1.9551274e+00   1.7378529e+00   1.6775882e+00   1.6748005e+00   1.9704993e+00   1.1015477e+00   4.1309938e-01   1.3556713e+00   8.6300835e-01  -5.8911053e-02  -4.8255016e-02  -9.6635929e-02  -6.8441401e-01  -5.4217601e-01  -5.6997296e-01  -1.3717874e+00
   1.6855225e+00   1.6182510e+00   1.4322553e+00   1.8277208e+00   1.7707007e+00   8.2260645e-01   7.0697669e-01   1.0514705e+00   3.3978121e-01  -5.4477619e-01  -2.5379503e-01  -5.8752603e-01  -6.8577957e-01  -8.2509745e-01  -8.3499086e-01  -1.4016547e+00
   1.5355708e+00   1.0026706e+00   1.1043620e+00   1.7328854e+00   1.7445221e+00   1.1081973e+00   7.8208003e-01   9.0988528e-01  -8.6711734e-02  -3.5468312e-01  -1.4495292e-01  -5.5464436e-01  -7.7472179e-01  -5.1399802e-01  -6.0959861e-01  -1.4529801e+00
   1.9661057e+00   1.9961179e+00   1.4782482e+00   1.5323178e+00   1.6231713e+00   9.6084052e-01   7.8559644e-01   6.0674836e-01  -1.2121591e-01  -3.4094231e-01  -8.9224671e-02  -3.0104424e-01  -8.3734062e-01  -6.2721736e-01  -8.1441037e-01  -1.4971086e+00
   2.0335176e+00   1.9222336e+00   9.4265805e-01   1.3640978e+00   1.6759692e+00   1.0895982e+00   6.4237241e-01   1.1341953e-01  -1.9327253e-01  -4.5168936e-01  -3.2132452e-01  -2.3516283e-01  -6.3027158e-01  -8.9493181e-01  -1.0655989e+00  -1.4722486e+00
   2.0836972e+00   2.2309978e+00   1.8786698e+00   1.7937871e+00   1.5063867e+00   1.1956944e+00   7.6088228e-01   3.1101113e-01  -6.0707275e-01  -4.7207165e-01  -6.7280560e-01  -5.6310009e-01  -7.0027841e-01  -7.7409688e-01  -8.2153023e-01  -1.3680659e+00
   2.3621033e+00   2.0622698e+00   1.4286960e+00   1.7471188e+00   1.4474899e+00   1.0471891e+00   6.0417646e-01   2.4187263e-01  -5.9849968e-01  -6.1289915e-01  -5.0817202e-01  -6.6262885e-01  -6.3634108e-01  -9.5796291e-01  -1.1861802e+00  -1.6215561e+00
   2.2844204e+00   1.8159776e+00   1.5972579e+00   1.8252002e+00   1.2914569e+00   1.4013155e+00   6.3577077e-01   6.0001041e-02  -4.6821141e-01  -6.8573910e-01  -6.1695370e-01  -6.9552269e-01  -9.7020093e-01  -9.3249817e-01  -9.2424052e-01  -1.5241088e+00
   2.5945803e+00   2.2327061e+00   1.5941373e+00   1.1267053e+00   1.0591923e+00   1.4172055e+00   4.5095030e-01   1.6804282e-01  -3.3912062e-01  -4.5433810e-01  -7.5737303e-01  -7.3458931e-01  -1.0355335e+00  -9.1873383e-01  -1.0936543e+00  -1.4380351e+00
   1.7864165e+00   1.7253818e+00   1.6481433e+00   1.3890770e+00   9.4262377e-01   1.0337015e+00   1.1123913e-01  -2.2107427e-01  -7.7888155e-01  -7.7282938e-01  -5.1082494e-01  -7.3046282e-01  -1.0218687e+00  -8.9317463e-01  -9.4516221e-01  -1.6024161e+00
   2.7216791e+00   2.3659470e+00   9.4711088e-01   1.3248342e+00   9.9569153e-01   1.0452559e+00  -1.7866294e-01  -1.2066591e-01  -3.6630504e-01  -4.2409125e-01  -3.2839038e-01  -5.3892438e-01  -7.2301148e-01  -1.0594662e+00  -1.3092848e+00  -1.4990671e+00
   2.5301981e+00   1.8274734e+00   1.5427277e+00   1.3851054e+00   1.3430332e+00   8.6026376e-01   3.3233626e-01  -2.6984186e-01  -4.8716558e-01  -3.3408283e-01  -2.6552992e-01  -4.6256305e-01  -7.4612667e-01  -9.4482207e-01  -1.3915197e+00  -1.7498588e+00
   2.7166719e+00   2.3175059e+00   1.1598278e+00   1.0894952e+00   1.1481837e+00   7.7738633e-01  -2.2723822e-02   2.6864405e-02  -1.2967386e-01  -4.5571262e-01  -4.2456101e-01  -6.2694812e-01  -8.5170100e-01  -8.6651157e-01  -1.1780357e+00  -1.4219951e+00
   2.5271022e+00   1.9486112e+00   1.6410680e+00   1.0972277e+00   9.3879383e-01   1.0675645e+00   2.5392680e-01   4.7372105e-02  -4.9264378e-01  -5.8298063e-01  -5.1619510e-01  -8.4297627e-01  -8.9698040e-01  -9.0323319e-01  -1.1309088e+00  -1.3483741e+00
   2.3065670e+00   2.2520679e+00   1.8038067e+00   7.1644063e-01   6.1417525e-01   9.1179741e-01   5.4677670e-02  -9.9239367e-02  -4.5744906e-01  -6.5332094e-01  -7.8219895e-01  -5.5784245e-01  -7.5938662e-01  -1.1638130e+00  -1.1631962e+00  -1.3517101e+00
   2.3140046e+00   2.4728640e+00   1.6465738e+00   9.1333927e-01   6.3767820e-01   8.7554879e-01  -5.5460479e-01  -3.8061827e-01  -4.4650273e-01  -5.6181305e-01  -5.9913987e-01  -5.3933262e-01  -8.0891533e-01  -1.0693813e+00  -1.4177997e+00  -1.6703342e+00
   2.4679378e+00   2.0951293e+00   1.5846417e+00   5.7887695e-01   3.2308579e-01   6.6629670e-01   1.2990176e-01  -6.3565383e-01  -3.4141263e-01  -3.1045498e-01  -5.0334034e-01  -5.4006579e-01  -8.7230742e-01  -1.2415092e+00  -1.3607659e+00  -1.4683503e+00
   2.7660814e+00   1.6882160e+00   1.1663026e+00   8.9290120e-01   2.2530606e-01   3.5769036e-01   2.3729616e-01  -9.4373016e-02  -6.3588168e-01  -2.7097725e-01  -5.6153824e-01  -6.1021261e-01  -4.8558026e-01  -1.0268233e+00  -1.1571537e+00  -1.4368745e+00
   2.7092625e+00   2.3074023e+00   1.6515465e+00   1.2282556e+00   7.9859157e-01   1.0035483e+00   2.8402505e-01  -4.9511659e-01  -7.4987848e-01  -5.0772542e-01  -5.0344984e-01  -4.8846397e-01  -6.7567960e-01  -8.3213476e-01  -1.0130655e+00  -1.0069418e+00
   2.8729423e+00   2.2689447e+00   1.6863311e+00   1.0350901e+00   2.8915694e-01   7.5678219e-01   2.7453996e-01   1.7772707e-01  -6.7952908e-01  -5.7718789e-01  -6.1731032e-01  -7.3061826e-01  -6.7040184e-01  -9.2305260e-01  -1.0982915e+00  -1.1425362e+00
   2.8417441e+00   2.0237847e+00   1.6127196e+00   8.1659067e-01   1.7654991e-01   3.4399462e-01   3.3469868e-02   2.1424702e-01  -5.1394874e-01  -4.0934855e-01  -4.5892354e-01  -5.8697744e-01  -7.3159946e-01  -1.1688671e+00  -1.3459096e+00  -1.8089042e+00
   2.2089209e+00   1.4761729e+00   1.0357114e+00   8.3975809e-01   2.8182515e-01   2.0898840e-02   1.2586101e-01   1.8431256e-02  -5.8459829e-01  -5.7992535e-01  -6.0358359e-01  -7.8358006e-01  -9.8321215e-01  -1.2822121e+00  -1.5634725e+00  -1.6175461e+00
   1.7335943e+00   2.0141745e+00   1.4652817e+00   8.0364698e-01   1.9462062e-01   3.7996851e-01  -9.6448863e-03  -1.0303626e-01  -5.0633635e-01  -4.7591837e-01  -5.8766854e-01  -6.0368769e-01  -8.3491577e-01  -1.0689840e+00  -1.3321304e+00  -1.4182005e+00
   2.2447860e+00   2.1399258e+00   1.3472420e+00   7.5356901e-01   6.6429938e-01   5.2676039e-01   1.2835581e-01  -1.5761134e-01  -4.2327132e-01  -2.5871608e-01  -3.7739742e-01  -9.0671806e-01  -9.6952723e-01  -1.0856066e+00  -1.3917142e+00  -1.4151863e+00
   2.0835422e+00   1.9182461e+00   1.5671856e+00   5.6312616e-01   6.9011548e-01   1.0700783e+00   2.6195720e-02  -1.5888565e-01  -8.2130787e-01  -7.9375642e-01  -1.0547551e+00  -8.4016859e-01  -7.8194128e-01  -1.3165354e+00  -1.2439220e+00  -1.4125228e+00
   2.3658585e+00   1.6784258e+00   1.6440963e+00   8.0036053e-01   1.3250234e-01   3.7599697e-01   1.5170244e-01  -5.9203908e-02  -6.5849959e-01  -5.8764836e-01  -7.6979449e-01  -5.3940014e-01  -8.0571527e-01  -1.3195316e+00  -1.3147251e+00  -1.4261254e+00
   2.5263390e+00   1.6753239e+00   9.3893230e-01   6.0028799e-02  -6.2473009e-02   4.7723704e-01  -1.8006471e-01  -4.0998686e-01  -7.5824337e-01  -1.6342421e-01  -4.5371057e-01  -5.1693860e-01  -8.8822416e-01  -1.0444745e+00  -1.1864545e+00  -1.1555489e+00
   3.1643706e+00   2.1501402e+00   9.8626549e-01   8.2854752e-01   4.3437648e-01   7.2487815e-01  -2.5287884e-01  -5.5036279e-01  -5.0120180e-01  -4.6592882e-01  -6.4252414e-01  -7.2247641e-01  -8.7270708e-01  -1.3326873e+00  -1.3293789e+00  -1.2478665e+00
   2.7950789e+00   1.7946705e+00   1.6012190e+00   1.1235935e+00   8.4054959e-01   4.7282166e-01  -3.6870460e-01  -4.1465573e-01  -5.1406248e-01  -6.0568046e-01  -9.0443238e-01  -6.0553350e-01  -6.7779639e-01  -1.1706171e+00  -1.3371609e+00  -1.4659892e+00
   2.0999567e+00   1.8924319e+00   1.4699072e+00   3.6725288e-01   2.0391699e-01   2.0756890e-01   6.6070038e-03  -1.2942143e-01  -6.5156793e-01  -8.6239527e-01  -7.7514166e-01  -6.3586767e-01  -9.2970413e-01  -1.2244107e+00  -1.2018950e+00  -1.2529304e+00
   2.6016095e+00   2.2851453e+00   1.6896821e+00   3.6735249e-01   3.6419782e-01   5.2165499e-01  -1.0307556e-01  -2.1811949e-01  -9.3808291e-01  -9.6174949e-01  -6.6611643e-01  -7.8404964e-01  -9.6895528e-01  -1.2365541e+00  -1.4426021e+00  -1.3962297e+00
   2.9360688e+00   2.1585507e+00   1.5742921e+00   2.3419361e-01   2.4930549e-01   2.4251740e-01  -2.1707235e-01  -3.1970050e-01  -4.8250222e-01  -5.1767443e-01  -6.4711532e-01  -8.7928750e-01  -6.6004113e-01  -1.0691877e+00  -1.1986155e+00  -1.1926196e+00
   2.9058544e+00   2.3015221e+00   1.7330845e+00   4.2476389e-01   1.2347324e-01   2.9498874e-01   3.4554116e-01   8.3262774e-02  -4.9058066e-01  -4.2790816e-01  -4.8942984e-01  -5.6030507e-01  -5.6484448e-01  -1.1267204e+00  -1.3800651e+00  -1.4811097e+00
   2.0762743e+00   1.8621221e+00   1.5608817e+00   8.3930473e-01   5.9352797e-01   5.5727436e-01  -9.9046811e-02  -1.4304697e-01  -5.5568678e-01  -4.6236997e-01  -6.2528003e-01  -5.3491703e-01  -7.8242642e-01  -1.1336890e+00  -1.1365066e+00  -1.1716091e+00
   2.5391689e+00   1.8760920e+00   1.2981591e+00   7.6536228e-01   5.0840900e-01   1.6079025e-01  -2.6720401e-01  -5.4583273e-01  -7.1202838e-01  -5.5715187e-01  -7.8651089e-01  -3.6369609e-01  -8.9228642e-01  -1.2221712e+00  -1.4803340e+00  -1.4319677e+00
