   2.3851836e+00   1.7309469e+00   1.2780462e+00   1.5675434e-01  -2.6587168e-02  -7.1347064e-03  -3.5764328e-01  -4.9866832e-01  -7.1128548e-01  -1.1513112e+00  -9.1288230e-01  -1.0152658e+00  -1.2463453e+00  -1.5990065e+00  -1.3447959e+00  -1.2867168e+00
   2.0538250e+00   2.1989066e+00   1.6503939e+00   6.9538578e-01   4.7143449e-01  -4.4984343e-02  -3.2501137e-01  -6.6848279e-01  -9.6120246e-01  -9.9718344e-01  -8.8109444e-01  -9.6133944e-01  -1.0743610e+00  -1.2542711e+00  -1.3283889e+00  -1.1871762e+00
   2.3835036e+00   1.5796789e+00   1.5531777e+00   5.9353048e-01   2.4590841e-01  -8.5505726e-02  -3.5101612e-01  -7.2561245e-01  -9.0427041e-01  -1.1320988e+00  -9.5834544e-01  -1.0101751e+00  -1.4775343e+00  -1.4557210e+00  -1.3648738e+00  -1.3248680e+00
   2.3636605e+00   1.9681081e+00   1.2694443e+00   5.4834839e-01   1.4558025e-02  -6.7337633e-02  -3.7114027e-01  -9.8993524e-01  -7.4701237e-01  -1.4024308e+00  -1.0541521e+00  -9.3895171e-01  -1.2083017e+00  -1.3320652e+00  -1.4814513e+00  -1.5174516e+00
   1.5356251e+00   2.1949295e+00   1.4265739e+00   5.9782127e-01   2.2066750e-01   7.1907728e-02  -5.2266935e-01  -3.4283152e-01  -8.5817479e-01  -1.0731351e+00  -9.1749103e-01  -7.1023505e-01  -9.7933517e-01  -1.4128419e+00  -1.5245677e+00  -1.5509190e+00
   1.7899546e+00   2.5685851e+00   1.2775050e+00   9.1283942e-01   6.7067403e-01   2.6449761e-01  -4.4712826e-01  -4.7853185e-01  -9.3385896e-01  -1.2940504e+00  -9.7469470e-01  -9.3769687e-01  -1.0339725e+00  -1.2587837e+00  -1.5973558e+00  -1.7997080e+00
   2.1953356e+00   2.7353999e+00   1.5811483e+00   9.7610971e-01   3.7695338e-01  -1.8319531e-01  -5.0904673e-01  -8.5804983e-01  -8.7590340e-01  -7.4791481e-01  -1.0372916e+00  -1.3690636e+00  -1.3261976e+00  -1.4272481e+00  -1.2588944e+00  -1.6335490e+00
   2.4747569e+00   2.4673014e+00   1.2815751e+00   7.5455269e-01   2.1256073e-01   2.7013042e-01  -4.5373941e-01  -6.6853065e-01  -5.3839320e-01  -8.4007891e-01  -1.2503928e+00  -1.1930137e+00  -1.2278959e+00  -1.4497266e+00  -1.2923922e+00  -1.5024320e+00
   1.6812574e+00   2.4574550e+00   1.3507476e+00   9.0609376e-01   2.8487208e-01   1.7109811e-02  -4.5783016e-01  -5.5769024e-01  -7.3892939e-01  -9.0072052e-01  -7.6019003e-01  -7.5040018e-01  -1.1237990e+00  -1.3188930e+00  -1.1027777e+00  -1.0864394e+00
   2.2737827e+00   2.0061753e+00   1.0793248e+00   4.3335849e-01   5.0298676e-01  -1.6440792e-01  -1.3887515e-01  -3.2861563e-01  -7.0356514e-01  -1.3566888e+00  -1.1991167e+00  -1.0703545e+00  -1.1107604e+00  -1.1601774e+00  -1.3575018e+00  -1.3828208e+00
   2.2485099e+00   2.2666945e+00   1.6252430e+00   3.7315941e-01   2.7300773e-01   2.4287735e-01  -1.3817076e-01  -4.9951370e-01  -9.7839967e-01  -9.8418200e-01  -1.0478840e+00  -1.2217341e+00  -1.0747695e+00  -1.1764622e+00  -1.1916034e+00  -1.4556093e+00
   2.4686440e+00   3.0049489e+00   2.1452489e+00   2.8975096e-01   3.9354543e-01   4.2836292e-01  -1.8006705e-01  -5.3398552e-01  -8.2727109e-01  -1.1406760e+00  -1.3400377e+00  -1.4283209e+00  -1.3536210e+00  -1.4917429e+00  -1.4658470e+00  -1.5102160e+00
   2.3295456e+00   2.3310558e+00   1.4179916e+00   3.2248998e-01  -1.2101650e-02   1.9997594e-01   6.1448551e-02  -5.9678265e-01  -7.6024098e-01  -7.9335312e-01  -9.4184856e-01  -1.0038161e+00  -1.0032988e+00  -9.8192015e-01  -1.0717885e+00  -9.8689129e-01
   1.3910492e+00   2.0334576e+00   1.2904517e+00   6.0958355e-01   5.8117940e-02  -3.8075470e-02  -4.1187489e-01  -8.9346999e-01  -1.0562752e+00  -1.2175430e+00  -1.3959718e+00  -1.0648972e+00  -1.3047651e+00  -1.0506757e+00  -1.4197300e+00  -1.0894254e+00
   1.4941280e+00   2.0043414e+00   1.2007178e+00   9.3787534e-02   5.4540634e-01   3.9917395e-01  -2.2287843e-01  -6.7172167e-01  -8.6855554e-01  -8.2735027e-01  -6.6126419e-01  -2.8597894e-01  -6.7639158e-01  -1.5052819e-02  -3.6639781e-01   1.4666788e-01
   2.1571419e+00   2.6887591e+00   1.6294643e+00   6.5575768e-01   4.4271785e-01   2.7578540e-01  -3.1739733e-01  -7.2514270e-01  -7.4814418e-01  -7.3310333e-01  -1.0467052e+00  -7.8424544e-01  -1.1829661e+00  -1.1461766e+00  -1.0930110e+00  -1.1052600e+00
   2.1984648e+00   2.3559539e+00   1.5372889e+00   5.6413582e-01   4.8998255e-01   2.0748349e-02  -7.9130727e-01  -9.0017580e-01  -5.8152985e-01  -6.4737633e-01  -1.1971697e+00  -8.7700894e-01  -9.1089215e-01  -1.2189995e+00  -1.3668214e+00  -1.3890821e+00
   2.3402635e+00   2.0899677e+00   1.4480161e+00   5.8949054e-01  -7.1365521e-02   4.6460452e-01  -3.9305403e-01  -4.8780918e-01  -8.7860914e-01  -1.0170474e+00  -8.8039906e-01  -9.6917917e-01  -1.1480565e+00  -1.5331656e+00  -1.5734627e+00  -1.3448613e+00
   1.7097960e+00   1.6693826e+00   1.3152198e+00   9.6241337e-01   5.3535950e-01  -1.0611340e-01  -2.6512880e-01  -4.7933095e-01  -5.7894558e-01  -7.4448147e-01  -9.0425028e-01  -1.1851687e+00  -1.2459174e+00  -9.2675909e-01  -7.1814793e-01  -7.1209493e-01
   1.9552644e+00   1.6158803e+00   1.3320522e+00   6.0598716e-01   2.0921287e-01   1.0309637e-01  -2.8427873e-01  -6.6497676e-01  -4.3909021e-01  -8.7104758e-01  -1.0015062e+00  -1.0044919e+00  -1.0996639e+00  -1.3371093e+00  -1.4436323e+00  -1.2275247e+00
   2.2281809e+00   2.0599911e+00   1.7537733e+00   9.1940827e-01   5.9008486e-01   5.2996535e-01  -2.2163636e-01  -9.3332442e-01  -7.0306299e-01  -9.6900691e-01  -1.0130253e+00  -7.9321861e-01  -8.8308914e-01  -1.3895746e+00  -1.3298538e+00  -1.4370837e+00
   1.9161504e+00   2.3332972e+00   1.1189500e+00   3.4614272e-01   3.0460941e-01  -5.1055205e-01  -6.6695151e-01  -5.5592212e-01  -6.9403060e-01  -1.3899278e+00  -1.0642580e+00  -6.5788977e-01  -1.0436485e+00  -1.3424933e+00  -1.4342310e+00  -1.5337153e+00
   2.4923642e+00   1.6491051e+00   8.6378231e-01   3.1735103e-01   3.8574354e-01   1.9444612e-01  -3.3323574e-01  -6.1192900e-01  -6.1760668e-01  -1.1294515e+00  -6.9638491e-01  -7.5969651e-01  -1.0125068e+00  -1.3771541e+00  -1.4969260e+00  -1.6380180e+00
   2.0314108e+00   1.4550153e+00   8.5660101e-01   9.9572948e-01   6.6170960e-01   2.6366203e-01  -4.2648981e-01  -8.9878926e-01  -2.7177493e-01  -1.0541696e+00  -1.0637296e+00  -7.6598798e-01  -9.2068794e-01  -1.3500747e+00  -1.5212110e+00  -1.6343385e+00
   2.2525415e+00   2.3443310e+00   1.5745366e+00   1.3758195e+00   6.8316819e-01   2.2170481e-01  -7.0333422e-01  -8.6789734e-01  -7.7134363e-01  -9.3518429e-01  -8.6941324e-01  -7.1166690e-01  -9.1721190e-01  -1.3561155e+00  -1.5164141e+00  -1.7260989e+00
   2.2492902e+00   2.5994502e+00   1.6250708e+00   5.2153811e-01   6.3226492e-01   5.4937542e-01  -4.2297752e-01  -6.8619025e-01  -3.9447024e-01  -9.6946712e-01  -1.0381303e+00  -1.0303681e+00  -1.2000050e+00  -1.7142499e+00  -1.3803092e+00  -1.4618571e+00
   1.9518355e+00   2.3743435e+00   1.7944995e+00   6.8447912e-01   8.4435273e-02   3.4717400e-03  -6.9601996e-01  -1.0061994e+00  -5.3533196e-01  -1.2984147e+00  -1.4502118e+00  -1.0244764e+00  -1.1887436e+00  -1.6605170e+00  -1.6051802e+00  -1.6046899e+00
   2.3648859e+00   2.2327352e+00   1.6466730e+00   1.1994615e+00   7.8821128e-01   9.6844399e-02  -5.2290916e-01  -7.0651065e-01  -7.0952638e-01  -7.8200117e-01  -9.5660609e-01  -9.7997928e-01  -1.0493498e+00  -1.6773117e+00  -1.6256266e+00  -1.8417021e+00
   2.2426259e+00   2.2929973e+00   9.2177367e-01   9.5659059e-01   6.4574753e-01  -1.8147240e-01  -3.0062244e-01  -6.4449783e-01  -6.1699110e-01  -9.9845965e-01  -1.0862530e+00  -7.0107904e-01  -9.4783216e-01  -1.3290904e+00  -1.7651453e+00  -1.9459201e+00
   2.3365201e+00   2.1014803e+00   1.3149025e+00   1.0166602e+00   3.5366631e-02  -6.0538226e-01  -3.4742274e-01  -4.5148065e-01  -6.2577412e-01  -8.0195938e-01  -9.3242852e-01  -7.0462555e-01  -7.2264360e-01  -1.5562405e+00  -1.3787099e+00  -1.5723711e+00
   1.3963996e+00   2.4644859e+00   1.6693518e+00   8.5069007e-01   7.0115013e-01   1.9614760e-01  -6.2693007e-01  -6.3154117e-01  -9.5354951e-01  -8.7895553e-01  -7.6354283e-01  -3.7613346e-01  -8.9566863e-01  -1.5955911e+00  -1.3662733e+00  -1.3677447e+00
   1.9308368e+00   2.2873868e+00   1.2508524e+00   1.0563579e+00   1.0502283e+00   1.7102782e-02  -1.9312787e-01  -3.6903541e-01  -4.2385898e-01  -4.2377030e-01  -4.0055534e-01  -5.0436763e-01  -6.7579418e-01  -1.1449128e+00  -7.1646219e-01  -8.7896731e-01
   1.9422472e+00   1.9086821e+00   1.3513526e+00   5.9756027e-01   2.6950480e-01  -6.0359749e-02  -5.9684096e-02  -2.5150643e-01  -4.1440288e-01  -2.1119542e-01   7.5177943e-02   7.3055324e-01   2.8877388e-01   2.3331959e-02   1.3318820e-01  -1.4153555e-01
   2.1822763e+00   1.9370348e+00   1.3074628e+00   1.2154874e+00   7.8597926e-01   6.2261570e-01   1.0192121e-02  -3.3050514e-01  -5.4944679e-01  -1.5606027e-01   2.6871521e-01   9.5156243e-01   9.2862054e-01   1.0373058e+00   6.5724585e-01   5.6457570e-01
   2.3274474e+00   1.8929681e+00   2.0207735e+00   1.1601031e+00   7.3927850e-01   8.1016177e-01  -2.0124169e-01  -1.4532041e-01  -4.7075808e-01   5.5941194e-02   2.6248484e-01   2.8776323e-01   1.1885982e+00   8.1926356e-01   6.3891292e-01   6.1660680e-01
   1.9679223e+00   1.3811977e+00   1.6849781e+00   9.8464431e-01   7.3951247e-01   5.8194271e-01  -1.8919743e-01  -2.4284850e-01  -1.6360491e-01  -1.6002242e-01   2.9988391e-02   2.2695909e-01   1.1784753e+00   9.4127269e-01   3.3853557e-01   5.1476756e-01
   2.1593214e+00   2.5954810e+00   1.7625420e+00   8.1860362e-01   9.4290513e-02   3.5949714e-01  -2.8452906e-02  -1.4224791e-01  -1.5997615e-01  -4.1982615e-01  -1.4160355e-01   4.6632657e-01   1.3079268e+00   9.2418896e-01   2.0536891e-01   3.0694877e-01
   1.4692068e+00   2.0745096e+00   1.8101353e+00   9.4475733e-01   5.7895627e-01   3.5018004e-01  -6.8951868e-02  -1.2967562e-01  -6.4816179e-01  -2.5856687e-01  -7.2986322e-02   3.3572760e-01   1.4376649e+00   1.1678112e+00  -1.1085815e-01   3.5275932e-01
   1.7020212e+00   2.3034175e+00   1.9750393e+00   6.1827689e-01   1.7935598e-01  -7.6033042e-02  -1.0053563e-01  -9.1047651e-02  -5.5763607e-01  -4.7726606e-01   2.0620523e-01   3.0038597e-01   1.5602787e+00   1.3224097e+00   1.0274955e-01   2.7474077e-01
   1.9720328e+00   2.3307509e+00   1.9109311e+00   8.5138302e-01   4.5823961e-01   4.0357361e-01  -1.6063593e-01   1.1833335e-01  -4.5305056e-01  -2.3754390e-01   2.7083338e-01   4.6585382e-01   1.7763425e+00   1.6624089e+00   5.0144431e-01   2.2729122e-01
   1.8235166e+00   1.7972516e+00   1.6053046e+00   1.2782947e+00   7.0608751e-01   2.1279253e-01  -2.8388322e-01  -5.3781087e-02  -4.5083220e-01  -5.5454135e-01   3.2796620e-01   4.4241577e-01   1.8303876e+00   1.7983408e+00  -6.9597464e-02  -4.9870670e-02
   1.8315728e+00   2.4877969e+00   2.1417236e+00   1.1249422e+00   6.0501051e-01   5.7280928e-01   1.4639947e-01  -3.9135794e-01  -8.5458028e-01  -3.7168953e-01   3.6994834e-01   6.7604934e-01   1.7264479e+00   1.7087103e+00   2.2588026e-01   1.8729069e-01
   2.0982629e+00   1.8737426e+00   1.4120165e+00   1.0886584e+00   8.2525489e-01   5.6362883e-01  -1.4590146e-01  -4.7470665e-01  -1.8803952e-01  -5.2316446e-01   2.6088586e-01   4.4708984e-01   1.4063979e+00   1.5236736e+00   8.2277890e-02   2.0770924e-01
   2.2072355e+00   2.5982689e+00   1.5390078e+00   6.6978120e-01   2.3567709e-01   1.1334037e-01  -1.5880367e-01  -3.3870425e-01  -2.7030378e-01  -6.4595934e-01   2.3273353e-01   5.7922653e-01   1.5552599e+00   1.6672169e+00  -5.0201443e-02   2.7802380e-02
   1.6900254e+00   2.2995324e+00   1.9289863e+00   1.0445766e+00   2.6593467e-01   2.6381258e-02  -2.1060523e-01  -6.2023822e-01  -5.9150184e-01  -6.1027183e-01   3.6490718e-01   3.5083572e-01   1.6386579e+00   1.7967546e+00   1.0540451e-01  -5.6833358e-02
   2.3215526e+00   2.2104529e+00   2.0034526e+00   1.2268462e+00   2.8915050e-01  -1.1130891e-01  -2.0422391e-01  -5.0195462e-01  -8.8008354e-01  -8.6106446e-01   3.5175163e-01   4.1815931e-01   1.5542760e+00   1.7080240e+00  -1.8696687e-01  -7.4051948e-03
   2.3516414e+00   2.7662116e+00   1.6648306e+00   4.1196988e-01   3.9885614e-01   2.9048141e-01  -4.2210554e-02  -3.8097374e-01  -1.0382300e-01  -5.9479278e-01   3.2041314e-01   4.5500497e-01   1.4779484e+00   1.6569604e+00  -1.3303158e-01  -2.1722174e-01
   1.5238897e+00   2.0597660e+00   1.3640325e+00   1.8394216e-01   5.6366681e-01  -1.6257684e-01  -3.5184719e-01  -7.8572445e-02  -3.7224471e-01  -5.4137652e-01   4.3676737e-01   7.6201740e-02   1.2542108e+00   1.5755559e+00  -1.1278756e-01  -4.3012811e-02
   1.7261192e+00   1.7838799e+00   1.4712815e+00   7.3854983e-01   4.5163169e-01  -2.5632136e-02  -4.1103785e-01   1.9281015e-02  -8.3294498e-01  -7.5680835e-01   3.8495868e-01   3.8197345e-01   1.1701912e+00   1.4788759e+00  -1.2544573e-01  -4.3568289e-01
   2.2247844e+00   2.5551698e+00   1.2771895e+00   1.0821495e+00   1.0296658e+00   3.7165210e-01  -1.7965271e-01  -3.4955547e-01  -7.2068874e-01  -6.3285721e-01   2.9244336e-02   3.0350681e-01   1.2554016e+00   1.4866304e+00  -2.9028433e-01  -5.8913503e-01
   2.1943361e+00   2.3668440e+00   1.0660976e+00   4.9083977e-01   3.0184506e-01   5.7111903e-01  -2.8609229e-01  -3.3759857e-01  -7.7594324e-01  -7.1010133e-01   1.6323834e-01   3.9667476e-01   1.0955712e+00   1.2436959e+00  -3.7197912e-01  -7.3999577e-01
   2.2806620e+00   2.5060481e+00   1.6123674e+00   1.0177935e+00   1.0721120e+00   5.2039357e-01  -2.8242037e-01  -4.1581706e-01  -8.3637926e-01  -9.2717839e-01   2.2981399e-01   5.7115992e-01   9.6820200e-01   1.1110333e+00  -2.0140440e-01  -6.9115277e-01
   2.4335554e+00   2.5667443e+00   1.9283692e+00   1.0023486e+00   7.4441474e-01   9.0006374e-02   6.2362737e-02   3.6795517e-02  -3.5223267e-01  -7.6074166e-01   1.8576468e-02   5.7024364e-02   6.9145832e-01   1.0147712e+00   1.5403964e-02  -7.4612416e-01
   1.8004804e+00   2.4054943e+00   1.5956403e+00   9.2581239e-01   5.4903841e-01   5.2661325e-01  -2.4932539e-01  -7.9823334e-02  -3.4792449e-01  -8.0098881e-01   3.5635800e-02   2.4196641e-01   7.5707864e-01   9.4253540e-01  -6.6382739e-01  -9.8494214e-01
   2.3466537e+00   2.3568357e+00   1.4834449e+00   6.0888714e-01   8.2294650e-01   2.4132173e-01  -2.9887819e-01  -1.4681114e-01  -4.8330410e-01  -7.1162577e-01   4.6393546e-03   1.5844763e-01   6.2084070e-01   8.6264237e-01  -4.8823868e-01  -9.2742786e-01
   2.2659616e+00   2.0615108e+00   1.5520519e+00   8.7357764e-01   4.3281152e-01  -8.3919683e-03  -2.0252048e-01  -4.2595158e-01  -5.0678136e-01  -8.4315405e-01   7.6424885e-02   2.0816705e-01   4.5616407e-01   6.0984931e-01  -6.3869382e-01  -8.9086431e-01
   1.6736136e+00   2.3747768e+00   1.4215252e+00   4.7893234e-01   2.2556611e-01   3.1282244e-01   1.1344132e-01  -3.5174163e-01  -5.2577654e-01  -6.4627351e-01  -5.8996215e-02   1.5477487e-01   2.5734606e-01   2.5290080e-01  -7.2782457e-01  -9.7748090e-01
   2.4635947e+00   2.8546510e+00   1.2527108e+00   4.5320582e-01   5.3853076e-01   6.0419930e-03  -8.4747222e-03  -4.7832816e-01  -5.2776871e-01  -5.9125251e-01  -5.7614074e-02   1.3281048e-01  -2.1443927e-01   1.6302447e-02  -7.2090314e-01  -1.2321792e+00
   2.3654227e+00   2.8021587e+00   1.3472355e+00   4.2481011e-01  -7.9608116e-02   6.8063283e-02   3.9905395e-02  -2.0412887e-01  -1.0143407e+00  -1.1021165e+00  -1.5451335e-01   7.5286282e-03  -5.0867423e-01  -3.3454838e-01  -6.8395493e-01  -1.1932326e+00
   2.1095146e+00   2.5777521e+00   1.8040934e+00   4.6611948e-01   6.6712379e-01   3.9860449e-01   6.2240748e-02  -1.2620273e-01  -6.2013052e-01  -5.2140557e-01  -3.7728662e-01  -5.5523570e-01  -4.2080944e-01  -4.6212655e-01  -8.1870151e-01  -1.3339175e+00
   1.7931923e+00   1.4312623e+00   6.6968850e-01   7.1701209e-01   6.3228100e-01   5.4653873e-01  -2.6057937e-01  -4.0548203e-01  -4.3056703e-01  -7.4598191e-01  -5.0484733e-01  -7.6456824e-01  -1.1475525e-01  -1.3211502e-01  -7.1755313e-01  -1.0904026e+00
   1.8740194e+00   1.7745828e+00   1.5668170e+00   1.2393990e+00   4.8085708e-01   4.9737324e-02  -1.0867809e-02   2.3610310e-01  -3.4792698e-01  -8.5629330e-01  -6.5255265e-01  -6.1407636e-01  -6.6895712e-01  -1.1246738e+00  -1.2029440e+00  -1.1994576e+00
   2.0682322e+00   2.2688927e+00   1.4652545e+00   8.5672656e-01   3.6703392e-01  -2.8753199e-01   5.8948252e-02  -1.4266293e-01  -4.2024201e-01  -6.0834997e-01  -4.6033589e-01  -5.4393141e-01  -8.4283478e-01  -8.0082387e-01  -9.6500977e-01  -1.3887924e+00
   2.6803746e+00   2.1996274e+00   1.1620520e+00   1.2505961e+00   3.0269402e-01   4.4535999e-01  -4.6464174e-01  -8.8319315e-02  -6.0058158e-01  -9.7224368e-01  -7.2473762e-01  -5.3123794e-01  -4.7621576e-01  -6.8767753e-01  -6.9188910e-01  -1.2605435e+00
   2.7299230e+00   3.0271973e+00   1.5661033e+00   2.3782850e-01   3.9797184e-01   4.6090390e-01  -3.0802200e-01  -3.4378091e-01  -4.9463436e-01  -8.8639657e-01  -8.7594419e-01  -5.4774388e-01  -5.6213131e-01  -1.0491673e+00  -1.1245681e+00  -1.3017101e+00
   2.3996719e+00   2.4029244e+00   7.5152729e-01   5.9892851e-02   3.1996077e-01   4.6422979e-02  -3.0530508e-01  -6.2901117e-01  -7.3684822e-01  -1.1367335e+00  -9.2912795e-01  -6.0839418e-01  -7.8352646e-01  -1.2889239e+00  -1.2936282e+00  -1.4455388e+00
   2.0520593e+00   1.5592711e+00   1.1656940e+00   4.6298634e-01   6.5007566e-01   3.0947167e-01  -2.5853993e-01  -3.1589781e-01  -9.9464109e-01  -1.0647372e+00  -1.0211325e+00  -1.1776359e+00  -1.0579525e+00  -1.2989685e+00  -1.0891396e+00  -1.3018725e+00
   2.4359645e+00   1.9217295e+00   8.2478029e-01   4.0034492e-01   9.0727890e-01   5.2068759e-01   2.4034571e-02  -4.2421740e-01  -8.4560508e-01  -9.5022247e-01  -1.0311554e+00  -8.8406502e-01  -8.1454783e-01  -1.0816396e+00  -1.2502224e+00  -1.2381126e+00
   1.9318720e+00   1.7144067e+00   1.0009044e+00   2.7301156e-01   2.4389565e-01   2.3412744e-01   2.1752427e-01  -3.0172057e-01  -5.4700642e-01  -8.8204318e-01  -6.4559460e-01  -6.9591363e-01  -9.1020504e-01  -1.0773532e+00  -9.5242050e-01  -1.0885101e+00
   2.2043377e+00   2.1610150e+00   1.2324109e+00   5.1996948e-01  -1.3233241e-01  -1.6652619e-01  -5.0360337e-01  -1.1954381e-01  -4.8692313e-01  -1.3356794e+00  -1.1059801e+00  -6.8174623e-01  -1.2275433e+00  -1.2297747e+00  -1.4647945e+00  -1.5969481e+00
   2.3960680e+00   2.0180100e+00   9.7729931e-01   2.6690277e-01   1.3315801e-01   7.0929554e-02  -5.6710094e-01  -4.1519740e-01  -6.2615794e-01  -9.1099428e-01  -6.5928298e-01  -8.1865818e-01  -1.2602997e+00  -1.2936154e+00  -1.1960862e+00  -1.0980318e+00
   1.9414647e+00   1.9552351e+00   8.9434725e-01   4.8678233e-01   1.7756544e-01   1.9134302e-01  -1.5805596e-01  -5.0172534e-01  -5.5721738e-01  -1.0962326e+00  -7.3997376e-01  -6.8562438e-01  -8.0713279e-01  -1.1045182e+00  -1.0548975e+00  -1.0787199e+00
   1.7759187e+00   2.0345559e+00   1.3996985e+00   8.4319728e-01   6.5211924e-01   2.9347398e-01  -2.1560568e-02  -4.5062341e-01  -3.6736789e-01  -5.5045632e-01  -3.7585171e-01  -4.4103699e-01  -3.0821526e-01  -4.6053809e-01  -9.8484704e-01  -6.8902934e-01
   1.9119180e+00   2.1903008e+00   1.1839317e+00   8.9137932e-01   8.4258983e-01   3.1787491e-01   2.5604141e-01  -1.1624107e-02  -7.6398713e-02   1.2556520e-01   7.3756632e-02  -1.1183036e-01  -2.4955135e-01  -7.9661918e-02  -5.9155948e-01  -5.3185568e-01
   2.1585483e+00   2.2708364e+00   1.3374094e+00   7.1325079e-01   4.9103894e-01   5.0833745e-01   1.9421842e-01   2.4558378e-01   2.7081561e-01  -1.6810135e-01  -6.1299883e-02  -3.8302979e-01  -6.0970745e-01  -2.3758739e-01  -5.4156044e-01  -5.2535913e-01
   2.4968546e+00   2.3070193e+00   1.0976452e+00   6.7089899e-01   4.8752794e-01   5.3209818e-01   2.8171605e-01   3.1948278e-01   3.0202811e-01   4.5361912e-01   6.2194403e-01   3.9657496e-01  -8.6135863e-02   3.7029261e-01   2.1907777e-02   4.2369545e-03
   2.2691275e+00   2.3233108e+00   1.3708758e+00   2.1506982e-01   6.1143790e-02   4.0555055e-01  -4.6726514e-02   8.3321765e-02   1.6040521e-01  -5.0222887e-01  -3.8582349e-01  -4.3296286e-01  -7.9841029e-01  -8.4268497e-01  -6.8628103e-01  -4.6671422e-01
   1.7269290e+00   1.5700091e+00   1.3542733e+00   7.1805677e-01   1.4023824e-01   4.5212394e-01  -2.1454158e-01  -8.4207211e-02  -3.4585339e-01  -1.0752591e+00  -1.0497465e+00  -7.3855158e-01  -1.1469821e+00  -1.3782858e+00  -1.6028781e+00  -1.4568950e+00
   2.0265856e+00   1.3900691e+00   8.6113280e-01   4.9889735e-01   7.3663241e-01   5.1600922e-01   3.8502040e-01   3.5396230e-01  -5.2376397e-01  -9.1407415e-01  -9.1537066e-01  -8.9285008e-01  -1.0040186e+00  -1.0798774e+00  -1.1815020e+00  -1.2106992e+00
   2.0376314e+00   1.9657967e+00   8.9056525e-01   1.6249270e-01   3.3186100e-01   4.5848827e-01   6.4344234e-02   2.8687814e-01  -3.0965910e-01  -1.0117213e+00  -9.3147195e-01  -1.1578981e+00  -1.0545249e+00  -1.4213140e+00  -1.3279810e+00  -1.2568226e+00
   2.0259561e+00   1.5741074e+00   1.0752487e+00   4.6401614e-01   4.4663345e-01   2.8337063e-01  -9.6577924e-02   1.8948990e-01  -6.9196975e-01  -1.3516092e+00  -8.7244215e-01  -9.5766442e-01  -1.0047519e+00  -1.3303650e+00  -1.2954234e+00  -1.3461874e+00
   1.5946279e+00   1.7387220e+00   4.8313333e-01   6.4030756e-01   1.3848671e-01  -6.6734824e-02  -2.7368532e-01   7.6905110e-02  -5.6828361e-01  -1.1588617e+00  -7.0920569e-01  -9.6634551e-01  -1.0011002e+00  -1.1592064e+00  -1.3733724e+00  -1.1428208e+00
   2.1140860e+00   1.5826108e+00   1.0985020e+00   4.2856792e-01   6.2209067e-01   1.1983368e-01  -3.9667389e-01  -3.0945773e-01  -3.9662234e-01  -9.8271325e-01  -1.1250244e+00  -7.8199705e-01  -9.2917234e-01  -1.2830004e+00  -1.2911797e+00  -1.1671367e+00
   2.2219102e+00   1.9728269e+00   7.6267963e-01  -7.7542724e-03   6.9855466e-02  -6.3779775e-02  -5.7427570e-01  -2.3647372e-01   2.7023707e-01   7.2553518e-01   1.2449951e-01  -5.1032615e-01  -3.9009182e-03  -5.2208965e-02  -5.4085852e-01  -4.2407204e-01
   2.2439395e+00   2.2301181e+00   1.2738679e+00   4.7708949e-01   2.3090369e-01  -1.5074434e-01  -6.1703065e-01   7.0177982e-02   1.1716631e+00   1.7316860e+00   1.3735909e+00   1.0284406e-01   4.2892954e-01   1.3189220e+00   8.5290138e-01   1.0983433e+00
   2.1451244e+00   1.5768615e+00   7.5598529e-01   7.2451772e-01   3.9346985e-01   2.2390793e-01  -2.3578432e-01   3.0998349e-02   2.3399375e-02   2.2207620e-01   3.5471579e-01  -2.2484058e-01  -2.6600514e-02   5.0947993e-01   1.3331192e-01   5.2296684e-01
   2.1783121e+00   1.6503216e+00   5.5736610e-01   6.7395071e-01   2.2943075e-01   3.9199097e-01  -6.7374982e-01  -3.9102306e-01  -4.0985814e-01  -8.1165841e-01  -6.6478797e-01  -9.3771646e-01  -1.0085809e+00  -9.2516290e-01  -9.0060570e-01  -9.7703221e-01
   1.7555467e+00   1.3597470e+00   6.5062223e-01   8.4934895e-01  -3.7034431e-02   8.3643979e-03  -5.2089949e-01  -7.7754191e-01  -5.4103718e-01  -7.2788292e-01  -6.8296542e-01  -6.8695813e-01  -9.4021059e-01  -1.1694340e+00  -1.1400835e+00  -1.2092991e+00
