   1.8522126e+00   2.2058690e+00   1.4791070e+00   8.4661449e-01   1.0376892e+00   8.1101302e-01   1.0974402e+00   5.9738877e-01  -1.8093288e-01  -2.9026907e-01  -5.4458151e-01  -4.4774190e-01  -9.1484323e-01  -1.2794651e+00  -1.4619253e+00  -1.3608685e+00
   1.7854555e+00   2.0404887e+00   1.2870642e+00   1.1801304e+00   1.2405387e+00   9.8567237e-01   1.0445327e+00   7.7274739e-01   2.3005749e-01  -3.8343748e-02  -5.2201575e-01  -8.8806429e-01  -8.1183571e-01  -1.5061049e+00  -1.4666840e+00  -1.2122339e+00
   2.3123223e+00   2.7490961e+00   1.5799373e+00   1.1080176e+00   1.1731980e+00   8.5273702e-01   1.2419639e+00   8.1033060e-01   1.4836010e-01  -5.4017873e-01  -6.7584935e-01  -4.7009204e-01  -6.8989692e-01  -1.1087366e+00  -1.0756771e+00  -4.5852153e-01
   2.4849343e+00   3.0200179e+00   1.5244633e+00   9.6172914e-01   1.0875452e+00   1.1054486e+00   1.1380470e+00   8.5786139e-01   2.9050511e-01  -2.6585832e-02  -5.8365676e-01  -8.8114540e-01  -8.4060472e-01  -1.3172920e+00  -1.3119077e+00  -1.0480434e+00
   2.2398744e+00   2.9114057e+00   1.7032987e+00   9.8189834e-01   1.2952799e+00   9.1134011e-01   1.2164409e+00   1.1020093e+00   3.4871622e-01   1.0237545e-01  -5.9589944e-01  -6.0359076e-01  -9.9197978e-01  -1.6081672e+00  -1.7568011e+00  -1.5017535e+00
   2.2499687e+00   2.6510577e+00   1.3605321e+00   1.0438979e+00   1.1208659e+00   9.0997842e-01   9.5234027e-01   9.2719547e-01   6.8568137e-01   3.0664081e-01  -3.2801020e-01  -7.1430499e-01  -1.0909354e+00  -1.6893352e+00  -1.5758928e+00  -1.5921960e+00
   2.0849869e+00   2.5020244e+00   1.5303391e+00   1.5141951e+00   1.6676011e+00   1.2661146e+00   8.7356605e-01   8.3182694e-01   3.1319444e-01  -1.1527555e-01  -1.9892145e-01  -6.2829535e-01  -8.2427754e-01  -1.5440619e+00  -1.5930969e+00  -1.5058440e+00
   2.1658902e+00   2.5798191e+00   1.4113013e+00   1.0619081e+00   1.1708871e+00   1.2795992e+00   7.9360282e-01   7.2787845e-01   3.2939549e-01  -2.7799615e-01  -5.4331392e-01  -4.7482478e-01  -9.4069979e-01  -1.4957097e+00  -1.6574314e+00  -1.6290095e+00
   2.1078445e+00   2.6444348e+00   1.2864145e+00   1.1665174e+00   1.4896067e+00   8.2463290e-01   7.4321563e-01   6.3690373e-01   2.1006263e-02  -2.7044800e-01  -3.4336274e-01  -8.3767998e-01  -8.9845385e-01  -1.3626452e+00  -1.5151988e+00  -1.3332884e+00
   2.3491283e+00   2.8108957e+00   1.6813489e+00   1.1656361e+00   1.3440868e+00   6.1456888e-01   9.1809538e-01   9.1160089e-01   4.6976843e-01  -2.0456521e-02  -5.5535472e-01  -5.3398912e-01  -7.0775332e-01  -1.1822263e+00  -1.5672557e+00  -1.4381987e+00
   2.2064096e+00   2.8301467e+00   1.6488612e+00   1.4535975e+00   1.3986940e+00   8.6793813e-01   1.1830041e+00   8.8347587e-01   4.4577300e-01  -7.0115294e-03  -7.5768134e-01  -5.4105772e-01  -9.0110984e-01  -1.0584506e+00  -1.2940288e+00  -1.1504668e+00
   2.0041835e+00   2.7030614e+00   1.5887096e+00   1.0762042e+00   1.1191785e+00   1.1687419e+00   1.3690057e+00   8.9536580e-01   3.6731159e-01   1.0531458e-01  -4.4848585e-01  -4.6313374e-01  -9.0435002e-01  -8.4707105e-01  -1.0603607e+00  -4.8969489e-01
   2.2718228e+00   2.6531511e+00   1.5551875e+00   1.1396998e+00   8.3893310e-01   1.3569008e+00   1.3114239e+00   8.4613950e-01   4.9094572e-01  -1.9535130e-01  -4.1493131e-01  -4.0621441e-01  -6.6666257e-01  -1.2421672e+00  -1.2806141e+00  -1.2798582e+00
   2.4526130e+00   2.6816205e+00   1.2522702e+00   1.2622532e+00   3.3337100e-01   1.0319055e+00   1.3073605e+00   8.5001574e-01  -1.5501338e-02  -6.7083308e-01  -4.1495146e-01  -8.5544478e-01  -8.3978258e-01  -1.2214215e+00  -1.2188178e+00  -7.3288358e-01
   2.2583177e+00   2.7320714e+00   1.3997508e+00   1.1344992e+00   9.7984735e-01   9.0085290e-01   1.2911923e+00   8.6488090e-01   2.3836360e-01   1.0992952e-01   9.5774005e-02  -4.2939457e-01  -5.8918052e-01  -1.4685161e+00  -1.3925170e+00  -1.0977468e+00
   2.5068952e+00   3.0074023e+00   1.3385893e+00   6.9143912e-01   9.6458197e-01   1.2127559e+00   1.2310720e+00   9.9989489e-01   4.3974896e-01  -1.7779391e-01  -4.4385723e-02  -5.3295594e-01  -7.1011706e-01  -1.3026519e+00  -1.5162620e+00  -1.7835323e+00
   2.5352057e+00   2.1687252e+00   9.7957602e-01   4.1811131e-01   6.4458669e-01   1.1447359e+00   1.4110719e+00   1.0715729e+00   7.7845628e-01   1.7085107e-02  -1.6307181e-01  -3.3699509e-01  -9.1285550e-01  -1.0526119e+00  -1.3489403e+00  -1.3392670e+00
   2.4969747e+00   2.8599336e+00   1.5618127e+00   5.0876817e-01   6.8662519e-01   6.5925183e-01   1.2898431e+00   1.1297836e+00   6.4413862e-01  -2.0259995e-01  -4.9800896e-01  -2.5669688e-01  -6.7809393e-01  -1.2439784e+00  -1.6321213e+00  -1.7532563e+00
   2.5554080e+00   2.5774631e+00   1.4364573e+00   6.8972410e-01   1.5780448e-01   2.9981893e-01   1.1770229e+00   9.6238399e-01   4.0916862e-01  -1.0807681e-01  -5.2476148e-01  -2.9379476e-01  -6.9760408e-01  -1.3942473e+00  -1.4904767e+00  -1.8022727e+00
   2.7857165e+00   2.7078833e+00   1.6303579e+00   8.1396839e-01   5.9743424e-01   8.6810739e-01   1.4900853e+00   5.8656793e-01  -3.4253249e-02  -7.7659566e-02  -3.3059788e-01  -4.2488143e-01  -6.6419557e-01  -1.5331017e+00  -1.4015201e+00  -1.7094829e+00
   2.8199419e+00   2.8405200e+00   1.7718478e+00   6.0210948e-01   6.6774058e-01   8.7117631e-01   1.2613441e+00   9.2829612e-01  -1.8538806e-01  -6.1839305e-01  -5.2374731e-01  -3.1664628e-01  -6.3233712e-01  -1.5771332e+00  -1.5734613e+00  -1.6201037e+00
   1.7862559e+00   2.9153472e+00   1.8354595e+00   5.5791383e-01   6.7291420e-01   1.5702416e+00   1.4461637e+00   7.3926914e-01  -1.6793653e-02  -3.7988995e-01  -4.5307543e-01  -4.8548728e-01  -7.9365701e-01  -1.4336111e+00  -1.5951405e+00  -1.5290237e+00
   2.6343407e+00   2.5459784e+00   9.9587441e-01   7.2985631e-01   9.2987443e-01   1.1325681e+00   1.4386322e+00   5.7956995e-01   2.5725461e-01  -5.5579274e-01  -3.4234772e-01  -3.5578666e-01  -7.6324015e-01  -1.1792763e+00  -1.4552801e+00  -1.4343564e+00
   2.5241507e+00   2.2570364e+00   1.3003557e+00   5.8000041e-01   6.0639704e-01   1.1047936e+00   1.5118867e+00   9.6153518e-01   1.6059283e-01  -2.2441261e-02  -3.2466796e-01  -7.1808858e-01  -8.7553913e-01  -1.1777826e+00  -1.7704619e+00  -1.6453363e+00
   2.0812499e+00   2.7779116e+00   1.3262970e+00   6.7863585e-01   3.8114747e-01   1.0946745e+00   1.2011813e+00   1.0171368e+00   1.4411896e-01   1.7727478e-01  -2.9597194e-01  -8.0970737e-01  -8.6512138e-01  -1.4078116e+00  -1.4771139e+00  -1.5830317e+00
   1.6651445e+00   2.8470322e+00   1.3065959e+00   8.0486791e-01   1.0015225e+00   1.4285119e+00   1.2481804e+00   6.4865997e-01  -2.1285106e-01  -3.8896329e-01  -4.6112554e-01  -4.2594888e-01  -7.1787663e-01  -1.5185299e+00  -1.6496967e+00  -1.8343323e+00
   1.1356186e+00   1.9606810e+00   1.7464221e+00   7.7039426e-01   1.1163079e+00   1.0028787e+00   1.1508642e+00   4.8412212e-01   3.5340245e-01  -2.2446748e-01  -2.9145428e-01  -2.4463314e-01  -7.5626369e-01  -1.4193432e+00  -1.8038051e+00  -1.9130359e+00
   1.8342301e+00   1.2045379e+00   9.7578256e-01   1.0806355e+00   1.0756247e+00   1.3280256e+00   1.1605650e+00   6.6283874e-01  -3.1965984e-02  -3.7397627e-01  -4.7270409e-01  -4.8466274e-01  -9.7829763e-01  -1.4322281e+00  -1.3078704e+00  -1.7160861e+00
   2.2595673e+00   1.4237521e+00   6.2769907e-01   9.0207844e-01   8.2840692e-01   9.9842705e-01   1.3773454e+00   1.0225309e+00   2.6158495e-01   3.2665723e-02  -3.4673894e-01  -3.9020383e-01  -7.1816602e-01  -1.0633757e+00  -1.3044342e+00  -1.2301133e+00
   2.3539015e+00   2.4474678e+00   1.3833276e+00   9.0603208e-01   9.5400400e-01   1.3662572e+00   1.4922548e+00   1.0301899e+00  -9.6989720e-02   3.9484651e-02  -2.3605550e-01  -5.5096586e-01  -9.7974491e-01  -1.2991800e+00  -1.6109889e+00  -1.7008559e+00
   2.6183016e+00   2.2970898e+00   1.7638999e+00   9.6358472e-01   9.4611130e-01   1.1309037e+00   1.2257701e+00   7.8755635e-01   4.3627469e-01   3.6668074e-02  -5.2628495e-01  -4.8118646e-01  -8.3933587e-01  -2.9683886e-01  -9.5984972e-01  -1.7496551e+00
   2.3414326e+00   2.6563514e+00   1.6488445e+00   9.4673187e-01   1.4170066e+00   1.3731195e+00   1.7086249e+00   1.7937145e+00   2.2196944e+00   1.9918932e+00   1.3594389e+00   2.0146863e+00   7.8404610e-01   5.7086377e-01  -9.4716172e-02  -1.2391403e+00
   2.0066963e+00   2.3822367e+00   1.7522744e+00   1.9437700e+00   2.5051497e+00   2.2521820e+00   1.6854440e+00   1.8981617e+00   2.8436715e+00   2.6485581e+00   2.1390883e+00   2.7760692e+00   1.1725366e+00   1.0717251e+00   1.5298551e-01  -1.3750460e+00
   2.1406556e+00   2.5561663e+00   1.5130391e+00   1.8064874e+00   2.9125318e+00   2.4929217e+00   1.6510312e+00   1.6015231e+00   2.7907597e+00   2.5215100e+00   2.3518285e+00   2.7473971e+00   1.1925668e+00   9.6750798e-01   3.5900234e-01  -1.0561727e+00
   2.8027896e+00   2.4119935e+00   1.4611149e+00   1.8691027e+00   2.9310262e+00   2.5577178e+00   1.5148671e+00   2.1665089e+00   3.1214314e+00   2.7992785e+00   2.4037571e+00   3.1895856e+00   1.7315386e+00   1.3272850e+00   7.5720433e-01  -8.1812161e-01
   2.7584956e+00   2.5831869e+00   1.7156919e+00   1.8599335e+00   3.0478940e+00   2.6797047e+00   1.5325223e+00   2.4350952e+00   3.4364874e+00   2.8220502e+00   2.9170972e+00   3.4973642e+00   1.8718911e+00   1.6620673e+00   9.8123006e-01  -5.4751433e-01
   2.7853745e+00   2.2654279e+00   1.8299264e+00   2.0915085e+00   3.0778834e+00   2.7756526e+00   1.9931492e+00   2.5329365e+00   3.4483927e+00   2.6937580e+00   2.8409674e+00   3.1674720e+00   1.7204739e+00   1.6553662e+00   1.0634671e+00  -9.0104635e-02
   2.5789900e+00   2.4452664e+00   1.3538166e+00   2.1016607e+00   3.2232425e+00   2.9104791e+00   1.8609892e+00   2.6147095e+00   3.5301252e+00   2.7675813e+00   2.8910602e+00   3.2594924e+00   1.8163161e+00   1.7232992e+00   1.0938728e+00  -3.3937877e-01
   2.5146717e+00   2.4005622e+00   1.8446271e+00   2.0310751e+00   3.1713362e+00   3.0124708e+00   1.6706941e+00   2.5631945e+00   3.4544001e+00   2.5600486e+00   2.8257928e+00   3.2513920e+00   1.7868127e+00   1.6724674e+00   9.9630708e-01  -2.6951000e-01
   2.4370618e+00   2.6962019e+00   1.5061471e+00   2.0811226e+00   3.1534052e+00   2.8460031e+00   1.7061081e+00   2.7017578e+00   3.3833508e+00   2.4537834e+00   2.5751968e+00   2.9076243e+00   1.6087061e+00   1.4433911e+00   7.9231150e-01  -6.1169317e-01
   1.4248919e+00   2.5168255e+00   1.5981306e+00   2.1121530e+00   3.3128974e+00   2.8726964e+00   1.9972061e+00   2.9479068e+00   3.5369409e+00   2.3206088e+00   2.6552385e+00   2.8926986e+00   1.5774173e+00   1.3898519e+00   5.7743397e-01  -7.0605658e-01
   2.1412899e+00   2.4804517e+00   1.4250806e+00   2.2421746e+00   3.3848550e+00   2.9896835e+00   2.1159603e+00   2.9908644e+00   3.5166123e+00   1.9584219e+00   2.3954981e+00   2.6507598e+00   1.3330622e+00   1.1595586e+00   4.3132587e-01  -7.9285104e-01
   2.3652052e+00   2.8538776e+00   1.7333847e+00   2.2219900e+00   3.3293761e+00   2.6945416e+00   1.9224946e+00   2.9163392e+00   3.3356939e+00   1.5602442e+00   1.8782571e+00   2.1440876e+00   6.9815993e-01   5.8002330e-01  -1.8585198e-01  -1.2038195e+00
   2.0206978e+00   2.6405116e+00   1.4752658e+00   2.0425775e+00   2.9857160e+00   2.5418325e+00   1.7067820e+00   2.3299178e+00   2.6299224e+00   9.2054267e-01   8.4654881e-01   7.2928883e-01  -1.8400832e-01   7.9392336e-01  -1.6536116e-01  -1.3407212e+00
   2.4904294e+00   2.5074426e+00   1.2872752e+00   1.6860043e+00   2.3945240e+00   2.0780105e+00   1.4921501e+00   1.4566665e+00   1.8539288e+00   5.0112895e-01   2.3811638e-01  -1.9843263e-01  -5.6271589e-01  -4.9405574e-02  -8.4478474e-01  -1.1605707e+00
   2.3952174e+00   1.9744161e+00   1.1871902e+00   1.5222928e+00   1.8252148e+00   1.1700565e+00   1.1913925e+00   1.2173782e+00   1.1841044e+00   1.4276717e-01   1.2662162e-01  -5.8091225e-01  -9.1512191e-01  -7.3254508e-01  -1.0162368e+00  -1.0425584e+00
   2.1303734e+00   2.6436029e+00   1.2164527e+00   1.2639553e+00   1.3337019e+00   9.4334276e-01   1.1541421e+00   1.1869916e+00   8.9165048e-01  -4.7329737e-02  -2.9345595e-02  -1.9329436e-01  -7.6618372e-01  -8.0367369e-01  -1.1940704e+00  -1.0401843e+00
   2.3996858e+00   2.6728472e+00   1.5814354e+00   1.2961111e+00   1.2940971e+00   1.1715989e+00   1.1948876e+00   1.0128977e+00   5.9862569e-01  -1.6688142e-01  -3.0245974e-01  -2.2374783e-01  -5.5624869e-01  -2.2447411e-01  -4.8523420e-01  -4.2978912e-01
   2.1644607e+00   2.5881230e+00   1.7870385e+00   1.5513693e+00   1.3814481e+00   1.2610917e+00   1.2612898e+00   6.1869430e-01   3.0095257e-01  -5.7089770e-01  -7.0487134e-01  -2.3916045e-01  -7.8950637e-01   9.3858293e-03   1.0782748e-01  -1.3176036e-01
   2.5655557e+00   2.8720304e+00   1.3088647e+00   1.0282720e+00   1.3347994e+00   1.2471415e+00   1.2179633e+00   6.0931827e-01   4.1122839e-01  -1.2696131e-01  -5.3767260e-01  -6.6908257e-02  -7.6778385e-01  -2.6780047e-01  -3.1928451e-01  -2.0520749e-01
   2.0992344e+00   2.9013217e+00   1.4151307e+00   9.6967579e-01   1.5143308e+00   1.1844082e+00   1.2147116e+00   8.1910613e-01   1.9089717e-01   1.0168309e-01  -8.9533193e-02  -4.3291849e-02  -7.9582520e-01  -3.4799896e-01  -3.1598223e-01  -6.4325390e-02
   2.0224678e+00   2.9106721e+00   1.6628065e+00   1.0494240e+00   1.3994483e+00   1.2801866e+00   1.3208390e+00   6.0323047e-01   3.4614176e-01   1.7045516e-01  -8.1974862e-02  -3.3471994e-01  -5.5751021e-01  -4.7085261e-01  -3.8571871e-01   1.6875661e-01
   2.1955233e+00   3.1562693e+00   1.6671963e+00   1.1506553e+00   1.0458880e+00   7.1409875e-01   1.1564476e+00   8.4744016e-01   5.8752283e-01  -1.2075162e-01  -3.1057732e-01  -6.0259689e-01  -5.3446186e-01  -3.5691254e-01  -3.8521806e-01  -1.0449217e-01
   2.2214578e+00   2.9754500e+00   1.0854717e+00   1.1610333e+00   1.4882839e+00   1.2779472e+00   1.1732050e+00   3.4325959e-01   2.7415787e-01   2.9889970e-03  -1.9325915e-01  -1.8302322e-01  -4.6973363e-01   8.7663857e-02   3.9004482e-01   3.3006297e-01
   2.5237970e+00   2.8062197e+00   1.6413973e+00   9.6304107e-01   1.4124600e+00   1.3158910e+00   1.1369022e+00   2.4209512e-01   4.1702806e-01   4.8056524e-02  -5.5648535e-03  -1.1342299e-01  -3.1774293e-01   2.6444714e-01   6.7732506e-01   6.8211939e-01
   2.2783055e+00   2.0647624e+00   1.3947172e+00   8.5139445e-01   9.2037127e-01   1.2103685e+00   9.5897906e-01   8.4305170e-01   6.4604019e-01   7.6001811e-02  -4.2877995e-01  -2.1394922e-01  -1.3346602e-01   2.8669513e-01   5.8613415e-01   8.2787274e-01
   2.2192912e+00   2.1210153e+00   1.1201105e+00   1.3294809e+00   1.5167095e+00   1.1983395e+00   1.2196101e+00   9.2389021e-01   2.5945305e-01  -1.7805310e-01  -2.8505234e-01   6.1651663e-02  -1.9141595e-01   6.4422290e-01   5.8201764e-01   7.3334039e-01
   2.2847005e+00   2.5536596e+00   1.3909056e+00   1.3111499e+00   9.4834184e-01   8.5921127e-01   1.1371094e+00   3.2325473e-01   1.5558875e-01  -3.0074527e-01  -1.1810743e-01   2.2622106e-01  -3.8162129e-01   4.2186943e-01   8.3987217e-01   8.0248665e-01
   2.3607751e+00   2.7923968e+00   1.2169253e+00   1.3037281e+00   1.3199482e+00   1.1436007e+00   1.0812504e+00  -9.9105934e-02  -1.3157929e-01  -2.1644583e-01  -5.7858742e-02  -3.0613424e-05  -1.6680135e-02   5.4096943e-01   1.0496722e+00   8.2946275e-01
   1.8359341e+00   2.5202077e+00   1.2704090e+00   9.5266854e-01   1.1887250e+00   1.2100981e+00   1.4078697e+00   2.6761809e-01   1.7064055e-01  -2.7545577e-01  -1.9189669e-01   5.7755233e-02   1.1532549e-01   4.4197162e-01   7.6479519e-01   8.2174196e-01
   2.3215206e+00   2.5545641e+00   2.0028257e+00   1.2005956e+00   6.5180996e-01   1.1300040e+00   1.2892496e+00   9.6185539e-01   2.9507734e-01  -2.8473110e-01  -5.3229481e-01   1.5222873e-02   1.3291271e-01   7.2148712e-01   7.4059557e-01   8.4406374e-01
   1.8741759e+00   2.4902673e+00   1.4463726e+00   1.0904685e+00   1.1156076e+00   1.3048989e+00   1.4309890e+00   7.8348124e-01   1.3100095e-01  -5.3167667e-02  -4.5414991e-01  -6.8031269e-02  -2.9715999e-01   6.1453309e-01   9.2188400e-01   6.9650293e-01
   2.4795732e+00   2.6538099e+00   1.5070209e+00   9.7717832e-01   1.2095386e+00   1.6956710e+00   1.5987975e+00   1.0666145e+00   7.6598897e-01   1.3058409e-01   3.0581610e-02  -1.5143651e-01   5.5801670e-04   4.4222152e-01   4.8762406e-01   4.5810041e-01
   2.1500113e+00   2.6472685e+00   1.8141309e+00   1.2147701e+00   9.6471871e-01   1.0999688e+00   1.4409650e+00   1.0171841e+00   3.2901797e-01  -3.1160029e-01   8.9669369e-02   7.3572013e-02  -1.9171918e-01   5.2484769e-01   4.9214016e-01   2.4554473e-01
   2.9144832e+00   2.4986578e+00   1.5923926e+00   1.1950349e+00   1.6068742e+00   1.1084011e+00   1.2435421e+00   8.2812930e-01   1.3584159e-01  -4.1560317e-01  -9.7515324e-02  -2.1994091e-01  -6.0269281e-01   3.5729993e-01   2.9550483e-01  -6.9966691e-02
   2.9378258e+00   2.4521508e+00   1.8036574e+00   9.9702118e-01   8.9490831e-01   1.1456648e+00   1.4059632e+00   7.3244094e-01   7.9427069e-02  -2.5960737e-01  -6.7447850e-01  -5.5620512e-01  -5.2378341e-01  -5.8290583e-01  -3.5303978e-01  -6.7565778e-01
   1.9432273e+00   2.3023228e+00   9.9365568e-01   8.9422744e-01   9.8844663e-01   1.3526551e+00   1.4692605e+00   9.7294596e-01   4.3774358e-01   4.6407998e-02  -3.3475963e-01  -4.9417507e-01  -7.1083040e-01  -9.3580237e-01  -8.7622100e-01  -1.1615071e+00
   1.6857242e+00   2.5657323e+00   1.6566298e+00   1.1412512e+00   1.0629161e+00   1.3215065e+00   1.3882976e+00   1.0515835e+00   5.8919144e-01  -2.3176775e-01  -2.8148036e-02  -1.3688182e-01  -9.1692064e-01  -1.1342875e+00  -1.2207368e+00  -1.3211103e+00
   2.5146013e+00   2.6084512e+00   1.7074385e+00   9.6404070e-01   9.1011793e-01   1.0718907e+00   1.1618411e+00   6.5378947e-01   5.4022888e-01   2.8724919e-03  -2.6636068e-01  -1.8425625e-01  -6.5479456e-01  -1.3200342e+00  -1.4607233e+00  -1.6639928e+00
   2.4121265e+00   2.7562386e+00   1.6847341e+00   5.6380533e-01   6.3738731e-01   8.1404989e-01   1.0387496e+00   4.0949932e-01   1.9464258e-01  -1.0366848e-01  -1.6828143e-01  -2.8986002e-01  -7.8223546e-01  -1.0469660e+00  -1.2213462e+00  -1.4577418e+00
   2.5518171e+00   2.9357200e+00   1.3797214e+00   4.1866523e-01   8.1226458e-01   9.7498988e-01   1.2028042e+00   7.2364118e-01   9.1644800e-02  -2.4569098e-01   8.7800354e-02  -1.6148322e-01  -8.4552845e-01  -1.1362114e+00  -1.5934956e+00  -1.4174589e+00
   2.5051602e+00   2.5998420e+00   1.1823286e+00   8.3324315e-01   6.2174037e-01   1.4106712e+00   1.2678628e+00   1.0692776e+00   5.9316434e-01  -3.6244859e-02  -4.9908583e-01  -3.3512293e-01  -9.7571404e-01  -1.2376247e+00  -1.5502495e+00  -1.5484689e+00
   2.3902151e+00   1.9595754e+00   1.1232723e+00   1.3579938e+00   1.0882384e+00   1.1512958e+00   1.2400122e+00   9.4765513e-01   7.4987012e-01  -7.9457237e-02  -2.8994712e-01  -1.9789212e-01  -7.3907459e-01  -1.0961460e+00  -1.3365636e+00  -1.5467312e+00
   3.0517207e+00   2.3734847e+00   1.4364228e+00   1.1076910e+00   5.3154152e-01   9.4112356e-01   1.1975973e+00   6.9394231e-01   3.3441385e-01  -1.1584559e-02  -2.9265278e-01  -5.0100510e-01  -8.1937286e-01  -1.3677858e+00  -1.5864138e+00  -1.7166140e+00
   2.8571568e+00   2.9084830e+00   1.5744655e+00   9.8086014e-01   1.3167792e+00   1.1251331e+00   1.3429786e+00   6.5565781e-01   1.5909486e-01   1.3224157e-01  -1.4079937e-02  -6.0785990e-01  -8.9127987e-01  -1.0171422e+00  -1.3187970e+00  -1.6511340e+00
   2.3535303e+00   2.6629795e+00   1.5508088e+00   8.7341862e-01   1.4410955e+00   7.9465200e-01   1.1887275e+00   7.5940466e-01   4.2502760e-01  -2.1674044e-01  -5.4122936e-01  -5.8585263e-01  -7.5424703e-01  -1.1543477e+00  -1.4277422e+00  -1.6971514e+00
