   2.5015571e+00   2.1561383e+00   1.6525428e+00   1.7354175e+00   1.5664945e+00   2.0015757e+00   1.8127024e+00   2.0818449e+00   1.6345911e+00   1.1152738e+00   1.1040838e+00   1.1473036e+00   7.5750039e-01   3.3372910e-01   6.3036630e-01   4.8644378e-01
   2.4059070e+00   2.1361332e+00   1.2743626e+00   1.6611755e+00   1.4510145e+00   1.4705683e+00   1.3647219e+00   1.9268176e+00   1.7543524e+00   1.6827671e+00   1.0692421e+00   1.2227274e+00   6.8617898e-01   6.2015202e-01   4.4224309e-01   5.2552782e-02
   2.9993860e+00   2.9369305e+00   1.8744919e+00   1.8298626e+00   1.6044963e+00   1.5778045e+00   1.5834132e+00   2.1099125e+00   1.8721293e+00   1.6218132e+00   1.1793217e+00   9.5931448e-01   3.7382558e-01   5.0711047e-01   4.7285788e-01  -1.7156067e-02
   3.3658196e+00   3.1649865e+00   1.8128272e+00   1.7784465e+00   1.8636734e+00   1.9466506e+00   1.8690781e+00   2.3222447e+00   1.7513158e+00   1.3627128e+00   1.3456984e+00   1.0152750e+00   8.0122087e-01   4.8087103e-01   4.2318937e-01   2.0633294e-01
   2.6514576e+00   2.8479078e+00   1.8367621e+00   1.6546024e+00   1.2732859e+00   1.7794674e+00   1.7890663e+00   1.8081784e+00   1.9572151e+00   1.6611782e+00   1.4212994e+00   9.6828303e-01   5.8409459e-01   5.4877057e-01   3.9380150e-01   1.1917383e-01
   3.0373227e+00   3.0375813e+00   1.9697825e+00   1.5330554e+00   1.3056746e+00   1.6557752e+00   1.8736001e+00   1.9673816e+00   1.9528800e+00   1.6464269e+00   1.2868528e+00   8.4658383e-01   6.3101928e-01   2.7037988e-01   2.0866799e-01   2.1954358e-01
   2.7348428e+00   2.7208724e+00   1.8686374e+00   1.4227866e+00   1.8073871e+00   2.1158502e+00   1.9207272e+00   2.1042179e+00   1.6383456e+00   1.6700239e+00   1.1947264e+00   7.7397717e-01   3.6190661e-01   5.8653782e-01   5.7070833e-01   4.1067970e-01
   2.5903518e+00   3.0706952e+00   2.0575470e+00   2.0776381e+00   2.0244944e+00   2.2391125e+00   1.8790572e+00   1.7582672e+00   1.6309777e+00   1.5136127e+00   1.1673432e+00   1.2531618e+00   5.4551089e-01   2.9232647e-01   4.7096386e-01   1.7958513e-01
   2.3608500e+00   2.8437025e+00   1.7105813e+00   2.1326501e+00   1.7784930e+00   2.0831845e+00   1.6268540e+00   1.9215936e+00   1.7563084e+00   1.7279611e+00   1.7229668e+00   7.5592929e-01   3.0876182e-01   3.1788806e-01   2.5257701e-01   4.0627535e-01
   2.9750654e+00   2.8157276e+00   1.7648414e+00   1.1364987e+00   1.5737170e+00   2.0593142e+00   2.0181225e+00   1.9143963e+00   1.9696995e+00   1.5761102e+00   1.4897827e+00   9.9949039e-01   1.8581766e-01   1.3245437e-01   1.9557849e-01   4.5889893e-01
   3.2381581e+00   2.5536577e+00   1.5973711e+00   2.1018930e+00   1.6832054e+00   1.9724613e+00   1.8958315e+00   2.1250430e+00   1.5402872e+00   1.6979693e+00   1.4477222e+00   9.1505632e-01   4.8435867e-01   6.6210740e-01   5.8801408e-01   3.2913875e-01
   2.9131514e+00   2.8261991e+00   1.7284897e+00   1.8616125e+00   2.0071348e+00   2.0147228e+00   2.1652168e+00   1.9168562e+00   1.6130687e+00   1.3967204e+00   1.1220594e+00   8.7335615e-01   6.9293376e-01   7.2926754e-01   5.7566572e-01   5.4062990e-01
   2.5895832e+00   2.2003388e+00   2.0628717e+00   1.6131828e+00   1.7208326e+00   2.1590372e+00   2.1421864e+00   2.0961651e+00   1.6256016e+00   1.5679722e+00   1.2501462e+00   1.0428669e+00   8.0190979e-01   5.4333652e-01   3.2068615e-01   9.3567870e-01
   2.5264772e+00   2.4721576e+00   2.0408791e+00   1.5758790e+00   9.6826485e-01   1.9148396e+00   1.9242297e+00   2.2164303e+00   1.5220729e+00   1.0544305e+00   1.2585957e+00   1.1963897e+00   5.7935539e-01   5.4272696e-01   7.5447892e-01   1.2752214e+00
   2.0625985e+00   1.5768857e+00   1.3804339e+00   2.0528186e+00   1.6404723e+00   2.0452529e+00   1.6219716e+00   1.9813869e+00   1.5037225e+00   1.2767790e+00   1.0470534e+00   1.0389001e+00   7.2170058e-01   9.2599463e-01   7.4760902e-01   1.2828764e+00
   3.0784380e+00   1.9046817e+00   1.5675722e+00   1.6747699e+00   1.5690408e+00   2.0770221e+00   1.6259533e+00   2.1681783e+00   1.7455949e+00   1.6010745e+00   1.1541215e+00   9.8760094e-01   4.3646555e-01   7.7086891e-01   8.5046561e-01   1.1868303e+00
   3.6154373e+00   2.8530107e+00   1.6876216e+00   1.3548275e+00   1.5568750e+00   1.8128962e+00   9.5530823e-01   1.7906766e+00   1.6689596e+00   1.4101316e+00   1.1383752e+00   8.6385762e-01   4.4269303e-01   6.9655264e-01   8.6926128e-01   1.2169393e+00
   3.0844219e+00   2.2384201e+00   1.3623794e+00   1.1223227e+00   1.8318655e+00   1.9715749e+00   1.8482813e+00   1.9966476e+00   1.6124073e+00   1.1504156e+00   1.3895075e+00   1.2094316e+00   6.9765309e-01   1.0111673e+00   1.0754591e+00   1.4623930e+00
   2.8412652e+00   2.5897566e+00   1.9384712e+00   1.3654098e+00   1.4569506e+00   1.7543715e+00   1.8903303e+00   1.9171546e+00   1.4650281e+00   1.3138684e+00   1.1147860e+00   1.1230138e+00   8.9081368e-01   7.9706032e-01   9.9167960e-01   1.6631924e+00
   3.0218607e+00   1.9150180e+00   1.4349369e+00   5.4848986e-01   1.3356303e+00   2.2077205e+00   1.8761082e+00   1.9793273e+00   1.5547786e+00   1.2365656e+00   1.1286414e+00   1.3444650e+00   6.9511493e-01   7.4223986e-01   1.2205103e+00   1.9293415e+00
   2.5718803e+00   3.0000591e+00   1.9985175e+00   6.6459030e-01   1.6372404e+00   2.1895416e+00   1.6390505e+00   2.0619600e+00   1.5589273e+00   1.3237521e+00   1.4040682e+00   1.0095714e+00   5.3835323e-01   8.3427927e-01   1.0653294e+00   1.8414258e+00
   2.4522392e+00   3.0230857e+00   1.6887158e+00   1.3991732e+00   1.6186554e+00   2.3097865e+00   2.1584609e+00   2.2044815e+00   1.7692551e+00   9.7118351e-01   9.9988392e-01   1.0531844e+00   8.1520335e-01   6.3589039e-01   9.5384809e-01   2.0573613e+00
   2.6832422e+00   3.0428485e+00   1.6595478e+00   2.0444643e+00   2.0828169e+00   2.0419873e+00   2.0240145e+00   1.7497078e+00   1.6789173e+00   1.5015817e+00   1.3223661e+00   1.2450630e+00   5.6595993e-01   6.9984391e-01   9.2556397e-01   2.0469839e+00
   2.3456328e+00   3.1970957e+00   1.8446710e+00   1.7250207e+00   1.4888075e+00   1.8756785e+00   1.6836221e+00   2.3086837e+00   1.9657793e+00   1.4200216e+00   1.0647245e+00   9.8017231e-01   6.9170199e-01   9.1491419e-01   1.0497610e+00   2.0408080e+00
   2.3893187e+00   3.0813543e+00   1.4259155e+00   1.0282395e+00   1.7973503e+00   1.6596371e+00   1.9285267e+00   2.2915163e+00   1.6151830e+00   1.1360895e+00   9.8111319e-01   1.1390580e+00   6.4491207e-01   8.2514978e-01   8.9325939e-01   2.1629704e+00
   2.7340671e+00   2.5387818e+00   1.8681286e+00   1.7086665e+00   1.5432321e+00   2.0447858e+00   1.9325283e+00   1.8478756e+00   1.4326790e+00   9.9553021e-01   8.6278925e-01   9.4873214e-01   6.8327685e-01   1.0616271e+00   1.0239697e+00   2.3591940e+00
   3.1292794e+00   3.0403203e+00   2.0001168e+00   2.1083597e+00   1.7257365e+00   1.7358940e+00   1.9195187e+00   1.5880456e+00   1.6677177e+00   1.2641150e+00   9.9935258e-01   1.1303167e+00   7.5555655e-01   7.9878185e-01   6.6755997e-01   1.9602985e+00
   2.5811601e+00   2.3755199e+00   1.5766863e+00   1.8425598e+00   1.5205337e+00   2.1001471e+00   2.0959584e+00   1.8081483e+00   1.7069161e+00   1.5989589e+00   1.4007025e+00   1.2499679e+00   8.0279862e-01   6.6880529e-01   9.2316270e-01   2.0566209e+00
   3.1309671e+00   2.6315827e+00   2.0985127e+00   1.7178921e+00   1.8249732e+00   1.8960627e+00   1.9916132e+00   2.0781874e+00   1.7011467e+00   1.5228483e+00   1.2912881e+00   8.8654717e-01   5.9907694e-01   7.9762855e-01   8.9377234e-01   1.9877096e+00
   3.4128646e+00   2.2878963e+00   1.9141772e+00   1.9775725e+00   1.2252836e+00   1.8002748e+00   2.0623071e+00   2.2186859e+00   1.4307608e+00   1.2839656e+00   1.1735736e+00   1.2278015e+00   6.8860210e-01   1.0891949e+00   9.4833440e-01   1.6138328e+00
   3.1007511e+00   2.3349831e+00   1.8021975e+00   1.9893025e+00   1.7232943e+00   2.1429018e+00   2.1734002e+00   2.1690334e+00   1.6102017e+00   1.4753411e+00   1.2109412e+00   7.9456406e-01   4.5907531e-01   8.4985060e-01   1.1643622e+00   1.9440866e+00
   2.8026181e+00   2.1982085e+00   1.5461151e+00   1.5839719e+00   1.7763274e+00   1.8598605e+00   1.9951129e+00   2.2262931e+00   1.6424337e+00   1.6248361e+00   1.3033229e+00   1.3753974e+00   6.9138648e-01   8.2964728e-01   1.0069872e+00   2.0847187e+00
   2.6166725e+00   2.1318197e+00   1.8021735e+00   2.1076382e+00   1.6685338e+00   1.4128280e+00   2.1819381e+00   2.2823247e+00   1.6996019e+00   1.0677565e+00   1.2357462e+00   1.1984072e+00   9.7554432e-01   1.1383702e+00   8.6514898e-01   1.5775286e+00
   3.0401929e+00   2.5834038e+00   2.3832366e+00   2.1111592e+00   1.6357568e+00   1.8053310e+00   1.7912770e+00   2.0891907e+00   1.4305555e+00   1.5946292e+00   1.1784660e+00   1.8719227e+00   1.3767769e+00   1.3654104e+00   8.8013632e-01   9.6919741e-01
   2.9560003e+00   3.0121475e+00   2.3135999e+00   2.1458397e+00   1.9210990e+00   1.5157611e+00   1.4706106e+00   2.0032209e+00   1.5187365e+00   2.3172572e+00   1.7085388e+00   2.4823225e+00   2.2228443e+00   2.1213010e+00   1.3718523e+00   5.1142136e-01
   2.2607432e+00   2.9330829e+00   2.1075680e+00   2.4668574e+00   1.8551876e+00   1.5936488e+00   1.5953896e+00   1.7087493e+00   1.9378869e+00   2.4418541e+00   2.3303650e+00   3.0048364e+00   2.9233361e+00   2.4686512e+00   1.4913400e+00   5.6725249e-01
   2.5394453e+00   2.5158059e+00   2.2657044e+00   2.6312095e+00   1.8886686e+00   2.0129389e+00   1.6343113e+00   1.9254433e+00   1.7395969e+00   2.4359848e+00   2.4563318e+00   3.3556721e+00   3.1861210e+00   2.5433701e+00   1.5704202e+00   2.8454149e-01
   3.0524843e+00   2.9277144e+00   2.4834291e+00   2.5508613e+00   2.0379873e+00   2.1187910e+00   1.6882855e+00   1.7778291e+00   1.7015231e+00   2.4688371e+00   2.5860057e+00   3.2277233e+00   3.3177658e+00   2.7345913e+00   1.7599787e+00   4.7456349e-01
   3.6104308e+00   3.2343527e+00   2.5219794e+00   2.1870991e+00   2.0889906e+00   1.9940782e+00   2.2395903e+00   1.7638600e+00   1.6495549e+00   2.4126434e+00   2.6100289e+00   3.4261310e+00   3.3625075e+00   2.5810028e+00   1.6640901e+00   3.2839976e-01
   3.0585954e+00   2.8760685e+00   2.8373681e+00   2.6556373e+00   2.4336839e+00   1.9680995e+00   1.5927963e+00   2.1953398e+00   1.8990931e+00   2.4085647e+00   2.6919074e+00   3.3665977e+00   3.1922484e+00   2.3113426e+00   1.4810224e+00   3.1963782e-01
   2.3805598e+00   2.0090435e+00   2.8719664e+00   2.5457961e+00   1.6776968e+00   1.5168274e+00   1.8929570e+00   2.3611597e+00   1.8934583e+00   2.2142351e+00   2.7415608e+00   3.3118422e+00   3.2087814e+00   2.3266133e+00   1.3452852e+00   2.3355001e-02
   2.8743565e+00   1.9208918e+00   2.6875602e+00   2.7758272e+00   2.0712263e+00   1.5474381e+00   1.5660268e+00   1.8954014e+00   1.6022527e+00   2.2495305e+00   3.0217790e+00   3.3132428e+00   3.2676735e+00   2.4752890e+00   1.6608491e+00   1.4110574e-01
   2.5612036e+00   2.3005827e+00   2.8007493e+00   2.4167778e+00   1.7497083e+00   1.7253732e+00   1.9909254e+00   1.6344953e+00   1.9245121e+00   2.1765159e+00   3.0249791e+00   2.9515716e+00   3.1294323e+00   2.6315036e+00   1.7689603e+00   2.3350208e-01
   1.9120335e+00   2.5805462e+00   2.6946906e+00   2.3602535e+00   1.9791959e+00   1.6887193e+00   1.3159775e+00   1.6895850e+00   1.7401124e+00   1.9097326e+00   2.3998906e+00   2.3475099e+00   2.9139731e+00   2.3851682e+00   1.4387643e+00   1.7291433e-01
   3.3143578e+00   2.3134714e+00   2.8047967e+00   2.2025563e+00   1.9588096e+00   1.9979211e+00   1.6981472e+00   1.8499982e+00   1.4650522e+00   1.8539221e+00   2.4387735e+00   2.5520593e+00   2.9990197e+00   2.3834159e+00   1.2193371e+00   2.0433776e-01
   3.0389947e+00   1.8541442e+00   2.7842724e+00   2.5143402e+00   1.7631961e+00   2.0607483e+00   1.9954556e+00   1.7446298e+00   1.6979140e+00   2.2160390e+00   2.7360037e+00   3.0753679e+00   3.2251054e+00   2.2708907e+00   1.2191162e+00  -1.4744879e-02
   3.1840851e+00   2.6676699e+00   2.8302535e+00   2.3441736e+00   1.6002195e+00   2.2929417e+00   1.6938213e+00   1.8272284e+00   1.5924041e+00   2.0327981e+00   2.9500945e+00   3.3327847e+00   3.3080537e+00   2.1607332e+00   1.1582771e+00   7.9743746e-02
   2.5340115e+00   2.8565847e+00   2.7986874e+00   2.4668972e+00   1.7852018e+00   2.1421256e+00   1.4767526e+00   1.9491989e+00   1.6331471e+00   1.9623699e+00   2.9836468e+00   3.2649645e+00   3.0763623e+00   2.0576226e+00   1.1723700e+00   3.9802731e-01
   3.0568178e+00   2.7390117e+00   2.6944905e+00   2.5139586e+00   2.0209646e+00   2.1013240e+00   1.9782753e+00   2.1818722e+00   1.9618026e+00   1.9614402e+00   2.7108416e+00   3.1924997e+00   2.8952304e+00   1.7736650e+00   7.9482173e-01   3.7118201e-01
   3.2000900e+00   2.9012252e+00   2.4646764e+00   2.0976673e+00   1.8279838e+00   1.8970024e+00   2.0563655e+00   2.4114526e+00   1.7594686e+00   1.7530599e+00   2.5121726e+00   3.0805233e+00   2.6354748e+00   1.5891421e+00   3.8247862e-01   1.1167129e-01
   2.9451329e+00   2.8712354e+00   2.3873794e+00   2.3285591e+00   2.1818604e+00   2.1304994e+00   1.9735001e+00   1.9521644e+00   1.6707848e+00   2.0066064e+00   2.2052528e+00   2.1281222e+00   1.9883992e+00   1.2127935e+00   4.8781810e-01   3.5350149e-02
   2.9665818e+00   3.2503492e+00   2.6197095e+00   2.4442973e+00   1.6661806e+00   1.7544273e+00   1.8036449e+00   1.8134155e+00   1.4446142e+00   1.7236084e+00   2.3382344e+00   2.0177227e+00   1.7765847e+00   1.0959299e+00   2.6704613e-01   2.5308428e-01
   2.6998917e+00   2.5365680e+00   2.5613539e+00   2.8173421e+00   1.3105235e+00   1.3103826e+00   1.6206085e+00   2.0583046e+00   1.9022195e+00   2.0174568e+00   2.3957127e+00   2.1495684e+00   2.0641683e+00   1.4184675e+00   6.1571333e-01   5.0804262e-01
   3.1414539e+00   3.0139291e+00   2.4461628e+00   2.4543052e+00   1.8267952e+00   1.7553300e+00   1.6109762e+00   1.9270618e+00   1.8316730e+00   1.7583036e+00   2.3503633e+00   2.4802591e+00   2.1078504e+00   1.7686001e+00   6.9723287e-01   2.5904571e-01
   2.9568838e+00   2.9879551e+00   2.4432781e+00   2.3514518e+00   2.0454988e+00   1.8446146e+00   1.9984546e+00   1.4827767e+00   1.3758402e+00   1.5632822e+00   2.0837888e+00   2.3517584e+00   1.5159235e+00   1.6208311e+00   4.3031218e-01   9.5157693e-02
   2.4279320e+00   2.1789029e+00   2.1201949e+00   2.5723147e+00   1.9297947e+00   2.1267056e+00   1.5212039e+00   1.7563581e+00   1.3864017e+00   1.0391162e+00   1.7510614e+00   1.7676113e+00   1.4072780e+00   1.5475768e+00   7.2713545e-01   3.4670443e-01
   3.3189561e+00   3.1488370e+00   2.3551419e+00   2.2203968e+00   1.6587205e+00   1.9387765e+00   1.9022639e+00   1.7955444e+00   1.4446421e+00   1.4207090e+00   1.3166284e+00   1.5073325e+00   9.3381041e-01   8.2765300e-01   7.4398272e-01   3.3481163e-01
   3.2349155e+00   3.2189073e+00   2.1044666e+00   2.1492470e+00   1.6741123e+00   1.8861128e+00   1.7638190e+00   2.1436722e+00   1.4056556e+00   1.4808289e+00   1.1669194e+00   1.5014805e+00   7.1368073e-01   8.1009693e-01   8.4571538e-01   5.9276791e-01
   3.4063984e+00   3.3143056e+00   2.0009344e+00   1.1652059e+00   1.0373659e+00   2.0724804e+00   2.0607220e+00   2.1998908e+00   1.7849956e+00   1.3586757e+00   1.2125604e+00   1.1697913e+00   7.3067484e-01   1.0157433e+00   7.4593239e-01   3.4014973e-01
   2.3656081e+00   3.1181114e+00   1.9682633e+00   1.7092086e+00   1.3271617e+00   1.8390920e+00   1.6682124e+00   1.8880010e+00   1.3966578e+00   1.3494894e+00   1.3834293e+00   1.3246756e+00   7.6227416e-01   1.4614025e+00   1.1318864e+00   3.7782918e-01
   2.1847951e+00   2.5565405e+00   2.0276159e+00   1.9192335e+00   2.0948405e+00   2.1274068e+00   1.7290876e+00   1.4995102e+00   1.2676519e+00   1.3952432e+00   1.2164570e+00   9.9211424e-01   7.4405397e-01   1.3957412e+00   1.1164612e+00   3.2239854e-01
   1.6387056e+00   1.9609570e+00   2.2334214e+00   1.4616526e+00   1.5375602e+00   1.9949979e+00   1.8208227e+00   2.0014561e+00   1.2542910e+00   1.2765794e+00   1.0815715e+00   1.0247494e+00   6.5258947e-01   1.4383336e+00   1.0322484e+00   2.6644645e-01
   2.8718680e+00   2.1476016e+00   1.6955066e+00   1.1902884e+00   1.6511105e+00   2.5398475e+00   1.7335329e+00   1.8126847e+00   1.4268201e+00   1.4466138e+00   1.3911707e+00   1.4162664e+00   7.4868045e-01   1.5899490e+00   1.2156268e+00   2.0717646e-01
   2.9700514e+00   2.1930419e+00   2.0733375e+00   1.7170547e+00   1.3846260e+00   2.0888308e+00   1.3313908e+00   1.8784591e+00   1.8217359e+00   1.4691552e+00   9.7740415e-01   8.0491284e-01   4.2915295e-01   1.4750275e+00   1.0917599e+00   1.5640403e-01
   3.3011976e+00   2.6406234e+00   1.9042089e+00   2.1878847e+00   1.4728803e+00   2.0506576e+00   1.5977623e+00   1.9888238e+00   1.7247575e+00   1.7130934e+00   1.3256740e+00   1.1784081e+00   5.0465776e-01   9.2222803e-01   8.1555941e-01   3.2933032e-01
   2.6345320e+00   2.6649257e+00   2.0784518e+00   2.0451552e+00   1.7283547e+00   2.2003048e+00   1.6716917e+00   2.0939880e+00   1.5638162e+00   1.4275321e+00   1.1352329e+00   8.2745478e-01   5.0396722e-01   1.2024587e+00   8.6425832e-01   2.7034861e-01
   2.9140060e+00   2.6925211e+00   1.7811048e+00   1.7746404e+00   1.3930135e+00   1.7744015e+00   1.2777597e+00   2.0732223e+00   1.8867668e+00   1.4307535e+00   1.0179081e+00   8.3054939e-01   5.7549176e-01   9.9124956e-01   5.7087482e-01  -3.8822013e-02
   3.4048008e+00   2.8922872e+00   1.8046488e+00   2.1408453e+00   1.6087955e+00   1.9580593e+00   1.4828134e+00   1.4071972e+00   1.5647593e+00   1.1433301e+00   1.1906073e+00   9.0232315e-01   8.0650322e-01   7.6222809e-01   4.9035052e-01  -7.0029673e-02
   3.3380396e+00   2.7319903e+00   2.1502014e+00   1.8217050e+00   1.3842645e+00   1.5937676e+00   1.5704163e+00   1.9288509e+00   1.5792852e+00   1.3954977e+00   1.0679460e+00   7.6228261e-01   5.1142260e-01   6.4240895e-01   6.5280282e-01   1.9835065e-01
   2.4334014e+00   2.9033411e+00   1.9268945e+00   1.9144641e+00   2.0038622e+00   1.9262664e+00   2.0914579e+00   2.0815726e+00   1.6800634e+00   1.0156514e+00   8.3082420e-01   9.5349794e-01   5.6319840e-01   9.8259422e-01   5.7679965e-01   1.7080462e-01
   2.8269771e+00   2.5639093e+00   1.7045775e+00   1.4347500e+00   1.3184945e+00   1.7639457e+00   1.8220219e+00   2.1171066e+00   1.5297978e+00   9.6692600e-01   1.0652410e+00   8.4681626e-01   7.3283968e-01   6.7877456e-01   7.0010756e-01   1.2787656e-01
   3.0411065e+00   2.5729489e+00   1.9441997e+00   1.8076080e+00   1.7751856e+00   2.2674459e+00   2.0180500e+00   1.9288873e+00   1.4709991e+00   1.4954655e+00   1.4482126e+00   7.8125096e-01   3.8115718e-01   6.8776229e-01   6.5259274e-01   1.4157819e-01
   2.2066248e+00   2.5284369e+00   1.8908652e+00   1.7845765e+00   1.7499629e+00   2.2085437e+00   1.9132472e+00   1.8233684e+00   1.3942016e+00   1.6066099e+00   1.4539046e+00   7.5526788e-01   3.5524877e-01   6.5823143e-01   4.4010312e-01   2.2136005e-02
   3.2186732e+00   2.5692161e+00   1.7318667e+00   1.5493993e+00   1.8261257e+00   2.3487609e+00   2.1771853e+00   2.2403770e+00   1.6679525e+00   1.3386493e+00   1.2553730e+00   1.0749925e+00   6.3510647e-01   6.5687041e-01   5.2335572e-01   6.1601276e-02
   2.9898196e+00   2.6898143e+00   2.0305712e+00   1.6256439e+00   1.2500087e+00   1.6854283e+00   1.6471850e+00   1.6727245e+00   1.5491432e+00   1.3179344e+00   8.8416538e-01   1.0587014e+00   6.6661859e-01   6.6122348e-01   4.5947397e-01   1.4909396e-01
   2.5343091e+00   2.3799012e+00   2.0126410e+00   1.7930404e+00   1.6384332e+00   1.6383313e+00   1.8934275e+00   1.9807649e+00   1.4907428e+00   1.3066640e+00   1.3072250e+00   8.2338803e-01   4.8042061e-01   4.5889776e-01   4.0050311e-01   5.7542651e-02
   2.9995044e+00   2.3470743e+00   1.8625462e+00   2.1019781e+00   1.2825046e+00   1.5854666e+00   1.5109275e+00   1.9138999e+00   1.5378725e+00   1.0248827e+00   1.1497432e+00   5.8393242e-01   5.6361825e-01   1.9759809e-01   2.7313246e-01  -3.6306739e-02
   3.2170230e+00   2.8651657e+00   1.8679933e+00   1.4437018e+00   1.0289281e+00   1.6251285e+00   1.8227096e+00   1.8758378e+00   1.6278215e+00   1.3682444e+00   9.6949670e-01   5.1582470e-01   3.1695669e-01   2.8860304e-01   4.5638644e-01  -6.2436240e-02
   2.7003623e+00   2.4994557e+00   1.2108372e+00   1.6287249e+00   1.2647317e+00   1.9065710e+00   1.6385306e+00   1.7379080e+00   1.3516069e+00   1.2366785e+00   1.0009393e+00   3.1787550e-01   8.3299027e-03   3.0980699e-01   3.3549630e-01   1.0080720e-01
   2.9530981e+00   2.6855099e+00   1.9452282e+00   1.6993073e+00   1.4663644e+00   1.6983720e+00   1.5210482e+00   1.3241390e+00   1.3794549e+00   1.6982576e+00   1.4974423e+00   4.8893131e-01   4.3103081e-02   3.6158064e-01   3.9034412e-01   1.5277743e-01
   2.3977987e+00   2.8410749e+00   1.9754270e+00   1.5614207e+00   1.6790537e+00   1.9344161e+00   2.0508094e+00   2.1807123e+00   1.5896744e+00   1.5576868e+00   1.2895355e+00   8.8971115e-01   5.8871161e-01   5.2130086e-01   2.2048133e-01   1.6462811e-01
   2.7919412e+00   2.9260706e+00   2.0572276e+00   2.0674927e+00   2.0825936e+00   2.1859343e+00   1.8230439e+00   2.0604206e+00   1.8650685e+00   1.2954068e+00   1.4348673e+00   9.6172038e-01   4.3767882e-01   3.8378846e-01   4.8991403e-01   1.9804759e-01
   2.9361020e+00   2.5911707e+00   1.7579233e+00   2.0706489e+00   1.9465548e+00   2.5233565e+00   1.8094910e+00   1.9172230e+00   1.6918382e+00   1.3357749e+00   1.1155810e+00   1.3226305e+00   7.8200694e-01   4.5321953e-01   4.0746953e-01   1.7993066e-01
   3.1869118e+00   2.7484848e+00   2.0878050e+00   1.7979154e+00   1.5712932e+00   1.8357012e+00   1.5322618e+00   1.9850062e+00   1.6535867e+00   1.6582047e+00   1.0802334e+00   1.2818526e+00   1.5607923e-01   5.5403404e-01   3.7451764e-01   1.5083499e-01
