   2.6291171e+00   2.1787038e+00   1.4302272e+00   1.2339250e+00   6.2194513e-01   4.8224304e-01   1.4906177e-01   3.3301352e-01  -1.7467527e-01  -5.1015381e-01  -1.6183866e-01  -2.8222046e-01  -2.1465203e-01  -4.9828539e-01  -9.4575862e-01  -9.4485591e-01
   2.4530547e+00   1.8959585e+00   1.1531374e+00   1.2309705e+00   6.4051592e-01   5.3402208e-01   2.8661804e-01   2.5807905e-01  -1.1721146e-02  -5.2379315e-01  -4.5802974e-01  -6.5511910e-01  -5.4302214e-01  -5.9427499e-01  -1.0531308e+00  -1.1901071e+00
   2.0135005e+00   2.0231190e+00   1.6740170e+00   7.3873430e-01   5.9618227e-01   8.4822907e-01   3.2891123e-01  -1.5141861e-01  -2.3295410e-01  -4.6706628e-01  -4.7458673e-01  -5.0053428e-01  -5.2588012e-01  -8.5249238e-01  -1.0073653e+00  -1.1350175e+00
   2.2407891e+00   1.8162127e+00   1.2230001e+00   1.1946589e+00   4.2081187e-01   8.6119534e-01  -1.2609870e-01   1.0228775e-01  -3.9584970e-01  -2.8363266e-01  -3.8919741e-01  -1.1110413e-01  -4.9941297e-01  -1.0349493e+00  -9.9170522e-01  -1.2530151e+00
   1.8784992e+00   1.4062249e+00   6.0591302e-01   9.7840793e-01   3.9430730e-01   5.1541524e-01   3.9750959e-02   5.7656617e-03  -1.7639101e-01  -5.3340032e-01  -9.5511795e-01  -3.3837897e-01  -2.6645374e-01  -6.7724272e-01  -1.0367854e+00  -9.9316154e-01
   2.2357244e+00   1.5271091e+00   1.3335725e+00   7.5173986e-01   2.3270722e-01   1.0103887e+00   3.9218673e-01   2.6493798e-01  -3.3438431e-01  -3.9690828e-01  -4.9847735e-01  -5.9211246e-02  -1.2827350e-01  -8.5438475e-01  -1.0243237e+00  -1.0930124e+00
   2.0096257e+00   1.5369963e+00   1.1711612e+00   7.1526399e-01   4.0351888e-01   2.5551011e-01   1.6920464e-01   1.7827511e-01  -6.6993347e-03  -3.3931200e-01  -3.6109203e-01  -3.6222568e-02   2.8470073e-02  -9.0938674e-01  -1.0369538e+00  -1.0823094e+00
   2.0788595e+00   2.2073827e+00   1.8284081e+00   1.0513429e+00   7.1524627e-01   3.7411331e-01   2.2020025e-01  -1.1798305e-01  -5.0139500e-01  -2.1527757e-01  -2.6062605e-01  -5.7495152e-02  -1.4573808e-01  -7.1446708e-01  -9.9303266e-01  -1.1612032e+00
   2.7302422e+00   1.7570115e+00   1.6174063e+00   9.0859691e-01   6.2744190e-01   7.5724680e-01  -4.9120708e-02  -5.1811771e-01  -6.4871981e-01  -3.7905456e-01  -6.4079676e-01  -3.5897145e-01  -4.1810374e-01  -9.6200060e-01  -1.0515605e+00  -1.2212903e+00
   2.8361838e+00   1.7746372e+00   1.6377442e+00   1.0268538e+00   8.1556977e-01   3.6120321e-01   8.9905450e-02   8.5893023e-02  -5.3614555e-01  -4.5092434e-01  -5.5509571e-01  -7.2232607e-02  -4.1071076e-02  -8.8898933e-01  -9.8780598e-01  -1.2645224e+00
   2.1871307e+00   1.4282849e+00   1.5328600e+00   8.6500901e-01   6.0221788e-01   6.4935780e-01   8.6611667e-02   1.6294310e-01  -1.2060437e-01  -3.6635739e-01  -4.6536823e-01  -1.3798580e-01   8.5729849e-02  -5.2574827e-01  -1.0689661e+00  -1.3690673e+00
   1.9696182e+00   1.6924801e+00   1.5056488e+00   8.9461589e-01   7.5133734e-01   9.3459619e-01   4.8089771e-01  -7.8697132e-02  -8.3360869e-02  -3.8152659e-01  -3.3713072e-01  -1.1460456e-01   1.4296225e-01  -4.6170678e-01  -7.8132565e-01  -1.1464558e+00
   1.6200543e+00   2.2077212e+00   1.5311481e+00   1.1832873e+00   8.1890708e-01   7.4824262e-01   3.2737976e-01  -2.1315492e-01  -1.8573132e-01  -7.3886226e-01  -6.0286173e-01   2.8424119e-02  -2.7494109e-02  -5.8870303e-01  -8.3496003e-01  -9.4037117e-01
   1.9772896e+00   2.0727653e+00   1.3488393e+00   7.3978653e-01   8.2119022e-01   9.6789539e-01   9.5869879e-02   2.3824800e-01  -2.0820910e-01  -7.2198725e-01  -5.5871495e-01  -4.0553388e-02  -1.4792570e-01  -7.1249000e-01  -9.3995745e-01  -9.6066112e-01
   2.0645060e+00   2.2269105e+00   1.3948987e+00   1.0082701e+00   4.5260295e-01   4.6306793e-01   3.1697375e-01   7.8280988e-02  -1.2668439e-01  -2.9576389e-01  -4.1372454e-01  -3.8006375e-01   3.3880071e-02  -8.1283097e-01  -9.8386010e-01  -1.1926381e+00
   1.6306360e+00   1.8771965e+00   1.1525095e+00   4.9688313e-01   4.1037223e-01   7.3640943e-01   1.6645878e-01  -3.9747270e-01  -3.6324850e-01  -3.7728938e-01  -3.4239182e-01  -4.4214918e-01  -1.8037802e-01  -7.6518959e-01  -1.2285436e+00  -1.3075348e+00
   1.9195789e+00   1.7909106e+00   8.0189385e-01   1.0421519e+00   2.0220015e-01   6.0395889e-01  -1.1145585e-01  -5.5318388e-02  -5.3097828e-01  -3.7242880e-01  -3.1447632e-01   1.3757623e-04   6.8073042e-02  -6.1253082e-01  -9.3061034e-01  -1.0555730e+00
   2.3715314e+00   1.9471244e+00   1.2697092e+00   1.2000610e+00   5.6083954e-01   1.0100834e+00   6.7235794e-01   4.1907546e-01  -2.3066688e-01  -2.1357865e-01  -3.1060785e-01  -4.5683234e-01  -2.4389875e-01  -5.5077082e-01  -9.9321843e-01  -1.3172592e+00
   2.0510271e+00   1.4694967e+00   4.5630182e-01   7.7278087e-01   6.2282355e-01   8.1707774e-01   4.3681868e-01   2.8943038e-01  -2.3670535e-01  -2.5426526e-01  -2.4340988e-01  -2.2999722e-01  -3.2580006e-01  -9.3927134e-01  -1.0146004e+00  -1.2053485e+00
   1.9039177e+00   1.6032723e+00   1.2020225e+00   1.1005061e+00   5.1109256e-01   9.4750060e-01   6.7322044e-01   2.6208599e-01  -3.3280317e-01  -4.9986803e-01  -6.8630658e-01  -3.0436398e-01  -3.3578245e-01  -4.8493108e-01  -9.0645459e-01  -1.0305195e+00
   2.2511919e+00   1.8315415e+00   1.3213948e+00   1.4008415e+00   5.9259867e-01   9.4874966e-01   4.4950103e-01  -2.3092901e-01  -4.5734334e-01  -5.1743913e-01  -6.1516128e-01  -4.4634051e-01  -4.1206954e-01  -9.1618376e-01  -9.5097479e-01  -1.0127887e+00
   2.8284344e+00   1.7611180e+00   5.6731654e-01   7.3500021e-01   8.0783329e-01   9.5134541e-01   6.2050362e-01   3.1716016e-01   1.9156612e-01  -5.4294498e-01  -4.6930617e-01  -3.3707829e-02  -1.2968671e-01  -8.6229392e-01  -1.2491787e+00  -8.3624259e-01
   2.1332192e+00   1.0167934e+00   8.6173933e-01   8.8885079e-01   9.1241433e-01   1.0283779e+00   6.3171164e-01   3.0575762e-01   1.1852060e-01  -2.6440558e-01  -2.3698322e-01  -1.3054702e-01  -1.2889790e-01  -7.8912096e-01  -9.2187691e-01  -1.0337828e+00
   1.8265135e+00   1.6278062e+00   1.2403550e+00   1.1923313e+00   8.6173370e-01   8.2503433e-01   1.6898495e-01   1.4042719e-01  -1.5181509e-01  -3.0575545e-01  -3.2840451e-01   1.4522846e-01   4.9921778e-02  -7.8290971e-01  -9.2826647e-01  -1.1548979e+00
   1.8701301e+00   2.1233624e+00   1.3305065e+00   9.2004839e-01   8.7044358e-01   4.2638325e-01   3.1772987e-01  -3.2894751e-02   2.1035540e-02  -4.0604794e-01  -3.6251213e-01   2.0037414e-02  -5.8580568e-02  -9.4328515e-01  -1.0348182e+00  -1.3696074e+00
   1.9924855e+00   2.1195468e+00   1.2943588e+00   9.8474727e-01   9.5122026e-01   5.5423651e-01   1.3620234e-01   2.3619147e-01  -3.3909699e-01  -5.0777662e-01  -4.1657402e-01  -3.9773378e-01  -3.4896381e-01  -6.1752592e-01  -1.0327862e+00  -1.1567957e+00
   1.8115087e+00   1.9290087e+00   1.5301063e+00  -4.9452590e-02   4.0061213e-01   1.0654867e+00   6.0349615e-02  -3.5875239e-02  -1.1552856e-01  -4.5809086e-01  -7.9686461e-01  -3.4339711e-01  -1.4825477e-01  -7.5924251e-01  -1.0080124e+00  -1.3546190e+00
   1.4995566e+00   1.3918693e+00   1.1800165e+00   3.4710585e-01   8.7863640e-01   1.3416314e+00  -1.1488878e-01  -5.6536258e-01  -3.3785039e-01  -6.7072387e-01  -8.6436393e-01  -1.1398860e-01  -9.6611870e-02  -6.7048692e-01  -1.2147352e+00  -1.1771829e+00
   2.1481014e+00   1.4460286e+00   7.8933745e-01   4.4161115e-01   8.7697791e-01   9.0155896e-01   9.9423318e-02  -6.3373373e-02  -9.9161047e-02  -3.0952751e-01  -6.9621453e-01  -2.3590749e-01  -2.3691410e-02  -6.7617054e-01  -8.9071741e-01  -1.2318607e+00
   2.1139084e+00   1.9565943e+00   9.0723685e-01   6.9251456e-01   5.1180128e-01   4.0559152e-01  -1.7115904e-01  -4.3773839e-01  -2.1780450e-01  -3.8981923e-01  -5.4418780e-01  -1.2398724e-01  -1.6530901e-01  -8.0772096e-01  -9.2176033e-01  -1.4172450e+00
   2.0318615e+00   2.0107127e+00   1.6809283e+00   1.4332266e+00   3.5364795e-01   8.9554232e-02   8.1487855e-02   7.7490188e-02   1.4269536e-02  -3.0418449e-01  -6.1221692e-01  -2.9767411e-01  -5.2291714e-02  -8.6629970e-01  -8.9991281e-01  -1.3529063e+00
   2.1121353e+00   1.7284638e+00   1.1941122e+00   1.4744237e+00   1.5626427e+00   3.3590260e-01  -1.1411978e-01   4.4605130e-01   8.0223656e-01   7.2971435e-01   5.1338054e-01   1.1863358e+00   9.5852735e-01  -3.2798271e-01  -9.4200945e-01  -1.0276112e+00
   1.9796105e+00   2.1564412e+00   1.4761627e+00   1.4640575e+00   2.2665765e+00   1.2415123e+00   6.5294627e-01   1.0485850e+00   1.3126337e+00   1.3201186e+00   1.1756552e+00   2.1397264e+00   2.0070356e+00   8.0014454e-01  -2.6480079e-01  -1.0055532e+00
   2.2333036e+00   1.9986792e+00   1.5446941e+00   1.8946810e+00   2.4367711e+00   1.1969050e+00   8.7964621e-01   1.5048605e+00   1.8319699e+00   1.7998810e+00   1.4792189e+00   2.4787509e+00   2.0298297e+00   1.0885619e+00   1.1088250e-01  -8.1563409e-01
   2.3683143e+00   2.0644026e+00   1.2762074e+00   1.2804244e+00   2.3956742e+00   1.3580062e+00   6.4286967e-01   9.9767055e-01   1.5911642e+00   1.3086159e+00   1.1842585e+00   2.1682029e+00   1.6676458e+00   8.2204380e-01  -1.6897006e-01  -8.1293658e-01
   2.2196620e+00   2.1755402e+00   1.4082402e+00   1.7866611e+00   2.5795770e+00   1.2444478e+00   9.0092050e-01   1.3919807e+00   1.7444492e+00   1.3170198e+00   8.5420811e-01   2.0441444e+00   1.9216380e+00   1.5067741e+00   3.5861588e-01  -7.8289187e-01
   1.8358794e+00   2.0791158e+00   1.6510335e+00   1.7497795e+00   2.5015011e+00   1.6832371e+00   1.0274693e+00   1.2215375e+00   1.7524706e+00   1.1625174e+00   1.0554938e+00   1.9989832e+00   1.6389662e+00   9.5010413e-01   1.1751511e-01  -6.2715077e-01
   1.8105226e+00   2.1803517e+00   1.5654367e+00   1.7109025e+00   2.1852445e+00   1.2629240e+00   6.2632002e-01   1.1877020e+00   1.8302179e+00   1.4143922e+00   7.7984466e-01   1.7662205e+00   1.3734449e+00   1.0395175e+00   4.9432904e-02  -7.4455159e-01
   1.9147391e+00   1.8813838e+00   1.3045554e+00   1.2065181e+00   2.1810939e+00   1.4769832e+00   9.3715599e-01   1.3753637e+00   1.7821168e+00   1.0302271e+00   8.7730813e-01   1.9258444e+00   1.5981661e+00   1.1005531e+00  -1.3500754e-01  -1.1974528e+00
   1.6928507e+00   2.1285377e+00   1.6970287e+00   1.2456780e+00   1.8099247e+00   1.7379325e+00   1.0253574e+00   1.4113848e+00   1.8275289e+00   1.2845396e+00   9.2197384e-01   2.0375897e+00   1.6413956e+00   1.1664409e+00   2.4211758e-01  -6.1547058e-01
   2.1443931e+00   2.1937059e+00   1.8349137e+00   1.2898498e+00   1.5507720e+00   1.1956690e+00   1.0187504e+00   1.4938673e+00   1.8512754e+00   1.1401817e+00   8.6358236e-01   1.8858039e+00   1.6076719e+00   1.1471572e+00   1.8045815e-01  -6.1730918e-01
   2.1251823e+00   2.1579121e+00   1.3693421e+00   1.0645823e+00   1.1867101e+00   9.5077809e-01   9.7321996e-01   1.1632993e+00   1.8622305e+00   9.7966347e-01   8.5216467e-01   1.8612441e+00   1.6052087e+00   9.8082145e-01   2.5911002e-01  -5.6018841e-01
   2.2423638e+00   1.6804450e+00   1.5457966e+00   1.2549593e+00   1.6290887e+00   1.3735381e+00   8.0281571e-01   1.3007444e+00   1.7029304e+00   8.8616351e-01   8.7227627e-01   1.8081275e+00   1.6080402e+00   8.5033721e-01  -1.9154779e-01  -8.1636335e-01
   2.3023132e+00   1.6939217e+00   1.6958234e+00   1.1961482e+00   1.8513273e+00   1.3031495e+00   7.0967029e-01   1.4503230e+00   1.7173972e+00   7.6866912e-01   5.8365437e-01   1.6848653e+00   1.5589456e+00   7.8998963e-01  -3.7481559e-01  -1.1160067e+00
   2.4861253e+00   1.6845113e+00   1.0178396e+00   1.3119357e+00   2.0810559e+00   1.5481341e+00   9.4275800e-01   1.3430090e+00   1.7658649e+00   6.7530913e-01   8.1692055e-01   1.7230358e+00   1.4695083e+00   7.0070184e-01  -3.0160371e-01  -1.1572883e+00
   1.2100206e+00   1.4563670e+00   9.2585343e-01   1.1463126e+00   2.0487387e+00   1.4874382e+00   8.2734184e-01   1.3240187e+00   1.9959545e+00   7.1219000e-01   6.1577709e-01   1.7865120e+00   1.5856298e+00   7.2725846e-01  -4.7165974e-01  -1.2118689e+00
   1.4686255e+00   1.6794336e+00   1.5696514e+00   1.6640377e+00   2.2603852e+00   1.5100894e+00   1.0378639e+00   1.2425162e+00   1.8160388e+00   4.5252385e-01   7.7550503e-01   1.9161121e+00   1.5890522e+00   5.9557109e-01  -5.4998462e-01  -1.4838445e+00
   1.7348851e+00   1.7458467e+00   1.5504765e+00   1.6303855e+00   2.0908370e+00   1.5025192e+00   6.7212478e-01   1.5162550e+00   1.8717002e+00   3.7424522e-01   5.9491090e-01   1.8833323e+00   1.4250463e+00   5.4497120e-01  -7.0373066e-01  -1.0232102e+00
   2.5555087e+00   2.2471411e+00   1.6263835e+00   1.0157502e+00   1.3182566e+00   1.3236852e+00   6.0152489e-01   1.5926605e+00   2.0811872e+00   3.1651311e-01   6.4391506e-01   1.9211287e+00   1.3852462e+00   2.3352098e-01  -9.8942726e-01  -1.2633528e+00
   2.1356484e+00   2.4217732e+00   1.3248870e+00   1.2141045e+00   1.2536578e+00   9.3672427e-01   5.7014142e-01   1.7097552e+00   1.8324975e+00  -1.7410783e-01   6.7312631e-01   1.6532728e+00   1.2106271e+00   2.5080176e-01  -7.7890712e-01  -1.0944771e+00
   2.7832256e+00   2.3129679e+00   1.7806959e+00   1.5321754e+00   1.0873657e+00   6.4375210e-01   8.2885359e-01   1.5505602e+00   1.2951304e+00  -2.0000085e-01   5.4317754e-01   1.6505958e+00   9.2201396e-01   3.4997107e-01  -8.3066352e-01  -9.7924393e-01
   1.8495168e+00   1.7335955e+00   1.1081680e+00   1.1243258e+00   1.2933263e+00   6.1744015e-01   6.5547997e-01   1.4074495e+00   7.6757937e-01  -1.9942631e-01   3.6853912e-01   1.2663809e+00   5.5523133e-01  -1.0943746e-01  -9.3623839e-01  -1.1537153e+00
   2.2277055e+00   1.2664044e+00   1.1229032e+00   1.0934106e+00   7.0968336e-01   4.2272354e-01   4.1096972e-01   6.9936881e-01   3.0675993e-01  -3.8222263e-01   4.8990636e-02   4.8856581e-01   6.3913374e-02  -2.7516196e-01  -6.5950081e-01  -1.1564393e+00
   2.3008213e+00   1.4777789e+00   1.8738088e+00   1.3404038e+00   1.1155739e+00   9.1309016e-01   2.7345615e-01  -1.4382392e-01  -2.0516972e-01  -8.2432178e-02   1.2952585e-02   2.4641821e-01  -1.0122097e-01  -3.5229112e-01  -7.9826637e-01  -1.0966481e+00
   1.7820320e+00   2.0959547e+00   1.4094041e+00   7.6122693e-01   2.4571057e-01   7.7007181e-01   3.9896086e-02  -1.8940998e-01  -1.5436127e-01  -2.5598812e-01  -2.8400355e-01  -1.3238846e-01  -5.5024402e-02  -4.4203535e-01  -8.4497112e-01  -1.0994893e+00
   1.8677514e+00   7.0613320e-01   1.0195930e+00   9.8665096e-01   6.6844299e-01   8.1351814e-01   4.9039915e-01   2.3431593e-01  -2.5231863e-01  -6.4233651e-01  -6.4497164e-01  -6.8895939e-02  -3.2525290e-02  -5.1350566e-01  -1.0916349e+00  -1.2244843e+00
   2.4815012e+00   1.4217750e+00   1.3371623e+00   1.5708888e+00   3.3881211e-01   1.3161926e+00   5.6945788e-01   2.9667149e-02  -1.0689455e-01  -3.1741867e-01  -3.2373115e-01  -1.6272118e-01  -1.3328858e-01  -4.9905014e-01  -1.1007691e+00  -1.0454489e+00
   1.7776252e+00   1.6834618e+00   1.5154036e+00   8.1166673e-01   9.7872459e-02   2.4492225e-01   5.3164490e-03  -7.5078170e-02  -4.1194811e-01  -5.8817042e-01  -6.4491373e-01  -1.1035518e-01  -1.6315546e-02  -5.7643289e-01  -9.3645823e-01  -1.3694167e+00
   1.9476229e+00   2.1034146e+00   1.6312345e+00   8.0678486e-01   5.5532191e-01   4.0713469e-01   1.4888940e-01   2.6130127e-01   1.6682213e-01  -1.3260165e-01  -5.5085564e-01  -2.2974039e-01  -1.5774114e-01  -6.6482799e-01  -8.8350952e-01  -1.0815539e+00
   1.6782657e+00   1.7331521e+00   1.1152275e+00   3.5701754e-01   6.4441011e-01   1.0154160e+00   5.3159570e-01   2.7189744e-01  -6.5059362e-02  -2.6882981e-01  -7.7120058e-01  -3.6181065e-01  -6.4075674e-01  -6.5184890e-01  -7.5087481e-01  -1.2204124e+00
   1.6490666e+00   1.6911945e+00   9.5613472e-01   1.1188098e+00   4.7643279e-01   4.4143394e-01   6.5246726e-01   2.8590415e-01   2.9424951e-01   2.6505915e-02  -1.2159945e-01  -2.9875424e-01  -3.8973307e-01  -6.3353617e-01  -8.2811744e-01  -1.0868939e+00
   1.8858276e+00   1.6530992e+00   1.3019533e+00   1.1270208e+00   7.2884691e-01   6.5294854e-01   3.7571725e-01  -3.0243002e-01  -3.5808275e-01  -5.4459712e-01  -5.1521083e-01  -2.8618291e-01  -1.7603463e-01  -8.8563050e-01  -9.8593164e-01  -9.5481165e-01
   2.5339305e+00   2.0382191e+00   1.6916661e+00   1.3585875e+00   9.0161788e-01   3.0462483e-01  -5.0414889e-01  -4.4213465e-01  -2.8550514e-01  -8.2735422e-01  -1.0656930e+00  -2.1466686e-01  -7.7142869e-02  -7.7058879e-01  -8.4106145e-01  -1.1225773e+00
   2.4446274e+00   2.1264343e+00   1.3618746e+00   6.0078386e-01   8.1651895e-01   5.8198135e-01  -1.2276385e-01   4.9576504e-02  -3.9835740e-01  -6.4794635e-01  -6.6331860e-01  -2.5349316e-01  -9.6091833e-02  -5.5992318e-01  -9.6424495e-01  -1.1572175e+00
   1.6156574e+00   1.4584925e+00   1.7638523e+00   1.1003311e+00   9.6951103e-01   7.4083689e-01   4.3407182e-01   3.4430709e-01  -2.1803200e-01  -5.5512806e-01  -4.8147378e-01  -2.8616958e-01  -9.7474150e-02  -7.0679262e-01  -7.9355444e-01  -1.1479393e+00
   1.6081909e+00   1.5906660e+00   1.2966122e+00   9.8928642e-01   1.0687108e+00   7.6174356e-01   8.6905003e-02  -3.7494777e-01  -3.3621549e-01  -3.3858846e-01  -5.8014593e-01  -1.3207783e-01  -2.8097051e-01  -6.5202559e-01  -7.9175991e-01  -9.8265066e-01
   2.8076518e+00   1.9680449e+00   1.1973684e+00   1.1423208e+00   1.1123632e+00   4.8355883e-01   3.4530357e-01  -5.4832058e-01  -3.2589414e-01  -2.6770762e-01  -5.1494296e-01  -1.1479542e-01  -2.2140262e-01  -6.3232788e-01  -1.0394179e+00  -1.0998923e+00
   2.3204001e+00   1.9966795e+00   1.8048071e+00   1.1071017e+00   8.6853443e-01   1.0948297e+00   1.9792235e-01  -2.1380712e-01   1.4140050e-01  -1.6662370e-01  -2.4956520e-01  -1.0687407e-01  -6.4787146e-02  -8.9064106e-01  -1.1110141e+00  -9.4646101e-01
   2.0694095e+00   1.7522203e+00   9.9049321e-01   5.6590663e-01   8.2425000e-01   8.8486129e-01   9.6091946e-02   1.7247592e-01  -7.6743784e-03  -6.6184145e-01  -4.5614824e-01  -4.6909197e-02  -2.1989614e-01  -7.2229849e-01  -9.2933462e-01  -1.1863616e+00
   2.5037599e+00   2.1362165e+00   8.5510613e-01   6.6725061e-01   9.8600834e-01   7.6941008e-01   2.1702658e-01   2.9132162e-01  -7.3577617e-02  -2.4949257e-01  -7.4373731e-01  -1.1186710e-01  -1.6829602e-01  -7.9637071e-01  -9.3560168e-01  -1.1699800e+00
   2.2309903e+00   1.5565373e+00   1.4578460e+00   9.7427588e-01   7.7991503e-01   4.8003733e-01  -4.7211503e-02  -7.4591812e-02  -3.0683666e-01  -4.3692940e-01  -2.8653832e-01  -2.0138437e-01  -2.0480405e-01  -6.2942912e-01  -9.0725113e-01  -1.1039066e+00
   2.5343121e+00   2.2357587e+00   1.4536516e+00   9.1554246e-01   7.8586654e-01   8.3055116e-01   4.1223287e-01   1.0687527e-01  -6.0792242e-02  -4.5928655e-01  -2.3929431e-01  -6.2319045e-02  -2.5072536e-01  -5.7961368e-01  -9.9289023e-01  -1.1309072e+00
   2.4351436e+00   1.7921340e+00   1.2845799e+00   1.0910933e+00   1.0417332e+00   8.3268659e-01  -4.8456642e-03   3.0435877e-02  -2.2643776e-01  -4.6433806e-01  -3.1030364e-01  -9.4872468e-02  -1.1948406e-02  -7.2524370e-01  -9.2680560e-01  -1.2552464e+00
   1.2718106e+00   1.2118302e+00   9.3329626e-01   4.2612500e-01   6.9001819e-01   7.9027802e-01   3.2064355e-01   1.1574691e-01  -4.6120734e-01  -5.3786496e-01  -3.0092085e-01  -4.5639172e-01  -3.8962648e-01  -7.8776401e-01  -8.0156937e-01  -9.7276821e-01
   2.1789860e+00   1.9357627e+00   1.4822075e+00   1.4228469e+00   8.5540724e-01   9.6362954e-01   4.4296353e-01   3.9005535e-01  -2.3113924e-02  -5.1291310e-01  -3.9430843e-01  -2.1514051e-01  -1.1219172e-01  -8.9148893e-01  -8.0623158e-01  -1.0798111e+00
   2.0706347e+00   1.1053853e+00   1.1889732e+00   1.4298923e+00   5.8574697e-01   5.6529077e-01   3.2630327e-02   1.5822324e-01  -2.0871892e-01  -5.6282441e-01  -6.2868020e-01  -4.3485091e-02  -8.6326530e-02  -6.1181078e-01  -8.6254585e-01  -1.2172566e+00
   2.1420377e+00   1.6706618e+00   1.5424941e+00   1.1766806e+00   7.1593730e-01   7.5412858e-01   1.7201482e-01  -7.9922369e-02  -1.2223104e-01  -4.0537786e-02  -4.9007499e-01  -1.5476926e-01  -7.2018474e-02  -9.8443732e-01  -1.0390437e+00  -1.1957663e+00
   1.5697717e+00   2.2054586e+00   1.7376110e+00   1.0160659e+00   6.1279387e-01   9.2806596e-01   5.7366194e-01  -2.9584252e-01  -2.0804803e-01  -1.4048274e-01  -3.8407698e-01  -2.8211145e-01  -4.3500202e-02  -7.5184944e-01  -9.5316174e-01  -1.0583635e+00
   2.1484524e+00   2.2801083e+00   1.3116386e+00   7.9996456e-01   6.1211872e-01   6.6471607e-01   6.0356650e-02  -2.6941822e-01  -1.2348888e-01  -2.0655196e-01  -4.0365751e-01   8.2979818e-02  -5.3745931e-01  -8.6363278e-01  -8.4391302e-01  -1.0192905e+00
   2.4869717e+00   1.9779337e+00   1.5857326e+00   8.0438075e-01   5.1836019e-01   7.5102438e-01   2.6529908e-01   1.8739538e-01  -7.7645413e-02  -5.7167779e-01  -2.0408333e-01  -2.5371479e-01  -1.0091684e-01  -6.6823023e-01  -9.4550779e-01  -9.4991611e-01
   2.4215600e+00   1.9633814e+00   1.4346942e+00   1.1411029e+00   1.0806899e+00   1.0470182e+00   4.3993401e-03   2.1289090e-01  -4.6488892e-02  -3.1099013e-01  -2.3937957e-01  -1.0429427e-01   1.9318524e-01  -5.7727108e-01  -6.7715202e-01  -7.6355784e-01
   2.6005018e+00   2.0467279e+00   1.5310187e+00   8.6569284e-01   6.8689651e-01   9.2802049e-01   3.9647749e-01  -1.2878695e-01   1.3411937e-01  -1.1091841e-01  -2.0573330e-01  -2.5758143e-01  -6.6047556e-02  -6.5613168e-01  -1.1841230e+00  -1.2148064e+00
