   3.6361531e+00   2.8182280e+00   1.7297587e+00   1.7661202e+00   1.2865084e+00   1.0112825e+00   1.1791826e+00   1.2459751e+00   1.1844241e+00   8.9050219e-01   1.0112591e+00   9.9546106e-01   6.4111359e-01   5.2298240e-01   3.0199805e-01   2.2679049e-01
   3.5907358e+00   2.2739463e+00   1.2526862e+00   1.4918716e+00   6.3444543e-01   1.1501738e+00   8.5022782e-01   1.1902206e+00   1.0203561e+00   1.2752960e+00   1.0344568e+00   7.5757987e-01   5.3180791e-01   4.5557390e-01   2.9239029e-01   1.4900960e-01
   2.8291046e+00   1.8944389e+00   1.4021528e+00   1.7692451e+00   1.4084363e+00   9.6998645e-01   1.0435632e+00   1.5974324e+00   1.0748193e+00   1.1299567e+00   7.3421610e-01   5.6624956e-01   6.3672627e-01   2.8755207e-01   3.0964167e-01   3.3707578e-02
   2.9143341e+00   1.9944284e+00   1.0195113e+00   1.5623814e+00   1.1327713e+00   1.3643491e+00   1.2204995e+00   1.0919094e+00   9.9128605e-01   8.7307128e-01   8.4439820e-01   5.8861691e-01   6.8830206e-01   3.6523869e-01   5.5818641e-01   2.9211477e-01
   3.1005843e+00   2.3380725e+00   1.3299497e+00   1.6200328e+00   7.2241731e-01   8.6713324e-01   1.1614011e+00   1.1377427e+00   9.7349155e-01   1.0187760e+00   6.3342560e-01   8.1565756e-01   5.1385362e-01   2.0581258e-01   1.8537362e-01   1.6343721e-01
   3.2943771e+00   2.4530071e+00   1.4284658e+00   1.3808802e+00   9.4356635e-01   1.0866588e+00   1.6147598e+00   1.3413975e+00   1.0179527e+00   1.2354469e+00   9.6164895e-01   8.1349077e-01   5.5630465e-01   1.6067133e-01   5.5915399e-01   2.4221039e-01
   3.3543834e+00   2.0420799e+00   9.7295899e-01   1.8441786e+00   7.8588927e-01   6.9518118e-01   1.2309077e+00   1.4191947e+00   1.2173213e+00   5.9418368e-01   1.0174415e+00   5.7210163e-01   3.6070891e-01   3.0624485e-01   3.9451533e-01   3.2300681e-01
   2.9660793e+00   2.2063781e+00   1.4481365e+00   1.0075586e+00   9.8097552e-01   8.6080684e-01   6.4696374e-01   9.6075035e-01   1.3080996e+00   9.8307852e-01   1.1785641e+00   7.9695144e-01   3.7468250e-01   6.7188266e-01   7.1119603e-01   4.2171385e-01
   3.4737317e+00   2.1733947e+00   1.6752026e+00   1.7274539e+00   1.4520813e+00   1.6516136e+00   6.5629634e-01   6.7392179e-01   8.5042855e-01   9.9524291e-01   1.0463255e+00   9.1124295e-01   3.8344796e-01   5.9717952e-01   4.8803310e-01   1.8427552e-01
   3.0036946e+00   2.4614223e+00   1.8861054e+00   2.3318120e+00   1.5426043e+00   1.5807009e+00   1.1902429e+00   1.1121125e+00   8.6192561e-01   1.0220837e+00   7.9866431e-01   7.2480274e-01   3.3218408e-01   2.6364524e-01   3.6377561e-01   3.1634493e-01
   3.7436913e+00   2.0974660e+00   1.5045372e+00   2.1086488e+00   1.2982481e+00   7.3775887e-01   7.7255378e-01   9.2434679e-01   7.3005188e-01   9.4686401e-01   8.0517935e-01   7.3281557e-01   2.3721524e-01   4.3041300e-02   4.0155462e-01   3.2264059e-01
   3.9129582e+00   2.7507075e+00   1.6860607e+00   1.9494964e+00   1.6919809e+00   1.4717525e+00   1.5285665e+00   1.4169224e+00   6.2928720e-01   1.1486820e+00   8.3745397e-01   4.8905422e-01   4.1451440e-01   3.6566272e-01   3.7543920e-01   3.6234523e-01
   3.4982363e+00   2.2499921e+00   2.2648134e+00   2.3985080e+00   2.0500794e+00   1.2575789e+00   1.1664672e+00   1.3572423e+00   1.5274489e+00   1.1304350e+00   8.8226821e-01   8.4828360e-01   6.5638891e-01   4.5216232e-01   4.5738819e-01   2.8191945e-01
   3.1356331e+00   2.2434960e+00   2.5878684e+00   2.8330611e+00   2.2791528e+00   1.5660425e+00   1.4735754e+00   1.4706352e+00   1.3635221e+00   1.6234876e+00   1.1668570e+00   1.2239581e+00   8.8427640e-01   3.7558919e-01   5.8845881e-01   4.4411693e-01
   2.9914341e+00   2.6300189e+00   2.0705142e+00   1.6616299e+00   1.3682973e+00   1.5486439e+00   1.5159145e+00   1.0789327e+00   1.0083426e+00   6.7904985e-01   6.7225342e-01   7.4634766e-01   3.5193947e-01   2.8935541e-01   6.9485029e-01   5.0780757e-01
   3.5573602e+00   2.4971919e+00   2.0483947e+00   2.2029273e+00   1.9795397e+00   1.4542987e+00   1.1014851e+00   1.1356337e+00   1.0195397e+00   8.7238566e-01   9.6105100e-01   6.3833031e-01   1.0403360e-01   4.5637372e-01   7.0512107e-01   1.8478041e-01
   2.8977508e+00   2.2043720e+00   2.2076353e+00   2.2179806e+00   2.1554949e+00   1.3678439e+00   8.4186509e-01   9.8774855e-01   1.3611798e+00   1.2229309e+00   1.0396266e+00   8.7881791e-01   5.2463617e-01   7.0460434e-01   6.0102321e-01   4.3913849e-01
   3.2747516e+00   1.7920573e+00   1.1919793e+00   1.6274335e+00   1.1800743e+00   8.7180688e-01   1.3983767e+00   1.0450481e+00   9.7260412e-01   1.2173482e+00   7.6867972e-01   9.7710977e-01   4.3928203e-01   3.3342459e-01   5.1203833e-01   3.0677220e-01
   3.7093083e+00   2.1431742e+00   1.3759082e+00   9.6000687e-01   1.0221896e+00   8.3833178e-01   1.0719994e+00   1.3482006e+00   7.8433249e-01   5.3251858e-01   1.0377453e+00   6.6081987e-01   3.9543726e-01   5.3629662e-01   4.9462523e-01   2.5535205e-01
   2.8015064e+00   1.6709809e+00   1.1309149e+00   1.6155024e+00   1.1216874e+00   1.3178534e+00   1.3129442e+00   1.6249951e+00   1.1447045e+00   7.0301010e-01   7.5843781e-01   6.2717264e-01   4.7120288e-01   6.9221034e-01   6.4180317e-01   2.3944072e-01
   2.7876063e+00   2.0376239e+00   1.0805110e+00   1.5175527e+00   1.6613899e+00   1.3535873e+00   1.1604083e+00   1.3834635e+00   1.1842824e+00   1.0286708e+00   7.7539215e-01   8.1325077e-01   4.3033334e-01   5.5664704e-01   5.6242940e-01   1.6109044e-01
   3.5425209e+00   1.6854985e+00   1.6467791e+00   1.5818770e+00   1.4528906e+00   1.6834631e+00   1.2685667e+00   8.4509223e-01   8.9908878e-01   1.0114820e+00   1.0418972e+00   8.9371835e-01   3.6341350e-01   4.7267422e-01   6.3859733e-01   3.1664845e-01
   3.6396879e+00   2.6335178e+00   1.6359647e+00   1.8694285e+00   1.6170652e+00   1.2810952e+00   1.1785609e+00   1.3557501e+00   1.2527647e+00   1.1203886e+00   9.9934823e-01   7.4108930e-01   6.2604470e-01   5.5425904e-01   5.0418733e-01   4.8686414e-01
   3.3047623e+00   2.4236006e+00   1.6220568e+00   1.3932026e+00   1.1000542e+00   8.0252951e-01   1.0839769e+00   9.7566400e-01   9.3563061e-01   7.3943871e-01   6.8000649e-01   1.0271826e+00   4.4886667e-01   3.0021706e-01   6.4782810e-01   3.6538586e-01
   2.9564166e+00   2.0874810e+00   1.4670959e+00   1.6480457e+00   9.5958288e-01   1.5959752e+00   1.4522512e+00   1.4706408e+00   1.3363277e+00   8.6970731e-01   9.6733943e-01   8.4603085e-01   7.0271099e-01   6.4666304e-01   5.5137658e-01   4.2113028e-01
   3.3216018e+00   2.3457533e+00   1.3922958e+00   1.6485736e+00   1.4346220e+00   1.2664040e+00   1.4185432e+00   1.3092726e+00   1.1388201e+00   8.1845479e-01   7.9645191e-01   1.0480696e+00   8.0065363e-01   8.7770395e-01   4.5670107e-01   4.0404200e-01
   2.8487290e+00   1.7677674e+00   1.3489572e+00   1.5012986e+00   1.0358286e+00   1.0290074e+00   1.1110437e+00   1.1360741e+00   7.2538737e-01   9.1904229e-01   1.0159742e+00   9.5889462e-01   5.8170686e-01   4.8176255e-01   3.9508070e-01   2.0851499e-01
   3.3898640e+00   2.0742478e+00   9.8393997e-01   1.6138485e+00   7.8661304e-01   1.4816408e+00   9.1981256e-01   9.0186256e-01   8.8389092e-01   1.1489985e+00   1.0793141e+00   8.4574991e-01   4.9944717e-01   1.8711164e-01   2.1859755e-01   2.1241172e-01
   2.8495806e+00   1.4186929e+00   1.0962925e+00   1.1960928e+00   1.2711557e+00   1.4335108e+00   9.4887689e-01   1.4047259e+00   1.4767247e+00   1.1089743e+00   7.9792209e-01   8.5442894e-01   7.3411928e-01   1.4592415e+00   1.3155198e+00   9.7942981e-01
   2.5968474e+00   2.1563674e+00   1.6450322e+00   1.4930366e+00   1.6499211e+00   9.9925177e-01   1.4056608e+00   1.3076328e+00   1.2289591e+00   1.2133604e+00   1.1197328e+00   9.7496015e-01   7.0930486e-01   1.2138918e+00   1.0343784e+00   6.4544279e-01
   2.8102951e+00   1.7074616e+00   1.9683776e+00   2.5542711e+00   1.3844912e+00   1.2462635e+00   1.3154237e+00   1.2216768e+00   1.1280795e+00   1.7310096e+00   1.8237307e+00   1.1926071e+00   9.0091519e-01   1.6548833e+00   1.7026592e+00   7.5419814e-01
   2.8159229e+00   1.2971034e+00   1.9253374e+00   2.8511405e+00   1.6885766e+00   1.0900227e+00   1.1420125e+00   1.2765606e+00   9.8828923e-01   1.5226912e+00   2.4186580e+00   1.4843041e+00   1.1242997e+00   2.3727239e+00   2.5462306e+00   1.2587865e+00
   2.7423941e+00   2.2181042e+00   2.2360980e+00   2.9959294e+00   1.6325734e+00   1.2193691e+00   5.5767330e-01   6.0573435e-01   1.1268501e+00   1.2067035e+00   2.2040981e+00   1.8744410e+00   1.3028246e+00   2.5284137e+00   3.0409045e+00   1.4501174e+00
   2.8866298e+00   1.8611350e+00   2.1091886e+00   2.8426785e+00   1.4634088e+00   1.1464698e+00   1.2263010e+00   1.2211256e+00   1.3536624e+00   1.1244345e+00   1.8147671e+00   2.0072386e+00   1.7461705e+00   2.7323322e+00   3.4873714e+00   1.9801112e+00
   2.9229188e+00   1.9095582e+00   2.0346503e+00   2.5928702e+00   1.4127312e+00   1.3273925e+00   1.0130628e+00   1.3978695e+00   1.4840719e+00   1.1260191e+00   2.0174463e+00   1.8372764e+00   1.9627901e+00   2.8423240e+00   3.6062096e+00   2.1762225e+00
   2.0537393e+00   2.1236753e+00   2.2392871e+00   2.7191834e+00   1.6182705e+00   1.5589788e+00   1.4034057e+00   8.3507283e-01   1.4013838e+00   1.2101855e+00   2.0578949e+00   2.1913537e+00   2.0811874e+00   3.0019949e+00   3.5955937e+00   1.7407199e+00
   2.5095508e+00   1.7588144e+00   2.0739266e+00   2.5802186e+00   1.6087996e+00   1.2391697e+00   1.4286845e+00   1.1885357e+00   1.0746520e+00   7.4732416e-01   2.0365367e+00   2.4507098e+00   2.1241299e+00   2.9706995e+00   3.5430070e+00   2.0707751e+00
   2.6190754e+00   2.3042012e+00   2.1927319e+00   2.5284909e+00   1.7921890e+00   1.3807384e+00   1.0280576e+00   9.6091463e-01   1.0891562e+00   1.2250640e+00   2.2107655e+00   2.3032635e+00   1.8493629e+00   2.8488754e+00   3.6115300e+00   2.3879535e+00
   2.4636956e+00   2.0599067e+00   2.3749745e+00   2.7971535e+00   1.8298199e+00   1.2021490e+00   1.6375832e+00   1.2610152e+00   1.3306094e+00   1.1421003e+00   2.1012279e+00   2.1639927e+00   1.9888022e+00   2.9005281e+00   3.6801841e+00   2.4371940e+00
   2.2543410e+00   2.3146785e+00   2.2279691e+00   2.2860944e+00   1.6088170e+00   1.1950656e+00   1.4978310e+00   1.2104738e+00   1.2065618e+00   9.6422550e-01   2.0735714e+00   2.3582916e+00   2.1868611e+00   2.9240913e+00   3.5360027e+00   2.0382167e+00
   2.7488517e+00   2.4681668e+00   2.2459347e+00   2.4878971e+00   1.9708188e+00   1.3543520e+00   1.0805032e+00   9.6552656e-01   1.0528144e+00   9.0343720e-01   1.7722354e+00   2.4867064e+00   2.3393657e+00   3.1194215e+00   3.6790918e+00   2.4252534e+00
   2.3541629e+00   2.0899628e+00   2.5586659e+00   2.6077487e+00   2.1015168e+00   9.6296639e-01   8.2715263e-01   1.1384364e+00   1.3062245e+00   1.2215924e+00   2.0447798e+00   2.3978207e+00   2.0937502e+00   2.9736156e+00   3.5945331e+00   2.3956247e+00
   3.1018826e+00   2.2610125e+00   2.5725922e+00   2.4965097e+00   1.8620473e+00   1.2570210e+00   1.1941214e+00   1.4144259e+00   1.5238265e+00   1.1577247e+00   2.0318208e+00   2.4975067e+00   2.1702967e+00   3.1512903e+00   3.6488002e+00   2.4076812e+00
   2.5956563e+00   2.3918760e+00   2.5137038e+00   2.2047805e+00   1.5522541e+00   1.3317404e+00   1.1301784e+00   1.1428049e+00   1.2087618e+00   9.7944726e-01   1.8482276e+00   2.4814673e+00   2.0221980e+00   2.9296761e+00   3.4281424e+00   2.1630902e+00
   2.7433966e+00   1.7392601e+00   2.4865602e+00   2.2507069e+00   1.9057246e+00   1.7801108e+00   1.2334420e+00   1.0270847e+00   9.0379471e-01   1.1973276e+00   1.8900086e+00   2.3220176e+00   1.7757271e+00   2.6950899e+00   3.1273614e+00   1.9012916e+00
   3.2248940e+00   1.8155480e+00   2.5914809e+00   2.2945967e+00   1.3432000e+00   1.3932955e+00   1.3469818e+00   1.4518620e+00   1.3289105e+00   1.2742159e+00   1.8372403e+00   2.2996231e+00   1.6255505e+00   2.1902469e+00   2.6715248e+00   1.6116055e+00
   2.7173817e+00   1.9389747e+00   2.3207221e+00   2.1322582e+00   1.3841623e+00   1.4940115e+00   1.3442325e+00   9.7532053e-01   1.1169732e+00   9.5749996e-01   1.4290176e+00   2.0612937e+00   1.2712944e+00   2.1577722e+00   2.6519662e+00   1.5297991e+00
   2.1696921e+00   1.0987939e+00   2.4966851e+00   2.1078493e+00   1.7042514e+00   1.6749584e+00   1.5059886e+00   1.4848729e+00   1.3817299e+00   1.0363310e+00   1.5355703e+00   1.9993876e+00   1.1253832e+00   2.2780496e+00   2.6956088e+00   1.4002838e+00
   2.9893871e+00   1.7259042e+00   1.9865330e+00   2.1022731e+00   1.9696050e+00   1.6939825e+00   1.2596570e+00   1.4207298e+00   1.0998972e+00   1.0315816e+00   1.4435572e+00   1.6921545e+00   1.1528368e+00   2.2772228e+00   2.5475450e+00   1.6079140e+00
   3.2182750e+00   1.7438625e+00   1.9770765e+00   2.0966542e+00   1.4852520e+00   1.0732478e+00   1.2102789e+00   1.2769890e+00   1.2436056e+00   8.1476281e-01   1.4073256e+00   1.5421981e+00   9.2901237e-01   2.2096611e+00   2.6248170e+00   1.5135458e+00
   3.1235914e+00   1.8241065e+00   2.0591796e+00   1.7156959e+00   1.1738365e+00   1.1820303e+00   1.2027737e+00   1.5397487e+00   1.3485795e+00   1.2350543e+00   1.5374918e+00   1.6942586e+00   7.8413358e-01   2.0364676e+00   2.5409836e+00   1.2669257e+00
   2.6249158e+00   1.7686401e+00   2.2512362e+00   2.4038139e+00   1.5981227e+00   1.1619401e+00   1.4165521e+00   1.4084570e+00   1.3591548e+00   1.1945386e+00   1.5287554e+00   1.6968098e+00   6.9120645e-01   1.7852756e+00   2.0771731e+00   1.0374507e+00
   2.0523315e+00   1.8365144e+00   1.8836066e+00   1.7865172e+00   1.2526668e+00   6.3830493e-01   1.3022092e+00   1.3441628e+00   1.5225712e+00   1.2256064e+00   1.5525921e+00   1.5002476e+00   4.7808394e-01   1.1176052e+00   1.5148698e+00   5.1221767e-01
   2.5974522e+00   1.8525390e+00   1.8058603e+00   1.5751867e+00   1.2204065e+00   1.2845186e+00   1.6369721e+00   1.6397038e+00   1.4411241e+00   1.1830538e+00   1.0276436e+00   1.2906204e+00   4.9575237e-01   1.0928131e+00   1.3789054e+00   6.3167386e-01
   2.3203273e+00   1.7809579e+00   1.5249355e+00   1.7107189e+00   1.5968883e+00   1.6109619e+00   1.4613356e+00   1.1564476e+00   9.9516176e-01   1.0919745e+00   8.9443472e-01   6.8703756e-01   3.5356508e-01   7.2522529e-01   7.9790296e-01   6.1806185e-01
   1.8712033e+00   1.4008837e+00   1.2998316e+00   1.7987054e+00   1.6109546e+00   1.1574474e+00   1.4492622e+00   1.2266754e+00   1.2582201e+00   4.8502871e-01   6.2061181e-01   4.6174301e-01   3.7666550e-01   6.2943104e-01   7.4557048e-01   9.9073875e-02
   2.5148150e+00   2.0691271e+00   1.4649676e+00   1.7082820e+00   1.4251131e+00   1.5005807e+00   1.4172860e+00   1.2263619e+00   1.0905268e+00   1.2379081e+00   1.1796783e+00   8.5236708e-01   4.8548689e-01   5.9432696e-01   5.0209512e-01   2.5941104e-02
   2.4669716e+00   2.3411197e+00   1.2656635e+00   1.4015077e+00   1.2026219e+00   1.1617872e+00   8.8768832e-01   1.2660505e+00   1.1843377e+00   9.9675284e-01   1.0143775e+00   6.8910144e-01   3.8769408e-01   4.5352570e-01   3.9700581e-01   4.9098657e-01
   2.4242971e+00   1.8605576e+00   1.6839703e+00   1.8726352e+00   1.2278701e+00   1.3826730e+00   1.1163320e+00   1.2450074e+00   1.4162864e+00   1.1390384e+00   7.9310357e-01   2.6137109e-01   3.9448612e-01   3.6440963e-01   3.9237323e-02   2.2485199e-01
   2.0697312e+00   1.5393025e+00   1.7303967e+00   1.8812372e+00   1.1763377e+00   1.4009818e+00   1.6418203e+00   1.5128287e+00   1.2204262e+00   1.0125798e+00   9.3960013e-01   5.9808528e-01   2.6025984e-01   2.1772744e-01   1.9775905e-01   2.2321659e-01
   2.7342103e+00   2.0232397e+00   1.4286734e+00   1.6845337e+00   1.2482655e+00   1.2566051e+00   1.2622125e+00   1.3582630e+00   9.7273288e-01   7.8792729e-01   9.6586407e-01   8.9619336e-01   6.8616477e-01   4.6649508e-01   6.7293990e-01   3.9594620e-01
   3.1741287e+00   2.1350146e+00   1.0856813e+00   1.0416532e+00   1.0890017e+00   1.6727187e+00   1.2242413e+00   1.5628024e+00   1.3227776e+00   1.0392427e+00   8.5990911e-01   7.1016263e-01   2.6487015e-01   1.0804537e-01   2.4329345e-01   6.3890084e-02
   2.0164287e+00   2.3238950e+00   1.5175585e+00   1.3898292e+00   1.3914430e+00   1.6117562e+00   1.5153854e+00   1.5400925e+00   9.3615891e-01   1.0470786e+00   7.3933042e-01   7.3535519e-01   6.1453221e-01   4.4946392e-01   6.4953824e-01   3.6379127e-01
   1.9163580e+00   1.8313381e+00   1.5260655e+00   1.5566929e+00   1.4074228e+00   1.3533851e+00   1.4034105e+00   1.4081431e+00   1.1282535e+00   1.0350928e+00   1.0209346e+00   8.7569935e-01   4.1926327e-01   4.4579794e-01   2.2465925e-01   9.4815610e-02
   1.9634811e+00   1.7132125e+00   1.0044502e+00   7.8416091e-01   1.0978030e+00   1.1856760e+00   1.2071616e+00   1.1828244e+00   1.2834759e+00   6.6084670e-01   9.8192104e-01   8.0504718e-01   1.3031759e-01   3.0174911e-01   1.1382686e-01   3.6082615e-01
   2.6595680e+00   1.4458357e+00   1.4461793e+00   1.2480929e+00   1.1563666e+00   8.1150827e-01   1.2353198e+00   1.3697808e+00   9.0185144e-01   1.0331458e+00   1.1798229e+00   6.2197390e-01   1.2622639e-01   9.5154518e-03   5.1729580e-02  -1.1435948e-01
   2.9085065e+00   1.9030006e+00   1.2817462e+00   1.0502802e+00   1.2175776e+00   1.3387351e+00   1.2245220e+00   9.7693085e-01   1.2970553e+00   1.0346547e+00   7.9886864e-01   5.0270080e-01   3.1010426e-01   3.3826188e-01   1.9817949e-01   8.1675431e-02
   2.8384245e+00   1.6190191e+00   9.5537417e-01   1.2863705e+00   1.2431260e+00   9.2862272e-01   8.4100015e-01   9.9085468e-01   1.1738843e+00   1.2333705e+00   1.0585356e+00   6.2650197e-01   4.4544030e-01   3.9934361e-01   2.4263930e-01   1.1887615e-01
   2.3392516e+00   1.8601744e+00   1.2002335e+00   1.0524542e+00   1.4008897e+00   1.2683778e+00   6.8601943e-01   8.1200012e-01   9.4007744e-01   1.2603349e+00   9.9622641e-01   6.5514166e-01   4.5752641e-01   2.6867963e-01   3.3040375e-01  -1.6214056e-02
   2.4365972e+00   2.0869643e+00   1.0547496e+00   1.0887592e+00   1.3991787e+00   9.0542259e-01   8.1515262e-01   1.3357941e+00   1.2392762e+00   9.7213604e-01   8.2113184e-01   6.3813664e-01   3.4965820e-01   1.9190769e-01   2.7026243e-01   8.0884443e-02
   2.1888274e+00   1.7862668e+00   1.0591318e+00   1.8194234e+00   1.1915183e+00   1.0673919e+00   1.6017654e+00   1.3517510e+00   1.0080981e+00   1.0133246e+00   9.0857913e-01   9.3617766e-01   3.8915954e-01   6.1488003e-01   6.8607113e-01   4.0362454e-01
   2.0950968e+00   1.6735077e+00   1.1774931e+00   1.5149691e+00   1.3057102e+00   9.9218557e-01   1.0316720e+00   1.2141653e+00   1.1721226e+00   1.2057211e+00   6.6921431e-01   6.8185689e-01   3.7777769e-01   3.3910716e-01   4.2257644e-01   2.1099536e-01
   2.7018918e+00   1.9027901e+00   1.3757834e+00   1.3508730e+00   1.1959763e+00   1.3181522e+00   1.2683008e+00   1.0869902e+00   1.0010772e+00   1.1246060e+00   8.0694193e-01   8.4856372e-01   2.8596780e-01   3.8569500e-01   4.7844142e-01   5.7581727e-02
   2.4293409e+00   1.8295626e+00   1.3646359e+00   7.4999168e-01   4.0755318e-01   1.1383377e+00   1.0786100e+00   1.0607113e+00   1.0376292e+00   1.1974231e+00   1.2341948e+00   9.3693107e-01   4.0790916e-01   3.6628636e-01   5.2174710e-01   2.0387418e-01
   2.5748632e+00   1.8701251e+00   1.4825889e+00   1.5063422e+00   9.5251292e-01   9.0236799e-01   1.0021311e+00   8.3611336e-01   8.6172830e-01   9.9778099e-01   1.0517998e+00   9.1954163e-01   5.9467011e-01   3.8047934e-01   4.2443231e-01   3.0153646e-01
   2.8394271e+00   1.5648620e+00   1.6238886e+00   1.3476810e+00   1.0610974e+00   1.0869249e+00   1.2515399e+00   1.3269181e+00   9.1292709e-01   1.2902487e+00   9.7104965e-01   7.3839661e-01   3.9218978e-01   2.3729278e-01   3.9158504e-01   3.9006472e-02
   2.5548326e+00   1.5257913e+00   1.0728234e+00   1.1527228e+00   1.3195725e+00   1.3260519e+00   1.1915112e+00   1.1454393e+00   1.0402020e+00   9.0383652e-01   9.0902725e-01   5.2147922e-01   4.8248231e-01   2.8871797e-01   4.5615147e-01   2.3452879e-01
   2.4927286e+00   1.6434115e+00   9.5325619e-01   1.0621892e+00   1.3610942e+00   1.5338217e+00   1.1309212e+00   1.0699326e+00   9.5565883e-01   1.1147883e+00   1.1447733e+00   9.0427694e-01   4.6459242e-01   4.5171670e-01   7.0387432e-01   2.6695623e-01
   2.2737846e+00   1.9005839e+00   1.2812411e+00   1.2945401e+00   1.3814113e+00   1.2708072e+00   1.0846449e+00   1.3711934e+00   9.9228504e-01   1.0207649e+00   9.1664697e-01   9.5806291e-01   4.8419608e-01   6.1834684e-01   5.2772867e-01   6.2069234e-03
   2.0696581e+00   2.2627921e+00   1.5089117e+00   1.5486112e+00   1.2945586e+00   1.5007950e+00   1.2092503e+00   1.2868937e+00   1.3818909e+00   8.1349541e-01   1.1403748e+00   6.7646186e-01   1.0519079e-01   5.4187085e-01   6.1651613e-01   2.0308600e-01
   2.3362466e+00   2.1805786e+00   1.4827200e+00   8.7802964e-01   9.2431474e-01   1.3897591e+00   8.5982561e-01   1.2616946e+00   1.4225533e+00   1.1258564e+00   1.0279240e+00   5.7691244e-01   2.3833449e-01   4.8707767e-01   3.8435869e-01   2.8174494e-01
