   2.6917676e+00   1.9470156e+00   2.0451063e-01   3.6724754e-02   7.0284155e-01   8.5487169e-01   4.9156157e-01   3.7375620e-01   6.4866855e-01  -1.2102595e-01  -3.4698836e-01  -6.8395152e-01  -9.7924422e-01  -8.0878740e-01  -1.0265065e+00  -1.1947440e+00
   2.7473180e+00   2.0013100e+00   7.4743976e-01   8.4447003e-01   9.5639998e-01   1.1895628e+00   5.3059228e-01   5.6171064e-01   2.8282288e-01   3.0111549e-01  -1.4430900e-01  -5.0381586e-01  -1.0158908e+00  -9.8892103e-01  -8.6406991e-01  -1.0079942e+00
   2.5358260e+00   1.8522055e+00   3.1279381e-01   4.5277861e-01   8.9994000e-01   7.2346416e-01   6.5284854e-01   1.2642031e+00   5.3338748e-01   3.5655509e-01  -4.1897079e-01  -5.8754703e-01  -1.1929835e+00  -1.1570054e+00  -9.9244810e-01  -1.0369526e+00
   2.1435256e+00   1.3539437e+00   5.8841523e-01   2.6270291e-01   5.2386549e-01   1.0705518e+00   3.0768345e-01   5.1569933e-01   6.6229819e-01   7.9780245e-02  -5.8232326e-01  -6.4984589e-01  -9.5077860e-01  -8.4593712e-01  -1.0328117e+00  -1.0443472e+00
   2.5357945e+00   1.7914680e+00   6.9534334e-01   6.2038224e-01   8.4760046e-01   1.0479100e+00   5.2660294e-01   5.9033911e-01   6.3526970e-01   8.1277026e-02  -2.3450495e-01  -6.1435910e-01  -9.4985637e-01  -1.1517422e+00  -1.1928449e+00  -1.2187153e+00
   2.5187673e+00   1.3360048e+00   7.9637175e-01   1.4399128e-01   4.7426815e-01   6.0289884e-01   2.9308041e-01   4.8406813e-01   3.2969383e-01   5.7211358e-01  -3.2508565e-01  -7.5365567e-01  -8.4636726e-01  -6.9684523e-01  -1.0673625e+00  -1.1935875e+00
   2.4263008e+00   1.8467743e+00   9.1637193e-01   5.6890308e-01   7.0343639e-01   1.0391771e+00   7.2891185e-01   7.6034103e-01   7.5228898e-01   4.2162538e-01  -1.7240284e-01  -4.9268701e-01  -7.3289436e-01  -8.6681140e-01  -1.1719055e+00  -1.3944256e+00
   2.1592680e+00   1.3804212e+00   5.8113181e-01   5.5745030e-01   6.5083955e-01   1.1794987e+00   6.8233364e-01   4.9916905e-01   5.5825857e-01  -2.2779920e-02  -9.5721239e-02  -3.7875715e-01  -8.4446694e-01  -1.0528175e+00  -1.0098072e+00  -1.0226608e+00
   2.4453108e+00   1.0126030e+00   6.8551442e-01   9.0284279e-01   5.0733114e-01   1.0000805e+00   4.9922930e-01   7.7007979e-01   5.5809566e-01  -1.5385099e-01  -5.3695188e-01  -1.0579994e+00  -9.3052342e-01  -1.0286450e+00  -9.6948114e-01  -1.2135160e+00
   2.7401541e+00   1.1678677e+00   7.9393021e-01   9.0369955e-03   5.4352274e-01   1.0130762e+00   8.1099972e-01   7.2799480e-01   5.6551814e-01  -1.1668925e-01  -3.1578284e-01  -6.7819665e-01  -1.0492963e+00  -1.1785959e+00  -1.0810068e+00  -1.3455714e+00
   2.5752816e+00   1.2409132e+00   8.9815402e-01   8.6416022e-01   1.0220741e+00   6.5399018e-01   9.0700501e-01   7.2874889e-01   7.3608648e-01  -3.9316144e-01  -4.4413641e-01  -7.3315671e-01  -8.8998068e-01  -1.2235266e+00  -1.1641249e+00  -1.1444551e+00
   2.6986020e+00   1.5088251e+00   6.7729530e-01   5.0383302e-01   4.7912825e-01   7.0061168e-01   9.3523367e-01   9.1341222e-01   2.3534899e-01  -1.6245815e-01  -2.2082584e-01  -4.8446920e-01  -1.1249405e+00  -1.2638239e+00  -1.1703757e+00  -1.0283793e+00
   2.5838632e+00   1.4054707e+00   2.8782919e-01  -2.2890145e-02   4.2436138e-01   6.9310396e-01   4.9208935e-01   1.0493775e+00   3.5715150e-01  -2.7930972e-01  -3.3298142e-02  -5.8450286e-01  -9.9430615e-01  -1.4041527e+00  -1.5102409e+00  -1.4748789e+00
   2.4481776e+00   1.5221616e+00   6.5554301e-02   9.7769232e-02   4.9426462e-01   6.6232922e-01   7.5569162e-01   1.2800886e+00   6.6042097e-01  -4.7373728e-02  -1.1873449e-02  -5.2632592e-01  -8.6395693e-01  -1.1692471e+00  -1.1721675e+00  -1.2227468e+00
   2.9253422e+00   1.8827640e+00   6.8583550e-01   7.5378576e-01   5.3741071e-01   9.9987608e-01   7.2362860e-02   7.6539494e-01   5.5184487e-01  -2.9849978e-01  -4.2727986e-01  -8.9612578e-01  -6.4266328e-01  -1.0122339e+00  -1.2153153e+00  -1.4558089e+00
   2.2737915e+00   1.6392623e+00   4.8534291e-01   7.3343798e-01   6.8214887e-01   5.9344019e-01   2.4867877e-01   5.6739265e-01   4.5283465e-01   2.8416854e-01  -1.6778386e-01  -5.1056802e-01  -1.0240885e+00  -1.3164695e+00  -1.5959908e+00  -1.3451593e+00
   2.0514048e+00   9.5800562e-01   8.0184513e-01   1.2566007e+00   1.0705505e+00   1.0987663e+00   8.2595304e-01   7.0665165e-01   4.9851592e-01   4.4787703e-01   5.5714186e-02  -5.3005300e-01  -7.6723306e-01  -9.9062140e-01  -1.2840383e+00  -1.0875419e+00
   2.8419112e+00   8.7015403e-01   2.8615836e-01   6.6066855e-01   8.1514772e-01   1.0494903e+00   7.0809021e-01   7.5998719e-01   7.3891971e-01   3.1102830e-01  -8.5642820e-03  -7.5622537e-01  -1.1389033e+00  -1.5688836e+00  -1.2241800e+00  -1.1805543e+00
   2.7836003e+00   1.2042498e+00  -5.8934495e-03   1.2058576e-01   5.5087162e-01   9.3714135e-01   5.7959385e-01   7.3378854e-01   5.0039210e-01  -1.1655707e-03   7.0784598e-02  -5.8393174e-01  -9.4640496e-01  -1.2770738e+00  -1.1571776e+00  -1.2702559e+00
   2.8500681e+00   1.1832449e+00   2.3668574e-01   6.9801398e-02   4.2847973e-01   1.1691200e+00   6.1608731e-01   5.2099957e-01   3.9289981e-01   5.5876193e-02  -3.4045882e-01  -7.7644928e-01  -1.0971327e+00  -1.3875558e+00  -1.3648648e+00  -1.1469129e+00
   3.0210400e+00   2.0243987e+00   5.6738836e-01   3.1135169e-01   9.3820340e-01   1.2576980e+00   3.2298044e-01   5.1061453e-01   6.1527286e-01   8.9712220e-02  -2.3866908e-01  -5.3142329e-01  -9.9964904e-01  -8.5359431e-01  -1.2758145e+00  -1.1968279e+00
   2.9246077e+00   1.6084345e+00   8.8030653e-01   2.7413757e-01   7.9191968e-01   1.4803331e+00   6.5436285e-01   5.3512312e-01   4.4724083e-01  -6.5253458e-02   1.7902889e-02  -6.0775333e-01  -1.0118993e+00  -1.0209068e+00  -1.0684065e+00  -9.5570695e-01
   2.7112905e+00   1.6386086e+00   8.4203170e-01   1.1884898e+00   6.7490164e-01   9.2321901e-01   9.1183272e-01   9.9200428e-01   3.9620468e-01   8.7270414e-02  -7.0002292e-02  -6.5232451e-01  -9.4632044e-01  -9.2560692e-01  -9.3804028e-01  -1.0640115e+00
   2.7640107e+00   1.5098018e+00   1.0107188e+00   7.8129760e-01   6.9562399e-01   1.1848784e+00   9.1582422e-01   1.0490591e+00   6.5633402e-01   5.2525105e-02  -7.0540621e-02  -3.3067393e-01  -9.4037067e-01  -1.1094528e+00  -1.1461450e+00  -1.5147876e+00
   2.4624329e+00   1.3804282e+00   2.8118064e-01   4.6716902e-01   4.5304115e-01   1.2199906e+00   9.5305766e-01   8.2811200e-01   6.0671918e-01  -6.2583050e-02  -3.1810051e-01  -4.8836191e-01  -1.3299171e+00  -1.4094339e+00  -1.0849375e+00  -1.2546144e+00
   2.5986282e+00   1.6274610e+00   5.0640207e-01   3.3937271e-01   7.4185827e-01   1.2453383e+00   5.9325969e-01   7.2442374e-01   8.8753787e-01   2.5749101e-01  -2.0846317e-01  -6.0393609e-01  -1.1477937e+00  -1.1573743e+00  -1.0648023e+00  -1.4474823e+00
   2.7543161e+00   1.3769619e+00   8.6738665e-01   9.8691114e-01   3.9538051e-01   1.1242375e+00   8.3681442e-01   6.7017016e-01   5.9343818e-01   8.7764987e-02   4.1809152e-02  -4.2388831e-01  -5.2138627e-01  -3.2639840e-01   2.7638712e-02  -7.1963185e-01
   3.0844644e+00   1.7078652e+00   1.1883603e+00   8.5713740e-01   7.5413457e-01   1.1731728e+00   5.9055920e-01   5.0519468e-01   5.7445347e-01   1.9438204e-01   5.0983417e-01   9.0957881e-01   1.1145710e+00   1.6026091e+00   2.1829387e+00   1.1373507e+00
   2.1956599e+00   2.0922847e+00   1.5466827e+00   1.3026638e+00   1.2926349e+00   1.0596717e+00   5.0478246e-01   7.3324257e-01   8.0209409e-01   1.6073434e-01   8.3823438e-01   1.4223361e+00   1.3359188e+00   2.0478508e+00   2.7442650e+00   1.7885832e+00
   2.9728302e+00   2.0882946e+00   1.3994006e+00   1.4022457e+00   9.7791611e-01   1.2368315e+00   7.5764738e-01   8.9959814e-01   4.6488344e-01   1.8496644e-01   1.0061701e+00   1.7523206e+00   1.6720689e+00   2.3270177e+00   2.9558845e+00   1.8513423e+00
   2.6059112e+00   2.1357241e+00   1.1188449e+00   1.2545483e+00   1.0888739e+00   1.2858566e+00   3.8384452e-01   7.2373554e-01   1.0867911e-01   2.4670076e-01   1.1514368e+00   1.6815871e+00   1.4441610e+00   2.3201781e+00   2.9533476e+00   1.8422067e+00
   2.9335921e+00   2.0506742e+00   9.6154897e-01   1.3985966e+00   8.0007751e-01   1.3022212e+00   8.6220706e-01   1.0098447e+00   2.0441097e-01   3.4786566e-01   9.7847833e-01   1.7116694e+00   1.2525590e+00   2.2246475e+00   2.8395591e+00   1.6308841e+00
   2.3940154e+00   1.9287057e+00   1.0578942e+00   1.5966009e+00   6.2573996e-01   1.0799869e+00   4.3957971e-01   7.9080647e-01   5.3267910e-01   2.1768000e-01   7.5315994e-01   1.7096652e+00   1.4620629e+00   2.1528728e+00   2.7434353e+00   1.6519351e+00
   2.4764165e+00   1.9943417e+00   1.4727070e+00   1.9201661e+00   8.3024182e-01   8.3987175e-01  -7.0292726e-03   9.2004567e-01   5.7650591e-01   1.1224973e-01   6.5187945e-01   1.7027372e+00   1.5653378e+00   2.0491168e+00   2.6917544e+00   1.6897326e+00
   2.9261339e+00   2.1261884e+00   1.6636173e+00   1.9137247e+00   1.1275569e+00   1.0957686e+00   1.0296672e-01   5.8808950e-01   6.1106308e-01   2.4764285e-01   6.7559147e-01   1.8932544e+00   1.6091097e+00   2.0944135e+00   2.8246809e+00   1.6950260e+00
   2.9357505e+00   2.0173330e+00   1.3548412e+00   1.8660488e+00   8.6678817e-01   7.5949689e-01   3.7581918e-01   5.2670872e-01   4.0300923e-01  -1.4863988e-02   7.0366056e-01   1.9609549e+00   1.5163120e+00   1.9642967e+00   2.6956179e+00   1.6053657e+00
   2.9704393e+00   2.0275492e+00   1.2035107e+00   1.9695864e+00   7.3153097e-01   6.4520636e-01   9.0183851e-01   7.6294550e-01   5.9368908e-01   3.4237562e-01   6.6468787e-01   2.0236856e+00   1.5253419e+00   1.9463438e+00   2.7218884e+00   1.6865474e+00
   2.6681943e+00   1.7358155e+00   1.6285844e+00   1.9993917e+00   1.0019065e+00   1.2140616e+00   1.2577328e+00   8.0444507e-01   7.6990670e-01   4.4094552e-01   7.6339558e-01   2.0493183e+00   1.5598262e+00   2.0014346e+00   2.7626491e+00   1.7149995e+00
   2.4554263e+00   1.7892776e+00   1.0765529e+00   1.7991572e+00   6.3232771e-01   7.4904896e-01   6.2006607e-01   7.5094065e-01   4.7968976e-01   2.7673376e-01   8.6499468e-01   2.0686035e+00   1.5378526e+00   1.8931261e+00   2.6552058e+00   1.6540952e+00
   3.2134235e+00   1.7945188e+00   1.0984882e+00   1.9161710e+00   7.2250809e-01   8.0470173e-01   3.5011854e-01   7.1739984e-01   7.8431567e-01   3.6077583e-01   8.9439381e-01   2.0143062e+00   1.4571014e+00   1.8382459e+00   2.5966932e+00   1.5694490e+00
   2.9477287e+00   1.3379677e+00   1.1472354e+00   1.9299919e+00   8.9197286e-01   8.7319343e-01   6.8641039e-01   7.8607474e-01   7.5283205e-01   6.4134677e-01   8.9428277e-01   2.0107244e+00   1.4349309e+00   1.8959856e+00   2.7217405e+00   1.7278688e+00
   2.6280055e+00   1.7028506e+00   1.4138451e+00   2.0001408e+00   8.4699578e-01   6.1899922e-01   5.6843765e-01   6.0126909e-01   6.8096158e-01   4.2402457e-01   8.3169317e-01   2.1024789e+00   1.3322701e+00   1.8843668e+00   2.7700790e+00   1.7914148e+00
   3.2457051e+00   1.9152982e+00   1.1323840e+00   1.8527839e+00   7.0795739e-01   3.5504344e-01   1.1322020e-01   4.8022474e-01   4.5788955e-01   3.1037063e-01   8.2637796e-01   2.0135613e+00   1.1754998e+00   1.8280519e+00   2.7761173e+00   1.7822897e+00
   2.8980729e+00   2.4043906e+00   1.3967447e+00   2.0625406e+00   7.4340853e-01   7.8337151e-01   7.3413975e-01   7.4606715e-01   6.1619637e-01   1.9364643e-01   7.4244959e-01   1.9906381e+00   1.0259305e+00   1.8543404e+00   2.7900636e+00   1.8118975e+00
   2.4167029e+00   2.2181869e+00   1.5297854e+00   2.0849640e+00   6.3801596e-01   1.0985967e+00   1.0492378e+00   1.0875050e+00   9.8516245e-01   1.0591758e-01   7.6494572e-01   1.9535310e+00   8.5254900e-01   1.8377321e+00   2.7745037e+00   1.7363529e+00
   3.0210912e+00   2.0816438e+00   1.1662701e+00   2.1439057e+00   1.2979104e+00   1.2291721e+00   9.1748898e-01   5.1123500e-01   7.4718855e-01   4.3313511e-01   7.5896097e-01   1.8931262e+00   1.0817480e+00   1.8245243e+00   2.8322817e+00   1.7952115e+00
   2.9228725e+00   2.2881045e+00   1.1755814e+00   2.3829039e+00   1.2174693e+00   1.0411252e+00   5.3918137e-01   8.4425449e-01   6.9256068e-01   4.9228064e-01   1.0033838e+00   1.7658546e+00   1.1156892e+00   1.7346825e+00   2.7524201e+00   1.9186959e+00
   2.6806904e+00   1.6721947e+00   1.7160580e+00   2.3849578e+00   1.4235663e+00   1.3160271e+00   8.9662181e-01   9.0922809e-01   7.4609539e-01   5.7755431e-01   1.3644560e+00   1.9108694e+00   1.1477441e+00   1.4448199e+00   2.3841908e+00   1.8506628e+00
   3.5078080e+00   2.1736248e+00   1.8814867e+00   2.7512109e+00   1.8048275e+00   1.2173246e+00   1.1266786e+00   9.4751428e-01   9.5480447e-01   1.1510277e+00   1.4946118e+00   1.9409168e+00   1.2151352e+00   1.3956527e+00   2.4235520e+00   1.7354432e+00
   2.7774777e+00   1.4054072e+00   1.3456186e+00   2.3643669e+00   7.4372577e-01   8.7802628e-01   7.0001547e-01   9.1194827e-01   8.0509302e-01   3.6480865e-01   9.2643661e-01   1.8322041e+00   8.0159313e-01   1.3344078e+00   2.3886780e+00   1.5985174e+00
   3.1485743e+00   2.1279083e+00   1.6910487e+00   2.4022086e+00   7.9130283e-01   9.9699726e-01   6.4606842e-01   1.0768656e+00   7.1850249e-01   2.5113014e-01   8.8628118e-01   1.3624803e+00   5.2781322e-01   1.3807768e+00   2.1472799e+00   1.3597795e+00
   3.4686110e+00   2.1155561e+00   1.4109290e+00   2.4864315e+00   1.2490328e+00   1.1952273e+00   1.7292017e-01   8.4141584e-01   4.8101455e-01   4.0397979e-01   7.7356023e-01   1.1866883e+00   2.4046376e-01   1.3527315e+00   1.9086041e+00   1.5859755e+00
   2.9079542e+00   2.1050420e+00   1.4474402e+00   2.2842250e+00   1.2093598e+00   6.5748529e-01   5.3043131e-01   6.6030656e-01   3.5632842e-01   1.0002863e-01   7.7756550e-01   1.2489426e+00   4.5234226e-01   9.8446919e-01   1.4930403e+00   1.4396320e+00
   2.2275118e+00   1.7906230e+00   1.4117951e+00   2.1074891e+00   1.6533965e+00   1.3352248e+00   6.9795750e-01   6.6385335e-01   4.8011446e-01   5.9928840e-02   8.6405276e-01   1.1259293e+00   4.4257684e-01   6.5418742e-01   1.2569950e+00   7.6706416e-01
   2.4544596e+00   1.3961649e+00   1.4456128e+00   1.5955649e+00   1.4286877e+00   1.3195262e+00   7.4764404e-01   8.9396431e-01   2.7291138e-01   1.2803860e-02   5.9812605e-01   8.8995593e-01   3.0557302e-01   8.0834949e-01   1.3895933e+00   4.4862669e-01
   2.6174318e+00   1.7381300e+00   1.8970160e+00   8.8899750e-01   1.2117648e+00   1.4102250e+00   8.5292461e-01   6.2368333e-01   4.6045415e-01   1.2132533e-01   4.7025613e-01   3.5715110e-01   1.0054709e-01   2.3463434e-01   3.9374251e-01  -3.3173747e-01
   2.9120706e+00   1.7830564e+00   1.4285409e+00   5.1511267e-01   7.8186642e-01   1.2225714e+00   8.0876283e-01   6.7486216e-01   8.0123096e-01   1.4962715e-01   8.8532816e-02  -3.4897037e-02  -4.2623812e-01  -2.5846462e-01  -2.0956629e-02  -3.1118704e-01
   2.1645070e+00   1.6775910e+00   1.6663037e+00   5.4699159e-01   1.0996266e+00   1.0544074e+00   8.2546732e-01   3.7875706e-01   5.5456828e-01   3.2369440e-02   6.0252912e-02  -4.4982086e-01  -6.0906392e-01  -3.1594282e-01  -2.0281736e-01  -3.0670460e-01
   2.7422977e+00   1.7050966e+00   1.6110846e+00   9.6047862e-01   9.3858886e-01   1.3190477e+00   7.4139568e-01   6.7171064e-01   7.4699822e-01   3.6497609e-01  -4.4207706e-01  -6.4979630e-01  -8.9380421e-01  -4.7759605e-01  -3.2293218e-01  -7.5947629e-01
   2.5032644e+00   1.4067338e+00   1.2794958e+00   6.7508979e-01   5.5849587e-01   1.0057010e+00   5.2418148e-01   7.7328476e-01   8.5515857e-01   4.4663446e-01  -9.9392929e-02  -4.2416667e-01  -8.5481934e-01  -7.7389764e-01  -4.8526535e-01  -5.2720041e-01
   2.9385794e+00   1.1203902e+00   9.3627469e-01   4.9907066e-01   5.4272364e-01   8.8386029e-01   6.2515718e-01   7.4534825e-01   7.2355717e-01   4.6776595e-01  -3.7415817e-02  -5.4356876e-01  -1.1657953e+00  -1.0601818e+00  -7.9335499e-01  -8.9726932e-01
   2.7461084e+00   1.8753152e+00   3.9239812e-01   3.1772690e-01   5.8710831e-01   9.9325920e-01   4.5608053e-01   2.9105988e-01   5.1845009e-01   1.5683371e-01  -2.0797384e-01  -5.4431535e-01  -9.9858345e-01  -1.1129784e+00  -1.0797823e+00  -1.0550757e+00
   2.9660230e+00   1.8944106e+00   8.8887909e-01   7.1349071e-01   4.6087574e-01   7.8252291e-01   6.1485690e-01   7.4556966e-01   6.1166607e-01   1.3943098e-01  -1.6023385e-01  -5.9144926e-01  -9.7038795e-01  -1.0121578e+00  -1.0768946e+00  -9.8681096e-01
   2.9856305e+00   1.6226825e+00   8.2067930e-01   6.4163689e-01   9.4085802e-01   7.1508137e-01   7.4570236e-01   9.0308187e-01   5.1255638e-01  -5.1578781e-02  -3.6045636e-01  -7.3763352e-01  -7.9345257e-01  -7.0021309e-01  -9.1144147e-01  -6.2138894e-01
   3.1906468e+00   1.4993417e+00   3.1257335e-01   4.5894332e-01   9.1493132e-01   1.0529539e+00   3.2932534e-01   8.8133509e-01   3.3876465e-01   2.3611825e-01   9.7551388e-03  -4.8982926e-01  -9.9037997e-01  -8.5266044e-01  -9.9749779e-01  -7.3960001e-01
   2.9822716e+00   2.1232051e+00   8.5417581e-01   3.2228745e-01  -1.0426851e-01   9.3426850e-01   5.2137494e-01   4.6685391e-01   7.3336329e-01   2.7307329e-01  -9.5029145e-02  -5.6352615e-01  -9.1625845e-01  -9.8781122e-01  -7.6133645e-01  -9.0760248e-01
   3.2764234e+00   1.9316561e+00   1.0532412e+00   1.1165228e+00   8.1413078e-01   8.8451419e-01   9.0720459e-01   5.5484946e-01   4.3589149e-01  -4.7804587e-02  -2.7249443e-01  -6.6567078e-01  -9.4896899e-01  -1.1362955e+00  -8.5114911e-01  -1.0814275e+00
   2.7140477e+00   1.7383780e+00   1.0441619e+00   7.2188429e-01   3.8234015e-01   7.8555962e-01   4.6415549e-01   2.4995268e-01   4.2708122e-01   3.3517397e-01  -8.1065077e-02  -8.0982955e-01  -9.5191318e-01  -1.3739787e+00  -1.3097706e+00  -1.1427652e+00
   2.2699040e+00   1.8500583e+00   1.2308203e+00   6.3064059e-01   9.9508562e-01   5.2058670e-01   7.8289279e-02   4.8619876e-01   2.8376943e-01   8.0699126e-02  -4.0144931e-01  -7.2490990e-01  -1.2901779e+00  -1.3522851e+00  -1.1374155e+00  -1.1243015e+00
   2.4979339e+00   1.7528488e+00   1.3332582e+00   7.3929185e-01   1.1775799e+00   9.2971401e-01   5.7182210e-01   7.3843282e-01   6.0433380e-01   3.6798260e-02  -1.5769613e-01  -7.8084406e-01  -1.0309709e+00  -1.0705362e+00  -8.8776294e-01  -1.0131952e+00
   3.0804532e+00   1.6145052e+00   9.1306416e-01   7.9788934e-01   8.8880799e-01   6.0338008e-01   1.1756401e-01   4.0975516e-01   2.3111637e-01  -1.1344144e-01  -7.2036626e-02  -6.3145065e-01  -9.6533546e-01  -1.1508345e+00  -1.0790828e+00  -1.1766528e+00
   2.3527647e+00   1.5167480e+00   6.9138699e-01   6.1590465e-01   6.2378399e-01   6.8752532e-01   3.5505412e-01   4.8880554e-01   8.1463914e-01   2.2989679e-01  -3.0894225e-01  -9.0670428e-01  -8.0771631e-01  -1.0832525e+00  -1.3324477e+00  -1.0883244e+00
   2.0587917e+00   9.6493681e-01   4.8363216e-01   7.9816487e-01   2.5568206e-01   6.2588749e-01   4.2431125e-01   5.1596050e-01   4.9289603e-01   7.3013745e-02  -4.8567649e-01  -7.9167271e-01  -7.8615086e-01  -1.0349797e+00  -8.7274175e-01  -1.0716629e+00
   3.0402329e+00   1.3225719e+00   5.0065815e-01   7.0161374e-01   1.0072029e+00   9.2055748e-01   2.5172009e-01   8.0580441e-01   8.1074388e-01   6.7445155e-02  -2.7712131e-01  -8.8662794e-01  -1.3090379e+00  -1.2348193e+00  -9.7893250e-01  -1.4286713e+00
   3.1753019e+00   1.1036427e+00   8.8930112e-01   2.5756387e-01   3.0785267e-01   9.1656293e-01   6.9147659e-01   3.1792182e-01   5.3236173e-01   2.4873838e-01   4.3169226e-02  -5.6582151e-01  -1.0459231e+00  -1.1103712e+00  -1.0271299e+00  -1.2873955e+00
   2.6655591e+00   1.3107785e+00   9.6874528e-01   5.6761450e-02  -1.3702751e-01   1.1419297e+00   8.7566502e-01   3.1945462e-01   3.5778425e-01   1.9766098e-01  -4.8100031e-01  -9.6949396e-01  -1.0698416e+00  -9.7816984e-01  -9.7535936e-01  -7.9971717e-01
   3.1104379e+00   1.6472564e+00   1.1135845e+00   8.4641951e-01   7.1056237e-01   9.4762001e-01   4.0324354e-01   3.9065391e-01   7.4675742e-01  -6.9934538e-03  -3.9690986e-01  -6.6509623e-01  -9.3618369e-01  -1.1691015e+00  -1.2541574e+00  -1.1059431e+00
   2.8108147e+00   1.4648048e+00   6.7804756e-01   1.0533823e+00   8.1231954e-01   8.9493212e-01   3.6632456e-01   8.5136156e-01   8.1430496e-01   1.2601144e-01  -5.2490041e-01  -8.1452902e-01  -8.9557265e-01  -1.0981073e+00  -1.2654968e+00  -9.5731478e-01
   2.2559667e+00   1.3778972e+00   6.0576313e-01   1.0776934e+00   4.0192252e-01   6.5387652e-01   4.1781333e-01   6.6032207e-01   7.0198802e-01   9.2600996e-02  -1.7495859e-01  -6.8186545e-01  -9.6836404e-01  -1.0868803e+00  -1.3321257e+00  -1.0302337e+00
   2.5751532e+00   1.7918951e+00   1.4901280e+00   9.4542142e-01  -1.5777594e-01   5.8100537e-01   6.1569306e-01   8.6550362e-01   5.6547009e-01   1.0833540e-01  -4.2657736e-01  -5.1195018e-01  -7.4311883e-01  -1.1391390e+00  -1.0327125e+00  -1.2976261e+00
   2.2336643e+00   1.2803748e+00   3.8371335e-01   7.7336664e-01   7.7413147e-01   8.7275407e-01   4.9407224e-01   7.4048307e-01   8.4646416e-01  -1.0612898e-01  -4.6306810e-01  -5.7283383e-01  -8.8765930e-01  -1.0715397e+00  -1.3231968e+00  -1.1563860e+00
   8.8267666e-01   1.3955979e+00   8.3642908e-01   5.7563604e-01   4.2114963e-01   9.1263968e-01   4.6993482e-01   9.5820618e-01   4.6280504e-01   2.8979271e-01  -1.6908318e-02  -4.7157306e-01  -9.1327924e-01  -8.2509139e-01  -1.1546321e+00  -1.1010957e+00
   1.3798431e+00   1.6250260e+00   5.2231350e-01   6.5413426e-01   5.0465846e-01   1.1223203e+00   4.9131691e-01   4.8419372e-01   7.8876535e-01  -1.7595067e-01   1.5987538e-01  -4.0170048e-01  -1.0136423e+00  -8.4149158e-01  -1.0288640e+00  -1.2211565e+00
   2.4092752e+00   1.3470275e+00   1.0369572e+00   1.2244704e+00   9.3690119e-01   1.1458456e+00   7.1428613e-01   3.0189873e-01   2.0620041e-01   8.2009931e-02  -1.3175285e-01  -5.4544817e-01  -1.1241043e+00  -1.1040309e+00  -1.1335564e+00  -1.2545942e+00
   1.9432710e+00   1.0302130e+00   8.2608968e-01   6.0254478e-01   7.6925365e-01   9.6879905e-01   6.0146741e-01   2.6197346e-01   4.0238751e-01   1.7297766e-01  -4.5294553e-01  -5.1284966e-01  -9.7488410e-01  -1.1222980e+00  -1.0690430e+00  -1.2190293e+00
   2.3786127e+00   1.3704643e+00   1.3525432e+00   1.2568527e+00   9.4314302e-01   1.1795266e+00   3.8051225e-01   8.5997710e-01   6.9531519e-01  -3.2176725e-02  -4.3426243e-01  -7.4310082e-01  -1.0430667e+00  -1.0600592e+00  -1.2073182e+00  -1.1294345e+00
