   2.0825940e+00   1.5687071e+00   5.5783830e-01   7.8140073e-01   6.0067574e-01   4.4969822e-01   3.1230179e-01   1.0754325e+00   6.8979369e-01   1.7852483e-01  -2.1474713e-01  -8.5305628e-01  -1.0638850e+00  -1.1242446e+00  -1.2368679e+00  -1.1196050e+00
   2.4099357e+00   9.8882044e-01   1.0886894e+00   6.5525203e-01   4.0706631e-01   1.3892047e+00   8.7905682e-01   1.0549884e+00   6.5899032e-01   2.3601893e-01  -5.4124457e-02  -5.7349225e-01  -9.9289338e-01  -1.1052770e+00  -1.2520668e+00  -9.5247623e-01
   2.3768745e+00   1.6571298e+00   7.6456735e-01   9.6961183e-01   5.4715044e-01   9.8331363e-01   8.4283910e-01   6.7931551e-01   4.9645595e-01  -1.9869922e-01  -4.4074792e-01  -5.6694120e-01  -1.0434996e+00  -1.0904448e+00  -1.0197682e+00  -1.2533106e+00
   2.3852437e+00   1.5021561e+00   6.6418551e-01   8.4583090e-01   8.4476876e-01   1.5042129e+00   3.0750542e-01   4.0550866e-01   2.3115032e-01  -3.0277837e-02  -3.0977300e-01  -3.7904092e-01  -8.7778607e-01  -1.1239769e+00  -8.2326736e-01  -1.1574416e+00
   1.8646992e+00   7.5832625e-01   4.1274277e-01   1.1258714e+00   6.8205934e-01   1.2709174e+00   4.6543530e-01   1.5078118e-01   4.2220789e-01   4.0689290e-01  -1.2610987e-03  -5.1584917e-01  -9.6917543e-01  -1.2758220e+00  -1.1303403e+00  -1.4038594e+00
   1.9598424e+00   1.1278226e+00   3.1257427e-01   5.1239326e-01   4.7493451e-01   6.7715003e-01   5.3001221e-01   6.8806994e-01   5.9271693e-01   1.9093836e-01   1.0044254e-01  -7.0045341e-01  -7.5859658e-01  -1.1023106e+00  -1.0757447e+00  -1.1978859e+00
   2.3666457e+00   9.0056794e-01   3.1025621e-01   5.5889559e-01   5.6640268e-01   6.4708230e-01   4.5539364e-01   6.9889430e-01   6.8987807e-01   1.9944215e-01   1.3543572e-01  -7.8575888e-01  -9.9822426e-01  -1.0680024e+00  -1.0605689e+00  -9.8438389e-01
   2.6049296e+00   1.2759801e+00   4.5347515e-01   8.9406983e-01   6.3642824e-01   1.1204519e+00   5.8242631e-01   4.6591921e-01   3.8113490e-01   1.8857801e-01  -1.1888392e-01  -6.3559101e-01  -9.7669023e-01  -1.0788901e+00  -1.1637353e+00  -1.1860692e+00
   2.7443224e+00   1.6345577e+00   4.4456751e-01   1.2258179e+00   7.8289241e-01   1.2187384e+00   6.4343575e-01   6.6602953e-01   7.0297106e-01   9.1625064e-02  -3.2671415e-02  -6.2094114e-01  -1.0442091e+00  -1.3661511e+00  -1.2233497e+00  -1.0445692e+00
   2.2155596e+00   1.3626753e+00   7.0784688e-01   9.7439468e-01   5.9643896e-01   6.9660695e-01   8.6016167e-01   6.3283415e-01   5.8280939e-01   1.6206163e-01  -1.7796447e-01  -4.2070825e-01  -6.8277379e-01  -1.0275171e+00  -7.8306516e-01  -8.9374467e-01
   2.7577117e+00   1.4583766e+00   8.8665239e-01   1.0187789e+00   3.8933751e-01   4.6218556e-01   5.8148415e-01   1.0676521e+00   1.0629042e+00   4.6837784e-01  -5.5547984e-02  -3.9341540e-01  -8.3436620e-01  -9.3609629e-01  -8.6240924e-01  -1.0864082e+00
   2.1038253e+00   1.2973491e+00   3.9449321e-01   8.3151522e-01   9.1490144e-01   7.8922299e-01   1.9921547e-01   1.0500577e+00   7.3144865e-01   3.2054476e-03  -3.4080348e-01  -4.8472114e-01  -9.4322824e-01  -9.2555594e-01  -9.1705929e-01  -1.0601753e+00
   2.7652332e+00   1.6489452e+00   5.4235886e-01   2.9084401e-01   9.2080410e-01   8.2081591e-01   4.1364767e-01   8.1939910e-01   9.1467888e-01   2.2624955e-01  -2.8774910e-01  -6.0102853e-01  -9.7553369e-01  -1.2970408e+00  -1.0911580e+00  -1.2870334e+00
   2.5177008e+00   1.5600570e+00   1.0062181e+00   8.4991277e-01   2.3939432e-01   3.6935208e-01   9.5657721e-02   1.0332397e+00   6.8125722e-01   7.5019326e-03  -2.2482840e-01  -6.3032103e-01  -7.7639693e-01  -8.9289667e-01  -8.1994213e-01  -1.0723805e+00
   2.7933538e+00   1.7357966e+00   6.6465526e-01   6.2256016e-01   6.5857847e-01   4.3064129e-01   8.3360357e-01   8.5557601e-01   7.4487442e-01  -3.9193815e-01  -3.2018232e-01  -5.9661487e-01  -7.4327410e-01  -1.0559134e+00  -9.2890098e-01  -1.0690016e+00
   2.0085761e+00   9.4187113e-01   7.1399438e-01   6.9972271e-01   8.1368204e-01   8.1046752e-01   5.2657341e-01   1.0518752e+00   8.1424411e-01   1.1599711e-01   2.4174300e-02  -4.9339597e-01  -9.6111182e-01  -8.2611106e-01  -8.3668181e-01  -9.4761447e-01
   1.5812862e+00   4.2398336e-01   3.2861698e-01   5.1978668e-01  -9.1558377e-03   3.7450724e-01   4.8263254e-01   9.4515255e-01   2.2169671e-01  -2.7922851e-01  -2.6443834e-01  -8.3593782e-01  -1.1840864e+00  -1.0453855e+00  -1.1104391e+00  -1.3306506e+00
   1.7893271e+00   1.1438079e+00   6.2380434e-01   7.3219954e-01   1.2372761e-01   9.2403632e-01   3.6504917e-01   7.9738770e-01   8.5253041e-01   3.7273758e-02  -7.1158859e-02  -4.5690680e-01  -1.2781011e+00  -1.2075424e+00  -1.0143430e+00  -9.0511893e-01
   1.4426317e+00   7.9979664e-01   7.1510149e-01   9.1260864e-01   7.7743938e-01   7.0811151e-01  -4.9052488e-01   5.1026694e-01   7.8285191e-01   8.6087821e-02   2.7729932e-02  -6.0518598e-01  -1.0027315e+00  -9.3554881e-01  -9.2882493e-01  -1.0239405e+00
   2.3039452e+00   1.3895651e+00   6.1643647e-01   8.8999913e-01   5.9317280e-01   8.1591175e-01   1.9796552e-01   3.9697008e-01   1.1977029e-01   2.4206810e-02  -3.9247961e-01  -7.7431792e-01  -7.9624380e-01  -9.4898013e-01  -1.2392681e+00  -1.1698754e+00
   2.4602794e+00   8.3659736e-01   5.2779986e-01   9.9327559e-01   1.0547231e+00   8.1734479e-01   3.7480928e-01   7.6836195e-01   2.0218517e-01   1.2124933e-01  -1.0376727e-01  -6.8984209e-01  -1.1062043e+00  -1.2936743e+00  -1.1260723e+00  -1.0788750e+00
   1.7393258e+00   1.2238776e+00   1.4476863e-01   1.4902523e+00   1.1042060e+00   8.4629878e-01   5.6581385e-01   4.7133597e-01   3.1774289e-01  -3.1259366e-01  -3.2943192e-01  -4.8664309e-01  -8.8068274e-01  -1.2127748e+00  -1.2957782e+00  -1.4043351e+00
   1.8905317e+00   1.1348941e+00   5.2893140e-01   7.0445828e-01   5.9954232e-01   1.0625309e+00   7.5013643e-01   6.0390365e-01   2.2328269e-01  -1.9787163e-01  -5.8799660e-01  -7.2738095e-01  -8.3430634e-01  -9.7686632e-01  -9.3058369e-01  -9.0742392e-01
   2.5118671e+00   1.2059285e+00   2.9767161e-01   7.2698742e-01   8.2214644e-01   6.0299519e-01  -8.4120935e-03   6.0883802e-01   4.7665058e-01   7.5702252e-02  -2.4834380e-01  -8.1686773e-01  -1.0939180e+00  -1.0840021e+00  -9.9694099e-01  -9.6286802e-01
   2.1155932e+00   1.5521268e+00   7.5957135e-01   8.6651704e-01   8.3330369e-01   8.2322951e-01   4.4248148e-01   7.0082296e-01   7.0295274e-01  -7.0354679e-02  -4.0615762e-01  -7.4112884e-01  -1.2285422e+00  -1.2513279e+00  -1.3842878e+00  -1.2316200e+00
   1.4634703e+00   1.5292705e+00   3.3605704e-01  -3.1039803e-01   1.3552383e-01   8.4411695e-01   3.9925725e-01   3.8632408e-01   1.7479957e-01   1.0303739e-01  -1.8344471e-01  -8.2627161e-01  -1.2560733e+00  -1.4233310e+00  -1.4632048e+00  -1.3530255e+00
   1.6326217e+00   1.2470984e+00   5.2026699e-01  -1.8926437e-01   5.8735922e-01   7.1897204e-01   3.6009677e-01   7.7192234e-01   2.2686635e-01  -1.6872590e-01  -2.8558859e-01  -8.4916832e-01  -8.3479707e-01  -1.0237197e+00  -1.1040731e+00  -9.2746107e-01
   1.2367437e+00   1.4273297e+00   1.7996658e-01  -1.5739835e-01   9.3888340e-01   9.7199649e-01   6.7753966e-02   7.3479756e-01   6.1741373e-01   1.7708729e-01  -3.1420620e-01  -8.5163650e-01  -7.3285251e-01  -1.0177421e+00  -1.0525393e+00  -1.0551714e+00
   2.1689492e+00   1.0522642e+00   6.5630347e-01   5.6058286e-01   3.6283964e-01   1.0417800e+00   2.7277857e-01   4.2657729e-01   4.5771948e-01   2.0132651e-01  -3.5360622e-01  -8.6428897e-01  -1.1747517e+00  -1.1709153e+00  -1.2130148e+00  -1.1803876e+00
   2.2340211e+00   8.4891933e-01   7.4520053e-01   5.7432137e-01   5.9226791e-01   7.2666685e-01   8.4239453e-02   4.9111080e-01   5.3419549e-01   2.9081535e-01  -2.1284283e-01  -8.0292090e-01  -1.1914413e+00  -1.3131191e+00  -1.2251304e+00  -1.2934360e+00
   2.0103870e+00   1.4299185e+00   7.3440210e-01   7.0738620e-01   3.0299882e-01   6.1228409e-01   4.5781043e-01   4.1149074e-01   8.4461934e-01   4.4499126e-02  -1.7595432e-01  -6.4062732e-01  -1.2304454e+00  -1.2210052e+00  -1.2514161e+00  -9.8958613e-01
   2.7835474e+00   1.6244156e+00   1.0120518e+00   1.1036155e+00   1.3663152e+00   1.6398000e+00   1.0525119e+00   8.1306208e-01   9.7987984e-01   1.3853072e+00   6.1357625e-01   8.4471028e-01   1.9805330e-01  -2.2752385e-01  -5.4311974e-01  -1.4228037e-01
   2.4536307e+00   1.4374978e+00   1.2707852e+00   1.6772950e+00   1.9491696e+00   2.4090365e+00   1.4800953e+00   1.2583901e+00   1.5170422e+00   2.1410297e+00   1.4101442e+00   1.5415774e+00   6.7363422e-01   2.6574798e-01  -1.1979677e-01   3.7118898e-01
   2.4511320e+00   1.6798352e+00   7.9927137e-01   1.8115561e+00   2.1712442e+00   2.5861825e+00   1.8211513e+00   1.7626029e+00   2.1438399e+00   2.3886288e+00   1.6861521e+00   1.6843704e+00   1.0652426e+00   6.7599659e-01   1.6275430e-01   1.7917532e-01
   2.8568810e+00   1.5035056e+00   1.1761438e+00   1.5801781e+00   2.1900322e+00   2.5753488e+00   1.9678997e+00   1.6671424e+00   2.0886289e+00   2.4621704e+00   1.6054796e+00   1.6439082e+00   9.0148313e-01   8.0122933e-01   3.5206980e-01   5.1312827e-01
   2.3154194e+00   1.2027388e+00   1.1725336e+00   1.6391097e+00   2.2351088e+00   2.6718636e+00   2.2555705e+00   1.9156818e+00   2.0025917e+00   2.1502137e+00   1.3997976e+00   1.6336038e+00   7.9066484e-01   7.3103058e-01   3.8118153e-01   6.4592273e-01
   1.8738850e+00   1.0260981e+00   1.2875204e+00   1.7867064e+00   1.9694503e+00   2.6402746e+00   2.0381512e+00   1.7928652e+00   2.0648494e+00   2.2946522e+00   1.5021040e+00   1.4115375e+00   7.1163059e-01   8.2389657e-01   2.9934324e-01   5.7484382e-01
   2.5282368e+00   1.8389255e+00   1.2979291e+00   1.9868047e+00   2.0951424e+00   2.7341096e+00   2.1907674e+00   1.9634430e+00   2.2642202e+00   2.1785884e+00   1.2362490e+00   1.2738099e+00   7.5629826e-01   9.0336789e-01   2.8304681e-01   4.4716600e-01
   2.5251721e+00   1.3957474e+00   1.3063130e+00   1.6973335e+00   2.1044297e+00   2.6573859e+00   2.1582867e+00   1.7334234e+00   2.3176368e+00   2.1629736e+00   1.3467572e+00   1.3818980e+00   7.5033380e-01   1.0892038e+00   2.9866125e-01   5.7206215e-01
   2.5623574e+00   1.8772533e+00   1.4811963e+00   2.1192315e+00   2.1640539e+00   2.8374836e+00   2.2866340e+00   1.7449130e+00   2.2714420e+00   2.0698942e+00   1.3047121e+00   1.5565899e+00   6.0962262e-01   1.1290787e+00   5.3273912e-01   4.4893550e-01
   2.5491669e+00   1.7719966e+00   1.1435998e+00   1.7735382e+00   2.2253211e+00   2.7284009e+00   2.3195657e+00   1.8966456e+00   2.2686436e+00   1.7692040e+00   1.2458174e+00   1.4793608e+00   5.1144928e-01   1.1786119e+00   3.7458499e-01   4.6763620e-01
   2.5901269e+00   1.1998840e+00   1.3536343e+00   1.8487803e+00   1.9909280e+00   2.5864161e+00   2.2985402e+00   1.9997107e+00   2.1594618e+00   1.7171723e+00   1.2221705e+00   1.4814269e+00   3.9853810e-01   1.0535243e+00   1.2365688e-01   4.9727271e-01
   2.3219070e+00   1.7112544e+00   1.2471375e+00   1.9236350e+00   2.0787204e+00   2.6577638e+00   2.2187339e+00   2.0467752e+00   2.2586839e+00   1.9267414e+00   1.2174864e+00   1.2242639e+00   2.1111153e-01   8.9909770e-01   5.8119204e-03   1.6160553e-01
   1.7832203e+00   9.2943842e-01   1.0717603e+00   2.0192573e+00   2.1164298e+00   2.4906108e+00   2.0356241e+00   2.1380170e+00   2.2475909e+00   1.8193338e+00   1.1763167e+00   9.4858769e-01   9.1678175e-02   7.1220102e-01   9.1083193e-02   2.8321223e-01
   2.0616555e+00   1.4367060e+00   9.2063327e-01   2.0369055e+00   2.1306432e+00   2.4403439e+00   1.5811291e+00   2.0727907e+00   2.3801613e+00   1.8026910e+00   1.0053368e+00   1.2554080e+00  -1.0300171e-02   5.8138452e-01  -2.0850593e-02   2.7656731e-01
   2.1195488e+00   1.4382858e+00   7.6849761e-01   2.0774893e+00   2.2547600e+00   2.5257211e+00   1.5678351e+00   1.8460314e+00   2.3196961e+00   1.5187714e+00   8.4708948e-01   1.0839376e+00  -2.7492517e-02   6.7059627e-01  -1.2477143e-01  -1.1900483e-02
   2.5082122e+00   1.1206020e+00   6.5860621e-01   1.9194336e+00   2.1631855e+00   2.3748969e+00   1.6902171e+00   1.6621479e+00   1.9398564e+00   1.3331986e+00   6.5236811e-01   6.9810737e-01  -2.1966583e-01   1.5334147e-01  -7.7178946e-01   9.2365327e-02
   1.7737739e+00   1.1863341e+00   4.2182658e-01   1.4386991e+00   1.9166511e+00   2.0488680e+00   1.6788103e+00   1.8002046e+00   1.8330356e+00   1.3287023e+00   3.8031688e-01   5.1830821e-01  -5.2425363e-01  -2.4186059e-01  -8.5286462e-01   5.5445669e-04
   2.0442434e+00   1.2844718e+00   1.2675286e-01   1.3828466e+00   1.6361319e+00   1.7261578e+00   1.3721978e+00   1.4904879e+00   1.5695584e+00   1.0247756e+00   4.2873919e-01   5.9768047e-01  -7.0053541e-01  -3.4140740e-01  -9.1105927e-01  -3.5761835e-01
   1.8303657e+00   1.4876733e+00   9.0223985e-01   1.4584825e+00   1.3133435e+00   1.3764742e+00   7.5645973e-01   9.3173083e-01   1.0733431e+00   4.0015241e-01  -1.8869201e-01  -7.6228312e-02  -9.8544525e-01  -2.5445048e-01  -7.4808893e-01  -4.4609216e-01
   1.6988461e+00   1.5441053e+00   6.5695393e-01   6.1926620e-01   1.1638592e+00   1.2479644e+00   6.2550388e-01   8.7508214e-01   6.6626727e-01   9.3902747e-02  -4.0742411e-01  -7.3215598e-02  -8.8714495e-01  -3.3164048e-01  -7.5399441e-01  -5.0530465e-01
   2.0241782e+00   1.3169701e+00   7.7739404e-01   1.0895367e+00   8.8614157e-01   8.3643119e-01   7.0789980e-01   4.3067496e-01   1.2481059e-01   8.6973030e-02  -8.6128615e-02  -3.1129978e-01  -8.9958477e-01  -4.0887375e-01  -7.4576776e-01  -8.2688192e-01
   1.8562260e+00   1.2357687e+00   5.8411961e-01   5.3609423e-01   8.2006699e-01   8.0287407e-01   4.0489344e-01   3.0933293e-01   5.0373130e-01   1.0693798e-01  -2.6351254e-01  -4.8778524e-01  -3.9636533e-01   3.0259134e-01  -1.6844680e-01  -5.8355384e-01
   2.7117271e+00   1.4260999e+00   8.5762795e-01   7.5720736e-01   3.7279586e-01   7.3041585e-01   3.8951075e-01   7.2272407e-01   2.4577379e-01  -3.8591373e-01  -2.6544471e-01  -4.8014256e-01  -5.7363686e-01   5.7340966e-02  -3.6307967e-01  -7.8109497e-01
   2.3054192e+00   7.8406318e-01   5.7761578e-01   5.2977218e-01   2.0407313e-01   7.7480462e-01  -2.9165147e-02   5.0644117e-01   6.6625180e-01  -3.9393210e-01  -2.2492426e-01  -3.6725993e-01  -3.7791543e-01   4.9226425e-02  -2.3372387e-01  -3.0026818e-01
   1.8925818e+00   1.2916392e+00   1.0483322e-01   7.2142837e-01   3.6598520e-01   1.1167198e-01  -3.9621346e-02   7.6334396e-01   6.2741445e-01  -1.3976990e-01  -5.8123961e-01  -6.2747630e-01  -3.2749184e-01   2.8108103e-01   2.8749311e-01  -2.8889304e-01
   1.8607593e+00   8.0369656e-01   4.2488540e-01   1.1955739e+00   6.4051822e-01   1.0638571e+00   6.5431983e-01   4.5170895e-01   2.8781619e-01   3.8527273e-01   9.2951449e-03  -4.5492829e-01  -5.0446136e-01   2.8804639e-01   9.8162391e-02  -2.1377732e-02
   1.4569029e+00   7.3724267e-01   8.4558872e-01   2.3601895e-01   4.7157170e-01   6.5282144e-01  -1.9773983e-01   6.2701396e-01   6.7413890e-01   4.1312771e-01   2.5381211e-01  -2.5645884e-01  -5.9723219e-02   2.5945999e-01   3.4464458e-01   6.9888488e-02
   2.5017006e+00   1.1872317e+00   5.8867211e-01   4.4595630e-01   5.8873914e-01   7.0304221e-01   2.7642667e-01   9.1167189e-01   1.9108534e-01   2.4631006e-01  -1.4310081e-02  -4.4347101e-01  -3.5441037e-01   1.8162980e-01   2.9309850e-01  -2.6738514e-02
   2.6115025e+00   1.2352327e+00  -1.2169711e-02   6.3765939e-01   7.6456631e-01   1.0591276e+00   2.2161496e-02   5.8462298e-01   3.4389606e-01   2.1724823e-01  -1.4359848e-01  -4.3271441e-01  -4.8029710e-01  -3.1976571e-01  -1.1525000e-01  -1.4228331e-01
   2.3969643e+00   1.2078882e+00  -2.4660690e-01   8.3003222e-01   1.1711414e+00   1.3278543e+00   2.1247684e-01   4.2282936e-01   7.4769545e-01  -8.6663947e-02  -3.4826196e-01  -5.5678089e-01  -3.5214156e-01   1.5808125e-01  -1.3067523e-01   5.5433850e-02
   2.6235309e+00   1.5292441e+00   7.6738721e-01   9.2878086e-01   8.7556190e-01   1.1329646e+00   3.3167487e-01   6.7071136e-01   7.0293153e-01  -1.8006650e-01  -5.2983288e-01  -2.8698003e-01  -1.2593838e-01   4.7107808e-02   8.8688909e-02  -9.2903380e-02
   1.6605524e+00   1.2015080e+00   2.3391589e-01   1.0388647e+00   9.9473284e-01   9.1383144e-01   6.3590248e-01   8.0068278e-01   3.1920114e-01  -2.0727612e-01  -3.5030991e-01  -6.8268232e-01  -1.3868153e-01  -7.6733196e-02  -1.0234813e-01  -3.0581511e-02
   2.3640200e+00   7.8975083e-01  -1.5561619e-02   4.2436696e-01   9.0481692e-01   1.0870053e+00   5.5170993e-01   1.0495787e+00   8.1960414e-01   2.1203382e-01   8.1360293e-02  -6.1927197e-01  -5.2059844e-01   3.4730351e-01  -5.0105385e-02  -1.1162276e-01
   2.2457512e+00   1.2585194e+00   3.2353807e-01   1.3007885e-01   6.5921563e-01   8.2629937e-01   3.7302695e-01   7.2241587e-01   3.9389374e-01  -9.5306743e-02  -1.1096035e-01  -6.0940663e-01  -2.1132693e-01   3.0116737e-01  -5.6743633e-02  -1.0834505e-01
   1.8463693e+00   1.6123983e+00   2.0230529e-01   3.3163581e-01   4.6305743e-01   3.3171901e-01   2.9787395e-01   8.2278957e-01   4.1928544e-01   1.1472302e-01   9.7456752e-02  -6.0950539e-01  -3.4188257e-01   2.9091079e-01  -9.0243378e-02  -1.2356294e-01
   1.2881224e+00   1.2331327e+00   8.0746160e-01   9.3899925e-01   5.2486195e-01   8.0634889e-01   5.7335949e-01   8.5867595e-01   7.7122001e-01   2.2748147e-01  -3.6933757e-01  -1.0584551e+00  -6.6190777e-01  -1.2538812e-02  -3.0645288e-01  -1.7245738e-01
   1.6657939e+00   7.2132141e-01   5.6103284e-01   5.1384024e-01   8.6491526e-01   8.7818555e-01   3.0055660e-01   4.3839501e-01   3.1632079e-01   8.9945884e-02  -7.8054644e-02  -7.6274940e-01  -5.8388347e-01   1.7414753e-01  -1.3496683e-01  -5.1638325e-01
   1.1706092e+00   5.3179406e-01   2.5080434e-01   7.6136293e-01   1.0231586e+00   1.1393252e+00   6.5772535e-01   9.0041391e-01   6.0884462e-01  -3.1385702e-02  -3.0198752e-01  -4.3964800e-01  -4.3139519e-01   2.4419818e-01  -2.4077623e-02  -3.7643989e-01
   1.8047764e+00   6.7996115e-01   2.8432943e-01   8.8847340e-01   5.7219855e-01   7.5967769e-01   5.7315083e-01   6.4347619e-01   6.0604094e-01  -3.5548589e-03  -3.7519833e-01  -6.0911656e-01  -3.5111626e-01   3.3691437e-01  -2.3647328e-01  -4.5977900e-01
   1.6936266e+00   9.5116082e-01   4.2268184e-01   1.2401943e+00   7.3477075e-01   2.2998364e-02   1.3924975e-01   5.8025901e-01   6.0506319e-01   1.3871900e-01  -2.8522026e-01  -1.8378075e-01  -2.9342567e-01   2.3364441e-01  -1.8116732e-02  -4.0698147e-01
   2.1864989e+00   9.2397167e-01   6.7613049e-01   9.8100815e-01   9.8617741e-01   6.7700084e-01   6.9516762e-01   7.6131113e-01   3.7186817e-01   1.2867184e-01  -6.9036337e-02  -3.0633982e-01  -3.8697433e-01   6.3756744e-02  -3.9082872e-02  -4.7193067e-01
   2.5752945e+00   1.4160132e+00   6.0603478e-01   8.6505495e-01   6.7453784e-01   8.4708757e-01   3.6142099e-01   6.8501127e-01   6.7157122e-01   1.5870332e-01   1.8658344e-01  -2.7225681e-01  -2.6729852e-01   1.5342015e-01  -1.1869183e-01  -3.1364526e-01
   2.3153813e+00   1.4470528e+00   8.5577429e-01   9.0077854e-01   7.3795711e-01   8.7128881e-01  -7.8982420e-02   6.2348124e-01   5.1119968e-01  -7.1859323e-02  -1.5088320e-01  -4.1143225e-01  -2.8538898e-01   2.8681194e-01  -2.2716879e-01  -4.1836072e-01
   2.4167862e+00   9.8125725e-01   2.6059038e-01   1.7077015e-01   4.7700393e-01   8.9296066e-01   4.6591313e-01   5.2641816e-01   1.4019073e-01  -1.6805801e-01  -3.0469991e-01  -4.8352950e-01  -2.4994774e-01   1.9012793e-01  -2.6454104e-02  -4.7842421e-01
   2.4707515e+00   1.2360972e+00   7.7290542e-01   6.6371235e-01   3.7706443e-01   1.2368953e+00   4.5302539e-01   9.3441627e-01   5.0112936e-01  -1.9527246e-01  -2.9687077e-01  -4.2508869e-01  -2.0345522e-02   3.5491859e-01  -5.5419212e-01  -5.2568148e-01
   2.3872348e+00   9.8477261e-01   4.2917053e-01   3.2281717e-01   8.7879364e-01   8.6390812e-01   3.6416034e-01   8.2149352e-01   5.8944780e-01   2.4222654e-01  -3.1961089e-01  -4.0639121e-01  -5.0515749e-01   2.7888379e-01  -3.6265010e-01  -5.2841141e-01
   2.2702755e+00   1.3449390e+00   7.2304973e-01   6.1287097e-01   5.0118880e-01   3.3761064e-01   9.7728150e-02   5.3562252e-01   7.1453843e-01  -1.1291065e-01  -4.0112341e-01  -5.5176164e-01  -1.8079259e-01   2.0921016e-01  -3.4406492e-01  -4.9967128e-01
   2.5483085e+00   1.6112587e+00   6.5522528e-01   8.5184564e-01   6.4246856e-01   8.7177395e-01   6.5116534e-01   6.0879754e-01   6.6172530e-01   2.4700350e-01  -1.8320696e-02  -6.3410226e-01  -1.7412692e-01   5.2373917e-01  -2.8617686e-01  -6.4699762e-01
   2.4964730e+00   1.1854651e+00   6.9002981e-01   8.8527199e-01   1.1645312e+00   6.3805888e-01   2.0758845e-01   8.4319239e-01   6.7600692e-01   1.2781471e-01  -9.2976103e-02  -4.8828025e-01  -1.6506926e-01   5.0706369e-01  -2.9609060e-01  -7.6399953e-01
