   4.5744254e+00   3.7427073e+00   3.0388649e+00   2.4518469e+00   1.2009385e+00   1.2825775e+00   1.7235624e+00   1.6759054e+00   8.3580742e-01   1.2203721e+00   9.9899072e-01   1.2970121e+00   1.0069036e+00   9.6557538e-01   8.9291679e-01   9.2719447e-01
   4.2583086e+00   3.8931355e+00   2.4602772e+00   2.3525826e+00   1.8237866e+00   1.6975154e+00   1.8483181e+00   1.5755905e+00   1.2003513e+00   1.2226117e+00   1.1683271e+00   1.0475143e+00   1.0179289e+00   9.0826962e-01   8.4722069e-01   9.4804968e-01
   4.0389495e+00   2.9941196e+00   2.4054465e+00   2.0538825e+00   2.0086723e+00   1.5438530e+00   1.7294156e+00   1.3541162e+00   1.4702672e+00   1.2173757e+00   9.6871316e-01   8.3274321e-01   1.0631483e+00   1.0276503e+00   6.2070125e-01   6.4791771e-01
   3.8792630e+00   3.1653009e+00   2.1102927e+00   2.3050917e+00   2.1181928e+00   1.5989249e+00   1.6883354e+00   1.8151387e+00   1.1570966e+00   1.2567491e+00   1.3408738e+00   1.0992957e+00   9.8395366e-01   8.6365216e-01   5.6222027e-01   5.4573688e-01
   3.8013649e+00   3.0307492e+00   1.9429621e+00   2.3144096e+00   1.7654160e+00   1.4427482e+00   1.5384092e+00   1.5051275e+00   1.0416811e+00   1.1299534e+00   1.2289617e+00   1.1843102e+00   1.0255311e+00   1.0773988e+00   5.4945491e-01   5.1399553e-01
   4.2842759e+00   3.1463741e+00   2.7677632e+00   3.0391326e+00   1.7864962e+00   1.7160015e+00   1.5933602e+00   1.3946645e+00   1.4914982e+00   1.1526727e+00   1.5494320e+00   1.1745390e+00   8.2124872e-01   9.9049557e-01   8.6920599e-01   7.0034378e-01
   3.8962403e+00   3.4361263e+00   2.6793700e+00   2.2796374e+00   1.4224228e+00   1.6559485e+00   1.4196478e+00   1.3970926e+00   1.0540120e+00   1.2972170e+00   1.4317447e+00   1.0859383e+00   8.6167766e-01   8.1050703e-01   8.6566847e-01   1.0670043e+00
   4.0564869e+00   3.0833274e+00   2.0088224e+00   2.1499877e+00   1.5458418e+00   1.3967570e+00   1.5148425e+00   1.3996082e+00   1.4717805e+00   1.3223312e+00   1.2089981e+00   1.0879870e+00   8.5434485e-01   7.7783275e-01   9.8100638e-01   8.3483311e-01
   3.6999326e+00   3.1113588e+00   2.2261995e+00   2.4008878e+00   1.7890804e+00   1.5710235e+00   1.6780422e+00   1.4374965e+00   1.4937421e+00   1.1535117e+00   1.1770440e+00   1.0101425e+00   9.6278394e-01   8.5407762e-01   6.1289728e-01   5.3721092e-01
   4.0422720e+00   3.6197328e+00   2.7130538e+00   2.5973702e+00   2.1345713e+00   1.3729939e+00   1.6243873e+00   1.3533759e+00   1.2448481e+00   1.0053640e+00   1.2511568e+00   1.0539396e+00   8.1041502e-01   5.3914952e-01   5.3399175e-01   5.1134605e-01
   4.0384132e+00   3.4753782e+00   2.8548708e+00   2.4108433e+00   1.3297435e+00   1.6613838e+00   1.9377517e+00   1.4061840e+00   1.2103839e+00   1.1088011e+00   1.4333855e+00   1.5205766e+00   8.7172086e-01   6.2653683e-01   6.6627276e-01   6.6549528e-01
   3.8629594e+00   2.9773243e+00   2.6183847e+00   2.2150123e+00   1.4778044e+00   1.6502515e+00   1.5288754e+00   1.5956244e+00   1.3308965e+00   1.3494052e+00   1.4320754e+00   1.2611268e+00   5.8864475e-01   7.1765858e-01   6.3571783e-01   7.7063969e-01
   3.4035386e+00   2.8139689e+00   2.5488357e+00   2.5654189e+00   2.1100124e+00   1.6635920e+00   1.4048178e+00   1.4095189e+00   1.5543322e+00   1.9572591e+00   1.6456640e+00   1.3054769e+00   7.0969391e-01   8.4402400e-01   1.1160432e+00   8.7343174e-01
   4.0449691e+00   3.1742736e+00   2.2821730e+00   1.8947268e+00   1.8276447e+00   1.6547950e+00   1.3157579e+00   1.5418821e+00   1.6288300e+00   1.5918106e+00   1.5001336e+00   9.4872213e-01   9.7962923e-01   7.1820673e-01   7.6453992e-01   9.3283827e-01
   3.9565886e+00   3.3985938e+00   2.0682270e+00   1.8300730e+00   1.9384106e+00   1.8548916e+00   2.0846871e+00   2.1567443e+00   1.9163404e+00   1.7575073e+00   1.5670137e+00   1.2967434e+00   1.3513371e+00   1.2873496e+00   1.0823454e+00   1.1165094e+00
   4.4665284e+00   3.7984212e+00   2.4880108e+00   2.1435467e+00   2.3184927e+00   2.2505553e+00   1.9988341e+00   1.7483443e+00   1.2949892e+00   1.5516670e+00   1.5042272e+00   1.5119955e+00   1.4233499e+00   1.1084493e+00   9.3551072e-01   7.8272727e-01
   4.3876875e+00   3.7197991e+00   2.7984455e+00   2.3440989e+00   1.9573605e+00   1.7247167e+00   1.5141864e+00   1.0939311e+00   1.1485344e+00   1.4237221e+00   1.5873560e+00   1.4591664e+00   1.1891116e+00   1.0687647e+00   8.7704476e-01   6.5661983e-01
   3.6300296e+00   3.9554248e+00   2.5102109e+00   1.7643195e+00   1.8342884e+00   1.4409371e+00   1.6775818e+00   2.0488663e+00   1.5962777e+00   1.4017995e+00   1.2938588e+00   1.2545839e+00   8.6508944e-01   8.5019525e-01   9.5732008e-01   8.9141343e-01
   4.2812423e+00   3.5231054e+00   2.4245728e+00   1.6798632e+00   1.7237927e+00   1.7369341e+00   1.9825473e+00   1.5497614e+00   1.6467308e+00   1.6542871e+00   1.2224198e+00   1.0314785e+00   6.3477686e-01   5.7629332e-01   7.2902134e-01   6.9459298e-01
   4.3879426e+00   3.4397505e+00   2.7206487e+00   1.7469562e+00   1.8306917e+00   1.5530350e+00   1.7613400e+00   1.6774521e+00   1.5835940e+00   1.3759900e+00   1.5036422e+00   7.6421986e-01   8.7251976e-01   9.1052473e-01   1.0244993e+00   8.8977191e-01
   3.7378455e+00   3.4358984e+00   2.4738171e+00   2.3618893e+00   2.2093840e+00   1.8183664e+00   2.1549075e+00   1.8114767e+00   1.5266543e+00   1.1457876e+00   1.2300732e+00   7.2750711e-01   9.4549599e-01   7.2043431e-01   1.0318310e+00   8.2185635e-01
   3.4556692e+00   3.2682353e+00   3.0777871e+00   2.6598991e+00   2.0236426e+00   1.9517476e+00   1.7887742e+00   1.4979441e+00   1.0129244e+00   1.1300185e+00   9.3655164e-01   1.1915573e+00   9.0672672e-01   8.3721241e-01   8.0665640e-01   7.3444822e-01
   5.1980896e+00   4.7050890e+00   3.7330158e+00   3.4098739e+00   2.8338583e+00   2.3625427e+00   2.3071617e+00   1.7143140e+00   1.1397514e+00   1.2752710e+00   1.1631470e+00   1.2640123e+00   7.9557814e-01   1.4085106e+00   1.6970597e+00   1.1072797e+00
   5.3706390e+00   4.7161681e+00   4.1202587e+00   3.7178943e+00   3.3249195e+00   2.8095403e+00   2.4437027e+00   2.0594235e+00   1.4210161e+00   1.4082707e+00   1.4784392e+00   1.2678458e+00   9.0001904e-01   1.6948299e+00   1.8183055e+00   1.4826538e+00
   4.8604866e+00   4.5093105e+00   3.4404512e+00   3.0270739e+00   2.8399908e+00   2.4548380e+00   1.8750496e+00   1.5908414e+00   1.4373040e+00   1.0419161e+00   1.2387247e+00   1.5976556e+00   1.4530047e+00   2.8113085e+00   2.9563823e+00   2.3694207e+00
   5.1916161e+00   4.2710726e+00   3.8242034e+00   3.0150787e+00   1.7309524e+00   1.8133408e+00   1.5582094e+00   1.6644335e+00   1.6645125e+00   1.5269156e+00   1.6597176e+00   1.6478614e+00   1.9220578e+00   3.0269416e+00   3.0762025e+00   2.7836016e+00
   4.5552725e+00   3.7489733e+00   3.8900630e+00   3.2139821e+00   2.3743128e+00   2.2773031e+00   2.1601240e+00   1.7353265e+00   1.3175596e+00   1.5295101e+00   1.5219633e+00   2.0578133e+00   2.3019532e+00   2.7887801e+00   3.1021730e+00   3.2216491e+00
   4.5371984e+00   3.8940508e+00   4.1196242e+00   4.2646363e+00   3.6930423e+00   3.2438095e+00   2.5891225e+00   1.7887572e+00   1.6669195e+00   1.5222561e+00   1.6572214e+00   1.7802169e+00   2.3207564e+00   3.2590842e+00   3.3200325e+00   3.1015936e+00
   5.2339506e+00   4.5739513e+00   4.6064526e+00   3.7595871e+00   3.1629558e+00   3.0687215e+00   2.6358073e+00   1.7389944e+00   1.5876507e+00   1.7320261e+00   1.4609301e+00   1.8760432e+00   2.2073190e+00   2.7902696e+00   2.9629109e+00   2.8362346e+00
   5.2897366e+00   4.7330659e+00   4.0543857e+00   3.3496457e+00   2.8918824e+00   2.1377313e+00   1.6733796e+00   1.4133872e+00   1.4275129e+00   1.4374892e+00   9.1097873e-01   1.5506615e+00   1.9711598e+00   2.5384512e+00   2.3677755e+00   2.3651381e+00
   5.0066658e+00   3.9945153e+00   3.1898105e+00   3.3735651e+00   2.7334189e+00   2.2513340e+00   2.2271850e+00   1.8231419e+00   1.4565721e+00   1.1724227e+00   1.1618323e+00   1.9249962e+00   2.2574801e+00   2.4980210e+00   2.2948990e+00   2.0541091e+00
   5.0626113e+00   4.3461506e+00   3.9336535e+00   3.9173656e+00   2.9576398e+00   2.3487303e+00   2.0453325e+00   1.7770173e+00   1.5125239e+00   1.1996253e+00   1.2680959e+00   2.1633226e+00   2.3485004e+00   2.3520503e+00   1.8625493e+00   1.9817224e+00
   4.8115705e+00   4.5024237e+00   3.9188271e+00   3.2018296e+00   3.0173757e+00   2.2763125e+00   2.3619678e+00   2.0688399e+00   1.5069381e+00   1.3573344e+00   1.5970079e+00   2.1191515e+00   2.3367634e+00   1.9905562e+00   1.6015886e+00   1.6688703e+00
   5.5513989e+00   4.6654872e+00   3.9468731e+00   3.5753168e+00   3.2301505e+00   2.5790716e+00   2.2735257e+00   1.9537129e+00   1.3811694e+00   1.3357407e+00   1.4298966e+00   2.1837802e+00   2.8220978e+00   2.3520689e+00   1.8268969e+00   1.3351915e+00
   5.1108007e+00   4.3182343e+00   3.6617310e+00   2.8905881e+00   2.4468679e+00   2.2140013e+00   1.8507696e+00   1.6728605e+00   1.5170774e+00   1.7086780e+00   1.9014565e+00   2.3083426e+00   2.8029212e+00   2.4108077e+00   1.9895456e+00   1.0684542e+00
   5.0940405e+00   4.3258141e+00   3.7152539e+00   3.1729786e+00   2.8487604e+00   2.2332743e+00   2.1236637e+00   1.9420431e+00   1.6842412e+00   1.7285060e+00   2.1231146e+00   2.9038775e+00   2.9788879e+00   2.5125786e+00   2.1828581e+00   1.4918013e+00
   4.3128991e+00   4.0668279e+00   3.4162983e+00   2.9920430e+00   2.3756766e+00   1.9033990e+00   1.3879553e+00   1.6480484e+00   1.5687722e+00   1.3831625e+00   1.7419305e+00   2.7992962e+00   3.1676024e+00   2.6014180e+00   2.2812081e+00   1.2766505e+00
   4.8266222e+00   3.8347492e+00   3.4492576e+00   2.8845556e+00   2.0885893e+00   1.6895415e+00   1.5123942e+00   1.6655100e+00   1.5319327e+00   1.0496266e+00   1.3058070e+00   2.5218889e+00   3.0799533e+00   2.5906714e+00   2.3683436e+00   1.4234318e+00
   3.8848082e+00   3.1030567e+00   2.8879865e+00   2.5033111e+00   2.1761811e+00   1.7947894e+00   1.8855835e+00   1.3294509e+00   1.4666749e+00   1.4680554e+00   1.2229474e+00   2.5264394e+00   3.0039266e+00   2.6043357e+00   2.4862290e+00   1.5585521e+00
   3.5714954e+00   3.7757017e+00   3.2246226e+00   2.3922420e+00   2.2500128e+00   2.0928155e+00   1.9144250e+00   1.8267526e+00   1.3204158e+00   1.4741834e+00   1.4147960e+00   2.4120405e+00   2.9809844e+00   2.6271884e+00   2.5413892e+00   1.6341462e+00
   4.1668409e+00   3.1909878e+00   2.6314460e+00   2.2485389e+00   2.0272786e+00   1.7553494e+00   1.6385753e+00   1.8632702e+00   1.4208710e+00   1.4133926e+00   1.1783031e+00   2.4384269e+00   3.1098250e+00   2.4925889e+00   2.4785677e+00   1.6050881e+00
   3.5141426e+00   3.5504606e+00   3.0551038e+00   2.7701095e+00   1.7915883e+00   2.2220974e+00   1.7080400e+00   1.6751131e+00   1.5949587e+00   1.6024625e+00   1.4241779e+00   2.2821202e+00   3.0637091e+00   2.2274357e+00   2.5314736e+00   1.3323041e+00
   3.9669661e+00   2.9025136e+00   2.8843262e+00   2.4337590e+00   2.2390616e+00   2.0377208e+00   1.8093671e+00   1.3773307e+00   1.1735533e+00   1.2151013e+00   1.6072422e+00   2.4096777e+00   3.1087083e+00   2.3046547e+00   2.6448711e+00   1.2896745e+00
   3.4993324e+00   3.5269038e+00   2.8574877e+00   1.9828942e+00   1.7815811e+00   1.5781689e+00   1.7613281e+00   1.4711040e+00   1.3517783e+00   1.4443882e+00   1.6474947e+00   2.5116806e+00   3.0807603e+00   2.2238571e+00   2.6485417e+00   1.3256636e+00
   3.9734208e+00   2.9184501e+00   2.5622450e+00   2.1531125e+00   1.5914678e+00   1.6309472e+00   2.0529292e+00   1.2373153e+00   1.0318262e+00   1.4154419e+00   1.1944218e+00   2.2812128e+00   2.9630538e+00   2.1323690e+00   2.4833416e+00   1.2011453e+00
   3.1660993e+00   2.7607088e+00   2.1849060e+00   2.4015545e+00   1.9187371e+00   1.6423532e+00   1.6763719e+00   1.4535605e+00   8.4246853e-01   1.1412446e+00   1.1135541e+00   2.1976412e+00   2.9146366e+00   2.0190953e+00   2.3889831e+00   1.1407605e+00
   3.0746287e+00   2.9633332e+00   2.5940725e+00   2.1817022e+00   1.7217729e+00   1.5027341e+00   1.6084520e+00   1.4805664e+00   1.2188728e+00   1.2382175e+00   1.4053466e+00   2.2777290e+00   2.8426162e+00   1.9366122e+00   2.2898317e+00   1.1684562e+00
   3.7174375e+00   3.4182240e+00   2.3860013e+00   1.3909187e+00   1.4635157e+00   1.7842043e+00   1.8155666e+00   1.8375574e+00   1.3414543e+00   1.4702831e+00   1.0856967e+00   2.1150636e+00   2.7159452e+00   1.8014621e+00   2.1520396e+00   9.4325767e-01
   3.7885401e+00   3.5966252e+00   2.5529621e+00   2.3487052e+00   1.8088323e+00   1.5289337e+00   1.4195699e+00   8.2472283e-01   1.2573406e+00   9.6180676e-01   1.1523995e+00   2.0739541e+00   2.5087938e+00   1.5865104e+00   1.8425561e+00   8.0448772e-01
   4.1157673e+00   3.7232237e+00   1.9904331e+00   2.1777540e+00   1.6056180e+00   1.1244637e+00   1.6007499e+00   1.2578034e+00   8.9252705e-01   1.5367961e+00   9.8978592e-01   2.0682824e+00   2.1842299e+00   1.2455440e+00   1.4693079e+00   8.6806215e-01
   4.1157838e+00   3.5342747e+00   2.8265776e+00   2.8610807e+00   1.6650086e+00   1.5871030e+00   1.5732003e+00   1.6908765e+00   1.1807302e+00   1.3314333e+00   1.2334235e+00   1.6773847e+00   1.5810667e+00   9.8813768e-01   1.1765284e+00   6.4561975e-01
   4.3655134e+00   3.4787903e+00   2.6866745e+00   2.3843957e+00   1.8680585e+00   1.8599575e+00   1.9327502e+00   1.6156624e+00   1.1674226e+00   1.3647295e+00   9.8299089e-01   1.5573957e+00   1.6999261e+00   1.0713006e+00   1.1102895e+00   8.8205918e-01
   4.8651303e+00   3.5360957e+00   2.7663822e+00   2.0970718e+00   1.8551657e+00   1.5931049e+00   1.7339633e+00   1.1344788e+00   1.1005730e+00   1.3725771e+00   1.4385113e+00   1.5797478e+00   1.4766621e+00   9.9331175e-01   1.2267542e+00   1.0678670e+00
   4.6431804e+00   3.6533798e+00   2.9900952e+00   2.4752421e+00   1.7231405e+00   1.4856700e+00   1.1684567e+00   1.0433362e+00   8.3133797e-01   1.3552400e+00   1.2094357e+00   1.2393378e+00   8.5435963e-01   8.2609145e-01   9.3201572e-01   5.4069743e-01
   4.2575304e+00   3.4579344e+00   3.0787977e+00   2.5008744e+00   1.6820613e+00   1.5946129e+00   1.6226813e+00   1.5339639e+00   1.4729874e+00   1.3844543e+00   1.1556218e+00   1.0428090e+00   1.1091962e+00   7.2872911e-01   8.2590023e-01   5.3551517e-01
   4.4907506e+00   2.7279694e+00   2.5579614e+00   2.2214288e+00   1.6479217e+00   1.8658883e+00   1.4234430e+00   1.0397752e+00   1.2245691e+00   1.2932713e+00   8.7552399e-01   9.6474768e-01   8.7512320e-01   8.5314925e-01   7.5125026e-01   6.3909904e-01
   3.4147235e+00   3.0996466e+00   2.7325161e+00   1.9718934e+00   1.7294869e+00   1.6464775e+00   1.6350697e+00   1.4714628e+00   1.1554341e+00   1.5322878e+00   1.2702817e+00   1.1725660e+00   6.0842871e-01   6.2481656e-01   6.4060566e-01   6.9474541e-01
   4.1367167e+00   3.1602302e+00   2.2035458e+00   2.3808346e+00   1.8683118e+00   1.4132283e+00   1.7124375e+00   1.5469232e+00   1.4080050e+00   1.2661971e+00   9.4085231e-01   9.5301407e-01   4.4135344e-01   5.9034365e-01   6.7053823e-01   7.8123517e-01
   3.7144294e+00   3.2805237e+00   2.1360184e+00   2.3339656e+00   1.8357358e+00   1.8054583e+00   1.4935842e+00   1.5633024e+00   1.3180917e+00   1.3840924e+00   1.4151103e+00   1.3089360e+00   5.4380714e-01   1.0545864e+00   7.9773696e-01   7.3424842e-01
   3.6458577e+00   3.5435813e+00   2.5326925e+00   1.9482682e+00   1.9559419e+00   1.8202486e+00   1.6679838e+00   1.4738099e+00   1.4027259e+00   1.4238672e+00   1.0061283e+00   9.9459199e-01   1.0458996e+00   8.1372933e-01   7.7791828e-01   8.8235110e-01
   3.5704983e+00   3.3222404e+00   2.5632379e+00   2.6244686e+00   2.0579827e+00   1.3647426e+00   1.6793533e+00   1.4481068e+00   1.4029354e+00   1.2201099e+00   1.1946743e+00   1.1828774e+00   1.2332744e+00   9.9460574e-01   8.5317225e-01   7.2909664e-01
   3.5574113e+00   2.6657883e+00   2.2659796e+00   2.0370937e+00   2.1186180e+00   1.8856335e+00   1.2119527e+00   1.1870088e+00   9.8620184e-01   1.1898459e+00   1.4161397e+00   1.1135306e+00   7.8087455e-01   9.0244241e-01   7.8382446e-01   6.9185074e-01
   4.0343015e+00   3.2464706e+00   2.5453086e+00   2.2873074e+00   2.2994106e+00   1.7340186e+00   1.5477529e+00   1.5934944e+00   1.1775787e+00   1.0744159e+00   1.2513734e+00   1.0892065e+00   1.0801506e+00   7.7947289e-01   8.2388702e-01   6.6769990e-01
   4.3767478e+00   3.4183540e+00   2.4793377e+00   2.7797731e+00   1.7877042e+00   1.7871450e+00   1.9318353e+00   1.7458465e+00   1.2887375e+00   1.3050939e+00   1.2990778e+00   1.2056654e+00   1.3921138e+00   1.0216841e+00   1.0237960e+00   8.0761209e-01
   4.5449097e+00   2.8785316e+00   2.0268915e+00   2.2093901e+00   1.8297637e+00   1.8224655e+00   1.2978552e+00   1.2028037e+00   1.2150129e+00   1.3744013e+00   1.2634176e+00   1.1315682e+00   1.0512861e+00   7.0461618e-01   8.7407454e-01   1.0146420e+00
   3.2916377e+00   3.1240712e+00   2.8999453e+00   2.1099663e+00   2.0329368e+00   1.8924830e+00   1.5243600e+00   1.5515517e+00   1.6682685e+00   1.5599827e+00   1.2979189e+00   1.1808290e+00   8.7628378e-01   7.9558144e-01   7.0137832e-01   9.6438045e-01
   3.7105071e+00   3.1089459e+00   2.5165167e+00   1.9285309e+00   1.5982243e+00   1.5605512e+00   1.4937405e+00   1.2841111e+00   1.0250136e+00   8.9664254e-01   1.0623370e+00   7.8963091e-01   8.1283419e-01   6.3200266e-01   6.9210250e-01   7.3121134e-01
   3.6042642e+00   3.3238667e+00   2.5116544e+00   2.2307930e+00   1.6815739e+00   1.7929395e+00   1.7003970e+00   1.7846804e+00   1.6306701e+00   1.4079273e+00   1.2034166e+00   1.2225590e+00   9.2086721e-01   5.5991600e-01   8.2438659e-01   7.2487379e-01
   3.7507960e+00   3.1517447e+00   2.5633982e+00   1.9744650e+00   1.8652521e+00   1.5249622e+00   1.4568631e+00   1.5599452e+00   1.2351941e+00   1.3818809e+00   1.1818090e+00   1.1970582e+00   9.6897862e-01   6.7216909e-01   7.7152820e-01   6.5758641e-01
   3.6529955e+00   3.1753343e+00   2.6311089e+00   2.1093204e+00   1.9352767e+00   1.5143427e+00   1.6238146e+00   1.9042176e+00   1.4304194e+00   1.5878782e+00   1.5395734e+00   1.0457309e+00   1.1423199e+00   8.6862747e-01   9.8375826e-01   8.6781241e-01
   4.0477276e+00   3.1537343e+00   2.5087652e+00   2.2579338e+00   1.8974830e+00   2.2118474e+00   1.6645667e+00   1.3258875e+00   9.9783657e-01   1.5894621e+00   1.0532634e+00   1.0259349e+00   9.6075830e-01   7.0656770e-01   7.5505179e-01   7.8287217e-01
   4.0626327e+00   3.0124549e+00   2.4349306e+00   2.5179251e+00   2.0157119e+00   1.2903441e+00   1.5518509e+00   1.4537169e+00   1.3319600e+00   1.2953768e+00   1.1556622e+00   1.0632779e+00   9.4049623e-01   9.9605464e-01   8.0279700e-01   8.0343560e-01
   4.4134729e+00   3.4614792e+00   2.2956002e+00   2.6399220e+00   1.5789909e+00   1.4597437e+00   1.7923447e+00   1.7167927e+00   1.3814354e+00   1.2757184e+00   1.3108806e+00   1.3656757e+00   7.2833801e-01   7.3659618e-01   7.9389387e-01   1.0268536e+00
   4.4625751e+00   3.3487104e+00   2.2613220e+00   2.1194691e+00   2.3117778e+00   1.9881306e+00   1.6550489e+00   1.1737116e+00   9.7426692e-01   9.5624362e-01   1.1864717e+00   1.4213295e+00   9.7223801e-01   8.6284745e-01   8.8029872e-01   8.1941233e-01
   4.0374983e+00   3.1600078e+00   1.6854722e+00   1.8915323e+00   1.9070888e+00   1.6656056e+00   1.7755060e+00   1.5348893e+00   1.3020416e+00   1.2079113e+00   1.0768391e+00   1.1006820e+00   9.6077900e-01   6.8960240e-01   8.4506435e-01   6.4287901e-01
   3.7885451e+00   3.3908135e+00   2.1553551e+00   2.3631267e+00   1.7393950e+00   1.6134335e+00   1.6316948e+00   1.2065553e+00   1.4534755e+00   1.2611184e+00   1.1474033e+00   1.3835386e+00   1.1589334e+00   9.9652191e-01   1.1486775e+00   9.7353436e-01
   3.9537359e+00   3.6785081e+00   2.4300476e+00   2.3907128e+00   1.7813478e+00   1.2807449e+00   1.7947494e+00   1.6050666e+00   1.4296884e+00   8.7770749e-01   1.1941590e+00   1.5056350e+00   1.0203076e+00   8.8769683e-01   8.7326905e-01   8.5310963e-01
   3.4149711e+00   2.9104649e+00   2.5653308e+00   2.2745747e+00   1.9965677e+00   1.7947838e+00   1.3974474e+00   1.6957935e+00   1.3883474e+00   1.5654552e+00   1.4332759e+00   1.7373556e+00   1.5078642e+00   9.6749799e-01   1.3825783e+00   1.2635578e+00
   3.5701839e+00   2.6293066e+00   2.6327219e+00   2.4727771e+00   2.0437819e+00   1.8477390e+00   1.8276167e+00   1.9118142e+00   1.4909839e+00   1.2310319e+00   1.4093943e+00   1.4674665e+00   1.1127962e+00   8.4749817e-01   8.6759838e-01   7.2807426e-01
   3.6791151e+00   3.0284504e+00   2.1304688e+00   2.0923386e+00   1.5653411e+00   1.4602619e+00   1.9993574e+00   1.8978760e+00   1.4870527e+00   1.4012643e+00   1.3706508e+00   1.2081492e+00   8.4260323e-01   8.3445110e-01   1.0630180e+00   9.9073247e-01
   3.8642318e+00   2.6575581e+00   2.4293990e+00   2.3178963e+00   1.8307510e+00   1.8858731e+00   1.6592187e+00   1.8377459e+00   1.1608546e+00   1.2094044e+00   1.1211148e+00   1.1302115e+00   1.1045806e+00   9.6894371e-01   1.1024229e+00   9.3530306e-01
