   1.5354678e+00   1.1263886e+00  -3.7159260e-02   3.0444457e-01  -1.8760495e-01  -1.1546170e+00  -1.7203988e+00  -1.2006797e+00  -1.5374069e+00  -1.7764490e+00  -1.7856192e+00  -1.9078309e+00  -2.0462173e+00  -1.9520174e+00  -2.0358397e+00  -1.9063917e+00
   1.4313194e+00   5.4725943e-01   5.3880132e-01   4.4422672e-01   2.6336027e-02  -5.1025857e-01  -1.7820668e+00  -1.3356232e+00  -1.4928525e+00  -1.7035969e+00  -1.2909537e+00  -1.9547537e+00  -2.1270616e+00  -1.9401751e+00  -2.2022493e+00  -1.7891131e+00
   1.4763422e+00   3.3836072e-01   9.2771179e-02  -2.5376690e-01  -4.6935011e-01  -1.4019951e+00  -1.1775409e+00  -1.0077893e+00  -1.5438927e+00  -1.1147243e+00  -1.1931280e+00  -1.2023012e+00  -1.3264917e+00  -1.4222282e+00  -1.5732692e+00  -1.6819319e+00
   1.8845304e+00   1.0313390e+00   2.6258970e-01   3.9149569e-01  -4.5010667e-01  -7.9054070e-01  -1.0175599e+00  -1.1656056e+00  -1.5709331e+00  -1.2635165e+00  -1.2998643e+00  -1.3321211e+00  -1.5355964e+00  -1.7066756e+00  -1.5917451e+00  -1.5806216e+00
   2.0687321e+00   7.8744271e-01   2.1178396e-01  -5.1231936e-01  -7.7669678e-01  -6.5836928e-01  -1.7189283e+00  -1.7386871e+00  -1.5951396e+00  -1.6933637e+00  -1.5639530e+00  -1.4607751e+00  -1.9490248e+00  -1.9199430e+00  -1.9662663e+00  -1.8066618e+00
   1.6963287e+00   5.7553823e-02   1.4419909e-01   4.8075786e-01  -1.8445976e-01  -6.2432554e-01  -1.2732205e+00  -1.5902362e+00  -1.5103878e+00  -1.2744751e+00  -1.3367009e+00  -1.6416097e+00  -1.7027882e+00  -1.6918417e+00  -1.7309360e+00  -1.6465484e+00
   2.2404493e+00   6.8650322e-01   2.2770773e-01   3.0130359e-01  -5.1864708e-01  -8.6119476e-01  -1.5435607e+00  -2.1028001e+00  -1.8937872e+00  -1.7652008e+00  -1.8481926e+00  -2.0662641e+00  -1.9687530e+00  -1.7878801e+00  -2.1047677e+00  -1.8777929e+00
   2.0848833e+00   9.3156846e-01   2.2223163e-01   1.4404510e-01  -1.8917474e-01  -7.9998607e-01  -1.5742832e+00  -1.6508294e+00  -1.6334202e+00  -1.6131744e+00  -1.5327983e+00  -1.8039393e+00  -1.7381945e+00  -1.6741255e+00  -1.8053459e+00  -1.8232511e+00
   1.8185655e+00   1.0009987e+00  -1.9105017e-02   3.4473279e-01  -2.9872711e-01  -1.3256830e+00  -1.5215421e+00  -1.3656046e+00  -1.6369559e+00  -1.3432612e+00  -1.5514286e+00  -1.6214528e+00  -1.8788834e+00  -2.0449923e+00  -2.1124782e+00  -1.9902165e+00
   2.2675979e+00   1.0702165e+00   1.9028686e-01   3.1288797e-01   4.2946904e-02  -1.0184583e+00  -1.3030486e+00  -1.5205528e+00  -1.8166197e+00  -1.5920818e+00  -1.4757615e+00  -1.7473129e+00  -2.0873903e+00  -2.3751046e+00  -2.2306559e+00  -1.9585509e+00
   2.1730028e+00   7.6577678e-01   3.5328305e-01   6.2348496e-01  -2.4327829e-01  -9.1371959e-01  -1.3289112e+00  -1.3053098e+00  -1.2965800e+00  -1.2674161e+00  -1.5126649e+00  -1.7182413e+00  -1.7893825e+00  -1.7470118e+00  -1.7927391e+00  -1.7389014e+00
   2.3395044e+00   1.1013960e+00   2.2827558e-01   3.1572685e-01  -2.8927783e-01  -1.2455891e+00  -1.6450510e+00  -1.2851219e+00  -1.3392470e+00  -1.5739727e+00  -1.5744761e+00  -2.0177633e+00  -1.9907849e+00  -2.0423744e+00  -2.2344039e+00  -2.0684830e+00
   2.6765433e+00   1.4010925e+00   3.0478223e-01   5.8908182e-01  -6.3337209e-01  -1.0758995e+00  -1.9980847e+00  -1.4849967e+00  -1.4475918e+00  -1.6996340e+00  -1.6613152e+00  -1.6412098e+00  -2.0660928e+00  -2.0547273e+00  -2.4636855e+00  -2.0702082e+00
   2.2885411e+00   1.3182627e+00   1.5727687e-01   7.0597528e-01  -2.6775302e-01  -6.9851313e-01  -1.3694633e+00  -1.3481190e+00  -1.4837850e+00  -1.4637098e+00  -1.5149947e+00  -1.3996067e+00  -1.9329785e+00  -1.8077722e+00  -1.8967275e+00  -1.6633187e+00
   2.5758811e+00   1.1090444e+00   4.9896310e-01   7.3474882e-01  -3.3822031e-01  -1.1635129e+00  -1.3187417e+00  -1.1595166e+00  -1.4031220e+00  -1.6419871e+00  -1.4679273e+00  -1.6630859e+00  -1.6918346e+00  -1.6949131e+00  -1.6619231e+00  -1.6776294e+00
   2.2534995e+00   8.4790098e-01   3.5762989e-01   2.4966372e-01  -5.1570738e-01  -1.0616466e+00  -1.3450114e+00  -1.8010711e+00  -1.2794654e+00  -1.3984909e+00  -1.6893251e+00  -2.2951006e+00  -2.0667034e+00  -2.0591461e+00  -2.3611621e+00  -1.9390986e+00
   1.6067573e+00   9.9837178e-01   6.9945049e-02  -1.3760507e-01  -4.5294359e-01  -1.0387875e+00  -1.3034378e+00  -1.7435467e+00  -1.8337016e+00  -1.7173545e+00  -1.5297134e+00  -1.5714155e+00  -2.1575919e+00  -2.1405353e+00  -2.0553602e+00  -1.7110113e+00
   2.1165704e+00   8.4823620e-01   1.1416972e-01   4.3114022e-01  -7.1295794e-02  -8.1296242e-01  -1.9487279e+00  -1.5421094e+00  -1.4568517e+00  -1.6937444e+00  -1.6469627e+00  -1.7319252e+00  -1.9251880e+00  -2.1651378e+00  -2.1136817e+00  -1.6700676e+00
   1.6963106e+00   2.8729287e-01   5.8131926e-01   4.0399852e-01  -2.7510329e-02  -7.2866635e-01  -1.5713355e+00  -1.4644129e+00  -1.6326995e+00  -1.5433508e+00  -1.5614073e+00  -1.9195900e+00  -2.3996298e+00  -2.1400042e+00  -2.3369581e+00  -2.0169494e+00
   1.8474230e+00   7.8070848e-01   1.9281578e-01   2.8034389e-01  -2.5188671e-01  -1.2794167e+00  -1.7184543e+00  -1.5519300e+00  -1.6546671e+00  -1.6667569e+00  -1.7475609e+00  -1.6983893e+00  -2.1290349e+00  -2.0471737e+00  -1.9441988e+00  -1.9440119e+00
   1.6816565e+00   7.0491490e-01   2.7150872e-01   8.6612286e-01  -1.5841339e-01  -1.8596653e+00  -2.4522977e+00  -1.6949412e+00  -1.7473762e+00  -1.8307999e+00  -1.7379447e+00  -1.5615944e+00  -2.1546262e+00  -2.0569331e+00  -2.1603488e+00  -2.1337177e+00
   2.0103365e+00   8.7136746e-01   2.9640786e-01   3.4489670e-01  -3.2469962e-01  -1.7514734e+00  -2.0728080e+00  -1.4665086e+00  -1.2188446e+00  -1.6345585e+00  -1.9326415e+00  -1.7600982e+00  -2.0681424e+00  -2.2425784e+00  -2.3005100e+00  -1.9645796e+00
   1.5325143e+00   9.6335436e-01   6.5312961e-01   3.8411598e-01  -4.6711408e-01  -9.7111798e-01  -1.7029133e+00  -1.5143214e+00  -1.4793054e+00  -1.7131869e+00  -1.2817152e+00  -1.4623307e+00  -1.7990968e+00  -1.7624763e+00  -1.9390828e+00  -1.6675186e+00
   1.9772019e+00   8.1520525e-01   2.8624410e-01   2.1898248e-01  -1.1413585e-01  -8.1297290e-01  -1.4618192e+00  -1.4184841e+00  -1.2726350e+00  -1.6067568e+00  -1.6017293e+00  -1.5835665e+00  -1.6144402e+00  -1.6417161e+00  -1.7224939e+00  -1.6598545e+00
   2.1888742e+00   4.2278548e-01   3.6268550e-01   3.8951250e-01  -4.7419034e-01  -9.9372132e-01  -1.5838856e+00  -1.9365725e+00  -1.5395526e+00  -1.5869689e+00  -1.6700752e+00  -1.5558407e+00  -2.0419496e+00  -2.0777276e+00  -1.9630849e+00  -2.0202295e+00
   2.4119120e+00   1.3618894e+00   4.8405024e-01   3.4574352e-01  -3.6533607e-01  -8.9720619e-01  -1.3410116e+00  -1.9975437e+00  -1.7165554e+00  -2.1501852e+00  -1.7814708e+00  -1.8553559e+00  -2.0527911e+00  -2.1658655e+00  -1.9706871e+00  -1.9147759e+00
   1.7545013e+00   1.5983524e+00   4.5710439e-01   3.0792263e-01  -2.0525353e-01  -8.6894769e-01  -1.5161534e+00  -1.7277161e+00  -1.9127551e+00  -2.3859929e+00  -1.8834850e+00  -2.1209881e+00  -2.1588609e+00  -2.1595367e+00  -2.0525270e+00  -1.9284373e+00
   2.1534328e+00   1.7578617e+00   5.7268083e-01   5.8837332e-01  -3.1143372e-01  -8.6065798e-01  -1.4533293e+00  -1.4067996e+00  -1.3522913e+00  -1.6651297e+00  -1.5502793e+00  -1.6993900e+00  -2.0104512e+00  -1.7943333e+00  -1.8417361e+00  -1.7982154e+00
   2.0610207e+00   1.6643688e+00   2.3092466e-01   5.8149954e-01  -3.1651436e-01  -6.3121824e-01  -1.0055926e+00  -1.0180922e+00  -6.1907620e-01  -7.6688341e-01  -9.1874550e-01  -1.1817140e+00  -6.4307786e-01  -3.5453242e-01  -5.2953861e-01  -3.4724617e-01
   1.6802713e+00   1.4342658e+00  -5.3888690e-02   6.6523030e-01  -1.9286715e-01  -9.7805711e-01  -1.5194841e+00  -1.4525881e+00  -1.6065243e+00  -1.4929221e+00  -1.4074345e+00  -1.1797001e+00  -1.1498334e+00  -3.7041759e-01  -1.2982247e-01   2.7855069e-01
   2.3730158e+00   1.9845419e+00  -1.4977043e-01   1.7393093e-01  -6.2831726e-02  -1.1765923e+00  -1.5674401e+00  -1.6492837e+00  -1.4811001e+00  -1.3760946e+00  -9.9334997e-01  -8.3829109e-01  -6.6872940e-01   3.5816740e-01   4.9983507e-01   1.0446321e+00
   2.2717994e+00   1.8596823e+00   1.5390426e-01   2.4500737e-01   2.1378183e-01  -9.4985567e-01  -1.4651912e+00  -1.5079478e+00  -1.5332972e+00  -1.1217682e+00  -1.0308236e+00  -8.6936559e-01  -3.8101997e-01   6.5947970e-01   6.4748107e-01   1.5251683e+00
   2.4373225e+00   2.6611794e+00   6.2451476e-01   3.1376900e-01  -4.8722286e-01  -9.1467749e-01  -1.1194535e+00  -1.1838716e+00  -1.0946434e+00  -9.7371762e-01  -7.8993269e-01  -3.6308492e-01  -2.4815802e-02   6.3113745e-01   4.2652131e-01   1.0708063e+00
   2.5478504e+00   2.6939552e+00   1.1245505e+00   4.5390147e-01  -6.6493443e-01  -9.7975975e-01  -1.3792352e+00  -1.2079557e+00  -1.4642551e+00  -9.7774010e-01  -4.2770568e-01  -5.8361517e-02   1.1181253e-01   2.5937682e-01   9.3583328e-01   5.6484185e-01
   2.4143746e+00   2.7787836e+00   1.4559355e+00   9.8727205e-01  -2.0187394e-01  -7.7432085e-01  -1.6067605e+00  -1.3805778e+00  -1.0752267e+00  -1.0106713e+00  -4.4609594e-01  -1.8503284e-01   2.5510578e-01   1.7881391e-01   6.3372386e-01   2.6564256e-01
   2.0106154e+00   2.6687380e+00   1.7164532e+00   1.1648132e+00  -6.9313337e-02  -9.6412119e-01  -1.3689733e+00  -1.5007665e+00  -1.0709707e+00  -1.2335240e+00  -4.9383622e-01  -1.8036474e-01   4.0986133e-01  -9.5158599e-02   2.5833787e-01  -1.5238069e-01
   2.1187097e+00   2.7590843e+00   1.5225491e+00   1.3424353e+00  -1.8427390e-01  -7.5447101e-01  -1.4285874e+00  -1.2426334e+00  -1.0024586e+00  -1.2304966e+00  -4.1036966e-01   1.5861311e-02   6.3701761e-01   8.4973631e-02   6.5594734e-02  -4.1832991e-01
   1.9663717e+00   2.8142683e+00   1.5908868e+00   1.3238810e+00  -9.0711556e-02  -7.2411171e-01  -1.5061318e+00  -1.3033074e+00  -1.2615068e+00  -1.1620471e+00  -6.1249164e-01  -2.0761230e-01   2.7302980e-01   3.5362914e-01   1.9074211e-01  -4.2429277e-01
   2.3558898e+00   2.7940263e+00   1.7549059e+00   1.2712502e+00  -1.0164476e-01  -9.6482812e-01  -1.8268596e+00  -1.7096782e+00  -1.2761992e+00  -1.1608812e+00  -4.8199667e-01  -1.6687659e-01   4.6505621e-01   5.2898182e-01   3.6304521e-01  -5.5930522e-01
   2.2192141e+00   2.7509753e+00   1.7283513e+00   1.2522351e+00  -8.7488828e-02  -7.0349260e-01  -1.4662906e+00  -1.4502382e+00  -1.2648580e+00  -1.3073525e+00  -3.8402279e-01   3.8407584e-02   5.2863690e-01   8.5445463e-01   5.5157339e-01  -4.7109147e-01
   2.0263448e+00   2.7261095e+00   1.6390787e+00   1.0182353e+00  -4.6233201e-01  -8.1740044e-01  -1.3488274e+00  -1.3673886e+00  -1.3278237e+00  -1.2600856e+00  -8.7960674e-01  -4.5690245e-02   7.4960349e-01   8.6323141e-01   4.9048345e-01  -4.7807155e-01
   2.1860314e+00   2.5806104e+00   1.3758306e+00   7.6669666e-01  -8.5325449e-01  -9.5090629e-01  -1.7251004e+00  -1.5935908e+00  -1.3928195e+00  -1.0736406e+00  -7.3588272e-01  -4.6910356e-03   6.5907861e-01   7.8247813e-01   4.6041704e-01  -3.4729446e-01
   2.2318032e+00   2.7735830e+00   1.4203911e+00   8.6898808e-01  -2.2501380e-01  -7.1784939e-01  -1.5884705e+00  -1.5072965e+00  -1.3091176e+00  -1.1844575e+00  -6.8540999e-01  -4.8729858e-02   6.5399474e-01   9.0397827e-01   4.9671706e-01  -3.8679273e-01
   2.2509882e+00   2.6167527e+00   1.4632161e+00   1.0156011e+00  -2.7245911e-02  -5.4128487e-01  -1.2173410e+00  -1.1555401e+00  -1.2129526e+00  -1.2182188e+00  -6.5464371e-01  -8.9645612e-02   5.5713342e-01   8.5565594e-01   5.0836404e-01  -2.9502515e-01
   2.2252647e+00   2.7561764e+00   1.5461655e+00   8.3874187e-01  -2.3837224e-01  -1.2961246e+00  -1.5834302e+00  -1.4612644e+00  -1.7684148e+00  -1.4769815e+00  -1.1028510e+00  -4.2384716e-01   3.5938291e-01   7.7220310e-01   2.5799360e-01  -3.1206472e-01
   2.0546413e+00   2.7183171e+00   1.4848683e+00   5.6603307e-01  -2.5495917e-01  -1.2732067e+00  -1.2854681e+00  -1.4038847e+00  -1.2280144e+00  -1.1538507e+00  -8.8063545e-01  -1.7310158e-01   1.9335489e-01   7.0506730e-01   1.6987708e-01  -6.4508567e-01
   2.2043279e+00   2.7116273e+00   1.5432805e+00   1.0775936e+00  -3.8648627e-01  -9.3162767e-01  -1.5278627e+00  -1.6363696e+00  -1.3544894e+00  -1.3436315e+00  -8.9271068e-01  -3.7697362e-01   9.4517894e-02   6.1004684e-01  -1.5366197e-02  -8.1170798e-01
   2.0929360e+00   2.7634673e+00   1.3831680e+00   8.6381245e-01  -4.9215582e-02  -1.0687756e+00  -1.5820987e+00  -1.3322114e+00  -1.4649665e+00  -1.3224577e+00  -8.4425931e-01  -5.1551083e-01   1.8037231e-01   5.8465513e-01  -1.8910029e-01  -7.7052682e-01
   2.4116610e+00   2.8302777e+00   1.4211302e+00   1.0681867e+00  -1.2616693e-01  -6.1064358e-01  -1.0530984e+00  -1.1619188e+00  -1.1384143e+00  -1.1280245e+00  -9.0951448e-01  -4.0092425e-01   1.0208442e-01   5.5136138e-01  -1.8767925e-02  -6.5958409e-01
   2.8801055e+00   2.8778490e+00   1.6478790e+00   8.1379614e-01  -2.1651628e-01  -6.8420054e-01  -9.9478598e-01  -1.0525173e+00  -1.0575928e+00  -1.1523929e+00  -9.5739185e-01  -4.9857140e-01   1.0688558e-01   5.1346305e-01  -2.0737752e-01  -5.7393980e-01
   2.8316713e+00   2.7113362e+00   1.5035460e+00   8.8032311e-01  -9.1766065e-02  -7.0520578e-01  -1.1243191e+00  -1.5392316e+00  -1.5314009e+00  -1.4264145e+00  -1.2323777e+00  -5.3990459e-01  -5.6587349e-02   1.3270597e-01  -4.7771513e-01  -6.9388643e-01
   2.7563598e+00   2.8504171e+00   1.5861063e+00   1.0038749e+00   1.9117413e-01  -3.5294381e-01  -7.6783765e-01  -9.2888189e-01  -9.9926446e-01  -9.7056827e-01  -7.4262199e-01  -3.7965025e-01  -1.2441506e-01   3.3387019e-01  -1.7900577e-01  -3.5891080e-01
   2.7409911e+00   2.8131923e+00   1.4022869e+00   7.3794202e-01  -3.1324492e-01  -6.8478105e-01  -1.2458889e+00  -1.4974587e+00  -1.2575506e+00  -1.3021151e+00  -9.8492769e-01  -2.9137918e-01   1.3946620e-02   3.0119684e-01  -3.1371949e-01  -3.1505131e-01
   2.4946794e+00   2.5842945e+00   1.3966446e+00   6.0358924e-01  -6.7430921e-01  -1.4033304e+00  -1.5001466e+00  -1.9861995e+00  -1.4595306e+00  -1.4972425e+00  -1.0528034e+00  -4.3841747e-01   1.1557093e-01   1.6990072e-01  -6.4524677e-01  -5.1542625e-01
   2.2632015e+00   2.7433357e+00   1.4273529e+00   1.0862211e+00   2.5433515e-02  -1.1459918e+00  -1.5103108e+00  -1.5088029e+00  -1.3201398e+00  -1.2666520e+00  -1.2241474e+00  -4.0702830e-01   7.2459100e-02   2.2476182e-01  -5.9255367e-01  -8.0370794e-01
   2.4579018e+00   2.6099538e+00   1.4430992e+00   9.6848731e-01   7.2241790e-03  -1.0403414e+00  -1.2154957e+00  -1.2143292e+00  -1.1353961e+00  -1.3153561e+00  -1.0881735e+00  -6.1297564e-01  -1.3149801e-01   1.1745575e-01  -5.0667552e-01  -6.0080732e-01
   2.2566757e+00   2.5411849e+00   1.2581238e+00   9.4329110e-01  -2.2819024e-01  -9.8180558e-01  -1.6235016e+00  -1.6068565e+00  -1.8264905e+00  -1.8254450e+00  -1.4880789e+00  -6.8986314e-01   1.8450248e-02   2.8096305e-01  -3.2075472e-01  -6.8794627e-01
   2.2311342e+00   2.5646875e+00   1.5398617e+00   8.3301117e-01   2.3097673e-02  -6.3007266e-01  -1.5086774e+00  -1.3960720e+00  -1.8541424e+00  -1.8008205e+00  -1.2649868e+00  -5.8154168e-01  -2.7916048e-01  -2.2769239e-02  -6.2910671e-01  -7.0866829e-01
   2.3501178e+00   2.6250246e+00   1.1752086e+00   6.9706726e-01  -4.3205160e-01  -5.8478636e-01  -1.4887198e+00  -1.4114824e+00  -1.4792929e+00  -1.8273876e+00  -1.4079590e+00  -7.2483151e-01  -5.2427530e-01  -3.0859937e-01  -7.9599082e-01  -7.6372066e-01
   1.7971887e+00   2.4219545e+00   1.2790988e+00   5.8335487e-01  -2.9681115e-01  -8.3032999e-01  -1.5081709e+00  -1.6189470e+00  -1.3357783e+00  -1.4982913e+00  -1.3706252e+00  -8.3897129e-01  -4.4678741e-01  -3.0667027e-01  -1.1275569e+00  -1.0393383e+00
   1.7524733e+00   2.3422521e+00   1.3899325e+00   9.1301887e-01   1.0920265e-01  -8.7655642e-01  -1.6140378e+00  -1.5421238e+00  -1.5811178e+00  -2.0444699e+00  -1.6876999e+00  -9.0881310e-01  -2.8615173e-01  -1.2054360e-01  -7.3274607e-01  -7.9645863e-01
   1.8522903e+00   2.2738513e+00   1.1120930e+00   7.6442459e-01  -1.7392491e-01  -8.8747414e-01  -1.4781964e+00  -1.4547915e+00  -1.9347791e+00  -2.3299288e+00  -1.8741257e+00  -1.0121627e+00  -8.7837916e-01  -6.9830800e-01  -1.2885263e+00  -1.3112149e+00
   1.8381647e+00   2.0557469e+00   8.0018382e-01   6.6461002e-01   4.6826211e-02  -1.4419966e+00  -1.5116219e+00  -1.2088801e+00  -1.2990517e+00  -1.3042361e+00  -1.4954363e+00  -1.1062497e+00  -1.0065152e+00  -7.3663393e-01  -1.2815400e+00  -1.5184959e+00
   1.7385735e+00   1.7279181e+00   6.6328210e-01   2.9258865e-01  -4.4893586e-01  -9.9633677e-01  -1.4455094e+00  -1.5536756e+00  -1.7211362e+00  -1.6351450e+00  -1.3971312e+00  -1.4794937e+00  -1.2636830e+00  -1.0688441e+00  -1.5903460e+00  -1.8851572e+00
   1.8766279e+00   1.8085588e+00   5.5653299e-01   2.6768909e-01  -1.8396146e-01  -9.5223198e-01  -1.7383356e+00  -1.2992119e+00  -1.2463757e+00  -1.6409007e+00  -1.5929333e+00  -1.7409120e+00  -1.0307535e+00  -1.0734599e+00  -1.3715841e+00  -1.5539122e+00
   1.9663282e+00   1.7674958e+00   6.3159630e-01   2.3665119e-01  -5.5772510e-01  -1.3385033e+00  -1.8136843e+00  -1.4973690e+00  -1.4654847e+00  -1.7195693e+00  -1.5250549e+00  -1.5012220e+00  -8.8754361e-01  -8.3850646e-01  -1.2723975e+00  -1.8210379e+00
   2.0151527e+00   1.6952925e+00   4.2490222e-01   1.1509075e-01  -4.3795225e-01  -9.8603390e-01  -1.3774201e+00  -1.3607671e+00  -1.6500923e+00  -1.4536992e+00  -1.4520924e+00  -1.5676641e+00  -8.5749450e-01  -9.6933777e-01  -1.5247340e+00  -1.6905469e+00
   1.6765026e+00   9.4774573e-01   1.2825396e-01   5.2482462e-02   7.9579319e-02  -1.0139910e+00  -1.2799762e+00  -1.6516507e+00  -2.0431998e+00  -1.7081860e+00  -1.4699848e+00  -1.5493268e+00  -1.2167619e+00  -1.3920932e+00  -1.6924359e+00  -1.5874921e+00
   1.0572968e+00   6.6293345e-01   8.4304422e-01   5.3595756e-01   5.3826305e-02  -1.0935951e+00  -1.8644926e+00  -1.6697802e+00  -1.5508609e+00  -1.6569888e+00  -1.4055841e+00  -1.3726977e+00  -1.5154598e+00  -1.7362792e+00  -1.5508452e+00  -1.6256864e+00
   9.9812212e-01   6.3189625e-01   5.0072450e-01   7.2050009e-01  -2.0807627e-01  -6.0550912e-01  -1.3871246e+00  -2.0969210e+00  -1.6437991e+00  -1.5589593e+00  -1.6263649e+00  -1.5899326e+00  -1.5205247e+00  -1.4797838e+00  -1.5661340e+00  -1.5623488e+00
   1.2385627e+00   5.6792838e-01   6.2497137e-01   4.6911938e-01  -3.2116255e-01  -8.4375649e-01  -1.6350460e+00  -1.5903856e+00  -1.3876946e+00  -1.7854479e+00  -1.7773889e+00  -1.8280712e+00  -1.5599848e+00  -1.3631527e+00  -1.3517819e+00  -1.5858060e+00
   1.7775179e+00   8.4445023e-01   3.0754307e-01   2.9792891e-01  -2.8769754e-01  -9.5842331e-01  -1.5640210e+00  -1.3251698e+00  -1.8851607e+00  -1.6544404e+00  -1.6994260e+00  -1.8582742e+00  -1.3013039e+00  -1.6054422e+00  -1.8073440e+00  -1.7173179e+00
   2.0381667e+00   1.0002218e+00   5.0993829e-01   5.7121968e-01   2.4372896e-01  -9.3540154e-01  -1.5040985e+00  -1.7417216e+00  -1.7097119e+00  -1.7803194e+00  -1.9246421e+00  -1.8212656e+00  -1.4773663e+00  -1.5612133e+00  -1.8566272e+00  -1.6468486e+00
   1.5103650e+00   1.4169630e-01   4.1523989e-01   1.7313465e-01  -2.0652337e-01  -7.9645551e-01  -1.4260848e+00  -1.6040722e+00  -1.5440779e+00  -1.4006666e+00  -1.4033773e+00  -1.5073240e+00  -1.4381987e+00  -1.5769007e+00  -1.6580728e+00  -1.4255465e+00
   2.1238174e+00   5.3100768e-01   3.0229129e-01   2.2845955e-01  -4.0618432e-01  -1.0514376e+00  -1.5077926e+00  -1.7549093e+00  -1.4816164e+00  -1.4338953e+00  -1.3440988e+00  -1.5436799e+00  -1.7788190e+00  -1.8327565e+00  -1.6853874e+00  -1.7433183e+00
   1.7121992e+00   1.6970819e-01   4.2536236e-01   2.0349400e-01  -1.9393911e-01  -1.7066152e+00  -1.8014779e+00  -1.9508809e+00  -1.6347884e+00  -1.6985546e+00  -1.3631025e+00  -1.6043279e+00  -1.6948319e+00  -1.9026169e+00  -1.9205421e+00  -1.8226371e+00
   1.4253512e+00   2.3689418e-01   8.8658332e-02   1.4779521e-01  -3.8459942e-01  -1.3287166e+00  -1.9509897e+00  -1.9507998e+00  -1.6485906e+00  -1.5155338e+00  -1.4392175e+00  -1.7403604e+00  -1.8521965e+00  -1.9942327e+00  -2.0843768e+00  -2.0581544e+00
   1.6636843e+00   7.8353293e-01   5.9749822e-01   1.3698791e-01  -1.8135114e-01  -1.0319245e+00  -1.6578641e+00  -1.5855803e+00  -1.6005439e+00  -1.5269026e+00  -1.3664933e+00  -1.4321051e+00  -1.7923003e+00  -1.7239734e+00  -1.9255642e+00  -1.9630013e+00
   1.7092692e+00   1.6903125e-01   8.4452882e-01   3.1065629e-01  -2.3063382e-01  -1.3407323e+00  -2.0486019e+00  -1.8295447e+00  -1.6479263e+00  -1.5346127e+00  -9.5724032e-01  -1.6394358e+00  -1.9968117e+00  -1.9638027e+00  -2.0301515e+00  -2.0320839e+00
   1.2862174e+00  -1.5299007e-01   1.9093627e-01   2.9932285e-01  -7.1425121e-02  -9.5179951e-01  -1.5406932e+00  -1.3289659e+00  -1.5272046e+00  -1.4417833e+00  -1.2512217e+00  -1.5606647e+00  -1.7550283e+00  -1.6513308e+00  -1.6935513e+00  -1.6628394e+00
   1.9637854e+00   1.0816017e+00   2.4732930e-01   1.4422629e-01  -5.0546050e-01  -1.0943790e+00  -1.6253867e+00  -1.6427583e+00  -2.1628496e+00  -2.0030863e+00  -1.5926725e+00  -1.7150961e+00  -1.9137820e+00  -1.7972599e+00  -2.0883444e+00  -1.8573947e+00
   1.8230398e+00   9.2110794e-01   3.1293918e-01  -2.4887320e-01  -4.3939183e-01  -8.3470668e-01  -1.6047398e+00  -1.6635314e+00  -1.8557740e+00  -1.5247290e+00  -1.3500747e+00  -1.8117570e+00  -2.0145338e+00  -1.9238122e+00  -2.0839867e+00  -1.8748719e+00
   1.7569493e+00   1.2192044e+00   4.6193895e-01   3.4116399e-01  -3.0810504e-01  -7.7051474e-01  -1.1516207e+00  -1.1067972e+00  -1.3883177e+00  -1.4994637e+00  -1.3633609e+00  -1.3897412e+00  -1.6758341e+00  -1.6966481e+00  -1.6504195e+00  -1.5327060e+00
   2.1738178e+00   1.3346917e+00   4.1035171e-01   7.4799855e-01  -1.9868908e-01  -5.3424816e-01  -1.2665496e+00  -1.2377367e+00  -1.3427904e+00  -1.4068117e+00  -1.3834043e+00  -1.4930430e+00  -1.7223409e+00  -1.4687559e+00  -1.0871162e+00  -1.5512464e+00
   2.0845688e+00   1.1787785e+00   3.7623867e-01   2.1943785e-01  -4.7181075e-01  -8.2935343e-01  -1.7445795e+00  -1.7341528e+00  -1.5503847e+00  -1.5622802e+00  -1.3765428e+00  -1.6263817e+00  -1.8812082e+00  -1.1402054e+00  -5.7241906e-01  -1.2002900e+00
   1.7502472e+00   6.8401287e-01   4.2529540e-01   5.5078782e-01  -2.4837264e-01  -1.0344673e+00  -1.4468343e+00  -1.3625669e+00  -1.4758595e+00  -1.4631229e+00  -1.3582689e+00  -1.6008335e+00  -1.8206969e+00  -1.7842081e+00  -1.6872774e+00  -1.6828759e+00
   2.0430610e+00   6.2973611e-01   3.8829726e-01   5.6311447e-01  -3.9170735e-01  -1.0162213e+00  -1.7100918e+00  -1.7213786e+00  -1.3459363e+00  -1.4392147e+00  -1.4714837e+00  -1.3411567e+00  -1.8486967e+00  -1.8486158e+00  -2.2999662e+00  -2.0846321e+00
   1.7696103e+00   2.7768011e-01   3.5376857e-01   7.9874170e-01  -2.7623313e-01  -1.0541844e+00  -1.6371787e+00  -1.7660104e+00  -1.3256557e+00  -1.5522284e+00  -1.4801531e+00  -1.6190447e+00  -2.0237574e+00  -2.0306545e+00  -2.2876824e+00  -1.8838829e+00
   2.1259444e+00   7.1965493e-01   3.4553763e-01   7.3717749e-01  -1.0927755e-01  -1.0129382e+00  -1.3414890e+00  -1.3942368e+00  -1.4496175e+00  -1.3154153e+00  -1.3258751e+00  -1.5084386e+00  -1.7545840e+00  -1.7570434e+00  -1.7916234e+00  -1.6470161e+00
   2.1135999e+00   1.8986646e-01   3.3648415e-01   3.9449368e-01  -2.2408129e-01  -9.3877585e-01  -1.8409778e+00  -1.5412552e+00  -1.6143990e+00  -1.5672788e+00  -1.3655689e+00  -1.5363429e+00  -2.3632600e+00  -2.1139540e+00  -2.2906096e+00  -1.9184057e+00
   1.5126915e+00   8.3541319e-01   6.5267020e-01   5.1961221e-01  -1.8554027e-01  -9.9358319e-01  -1.3139087e+00  -1.3457676e+00  -1.2134904e+00  -1.3115739e+00  -1.3253312e+00  -1.4241822e+00  -1.5327058e+00  -1.5062740e+00  -1.5703800e+00  -1.4824964e+00
