   1.3282025e+00   6.1385963e-01   2.1016213e-01  -3.5342885e-01  -2.2970782e-01  -6.2355689e-01  -1.7266010e+00  -1.4038594e+00  -1.5773660e+00  -1.4543912e+00  -1.3049406e+00  -2.2015185e+00  -1.7729336e+00  -1.9630442e+00  -1.9853133e+00  -1.7259923e+00
   1.6819541e+00   3.9660580e-01  -3.6960402e-01  -5.3299194e-01  -6.6260495e-01  -1.0185035e+00  -1.4918592e+00  -1.6049491e+00  -1.7939739e+00  -1.3683911e+00  -1.2495599e+00  -2.0981485e+00  -1.8662308e+00  -2.3027564e+00  -1.7867350e+00  -1.8346340e+00
   2.0400198e+00   5.9546317e-01  -8.1253311e-02  -1.3876158e-01  -7.5866914e-01  -8.0356282e-01  -1.7721437e+00  -1.3799172e+00  -1.6202366e+00  -1.4096157e+00  -1.4878426e+00  -1.9011132e+00  -1.6004979e+00  -2.1324297e+00  -2.0726654e+00  -1.9074738e+00
   1.3204035e+00   3.4837574e-01  -3.3929457e-02  -5.8975355e-01  -3.3942141e-01  -8.9916203e-01  -1.6783603e+00  -1.3268052e+00  -1.9456149e+00  -1.5341933e+00  -1.5954080e+00  -2.4228763e+00  -1.8499919e+00  -1.8904968e+00  -1.9328325e+00  -1.7736156e+00
   1.6130689e+00   6.8361880e-01   6.0030789e-01  -9.6379204e-02  -4.8030422e-01  -8.9198607e-01  -1.8227457e+00  -1.3140919e+00  -1.6360883e+00  -1.5316649e+00  -1.4516440e+00  -2.2587898e+00  -1.9183277e+00  -1.9747346e+00  -2.1318870e+00  -2.0007389e+00
   1.5298508e+00   5.5921597e-01  -2.3669247e-01   1.5330923e-01  -7.0128186e-01  -1.2512499e+00  -1.4450012e+00  -1.4536075e+00  -1.5509799e+00  -1.4610933e+00  -1.4078391e+00  -2.1158808e+00  -1.6870112e+00  -1.7674307e+00  -2.0119642e+00  -1.8190152e+00
   1.0579696e+00   2.9339424e-01  -5.2625756e-02   2.9276179e-01  -8.2687485e-01  -1.1393709e+00  -1.9258013e+00  -1.4843104e+00  -1.6830388e+00  -1.4982221e+00  -1.5176315e+00  -2.1408031e+00  -1.7026489e+00  -2.1691549e+00  -2.4476161e+00  -1.8702325e+00
   2.5289093e+00   1.3248413e+00   3.6429856e-01   2.9501967e-01  -3.5935434e-01  -1.1668132e+00  -1.5645645e+00  -1.7002878e+00  -1.6707495e+00  -1.6150870e+00  -1.5420065e+00  -2.0448015e+00  -1.6333925e+00  -2.0770124e+00  -2.1349649e+00  -1.8747297e+00
   2.2359718e+00   4.9375745e-01   2.7511932e-01   6.2405659e-01  -4.2802042e-01  -1.2697128e+00  -1.3211691e+00  -1.5071171e+00  -1.7313761e+00  -1.6721134e+00  -1.4145154e+00  -2.5154461e+00  -2.1166713e+00  -2.0587966e+00  -1.9510819e+00  -1.7188948e+00
   2.3862908e+00   1.1794693e+00   3.9432619e-02   3.8622491e-01   2.5898336e-01  -5.4003668e-01  -1.4821380e+00  -1.4173054e+00  -1.8688969e+00  -1.6999448e+00  -1.5100832e+00  -2.0352485e+00  -1.7952777e+00  -1.9683547e+00  -2.0050532e+00  -1.7413702e+00
   1.8474062e+00   8.2457445e-01   2.7622643e-01   4.6354838e-01   9.1847381e-02  -7.0775967e-01  -9.9772939e-01  -1.2943454e+00  -1.3705947e+00  -1.3551582e+00  -1.2759339e+00  -1.5500438e+00  -1.5154361e+00  -1.5706135e+00  -1.5806938e+00  -1.5565117e+00
   2.1071637e+00   4.8875055e-01   1.9736671e-01   4.5590343e-01  -4.8717279e-01  -1.2622509e+00  -1.2624526e+00  -1.2276787e+00  -1.4868648e+00  -1.8720787e+00  -1.6219105e+00  -1.9152166e+00  -1.6683434e+00  -1.7065479e+00  -1.9133872e+00  -1.7850743e+00
   1.8035927e+00   8.6736957e-01   3.6788900e-01   6.0334604e-01  -4.3023185e-01  -9.9042334e-01  -1.2621399e+00  -1.0463218e+00  -1.7047929e+00  -1.6515465e+00  -1.3742219e+00  -2.6258611e+00  -1.8397595e+00  -1.9324582e+00  -1.9955578e+00  -1.7788093e+00
   1.5322479e+00   8.3324396e-01   3.9816918e-01   3.1485594e-01  -4.6837760e-01  -6.5894910e-01  -1.4758029e+00  -1.4211020e+00  -1.5215452e+00  -1.3857234e+00  -1.4052347e+00  -1.7961223e+00  -1.6004141e+00  -1.6606877e+00  -1.6734578e+00  -1.6466734e+00
   1.8863600e+00   1.1744120e+00  -1.3293630e-01   5.8796482e-01  -3.7632845e-01  -9.6112918e-01  -1.5491588e+00  -1.8122195e+00  -1.4757892e+00  -1.4962779e+00  -1.4130683e+00  -1.9557959e+00  -1.7645088e+00  -2.0279862e+00  -1.8451148e+00  -1.7679495e+00
   2.3566063e+00   7.4510098e-01   2.7748137e-01   1.8190694e-01  -3.4305030e-01  -1.6258162e+00  -2.0631715e+00  -1.4640555e+00  -1.6656361e+00  -1.5152975e+00  -1.6020697e+00  -2.1131915e+00  -1.8938425e+00  -2.1491049e+00  -2.2300048e+00  -1.8636516e+00
   1.9541601e+00   6.6327063e-01   5.4679887e-01   5.2286780e-01  -3.8304752e-01  -1.0196108e+00  -1.1990968e+00  -1.1040353e+00  -9.8788769e-01  -1.0560556e+00  -1.3401730e+00  -1.5225089e+00  -1.3910347e+00  -1.4523887e+00  -1.5814744e+00  -1.4202946e+00
   2.1258438e+00   8.9693854e-01   4.2242225e-01   4.0478650e-01  -9.1645743e-02  -1.1006822e+00  -1.6084188e+00  -1.5328888e+00  -1.4344869e+00  -1.6654705e+00  -1.7054578e+00  -2.1150558e+00  -1.7216296e+00  -1.8453490e+00  -2.2188144e+00  -1.9294135e+00
   1.9266582e+00   1.5373969e+00   7.0840847e-01   7.1842959e-01   1.1584222e-03  -6.9438336e-01  -9.9872140e-01  -8.0437600e-01  -1.1496914e+00  -1.2860607e+00  -1.2428017e+00  -2.0247269e+00  -1.7354316e+00  -1.7657015e+00  -1.8647779e+00  -1.6522994e+00
   2.3195997e+00   1.3680224e+00   5.2560722e-01   3.9136072e-01  -3.5167628e-02  -9.6239256e-01  -1.3148884e+00  -1.4930599e+00  -1.4962468e+00  -1.4168530e+00  -1.2161240e+00  -1.7933813e+00  -1.7278762e+00  -1.8589309e+00  -1.8933327e+00  -1.6441430e+00
   1.2029100e+00   1.0204834e+00   6.1973983e-01   2.7714829e-01  -8.6054319e-02  -1.4343017e+00  -1.9946532e+00  -1.2439272e+00  -1.4304817e+00  -1.3995795e+00  -1.2214114e+00  -2.1817098e+00  -1.8586322e+00  -2.1425719e+00  -2.0086368e+00  -1.8981746e+00
   1.6888653e+00   9.9855488e-01  -1.6325616e-01   1.7487145e-01  -4.8476513e-01  -1.3243817e+00  -1.7523138e+00  -1.5354613e+00  -1.7022626e+00  -1.6518554e+00  -1.4229694e+00  -2.0815609e+00  -1.9567904e+00  -1.8280378e+00  -1.7456874e+00  -1.9997751e+00
   1.7678133e+00   9.9553038e-01   7.5372060e-02   4.4538597e-01  -4.7263193e-01  -1.0440597e+00  -1.4371489e+00  -1.4092665e+00  -1.4739746e+00  -1.4539164e+00  -1.5308689e+00  -2.3285828e+00  -2.0342401e+00  -2.0370774e+00  -1.9328190e+00  -1.7268193e+00
   1.5130322e+00   8.3245574e-01   2.5827595e-01   2.4773312e-01  -5.7144056e-01  -1.1935333e+00  -1.4748280e+00  -1.2346964e+00  -1.4810309e+00  -1.6393863e+00  -1.3813869e+00  -1.9457120e+00  -1.5538801e+00  -1.5602609e+00  -1.6761141e+00  -1.6040359e+00
   1.9502441e+00   1.0320699e+00   1.4647905e-01   1.8479299e-01  -3.0050040e-01  -1.5239482e+00  -1.7630006e+00  -1.0557202e+00  -1.6735039e+00  -1.6963485e+00  -1.3756620e+00  -1.9393988e+00  -1.5379652e+00  -1.5001637e+00  -1.4786373e+00  -1.6779676e+00
   2.1841785e+00   1.2138534e+00  -3.9770628e-01   5.4356694e-01   6.4218424e-02  -7.4159559e-01  -1.3993596e+00  -1.2207928e+00  -1.6155965e+00  -1.8198428e+00  -1.5326530e+00  -1.9585911e+00  -1.3266686e+00  -1.2713311e+00  -1.2663309e+00  -1.0176374e+00
   1.6516145e+00   1.0159401e+00   5.3906131e-01   3.0645018e-01  -1.5815003e-02  -9.7646930e-01  -1.3886478e+00  -1.3165895e+00  -1.4667590e+00  -1.2926374e+00  -1.1903522e+00  -1.5745604e+00  -1.2021902e+00  -6.4554608e-01  -8.5329915e-01  -7.6402212e-01
   2.3876563e+00   1.0110659e+00   4.3025360e-01   9.9844103e-02  -1.4167385e-01  -1.1732919e+00  -1.4740943e+00  -1.6022058e+00  -1.6909382e+00  -1.3882470e+00  -1.2670436e+00  -1.6381330e+00  -1.2095829e+00  -7.1610592e-01  -8.8471275e-01  -7.9854918e-01
   2.4507686e+00   1.6918201e+00   2.0382413e-01   4.2738062e-01  -8.5771560e-02  -5.2395556e-01  -1.1946934e+00  -1.2929992e+00  -1.2164773e+00  -1.3722340e+00  -1.2599557e+00  -1.3990200e+00  -9.2070445e-01  -6.2076422e-01  -1.0445736e+00  -6.9471121e-01
   2.2523417e+00   1.5384633e+00   6.1920935e-01   7.8514007e-01   1.9156997e-01  -7.1307270e-01  -1.0054603e+00  -1.2219612e+00  -8.3451975e-01  -8.6627193e-01  -4.9870345e-01  -7.6120881e-01  -1.0526466e+00  -1.8070326e-01  -7.1643881e-01  -9.7864143e-01
   2.5053528e+00   2.5536908e+00   1.3848624e+00   9.2572512e-01   1.7966298e-01  -3.2710003e-01  -7.2389662e-01  -6.0226212e-01  -9.3934074e-01  -7.9687892e-01  -2.5703961e-01  -4.8764087e-02  -5.4668335e-01   2.0886915e-02  -4.7076664e-01  -7.8480361e-01
   2.1668564e+00   2.6889230e+00   1.7853098e+00   1.0090292e+00   4.6130177e-03  -4.2327037e-01  -1.0941347e+00  -7.6323739e-01  -7.4005243e-01  -6.4190065e-01   1.8495645e-01   7.7712896e-01   6.7413398e-02  -2.3836967e-01  -3.5279934e-01  -4.9216428e-01
   2.0170111e+00   2.7327821e+00   1.7850589e+00   1.1640046e+00  -2.9889115e-01  -3.0872551e-01  -1.0985276e+00  -9.3686114e-01  -7.4177544e-01  -7.7136890e-01   6.7795739e-02   6.0096192e-01   2.9814039e-01   2.8449608e-01   9.1602198e-02  -2.5477887e-01
   2.2963462e+00   2.6933260e+00   2.0416602e+00   1.4058083e+00  -5.4401556e-01  -9.3445393e-01  -1.8049227e+00  -1.2576676e+00  -9.1275538e-01  -9.3235433e-01  -7.2873298e-02   7.1296161e-01   7.9102226e-01   7.1417542e-01   3.3864598e-01   1.1050005e-01
   2.0045670e+00   2.4629845e+00   2.0286090e+00   1.3173202e+00  -6.7622096e-01  -9.9871928e-01  -1.0014427e+00  -1.2664072e+00  -1.1979054e+00  -1.0815035e+00  -2.0874551e-01   7.1992838e-01   9.7595200e-01   9.0099586e-01   5.3737950e-01   9.3257299e-02
   2.3984804e+00   2.6391442e+00   1.7284177e+00   1.0171299e+00   3.2561358e-02  -6.4872077e-01  -1.2573157e+00  -1.1030866e+00  -9.6114280e-01  -8.8522221e-01  -1.6255824e-01   5.7488381e-01   1.0352868e+00   1.1692765e+00   7.0124703e-01   1.0393463e-01
   2.4273463e+00   2.5028497e+00   1.5568854e+00   6.1666081e-01  -3.1818085e-01  -5.7579214e-01  -9.6613186e-01  -1.0589827e+00  -9.3489874e-01  -9.9755137e-01  -4.0719193e-01   4.8236316e-01   1.3195778e+00   1.2026523e+00   8.3401097e-01   1.9354781e-01
   2.2335740e+00   2.5380086e+00   1.4650688e+00   9.4188945e-01  -1.9612707e-02  -6.2831282e-01  -1.1966649e+00  -1.1809780e+00  -1.1915358e+00  -1.3552063e+00  -3.5164540e-01   5.1334360e-01   1.1249751e+00   1.2385241e+00   7.3960421e-01   6.3456330e-02
   2.3822299e+00   2.4615884e+00   1.0196773e+00   9.2440029e-01   2.5529562e-02  -1.1428404e+00  -1.5146272e+00  -9.9012353e-01  -1.0164681e+00  -1.3764689e+00  -6.5414809e-01   2.2467786e-01   8.5593212e-01   1.0079958e+00   5.9960011e-01   4.9066419e-02
   2.3704242e+00   2.3479011e+00   1.7761954e+00   9.5515277e-01  -2.9367718e-01  -7.3962209e-01  -1.5865419e+00  -1.3762742e+00  -1.5135976e+00  -1.4877841e+00  -8.2627442e-01   1.4684341e-01   7.9985530e-01   9.9312861e-01   3.3996802e-01  -1.3706864e-02
   2.1238601e+00   1.6609682e+00   1.6286999e+00   1.0767679e+00   2.1040999e-01  -5.7207193e-01  -1.3510679e+00  -1.5239228e+00  -1.3372187e+00  -1.3700734e+00  -9.0071283e-01   6.4531411e-03   5.3220621e-01   8.6599949e-01   3.0170233e-01  -1.1096713e-01
   2.3023599e+00   1.6645109e+00   1.5260888e+00   6.8664068e-01  -4.1296616e-02  -5.9531854e-01  -1.0419703e+00  -1.3965410e+00  -1.0132198e+00  -1.0941862e+00  -1.0053781e+00  -4.2737736e-01   1.3910076e-01   3.9008704e-01  -1.6530072e-01  -3.5751020e-01
   2.4394855e+00   1.5903383e+00   1.2819978e+00  -5.7921193e-03  -1.4881750e-01  -3.1748308e-01  -1.3644004e+00  -1.5121948e+00  -1.4356766e+00  -1.8888101e+00  -1.5090047e+00  -8.4767254e-01  -3.6492681e-01   7.3609445e-02  -6.4458440e-01  -5.7522349e-01
   1.6651812e+00   1.5689458e+00   1.2590032e+00  -2.6269917e-01  -3.6168451e-01  -6.4505688e-01  -1.5884836e+00  -1.2966043e+00  -1.5135427e+00  -1.3454839e+00  -1.4143684e+00  -1.1769664e+00  -8.3430718e-01  -4.0239053e-01  -1.3192177e+00  -1.0067159e+00
   1.2702578e+00   1.0090211e+00   6.5352848e-01  -2.4560841e-01  -4.0814674e-01  -9.9212278e-01  -1.5232108e+00  -1.5328810e+00  -1.3589637e+00  -1.8487479e+00  -1.4274553e+00  -1.6241833e+00  -1.1044638e+00  -9.2854183e-01  -1.7606733e+00  -1.4098626e+00
   1.6378986e+00   1.0211168e+00   5.9476734e-01   3.5056601e-01  -4.1215321e-01  -7.0394906e-01  -1.0237098e+00  -9.0790737e-01  -1.0078056e+00  -1.4806253e+00  -1.2599079e+00  -1.5351192e+00  -1.0642052e+00  -6.7279423e-01  -1.3010858e+00  -7.5016618e-01
   1.5216056e+00   1.6639784e+00   7.0989157e-01  -7.7830809e-02  -4.3697764e-01  -7.4012423e-01  -1.4128238e+00  -1.2861782e+00  -1.3804850e+00  -1.2062474e+00  -1.1388074e+00  -1.2747762e+00  -6.1890393e-01  -8.5848806e-02  -8.8022916e-01  -4.4747448e-01
   2.2015880e+00   1.7474892e+00   4.9027129e-01   1.7817051e-01  -5.4571818e-01  -1.1152830e+00  -1.5537051e+00  -1.7317854e+00  -1.7004572e+00  -1.4831061e+00  -1.6490258e+00  -1.6484670e+00  -1.5820227e+00  -1.1469270e+00  -1.5041776e+00  -8.9960148e-01
   2.5160128e+00   1.5093393e+00   4.3676513e-01   4.3951527e-01  -3.0151433e-01  -9.5831222e-01  -1.3891897e+00  -1.0080693e+00  -1.5215083e+00  -1.5657484e+00  -1.5686853e+00  -1.9744433e+00  -1.6779453e+00  -1.4492361e+00  -1.8526836e+00  -1.4754045e+00
   2.2226865e+00   8.6650107e-01   1.4811243e-01  -3.0947418e-02  -2.6635087e-02  -6.3472619e-01  -1.1641383e+00  -1.2146179e+00  -1.4909587e+00  -1.5241378e+00  -1.4010029e+00  -1.5542549e+00  -1.4197300e+00  -1.2121140e+00  -1.3951530e+00  -1.5004043e+00
   1.6830106e+00   1.2342656e+00   5.5060936e-01   3.3457055e-01  -4.6414058e-01  -9.8026658e-01  -1.5856144e+00  -1.5795457e+00  -1.5487041e+00  -1.5129476e+00  -1.3565527e+00  -1.6532014e+00  -1.4686508e+00  -1.4018364e+00  -1.6327883e+00  -1.5850622e+00
   1.9279896e+00   1.0321959e+00   6.1518370e-01   5.5689437e-01  -5.2759384e-01  -1.3567385e+00  -1.3546215e+00  -1.8745265e+00  -1.7036352e+00  -1.7121410e+00  -1.6590796e+00  -1.8296636e+00  -1.7294464e+00  -1.6021770e+00  -2.1039086e+00  -1.9060121e+00
   1.2598614e+00   8.8467390e-01   3.1119182e-01   4.9766576e-01  -1.8407345e-01  -9.3476656e-01  -1.1516222e+00  -1.3598782e+00  -1.3887958e+00  -1.3350203e+00  -1.2605163e+00  -1.6220960e+00  -1.5113668e+00  -1.4665638e+00  -1.4590877e+00  -1.4708378e+00
   2.0614307e+00   5.8129122e-01   2.6908271e-01   4.2015575e-01   9.5925220e-02  -9.6157118e-01  -1.5076139e+00  -1.4883612e+00  -1.4619556e+00  -1.5535376e+00  -1.5229780e+00  -1.9463521e+00  -1.7071476e+00  -1.6715596e+00  -1.7436075e+00  -1.9227693e+00
   2.4730553e+00   1.0936268e+00   2.4683939e-01   4.1013877e-01  -3.2238554e-01  -1.2931476e+00  -1.2467620e+00  -1.3677681e+00  -1.5424054e+00  -1.4270443e+00  -1.2324449e+00  -1.7833349e+00  -1.5964096e+00  -1.7331920e+00  -2.3340858e+00  -2.1281409e+00
   1.6854885e+00   1.0105073e+00   8.8583659e-02   4.6853481e-01  -1.9920491e-01  -8.1233305e-01  -1.2877265e+00  -1.3909707e+00  -1.7183113e+00  -1.5670821e+00  -1.3547537e+00  -1.6678193e+00  -1.7185016e+00  -1.7365850e+00  -1.8402837e+00  -1.5964316e+00
   2.1792225e+00   6.0834944e-01   4.5030101e-01   1.8176851e-01  -4.9635804e-01  -1.0553875e+00  -1.7195205e+00  -1.5736495e+00  -1.8041329e+00  -1.7792170e+00  -1.7641957e+00  -2.3266207e+00  -1.8586564e+00  -1.8799905e+00  -2.0656253e+00  -1.8088883e+00
   1.4547988e+00   5.4133192e-01   1.5858563e-01   3.4900116e-02  -3.9473120e-01  -6.8479948e-01  -1.6055838e+00  -1.7264537e+00  -1.7899271e+00  -1.7265427e+00  -1.6013026e+00  -2.1881428e+00  -1.8710936e+00  -2.0968771e+00  -2.1251925e+00  -1.8499789e+00
   2.2685199e+00   1.2004686e-01   7.5300198e-02   5.9682663e-01  -4.6317986e-01  -1.1320080e+00  -1.6348634e+00  -1.6069579e+00  -1.3249698e+00  -1.3923499e+00  -1.5066871e+00  -2.0067208e+00  -1.7914890e+00  -2.2800901e+00  -2.1825530e+00  -1.8597010e+00
   2.0643570e+00   4.2902930e-01   3.5764728e-01   4.4253513e-01  -4.2532320e-01  -5.5621501e-01  -1.5288135e+00  -1.6620000e+00  -1.5315227e+00  -1.4363988e+00  -1.3734093e+00  -1.8350327e+00  -1.7909355e+00  -1.8644584e+00  -1.8775891e+00  -1.7083553e+00
   2.4695744e+00   9.0561782e-01   5.6646541e-01   1.2960770e-01  -4.0572379e-01  -6.9409267e-01  -1.5198714e+00  -1.3740416e+00  -1.6483953e+00  -1.5525430e+00  -1.5969249e+00  -1.9843658e+00  -1.9426864e+00  -2.0803670e+00  -2.1710939e+00  -1.9735022e+00
   1.7636914e+00   4.0546859e-01   2.6382925e-01  -5.2387552e-02  -1.6556007e-01  -5.5421505e-01  -1.2981820e+00  -1.5325623e+00  -1.6764467e+00  -1.7616279e+00  -1.6858867e+00  -1.8497725e+00  -2.0782278e+00  -2.2931638e+00  -2.2440678e+00  -2.0802423e+00
   1.7152760e+00   7.0630366e-01   1.6033099e-01   2.2529562e-02  -1.4770491e-01  -1.0238760e+00  -1.7525295e+00  -1.5213427e+00  -1.5441923e+00  -1.6726553e+00  -1.4539853e+00  -2.1703348e+00  -2.1128427e+00  -2.0344810e+00  -2.0937738e+00  -1.9004669e+00
   1.4007501e+00   1.1545344e-01   5.3421176e-01   7.5881044e-02  -7.4970554e-01  -1.3160417e+00  -2.1198852e+00  -1.7616622e+00  -1.8891955e+00  -1.4608484e+00  -1.4936715e+00  -2.2346792e+00  -1.9943639e+00  -2.1558235e+00  -2.3509637e+00  -1.9662626e+00
   1.2652994e+00   1.8939771e-01   4.4555743e-01   4.0739202e-01  -4.8372466e-02  -1.1049549e+00  -1.4891274e+00  -1.0779017e+00  -1.4733766e+00  -1.3406074e+00  -1.3196862e+00  -1.9066152e+00  -1.8744897e+00  -1.8595901e+00  -1.9793950e+00  -1.8188298e+00
   2.0295660e+00   6.5892916e-01   3.2660070e-02  -3.6034393e-01  -3.4039631e-01  -8.4926942e-01  -1.4034461e+00  -1.4348944e+00  -1.6539128e+00  -1.4351461e+00  -1.4277276e+00  -1.7415575e+00  -1.8483794e+00  -1.8175691e+00  -1.8657021e+00  -1.6804662e+00
   2.0477393e+00   5.1419256e-01   3.9292066e-01   7.0736251e-01  -1.2183834e-02  -5.9843008e-01  -1.2417000e+00  -1.3619498e+00  -1.7084798e+00  -1.5277262e+00  -1.5505799e+00  -2.2570271e+00  -1.9527410e+00  -1.9970702e+00  -2.1697041e+00  -2.2762932e+00
   2.3069622e+00   1.1318025e+00  -2.3605105e-01  -3.6275491e-01  -4.4147698e-01  -4.8663690e-01  -1.2940154e+00  -1.2356674e+00  -1.4910302e+00  -1.6843259e+00  -1.5547762e+00  -1.8733531e+00  -1.6452949e+00  -1.9160089e+00  -2.0817849e+00  -1.7201924e+00
   1.8216675e+00   7.1741951e-01   1.2470511e-01   2.0727662e-01  -5.8911395e-01  -1.0204954e+00  -1.3541287e+00  -1.7405323e+00  -1.7128183e+00  -1.8816548e+00  -1.4897049e+00  -1.8132174e+00  -1.8036046e+00  -2.0665989e+00  -2.3083934e+00  -1.7947912e+00
   1.6526568e+00   2.8667689e-01   8.1275260e-02  -1.2339589e-01  -6.5373600e-01  -9.5801168e-01  -1.5752989e+00  -1.4286799e+00  -1.2706649e+00  -1.5752319e+00  -1.6853905e+00  -2.0555694e+00  -1.7293516e+00  -1.7740330e+00  -1.8560980e+00  -1.8909068e+00
   1.6375319e+00   1.0157273e+00   4.5943385e-02   2.3600490e-01  -5.1112129e-01  -1.0075021e+00  -1.6835270e+00  -1.5611166e+00  -1.2703316e+00  -1.3213593e+00  -1.6341934e+00  -2.0610981e+00  -1.9822557e+00  -1.8634638e+00  -1.7684548e+00  -1.7951884e+00
   1.8301806e+00   8.1666889e-01   4.0400973e-01  -2.2513545e-02  -3.8795249e-01  -8.7111901e-01  -1.2238409e+00  -1.3525502e+00  -1.1810573e+00  -1.2906628e+00  -1.6648022e+00  -2.0744931e+00  -1.6114088e+00  -1.7726314e+00  -1.9201515e+00  -1.7358924e+00
   1.9233629e+00   6.2458727e-01   3.0664529e-01   2.6750780e-01  -4.5983887e-01  -4.9939420e-01  -1.4284924e+00  -1.4033348e+00  -1.5295898e+00  -1.6143217e+00  -1.6333799e+00  -2.2264492e+00  -2.0288978e+00  -1.8859922e+00  -2.1722062e+00  -1.9417609e+00
   1.3143755e+00   4.2107309e-01   1.1203534e-01   7.0636823e-01   8.0872081e-02  -6.2900527e-01  -1.5628398e+00  -1.6164858e+00  -1.5119964e+00  -1.5205595e+00  -1.2925472e+00  -1.6617480e+00  -1.5750787e+00  -1.6971039e+00  -1.9769764e+00  -1.8062203e+00
   1.4450855e+00   5.6475947e-01   3.5697889e-01   8.4959267e-01   3.8502055e-01  -7.2752132e-01  -1.4028902e+00  -1.5483854e+00  -1.7924985e+00  -1.6518192e+00  -1.4317839e+00  -2.1833961e+00  -1.8904162e+00  -1.8629906e+00  -2.0965216e+00  -1.8865938e+00
   1.5779523e+00   2.2533309e-01   3.1167460e-01   7.9596048e-01  -1.6251220e-01  -9.4489846e-01  -1.3659733e+00  -1.5576024e+00  -1.7518087e+00  -1.2963560e+00  -1.3716144e+00  -1.9440574e+00  -1.8297387e+00  -2.0904485e+00  -2.0574815e+00  -2.0889689e+00
