   2.5188339e+00   2.2456645e+00   1.2086944e+00   6.3817715e-01   6.8672934e-01   1.0011453e+00   6.0773585e-01   1.8670331e-01   8.4361572e-02   1.9735453e-01  -8.3342410e-02  -9.6075178e-01  -1.1744952e+00  -1.1131443e+00  -1.2185692e+00  -1.3935245e+00
   3.0700911e+00   2.2017568e+00   4.9043005e-01   9.7142057e-01   7.2902565e-02   1.3496804e-01   4.7838606e-01   3.2411849e-01   3.4777322e-01   4.6761488e-01   2.3841841e-01  -4.7241227e-01  -8.7849665e-01  -6.8851597e-01  -7.6323073e-01  -9.2896164e-01
   2.7504041e+00   2.3820109e+00   1.1875973e+00   9.6630088e-01   5.3822074e-01   6.2698364e-01   2.5921653e-01   3.2500494e-01   4.2830130e-01   1.6976774e-01   1.7896680e-01  -5.0547735e-01  -8.0200011e-01  -9.0256643e-01  -9.6517545e-01  -1.2672131e+00
   2.5710650e+00   1.9552090e+00   1.4087126e+00   1.0264946e+00   6.0990642e-01   7.5822277e-01   1.4674983e-01  -1.8756913e-01  -6.2216748e-02  -7.5415686e-02   2.4805708e-01  -2.5997007e-01  -8.6880291e-01  -1.0268825e+00  -9.7056368e-01  -1.0176566e+00
   2.3238228e+00   1.8516036e+00   6.9220537e-01   8.5320380e-01   4.7897375e-01   6.2622088e-01   3.5337288e-01   2.1829563e-01   2.4288442e-01   3.3377950e-01  -1.1038601e-01  -9.7850764e-01  -1.0280723e+00  -1.3443079e+00  -1.4006876e+00  -1.4962336e+00
   2.5251249e+00   2.2448040e+00   1.0919357e+00   1.3125478e+00   7.5163314e-01   8.1203873e-01   4.2057056e-01  -1.6457421e-02  -2.5597285e-01  -1.4305627e-01  -2.6243835e-01  -7.4788103e-01  -9.9384145e-01  -1.2566872e+00  -1.3608618e+00  -1.3410933e+00
   2.8906553e+00   2.3659998e+00   1.3910919e+00   9.7599678e-01   6.0011674e-01   1.1490109e+00   7.7098420e-01   4.4377107e-01   1.9712596e-01   1.7691313e-02   5.0486117e-03  -5.1816462e-01  -1.0166583e+00  -1.1700479e+00  -1.3600350e+00  -1.4153703e+00
   2.8328813e+00   2.0150227e+00   7.7816670e-01   5.2461607e-01   3.6033386e-01   9.8069075e-01   9.0292973e-01   2.2891769e-01   2.8053450e-01   1.4072647e-01  -1.7436959e-01  -7.1308312e-01  -1.1849136e+00  -1.0728086e+00  -1.0343639e+00  -1.2073421e+00
   2.0970732e+00   2.0368414e+00   1.2215420e+00   1.0069757e+00   9.1898120e-01   9.7638517e-01   5.0417368e-01   3.8272159e-01   1.3445479e-01   8.1626825e-02  -1.6485066e-01  -6.8779284e-01  -1.2132828e+00  -1.1449812e+00  -1.1308390e+00  -1.3521877e+00
   2.1515891e+00   2.1632458e+00   7.5596288e-01   7.0571027e-01   7.6872063e-01   4.6708213e-01   2.4434821e-01   1.3055865e-01  -2.5952283e-02  -1.2223307e-01   8.1386200e-02  -6.6823739e-01  -1.3714166e+00  -1.7697883e+00  -1.4409566e+00  -1.3806993e+00
   2.6090403e+00   1.8511490e+00   7.5574054e-01   5.2923871e-01   5.3719493e-01   7.0340291e-01   4.8905472e-02  -1.3325142e-01  -2.7367167e-01  -4.8384316e-01  -2.5543618e-01  -6.1875946e-01  -1.2827675e+00  -1.3122325e+00  -1.4557921e+00  -1.5521105e+00
   2.5264544e+00   1.8303590e+00   7.0967152e-01   8.5368363e-01   9.5779696e-01   1.2250732e+00   4.4535123e-01   2.6798521e-01  -7.7009550e-02  -1.1764090e-01  -1.8327725e-01  -5.1234328e-01  -8.9048598e-01  -1.0426025e+00  -1.0016070e+00  -9.9891908e-01
   2.6233212e+00   1.6507620e+00   1.6419199e+00   1.0954317e+00   6.6230134e-01   1.4198840e+00   5.5098375e-01  -4.0631680e-02   3.0203749e-01   2.8911613e-01  -1.6063856e-01  -5.5333836e-01  -9.9805059e-01  -1.1473885e+00  -1.0905888e+00  -1.1390172e+00
   2.4266230e+00   1.9680247e+00   1.5459425e+00   4.3966687e-01   7.6769927e-01   1.3485986e+00   4.5134590e-01   6.3134577e-01   3.9505813e-01   1.2308392e-01  -1.7696988e-01  -5.2487734e-01  -7.7281768e-01  -1.0885736e+00  -1.0615720e+00  -1.1601835e+00
   2.5506211e+00   2.1204847e+00   1.2581744e+00   7.9053518e-01   4.7963205e-01   8.0027949e-01   4.8690292e-01   4.1814247e-01   1.4183026e-01  -2.6256261e-01  -9.4391492e-02  -4.4704282e-01  -7.4985076e-01  -1.1451115e+00  -1.1128399e+00  -1.3655115e+00
   2.5760210e+00   2.0919656e+00   1.1697046e+00   1.4291861e+00   7.7968676e-01   6.4037534e-01   1.7873024e-01   3.2267996e-03   1.1265596e-01   4.7749241e-02   9.1064335e-02  -5.2755109e-01  -1.0002957e+00  -8.5868354e-01  -1.1368732e+00  -9.0405543e-01
   3.0052169e+00   2.3188357e+00   1.3022370e+00   8.3240987e-01   8.1007237e-01   4.6863806e-01   2.1690358e-01   4.2201952e-01   6.4494379e-01   2.4091785e-01   1.0365162e-01  -4.4334825e-01  -7.9415333e-01  -8.6839318e-01  -1.0435902e+00  -1.0185288e+00
   2.7607781e+00   1.5193849e+00   1.3208905e+00   1.1754003e+00   2.9777133e-01   9.3289070e-01   6.2215015e-01  -9.3255333e-02   3.9825138e-01  -2.2564384e-01  -8.1628842e-02  -4.2387674e-01  -1.2803761e+00  -9.3332310e-01  -7.7140275e-01  -7.9130295e-01
   2.6312209e+00   1.6697054e+00   8.7135629e-01   8.6822881e-01   3.9516651e-01   9.2159210e-01   7.4610470e-01   5.1709463e-01   6.6534451e-01   2.7736962e-01  -3.7678363e-01  -9.2117029e-01  -1.2669626e+00  -9.7522106e-01  -8.6469687e-01  -7.8573395e-01
   2.8717898e+00   2.2528647e+00   1.2407674e-01   5.3281739e-02   4.1243817e-02   5.6616453e-01   8.1020684e-01   4.4233188e-01   5.5597192e-01   4.3138696e-01  -1.0052532e-01  -6.8161496e-01  -1.3420663e+00  -1.3863288e+00  -8.8119730e-01  -9.5707935e-01
   2.6570171e+00   2.0665828e+00   1.0210979e+00   7.9985712e-01   4.2340390e-01   9.3432125e-01   6.8483209e-01   6.1686833e-01   5.5051806e-01   3.6280138e-01  -3.4115649e-01  -5.9993655e-01  -6.9788401e-01  -8.1526817e-01  -8.1643373e-01  -7.8129960e-01
   2.9877337e+00   2.2930994e+00   5.8199043e-01   9.2155813e-01   4.6672357e-01   1.0388247e+00   3.3205273e-01   3.4047156e-01   3.7999132e-01  -7.4651158e-03  -1.7963633e-01  -6.0612189e-01  -1.1177381e+00  -1.0511230e+00  -1.0211661e+00  -8.1859932e-01
   2.5948979e+00   1.7992850e+00   8.7515829e-01   1.1432448e+00   9.6931307e-01   9.7982038e-01   3.6657202e-01   2.8376638e-01   1.8910153e-01   1.4007979e-01   3.4607206e-02  -4.6490385e-01  -9.9280403e-01  -1.0484018e+00  -8.9960024e-01  -7.6799587e-01
   2.0056323e+00   1.3993380e+00   5.6744879e-01   9.3609691e-01   7.9304646e-01   6.2861446e-01   3.6150988e-01   1.1014015e-01   2.9835285e-01   1.9896594e-01  -2.1389261e-01  -4.5809605e-01  -9.9145977e-01  -1.2210164e+00  -9.8303096e-01  -7.6006444e-01
   2.4658204e+00   2.1343555e+00   7.2502590e-01   7.3283942e-01   1.0684395e+00   9.9996256e-01   4.6916664e-01   2.8350244e-01  -1.4906571e-01  -3.1733555e-01  -3.3347026e-01  -5.1705523e-01  -8.6373418e-01  -1.1576902e+00  -1.0400141e+00  -7.1360708e-01
   2.6036356e+00   2.2575259e+00   1.1981921e+00   7.3252446e-01   1.1879775e+00   1.3718686e+00   1.1233892e+00   6.3588914e-01   6.2860799e-02   3.7862362e-01   1.5639603e-01  -4.3950628e-01  -5.8858906e-01  -8.5863380e-01  -8.8124177e-01  -5.0750312e-01
   2.8201013e+00   2.1937130e+00   1.2863652e+00   4.2484771e-01   8.7709890e-01   1.1753863e+00   8.4282112e-01   5.1426105e-01   3.1636534e-01   4.8963675e-01  -2.2392422e-01  -5.9158369e-01  -6.6298609e-01  -1.0671928e+00  -8.1624631e-01  -6.4849349e-01
   2.8547644e+00   1.9543991e+00   9.3542395e-01   2.5679580e-01  -1.1277512e-02   5.4815870e-01   3.9291744e-01   2.5533811e-01   1.1571387e-01   5.8124080e-02   3.2593021e-02  -6.3271386e-01  -9.8050200e-01  -9.3394194e-01  -8.9103434e-01  -8.1017299e-01
   2.8754253e+00   2.0299625e+00   1.1442210e+00  -4.5673289e-02   2.0255771e-01   4.7338484e-01   8.0635273e-02  -2.8920426e-01  -6.2965241e-02   4.0944000e-01   1.5798641e-01  -3.4910722e-01  -7.8971928e-01  -1.0297302e+00  -8.4503978e-01  -1.4514070e+00
   2.6513446e+00   1.7424458e+00   1.4988918e+00   7.3598841e-01   1.4331352e-01  -2.3266847e-01   7.3237416e-03  -1.0457165e-01   3.5257998e-01   2.1239460e-01   4.2355122e-01   4.1455149e-01  -4.5953328e-01  -6.7976612e-01  -6.5255661e-01  -1.2884660e+00
   2.7861475e+00   2.0150579e+00   1.2455349e+00   6.0882602e-01   2.9891928e-01   3.7514834e-01   1.9958282e-01   4.3929848e-02   6.7496223e-02   3.3252456e-02   5.8073089e-01   6.3311713e-01  -2.3701867e-01  -2.6280908e-01  -3.7519754e-01  -1.0718780e+00
   2.4737002e+00   1.4616231e+00   7.7779275e-01   6.7387949e-01   3.8788498e-01   6.7911081e-01   4.8718011e-01   6.2899328e-01   2.8770896e-01   2.9524231e-01   3.5907749e-01   3.7438471e-01  -3.2476504e-01  -1.1846589e-01  -2.0473662e-01  -1.0446362e+00
   2.3516247e+00   2.1627793e+00   1.2524279e+00   8.1018960e-01   9.6376268e-01   6.4085009e-01   1.9732219e-01  -9.8099396e-02  -2.1263062e-01   2.0688540e-02   2.9833327e-01  -4.4217446e-02   2.7947081e-02  -1.1275065e-01  -3.0076645e-01  -1.0888237e+00
   2.6756111e+00   1.7891996e+00   1.3653039e+00   1.1237831e+00   3.3363897e-01   6.0177863e-01   5.9485688e-01   7.0183943e-02  -2.3266388e-01  -5.6994050e-03  -3.4627506e-01  -2.5693361e-01   1.6102669e-01  -1.8324009e-01  -1.3640206e-01  -9.4424492e-01
   2.7440169e+00   1.2087362e+00   9.4940208e-01   1.2077118e+00   5.1541160e-01   6.3493060e-01   5.7428983e-02  -7.0105609e-02  -4.8677728e-01   2.4139016e-02   1.4967453e-01   9.4045777e-02   3.0637759e-01  -6.7230874e-02   1.5498755e-02  -8.7188689e-01
   2.2279730e+00   1.5434223e+00   1.2301025e+00   1.4956053e+00   5.8269758e-01   5.2792740e-01   3.9802842e-01   1.5654543e-01   2.5720486e-01  -2.1582380e-01   1.3629903e-01   3.0377777e-01   3.0360779e-01  -9.9857334e-02  -1.1205226e-01  -1.1941481e+00
   2.5032684e+00   2.0698215e+00   9.7951880e-01   1.0050664e+00   6.3621081e-01   6.5098016e-01   2.2534371e-01   1.8497465e-01   2.2617356e-01  -2.6917176e-01  -2.8695738e-01   1.7545845e-01   2.7752381e-01  -2.6853490e-01   2.0320211e-02  -1.0092402e+00
   2.6817891e+00   1.7879278e+00   9.9010721e-01   1.2921589e+00   7.6136885e-01   5.3440880e-01   2.3764005e-01   3.6728259e-01   3.7423387e-01   1.8048503e-01  -1.1154270e-01   1.7216290e-01   2.8301536e-01  -9.4001400e-02   6.8568184e-03  -9.2851757e-01
   2.8429058e+00   1.6568289e+00   1.0113062e+00   1.0605534e+00   2.4633995e-01   3.3276476e-01   4.2176097e-01   5.4564000e-01   3.2542916e-01   1.5338918e-01  -5.4983443e-01   2.1132275e-01   9.1462655e-02  -1.3177945e-01  -2.1334246e-01  -1.0619351e+00
   2.3681891e+00   1.8865378e+00   5.6354777e-01   9.1752453e-01   5.6192529e-01   8.4107000e-01   4.4138339e-01   1.9711672e-01  -9.6988147e-03  -9.2426909e-02  -5.6858300e-01   1.2720293e-01  -1.5547970e-02  -1.9396807e-01  -2.9446193e-01  -9.2965181e-01
   2.5907300e+00   1.4799185e+00   5.4878616e-01   1.0936707e+00   4.1925316e-01   4.2519524e-01   3.6142281e-01   6.0526411e-02  -2.0065648e-01   3.0844647e-03  -1.6526172e-01   3.8525945e-01  -9.7267960e-02  -4.9159712e-01  -5.9508699e-01  -1.2423861e+00
   2.4857726e+00   1.7555659e+00   9.8487958e-01   4.8022526e-01   3.6858415e-01   4.9651110e-01   2.8631413e-01   1.4353329e-01  -3.3988763e-02  -3.1172133e-01  -1.0920731e-02   3.1595144e-02  -5.2095233e-02  -5.6153145e-01  -6.0953917e-01  -1.2526208e+00
   2.6302091e+00   2.0351442e+00   1.2333385e+00   7.4221451e-01   4.8667434e-01   9.8337104e-01   5.3656421e-01   4.1946677e-02  -7.9901931e-02  -1.2546651e-01  -1.5489351e-01   3.3086135e-01   2.3770484e-01  -1.7961119e-01  -4.0379330e-01  -1.0092003e+00
   2.4564536e+00   2.0790976e+00   1.3786340e+00   1.3572342e+00   1.2584957e+00   1.6209052e+00   1.1911020e+00   4.6913821e-01   5.8062486e-01   4.4628437e-01   2.3167826e-01   5.7721036e-01   5.2493654e-01   1.0159518e-01  -8.1564350e-02  -1.0275080e+00
   2.5238971e+00   2.2153072e+00   1.8037749e+00   1.6994114e+00   1.0853492e+00   9.3667107e-01   9.3413729e-01   7.5815648e-02   6.7068822e-02   4.8752956e-02   6.5244746e-02   2.4165692e-01   6.0000161e-01   1.6054869e-01  -2.1415007e-01  -1.0554169e+00
   2.7328730e+00   2.0252332e+00   6.4844047e-01   5.0521396e-01   6.6873195e-01   6.9467785e-01   9.4703390e-01   9.5288734e-02   1.4909645e-01   7.9637983e-02   3.7442986e-01   4.2077432e-01   4.9698350e-01   2.2603102e-02  -1.4167811e-01  -7.0561027e-01
   2.5706999e+00   1.7142487e+00   9.2297936e-01   1.0946839e-01   4.9415892e-01   8.3824463e-01   6.5424994e-01   2.8441403e-01  -5.0042330e-02   3.6116128e-01   1.5780577e-01   2.2605966e-01   4.4931555e-01  -5.8729598e-02  -2.1021475e-01  -8.2757963e-01
   1.9722759e+00   1.6464251e+00   1.3937019e+00   7.1976608e-01   7.3086334e-01   9.0563111e-01   3.0431595e-01   2.6965792e-01   2.5184974e-01   2.3208904e-01   2.0059156e-01   3.0265056e-01   3.1943820e-01  -2.1633513e-01  -4.5934278e-01  -1.1288903e+00
   2.0739937e+00   1.6076419e+00   1.6126292e+00   1.1629782e+00   4.8303424e-01   1.6114714e-01  -8.2938289e-02   3.2314117e-01   2.9670632e-02  -2.3434885e-01   3.7149743e-02   1.8698504e-01   1.9568950e-01  -3.9911365e-01  -7.3844663e-01  -1.0384397e+00
   2.0293502e+00   1.8965510e+00   1.6765543e+00   1.0100042e+00   7.8743790e-01   5.8091529e-01   6.8563511e-01   2.3963359e-01   2.9451884e-01   3.7598461e-01  -3.9369556e-01  -1.8003154e-01  -2.7367394e-01  -7.8853060e-01  -7.9064437e-01  -1.2945833e+00
   2.1832204e+00   1.7788451e+00   1.4665311e+00   1.0203808e+00   3.0708956e-01   5.4919637e-01   4.3045480e-01  -3.4063970e-03   1.7221296e-01  -3.0219180e-02  -3.0068943e-01  -9.9407174e-02  -3.4162627e-01  -8.9460824e-01  -9.7726867e-01  -1.2625736e+00
   2.0896118e+00   1.5306830e+00   1.1229038e+00   8.7717105e-01   1.0985950e+00   8.0739776e-01   4.9143454e-01   2.1037746e-01  -5.2532161e-02  -4.4985904e-01  -2.6602934e-01  -1.2958007e-01  -3.3853702e-01  -1.0966133e+00  -1.1578683e+00  -1.2319681e+00
   2.0001284e+00   1.6183800e+00   9.1791683e-01   9.0616354e-01   1.0829198e+00   7.1565598e-01   1.3596360e-01   4.1847239e-01   1.2097268e-02   1.6508802e-01   7.3431353e-03   3.7584906e-02  -4.7274954e-01  -1.0746821e+00  -1.1816905e+00  -1.3317141e+00
   2.5236977e+00   1.9305230e+00   1.2812759e+00   1.1032466e+00   1.4021900e+00   1.0070849e+00   8.0607030e-01   6.2565524e-01  -6.5574738e-02   1.4530450e-01   7.6472969e-02  -9.5642406e-02  -6.0235416e-01  -1.2867067e+00  -1.3299982e+00  -1.3632875e+00
   2.2407662e+00   1.6980074e+00   1.3050234e+00   1.0577616e+00   1.5147883e+00   1.7208868e+00   1.1351457e+00   8.2479553e-01   2.1092791e-01   4.1304236e-02  -1.0514420e-01  -3.1756938e-01  -6.0073413e-01  -1.0945706e+00  -1.3085997e+00  -1.4214815e+00
   2.6570608e+00   2.2094024e+00   1.3357639e+00   3.7902827e-01   1.2541210e+00   1.6288387e+00   9.1571454e-01   4.3422504e-01   2.5164357e-01   2.1943472e-01  -5.7111900e-02  -6.7921051e-01  -8.5476924e-01  -1.2573265e+00  -1.4131723e+00  -1.3139201e+00
   3.1404265e+00   2.6486372e+00   1.7046258e+00   5.8290691e-01   6.3821372e-01   1.1928125e+00   7.3016167e-01   4.1344868e-01   1.0816243e-01   1.4709583e-01   1.1749300e-01  -9.7385646e-01  -9.6417162e-01  -1.1429005e+00  -1.3038134e+00  -1.2549794e+00
   2.5724886e+00   2.2062770e+00   9.1084734e-01   7.3578102e-01   2.6240255e-01   6.6201185e-01   6.7967078e-01   2.5810686e-01   3.9068361e-03   4.0013452e-02   5.2154804e-02  -4.0397571e-01  -1.1187002e+00  -1.1643546e+00  -1.2364498e+00  -1.3497905e+00
   2.9567991e+00   2.0459747e+00   1.1923881e+00   1.2416265e+00   2.2003568e-01   7.6749915e-01   8.8864718e-01   5.2751860e-01   5.0584987e-01   3.8675536e-01  -2.2665435e-01  -6.8713558e-01  -1.1441605e+00  -1.0433138e+00  -1.2043222e+00  -1.3074538e+00
   2.9540432e+00   2.1676849e+00   1.4958872e+00   1.2748723e+00   2.8607169e-01   9.7326756e-01   4.8964048e-01   6.3918109e-01   6.0473214e-01   1.3698108e-01  -4.8537995e-01  -1.0691742e+00  -8.5884988e-01  -1.3720598e+00  -1.4802215e+00  -1.8351351e+00
   2.7980234e+00   1.5951472e+00   1.0137958e+00   5.4303350e-01   7.0549081e-01   9.5263414e-01   5.0594133e-01   2.2295062e-01   4.4275207e-01   3.3345421e-01  -2.4471378e-01  -7.3075566e-01  -1.1066539e+00  -1.2513387e+00  -1.1931410e+00  -1.3072489e+00
   2.1353038e+00   2.0708721e+00   1.2525960e+00   8.0901125e-01   9.3125800e-01   1.1190281e+00   6.5974202e-01   6.9060543e-01   5.2528932e-01   5.5324022e-01  -1.3946953e-01  -5.5048733e-01  -1.0241591e+00  -1.1980203e+00  -1.1950152e+00  -1.1083093e+00
   2.3786879e+00   2.4121256e+00   1.4136124e+00   1.4746485e+00   1.0796912e+00   1.4331638e+00   5.4166532e-01   4.0694779e-01   2.6081649e-01   5.2810589e-01   3.2249550e-01  -6.1300040e-01  -1.1267038e+00  -1.4391508e+00  -1.5027906e+00  -1.5150362e+00
   2.8010811e+00   2.6026671e+00   1.6654124e+00   1.1361150e+00   1.0767384e+00   1.1404479e+00   4.0976219e-01   2.4655868e-01   2.9536727e-01   4.4543514e-01   1.2005107e-01  -8.0917114e-01  -1.2123262e+00  -1.2448456e+00  -1.3522439e+00  -1.3823419e+00
   2.6377080e+00   2.1453356e+00   1.3031343e+00   1.3356314e+00   1.0176541e+00   6.7118072e-01   5.3239699e-01   6.6125963e-02   2.2319841e-01   3.2645005e-01   1.1124295e-01  -7.4484509e-01  -1.1401787e+00  -1.3124450e+00  -1.4798009e+00  -1.3382256e+00
   2.2740878e+00   1.7576320e+00   9.4988165e-01   9.6347103e-01   7.0431703e-01   5.3862103e-01   6.2370824e-01   1.6999705e-01   1.4972658e-01   5.0832064e-01   8.9314546e-02  -4.1205578e-01  -1.0800011e+00  -1.3728453e+00  -1.4025886e+00  -1.4308473e+00
   2.5750870e+00   1.5712998e+00   5.5384555e-01   7.7255638e-01   9.4870114e-01   7.9715353e-01   3.4892340e-01   4.5541455e-01   4.4174036e-01   2.8604251e-01  -1.6316099e-01  -6.7566835e-01  -1.2255586e+00  -1.4690988e+00  -1.5362857e+00  -1.4741139e+00
   2.4321849e+00   1.9860708e+00   7.0628944e-01   7.9554948e-01   6.7371026e-01   5.9421185e-01   6.3574068e-01   5.0578460e-01   4.7444886e-01  -5.4036128e-02  -2.8444311e-01  -6.6140461e-01  -1.1473602e+00  -1.3896521e+00  -1.2667216e+00  -1.4031230e+00
   2.4477417e+00   2.5252117e+00   9.8781075e-01   4.2575172e-01   6.6096944e-01   6.2340785e-01   5.3575845e-01  -1.1420372e-01   1.2441431e-01   3.5810520e-01  -1.5529827e-01  -6.2029738e-01  -1.4082075e+00  -1.4181336e+00  -1.3863781e+00  -1.5200958e+00
   1.9667387e+00   1.6805194e+00   6.2398784e-01   5.5201616e-01   3.8660920e-01   9.5649247e-01   3.5591277e-01  -1.1508975e-01   1.9288277e-01   3.6667781e-01   1.4308943e-01  -5.3565244e-01  -1.0521832e+00  -1.5069938e+00  -1.4836285e+00  -1.5459021e+00
