   2.3782705e+00   2.6897650e+00   2.2829303e+00   2.1903413e+00   1.6770981e+00   1.9084418e+00   2.1982905e+00   2.1011272e+00   1.5056079e+00   1.3625163e+00   1.7031328e+00   1.3607888e+00   1.2063347e+00   9.3842211e-01   1.0796304e+00   1.3906569e+00
   2.7661529e+00   2.7060099e+00   2.4175625e+00   2.0449835e+00   1.4906464e+00   1.7048121e+00   1.8737893e+00   2.0142254e+00   1.9404836e+00   1.4799954e+00   1.3755613e+00   1.4883596e+00   1.5806647e+00   1.0383262e+00   1.3030854e+00   1.3389421e+00
   2.7837710e+00   2.6220409e+00   1.6611392e+00   1.4459423e+00   1.6238162e+00   1.7170642e+00   1.4877474e+00   2.0204097e+00   2.0619818e+00   1.8674598e+00   1.7344082e+00   1.7661580e+00   1.2345424e+00   1.3150147e+00   1.5229661e+00   1.1528027e+00
   3.2722567e+00   2.5265451e+00   1.9422036e+00   2.6850867e+00   1.9835749e+00   1.4844514e+00   1.6635922e+00   1.9183276e+00   1.8938112e+00   1.9094849e+00   1.7369497e+00   1.6492537e+00   1.4301100e+00   1.2151509e+00   1.1239530e+00   1.1444730e+00
   3.2163689e+00   2.5182788e+00   2.2989604e+00   2.2385696e+00   1.9736691e+00   2.2121247e+00   1.6759814e+00   2.1429239e+00   2.0079971e+00   1.5338714e+00   1.4346892e+00   1.5442641e+00   1.2697904e+00   1.1408118e+00   1.0260508e+00   1.2621955e+00
   2.5991583e+00   2.0918173e+00   2.1903816e+00   2.4451515e+00   2.2020024e+00   1.9408497e+00   2.1628445e+00   2.1999980e+00   2.0668764e+00   1.8374120e+00   1.5969016e+00   1.4271591e+00   1.1352332e+00   1.1667842e+00   1.2456726e+00   1.3248062e+00
   3.1217426e+00   2.6396638e+00   1.9729580e+00   1.9880283e+00   1.6807172e+00   1.3694786e+00   2.0659385e+00   2.3047207e+00   2.1402372e+00   1.6890222e+00   1.6389700e+00   1.4042724e+00   8.9443726e-01   1.0420490e+00   1.1151521e+00   1.1717204e+00
   2.5448752e+00   2.0411438e+00   2.2253455e+00   1.7772737e+00   1.3280863e+00   1.5974352e+00   1.9512889e+00   2.1558152e+00   2.0085416e+00   1.5920448e+00   2.0369904e+00   1.5842585e+00   1.1877697e+00   1.0726788e+00   1.1993148e+00   1.2751480e+00
   2.5928049e+00   1.9519207e+00   2.1197246e+00   1.8220678e+00   1.5952870e+00   1.8887409e+00   1.6646981e+00   2.0749321e+00   2.0886946e+00   1.5202572e+00   1.7015879e+00   1.3069369e+00   1.0194140e+00   1.1555523e+00   1.0311762e+00   1.0982026e+00
   2.7894147e+00   1.2125233e+00   1.3245207e+00   2.1692483e+00   1.8268571e+00   1.5442873e+00   1.1515237e+00   1.6580793e+00   1.8037305e+00   1.4358939e+00   1.6841003e+00   1.4556145e+00   1.1343586e+00   1.0345579e+00   8.4541983e-01   9.0019828e-01
   3.0676004e+00   1.9936336e+00   2.4257294e+00   2.5686558e+00   1.4784569e+00   1.0511175e+00   1.7881956e+00   1.6409912e+00   1.3901692e+00   1.6256378e+00   1.6576035e+00   1.5795875e+00   1.2707598e+00   1.0536954e+00   8.4188369e-01   1.0889176e+00
   3.0323647e+00   2.5701149e+00   1.7648727e+00   2.2635705e+00   2.1381372e+00   1.5032935e+00   1.8680915e+00   1.5132441e+00   1.9649136e+00   1.8135267e+00   1.4123406e+00   1.6554708e+00   1.0745482e+00   7.2242167e-01   8.9682042e-01   1.2215853e+00
   3.1261596e+00   2.7250541e+00   2.1993217e+00   2.0815561e+00   1.8684955e+00   1.8925085e+00   1.5500185e+00   1.5957312e+00   2.0199839e+00   1.7197196e+00   1.4834875e+00   1.2638043e+00   9.6014661e-01   9.3814598e-01   1.1377875e+00   1.1648833e+00
   3.0780814e+00   2.8957326e+00   1.9774025e+00   2.4520924e+00   2.3251107e+00   1.7101449e+00   1.7144073e+00   1.7539924e+00   1.8692170e+00   1.8513385e+00   1.6616456e+00   1.1498951e+00   1.0795520e+00   1.1207650e+00   8.8232177e-01   9.6924505e-01
   3.1101744e+00   2.5357119e+00   1.6848828e+00   2.1546109e+00   1.9006135e+00   1.7089784e+00   2.0151058e+00   1.6475090e+00   2.0753609e+00   1.9353966e+00   1.4744676e+00   1.3807213e+00   9.9842225e-01   8.7658717e-01   9.5975579e-01   1.0455936e+00
   3.4338679e+00   2.2304369e+00   1.9733063e+00   1.9563054e+00   1.2471005e+00   1.8348518e+00   2.2038058e+00   2.1846688e+00   1.8503115e+00   1.8041987e+00   1.5588640e+00   1.3290260e+00   1.2960362e+00   1.2150369e+00   1.2209799e+00   9.6891551e-01
   2.7738946e+00   2.6820966e+00   1.9652911e+00   1.7996665e+00   1.6917095e+00   1.9744789e+00   2.1932597e+00   2.1506979e+00   1.7183336e+00   1.6372014e+00   1.7287307e+00   1.7350794e+00   1.4103689e+00   1.0730446e+00   1.1235112e+00   1.3129877e+00
   1.8678607e+00   2.0205655e+00   2.1753255e+00   2.1913481e+00   1.8004078e+00   1.8024296e+00   1.9886739e+00   1.7160647e+00   1.6663995e+00   1.7302034e+00   1.4149085e+00   1.4175508e+00   1.3743398e+00   1.2267943e+00   1.2249505e+00   1.1880492e+00
   2.8708593e+00   2.0426343e+00   1.4982960e+00   2.0684991e+00   1.6043510e+00   1.6695093e+00   1.6931533e+00   1.8225101e+00   1.8164024e+00   1.1492583e+00   1.2098132e+00   1.3788196e+00   1.0739614e+00   7.7084007e-01   1.2371161e+00   1.1768703e+00
   2.5262488e+00   1.7474884e+00   1.9109066e+00   1.8612649e+00   1.9922727e+00   2.0203733e+00   1.5648444e+00   1.8437804e+00   1.5657887e+00   1.3723086e+00   1.6054729e+00   1.3804373e+00   1.1637623e+00   7.8752234e-01   1.0640380e+00   1.0709625e+00
   2.7201327e+00   2.4389607e+00   1.6147939e+00   1.7482900e+00   2.0093078e+00   1.8435449e+00   2.1615949e+00   2.3822750e+00   1.8591291e+00   1.7595189e+00   1.3140937e+00   1.2674158e+00   1.2168144e+00   1.0102156e+00   1.0695829e+00   1.0958428e+00
   3.0120746e+00   2.3457309e+00   1.6966438e+00   2.0775042e+00   2.0410250e+00   2.0961253e+00   2.1739003e+00   2.0845543e+00   1.9300994e+00   1.3308377e+00   1.1071768e+00   9.7736387e-01   1.1390776e+00   1.0818170e+00   1.2575728e+00   9.8527239e-01
   2.8739721e+00   1.9991982e+00   1.7482556e+00   1.7560662e+00   1.4266820e+00   1.6058280e+00   1.3182759e+00   1.7769058e+00   1.9039721e+00   1.5226440e+00   1.3501512e+00   1.4593170e+00   1.1634251e+00   7.5631804e-01   6.8423595e-01   7.5214169e-01
   3.1242746e+00   1.6426896e+00   1.3258771e+00   2.4021854e+00   1.8785714e+00   1.1486966e+00   1.7360710e+00   1.7059254e+00   1.8512720e+00   1.9072487e+00   1.6512250e+00   1.6092120e+00   1.2822349e+00   1.3526408e+00   9.7335285e-01   1.0344089e+00
   2.6951459e+00   2.3551162e+00   1.9540530e+00   1.8752126e+00   1.4728746e+00   1.5942263e+00   1.8362833e+00   1.6923162e+00   1.8409047e+00   1.2885848e+00   1.8340669e+00   1.4190424e+00   1.2972999e+00   1.0548247e+00   8.9870348e-01   1.0922661e+00
   2.5736144e+00   2.3242665e+00   1.5683445e+00   1.6385806e+00   1.8914519e+00   1.6348842e+00   1.9556028e+00   1.5599728e+00   1.5917293e+00   1.3729755e+00   1.7885825e+00   1.4744816e+00   1.2656968e+00   8.1890778e-01   1.0238250e+00   1.0910352e+00
   2.5415065e+00   2.4535259e+00   2.0936709e+00   2.3426017e+00   1.6358061e+00   1.2422285e+00   1.6028253e+00   1.5676633e+00   1.7129677e+00   1.7286212e+00   2.0141508e+00   1.8143513e+00   1.7183963e+00   1.3451334e+00   1.0853594e+00   1.2767795e+00
   2.7564909e+00   1.9108878e+00   1.4002510e+00   2.2634477e+00   1.6675508e+00   1.6823132e+00   1.5241786e+00   1.9484986e+00   1.7014846e+00   1.4902628e+00   1.7261274e+00   1.2952910e+00   1.1622346e+00   1.0742604e+00   1.0739074e+00   9.4010955e-01
   3.2939447e+00   3.0961844e+00   2.3387105e+00   1.4190222e+00   1.3285662e+00   1.6790924e+00   2.1432715e+00   1.8406908e+00   1.7203050e+00   1.6066906e+00   1.6643119e+00   1.4965275e+00   1.1830952e+00   1.0240435e+00   1.2111050e+00   1.0857628e+00
   2.7220108e+00   2.7074503e+00   2.2723203e+00   1.9324578e+00   2.1489611e+00   1.9502519e+00   1.6797197e+00   2.1373064e+00   1.7064212e+00   1.7515132e+00   1.7233159e+00   1.7565276e+00   1.8115673e+00   1.4229489e+00   1.0870664e+00   1.2055452e+00
   2.6278624e+00   2.2425670e+00   1.7232408e+00   1.9609589e+00   2.2204540e+00   1.9953350e+00   1.8269527e+00   1.9458023e+00   1.8801814e+00   1.6418878e+00   1.5120643e+00   1.6574488e+00   1.6797389e+00   1.2300108e+00   8.3019692e-01   8.9700142e-01
   2.9198081e+00   2.4598196e+00   1.9899715e+00   1.8588861e+00   2.1286104e+00   1.7828693e+00   1.8362636e+00   1.9816477e+00   2.0228874e+00   1.8536577e+00   1.5604284e+00   1.7655045e+00   2.2341598e+00   1.8495318e+00   1.2511910e+00   1.0994157e+00
   2.7837655e+00   3.2540342e+00   3.0983884e+00   2.9604565e+00   2.6488395e+00   2.0276250e+00   2.2778462e+00   2.2930111e+00   2.0525957e+00   2.1687837e+00   1.9039930e+00   2.3615444e+00   2.9214750e+00   2.4394986e+00   9.0510624e-01   7.2051775e-01
   2.9206215e+00   2.5188873e+00   2.1711783e+00   2.7413109e+00   2.8399709e+00   2.3416111e+00   1.7846815e+00   1.8642837e+00   2.0212853e+00   2.2303606e+00   1.9211424e+00   2.3493323e+00   3.2482913e+00   2.7884186e+00   1.1094508e+00   8.9806683e-01
   3.4047179e+00   2.4572825e+00   1.7800330e+00   2.0614548e+00   2.5788371e+00   2.7537413e+00   2.0623821e+00   2.4523869e+00   2.7274897e+00   2.5409417e+00   2.1139662e+00   2.4658636e+00   3.2115612e+00   2.6762137e+00   9.9886981e-01   6.1193903e-01
   2.3307168e+00   2.1097737e+00   1.3547553e+00   2.0677724e+00   3.2154341e+00   3.0964103e+00   1.9015588e+00   2.3098680e+00   2.8654691e+00   2.5475923e+00   2.0341799e+00   2.6280769e+00   3.3125281e+00   2.8513756e+00   1.0156969e+00   8.5766739e-01
   3.6987162e+00   2.5883295e+00   2.1284711e+00   2.6772071e+00   3.5579113e+00   3.4939487e+00   1.9503632e+00   2.2821643e+00   2.9557281e+00   2.7588139e+00   2.3434805e+00   2.8920352e+00   3.4351548e+00   2.9646640e+00   1.4481128e+00   8.2238653e-01
   3.2850136e+00   2.1158541e+00   2.1963459e+00   2.4490769e+00   3.5235482e+00   3.6404982e+00   1.9658965e+00   2.5581796e+00   3.0470691e+00   2.6924845e+00   2.1080435e+00   2.5996347e+00   3.2073057e+00   2.8288720e+00   1.5609223e+00   8.7554908e-01
   2.4122233e+00   2.8196435e+00   2.6180996e+00   2.8505513e+00   3.4479882e+00   3.5949592e+00   1.5854637e+00   2.0612059e+00   2.6541354e+00   2.3789762e+00   1.8785091e+00   2.2501978e+00   2.6438996e+00   2.6013849e+00   1.4773733e+00   1.0906799e+00
   2.7243802e+00   2.4244891e+00   1.9182658e+00   2.9367573e+00   3.3080942e+00   3.4398508e+00   1.9624086e+00   2.5010095e+00   2.7141277e+00   2.1634854e+00   1.9764269e+00   1.9363826e+00   2.2220605e+00   2.2005186e+00   1.2745224e+00   1.1231748e+00
   3.0577342e+00   2.9104346e+00   2.1298506e+00   2.3333740e+00   3.1197949e+00   3.2054316e+00   2.3115536e+00   2.5690021e+00   2.7200798e+00   2.0908104e+00   1.6991194e+00   1.8929246e+00   2.4337020e+00   2.0292891e+00   1.2077900e+00   1.1136385e+00
   3.6294402e+00   3.0105851e+00   2.3779684e+00   2.5414487e+00   3.1596811e+00   3.1877541e+00   2.2989658e+00   2.5485069e+00   3.2007648e+00   2.3842078e+00   1.9222238e+00   2.3885205e+00   2.7203958e+00   1.9525314e+00   1.1123655e+00   8.0591429e-01
   2.7079064e+00   2.5693283e+00   2.3344749e+00   2.7424080e+00   3.2214850e+00   3.0956910e+00   2.3076519e+00   2.7919750e+00   3.2518750e+00   2.4339717e+00   2.1320452e+00   2.7399902e+00   2.7887596e+00   2.2521117e+00   1.2141827e+00   7.9333773e-01
   3.3073974e+00   2.0963881e+00   2.1712661e+00   2.3076439e+00   3.1378687e+00   3.1966858e+00   2.3700104e+00   2.8198086e+00   3.3231711e+00   2.5416072e+00   2.0110917e+00   2.6562792e+00   2.8520025e+00   2.3792669e+00   1.1849429e+00   1.2055406e+00
   3.1292888e+00   2.5149997e+00   2.5791902e+00   2.6918969e+00   3.2835963e+00   2.9381498e+00   2.3770350e+00   2.4388626e+00   2.9468230e+00   2.5529776e+00   1.5284843e+00   2.0117389e+00   2.6451707e+00   2.3258804e+00   1.0193875e+00   9.2572893e-01
   2.9818394e+00   2.0153678e+00   2.4601607e+00   2.7301080e+00   3.5987553e+00   3.0422841e+00   2.7132555e+00   2.5897984e+00   3.0136957e+00   2.5340001e+00   1.7780327e+00   2.0086955e+00   2.5588559e+00   2.3354446e+00   9.4637504e-01   9.3808722e-01
   3.2841565e+00   1.9982157e+00   2.0867750e+00   2.8030948e+00   3.6886389e+00   3.1535590e+00   2.0920548e+00   2.1724687e+00   3.1111747e+00   2.5118397e+00   2.0405971e+00   2.2465352e+00   2.6050649e+00   2.3719391e+00   1.3769170e+00   9.9354455e-01
   2.9977013e+00   1.9852694e+00   2.4200002e+00   2.6814586e+00   3.7022629e+00   3.1925671e+00   1.8037298e+00   2.1251868e+00   2.7163084e+00   2.1065194e+00   1.9754626e+00   2.5318194e+00   2.8946815e+00   2.4790957e+00   1.5304524e+00   7.9699111e-01
   2.9168764e+00   2.2971106e+00   2.2130954e+00   2.9564359e+00   3.6833184e+00   3.0585365e+00   1.8496509e+00   1.9842872e+00   2.5899088e+00   2.3786609e+00   1.8836475e+00   2.5497568e+00   2.6911639e+00   2.3154948e+00   1.1065159e+00   1.0760664e+00
   2.7910811e+00   2.6358950e+00   1.6218239e+00   2.6463821e+00   3.3591525e+00   2.9305958e+00   1.6200702e+00   2.0232742e+00   2.5929600e+00   2.1681627e+00   1.4602069e+00   2.2296961e+00   2.6167656e+00   2.3469718e+00   1.2045690e+00   1.1205983e+00
   3.2235484e+00   2.3100356e+00   1.8074480e+00   2.6289334e+00   3.1244670e+00   2.5665683e+00   1.8871477e+00   1.9987989e+00   2.3924960e+00   1.7633853e+00   1.4131379e+00   1.9034768e+00   2.1146433e+00   2.2445668e+00   1.3981991e+00   9.2139626e-01
   3.1044613e+00   2.7861188e+00   2.2771371e+00   2.7894155e+00   2.9306671e+00   2.3155092e+00   1.8260692e+00   2.0309084e+00   2.1613168e+00   2.0552404e+00   1.6455442e+00   2.2860493e+00   2.3645554e+00   2.0079243e+00   1.3695839e+00   1.0118015e+00
   2.9501193e+00   2.8487402e+00   2.2093140e+00   2.7896869e+00   2.8328578e+00   2.1684836e+00   1.8136143e+00   1.9449406e+00   2.1554985e+00   2.2125365e+00   1.9122650e+00   2.0894350e+00   2.0637433e+00   1.6964663e+00   1.3041095e+00   8.6695715e-01
   3.1859322e+00   2.5966763e+00   2.4172613e+00   2.3002022e+00   1.8450549e+00   1.7820106e+00   1.9522244e+00   1.6634752e+00   1.7077159e+00   2.0727805e+00   1.5153243e+00   1.5683679e+00   1.4169436e+00   1.4291082e+00   1.1228458e+00   9.2518662e-01
   3.0549171e+00   2.1873715e+00   1.6848306e+00   1.6209806e+00   1.5718544e+00   2.0180995e+00   2.0948498e+00   2.0221025e+00   1.9966551e+00   1.7821760e+00   1.4253693e+00   1.2288003e+00   1.3754056e+00   9.2652897e-01   1.1454224e+00   1.1512293e+00
   3.0420135e+00   2.1216786e+00   2.0818681e+00   2.3798616e+00   2.1788375e+00   2.1928946e+00   1.7485341e+00   1.6880200e+00   2.0505103e+00   1.8323113e+00   1.5681817e+00   1.4564001e+00   1.1991861e+00   8.4091872e-01   1.3418470e+00   1.2161840e+00
   2.9523367e+00   2.1118235e+00   2.2146441e+00   1.7877007e+00   1.7578425e+00   1.5049034e+00   1.4580362e+00   1.6714788e+00   1.7642277e+00   1.5613579e+00   1.5079299e+00   1.4064816e+00   1.0284069e+00   1.0649945e+00   1.3935537e+00   1.0089503e+00
   3.0216883e+00   2.2591126e+00   2.4331304e+00   2.1735030e+00   1.3950807e+00   1.4816942e+00   1.5488266e+00   1.6755494e+00   1.5663090e+00   1.6563176e+00   1.7381828e+00   1.2261510e+00   1.2899908e+00   1.1690500e+00   1.1468480e+00   1.2352435e+00
   3.3409555e+00   2.9165894e+00   1.9704496e+00   2.0533636e+00   8.9048215e-01   1.3649131e+00   1.8873461e+00   1.8131304e+00   1.7811489e+00   1.7362529e+00   1.7298014e+00   1.2605472e+00   1.3193240e+00   1.0426599e+00   9.4488105e-01   1.2661407e+00
   2.9091191e+00   2.2812943e+00   1.4291934e+00   1.7858397e+00   1.6354334e+00   1.9017550e+00   1.7773965e+00   1.9201820e+00   1.8904544e+00   1.4175532e+00   1.2767046e+00   1.3095894e+00   1.3870690e+00   1.1847528e+00   1.3365132e+00   1.1694975e+00
   3.1208371e+00   1.6476159e+00   1.8979423e+00   1.5293473e+00   1.4693435e+00   2.0545456e+00   1.5781127e+00   1.9836914e+00   1.9541736e+00   1.7946242e+00   1.7816814e+00   1.4284188e+00   1.4199169e+00   1.2164997e+00   1.4020354e+00   1.1967496e+00
   2.7334610e+00   1.8798015e+00   2.3071255e+00   2.0949371e+00   1.7038692e+00   1.7799359e+00   1.6670762e+00   2.1944004e+00   2.3105322e+00   2.1522665e+00   1.5788563e+00   1.5672521e+00   1.2962409e+00   1.0218263e+00   1.3725185e+00   1.2929108e+00
   2.7637577e+00   2.3035627e+00   1.7730484e+00   2.1639923e+00   1.6112509e+00   1.7112977e+00   1.8139928e+00   1.8622130e+00   1.6439417e+00   2.0578299e+00   1.6432437e+00   1.6632083e+00   1.2468708e+00   1.1983594e+00   1.5667654e+00   1.2403577e+00
   2.9308398e+00   1.6694657e+00   2.0337258e+00   2.4257810e+00   1.8350410e+00   1.4049757e+00   1.6887050e+00   1.9621818e+00   1.5304125e+00   1.4690655e+00   1.0888556e+00   1.3595722e+00   1.0795808e+00   6.5457417e-01   1.3161612e+00   1.1006315e+00
   3.1443289e+00   2.4090118e+00   2.0948471e+00   1.9697581e+00   2.0113877e+00   1.6156785e+00   2.0382746e+00   1.9033973e+00   1.2546073e+00   1.8530998e+00   1.7074277e+00   1.5403171e+00   1.1273808e+00   1.1340152e+00   1.5107165e+00   1.2947130e+00
   3.0434256e+00   2.3520215e+00   2.3215943e+00   2.3489456e+00   1.6150917e+00   1.2309603e+00   1.8723284e+00   1.9546325e+00   1.5065587e+00   1.8145569e+00   1.7769296e+00   1.4869319e+00   1.3854715e+00   1.4827847e+00   1.6105835e+00   1.4026778e+00
   2.8108852e+00   2.3305543e+00   1.9089352e+00   1.9664495e+00   1.6434521e+00   1.5196955e+00   1.5959207e+00   2.0027406e+00   1.7105413e+00   1.4682016e+00   1.4466312e+00   1.1917236e+00   9.0466725e-01   1.0844686e+00   1.1747497e+00   1.1770876e+00
   2.6445197e+00   2.2508152e+00   1.6124047e+00   1.9583986e+00   1.4721599e+00   1.0314729e+00   1.5699512e+00   1.7578254e+00   1.3614499e+00   1.5814243e+00   1.3669709e+00   1.0081533e+00   8.7025706e-01   9.9465319e-01   1.4460214e+00   1.3132211e+00
   3.2298871e+00   2.3375037e+00   1.3179841e+00   2.0628913e+00   1.8105071e+00   2.1304303e+00   2.1666795e+00   2.1865084e+00   1.8681290e+00   1.5384867e+00   1.4986468e+00   1.3981805e+00   1.2710574e+00   1.1807404e+00   1.4672898e+00   1.5526545e+00
   2.6453363e+00   1.6902485e+00   1.1605323e+00   1.9604461e+00   2.0022547e+00   1.8730427e+00   1.8071669e+00   1.8227004e+00   1.4003010e+00   1.7154046e+00   1.8249456e+00   1.2403458e+00   8.9302646e-01   1.1447725e+00   1.5544994e+00   1.4319402e+00
   2.7784814e+00   1.8458644e+00   1.7270145e+00   2.2827842e+00   1.5971876e+00   1.5273970e+00   1.5991014e+00   1.6035243e+00   1.6365337e+00   1.7640148e+00   1.3772935e+00   1.1001736e+00   7.8404910e-01   6.5626932e-01   1.2707725e+00   1.2445738e+00
   2.7273927e+00   2.3000906e+00   1.8555974e+00   2.0132737e+00   1.7294215e+00   1.2495159e+00   1.5255639e+00   1.4088500e+00   1.5803241e+00   1.4987677e+00   1.4631964e+00   1.2820760e+00   5.7314441e-01   8.7841764e-01   1.3516162e+00   1.3633210e+00
   3.0892147e+00   2.3093468e+00   1.8204022e+00   1.1968321e+00   1.4308157e+00   1.9411641e+00   1.8552570e+00   1.8136493e+00   1.5956909e+00   1.1647712e+00   1.3269842e+00   1.1555920e+00   1.1319210e+00   1.2323046e+00   1.3149897e+00   1.4474002e+00
   2.9681090e+00   2.5172146e+00   1.8967391e+00   1.5576403e+00   1.5095866e+00   1.5787290e+00   1.9450789e+00   1.5742894e+00   1.7518295e+00   1.2841081e+00   1.6335356e+00   1.3901819e+00   9.8429786e-01   1.0695390e+00   1.2307009e+00   1.4350789e+00
   2.6390713e+00   2.7872492e+00   1.9287446e+00   1.9960488e+00   1.7518962e+00   1.3671784e+00   1.6702808e+00   1.6288534e+00   1.8740685e+00   1.6092712e+00   1.5038158e+00   1.6440178e+00   9.2724670e-01   9.8166074e-01   1.5067194e+00   1.3770628e+00
   2.6482295e+00   2.6304347e+00   2.0325679e+00   2.0683203e+00   1.6755269e+00   1.5013571e+00   1.6079611e+00   1.7818642e+00   1.6032792e+00   1.6339109e+00   1.4815862e+00   1.4220781e+00   1.2605924e+00   1.2334988e+00   1.2494462e+00   1.3645080e+00
   2.7800462e+00   2.1299079e+00   1.9400985e+00   2.3632836e+00   1.5438630e+00   1.8507561e+00   1.6391314e+00   1.6340737e+00   1.7185251e+00   1.3671880e+00   1.4315211e+00   1.3882663e+00   1.3397038e+00   1.1271900e+00   9.7701953e-01   1.3131511e+00
   3.0871753e+00   1.8986377e+00   1.6073581e+00   1.9572033e+00   1.6724067e+00   1.6742232e+00   1.6436560e+00   1.9833313e+00   1.8873952e+00   1.6982157e+00   1.5781261e+00   1.3522325e+00   9.4236317e-01   1.1868005e+00   1.4373814e+00   1.3088955e+00
   2.5146662e+00   1.8700868e+00   1.5251337e+00   1.5274088e+00   1.5728758e+00   1.5565633e+00   1.6799999e+00   1.7388237e+00   2.0223323e+00   1.8248148e+00   1.4430261e+00   1.0855734e+00   1.1990760e+00   1.2132045e+00   1.4296299e+00   1.1300724e+00
   2.7888536e+00   2.4992660e+00   1.9778597e+00   1.9022149e+00   1.7783945e+00   2.0632904e+00   1.7450346e+00   1.7915495e+00   1.6530527e+00   1.3400104e+00   1.2745108e+00   8.8216358e-01   1.0057992e+00   1.1218588e+00   1.2640114e+00   1.2129403e+00
   2.9784074e+00   2.3957481e+00   1.9405520e+00   1.8175669e+00   1.5362362e+00   1.7364881e+00   1.9613317e+00   1.8461952e+00   1.7264492e+00   1.3874188e+00   1.2780267e+00   1.0945523e+00   7.9327694e-01   1.0775721e+00   1.3323600e+00   1.2900898e+00
   3.2067440e+00   2.6898657e+00   1.9386025e+00   1.5228298e+00   1.4811598e+00   1.6847207e+00   1.8528075e+00   1.4140144e+00   1.8491863e+00   1.4121721e+00   1.2698542e+00   1.1141898e+00   1.1516866e+00   1.1913868e+00   1.3381028e+00   1.2870873e+00
   3.1397127e+00   2.4274207e+00   2.0175065e+00   1.9116290e+00   1.8511772e+00   1.4823226e+00   1.4014703e+00   2.0248595e+00   2.0555193e+00   1.5504279e+00   1.2582163e+00   1.3439652e+00   1.1911291e+00   9.1685151e-01   1.1348361e+00   1.2221902e+00
