   2.8754983e+00   1.9957936e+00   1.7127250e+00   1.7953823e+00   1.6373181e+00   1.8512694e+00   1.7719644e+00   1.3961432e+00   1.9153781e+00   1.2590962e+00   1.2784435e+00   1.4708009e+00   1.2526777e+00   8.3707399e-01   8.3999819e-01   1.0191716e+00
   3.0516343e+00   3.0240974e+00   2.2658775e+00   1.9246454e+00   1.8647053e+00   1.8774862e+00   1.8602309e+00   1.8225896e+00   1.8546221e+00   1.6294417e+00   1.6046299e+00   1.4462883e+00   1.0998554e+00   7.6049783e-01   6.1173323e-01   7.8387164e-01
   2.2763035e+00   2.5058002e+00   2.4932706e+00   2.2488891e+00   1.6985628e+00   2.1947989e+00   1.9204269e+00   1.9393278e+00   1.9762269e+00   1.6183047e+00   1.6262150e+00   1.4770160e+00   1.0281722e+00   1.1670286e+00   8.8265159e-01   9.1899390e-01
   3.1101123e+00   2.1560193e+00   1.2162272e+00   1.9466293e+00   2.0830506e+00   2.0114665e+00   1.7732380e+00   1.4500229e+00   1.9666007e+00   1.9471089e+00   1.5220982e+00   1.5197318e+00   1.4346694e+00   9.5868080e-01   8.6081293e-01   1.2216318e+00
   3.3617208e+00   2.4310133e+00   1.8615990e+00   1.7718159e+00   2.2087340e+00   1.9420000e+00   1.9558336e+00   1.8590513e+00   1.5361064e+00   1.6571021e+00   1.6833997e+00   1.3481137e+00   1.3649703e+00   1.1070935e+00   1.1660596e+00   1.0406262e+00
   2.9716206e+00   2.5790176e+00   1.7591704e+00   2.3823457e+00   2.1169149e+00   2.0268171e+00   2.2368743e+00   2.1010567e+00   1.8661771e+00   1.7668712e+00   1.6928709e+00   1.2161104e+00   1.0579794e+00   7.2846580e-01   9.1415779e-01   9.6129136e-01
   2.3845389e+00   2.5943960e+00   1.9427332e+00   1.9460619e+00   2.0026100e+00   1.7734779e+00   1.2347296e+00   1.9160737e+00   1.6232840e+00   1.4917840e+00   1.4609988e+00   1.3262297e+00   1.1722843e+00   1.2333460e+00   9.5611141e-01   1.0654568e+00
   3.2436957e+00   3.1502616e+00   2.3356212e+00   2.4138581e+00   2.2705179e+00   1.5569187e+00   1.8576286e+00   2.1259330e+00   1.6047739e+00   1.6910634e+00   1.6664651e+00   1.5171914e+00   1.5544671e+00   1.3601565e+00   1.2701415e+00   1.0279055e+00
   2.5008179e+00   3.1970117e+00   2.4916964e+00   2.3298979e+00   1.7050367e+00   1.4288566e+00   1.5086513e+00   1.5937430e+00   1.4226834e+00   1.3698757e+00   1.5671098e+00   1.8892732e+00   1.3650267e+00   1.2212854e+00   1.1857588e+00   1.0624177e+00
   3.1806048e+00   2.6619424e+00   1.9895675e+00   2.2930869e+00   2.0066464e+00   2.0077016e+00   1.7957477e+00   1.8634910e+00   1.9642916e+00   1.7059519e+00   1.5410489e+00   1.5127292e+00   1.2471140e+00   1.0788216e+00   9.9821428e-01   9.5309003e-01
   3.3067576e+00   2.2205699e+00   2.1003599e+00   1.9905596e+00   1.4747297e+00   1.8253457e+00   1.6464156e+00   2.3055944e+00   1.9989719e+00   1.5424614e+00   1.5543800e+00   1.6547796e+00   1.3592390e+00   1.1958814e+00   1.0786125e+00   8.8892445e-01
   3.1542583e+00   2.5992592e+00   2.4583948e+00   1.8654078e+00   1.7515535e+00   1.6329958e+00   2.2228711e+00   2.0555672e+00   1.8825989e+00   1.4119697e+00   1.5286856e+00   1.4708797e+00   1.3187690e+00   1.1180019e+00   1.4189956e+00   1.2468205e+00
   2.7417101e+00   1.9397993e+00   2.4909535e+00   2.2821356e+00   2.0735912e+00   1.6239379e+00   1.9952128e+00   1.7486517e+00   1.8414907e+00   1.4729674e+00   1.4716342e+00   1.3792574e+00   1.1455223e+00   1.0583193e+00   1.1171723e+00   1.1569016e+00
   2.4783104e+00   2.4009086e+00   2.1098555e+00   1.7875971e+00   1.7957309e+00   1.9301664e+00   2.0294297e+00   2.1006835e+00   1.9371444e+00   1.6772874e+00   1.7671553e+00   1.6772920e+00   1.2894968e+00   1.1784666e+00   1.2289453e+00   1.2189768e+00
   2.8536395e+00   2.3555788e+00   2.1686999e+00   2.2775754e+00   1.9061528e+00   2.1128816e+00   2.1719884e+00   2.2077976e+00   1.9546319e+00   1.9163627e+00   1.7770232e+00   1.3036741e+00   1.1423492e+00   1.2588324e+00   1.3418791e+00   1.2522958e+00
   3.0061817e+00   1.7259682e+00   1.7424167e+00   2.6285630e+00   2.1840498e+00   1.3407930e+00   1.8317118e+00   2.0341224e+00   1.8542147e+00   1.7556293e+00   1.7178276e+00   1.5546396e+00   1.2272283e+00   1.3973303e+00   1.3905239e+00   1.3169932e+00
   3.4564417e+00   2.6565882e+00   1.6510764e+00   1.8048766e+00   1.5866292e+00   1.6664033e+00   1.6376698e+00   2.2327275e+00   1.5749859e+00   1.6081813e+00   1.5501225e+00   1.4257410e+00   1.1430886e+00   1.3733760e+00   1.3367559e+00   1.3349253e+00
   3.0107949e+00   2.4858909e+00   2.0743295e+00   2.1711728e+00   1.6348413e+00   1.3825573e+00   1.8305529e+00   1.9732712e+00   1.7829638e+00   1.2911566e+00   1.4354964e+00   1.6521904e+00   1.5652538e+00   1.7691427e+00   1.8911971e+00   1.5412247e+00
   2.4457474e+00   2.2573102e+00   2.8024579e+00   2.3156529e+00   1.9333794e+00   1.6576721e+00   1.8411844e+00   1.4506141e+00   1.7440314e+00   1.5762681e+00   1.5816137e+00   1.6052528e+00   1.3841930e+00   1.5884406e+00   1.8047787e+00   1.4181432e+00
   2.5966584e+00   2.6293922e+00   2.1999551e+00   2.0874132e+00   2.0793775e+00   2.3521616e+00   2.2866868e+00   1.6016887e+00   1.6720536e+00   1.9667767e+00   1.8336443e+00   1.5824220e+00   1.4188499e+00   1.9142159e+00   2.1520489e+00   1.5502156e+00
   3.5854270e+00   3.4176942e+00   2.7818844e+00   2.6905760e+00   2.2349354e+00   2.3332837e+00   2.2041067e+00   1.9777863e+00   1.1811259e+00   1.7467119e+00   1.6529473e+00   1.4398386e+00   1.1706331e+00   1.9072392e+00   1.9765689e+00   1.7568072e+00
   3.0947575e+00   2.2574513e+00   2.5154424e+00   2.5243480e+00   1.6340125e+00   1.9937805e+00   1.8967389e+00   2.0416172e+00   1.9919298e+00   1.8424831e+00   2.0367036e+00   1.8631102e+00   1.5319118e+00   1.8259787e+00   1.6307603e+00   1.6281785e+00
   2.5621501e+00   1.7626154e+00   2.1900784e+00   2.5402743e+00   1.8352011e+00   1.7782243e+00   1.5155028e+00   1.3988564e+00   1.8234215e+00   1.6350632e+00   1.6311849e+00   1.5914432e+00   1.6342649e+00   1.9099455e+00   1.7419851e+00   1.5252491e+00
   2.8931759e+00   2.2553715e+00   2.0852479e+00   2.4031757e+00   2.1149088e+00   1.5766067e+00   1.2449952e+00   1.6091664e+00   1.9429946e+00   1.6614871e+00   1.4632052e+00   1.6018475e+00   1.4148688e+00   1.6938636e+00   1.5910103e+00   1.3466323e+00
   2.5643626e+00   2.2121875e+00   2.1302007e+00   2.1520496e+00   2.3152581e+00   1.8660163e+00   1.7524516e+00   2.0374536e+00   1.7049983e+00   1.4630108e+00   1.7644556e+00   1.6975030e+00   1.1278200e+00   1.4279212e+00   1.5841938e+00   9.9314074e-01
   3.0210490e+00   2.6426275e+00   1.9289849e+00   1.7408088e+00   2.0244744e+00   1.6261785e+00   1.7079524e+00   2.1078879e+00   2.0998076e+00   1.8553377e+00   1.9754666e+00   2.0891495e+00   1.8230058e+00   1.2786903e+00   1.1249134e+00   9.1846508e-01
   3.4393056e+00   2.6394599e+00   2.6744856e+00   1.8336585e+00   1.6300701e+00   1.7883659e+00   1.8001295e+00   2.3051953e+00   1.9585406e+00   2.0915649e+00   1.6650042e+00   2.3949790e+00   2.2385898e+00   1.1038932e+00   8.4915698e-01   1.0961070e+00
   2.4594327e+00   2.3608110e+00   2.3358669e+00   2.1146808e+00   1.6705040e+00   1.5745669e+00   1.7772853e+00   2.1123389e+00   1.8315970e+00   2.2850794e+00   1.7496297e+00   2.4130038e+00   2.6342504e+00   1.3062345e+00   1.0066080e+00   1.1185823e+00
   2.9115199e+00   2.8061766e+00   2.2213086e+00   2.4716565e+00   2.1887532e+00   2.0435423e+00   2.1253863e+00   2.3409583e+00   1.8384053e+00   2.2014688e+00   1.4943999e+00   2.5107669e+00   2.7486450e+00   1.5331578e+00   1.1886144e+00   9.0845355e-01
   2.9999131e+00   2.0806991e+00   2.1949814e+00   2.2327041e+00   9.9880120e-01   1.4785522e+00   1.4991023e+00   2.0886457e+00   1.2455038e+00   1.9921854e+00   1.8510184e+00   2.7270643e+00   2.8355224e+00   1.5047698e+00   1.0599533e+00   7.5860654e-01
   2.2366719e+00   1.4417027e+00   2.6620752e+00   2.0559512e+00   1.8020073e+00   1.9686450e+00   1.7197136e+00   1.8806231e+00   1.7933001e+00   1.9384572e+00   1.6355225e+00   2.5238946e+00   2.8015181e+00   1.3999343e+00   1.0739391e+00   9.3922050e-01
   1.7611233e+00   2.4426024e+00   2.5694592e+00   1.9912292e+00   1.7594883e+00   1.6356293e+00   1.6940482e+00   1.7130935e+00   1.7778460e+00   2.3024516e+00   2.1911980e+00   2.4854087e+00   2.7019570e+00   1.4906328e+00   8.0236759e-01   9.9941500e-01
   2.7765598e+00   2.4285597e+00   2.5351772e+00   1.9769974e+00   1.6910644e+00   1.5754421e+00   1.5206668e+00   2.0201114e+00   2.0726762e+00   2.1715372e+00   1.8301219e+00   2.2053623e+00   2.7047360e+00   1.3453245e+00   9.9073795e-01   7.6441174e-01
   2.5138700e+00   2.2283316e+00   2.4245021e+00   2.2117690e+00   1.5729202e+00   1.9919683e+00   1.9153112e+00   2.0776233e+00   1.6208620e+00   2.1187737e+00   1.7129590e+00   2.0341777e+00   2.7123090e+00   1.3480097e+00   9.9412530e-01   8.2919979e-01
   3.2747726e+00   2.7016771e+00   2.3398952e+00   1.9561360e+00   2.1064214e+00   2.2064078e+00   1.9831697e+00   1.7504373e+00   1.8107121e+00   1.8376750e+00   1.6943464e+00   2.2155115e+00   2.9046578e+00   1.3135420e+00   7.7539788e-01   9.9674485e-01
   2.5718624e+00   2.2182531e+00   2.4086396e+00   2.4990678e+00   1.5310917e+00   1.6447546e+00   1.8255894e+00   1.8153708e+00   1.6025572e+00   1.9180293e+00   1.6853288e+00   2.0488856e+00   2.8046624e+00   1.4612138e+00   1.0828131e+00   1.0581134e+00
   2.6653776e+00   2.1235303e+00   2.2094894e+00   2.0223470e+00   1.7403543e+00   1.6110121e+00   1.8662090e+00   1.6541846e+00   1.2168235e+00   1.9482499e+00   1.6239106e+00   1.9496617e+00   2.8782997e+00   1.5623554e+00   1.0092636e+00   1.0377148e+00
   2.5661132e+00   2.6688314e+00   2.0491845e+00   2.0427233e+00   1.9142425e+00   1.6748668e+00   1.4450169e+00   2.2984193e+00   1.9077469e+00   1.8664105e+00   1.5783727e+00   2.0782379e+00   2.8663023e+00   1.5488962e+00   1.2369147e+00   1.1218798e+00
   3.2488002e+00   3.0108493e+00   2.7816538e+00   2.0267593e+00   2.0813255e+00   1.4142162e+00   1.6974889e+00   2.2441017e+00   2.1705805e+00   1.9590190e+00   1.9779154e+00   2.0100782e+00   2.7033521e+00   1.1766953e+00   8.8156140e-01   1.0334337e+00
   2.8358103e+00   2.7467019e+00   2.7597869e+00   2.1167859e+00   1.7715650e+00   1.5006203e+00   1.8294890e+00   1.7623155e+00   2.1396521e+00   1.8732111e+00   2.0047835e+00   2.2394397e+00   2.9071946e+00   1.2872560e+00   8.9927829e-01   1.0160839e+00
   3.1080172e+00   3.0335918e+00   2.6069526e+00   2.5159188e+00   2.1418299e+00   1.4388123e+00   1.3143258e+00   1.4529886e+00   1.7612259e+00   1.7708814e+00   1.7103411e+00   2.1128643e+00   2.9149003e+00   1.5536459e+00   9.8850270e-01   9.9384391e-01
   3.5237777e+00   3.1388746e+00   2.3711032e+00   2.0712232e+00   1.8610719e+00   1.4079619e+00   1.4994546e+00   1.5702168e+00   1.4601667e+00   1.7645070e+00   1.8449629e+00   2.0609748e+00   2.8669193e+00   1.5999010e+00   8.2872951e-01   4.9757888e-01
   2.8896262e+00   3.0397146e+00   2.1750849e+00   2.2646473e+00   1.9743124e+00   1.8262694e+00   1.5298085e+00   2.2506189e+00   1.7632486e+00   1.8292243e+00   1.8085075e+00   2.1104304e+00   2.8523994e+00   1.7084979e+00   8.2273490e-01   8.8070640e-01
   1.8511517e+00   2.5928002e+00   2.2784679e+00   2.6084955e+00   2.3518564e+00   2.0397111e+00   1.5538416e+00   2.4037092e+00   2.1056692e+00   1.8144417e+00   1.6148252e+00   1.7483028e+00   2.7992269e+00   1.5907365e+00   1.1206321e+00   1.0649445e+00
   2.0443537e+00   2.0343165e+00   1.9771507e+00   2.2567524e+00   2.0638853e+00   1.8633260e+00   1.4625877e+00   1.4868076e+00   1.8530442e+00   1.8512782e+00   1.9451747e+00   1.8478443e+00   2.8934600e+00   1.7003660e+00   6.6985462e-01   9.0395683e-01
   2.5228439e+00   2.5115288e+00   1.9765663e+00   1.8452987e+00   1.6143290e+00   1.5882435e+00   2.0322821e+00   1.9657041e+00   2.1147189e+00   1.9459283e+00   1.7322758e+00   1.9284432e+00   2.8415584e+00   1.9365554e+00   8.4544598e-01   7.9634228e-01
   2.9599715e+00   3.1192194e+00   2.2347820e+00   1.8446011e+00   1.7428646e+00   1.6997353e+00   2.0417730e+00   2.0290436e+00   1.7406001e+00   1.7153548e+00   1.6302747e+00   1.6284236e+00   2.7421103e+00   1.6676713e+00   1.0829781e+00   9.5928387e-01
   3.2331585e+00   2.8788908e+00   2.3278436e+00   2.2345972e+00   1.7478182e+00   1.5680884e+00   1.5016529e+00   1.8324152e+00   1.8639792e+00   2.0115614e+00   1.5567031e+00   1.8199319e+00   2.7482688e+00   1.7493379e+00   1.3250667e+00   9.8449820e-01
   3.1920276e+00   2.9890243e+00   2.5698718e+00   1.8110961e+00   1.5777286e+00   1.4334119e+00   1.7410665e+00   1.5190937e+00   1.9011444e+00   1.7936252e+00   1.7487733e+00   1.9307838e+00   2.6837687e+00   1.6692983e+00   1.0934179e+00   9.2505066e-01
   2.2217465e+00   1.7057395e+00   2.6813214e+00   2.5367610e+00   1.8498076e+00   1.4515424e+00   1.5586884e+00   2.1692781e+00   1.7736024e+00   1.5204431e+00   2.0026463e+00   2.1436589e+00   2.7452778e+00   1.5544223e+00   1.1851129e+00   1.3092297e+00
   3.1593830e+00   2.4820445e+00   2.3443128e+00   2.2835708e+00   1.8052237e+00   1.9946999e+00   1.7249218e+00   1.9591239e+00   1.7662731e+00   1.7348233e+00   1.3280670e+00   1.6989744e+00   2.5456077e+00   1.8349464e+00   1.1877790e+00   1.0740055e+00
   2.7159112e+00   2.7265825e+00   2.1716675e+00   1.5880470e+00   1.6785750e+00   2.2858702e+00   1.7930401e+00   1.9906901e+00   2.1421514e+00   1.6953533e+00   1.2902240e+00   1.9605630e+00   2.3395902e+00   1.5476584e+00   8.6303595e-01   9.0480514e-01
   2.9851088e+00   3.5413660e+00   2.5438663e+00   2.3473950e+00   2.1723990e+00   1.6558483e+00   1.3990292e+00   1.2913770e+00   1.5311105e+00   1.5674910e+00   1.6407170e+00   1.8620015e+00   2.6553045e+00   1.8680945e+00   1.0165224e+00   9.6096657e-01
   2.9657985e+00   3.0484402e+00   2.5035103e+00   2.4059578e+00   2.2165147e+00   1.7239386e+00   1.8912061e+00   1.9661171e+00   1.9495683e+00   1.6887546e+00   1.7545197e+00   1.8930698e+00   2.6027469e+00   2.1158847e+00   1.2971469e+00   1.0674581e+00
   2.8956694e+00   2.4733055e+00   2.4459689e+00   2.0738786e+00   1.9311612e+00   1.5421412e+00   1.8472548e+00   1.9478258e+00   1.8976480e+00   1.5104536e+00   1.8322967e+00   1.8080984e+00   2.5824370e+00   2.0913711e+00   8.9768594e-01   7.9564878e-01
   2.6188520e+00   2.5949008e+00   2.2859918e+00   2.1144930e+00   1.9550869e+00   1.6577059e+00   1.7612580e+00   1.9448056e+00   1.8497890e+00   1.4589051e+00   1.7797719e+00   1.7296736e+00   2.4528174e+00   1.9240114e+00   1.0920590e+00   1.0844374e+00
   2.5198418e+00   2.6967283e+00   1.8614467e+00   2.4476264e+00   1.8937353e+00   2.0505291e+00   2.1232148e+00   2.3825705e+00   2.0162709e+00   1.8578445e+00   1.7206982e+00   1.6356201e+00   2.1346272e+00   1.7194580e+00   8.9062589e-01   8.0880047e-01
   2.3446173e+00   2.7799758e+00   1.9335881e+00   2.3193222e+00   1.4994235e+00   1.8438788e+00   1.8575061e+00   1.9134084e+00   1.9084486e+00   1.5962823e+00   1.7523151e+00   1.6151306e+00   2.0818822e+00   1.5415865e+00   1.0771035e+00   7.7499883e-01
   3.2393976e+00   2.3405040e+00   1.8642468e+00   1.7056931e+00   1.6932803e+00   2.4241728e+00   2.2412806e+00   2.2119223e+00   2.0728746e+00   1.8806888e+00   1.7064637e+00   1.8193308e+00   1.8225358e+00   1.6965979e+00   1.2921635e+00   1.1367950e+00
   2.8169394e+00   2.5236980e+00   2.1716706e+00   1.6988814e+00   1.7317012e+00   1.8953542e+00   2.0769841e+00   1.8839647e+00   2.1412963e+00   1.6427399e+00   1.4867651e+00   1.5108825e+00   1.6358275e+00   1.4939723e+00   9.4817840e-01   1.0065323e+00
   2.8139165e+00   2.5689372e+00   2.4874699e+00   2.4893509e+00   1.8258409e+00   2.1246440e+00   1.8659449e+00   1.5348074e+00   2.0540631e+00   1.5550985e+00   1.4217722e+00   1.6088932e+00   1.6100098e+00   1.7490384e+00   1.2084902e+00   1.1224173e+00
   2.7260860e+00   2.6262067e+00   2.0012141e+00   2.3331876e+00   1.9353288e+00   1.7909264e+00   1.4876037e+00   2.0575704e+00   2.0216124e+00   1.8118298e+00   1.6261653e+00   1.5966386e+00   1.1410711e+00   1.2293596e+00   1.0436755e+00   1.2089122e+00
   2.7461114e+00   3.0213422e+00   2.3772137e+00   1.9718939e+00   1.5859642e+00   1.4891875e+00   1.8333216e+00   1.8457913e+00   2.0158585e+00   1.5012683e+00   1.4741831e+00   1.4931754e+00   1.0934481e+00   1.0269156e+00   9.6275971e-01   1.0275061e+00
   2.7214681e+00   2.6136595e+00   1.9825916e+00   2.0774289e+00   1.7889580e+00   1.8009354e+00   2.1893187e+00   1.6249298e+00   1.4819025e+00   1.4162486e+00   1.3812474e+00   1.4372713e+00   1.3091712e+00   1.3172407e+00   1.3105246e+00   1.0766789e+00
   2.7474749e+00   2.7859146e+00   2.0120190e+00   2.5258607e+00   1.9087284e+00   1.7457258e+00   1.9698007e+00   1.6700163e+00   1.7195863e+00   1.6938369e+00   1.0947579e+00   1.6407379e+00   1.1785488e+00   1.3240860e+00   9.7665844e-01   1.0017437e+00
   2.6453125e+00   2.6467444e+00   2.1308774e+00   2.0666771e+00   1.8794824e+00   1.8095939e+00   1.8787345e+00   1.7991272e+00   1.6493047e+00   1.4672975e+00   1.4343252e+00   1.4096119e+00   1.1179212e+00   9.0778033e-01   9.4578962e-01   8.9308544e-01
   2.1649099e+00   2.0868013e+00   2.4959035e+00   2.2455881e+00   1.9439991e+00   1.8054670e+00   1.8788530e+00   1.6723805e+00   1.9042646e+00   1.5629720e+00   1.7345817e+00   1.3250022e+00   1.2675476e+00   8.8166801e-01   8.9795290e-01   8.3076789e-01
   2.8060205e+00   2.8120715e+00   2.7876083e+00   2.5462258e+00   2.1528883e+00   2.1354697e+00   1.6427472e+00   1.8431131e+00   1.5422146e+00   1.5518041e+00   1.2707089e+00   1.2351518e+00   9.2536306e-01   9.0079563e-01   7.3555361e-01   8.7981576e-01
   3.1162837e+00   2.5697368e+00   2.2264874e+00   3.0547975e+00   2.6431334e+00   2.2240942e+00   1.8317790e+00   1.7741154e+00   1.8343130e+00   1.6592673e+00   1.6394993e+00   1.6203591e+00   1.2071891e+00   1.2109953e+00   8.7915441e-01   9.4165368e-01
   2.7671002e+00   2.8755378e+00   1.6647301e+00   2.1426845e+00   1.9740462e+00   2.2840168e+00   1.7997553e+00   1.7070382e+00   1.6846870e+00   1.6477832e+00   1.5174202e+00   1.6670715e+00   1.3348448e+00   9.6947523e-01   6.9634972e-01   1.0419693e+00
   3.0321510e+00   2.1010145e+00   1.6263692e+00   1.9386086e+00   1.8530571e+00   1.1509492e+00   1.4184953e+00   1.6456597e+00   1.7596452e+00   1.4571944e+00   1.3880199e+00   1.4641294e+00   1.3209011e+00   7.6566803e-01   9.3794775e-01   9.1661263e-01
   2.8627425e+00   2.0200232e+00   1.4222587e+00   2.0544797e+00   1.6194400e+00   2.0716539e+00   1.7824069e+00   1.8628886e+00   1.5880624e+00   1.4572825e+00   1.7753515e+00   1.3071397e+00   1.4237813e+00   1.0483751e+00   8.7929187e-01   1.0113669e+00
   2.9990833e+00   2.2385955e+00   1.8750126e+00   2.3270497e+00   1.8800489e+00   2.1171977e+00   1.7657291e+00   1.6143639e+00   1.6975382e+00   1.6486252e+00   1.3911055e+00   1.0198575e+00   1.1085737e+00   7.4620764e-01   9.3368353e-01   9.1137150e-01
   2.7466973e+00   2.1840370e+00   1.8545750e+00   2.1240454e+00   2.1101619e+00   1.9152700e+00   2.4430218e+00   1.9587118e+00   1.7750977e+00   1.6032900e+00   1.4752633e+00   1.5644895e+00   7.2615670e-01   7.5877873e-01   9.4202575e-01   8.5167210e-01
   2.9339797e+00   2.8331367e+00   2.2858833e+00   2.0606911e+00   1.6552314e+00   1.4224351e+00   1.4969058e+00   2.0288338e+00   1.6769319e+00   1.5910130e+00   1.7774592e+00   1.3034633e+00   8.6629447e-01   8.3936013e-01   8.5280622e-01   7.0851813e-01
   3.0989774e+00   2.6008343e+00   2.4475464e+00   2.0825422e+00   1.9885820e+00   1.8747127e+00   1.5929421e+00   2.0988065e+00   1.6711918e+00   1.5560132e+00   1.4586707e+00   1.3803198e+00   1.2256096e+00   7.8821648e-01   9.4136316e-01   1.0925412e+00
   2.3693565e+00   2.6389568e+00   2.4169171e+00   1.9776063e+00   1.5819367e+00   1.2380050e+00   1.7966677e+00   2.2308735e+00   2.0738426e+00   1.7413373e+00   1.4267247e+00   1.4537258e+00   1.0249689e+00   1.0153865e+00   1.0545945e+00   1.0305170e+00
   2.4502068e+00   2.0634210e+00   2.3503773e+00   1.7290352e+00   1.7052461e+00   1.7408201e+00   2.3285247e+00   1.7856736e+00   2.0027098e+00   1.5927489e+00   1.5295605e+00   1.5709423e+00   1.3342780e+00   9.1319355e-01   1.0321052e+00   8.1065951e-01
   2.7865559e+00   1.8451864e+00   1.8990930e+00   1.8540088e+00   1.6759122e+00   1.7161257e+00   2.0362404e+00   1.8777394e+00   1.8423214e+00   1.5178888e+00   1.6655745e+00   1.4670429e+00   9.9137022e-01   7.7261397e-01   9.1795974e-01   1.0359487e+00
   2.4608688e+00   2.6886238e+00   2.0529161e+00   1.7278402e+00   1.8981764e+00   2.0380188e+00   2.2876402e+00   1.8232226e+00   1.8135712e+00   1.4284178e+00   1.4912711e+00   1.1811494e+00   1.1575431e+00   1.1372029e+00   1.2374182e+00   1.0323583e+00
   2.7557785e+00   2.8849383e+00   1.9423008e+00   1.9934453e+00   1.3993528e+00   2.2114032e+00   1.9758224e+00   1.9165599e+00   1.9414586e+00   1.8730316e+00   1.5277784e+00   1.3302972e+00   1.0059356e+00   1.1209140e+00   1.1716618e+00   8.6571851e-01
   3.0276904e+00   3.0957636e+00   2.3389848e+00   2.1200217e+00   2.4303450e+00   1.6943824e+00   1.8277540e+00   1.8010578e+00   1.8709999e+00   1.7649250e+00   1.3471385e+00   1.4068664e+00   1.2640983e+00   1.1204821e+00   1.0476647e+00   9.5174822e-01
   2.8416282e+00   2.5516830e+00   2.2495476e+00   2.1827261e+00   1.8082883e+00   1.8276236e+00   1.7066757e+00   1.8864929e+00   1.7718467e+00   1.4391103e+00   1.7402194e+00   1.5584158e+00   1.0303827e+00   1.2617468e+00   1.2816360e+00   9.2334303e-01
   2.8169824e+00   2.6439849e+00   2.1416382e+00   2.4319744e+00   1.7074060e+00   2.2137982e+00   2.2439713e+00   1.9257801e+00   1.9026386e+00   1.5729499e+00   1.5319539e+00   1.6142535e+00   1.1413160e+00   1.0914884e+00   1.0131527e+00   1.1512398e+00
   3.0902097e+00   1.8845575e+00   2.0151381e+00   2.2952655e+00   1.7954226e+00   2.2748968e+00   2.0397350e+00   2.3318001e+00   2.1125217e+00   1.6031054e+00   1.4702940e+00   1.6459346e+00   1.1764155e+00   1.0474140e+00   1.1815365e+00   1.1003842e+00
   3.0440828e+00   2.3090674e+00   1.7398331e+00   1.8188323e+00   2.2378256e+00   1.8580653e+00   1.7809366e+00   2.0770451e+00   1.9432684e+00   1.8187809e+00   1.4978406e+00   1.5150286e+00   1.0656906e+00   1.0752824e+00   1.0577424e+00   1.2330160e+00
   2.6437729e+00   2.4158832e+00   2.2426318e+00   1.8666532e+00   1.7833991e+00   1.4209372e+00   1.9797787e+00   2.0056428e+00   1.5526337e+00   1.6955726e+00   1.4670377e+00   1.7263548e+00   1.4973506e+00   1.1689084e+00   1.1301528e+00   9.4872892e-01
   2.2103761e+00   2.1644785e+00   2.1427401e+00   2.3124361e+00   1.9040395e+00   1.7603587e+00   2.2484821e+00   1.9184758e+00   1.7233606e+00   1.6890605e+00   1.5997693e+00   1.7973295e+00   1.2656031e+00   1.3718396e+00   1.1481762e+00   9.9328625e-01
   3.6488706e+00   3.1992792e+00   2.0047967e+00   2.0835722e+00   2.0659475e+00   2.1236058e+00   1.8913798e+00   1.8145221e+00   1.2951647e+00   1.3184954e+00   1.4701733e+00   1.8681899e+00   1.2149801e+00   1.2506952e+00   1.2884592e+00   1.0369321e+00
