   1.6841253e+00   1.1322141e+00   1.0397622e+00   1.2725360e-02  -5.9702731e-01  -7.0046312e-01  -8.1576750e-01  -1.1754597e+00  -1.2951943e+00  -1.5386290e+00  -1.6562305e+00  -1.4152628e+00  -1.6130421e+00  -2.0488452e+00  -1.9297403e+00  -1.8094728e+00
   1.2507933e+00   9.8856157e-01   8.3209196e-01   5.6341130e-01   2.3001217e-02  -4.9155537e-02  -2.0981750e-02  -2.9599500e-01  -5.9290746e-01  -6.7912706e-01  -1.3052796e+00  -1.1831067e+00  -1.1299269e+00  -1.2263568e+00  -1.6341391e+00  -1.4430597e+00
   2.1510425e+00   1.3364767e+00   1.1022282e+00   5.3521313e-01   3.3979907e-01   5.4612740e-01   7.5371620e-01   7.0986252e-01   1.9809261e-01   2.2207797e-01  -6.2539968e-01  -6.2206730e-01  -3.9260231e-01  -8.3877812e-01  -1.1637308e+00  -1.2003659e+00
   2.9560168e+00   1.5637852e+00   1.6586962e+00   2.2166416e-01   1.8008015e-01  -1.5311552e-01  -4.3068107e-01  -8.0168813e-01  -8.6030542e-01  -1.0316222e+00  -1.2527743e+00  -1.4221919e+00  -1.6888319e+00  -1.6797093e+00  -1.6960151e+00  -1.5458536e+00
   2.2532211e+00   1.6130187e+00   1.2714998e+00   6.5450028e-02  -2.7809356e-01  -2.7486160e-01  -4.0904712e-01  -4.8802710e-01  -1.0123773e+00  -9.0840333e-01  -1.0331264e+00  -1.0960600e+00  -3.9102139e-01  -3.2421064e-02  -5.1593226e-01  -6.7878609e-01
   2.7362040e+00   1.6822540e+00   1.2948134e+00   3.2264173e-01   4.8322246e-01   1.0507366e-01  -5.4069899e-01  -5.3749191e-01  -7.3225935e-01  -8.2976577e-01  -8.6957210e-01  -9.6727799e-01  -3.3699276e-01  -8.3754520e-02  -5.3522959e-01  -6.6981367e-01
   3.5511311e+00   1.7133084e+00   7.2916636e-01   7.6986509e-01   4.7275927e-01  -4.1870348e-03  -5.3887082e-01  -5.9716003e-01  -8.5530435e-01  -7.2870530e-01  -6.6113245e-01  -1.3152290e+00   1.7311507e-01   4.2751220e-01  -6.3331056e-01  -3.5374883e-01
   3.2992502e+00   1.8067562e+00   1.0510903e+00   2.4550898e-01   2.1393431e-01   2.9440125e-01  -4.3506601e-01  -1.0060127e+00  -6.7518705e-01   2.3415632e-02   3.6977228e-01  -3.2057511e-01   1.3279891e+00   1.5708459e+00   3.6893948e-01   6.7275180e-01
   3.3660692e+00   1.6819169e+00   1.2901639e+00   8.2131360e-01   4.4265425e-01   1.1410983e-01  -5.9539054e-01  -1.2958041e+00  -9.8463335e-01  -1.2138153e+00  -1.2260219e+00  -9.0301987e-01  -4.8418803e-01  -5.8554444e-01  -1.2733325e+00  -1.2660860e+00
   2.9596920e+00   1.7158624e+00   1.4911449e+00   6.0059635e-01   2.5740987e-01   3.7587834e-01  -9.2944466e-02  -3.6176311e-01  -5.5800685e-01  -5.4692305e-01  -6.0884476e-01  -6.0506128e-01  -5.8601566e-01  -6.3973155e-01  -6.3227018e-01  -5.9084008e-01
   3.1384144e+00   1.2893830e+00   2.8612325e-03  -3.4301559e-02   4.1012448e-02   2.3704088e-02  -7.4813229e-01  -9.5411519e-01  -1.8120014e+00  -1.4058066e+00  -1.6363606e+00  -1.3249813e+00  -1.6885353e+00  -1.5202369e+00  -1.5929177e+00  -1.6466826e+00
   2.7786789e+00   1.1680009e+00   2.4725685e-01   5.5585198e-01   1.5206359e-01  -3.4747765e-02  -5.0868079e-01  -9.3921708e-01  -1.1434109e+00  -1.0295642e+00  -1.1092642e+00  -1.1223618e+00  -1.2630931e+00  -1.1668975e+00  -1.1918848e+00  -1.0914739e+00
   2.1500068e+00   1.1444915e+00   6.6894198e-01   6.9684520e-01   2.4924767e-01   2.6208272e-01  -2.4670301e-01  -4.8848655e-01  -8.6179053e-01  -8.7032424e-01  -1.0682523e+00  -1.0295269e+00  -1.0836441e+00  -1.0538027e+00  -1.0867472e+00  -1.0206655e+00
   2.8069951e+00   1.4091832e+00   9.0948795e-01   1.2812125e+00  -3.7220661e-02  -4.6329732e-01  -6.1248706e-01  -6.9384655e-01  -1.1898088e+00  -1.3891970e+00  -1.5455448e+00  -1.6448278e+00  -1.0287240e+00  -7.6814216e-01  -1.0970935e+00  -1.1933201e+00
   2.3532727e+00   1.0025393e+00   1.0395880e+00   9.7841210e-01  -5.3755745e-02  -2.4571314e-01  -6.9034061e-01  -5.6703682e-01  -9.1398788e-01  -9.9989318e-01  -1.1646286e+00  -1.2166902e+00  -4.4685317e-01  -6.9851312e-03  -5.7032818e-01  -7.7232896e-01
   2.5441378e+00   9.0251548e-01   3.4718588e-01   3.6607508e-01  -7.0434006e-02  -2.0349776e-01  -5.8117273e-01  -6.8305687e-01  -8.6476721e-01  -9.9166044e-01  -9.8197681e-01  -1.0046726e+00  -1.0047643e+00  -8.0932733e-01  -9.6343690e-01  -9.6037397e-01
   2.4912969e+00   1.7654427e+00   1.1437769e+00   8.3851175e-01   4.0638156e-01   3.5046032e-01   2.7905621e-02   7.0377748e-02  -5.5260584e-01  -1.2301736e+00  -1.2894680e+00  -1.3984316e+00  -1.3636306e+00  -1.3687731e+00  -1.3289622e+00  -1.4558748e+00
   2.4708683e+00   1.6000907e+00   8.6607285e-01   7.5616372e-01  -3.6284538e-01  -1.8199636e-02  -4.8105310e-01  -2.7186101e-01  -1.1377695e+00  -1.3930721e+00  -1.3932974e+00  -1.3963537e+00  -1.4835189e+00  -1.4038687e+00  -1.5597548e+00  -1.5794154e+00
   2.5392076e+00   1.2936326e+00   5.9411234e-01   6.0169538e-01  -1.6697125e-01   2.9031772e-01  -5.0090655e-01  -9.1407679e-01  -1.4712301e+00  -1.4125228e+00  -1.8706588e+00  -1.6560766e+00  -1.3840889e+00  -1.4316092e+00  -1.4439558e+00  -1.6797696e+00
   2.2727202e+00   1.2546321e+00   4.4324775e-01   2.8000136e-01   1.5650130e-02   4.8963062e-01  -5.7180046e-01  -9.1840030e-01  -1.1611889e+00  -1.0055584e+00  -1.1485219e+00  -1.2602780e+00  -1.1961817e+00  -1.1622976e+00  -1.3662661e+00  -1.4090787e+00
   2.7348792e+00   1.3342720e+00   5.2830154e-01   4.3152282e-01  -3.2764120e-01   4.5161578e-02  -5.9757470e-01  -1.7686730e-01   3.0801465e-01  -6.8828126e-01  -1.9060710e-01   1.1617311e-01  -7.9144321e-01  -8.8629079e-01  -1.1688378e+00  -1.0758386e+00
   3.2211664e+00   2.3318811e+00   1.5447703e+00   1.3902543e+00  -1.4684776e-01   8.7714806e-02  -3.7245153e-01   3.3073196e-02   5.0560425e-01  -3.2024147e-01   2.7681055e-01   4.1289898e-01  -3.4596929e-01  -2.1329559e-01  -6.2140805e-01  -5.0815643e-01
   3.2050971e+00   2.4626495e+00   1.7937685e+00   7.3652590e-01   4.8359083e-01   1.9654980e-01  -1.3153014e-01  -4.7521871e-01  -4.0145217e-01   1.2278925e-01   1.0233144e+00   1.3732592e+00   5.4770123e-01   9.1134040e-01   3.3276560e-01   5.5219015e-01
   2.6061135e+00   2.1070002e+00   1.3130128e+00   4.7357467e-01   2.3297866e-01   2.2828463e-01   1.0461883e-01  -3.4997074e-01  -3.0320908e-01   4.8910475e-01   1.3416433e+00   2.3134726e+00   9.9584511e-01   1.1745209e+00   4.4817563e-01   7.8303777e-01
   3.3451283e+00   2.6428090e+00   1.0959665e+00   6.3873330e-01   1.1336541e-01  -4.9531311e-02  -2.0722220e-01  -2.5584228e-01  -8.4041778e-01  -2.3143095e-01   1.3346750e+00   2.2152441e+00   1.0683368e+00   1.4429585e+00   8.1596825e-01   1.0122137e+00
   3.0048969e+00   1.9967660e+00   1.2407310e+00   7.4858176e-01   1.7984734e-01   2.3839129e-01  -1.6909714e-01  -4.7443461e-01  -4.3377905e-01  -2.9112241e-01   1.0958663e+00   2.2229949e+00   1.0286956e+00   1.3829519e+00   5.1769835e-01   6.6531804e-01
   3.6204710e+00   1.8738995e+00   2.0380064e+00   2.0500041e+00   3.8040121e-01  -4.0119391e-01  -3.9318566e-01  -4.2490804e-01  -4.1303677e-01  -3.1326991e-01   1.0139183e-01   1.6171725e+00   9.2336219e-01   1.3572940e+00   2.9756344e-01   4.4496416e-01
   3.1844884e+00   2.1199309e+00   2.0638067e+00   1.9790030e+00   2.8757213e-01  -3.7921143e-01  -3.1564554e-02   2.3888571e-02  -6.4081573e-01  -8.4642377e-01   1.4950190e-02   7.6686050e-01   6.0649649e-01   8.7746635e-01   1.7630905e-01  -1.9125072e-02
   3.5326145e+00   2.4145176e+00   1.4142953e+00   1.3714978e+00   3.5398218e-01   1.1000399e-01  -2.4783816e-02  -1.0782772e-01  -2.6629676e-01   1.9332062e-02   5.0960159e-01   1.2289748e+00   1.0442872e+00   1.5564719e+00   7.8929750e-01  -1.6012294e-01
   3.4872330e+00   2.0276643e+00   1.8247167e+00   1.4252275e+00   4.1369936e-01   2.9297728e-01   9.4157691e-02  -1.3295142e-01  -2.2492315e-01   2.9512625e-01   7.8972860e-01   1.5929337e+00   1.6641320e+00   2.2372724e+00   1.3901253e+00  -1.3294465e-01
   3.2929854e+00   2.4103141e+00   2.2929749e+00   1.6646118e+00   7.7990706e-01   4.2575366e-01  -2.8878073e-01  -5.4664238e-01  -2.2748021e-01   4.5472535e-01   9.4794848e-01   1.7741176e+00   1.9027054e+00   2.4230718e+00   1.3672363e+00  -3.8484216e-01
   3.4056836e+00   2.1536431e+00   2.1240071e+00   4.7654727e-01   1.4542230e-02   3.8529873e-01  -3.1735390e-01  -4.8522715e-01  -5.1152350e-01   3.5903880e-01   9.0285386e-01   1.9095740e+00   2.0453509e+00   2.5503846e+00   1.4881397e+00  -2.3102494e-01
   2.9407375e+00   2.1106276e+00   1.8465638e+00   5.6125599e-01   3.9015550e-01   2.9508901e-01  -2.2748072e-01  -4.2271193e-01  -2.8505678e-01   4.9574874e-01   1.0051199e+00   1.8273520e+00   1.9844902e+00   2.5525930e+00   1.8003727e+00   2.6846157e-02
   3.1380383e+00   2.1826839e+00   1.5649719e+00   8.9621185e-01   1.5817436e-01   8.1179898e-02  -5.6511378e-01  -4.3443733e-01  -3.3265504e-01   4.3350622e-01   1.0367087e+00   1.8290716e+00   2.1430764e+00   2.7159288e+00   1.8881072e+00   4.5400711e-02
   2.9679130e+00   1.9124281e+00   1.3154964e+00   8.7774771e-01   3.9766440e-01   6.0598455e-01  -3.0621123e-02  -1.2916495e-01  -1.1490684e-01   6.6217674e-01   1.2077064e+00   2.0595275e+00   2.1233853e+00   2.7323134e+00   1.9715454e+00   5.5009983e-02
   3.1624408e+00   2.0343365e+00   1.5066970e+00   1.3411742e+00   6.6615767e-01   3.9909599e-01  -9.5284264e-02  -9.1509374e-01  -4.3849485e-01   5.3913420e-01   1.1357957e+00   1.8833944e+00   2.1498771e+00   2.7060966e+00   2.0637730e+00  -1.9645077e-01
   2.6824588e+00   2.2461624e+00   1.6153310e+00   1.4473509e+00   4.7788248e-01   3.7910154e-01  -6.1459460e-01  -9.8088820e-01  -7.2075496e-01   2.8986795e-01   9.6589552e-01   1.8649002e+00   2.0288605e+00   2.4509588e+00   1.8481418e+00  -5.7580709e-02
   2.2818446e+00   2.3068885e+00   1.6679156e+00   1.2696509e+00   4.2423267e-01  -2.6854930e-02  -5.3269788e-01  -5.1809173e-01  -2.9691801e-01   3.8648306e-01   1.2026214e+00   1.8567101e+00   2.0091319e+00   2.3877890e+00   1.8404605e+00   5.1238868e-02
   2.3467937e+00   2.2107715e+00   1.3292821e+00   1.4437609e+00   4.2597956e-01   1.0304703e-01  -5.1407326e-01  -6.0935438e-01  -8.6658916e-01   3.8862209e-02   6.9479889e-01   1.4377126e+00   1.7002633e+00   2.1780645e+00   1.6704270e+00  -6.4436806e-02
   2.8686507e+00   2.1322490e+00   1.1178704e+00   9.5723709e-01   7.0807591e-02  -1.5416421e-01  -6.6993482e-01  -6.3832015e-01  -7.3880770e-01   2.2649404e-01   7.8890927e-01   1.5592783e+00   1.7694536e+00   2.1511025e+00   1.6741195e+00  -2.4245447e-01
   2.5492827e+00   2.4081350e+00   1.1905415e+00   5.6326871e-01   3.6823013e-03  -1.7233472e-01  -5.9922486e-01  -5.9501045e-01  -7.3314910e-01   9.2414310e-02   6.4634516e-01   1.4222658e+00   1.6777131e+00   1.9609355e+00   1.5081072e+00  -2.7588067e-01
   2.5554029e+00   2.2149484e+00   1.1560923e+00   8.2378149e-01   2.0231130e-01  -6.4328836e-02  -7.6454744e-01  -8.8405756e-01  -8.1434063e-01   4.3158275e-02   6.6098030e-01   1.2734140e+00   1.4700106e+00   1.7487821e+00   1.3074836e+00  -4.6393061e-01
   2.3027144e+00   1.9029105e+00   6.9857091e-01   5.5519309e-01   3.6936632e-01   2.5645644e-01  -7.6102859e-01  -1.1647722e+00  -6.9756904e-01  -1.0716905e-02   6.3446687e-01   1.1858608e+00   1.2124167e+00   1.4098790e+00   5.8988093e-01  -6.9646319e-01
   1.9207581e+00   2.1977363e+00   8.8190259e-01   6.0255413e-01   3.8604324e-01  -1.1998105e-01  -1.0531111e+00  -1.2704772e+00  -7.8979991e-01  -1.4461122e-01   2.9182205e-01   9.7077007e-01   9.9768857e-01   1.1353212e+00   3.6942321e-01  -1.0524674e+00
   2.2345556e+00   2.3046101e+00   1.0015838e+00   8.6040015e-01   2.8323325e-01   1.7159497e-01  -1.0837848e+00  -1.0254071e+00  -9.2951917e-01  -3.3330282e-01   2.8884054e-01   9.5328886e-01   1.0003917e+00   1.1876681e+00   4.7407126e-01  -6.7521413e-01
   2.4571134e+00   1.9383687e+00   7.5953870e-01   8.9740116e-01  -2.8196328e-03  -3.4833737e-01  -5.6505382e-01  -8.5058374e-01  -1.2107481e+00  -2.9826395e-01   2.8861646e-01   9.6258660e-01   1.1226602e+00   1.3525875e+00   7.2983090e-01  -7.8979598e-01
   2.0938057e+00   1.6625871e+00   7.7213036e-01   7.9014767e-01   1.4020164e-01   1.4417633e-01  -9.8336176e-01  -1.1424589e+00  -1.0464510e+00  -3.3822987e-01   2.4921280e-01   1.0162726e+00   1.1556698e+00   1.3025156e+00   7.3833493e-01  -6.2230374e-01
   1.8206823e+00   1.7078370e+00   4.1794714e-01   4.0753702e-01   1.9791718e-01   3.4029814e-01  -7.4991574e-01  -1.1505639e+00  -1.3662804e+00  -4.8184670e-01  -5.3251064e-02   8.0734951e-01   9.5527845e-01   1.0846446e+00   5.5335315e-01  -5.7612385e-01
   1.8411562e+00   1.8562705e+00   1.1462697e+00   2.2329161e-01   3.0653474e-01  -1.5659886e-02  -6.8028672e-01  -9.0588878e-01  -1.3710952e+00  -8.2999133e-01  -3.0175782e-01   5.5604678e-01   6.6179831e-01   7.5249012e-01   2.4902592e-01  -5.9299674e-01
   1.6076450e+00   1.4845181e+00   1.0623129e+00   6.8434409e-01   1.5633939e-02   4.3356561e-01  -5.0703097e-01  -8.0431895e-01  -1.2492473e+00  -1.0778093e+00  -5.4681895e-01   1.8091427e-01   3.0907137e-01   3.7971829e-01  -1.7417792e-01  -1.0657738e+00
   1.6810666e+00   1.5978370e+00   1.0072989e+00   8.2270993e-01   8.9135786e-02  -9.4178408e-02  -7.6798473e-01  -1.0262841e+00  -1.0195790e+00  -1.3887748e+00  -1.1030875e+00  -1.2710922e-01  -4.8788680e-01  -9.0273255e-01  -1.0068865e+00  -1.1383933e+00
   2.3442481e+00   1.3240941e+00   7.4535617e-01   8.7211359e-01   3.6047944e-01  -1.3119407e-01  -9.1295029e-01  -1.0984414e+00  -2.7233042e-01  -7.3514829e-01  -1.2233893e+00  -4.9963680e-01  -5.4385212e-01  -2.8079254e-01  -6.6044850e-01  -9.1517419e-01
   2.4767746e+00   1.2948249e+00   2.4707730e-01  -1.2696068e-02  -2.1568107e-01   2.2079532e-01  -6.2546923e-01  -1.2584864e+00  -1.0620917e+00  -1.0674164e+00  -7.2678790e-01   3.4995554e-01  -8.0289552e-01  -8.9237356e-01  -7.1335518e-01  -7.1568293e-01
   2.2121450e+00   1.5091396e+00   9.0522854e-01   4.7306298e-01   5.2683449e-01   7.2290499e-01  -6.6152300e-01  -5.3388824e-01  -1.3163760e+00  -1.3682824e+00  -7.7328361e-01   1.9412331e-01  -8.7933654e-01  -1.0783908e+00  -9.5282912e-01  -9.7238201e-01
   2.8498970e+00   1.4848585e+00   3.0245089e-01   2.6573305e-01   5.6283618e-01  -1.0429561e-01  -4.0362223e-01  -7.0925074e-01  -1.4485374e+00  -1.3088931e+00  -1.3966414e+00  -1.4640275e+00  -1.6883189e+00  -1.6457893e+00  -1.5925376e+00  -1.6186685e+00
   2.2636971e+00   7.1250194e-01   2.4248763e-01   3.8527191e-01   3.7893607e-01   1.0563739e-01  -4.6669877e-01  -1.1192153e+00  -1.2429365e+00  -1.3493630e+00  -1.4125559e+00  -1.2132457e+00  -1.5376961e+00  -1.5534089e+00  -1.4243664e+00  -1.2102719e+00
   1.7842648e+00   4.5761698e-01   2.1757974e-01   1.0105450e-01  -1.6900020e-01  -3.4034461e-01  -8.1121592e-01  -1.0138609e+00  -1.2524207e+00  -1.1745927e+00  -1.6746509e+00  -1.4045142e+00  -1.5395506e+00  -1.2998342e+00  -1.5290247e+00  -1.0633978e+00
   1.9224735e+00   5.6420941e-01   6.4256609e-01   4.0324511e-01   2.8879772e-01  -2.0973657e-02  -5.3068049e-01  -1.0603542e+00  -1.2049442e+00  -1.3108858e+00  -1.2486253e+00  -1.3807095e+00  -1.3164256e+00  -1.4044181e+00  -1.6674768e+00  -1.2710907e+00
   2.2154858e+00   1.3697693e+00   4.6200165e-01   8.7135659e-01   3.8252148e-01  -3.0874712e-01  -1.0094832e+00  -1.1337012e+00  -1.1606143e+00  -1.2015909e+00  -1.2139298e+00  -1.3180405e+00  -1.2155154e+00  -1.1762847e+00  -1.2972854e+00  -1.2368707e+00
   2.3655129e+00   8.6968378e-01   3.4778623e-01   3.5711903e-01  -3.2797405e-02  -1.2487911e-01  -1.2350411e+00  -9.5967251e-01  -1.3984519e+00  -1.5450858e+00  -1.8199881e+00  -1.5329179e+00  -1.5248957e+00  -1.5958038e+00  -1.7313598e+00  -1.6188109e+00
   2.0422288e+00   5.5245162e-01   5.1048683e-01   4.5802049e-01   1.1958559e-01   2.4376061e-01  -6.4651084e-01  -9.2866598e-01  -1.0650356e+00  -1.2315454e+00  -1.2842278e+00  -1.3178293e+00  -7.4582433e-01  -6.3338240e-01  -9.1100926e-01  -1.0390014e+00
   1.9803371e+00   1.1603677e+00   5.7932312e-01   5.1323527e-01  -1.7892510e-01   1.7505457e-01  -7.0903887e-01  -6.2281688e-01  -1.4139153e+00  -1.5118578e+00  -1.5143922e+00  -1.6539949e+00  -1.4880152e+00  -1.6101710e+00  -1.6542946e+00  -1.4751091e+00
   2.0584111e+00   1.7108456e+00   1.0929249e+00  -2.0459043e-03  -1.5844045e-01   6.2494677e-01  -3.4921823e-01  -1.0570300e+00  -1.1344428e+00  -1.2958239e+00  -1.4343316e+00  -1.5823873e+00  -1.5496513e+00  -1.7135579e+00  -1.7705442e+00  -1.4458760e+00
   2.3684081e+00   1.1329804e+00   6.1039716e-01   6.2908301e-01   3.7876769e-01   1.7638148e-01  -3.7680186e-01  -7.4836601e-01  -1.2280724e+00  -1.2950447e+00  -1.2827047e+00  -1.5072268e+00  -1.6019978e+00  -1.6445373e+00  -1.4923096e+00  -1.3950497e+00
   2.5586422e+00   1.1650621e+00   7.9354853e-01   4.9597858e-01   3.5901023e-01  -2.2448801e-02  -5.3231723e-01  -1.0382331e+00  -1.3526902e+00  -1.8410204e+00  -1.5995346e+00  -1.5666866e+00  -1.6988322e+00  -1.6877324e+00  -1.6928505e+00  -1.5237036e+00
   2.3101382e+00   1.3608248e+00   8.6396761e-01   1.7737815e-01   1.1487377e-01  -1.2264437e-01  -6.5164138e-01  -1.3176137e+00  -1.5085159e+00  -1.7664036e+00  -1.8827750e+00  -1.7449379e+00  -1.8132875e+00  -1.9169211e+00  -1.7800814e+00  -1.5849980e+00
   2.0255294e+00   1.0712577e+00   4.4827158e-01   2.6678311e-01  -4.4515088e-02  -6.9750851e-02  -5.3253944e-01  -9.2019198e-01  -1.4686634e+00  -1.4444381e+00  -1.4615738e+00  -1.5502723e+00  -1.6257986e+00  -1.5793687e+00  -1.5528302e+00  -1.4503632e+00
   1.4794631e+00   1.6756379e-01   8.9155572e-01   1.1590293e-01  -1.4684282e-01   4.3454872e-01  -9.0409953e-01  -1.0428460e+00  -1.2732374e+00  -1.3279324e+00  -1.7101348e+00  -1.6614106e+00  -1.7862712e+00  -1.5722107e+00  -1.5359271e+00  -1.6609848e+00
   1.9304902e+00   4.5006262e-01  -7.8810056e-02  -3.4572770e-01   1.7573782e-01   2.5061580e-01  -4.5867463e-01  -9.9169596e-01  -1.2420505e+00  -1.2211636e+00  -1.4904116e+00  -1.4198802e+00  -1.3583148e+00  -1.5169231e+00  -1.5718905e+00  -1.5588667e+00
   2.4463900e+00   3.2067571e-01   2.1317074e-01   5.8030196e-01   3.5179823e-01  -1.5522872e-01  -9.6943448e-01  -1.4105867e+00  -1.4022197e+00  -1.7255700e+00  -1.5201087e+00  -1.5972843e+00  -1.8542842e+00  -1.6112961e+00  -1.7162822e+00  -1.4978449e+00
   1.9673107e+00   1.0795600e+00   6.8564879e-01   8.0113409e-02   1.9552523e-01   3.2823645e-02  -5.5562309e-01  -1.6509440e+00  -1.3722358e+00  -2.0235560e+00  -1.8176193e+00  -1.6203772e+00  -1.8151379e+00  -1.9841988e+00  -2.0038333e+00  -1.7180321e+00
   2.0123079e+00   1.1175298e+00   4.4502914e-01   1.0295208e-01  -7.4658701e-03   5.3661420e-02  -9.0854951e-01  -1.0707961e+00  -1.1435278e+00  -1.3759703e+00  -1.6192334e+00  -1.6802892e+00  -1.7599601e+00  -1.7004848e+00  -1.5999929e+00  -1.5549991e+00
   2.4776353e+00   1.5152033e+00   3.3141878e-01  -4.3597789e-02   8.5850547e-03   3.0829955e-01  -5.3040500e-01  -9.7606671e-01  -1.4906660e+00  -1.3721697e+00  -1.6094190e+00  -1.6269299e+00  -1.6806410e+00  -1.6497708e+00  -1.6985635e+00  -1.5017245e+00
   2.1963282e+00   8.1283215e-01   3.3599546e-02   4.6241129e-01   4.1407484e-01   4.3247086e-01  -6.1163880e-01  -1.1000315e+00  -1.5289832e+00  -1.7621744e+00  -1.7048096e+00  -1.5848420e+00  -1.5737548e+00  -1.8944492e+00  -1.6659799e+00  -1.4234171e+00
   2.0062216e+00   2.8441490e-01  -2.5992822e-01   1.4605435e-01   3.9090629e-01  -5.7244629e-02  -1.0500927e+00  -1.0462007e+00  -1.4701529e+00  -1.7404333e+00  -1.3034286e+00  -1.5141705e+00  -1.7568440e+00  -1.6628097e+00  -1.6477191e+00  -1.3142797e+00
   1.6398218e+00   4.8909279e-01   1.6883365e-01   4.8424508e-01   6.8019438e-01   6.3038002e-01  -7.4336904e-01  -8.4032930e-01  -1.1957514e+00  -1.4829214e+00  -1.3796205e+00  -1.2407274e+00  -1.3925044e+00  -1.5662210e+00  -1.5174686e+00  -1.4710675e+00
   2.1012756e+00   6.8771981e-01   4.0016482e-01   5.0891650e-01   1.6695983e-02   2.2193684e-01  -5.0576677e-01  -8.3029431e-01  -1.2387798e+00  -1.4750078e+00  -1.6098005e+00  -1.5142400e+00  -1.5741845e+00  -1.8271473e+00  -1.7447493e+00  -1.5400551e+00
