   2.5504007e+00   2.3120640e+00   1.5686322e+00   1.2732664e+00   1.1402760e+00   1.4507070e+00   1.2410794e+00   1.1356238e+00   8.3527818e-01   5.8860304e-01   7.8190658e-01   1.1424168e+00   8.9895447e-01   7.0042643e-01   7.4954938e-01   7.0034376e-01
   2.9854177e+00   2.2706299e+00   1.2702439e+00   1.0835816e+00   7.0527469e-01   1.0007384e+00   1.1598486e+00   6.9235841e-01   9.5716273e-01   9.5953514e-01   9.1934797e-01   7.8086487e-01   6.0395671e-01   7.7860429e-01   9.9988305e-01   9.1544398e-01
   2.9915531e+00   1.8285279e+00   1.5109025e+00   9.8124019e-01   9.8754387e-01   9.6911698e-01   5.9248077e-01   1.0238271e+00   1.1745148e+00   1.1288614e+00   6.8695608e-01   8.2623960e-01   4.9199036e-01   7.0078967e-01   8.8578818e-01   7.9400651e-01
   2.1027347e+00   1.6072787e+00   1.0518625e+00   1.2634897e+00   1.4151016e+00   8.8087373e-01   9.5832758e-01   9.0126597e-01   1.2571420e+00   1.0712455e+00   1.1475647e+00   9.4616288e-01   7.3121500e-01   6.3018736e-01   7.2687789e-01   8.3640981e-01
   2.2265783e+00   1.3246188e+00   1.1997203e+00   1.4060484e+00   1.5187703e+00   5.4279188e-01   9.1626336e-01   8.8141550e-01   1.1410422e+00   8.6645976e-01   9.2255136e-01   1.2811347e+00   8.3009034e-01   4.3072900e-01   7.2627631e-01   5.9987906e-01
   2.6321389e+00   2.0074602e+00   1.1335302e+00   1.7155527e+00   1.9784787e+00   1.3900579e+00   8.6158746e-01   8.7529525e-01   9.9993094e-01   1.5058577e+00   1.2927109e+00   1.3468974e+00   8.5921288e-01   6.2679848e-01   9.4863514e-01   8.5210712e-01
   1.8467731e+00   1.9261024e+00   1.5564358e+00   1.5682851e+00   1.8647708e+00   1.6187629e+00   1.1423512e+00   7.5959797e-01   1.1895394e+00   1.2906185e+00   1.3082979e+00   1.4292865e+00   1.1711804e+00   1.0241605e+00   9.3983250e-01   8.2745371e-01
   3.0056709e+00   2.4382362e+00   1.9383747e+00   1.3644853e+00   1.3854346e+00   1.0659817e+00   9.6210193e-01   1.0012618e+00   1.3702600e+00   1.1525585e+00   9.7245940e-01   8.8265437e-01   7.9350177e-01   9.9393837e-01   7.5361085e-01   7.8384978e-01
   3.0902274e+00   2.3370282e+00   1.8356990e+00   2.1462720e+00   1.6014427e+00   1.3641407e+00   1.0649560e+00   9.6321623e-01   9.3347287e-01   7.7929346e-01   9.0823917e-01   9.2363770e-01   8.5510977e-01   5.4715157e-01   5.1064206e-01   5.5532131e-01
   2.8783168e+00   2.4385939e+00   1.8719701e+00   2.0005863e+00   1.5561165e+00   1.2820996e+00   9.3276329e-01   1.1523171e+00   9.7770673e-01   6.9569122e-01   1.0934533e+00   1.0132623e+00   6.0757818e-01   5.7744252e-01   7.6304480e-01   8.3252101e-01
   2.5826311e+00   2.0785666e+00   1.1791909e+00   1.3785356e+00   1.3650677e+00   1.2285910e+00   1.2803396e+00   1.0572532e+00   1.1863863e+00   8.1973116e-01   1.0628429e+00   8.4417088e-01   6.0532656e-01   8.3305957e-01   7.1479352e-01   7.7569206e-01
   2.6909133e+00   2.4833056e+00   1.7219524e+00   1.5362426e+00   1.4044535e+00   1.3933237e+00   9.7104830e-01   1.2354759e+00   1.2032879e+00   7.4838789e-01   1.3572522e+00   1.0266025e+00   8.9746991e-01   7.9018191e-01   5.8953134e-01   8.6053773e-01
   2.9092633e+00   2.3338735e+00   1.7034594e+00   1.4601251e+00   1.5812584e+00   1.6557353e+00   1.1235137e+00   1.1019613e+00   1.5181208e+00   1.2903731e+00   1.2201321e+00   8.3584531e-01   8.9434697e-01   9.9044116e-01   7.3283362e-01   6.9364139e-01
   2.0843620e+00   2.2519359e+00   2.1485931e+00   1.7921883e+00   1.4532126e+00   1.5674039e+00   8.1571672e-01   1.1168325e+00   1.2611838e+00   1.2634063e+00   1.3781385e+00   1.0482483e+00   8.7483273e-01   9.2756987e-01   9.9964699e-01   9.2614496e-01
   2.6713412e+00   2.3132146e+00   1.9932671e+00   1.4347976e+00   1.4472196e+00   1.4770196e+00   1.4667452e+00   1.5502160e+00   1.5580189e+00   1.2316504e+00   1.2338585e+00   1.1629800e+00   1.1040428e+00   7.6603320e-01   1.0729551e+00   1.1267108e+00
   2.4859134e+00   1.9814187e+00   1.6469088e+00   1.7797770e+00   1.6319362e+00   1.1957429e+00   1.1297483e+00   1.4291279e+00   1.5722956e+00   1.0793306e+00   1.0011845e+00   1.3901698e+00   7.9278540e-01   6.5206644e-01   6.9186290e-01   9.4903273e-01
   2.3436294e+00   1.8263648e+00   1.8610158e+00   1.8704622e+00   1.6218386e+00   1.6668182e+00   1.2354211e+00   1.3194292e+00   1.3324345e+00   1.2979108e+00   1.3409335e+00   1.2962381e+00   9.4161208e-01   8.1086539e-01   8.5294522e-01   7.7831603e-01
   2.4119138e+00   2.6174424e+00   1.8957627e+00   1.2895552e+00   1.5168642e+00   1.2669462e+00   9.9216759e-01   8.6821850e-01   1.4293135e+00   8.2475095e-01   1.0599331e+00   1.0379265e+00   7.3752117e-01   5.6111397e-01   9.0038461e-01   6.1827963e-01
   2.4175554e+00   2.7491189e+00   2.0432827e+00   1.4240328e+00   1.0956879e+00   1.0899006e+00   9.9047022e-01   1.2986672e+00   1.1566005e+00   5.2202085e-01   1.0310795e+00   9.7479257e-01   7.1290391e-01   4.8161123e-01   7.5609079e-01   7.0086802e-01
   2.4632283e+00   2.3078807e+00   1.1850266e+00   1.2578486e+00   1.3603200e+00   1.1156772e+00   1.4350438e+00   1.3829624e+00   6.9163563e-01   9.1927835e-01   9.3585456e-01   1.1839540e+00   7.9661737e-01   5.9728952e-01   8.4650510e-01   7.8112520e-01
   2.6587869e+00   2.3029946e+00   1.2355104e+00   1.5774793e+00   1.6529562e+00   1.2864467e+00   1.5602643e+00   1.2096783e+00   8.0934951e-01   9.1276696e-01   1.1623015e+00   1.0480582e+00   7.9553001e-01   7.1543828e-01   8.2717758e-01   6.0848526e-01
   2.5978850e+00   2.1030663e+00   1.3949216e+00   1.3035443e+00   1.3361632e+00   1.1620563e+00   1.2535686e+00   1.1108347e+00   1.2163530e+00   1.0236072e+00   1.0806904e+00   9.4760334e-01   3.7224863e-01   5.4393180e-01   4.9754505e-01   4.3268659e-01
   1.9717067e+00   1.8987841e+00   8.9326445e-01   1.4505359e+00   1.1826391e+00   1.1250004e+00   1.1719821e+00   1.0761588e+00   9.9452701e-01   7.7951346e-01   1.0227331e+00   1.1310996e+00   9.9307675e-01   7.3707296e-01   6.6507210e-01   5.2072718e-01
   2.2467733e+00   2.4702774e+00   1.5488703e+00   1.2302936e+00   1.3651880e+00   1.3431633e+00   1.3736433e+00   1.1194615e+00   1.1464560e+00   1.0537791e+00   1.2975268e+00   1.4946922e+00   6.2446170e-01   9.4256772e-01   8.0695571e-01   8.9627447e-01
   2.4577637e+00   2.2150303e+00   1.3601483e+00   1.2164987e+00   1.1879986e+00   1.0175204e+00   1.4362486e+00   1.2532881e+00   1.1286607e+00   8.0893844e-01   8.4420196e-01   9.8011656e-01   4.7435284e-01   8.0211983e-01   6.3146369e-01   8.2792615e-01
   2.4992432e+00   2.1677685e+00   1.8614022e+00   8.5331751e-01   1.3973953e+00   1.4197268e+00   1.2375232e+00   1.0103896e+00   1.0132344e+00   6.6714557e-01   8.3367466e-01   1.0345383e+00   3.1885745e-01   2.5096415e-01   6.5522279e-01   7.0442455e-01
   2.6739366e+00   2.1697124e+00   1.5865429e+00   1.2444595e+00   1.5342561e+00   1.5230543e+00   1.2990384e+00   1.1887428e+00   1.2994230e+00   1.2205804e+00   1.4921122e+00   1.0178502e+00   7.7229244e-01   6.1980459e-01   7.2691144e-01   4.7670287e-01
   2.2432105e+00   2.0724381e+00   1.8737734e+00   1.6109858e+00   1.2217602e+00   1.2765167e+00   9.8335339e-01   1.0767123e+00   1.1313995e+00   8.3741233e-01   1.0295421e+00   7.7687669e-01   4.5982416e-01   6.4621340e-01   9.9049914e-01   7.5150361e-01
   2.0992465e+00   1.5154075e+00   1.6835882e+00   1.9095370e+00   1.7073187e+00   1.1503659e+00   1.1492700e+00   1.1197637e+00   1.0628805e+00   1.0095703e+00   1.2022286e+00   1.2023283e+00   6.4683846e-01   6.8237281e-01   7.4564603e-01   7.5259393e-01
   2.7291689e+00   2.5212554e+00   1.6050634e+00   2.1571396e+00   1.8031011e+00   1.1849183e+00   6.9458079e-01   1.2594674e+00   1.1667346e+00   8.8934152e-01   9.5093954e-01   1.3217411e+00   1.2238265e+00   8.2566632e-01   7.0475397e-01   7.0979716e-01
   2.2560035e+00   2.5827232e+00   2.4771758e+00   3.5164144e+00   2.6877725e+00   1.7266502e+00   1.0945405e+00   1.4895646e+00   1.6453035e+00   2.2415165e+00   2.2887647e+00   2.3627261e+00   2.7401990e+00   1.2841937e+00   6.2133891e-01   6.3507692e-01
   3.2031660e+00   2.4042248e+00   2.5594034e+00   4.2751269e+00   2.9831232e+00   1.2521676e+00   1.7089444e+00   1.6742046e+00   1.6900792e+00   2.7531008e+00   2.6666151e+00   3.0087831e+00   3.1290249e+00   1.5287767e+00   8.0348070e-01   1.0801639e+00
   2.4244174e+00   1.6441315e+00   2.6050002e+00   4.5030401e+00   3.3323385e+00   2.0515769e+00   1.5728464e+00   1.4880401e+00   1.7404030e+00   2.9679705e+00   2.7979259e+00   3.0851808e+00   3.1108530e+00   1.4558011e+00   7.2000314e-01   8.8369405e-01
   2.2048861e+00   2.0840183e+00   2.8195112e+00   4.5413439e+00   3.5093929e+00   2.0159565e+00   1.6061264e+00   1.9570051e+00   2.0573337e+00   3.0997807e+00   2.9312203e+00   3.0911204e+00   3.2841560e+00   1.7561045e+00   8.3154132e-01   9.0845346e-01
   2.9156421e+00   3.0773652e+00   2.6801456e+00   4.3765713e+00   3.4785724e+00   1.9558978e+00   1.8035998e+00   2.0103966e+00   2.1710100e+00   3.3859110e+00   2.8945545e+00   2.9932194e+00   3.3707986e+00   1.7562667e+00   9.5776946e-01   1.0456501e+00
   3.0992410e+00   2.7036163e+00   2.7939213e+00   4.3773541e+00   3.7266546e+00   2.0639643e+00   1.7439367e+00   1.9807682e+00   2.3234277e+00   3.6961768e+00   3.2896991e+00   3.4149224e+00   3.5916716e+00   2.0654892e+00   1.0053410e+00   1.2925940e+00
   2.3603804e+00   2.9808812e+00   3.0446844e+00   4.2097272e+00   3.8688141e+00   2.1715224e+00   1.8574224e+00   2.2264099e+00   2.4841021e+00   3.5789045e+00   3.4884350e+00   3.6963071e+00   3.8632487e+00   2.2596464e+00   1.2131428e+00   1.4297466e+00
   2.6502556e+00   2.6260960e+00   2.7818257e+00   4.0157618e+00   3.9519613e+00   2.4887972e+00   2.1613704e+00   2.4677903e+00   2.8068712e+00   3.5600706e+00   3.4575633e+00   3.5267139e+00   3.8878844e+00   2.3286856e+00   1.3603011e+00   1.5351379e+00
   2.1980487e+00   2.1619017e+00   2.8621085e+00   4.0030773e+00   4.1038374e+00   2.3657885e+00   1.9042153e+00   2.3629473e+00   2.8244020e+00   3.7827735e+00   3.4530134e+00   3.8500912e+00   3.9020156e+00   2.4654882e+00   1.4107365e+00   1.8874657e+00
   2.7942141e+00   2.6672221e+00   2.8789008e+00   4.0805184e+00   4.2439490e+00   2.7343132e+00   2.1036024e+00   2.5089029e+00   3.0371405e+00   3.6840139e+00   3.2494478e+00   3.5244462e+00   3.5941051e+00   2.4590775e+00   1.4366814e+00   1.9195794e+00
   2.6441514e+00   3.3288968e+00   2.9755034e+00   4.1206883e+00   4.3802724e+00   3.0946961e+00   2.2239915e+00   2.7236641e+00   3.1704146e+00   3.5952674e+00   3.2408351e+00   3.8156219e+00   3.8400681e+00   2.4829479e+00   1.3394443e+00   1.7572902e+00
   2.6147079e+00   2.6946570e+00   2.7074614e+00   3.9475705e+00   4.3416163e+00   3.2914440e+00   2.4473578e+00   2.9242685e+00   3.1961114e+00   3.3425874e+00   3.1216323e+00   3.8018664e+00   3.7436614e+00   2.3672414e+00   1.2649956e+00   1.6801569e+00
   2.6184447e+00   2.5426886e+00   2.8024756e+00   3.8959753e+00   4.2598640e+00   3.3874363e+00   2.1493442e+00   2.7428370e+00   3.3631840e+00   3.0307342e+00   2.9845273e+00   3.7849313e+00   3.7447326e+00   2.1624691e+00   1.2050198e+00   1.8396171e+00
   2.8135479e+00   2.6674443e+00   2.6754874e+00   3.7430802e+00   3.9771264e+00   3.3242915e+00   2.2156439e+00   2.8382128e+00   3.5359641e+00   2.7060966e+00   2.8799155e+00   3.5553239e+00   3.4627330e+00   1.9801166e+00   1.3041539e+00   1.6749137e+00
   2.8667440e+00   2.6726492e+00   2.6597652e+00   3.7290932e+00   3.9629072e+00   3.2232554e+00   2.1052614e+00   3.0172042e+00   3.5267974e+00   2.5006131e+00   2.4530467e+00   3.3108293e+00   3.3723979e+00   1.7556569e+00   9.7494090e-01   1.6398132e+00
   3.0253252e+00   2.9312733e+00   2.8202721e+00   3.9280486e+00   3.9825475e+00   2.9466481e+00   2.1560152e+00   3.4324416e+00   3.5751646e+00   2.2186041e+00   2.5136216e+00   3.7301425e+00   3.4688126e+00   1.6752308e+00   1.3448871e+00   1.5863264e+00
   2.6806687e+00   2.8165004e+00   3.1646289e+00   3.7156142e+00   3.5801141e+00   2.2935449e+00   1.8965620e+00   3.1728834e+00   2.9600997e+00   1.5277623e+00   2.0688466e+00   3.1543727e+00   3.0275264e+00   1.4447861e+00   1.2294221e+00   1.2720390e+00
   2.9049991e+00   2.7376093e+00   2.9576263e+00   3.4364700e+00   3.2508563e+00   2.2021714e+00   1.8514060e+00   3.1454052e+00   2.2337877e+00   1.2360038e+00   1.8982591e+00   2.9534876e+00   2.5330043e+00   1.3604551e+00   1.1711207e+00   1.1194410e+00
   3.4284615e+00   2.3953003e+00   3.0199260e+00   3.1965696e+00   3.3050060e+00   2.3656683e+00   2.1306772e+00   3.0968835e+00   1.9480105e+00   8.2583661e-01   1.5338712e+00   2.7084377e+00   2.2071528e+00   1.0488541e+00   8.2544450e-01   8.6300752e-01
   2.8547358e+00   2.6679772e+00   3.1732604e+00   3.2444919e+00   3.3229851e+00   2.5851863e+00   2.2285795e+00   2.6428991e+00   1.7961772e+00   9.1192215e-01   1.3590223e+00   2.3367940e+00   2.2181943e+00   8.2894856e-01   6.8026247e-01   9.8517005e-01
   2.7732186e+00   2.1937251e+00   2.9416063e+00   3.3082049e+00   3.3697033e+00   2.4730217e+00   2.5005408e+00   2.5469093e+00   1.3178124e+00   9.6377740e-01   1.2007341e+00   2.2894479e+00   2.2519489e+00   1.0315389e+00   6.5847359e-01   1.0505352e+00
   2.0736734e+00   2.4888193e+00   2.9717769e+00   3.2608393e+00   3.2060075e+00   2.5417398e+00   2.6360185e+00   2.5288428e+00   1.1283780e+00   9.6531890e-01   1.3314593e+00   2.1124415e+00   2.0639870e+00   7.7261922e-01   6.3109604e-01   8.9069472e-01
   2.3336014e+00   2.5124046e+00   2.7546811e+00   3.1045089e+00   3.2440693e+00   2.6710547e+00   2.5491880e+00   2.3703857e+00   1.2379212e+00   1.0883012e+00   1.1113862e+00   2.2540847e+00   1.8796663e+00   8.1658249e-01   8.2778945e-01   7.8470688e-01
   2.3097391e+00   2.6109511e+00   2.7496721e+00   3.2807887e+00   3.1962286e+00   2.4894212e+00   2.4554614e+00   2.4170893e+00   1.6722584e+00   1.3377358e+00   1.5069819e+00   2.1654435e+00   1.6374599e+00   5.8225738e-01   5.9646539e-01   6.7737345e-01
   2.6723453e+00   2.3573655e+00   2.7812145e+00   3.3146954e+00   2.8714249e+00   2.3809304e+00   2.4873101e+00   2.3382501e+00   1.4479413e+00   1.1178311e+00   1.1804810e+00   1.8067061e+00   1.5423904e+00   5.5380228e-01   6.5739743e-01   6.8325533e-01
   2.7967450e+00   3.1827661e+00   2.9539496e+00   3.6497443e+00   2.6068952e+00   2.4222460e+00   2.6178306e+00   2.0164300e+00   1.2072682e+00   1.0291277e+00   1.4224282e+00   1.7571926e+00   1.6899043e+00   6.2158862e-01   6.9434940e-01   7.2980910e-01
   2.1275690e+00   2.7606898e+00   2.8804062e+00   3.6022028e+00   2.6023337e+00   2.4517924e+00   2.5999500e+00   1.8291141e+00   1.0166933e+00   1.0309284e+00   1.4846189e+00   1.9623660e+00   1.6867369e+00   7.9961626e-01   7.6138579e-01   8.7941123e-01
   2.6719995e+00   2.4347454e+00   2.7090807e+00   3.7907132e+00   2.3169551e+00   2.4492856e+00   2.5111243e+00   1.7998670e+00   1.3121495e+00   1.0421351e+00   1.5351276e+00   2.0174099e+00   1.5011034e+00   6.4944069e-01   7.0690398e-01   6.4960190e-01
   3.3175863e+00   2.4155180e+00   2.6351697e+00   3.9950866e+00   2.5176326e+00   2.5965453e+00   2.5049161e+00   1.8987771e+00   7.5259958e-01   7.8434272e-01   1.2562048e+00   1.6258614e+00   9.8015701e-01   4.4024812e-01   6.2473608e-01   6.2899956e-01
   2.9732379e+00   2.6489915e+00   2.2734128e+00   4.1377828e+00   2.5101477e+00   2.2916361e+00   2.1451445e+00   1.5967496e+00   1.0748035e+00   6.7278889e-01   8.0760754e-01   1.0733404e+00   8.5991751e-01   6.6155915e-01   5.6783781e-01   6.9620494e-01
   3.2378275e+00   2.4808156e+00   2.0240667e+00   3.7713672e+00   2.6811209e+00   1.7375622e+00   1.5342868e+00   1.1676928e+00   8.9790515e-01   9.2555749e-01   8.3216037e-01   9.2320559e-01   7.0265121e-01   8.3860028e-01   7.3374273e-01   7.9108766e-01
   2.5439406e+00   2.1395445e+00   1.8558496e+00   2.8881427e+00   2.5301767e+00   1.8219938e+00   8.7369498e-01   4.9594353e-01   1.0978778e+00   6.7063028e-01   8.3509477e-01   1.2892481e+00   8.2003252e-01   3.2263708e-01   5.1517106e-01   4.5510536e-01
   2.8346879e+00   2.3634378e+00   2.2268500e+00   2.8177298e+00   2.4754064e+00   1.4730046e+00   1.1902390e+00   7.2377174e-01   5.8290599e-01   5.9724804e-01   3.2374926e-01   8.2825050e-01   7.2505875e-01   3.3437806e-01   6.0295971e-01   4.9516996e-01
   2.9576165e+00   1.8977303e+00   1.5273320e+00   2.4456444e+00   2.2246934e+00   1.9079942e+00   1.2001683e+00   9.1441609e-01   7.6059291e-01   7.6752163e-01   8.3806499e-01   1.0774515e+00   4.9544266e-01   7.4128749e-02   5.3339549e-01   2.3715644e-01
   2.5154879e+00   2.4594810e+00   2.0543047e+00   2.4498293e+00   2.0631487e+00   1.8606780e+00   1.1951794e+00   1.4080191e+00   1.2020953e+00   7.1662084e-01   1.1666119e+00   1.0589065e+00   4.8378154e-01   4.1181425e-01   5.7976373e-01   5.2033115e-01
   2.7160880e+00   2.4684040e+00   1.9420038e+00   2.7420222e+00   2.0754775e+00   1.6411194e+00   1.2011203e+00   1.1535111e+00   1.0386102e+00   6.8793689e-01   5.4466978e-01   6.0157609e-01   2.5787311e-01   4.9386260e-01   3.9588151e-01   7.1164200e-01
   2.3557611e+00   2.7753875e+00   3.0266186e+00   3.3364741e+00   2.4508251e+00   1.9396720e+00   1.3847713e+00   1.0061088e+00   1.0503071e+00   9.7275398e-01   1.1222033e+00   8.0929525e-01   4.6178691e-01   4.1807038e-01   3.2980312e-01   3.0100658e-01
   2.3241362e+00   2.2299551e+00   2.1654701e+00   2.4087551e+00   2.0245176e+00   1.8460307e+00   1.3045303e+00   1.3809782e+00   1.1125705e+00   8.6988969e-01   9.4241727e-01   6.7286324e-01   5.5233476e-01   1.7505810e-01   5.1477361e-01   4.5968971e-01
   3.0497142e+00   2.4903444e+00   1.9113404e+00   1.5034646e+00   1.3283552e+00   1.1177179e+00   1.1827046e+00   1.4364054e+00   1.2953474e+00   6.1613400e-01   8.3684580e-01   4.9462557e-01   5.9138748e-01   3.3379063e-01   4.6869176e-01   6.2748015e-01
   2.6074879e+00   2.0022134e+00   9.9826525e-01   1.4582458e+00   1.0972469e+00   9.1924219e-01   9.8907454e-01   1.1468750e+00   8.7525457e-01   4.9915978e-01   7.1603497e-01   8.5501348e-01   7.5443820e-01   5.3799134e-01   4.4614119e-01   5.2707685e-01
   2.6348352e+00   2.5529900e+00   1.7549974e+00   1.5808303e+00   1.4310798e+00   1.2309933e+00   9.0036871e-01   1.2369647e+00   1.3312494e+00   1.1221259e+00   9.3877237e-01   8.9871127e-01   6.2530948e-01   4.7506562e-01   1.8889942e-01   6.1418412e-01
   3.4519851e+00   3.3290882e+00   2.7196935e+00   2.2196880e+00   1.1921884e+00   1.4909209e+00   1.3053389e+00   1.1005867e+00   1.2330623e+00   1.1716461e+00   1.1455909e+00   6.6301880e-01   7.5984281e-01   4.1620721e-01   6.0214812e-01   7.1784518e-01
   3.0824236e+00   2.6238780e+00   1.9729521e+00   1.8157707e+00   1.2040795e+00   1.2160857e+00   7.4189029e-01   1.1816209e+00   9.1756559e-01   1.1787747e+00   1.1396409e+00   9.8228607e-01   6.2164666e-01   1.7797235e-01   5.8091255e-01   9.1225387e-01
   2.4104120e+00   2.2261658e+00   1.7671663e+00   1.6177614e+00   1.3182884e+00   9.2164626e-01   8.6683842e-01   1.3298307e+00   1.2855409e+00   1.1543659e+00   1.1638485e+00   9.7018532e-01   5.1446454e-01   4.6933038e-01   6.3331712e-01   7.9238978e-01
   2.6580954e+00   2.1448904e+00   1.5881421e+00   1.4856683e+00   8.8210985e-01   1.0004890e+00   9.9162134e-01   7.4899453e-01   8.2554258e-01   1.0110765e+00   8.2509019e-01   1.0124069e+00   6.4147496e-01   8.4441249e-01   6.4272120e-01   7.4774530e-01
   2.6547251e+00   2.1591171e+00   1.4027195e+00   1.1675007e+00   1.2312597e+00   1.1792196e+00   1.0840537e+00   1.1009656e+00   7.7173541e-01   8.7362819e-01   8.0493976e-01   8.4742561e-01   9.1843252e-01   8.4380055e-01   8.0944803e-01   8.7658573e-01
   2.7246612e+00   2.4603843e+00   1.6199704e+00   1.5385492e+00   7.9708219e-01   1.4336720e+00   1.1371117e+00   1.2897997e+00   9.8198174e-01   1.0857829e+00   9.0195873e-01   7.5599162e-01   7.1126747e-01   4.8987979e-01   4.0434818e-01   6.6276155e-01
   2.3784396e+00   2.3504766e+00   1.9003720e+00   1.7742718e+00   1.0261836e+00   1.4215741e+00   1.2536285e+00   1.3131353e+00   1.2701547e+00   8.9819721e-01   1.0401283e+00   5.0636275e-01   4.8153168e-01   3.3023361e-01   8.1323406e-01   8.2001748e-01
   3.0831548e+00   2.2488052e+00   1.7971723e+00   1.4212453e+00   1.1981534e+00   1.2012058e+00   1.2239709e+00   1.2419101e+00   7.0690578e-01   5.2569940e-01   9.5528612e-01   8.2235082e-01   6.5437127e-01   4.8394413e-01   6.0395928e-01   6.4380564e-01
   2.7484475e+00   1.6673995e+00   1.4468871e+00   1.3290546e+00   1.1760091e+00   1.8258234e+00   1.1542117e+00   9.9214385e-01   1.2824950e+00   6.0169937e-01   9.1937961e-01   9.5391185e-01   5.8104148e-01   6.5566288e-01   7.4841202e-01   4.6374637e-01
   2.1809978e+00   1.7788767e+00   1.8107584e+00   1.7252189e+00   1.2882929e+00   1.5746235e+00   1.4002844e+00   1.4009789e+00   1.0801900e+00   8.7574853e-01   7.6753060e-01   6.4909071e-01   4.6610962e-01   4.3574739e-01   5.4832165e-01   6.8957875e-01
   2.9012692e+00   2.3252518e+00   1.1942981e+00   1.5523887e+00   1.1929986e+00   1.2555929e+00   9.9175068e-01   1.1367527e+00   1.1175752e+00   9.6433027e-01   1.1437525e+00   9.1957859e-01   4.8422417e-01   5.1253351e-01   6.5993266e-01   8.0033577e-01
