   3.4327209e+00   2.2593339e+00   1.2188913e+00   4.1274395e-01   5.3145156e-01   1.2867169e+00   6.8724938e-01   6.1460367e-01   3.8294892e-01   3.5096269e-02   2.5507649e-01  -2.1527903e-01  -6.9087461e-01  -9.5122052e-01  -4.8780881e-01  -6.6644975e-01
   2.2606522e+00   1.6535253e+00   1.0305346e+00   7.5239568e-01   9.0083808e-01   9.5607205e-01   4.0054022e-01   8.3480270e-01   5.5572101e-01   4.8743556e-01  -5.1400119e-02  -6.5087728e-01  -7.2046283e-01  -7.3466331e-01  -7.6653429e-01  -6.2595445e-01
   1.7424409e+00   1.3901152e+00   6.4666980e-01   1.0078116e+00   7.7442358e-01   1.1838284e+00   5.0557126e-01   6.6498701e-01   7.0725152e-01   6.9258016e-01   4.9988727e-02  -5.8511594e-01  -7.2628706e-01  -7.8412266e-01  -7.7422208e-01  -9.7916696e-01
   3.0151868e+00   2.1683216e+00   1.0849454e+00   9.6873467e-01   9.2610042e-01   8.8610701e-01   8.0774764e-01   1.0523436e+00   5.4188908e-01   2.5508965e-01   1.1445495e-01  -6.7065960e-02  -7.4452218e-01  -6.9660308e-01  -4.6104019e-01  -6.2922684e-01
   2.3804469e+00   1.8478972e+00   9.6081512e-01   7.7609596e-01   1.1165238e+00   9.0130459e-01   7.8838411e-01   4.1911159e-01   6.4896671e-01   4.6172820e-01   2.6515451e-02  -4.0669456e-01  -4.6434565e-01  -2.8321073e-01  -4.8722053e-01  -5.8348028e-01
   2.6089975e+00   1.8057615e+00   1.2211589e+00   1.0575572e+00   1.1267227e+00   8.8243167e-01   7.6366812e-01   6.9485413e-01   7.3252285e-01   2.1278552e-01  -4.3820929e-01  -2.4503791e-01  -6.1434172e-01  -5.7820706e-01  -7.3918624e-01  -6.2452712e-01
   2.0051654e+00   1.7049499e+00   1.0480742e+00   8.9173097e-01   7.9018384e-01   1.0042519e+00   4.3529820e-01   7.3179929e-01   4.6100563e-01   2.1579537e-01   5.7940264e-02  -1.7054968e-01  -4.5622546e-01  -5.4811888e-01  -3.7340807e-01  -6.3136044e-01
   3.3104660e+00   2.3648087e+00   1.1666326e+00   9.2541568e-01   1.2942084e+00   8.8793742e-01   3.1700389e-01   7.0453479e-01   2.3755675e-01   5.6203824e-02  -1.6214534e-01  -4.6655178e-01  -6.0806154e-01  -6.0471273e-01  -7.1734065e-01  -9.7437462e-01
   3.2610978e+00   1.9445290e+00   1.2537785e+00   1.0211678e+00   5.6415345e-01   7.0264248e-01   2.6598792e-01   5.8676878e-01   3.7899086e-01   1.0871049e-01  -1.6503255e-01  -3.9652689e-01  -7.8565952e-01  -9.9865067e-01  -9.0028732e-01  -9.1937501e-01
   2.0464626e+00   1.4238283e+00   8.0809480e-01   7.7989342e-01   9.9789370e-01   8.2019003e-01   4.8808885e-01   6.1701681e-01   5.8031561e-01   3.1137694e-01  -1.9488475e-01  -2.8550658e-01  -9.6406890e-01  -7.4119372e-01  -6.2321489e-01  -9.3041512e-01
   2.8733928e+00   1.8367983e+00   8.7414376e-01   1.2783659e+00   1.2723272e+00   1.1354733e+00   6.2802406e-01   5.4889230e-01   7.2847666e-01   6.1282266e-01   1.8305730e-02  -5.8280559e-01  -7.4802845e-01  -9.4512112e-01  -1.1033414e+00  -1.1848152e+00
   3.0261059e+00   1.9263014e+00   6.2337219e-01   7.5515014e-01   1.0235316e+00   9.1924440e-01   4.4015998e-01   7.1385246e-01   1.9982076e-01   4.0663882e-02   2.5178309e-01  -3.5656611e-01  -7.4493971e-01  -1.0582246e+00  -9.3704393e-01  -8.8296417e-01
   2.6425250e+00   1.8229541e+00   1.1491641e+00   7.3947091e-01   7.6721249e-01   8.7411196e-01   7.1032214e-01   1.0574214e+00   7.1443487e-01   4.8248809e-01   3.7098294e-02  -5.2295407e-01  -6.3494816e-01  -6.1282706e-01  -6.5373259e-01  -9.5773063e-01
   2.7486308e+00   1.5476498e+00   4.8541798e-01   5.5630330e-01   2.1451307e-01   8.5430979e-01   2.3315603e-01   5.6907526e-01   6.8834310e-01   3.9513232e-01   5.9105800e-02  -3.0552214e-01  -5.2847649e-01  -7.1019734e-01  -5.5115388e-01  -3.9202474e-01
   2.5287985e+00   1.8817118e+00   5.2710626e-01   1.0670728e+00   1.1843284e+00   1.1072385e+00   6.3869203e-01   7.0572728e-01   6.9240168e-01   2.1831678e-01  -2.4350647e-01  -3.4228423e-01  -3.6926454e-01  -4.5558689e-01  -4.6825898e-01   3.1084171e-02
   2.5169399e+00   1.5164757e+00   7.2095017e-01   9.5434192e-01   9.5218246e-01   1.0823849e+00   3.9082286e-01   5.3195396e-01   4.9833211e-01   3.6181306e-01  -2.5472098e-01  -7.0880659e-01  -9.3138336e-01  -3.4158000e-01  -8.8996570e-03   2.7528204e-01
   2.1208268e+00   1.3317355e+00   8.7556583e-01   9.4795257e-01   4.9900211e-01   7.7223805e-01   3.7072980e-01   3.9777767e-01   5.1357283e-01   5.9096163e-01   2.0601651e-01  -4.5224544e-01  -1.0774638e+00  -6.2342028e-01  -8.7814193e-02   2.2344778e-01
   2.5719847e+00   1.7580837e+00   1.0952905e+00   1.0834309e+00   3.7140100e-01   1.3036919e+00   6.3244539e-01   6.3647814e-01   2.8644823e-01   1.5447861e-01   3.8889847e-01  -5.0650206e-01  -9.1360322e-01  -5.5441701e-01  -3.9919634e-01   4.5137954e-01
   2.3160885e+00   2.1949096e+00   1.4591774e+00   8.5905671e-01   2.2574259e-01   1.1191121e+00   6.5511635e-01   5.6404011e-01   3.3004448e-01   9.9886924e-02   8.3140514e-02  -1.5442138e-01  -7.3934850e-01  -4.7608643e-01  -5.0000321e-02   6.4910728e-01
   3.1942790e+00   2.3797180e+00   1.2066614e+00   9.5232124e-01   9.1924928e-01   1.0510034e+00   3.1197165e-01   2.8379637e-01   4.8012515e-01   2.9153604e-01  -1.5995898e-01  -5.3299537e-01  -5.7341159e-01  -6.0768545e-01  -5.5078050e-02   5.4397569e-01
   2.7597094e+00   2.1445310e+00   1.3626027e+00   1.1156348e+00   1.1517647e+00   1.3246936e+00   6.5396155e-01   3.4445440e-01   4.5298581e-01   3.0717495e-01   2.4782417e-02  -2.8260875e-01  -7.8286275e-01  -6.2541937e-01  -1.1707956e-01   6.2508749e-01
   3.2826916e+00   2.0058128e+00   7.7922585e-01   1.2362984e+00   7.1066831e-01   5.1012254e-01   2.0389674e-01   3.3197425e-01   3.9662456e-01   5.5447286e-01   1.9689591e-01  -1.4141986e-01  -4.0406750e-01  -3.3154805e-01  -3.9129079e-01   6.4862708e-01
   3.3893657e+00   2.2052209e+00   1.2022619e+00   1.1373401e+00   7.7185296e-01   7.3318098e-01   3.8072693e-01   7.3711259e-01   4.4280367e-01  -6.6219468e-02   5.5880628e-02  -2.9956031e-01  -3.2228669e-01  -7.4433338e-02  -2.2835249e-01   5.7735002e-01
   2.8312649e+00   2.4031103e+00   9.5939156e-01   1.2889049e+00   7.8572556e-01   7.5154060e-01   5.9895081e-01   4.7350808e-01   2.4792508e-01   9.5497852e-02   8.3973582e-02  -1.5520718e-01  -2.6628685e-01  -1.1971161e-01  -3.1798300e-02   5.9776224e-01
   2.5778147e+00   2.2202867e+00   9.3370352e-01   1.2057966e+00   4.8953989e-01   4.8415183e-01   7.0482903e-01   6.3105106e-01   6.7153137e-01   2.4159176e-01  -2.2295600e-01  -4.5626974e-01  -4.2127071e-01  -3.0982566e-01  -1.1622985e-01   2.8719107e-01
   2.9012307e+00   2.1267968e+00   9.3885389e-01   1.0678341e+00   8.6508587e-01   1.2580348e+00   3.3306584e-01   4.0285605e-01   4.6050846e-01  -2.0487000e-01  -3.3477545e-01  -2.3097508e-02  -2.5349806e-01  -3.5951304e-01  -1.8094410e-01   1.6076242e-01
   2.8546165e+00   2.2825483e+00   1.1097965e+00   8.9811342e-01   5.4419230e-01   1.2096785e+00   1.0960718e+00   5.3236410e-01   2.0495870e-01  -1.6677112e-01  -1.5806951e-01  -9.6771038e-02   1.8192967e-02  -3.4660326e-01  -3.6025739e-01   5.9770839e-01
   2.3537750e+00   2.0258205e+00   1.5007295e+00   6.9351408e-01   7.7889052e-01   1.3691434e+00   6.6689597e-01   7.8439169e-01   8.2579467e-01  -1.2211040e-01   1.5386415e-01  -6.0367479e-02  -2.3026748e-01  -3.9115137e-01  -2.5836628e-01   6.8732146e-01
   2.2999149e+00   1.7657230e+00   1.5005411e+00   7.0329125e-01   5.2092165e-01   7.4131735e-01   4.7605341e-01   2.4803714e-01   3.9041802e-01   1.6488466e-01  -1.9587490e-01  -3.8766128e-01  -3.0862998e-01  -1.8464409e-01  -3.1903742e-01   8.0179309e-01
   2.2965457e+00   2.1884404e+00   1.7076083e+00   1.6076459e+00   1.2001642e+00   1.0969058e+00   4.9208387e-01   7.4998333e-01   6.4631873e-01   1.0860276e-01  -5.3799194e-02  -2.3553297e-01  -2.6317610e-01  -2.6767488e-01  -1.4496696e-01   3.1730590e-01
   2.9668936e+00   2.9493933e+00   2.1026884e+00   1.3047745e+00   1.2110556e+00   1.1844245e+00   6.7100334e-01   8.6581241e-01   8.5329904e-01   4.1119368e-02  -1.2410008e-01  -2.4331270e-01  -3.6526247e-01  -5.0555046e-01  -2.4884262e-01   4.1423205e-01
   3.1830701e+00   2.3386378e+00   1.2718048e+00   5.2236266e-01   1.0195924e+00   9.9528322e-01   7.8767083e-01   7.9394167e-01   5.6876230e-01   2.2821730e-01   3.4962460e-02  -5.3678975e-01  -4.3694771e-01  -5.6017528e-01  -2.4365578e-01   6.9378880e-01
   2.0964993e+00   1.4062306e+00   7.0246720e-01   3.3979172e-01   8.4876458e-01   9.2779284e-01   5.9618447e-01   8.4604709e-01   3.0458867e-01   4.5058067e-02   5.6154210e-02  -2.5308831e-01  -3.2694638e-01   2.4237907e-02  -4.1163543e-04   7.9050920e-01
   2.5367309e+00   1.9026078e+00   8.7477828e-01   5.9257340e-01   6.4625064e-01   1.0163259e+00   8.5257194e-01   6.9176367e-01   4.7463780e-01   1.6075907e-01  -1.9849641e-01  -3.5663896e-01  -3.2669186e-01  -9.8287400e-02  -7.9645046e-02   9.3364470e-01
   2.8610311e+00   1.9523424e+00   4.9647768e-01   6.0291720e-01   7.1931471e-01   8.9841736e-01   7.6727202e-01   4.1926810e-01   4.6887224e-01   2.4864458e-01  -1.6255036e-01  -2.6067677e-01  -2.2043393e-01  -2.5723194e-01   1.2793460e-01   1.0678273e+00
   3.4339362e+00   1.9631672e+00   8.0245004e-01   1.1108124e+00   1.1285723e+00   9.3694670e-01   4.5353069e-01   3.3511415e-01   5.0688846e-01   2.1538415e-01   4.2046863e-01   3.9486283e-02   8.9350847e-02  -2.1047805e-01   1.2696072e-01   6.2096860e-01
   2.8498119e+00   1.4479861e+00   1.0302643e+00   1.1514181e+00   1.0153457e+00   8.7165568e-01   1.8228205e-01  -2.0162353e-01   1.4907155e-01   8.6490737e-02   1.0689694e+00   4.2910689e-01   5.3158980e-01   5.2563023e-02   6.7310515e-01   4.0987720e-01
   2.5373631e+00   2.3003722e+00   1.3384793e+00   1.4543934e+00   8.7487515e-01   9.0994428e-01   5.5644751e-01   6.1203959e-01   1.5109409e-01   8.0537151e-03   1.3777678e+00   9.2018104e-01   1.0120290e+00  -1.8784103e-02   7.4153349e-01   4.9199957e-01
   2.9095289e+00   2.3509896e+00   1.6439410e+00   1.0486238e+00   8.0458005e-01   1.0834367e+00   5.3120952e-01   6.3538836e-01   3.6782457e-01   3.5071959e-01   1.0204179e+00   1.2183233e+00   8.6877210e-01   2.3707476e-01   1.0726812e+00   6.7707740e-01
   3.1045569e+00   2.0002533e+00   1.1238392e+00   1.3542232e+00   7.7620999e-01   1.3274170e+00   5.2114770e-01   2.9630112e-01   1.8838380e-01   1.6690683e-01   1.0480120e+00   1.5940011e+00   1.1643679e+00   4.2129949e-01   1.1891377e+00   6.7339574e-01
   2.8320554e+00   1.7507773e+00   1.2374881e+00   1.5070282e+00   6.7495215e-01   1.1547032e+00   6.9078903e-01   6.6189778e-01   6.6400087e-01   2.1542933e-01   6.9157113e-01   1.4775868e+00   1.3882647e+00   6.6752343e-01   9.1400860e-01   4.9550537e-01
   2.6721052e+00   1.8771347e+00   1.3527390e+00   1.2841697e+00   3.8165922e-01   6.2693305e-01   5.9446124e-01   7.3581245e-01   6.7268924e-01   4.8592773e-01   5.2053277e-01   1.6698877e+00   1.5176754e+00   8.5161861e-01   1.1597908e+00   3.7104925e-01
   2.6775999e+00   2.0110064e+00   9.0748794e-01   1.5264129e+00   6.7451747e-01   8.6849016e-01   3.2305881e-01   7.1286842e-01   4.9429906e-01   1.2377180e-01   3.3213799e-01   1.8446913e+00   1.6573634e+00   8.3604125e-01   1.4496822e+00   2.6959006e-01
   2.8647866e+00   2.1246747e+00   1.3413549e+00   1.6009439e+00   8.5753250e-01   7.3825787e-01   4.9761482e-01   6.2036609e-01   8.1853874e-01   1.2802308e-03   2.7219293e-01   1.1591437e+00   1.3814308e+00   5.1820477e-01   1.2228573e+00  -3.4366008e-01
   2.5363286e+00   2.3279742e+00   1.7039386e+00   1.9985644e+00   1.2016446e+00   1.0052858e+00   4.7480945e-01   7.0238281e-01   8.8625135e-01   5.3338448e-01   7.3976262e-02   1.0666232e+00   1.2929826e+00   4.6739763e-01   9.3384156e-01  -4.8387473e-01
   2.6532396e+00   1.9535945e+00   1.3095350e+00   1.6416791e+00   7.3594198e-01   8.3352746e-01   7.5869122e-01   7.1061143e-01   7.4619073e-01   5.0378214e-01   7.4626122e-02   8.8730940e-01   1.1537623e+00   4.2233322e-01   7.2497233e-01  -3.5782433e-01
   3.2078184e+00   2.0106605e+00   1.6166525e+00   1.8684102e+00   1.2997693e+00   1.1366176e+00   7.1224695e-01   8.5253837e-01   1.0340845e+00   3.1258835e-01   2.3944869e-01   1.0803325e+00   1.3166820e+00   6.2032448e-01   8.8344531e-01  -1.9357945e-01
   2.7940970e+00   1.4321847e+00   8.6647750e-01   1.6855834e+00   9.6361685e-01   8.1002442e-01   1.5606810e-01   5.1266095e-01   3.4102864e-01   2.6995871e-01   2.5610101e-01   1.2525477e+00   1.5175818e+00   7.4455197e-01   8.6090236e-01  -6.5596073e-02
   2.8621335e+00   1.5358086e+00   8.6339498e-01   1.1986851e+00   8.1943807e-01   7.4970840e-01   4.3942738e-01   5.6347493e-01   4.3365146e-01   2.7172670e-01   3.5890532e-01   1.3861785e+00   1.6622077e+00   7.6618302e-01   1.0413181e+00   1.3574368e-01
   2.8391042e+00   2.3645138e+00   1.4864266e+00   1.1285664e+00   4.5450389e-01   1.3696323e+00   6.5232093e-01   6.1525058e-01   4.9144669e-01   9.1957460e-02   1.1675864e-01   1.3164769e+00   1.6268996e+00   8.7364777e-01   1.1570246e+00   5.6230562e-01
   2.6466121e+00   1.6736880e+00   1.0254542e+00   1.4540070e+00   6.9022099e-01   1.1795660e+00   1.0749280e+00   5.9171262e-01   2.9981629e-01   4.6057779e-01  -1.6020158e-02   1.3397841e+00   1.6026567e+00   1.0048755e+00   1.2358907e+00   6.7613973e-01
   3.0501814e+00   1.8643581e+00   1.4414386e+00   1.4769735e+00   3.8541921e-01   6.1059386e-01   4.3615575e-01   4.9728491e-01   4.5161817e-01   2.0019889e-01   4.1848857e-01   1.3141637e+00   1.6016997e+00   9.7303711e-01   1.2197177e+00   7.0030624e-01
   3.0746025e+00   1.9068156e+00   1.5466007e+00   1.4530162e+00   9.1682944e-01   1.0537353e+00   3.1265408e-01   3.1277047e-01   4.7147745e-01   1.4982115e-01   2.8250066e-01   1.4064389e+00   1.7116439e+00   9.4415859e-01   1.1960812e+00   8.4983273e-01
   1.6715555e+00   1.8498864e+00   1.2292901e+00   1.3747060e+00   5.2895954e-01   9.3888673e-01   5.3904963e-01   2.9127534e-01   3.4484540e-01   4.5272657e-01   1.0349836e-01   1.4006759e+00   1.7678958e+00   8.0575421e-01   1.2058261e+00   9.0552551e-01
   2.4233409e+00   1.6923959e+00   1.2953867e+00   1.4905318e+00   6.7818747e-01   9.3695519e-01   3.1482436e-01   4.1586418e-01   7.0792465e-01   4.4484312e-01   4.8750569e-02   1.5328873e+00   1.9649837e+00   7.6160398e-01   1.2007600e+00   8.0843312e-01
   2.8477620e+00   2.1528710e+00   8.3584532e-01   1.3862501e+00   7.4948949e-01   9.0980394e-01   6.2774057e-01   5.4770499e-01   5.5041106e-01   1.6644750e-02  -1.3024945e-01   1.5766374e+00   2.0385201e+00   9.0741323e-01   1.0942105e+00   6.3285449e-01
   2.6491125e+00   2.0253256e+00   1.1322020e+00   1.5594552e+00   6.2401876e-01   1.1427599e+00   6.1620747e-01   6.2786793e-01   6.4395157e-01   5.1560513e-01   3.2298685e-01   1.5870443e+00   1.9870727e+00   8.4497185e-01   1.1741455e+00   7.8430669e-01
   2.3280547e+00   1.8576517e+00   8.0275205e-01   1.1768155e+00   8.6901952e-01   1.0846346e+00   6.9687245e-01   6.5535796e-01   9.7619093e-01   2.8891473e-01  -2.9808103e-02   1.3877887e+00   1.7377685e+00   7.4601495e-01   9.1558975e-01   8.0470988e-01
   2.7541415e+00   2.1615699e+00   1.1079596e+00   1.6379163e+00   8.5239631e-01   9.2785713e-01   5.1978990e-01   8.1080160e-01   3.8512800e-01   1.2381400e-01   1.4577226e-01   1.4159953e+00   1.6648478e+00   5.1531650e-01   6.4031999e-01   6.0305103e-01
   2.9831897e+00   1.6834000e+00   1.3993151e+00   1.8637678e+00   8.5370252e-01   1.3803401e+00   8.7180661e-01   4.4757622e-01   7.0297540e-01   4.8735665e-01   4.4466641e-01   1.4715914e+00   1.4913170e+00   3.3417161e-01   4.1057126e-01   6.2588454e-01
   2.8414916e+00   1.8497513e+00   8.9406232e-01   1.7438860e+00   1.0971941e+00   1.1885029e+00   5.8469808e-01   5.1511835e-01   2.3298248e-01  -1.0335900e-01  -2.2945296e-02   1.2188910e+00   1.1996730e+00  -2.2345726e-02  -1.0206035e-01  -1.4200326e-01
   2.4402720e+00   2.2528674e+00   1.3859473e+00   1.7709244e+00   9.8333044e-01   2.2626295e-01   6.5261416e-01   4.4917099e-01   1.5899614e-01   1.9770548e-01  -1.5002875e-01   3.0207686e-01   3.7719851e-01  -2.2269895e-01  -1.8869640e-01  -3.8763575e-01
   2.7844629e+00   2.2423481e+00   1.0665048e+00   1.8129574e+00   1.0045486e+00   9.0545864e-01   4.5993689e-01   1.8728248e-01   2.4242764e-01   2.8307332e-01  -6.6994922e-02   3.7140359e-01   2.6747083e-01  -1.2978466e-01  -1.0984966e-01  -2.1441604e-01
   2.2544798e+00   1.4911983e+00   5.9843510e-01   1.3194509e+00   9.5488279e-01   9.9175741e-01   8.5056583e-01   6.8224957e-01   4.6917972e-01   1.4968104e-01   1.7431187e-01   3.0699422e-01  -1.7771487e-01  -5.0609784e-01  -2.6882073e-01  -5.6725495e-01
   2.8575571e+00   1.9582412e+00   1.0637813e+00   1.5801102e+00   1.2472397e+00   1.0056090e+00   9.7567239e-01   7.8280754e-01   6.2106390e-01   1.1031139e-02  -1.7301588e-01  -5.8858342e-02  -5.0389187e-02  -4.2010370e-01  -4.3586699e-01  -5.9445125e-01
   3.0760671e+00   2.4222221e+00   1.6799688e+00   1.3930640e+00   7.5163542e-01   7.9010816e-01   4.0758635e-01   5.7661619e-01   9.5579087e-01   1.3742401e-01   2.5177037e-01   3.1663811e-01  -1.0712383e-01  -5.3134463e-01  -3.3846459e-01  -5.9818085e-01
   2.5096589e+00   1.9123130e+00   7.9872220e-01   9.1216026e-01   9.6858203e-01   1.0835181e+00   7.5207952e-01   4.7804499e-01   5.2804080e-01   2.6720583e-01   4.1717054e-01   1.8143106e-01  -2.8672055e-01  -4.6461359e-01  -5.7363631e-01  -6.1320973e-01
   2.1102736e+00   2.0289348e+00   1.4170946e+00   9.6991242e-01   1.0903082e+00   1.3903388e+00   4.0472526e-01   2.8690254e-01   5.8404202e-01   2.3016019e-01  -9.9859035e-02  -3.9259417e-01  -5.7462815e-01  -4.7564131e-01  -5.2789703e-01  -7.2041497e-01
   2.0949636e+00   1.5525293e+00   1.2627292e+00   6.6980462e-01   5.3628707e-01   1.3051845e+00   5.3439188e-01   4.1959801e-01   6.7090461e-01   3.1716827e-01  -2.5508579e-01  -3.8813953e-01  -4.4247212e-01  -4.0873830e-01  -5.3148673e-01  -8.7775791e-01
   2.5676344e+00   1.8517962e+00   5.7695305e-01   1.0221348e+00   7.1101161e-01   8.6843513e-01   4.5566247e-01   7.5352934e-01   8.7910835e-01   3.1808633e-01  -1.9972587e-01  -8.9425604e-01  -4.7621504e-01  -1.8339492e-01  -2.9876213e-01  -9.2943731e-01
   2.0434495e+00   1.7114651e+00   1.1280051e+00   1.3375533e+00   7.2195471e-01   1.0631388e+00   4.3328764e-01   6.4279026e-01   4.9642967e-01   3.6812266e-01   9.0379994e-02  -4.4437392e-01  -5.0294817e-01  -5.4227191e-01  -4.9555641e-01  -7.5392008e-01
   2.6006726e+00   1.4079606e+00   4.3749901e-01   7.9080179e-01   5.8548567e-01   1.1063776e+00   3.6133013e-01   7.9513936e-01   4.9393296e-01   5.0238449e-01   2.9590063e-01  -6.5157203e-01  -9.3970136e-01  -6.0819061e-01  -4.5629450e-01  -6.6639166e-01
   2.7967580e+00   1.8412370e+00   1.1023582e+00   5.8868228e-01   7.1717374e-01   9.5529765e-01   2.8735801e-01   4.9691924e-01   8.0590089e-01   3.9750481e-01   2.0134229e-01  -2.1793959e-01  -9.0918482e-01  -5.1058651e-01  -1.3631233e-01  -7.6984362e-01
   2.0604312e+00   2.3231678e+00   1.9481917e+00   1.6799122e+00   1.3063526e+00   1.4002475e+00   4.4739963e-01   6.0977760e-01   6.3642271e-01   7.6096776e-02   2.3061847e-01  -2.9279079e-01  -6.1138194e-01  -6.4347990e-01  -5.5496727e-01  -7.0582823e-01
   2.7610030e+00   2.3805403e+00   1.3750411e+00   1.0475398e+00   9.6444571e-01   1.3516275e+00   2.9035650e-01   3.6411122e-01   2.9589807e-01   1.6237747e-01   4.1895400e-02  -2.4185736e-01  -7.4111558e-01  -4.9642352e-01  -5.6725981e-01  -7.6459083e-01
   3.1871688e+00   1.8137960e+00   1.2853108e+00   7.6354953e-01   2.4223355e-01   4.1567143e-01   1.5840703e-01   4.3335171e-01   2.7318693e-01  -1.4191934e-01  -6.2959834e-02  -5.6756293e-01  -9.0991404e-01  -5.3355620e-01  -6.5397053e-01  -9.7617066e-01
   2.8031539e+00   2.0379868e+00   1.2986413e+00   7.2434628e-01   5.2314537e-01   7.6121950e-01   7.5838468e-01   6.7042667e-01   2.3762289e-01   9.5550400e-02  -2.8066209e-03  -5.6690060e-01  -9.5912463e-01  -9.3605534e-01  -1.0355489e+00  -1.1802554e+00
   2.1642037e+00   1.5523763e+00   6.5711856e-01   3.3687261e-01   1.4589811e-01   1.0159402e+00   9.2099687e-01   5.3892848e-01   5.3759299e-01   3.7736046e-01   1.2163849e-01  -6.3657522e-01  -8.0987933e-01  -8.0329361e-01  -7.9441744e-01  -1.0542465e+00
   2.5283721e+00   2.2147582e+00   1.1273545e+00   8.2274217e-01   3.8465532e-01   1.2016496e+00   6.7701717e-01   5.5368859e-01   7.4095069e-01   4.5087360e-01  -2.1660385e-01  -6.3938554e-01  -1.0124696e+00  -9.9350088e-01  -1.0203270e+00  -1.0094637e+00
   2.3945218e+00   1.6665174e+00   8.7907665e-01   1.4234970e+00   1.0618544e+00   1.0283523e+00   4.9505135e-01   1.5489234e-01   3.1675126e-01   5.8447171e-02  -1.8753509e-01  -4.1862643e-01  -1.1864283e+00  -1.1352920e+00  -8.2209793e-01  -1.2767825e+00
   2.7265707e+00   2.8019856e+00   1.1577510e+00   8.5306130e-01   9.0381621e-01   1.1683844e+00   6.9208226e-01   7.8105954e-01   4.4582098e-01  -9.2055144e-02  -2.2489539e-01  -5.8504839e-01  -1.0482033e+00  -9.7909536e-01  -8.2490003e-01  -1.0191348e+00
   2.4703703e+00   2.1465508e+00   9.7202795e-01   9.4592405e-01   4.1866628e-01   6.8953090e-01   2.3917027e-01   5.4215573e-01   4.3982430e-01   3.2243938e-01   7.5809790e-02  -3.9435862e-01  -9.6157016e-01  -8.3477061e-01  -7.7512823e-01  -7.1770027e-01
   2.2781984e+00   1.9816004e+00   1.5734383e+00   1.5942337e+00   7.2061927e-01   1.2622928e-01   7.8037737e-02   3.6196065e-01   4.0171230e-01   2.3715278e-01   1.6247803e-01  -3.6659777e-01  -7.3343586e-01  -9.1749856e-01  -8.8987085e-01  -9.9448325e-01
   2.3008443e+00   2.3495505e+00   1.4723086e+00   8.5421499e-01   2.7805972e-03   3.8660521e-01   3.6024677e-01   5.0546392e-01   5.1326613e-01   3.2402563e-01   2.7630564e-02  -6.1257220e-01  -7.4024309e-01  -6.5693384e-01  -1.1236143e+00  -1.1257745e+00
   1.9178998e+00   2.1039717e+00   1.0263730e+00   7.9725146e-01   6.7969329e-01   1.2316212e+00   7.1521983e-01   6.9679618e-01   7.1766363e-01   2.0508028e-01  -1.0124879e-01  -6.0378405e-01  -9.2471973e-01  -1.3016234e+00  -1.0822642e+00  -1.2787175e+00
   1.9739096e+00   1.6139736e+00   2.3351877e-01   8.6435195e-01   4.3272160e-01   1.0273550e+00   4.7693158e-01   5.5417657e-01   5.3408089e-01  -5.7113621e-02  -1.2612099e-01  -4.7519054e-01  -9.6790492e-01  -1.2493131e+00  -1.2158461e+00  -1.0070486e+00
   2.1999895e+00   2.3120316e+00   1.5411507e+00   1.0455883e+00   8.1432004e-01   1.4490164e+00   8.0870659e-01   8.3336492e-01   5.5866307e-01   2.5939865e-02  -3.3524647e-01  -6.6391631e-01  -8.3925069e-01  -9.6594852e-01  -9.4050399e-01  -7.1097581e-01
   2.5945465e+00   1.8954699e+00   1.1783629e+00   9.0650706e-01   7.5913493e-01   1.1556398e+00   6.1809209e-01   8.5161666e-01   5.8089099e-01   2.8844944e-01  -6.2747379e-02  -5.9335256e-01  -9.0679057e-01  -8.6922171e-01  -7.5078558e-01  -7.6603471e-01
   2.8583084e+00   2.0583136e+00   1.2058568e+00   1.0054022e+00   3.8903356e-01   4.0255617e-01   1.6115570e-01   2.4603839e-01   6.9474953e-02  -1.1182634e-01  -1.9338623e-01  -6.5964016e-01  -1.1000023e+00  -1.4200630e+00  -9.0273377e-01  -1.1673249e+00
