  -8.8004916e-02  -7.0268393e-01  -5.1050571e-01  -5.4560521e-01  -9.5257146e-01  -1.9529024e+00  -2.5040021e+00  -2.3003452e+00  -2.0528875e+00  -2.4363660e+00  -2.3379913e+00  -2.1764367e+00  -1.9796896e+00  -2.1318477e+00  -1.8228697e+00  -1.5661642e+00
   3.4605316e-02  -5.5883322e-01  -2.8092902e-01  -8.1924395e-01  -1.4483561e+00  -1.4062283e+00  -1.7391502e+00  -2.2319514e+00  -2.2279338e+00  -2.4066341e+00  -2.1545559e+00  -2.0336443e+00  -1.9891090e+00  -2.2331371e+00  -1.9219777e+00  -1.6605206e+00
  -2.2356510e-01  -1.0280396e+00  -8.5794915e-01  -1.5960229e+00  -1.3216462e+00  -1.7588868e+00  -1.9462843e+00  -1.6593229e+00  -2.2616125e+00  -2.7467673e+00  -2.4516290e+00  -2.2259394e+00  -1.8893141e+00  -2.0098517e+00  -1.9204971e+00  -1.7260634e+00
  -9.5061218e-01  -9.1950100e-01  -5.6794515e-01  -5.9404561e-01  -1.2517320e+00  -1.8912901e+00  -2.3835366e+00  -1.9602892e+00  -2.2388286e+00  -2.4860514e+00  -2.2166869e+00  -2.3320555e+00  -2.0793773e+00  -1.9314441e+00  -1.8335752e+00  -1.5966033e+00
  -1.7488239e-01  -9.8037250e-01  -5.4884057e-01  -8.1188955e-01  -1.2363876e+00  -1.6796753e+00  -2.2233016e+00  -1.9953280e+00  -2.4273219e+00  -2.0904899e+00  -2.1036300e+00  -2.1086614e+00  -2.4147033e+00  -1.7637638e+00  -1.5995334e+00  -1.7132626e+00
   5.8169485e-01  -6.0840142e-01  -6.4170364e-01  -1.3470765e+00  -1.5357187e+00  -1.5107579e+00  -2.2479559e+00  -1.9197080e+00  -2.3915782e+00  -2.1680149e+00  -2.0720249e+00  -1.8750669e+00  -2.1459814e+00  -2.2571420e+00  -1.6038613e+00  -1.7485361e+00
   4.1889991e-01  -5.8420968e-01  -2.8717988e-01  -6.4788726e-01  -1.4797754e+00  -1.7722988e+00  -2.6276669e+00  -2.1590401e+00  -2.2169286e+00  -2.3078610e+00  -2.2902624e+00  -2.2665086e+00  -2.2339490e+00  -2.2611337e+00  -1.9407353e+00  -1.7427709e+00
   6.7245470e-02  -9.7736726e-01  -7.5039513e-01  -8.2902965e-01  -1.7601787e+00  -1.8655912e+00  -2.3203265e+00  -2.3067296e+00  -2.1986579e+00  -2.5791385e+00  -2.1996755e+00  -2.1660959e+00  -2.1980284e+00  -2.2562931e+00  -2.0347443e+00  -1.7209803e+00
  -2.9242673e-03  -1.0761365e+00  -9.0679844e-01  -9.0378135e-01  -1.2274431e+00  -1.4494916e+00  -2.3032860e+00  -1.7879055e+00  -2.0400085e+00  -2.3040946e+00  -1.8830741e+00  -2.0675101e+00  -2.1317388e+00  -2.0559143e+00  -1.8219305e+00  -1.8051136e+00
  -6.0360340e-01  -1.4372032e+00  -1.0710244e+00  -1.2141488e+00  -1.0784124e+00  -1.3493872e+00  -2.1780375e+00  -1.8908936e+00  -2.0092943e+00  -2.3297915e+00  -1.6488766e+00  -1.8625696e+00  -2.0858413e+00  -1.9225808e+00  -1.7680552e+00  -1.5786964e+00
  -1.8440218e-01  -9.3352450e-01  -6.9669421e-01  -9.9434720e-01  -1.4083743e+00  -1.7956982e+00  -2.0869353e+00  -2.1965721e+00  -2.2592783e+00  -2.3315325e+00  -1.8552367e+00  -2.0937760e+00  -2.2619676e+00  -1.9707124e+00  -2.1522061e+00  -1.6306850e+00
  -8.4193251e-01  -1.2905505e+00  -7.0192462e-01  -8.5711862e-01  -1.1085547e+00  -1.6932062e+00  -2.2987517e+00  -1.9931219e+00  -2.1613865e+00  -2.1869689e+00  -2.4137210e+00  -2.2002422e+00  -2.1712577e+00  -2.0606015e+00  -2.0083308e+00  -1.7755060e+00
  -8.7645996e-03  -7.6701664e-01  -7.4897754e-01  -5.8869933e-01  -1.2785456e+00  -1.3393477e+00  -2.1648987e+00  -1.9791205e+00  -2.4452370e+00  -2.3399570e+00  -2.1800492e+00  -2.5460230e+00  -2.4147477e+00  -2.2242167e+00  -2.0207943e+00  -1.8417502e+00
  -1.9208438e-01  -3.3428874e-01  -6.3283981e-01  -8.3124826e-01  -7.4184922e-01  -1.6688368e+00  -2.2251504e+00  -2.1246263e+00  -2.1645156e+00  -2.2100952e+00  -1.6437814e+00  -1.7823979e+00  -1.8677914e+00  -1.9121933e+00  -1.9800352e+00  -1.9981069e+00
  -6.3669265e-02  -4.8034606e-01  -7.6422976e-01  -1.2597240e+00  -1.3296688e+00  -1.5154732e+00  -2.1813730e+00  -2.2898238e+00  -2.1711629e+00  -2.2614357e+00  -2.0310878e+00  -2.2802966e+00  -2.1077968e+00  -2.0563054e+00  -2.0773722e+00  -2.0157478e+00
   2.7121968e-01  -7.6449382e-01  -3.5968802e-01  -7.9987315e-01  -1.2168437e+00  -1.1810395e+00  -2.1127635e+00  -2.0041455e+00  -2.0270796e+00  -2.3617261e+00  -2.0737359e+00  -2.3099439e+00  -2.2555175e+00  -2.1389057e+00  -1.9686958e+00  -1.5946495e+00
   2.9762289e-01  -6.4485675e-01  -4.1835208e-01  -5.6510480e-01  -9.0662061e-01  -1.2202436e+00  -2.0342059e+00  -1.7825093e+00  -1.8542102e+00  -1.9419578e+00  -1.8789662e+00  -1.9957952e+00  -2.3417936e+00  -2.1042759e+00  -1.9453754e+00  -1.6780776e+00
   2.1591707e-01  -4.2557589e-01  -4.0061822e-01  -9.2689536e-01  -1.0944917e+00  -1.7753783e+00  -2.6030279e+00  -2.3438511e+00  -2.3738230e+00  -2.4192809e+00  -2.1690048e+00  -2.1205711e+00  -1.8651722e+00  -1.8780625e+00  -1.9805912e+00  -1.6364149e+00
   2.1296506e-01  -1.0190622e+00  -5.8538167e-01  -7.2543833e-01  -1.1656007e+00  -1.4145085e+00  -1.8227047e+00  -1.9510659e+00  -2.5275364e+00  -2.5304286e+00  -2.1050276e+00  -2.2427900e+00  -2.4247147e+00  -1.9664481e+00  -1.9686230e+00  -1.9357670e+00
   3.4551481e-01  -9.4102367e-01  -5.3497414e-01  -8.6538346e-01  -1.6415391e+00  -1.5890661e+00  -2.3117481e+00  -2.1713636e+00  -2.4266185e+00  -2.1530521e+00  -2.0311993e+00  -2.0605712e+00  -2.1084550e+00  -2.0078392e+00  -1.8528707e+00  -1.6898708e+00
  -1.0257002e-01  -1.1236348e+00  -6.5820121e-01  -1.0266489e+00  -1.0042281e+00  -2.2037790e+00  -2.8627954e+00  -2.5117895e+00  -2.5094799e+00  -2.2196486e+00  -2.0990188e+00  -2.2330504e+00  -1.8444844e+00  -2.2016822e+00  -1.7013587e+00  -1.6761994e+00
  -1.6053299e-01  -1.1984195e+00  -1.0702321e+00  -6.3207929e-01  -1.4324778e+00  -1.9737628e+00  -2.2681712e+00  -2.0843708e+00  -2.3075592e+00  -2.4206267e+00  -2.0264744e+00  -2.1725358e+00  -2.1204282e+00  -2.0644106e+00  -1.7506413e+00  -1.6000655e+00
   2.3351134e-01  -6.2375115e-01  -5.3194027e-01  -6.9097113e-01  -1.2551256e+00  -1.6338997e+00  -2.3118992e+00  -2.0870175e+00  -1.9295442e+00  -2.1622206e+00  -2.1090758e+00  -1.9689077e+00  -1.9225434e+00  -1.7823193e+00  -1.6370733e+00  -1.2642229e+00
  -7.4319212e-01  -1.0555522e+00  -5.6076412e-01  -1.1013802e+00  -8.4816380e-01  -1.1739097e+00  -1.9801381e+00  -2.1139097e+00  -1.9753330e+00  -2.3060860e+00  -1.5241902e+00  -1.8569102e+00  -2.2818409e+00  -1.7780634e+00  -9.9082150e-01  -4.7407902e-01
  -3.0223897e-01  -1.3492024e+00  -5.1938336e-01  -1.3323158e+00  -1.2407450e+00  -1.6760560e+00  -2.0159370e+00  -1.7036601e+00  -2.2211101e+00  -2.3742017e+00  -1.9130880e+00  -2.0048103e+00  -1.9846696e+00  -1.6282172e+00  -1.0977277e+00  -5.2424687e-01
   2.6601944e-01  -5.6949611e-01  -6.0832748e-01  -8.8086800e-01  -1.3274229e+00  -1.8510854e+00  -1.8377019e+00  -1.8309332e+00  -1.9283577e+00  -2.4714407e+00  -1.8948676e+00  -1.6109013e+00  -1.9016157e+00  -1.9001053e+00  -1.1807299e+00  -7.0045961e-01
  -1.4230700e-03  -1.2711421e+00  -7.5226150e-01  -9.4111028e-01  -9.0181983e-01  -1.7440688e+00  -2.2596837e+00  -1.5933032e+00  -2.3740797e+00  -2.4625273e+00  -2.0600316e+00  -1.8550729e+00  -1.8551405e+00  -1.6276978e+00  -7.1313394e-01  -5.4250698e-03
  -7.9913168e-01  -1.0989662e+00  -8.9732900e-01  -1.3290188e+00  -8.9491198e-01  -1.2936308e+00  -2.2306175e+00  -1.8873587e+00  -2.3772196e+00  -2.1677700e+00  -1.6411684e+00  -1.8867858e+00  -1.6612183e+00  -1.6404035e+00  -4.3217495e-01   2.7207876e-01
  -1.1436725e-02  -3.2033594e-01  -5.0943160e-01  -8.1038466e-01  -1.2885445e+00  -1.6722353e+00  -2.5012973e+00  -1.9748175e+00  -2.0686758e+00  -2.1416364e+00  -1.7453353e+00  -1.7648307e+00  -1.6320640e+00  -1.3367355e+00  -4.4311200e-01   4.7856904e-01
   3.5482464e-01  -6.0754982e-01  -4.5845202e-01  -6.7393423e-01  -1.4105601e+00  -1.5397966e+00  -2.1821387e+00  -1.7074506e+00  -2.0472029e+00  -2.0501262e+00  -1.5789540e+00  -1.6238704e+00  -2.1965176e+00  -1.3653623e+00  -4.9025514e-01   5.4778381e-01
  -5.0846850e-01  -7.5660607e-01  -7.1520714e-01  -6.8988255e-01  -1.0433073e+00  -1.5054469e+00  -2.1695301e+00  -1.5915676e+00  -2.2256810e+00  -2.0232854e+00  -1.7169513e+00  -1.9776852e+00  -1.7813332e+00  -1.3705585e+00  -5.7161306e-01   6.7076406e-01
  -5.6604209e-01  -1.0495142e+00  -9.8229673e-01  -1.0674663e+00  -1.1498182e+00  -1.9890134e+00  -2.4444973e+00  -1.6918013e+00  -2.0524038e+00  -2.0267161e+00  -1.5780356e+00  -2.1757757e+00  -2.0518865e+00  -1.3231426e+00  -6.1026843e-01   5.9507569e-01
   1.7618543e-01  -6.3749933e-01  -5.6666943e-01  -6.2616434e-01  -1.2604828e+00  -1.7326587e+00  -2.4889162e+00  -1.6088247e+00  -2.0331872e+00  -1.9129125e+00  -1.4874112e+00  -1.7341597e+00  -2.1637306e+00  -1.3407758e+00  -4.1442290e-01   5.2630676e-01
  -1.6049423e-01  -7.2277854e-01  -8.8382751e-01  -9.5614106e-01  -8.6702469e-01  -1.7290988e+00  -1.8641826e+00  -1.6966817e+00  -2.2703248e+00  -2.2247295e+00  -1.3432165e+00  -1.6105986e+00  -1.8308591e+00  -1.3870768e+00  -3.2841290e-01   7.7833539e-01
   4.3124598e-01  -5.1751535e-01  -2.8273659e-01  -6.7929397e-01  -1.5795593e+00  -1.8201384e+00  -2.3057788e+00  -1.9593723e+00  -2.3150541e+00  -2.0893571e+00  -1.6390016e+00  -1.5974807e+00  -1.4770170e+00  -7.6704956e-01  -6.0259396e-02   6.0324156e-01
  -5.1289386e-01  -1.0339915e+00  -4.5897356e-01  -9.0413458e-01  -1.4122629e+00  -1.7802484e+00  -2.3474539e+00  -2.0872190e+00  -2.3950447e+00  -1.9492188e+00  -8.5301897e-01  -9.7811440e-01  -9.3558049e-01  -6.2771530e-01  -1.3726932e-01   3.8342041e-01
  -8.9796288e-01  -1.0995560e-01  -1.0872614e-01  -3.5186354e-01  -1.1312993e+00  -1.3337551e+00  -1.8179646e+00  -1.9530950e+00  -2.1122914e+00  -1.7282946e+00  -1.0684780e-01  -5.4588526e-01  -1.0543063e+00  -1.1937891e+00  -7.5381550e-01  -1.9143250e-01
  -7.3192290e-01   8.4391554e-01   4.5795321e-01   8.3380999e-01  -7.1377357e-01  -1.3996749e+00  -1.5533031e+00  -1.8505409e+00  -2.5290743e+00  -1.6394470e+00   5.1924803e-01   5.2788964e-01  -2.7147703e-01  -8.6715619e-01  -4.7158156e-02  -5.0552320e-01
  -3.2182090e-01   9.8905602e-01   3.0764966e-01   2.2504610e-01  -5.2620914e-01  -1.1869175e+00  -1.4358547e+00  -1.3745601e+00  -1.8866619e+00  -1.9821936e+00   6.4080812e-01   1.1424633e+00   6.0838491e-01  -3.9700676e-01   9.5666625e-02  -4.7125461e-01
  -3.1829387e-02   9.3248635e-01   3.7357917e-01   2.5685148e-01  -4.4685725e-02  -1.0876434e+00  -1.6508056e+00  -1.7056221e+00  -1.6989619e+00  -1.8706297e+00   5.4119121e-01   1.5302140e+00   7.5346590e-01  -1.9104349e-01   3.2440990e-01  -4.8764880e-01
  -1.0918705e-02   8.5082094e-01   2.2501888e-01   3.6252762e-01  -1.1179150e-02  -1.0111834e+00  -1.6833565e+00  -1.6626769e+00  -1.7525942e+00  -1.8840656e+00   9.6898173e-02   1.4243489e+00   6.5815459e-01  -8.8698328e-02   3.4800902e-01  -3.4648597e-01
   2.7813242e-01   8.7358802e-01   3.1072636e-01   3.0577088e-01   1.8023054e-01  -1.1886140e+00  -1.8194162e+00  -2.1899785e+00  -2.1500430e+00  -1.8681761e+00  -3.6941590e-01   1.4394510e+00   7.9547126e-01  -1.0070142e-01   2.0576439e-01  -3.7298521e-01
   3.7619774e-01   9.9232250e-01   3.5400447e-01   6.4515885e-01   4.1305369e-02  -1.0564283e+00  -1.6331137e+00  -1.8736923e+00  -2.0862907e+00  -2.0175609e+00  -5.8369924e-01   1.4667164e+00   7.0907942e-01   6.6043789e-02   4.1778168e-01  -2.7486946e-01
   4.1919404e-01   9.1579055e-01   4.5478790e-01   3.9639503e-01   2.0807934e-02  -1.3395879e+00  -1.4396125e+00  -1.4703968e+00  -2.1994261e+00  -2.1408509e+00  -8.1878556e-01   1.1211559e+00   6.7636245e-01   3.7634934e-03   3.4823666e-01  -3.8251369e-01
  -1.7017956e-01   6.8334452e-01   5.1604161e-01   4.8326237e-01  -6.5363130e-02  -1.2109742e+00  -1.6460424e+00  -1.6292665e+00  -2.2926607e+00  -2.2321298e+00  -9.4176843e-01   8.6503500e-01   7.6646219e-01  -1.2443882e-01   3.1309710e-01  -5.9683779e-01
   4.3206143e-04   9.1378767e-01   3.8841709e-01   5.9779008e-01  -7.2713441e-02  -1.2558826e+00  -1.7546356e+00  -1.6343082e+00  -2.1642418e+00  -2.1550000e+00  -1.0012266e+00   6.9135281e-01   5.8224967e-01  -3.6342509e-01   2.4352818e-01  -7.1779660e-01
   3.6114642e-01   9.7802987e-01   6.3741995e-01   5.7475063e-01  -1.4916903e-01  -1.3150820e+00  -1.9420266e+00  -1.8067048e+00  -1.9907680e+00  -2.1802437e+00  -1.3392737e+00   5.0910962e-01   4.0674176e-01  -5.1837411e-01   1.4884966e-01  -7.0414728e-01
   2.8897564e-01   1.0710302e+00   5.6344781e-01   5.8414958e-01  -2.4509217e-01  -1.8310939e+00  -2.2347645e+00  -1.6998211e+00  -2.0141522e+00  -2.1767906e+00  -1.2842127e+00   4.0604822e-01   3.3388262e-01  -2.5103281e-01   1.8752118e-01  -7.8355651e-01
   9.0448540e-01   9.1891266e-01   5.8585290e-01   6.0456716e-01  -1.2599768e-01  -1.1762511e+00  -1.8207749e+00  -2.1137053e+00  -2.3805584e+00  -2.3133510e+00  -1.4764025e+00   2.2864753e-01   1.6300843e-01  -4.3279702e-01   5.9748804e-02  -7.7422147e-01
   5.3432817e-01   9.0411642e-01   5.0842494e-01   4.9672381e-01  -5.7524579e-01  -1.5887587e+00  -1.5959426e+00  -1.9783374e+00  -2.3360072e+00  -2.4994940e+00  -1.4393470e+00   1.4161520e-01  -1.0907094e-01  -7.1286984e-01   1.0442741e-01  -9.0736291e-01
   7.2330111e-01   8.3591326e-01   2.4277549e-01   4.4112859e-01  -4.2495228e-01  -1.2223982e+00  -1.9911420e+00  -2.0341878e+00  -2.1114080e+00  -2.3886283e+00  -1.5535224e+00   1.3718553e-01   5.3190124e-02  -7.1764554e-01  -1.8102729e-02  -9.0110150e-01
   6.6922280e-01   1.0126113e+00   2.3259390e-01   1.5086985e-01  -5.0656666e-01  -1.4951239e+00  -2.0142433e+00  -1.6734116e+00  -2.1184040e+00  -2.2161950e+00  -1.5952094e+00  -1.2805534e-01  -1.4917580e-01  -1.0013529e+00  -1.8814340e-01  -1.1430875e+00
  -5.7615679e-02   8.5766156e-01   1.8512045e-01   3.7773436e-01  -2.3577895e-01  -1.1258282e+00  -1.8979783e+00  -1.8664307e+00  -2.1579482e+00  -2.2006068e+00  -1.5123879e+00   1.5339365e-02   7.4236363e-02  -7.8850304e-01  -2.4243556e-01  -1.0265818e+00
  -2.0791249e-01   8.7851346e-01   3.6381516e-01   3.8909801e-01  -3.2054605e-01  -1.3238950e+00  -1.8862537e+00  -1.7763913e+00  -1.7654127e+00  -2.1896517e+00  -1.6106226e+00   1.3480259e-01   2.2768358e-01  -8.4559840e-01  -5.4129160e-01  -1.0776801e+00
   5.8701697e-01   8.7123828e-01   2.4995195e-01   4.2990736e-01  -7.7068469e-01  -1.2478621e+00  -2.0714501e+00  -2.0170152e+00  -2.0347804e+00  -2.1061844e+00  -1.7782917e+00  -4.0556079e-02   1.0805249e-01  -1.0262394e+00  -5.5917098e-01  -1.2053012e+00
   4.7092921e-01   8.3799009e-01   1.9619509e-01   5.0665124e-01  -6.8407689e-01  -1.2433689e+00  -1.8385684e+00  -1.7232568e+00  -2.3016324e+00  -2.5053186e+00  -1.7128289e+00  -6.7872038e-02   1.0594759e-01  -1.0527431e+00  -4.8867218e-01  -1.0162510e+00
   2.6992606e-01   7.1857475e-01   1.4478161e-01   7.8175580e-01  -7.0070012e-01  -1.3539547e+00  -2.1256960e+00  -1.7670502e+00  -1.9937189e+00  -2.4487957e+00  -1.8998176e+00  -1.0092864e-01  -1.0014247e-01  -1.5768078e+00  -6.9900330e-01  -1.1234486e+00
  -3.9860708e-01   3.6003256e-01   2.5810667e-01   9.9051472e-01  -9.4875175e-01  -1.5765949e+00  -1.9551476e+00  -1.8653108e+00  -2.4506523e+00  -2.2967236e+00  -2.1035829e+00  -4.6741519e-01  -8.6253172e-01  -1.7648422e+00  -9.7802771e-01  -1.3084637e+00
   1.1544828e-01   4.5351953e-01   2.7711640e-01   1.1067046e+00  -7.1589204e-01  -1.3805398e+00  -1.9315681e+00  -2.1726808e+00  -2.1610848e+00  -2.3386203e+00  -1.8808241e+00  -7.5934897e-01  -1.2420712e+00  -1.7849701e+00  -1.3003411e+00  -1.6158318e+00
  -2.1163675e-01   4.3200104e-01   1.5223510e-01   1.0482431e+00  -1.0841934e+00  -1.5476305e+00  -2.0070348e+00  -2.1218222e+00  -2.2030463e+00  -2.3137676e+00  -2.0759346e+00  -9.7866983e-01  -1.3383516e+00  -2.1153938e+00  -1.6478566e+00  -1.7615290e+00
  -6.9664497e-02   3.6942633e-01   2.3893546e-01   8.4825320e-01  -1.0494916e+00  -1.4309024e+00  -2.0017601e+00  -2.1121202e+00  -2.2543265e+00  -2.0444681e+00  -1.9970083e+00  -1.6494216e+00  -1.8089908e+00  -2.1170476e+00  -1.6924417e+00  -1.5793703e+00
   1.3976597e-01   4.1097207e-01   1.2303644e-01   2.8348889e-01  -1.1000281e+00  -1.3310406e+00  -1.6838597e+00  -2.4077691e+00  -2.2980143e+00  -2.5216207e+00  -1.9439430e+00  -1.6515661e+00  -2.0006897e+00  -1.8220740e+00  -1.7810084e+00  -1.6915652e+00
  -2.5342488e-01   4.0364804e-01  -4.1245706e-01  -1.6855848e-01  -6.7241522e-01  -1.2403848e+00  -1.6784980e+00  -1.8610417e+00  -2.0784456e+00  -2.6008497e+00  -1.8337989e+00  -1.5636375e+00  -2.0610278e+00  -2.2008698e+00  -1.7828936e+00  -1.6970075e+00
   3.6338115e-01   3.3133356e-01  -3.3184473e-01  -6.3287589e-01  -1.2434121e+00  -1.6494233e+00  -1.4851740e+00  -1.8099947e+00  -2.3626585e+00  -2.5560672e+00  -1.6886928e+00  -2.1383451e+00  -2.0924505e+00  -2.1449349e+00  -1.7254558e+00  -1.5715050e+00
   7.0569073e-01  -2.1258969e-01  -1.2590009e-01  -7.4058605e-01  -1.5330797e+00  -1.5099998e+00  -2.1001372e+00  -1.5827457e+00  -2.1872128e+00  -2.4781177e+00  -1.9472235e+00  -2.0294265e+00  -1.9797203e+00  -1.8344954e+00  -2.0095361e+00  -1.8733801e+00
   3.0620180e-01  -6.8945780e-01  -2.1104454e-01  -5.1629353e-01  -1.3476919e+00  -1.8026710e+00  -1.9498857e+00  -1.9939901e+00  -2.4990706e+00  -2.4418420e+00  -1.9107154e+00  -1.9819775e+00  -2.0901148e+00  -2.2211574e+00  -1.9334936e+00  -1.5573645e+00
   7.8217251e-01  -5.5952711e-01  -7.0537995e-01  -9.4642605e-01  -1.1304858e+00  -1.0439775e+00  -1.6445544e+00  -1.6507839e+00  -2.0821788e+00  -2.1799183e+00  -2.0830922e+00  -2.5138354e+00  -2.4274272e+00  -2.1696257e+00  -1.8522734e+00  -1.7814781e+00
   6.1711175e-01  -9.4413200e-01  -4.7938697e-01  -1.1087898e+00  -1.5506803e+00  -1.2192199e+00  -1.6645036e+00  -1.7487621e+00  -2.0535196e+00  -2.1829275e+00  -2.0450675e+00  -2.1634549e+00  -1.9681428e+00  -1.9197084e+00  -1.7904344e+00  -1.6765642e+00
  -2.7841685e-01  -1.4604020e+00  -6.9495161e-01  -1.1120060e+00  -1.1162927e+00  -1.5997316e+00  -2.0562743e+00  -1.7332111e+00  -2.0085000e+00  -2.4823293e+00  -2.2313408e+00  -1.8505227e+00  -2.0052194e+00  -1.8276467e+00  -1.7561691e+00  -1.7986824e+00
  -7.9980892e-01  -1.1335236e+00  -4.8134685e-01  -7.6147527e-01  -1.1993117e+00  -1.4181107e+00  -2.0289707e+00  -1.9123255e+00  -2.3488132e+00  -2.3106722e+00  -2.1908456e+00  -2.2459932e+00  -2.1456776e+00  -1.9696728e+00  -1.9156904e+00  -1.8573394e+00
   2.8158583e-01  -8.9852288e-01  -3.8878129e-01  -9.9800612e-01  -1.3378536e+00  -1.3889540e+00  -2.4552378e+00  -2.1934292e+00  -2.1567702e+00  -2.3418389e+00  -2.1511552e+00  -2.3400487e+00  -2.2442812e+00  -2.0936435e+00  -1.8826501e+00  -1.7153459e+00
   7.3017875e-01  -7.8555755e-01  -2.5522092e-01  -5.9002269e-01  -9.0136521e-01  -1.7718832e+00  -2.1458468e+00  -2.0738844e+00  -2.1471939e+00  -2.1782585e+00  -2.5072580e+00  -2.6119144e+00  -1.9925181e+00  -2.0546004e+00  -1.9422695e+00  -1.7990388e+00
   5.9466967e-01  -3.4060575e-01  -3.8015993e-01  -9.3423268e-01  -1.2622158e+00  -1.6062076e+00  -1.9201084e+00  -2.0793514e+00  -1.9632877e+00  -2.1240484e+00  -1.9783745e+00  -2.2053217e+00  -2.0601216e+00  -2.0992270e+00  -1.8977648e+00  -1.7328927e+00
  -4.2238321e-01  -1.1083777e+00  -1.2598121e-01  -7.8778771e-01  -1.1642060e+00  -1.6050473e+00  -2.6098045e+00  -2.3830967e+00  -2.3824093e+00  -2.1468576e+00  -2.1629925e+00  -1.9661323e+00  -2.2518628e+00  -2.0601025e+00  -2.2518591e+00  -1.8365799e+00
   1.9204274e-01  -8.3788099e-01  -5.4656757e-01  -6.1977338e-01  -1.1555525e+00  -1.8712037e+00  -2.4669140e+00  -2.6425988e+00  -2.1136662e+00  -2.2101077e+00  -2.1342225e+00  -2.4722904e+00  -2.3615920e+00  -1.7094174e+00  -1.8872525e+00  -1.8585055e+00
  -6.5877646e-01  -1.4318937e+00  -9.2602784e-01  -1.2725773e+00  -1.7149588e+00  -1.6983250e+00  -2.4648779e+00  -2.0337789e+00  -1.9702015e+00  -1.9283150e+00  -2.0091439e+00  -2.1397423e+00  -2.0896435e+00  -2.1090722e+00  -2.0819405e+00  -1.8709421e+00
   3.8390180e-02  -6.9683445e-01  -6.1182166e-01  -1.0495854e+00  -1.4639223e+00  -1.7736870e+00  -2.2536612e+00  -2.3861279e+00  -2.2315552e+00  -1.9318795e+00  -2.0342420e+00  -2.4842435e+00  -2.2300833e+00  -2.1304564e+00  -1.9435137e+00  -1.7779899e+00
  -7.1380120e-01  -1.1178914e+00  -3.3957520e-01  -9.3402027e-01  -1.5836080e+00  -2.0936947e+00  -2.7536500e+00  -2.0410912e+00  -2.4491603e+00  -2.2592419e+00  -1.9652305e+00  -2.3544317e+00  -2.3019009e+00  -1.9215429e+00  -1.8669131e+00  -1.6556932e+00
  -7.3938496e-01  -8.3013522e-01  -4.5432071e-01  -6.1629867e-01  -1.2788386e+00  -1.3302026e+00  -2.3883965e+00  -2.0902634e+00  -2.2138259e+00  -2.3875156e+00  -2.1473314e+00  -2.2056471e+00  -2.1282464e+00  -2.0881257e+00  -1.9449326e+00  -1.8594318e+00
   2.0179954e-01  -1.0703593e+00  -4.6589818e-01  -6.9128778e-01  -1.0969724e+00  -1.3725104e+00  -2.4358849e+00  -2.2465346e+00  -2.2042147e+00  -2.3441436e+00  -2.2756595e+00  -2.0730313e+00  -2.0599540e+00  -2.1524533e+00  -2.2485427e+00  -1.9870671e+00
   5.0003218e-01  -1.7231444e-01  -5.8819916e-01  -1.2961746e+00  -1.4512403e+00  -1.8097916e+00  -2.1490689e+00  -1.8156927e+00  -2.5043384e+00  -2.3879031e+00  -2.1972576e+00  -1.9740326e+00  -2.1978810e+00  -2.0021181e+00  -1.9059328e+00  -1.5136842e+00
   1.9721992e-01  -1.0043380e+00  -1.0397496e+00  -1.0839552e+00  -1.3525813e+00  -2.0225332e+00  -2.5442827e+00  -1.9091716e+00  -2.5059312e+00  -2.0846366e+00  -2.0147549e+00  -2.1851195e+00  -2.5463391e+00  -2.0605760e+00  -2.1304055e+00  -1.6813095e+00
  -1.5398779e-01  -7.9672180e-01  -8.4608543e-01  -1.2975508e+00  -1.5960903e+00  -1.6713638e+00  -2.7188322e+00  -2.3824387e+00  -2.2635922e+00  -2.1633420e+00  -2.1401012e+00  -2.4104295e+00  -2.2518443e+00  -2.1756813e+00  -1.8700521e+00  -1.6914367e+00
   3.4756260e-01  -7.8968557e-01  -6.5300928e-01  -8.8824879e-01  -1.4420920e+00  -1.7807886e+00  -2.5122074e+00  -2.3081726e+00  -2.2713185e+00  -2.3337719e+00  -2.2974625e+00  -2.3233186e+00  -2.2718830e+00  -2.4314689e+00  -2.0126569e+00  -1.6548600e+00
   9.7346719e-02  -1.1643131e+00  -8.7185619e-01  -1.2744852e+00  -1.5658384e+00  -1.8616602e+00  -2.4662982e+00  -2.0319396e+00  -2.0820938e+00  -2.1410406e+00  -2.0707543e+00  -2.2646239e+00  -2.0437452e+00  -2.1001033e+00  -2.1396540e+00  -1.5180710e+00
   6.4447059e-02  -9.4449062e-01  -5.3241747e-01  -6.9390222e-01  -1.1572390e+00  -1.6229974e+00  -2.6424688e+00  -1.9694509e+00  -1.9409227e+00  -2.2922169e+00  -2.1838906e+00  -2.3157611e+00  -2.1326103e+00  -1.9895992e+00  -1.7001090e+00  -1.7184309e+00
  -1.5912901e-01  -4.3200480e-01  -6.1544093e-01  -9.4531969e-01  -1.3491329e+00  -1.6238575e+00  -2.6603607e+00  -2.1288156e+00  -2.2266587e+00  -2.1016226e+00  -2.1639374e+00  -2.1271840e+00  -1.9832227e+00  -2.1306998e+00  -2.0476625e+00  -1.6546597e+00
   5.3776907e-01  -6.6520370e-01  -4.6246337e-01  -1.2908788e+00  -1.2658710e+00  -1.6381303e+00  -1.9151259e+00  -2.1779748e+00  -2.3476591e+00  -2.4156043e+00  -2.2799701e+00  -2.0666956e+00  -2.0345546e+00  -2.0693400e+00  -2.1421903e+00  -1.7757524e+00
