   3.6468888e-01  -3.8731205e-01  -1.2856013e+00  -4.5777734e-01  -9.4336087e-01  -1.8894247e+00  -2.0890956e+00  -1.8443035e+00  -1.6399429e+00  -1.4282422e+00  -1.2795433e+00  -2.1467416e+00  -2.0298259e+00  -1.9687401e+00  -1.8989417e+00  -1.4897584e+00
   3.9830665e-02  -7.8695492e-01  -1.4059086e+00  -3.0527314e-01  -1.0336440e+00  -1.3633003e+00  -2.0493347e+00  -1.8595141e+00  -1.5521077e+00  -1.4724516e+00  -1.3258430e+00  -1.9515764e+00  -1.6526713e+00  -1.7743280e+00  -1.9234654e+00  -1.5955430e+00
   2.1260301e-02  -1.2288840e+00  -9.9544407e-01  -5.0327549e-01  -1.0649884e+00  -1.3875243e+00  -1.9759006e+00  -1.3688614e+00  -1.7165832e+00  -1.4381410e+00  -1.1888986e+00  -2.3300858e+00  -1.7963992e+00  -1.8348919e+00  -1.5817276e+00  -1.2217011e+00
   2.2903798e-01  -1.3799480e+00  -6.1128843e-01  -8.9640985e-01  -1.1756412e+00  -1.4979137e+00  -1.9593463e+00  -1.6177618e+00  -1.4303385e+00  -1.5114458e+00  -1.3518148e+00  -2.5434378e+00  -1.9805183e+00  -1.8226048e+00  -1.5663569e+00  -1.4801263e+00
  -1.9673874e-01  -6.3524335e-01  -3.6052455e-01  -3.8369754e-01  -8.2468091e-01  -1.6099300e+00  -1.8471269e+00  -1.4827689e+00  -1.7088862e+00  -1.4613828e+00  -1.1651690e+00  -2.2353001e+00  -1.9655453e+00  -1.9871513e+00  -1.8866131e+00  -1.6783374e+00
   3.6169988e-01  -1.0866288e+00  -9.7086378e-01   2.9614806e-02  -7.0070325e-01  -1.1581906e+00  -2.1849976e+00  -1.7210329e+00  -1.8132123e+00  -1.3578326e+00  -1.0877573e+00  -1.9166033e+00  -1.8424966e+00  -1.8190324e+00  -1.5956545e+00  -1.5361675e+00
  -1.5645896e-01  -1.2280635e+00  -8.2670678e-01  -8.3985403e-01  -1.3861643e+00  -1.4232906e+00  -2.2407188e+00  -1.8830800e+00  -1.4480399e+00  -1.3560173e+00  -1.0640986e+00  -1.9772934e+00  -1.9611537e+00  -2.0538286e+00  -1.7554447e+00  -1.6623058e+00
  -7.8778534e-03  -1.1760525e+00  -7.0056018e-01   1.1024163e-01  -6.7808227e-01  -1.4896346e+00  -2.0550705e+00  -1.7903197e+00  -1.9464277e+00  -1.5860418e+00  -1.4366696e+00  -2.1965361e+00  -1.9445438e+00  -1.7913767e+00  -1.7400036e+00  -1.6636388e+00
  -3.3819026e-01  -1.3111478e+00  -7.0208367e-01  -7.7702701e-02  -8.2211359e-01  -1.4414147e+00  -2.1444219e+00  -1.9604758e+00  -2.1893921e+00  -1.7411590e+00  -1.4869940e+00  -2.0361762e+00  -2.2003702e+00  -2.0131416e+00  -1.8494632e+00  -1.7689253e+00
  -3.1668477e-02  -1.0335008e+00  -9.8013318e-01  -4.7597718e-01  -1.1878949e+00  -1.6224450e+00  -2.4539889e+00  -1.9899459e+00  -1.8030283e+00  -1.6349376e+00  -1.4446987e+00  -2.3282401e+00  -2.2466904e+00  -1.8930570e+00  -1.7359679e+00  -1.4613000e+00
   4.6917953e-01  -3.2246558e-01  -9.9489695e-01  -4.3522535e-01  -1.2926386e+00  -1.5908935e+00  -2.1757576e+00  -1.7146613e+00  -1.5221404e+00  -1.6236975e+00  -1.2788530e+00  -2.1110872e+00  -2.0991018e+00  -1.8782691e+00  -1.7828642e+00  -1.7459117e+00
   3.5106458e-01  -9.0702068e-01  -1.0202198e+00  -5.6603080e-01  -9.6247583e-01  -1.6952049e+00  -1.7957619e+00  -1.4749385e+00  -1.3856334e+00  -1.3321385e+00  -1.1812804e+00  -2.2739989e+00  -1.9279421e+00  -1.9090333e+00  -1.8645608e+00  -1.6975409e+00
  -7.4011200e-01  -1.1734529e+00  -1.2303295e+00  -3.5901024e-01  -1.1485657e+00  -1.2894959e+00  -1.8445041e+00  -1.5743277e+00  -1.7531162e+00  -1.5121599e+00  -1.2771237e+00  -2.3040885e+00  -1.7887774e+00  -2.0998542e+00  -1.7821005e+00  -1.8667780e+00
   2.4637199e-01  -3.6612248e-01  -1.0318779e+00  -4.5602676e-01  -1.1267933e+00  -1.9576982e+00  -1.8940998e+00  -1.6464709e+00  -1.5428814e+00  -1.4177642e+00  -1.2178870e+00  -2.2410268e+00  -1.9390944e+00  -1.8126858e+00  -1.8881800e+00  -1.6413932e+00
   5.8714545e-01  -7.1866877e-01  -9.4696591e-01  -7.9625543e-01  -1.4724318e+00  -2.0127839e+00  -2.1319074e+00  -2.0637633e+00  -2.0232895e+00  -1.5662325e+00  -1.3138232e+00  -2.1296153e+00  -1.9746520e+00  -1.8484795e+00  -1.9359266e+00  -1.6744596e+00
  -5.3202853e-02  -7.5190733e-01  -9.0413757e-01  -6.3750917e-01  -1.0157286e+00  -1.9330119e+00  -2.2281483e+00  -2.1050740e+00  -2.2363794e+00  -1.6880498e+00  -1.2281437e+00  -2.2914737e+00  -2.0698125e+00  -1.9567947e+00  -1.9147878e+00  -1.6662571e+00
   3.2435323e-03  -1.0168168e+00  -9.4204343e-01  -1.1322836e+00  -1.1247443e+00  -1.7748307e+00  -2.1131709e+00  -1.5502411e+00  -2.1854642e+00  -1.7819693e+00  -1.3511771e+00  -2.0499211e+00  -2.0786578e+00  -2.0159235e+00  -1.6492850e+00  -1.7907807e+00
   2.8234701e-01  -5.1515666e-01  -1.3428329e+00  -7.8645088e-01  -9.7736842e-01  -1.7829078e+00  -2.1940693e+00  -1.5994071e+00  -1.5769130e+00  -1.5167663e+00  -1.3628848e+00  -2.1018684e+00  -1.9227786e+00  -1.7453694e+00  -1.7702065e+00  -1.6022439e+00
   9.5795971e-02  -1.1996462e+00  -1.0298767e+00  -2.6116985e-01  -7.9638218e-01  -1.3937429e+00  -2.3142703e+00  -1.9560610e+00  -2.0621530e+00  -1.5859984e+00  -1.3396196e+00  -2.2097499e+00  -2.0575602e+00  -1.9913837e+00  -1.9393863e+00  -1.6716891e+00
   7.9473768e-01  -3.4084570e-01  -1.3456028e+00  -7.7054162e-01  -1.3359206e+00  -1.4285109e+00  -1.8995456e+00  -1.9142452e+00  -2.1001402e+00  -1.4368414e+00  -1.3122892e+00  -2.1280689e+00  -1.7790804e+00  -1.6434286e+00  -1.7833324e+00  -1.6267448e+00
   2.0613460e-01  -7.6189792e-01  -1.2426044e+00  -3.3019661e-01  -1.3105219e+00  -9.7062060e-01  -1.7306883e+00  -2.2114499e+00  -1.7442616e+00  -1.3858205e+00  -1.3156564e+00  -2.1240734e+00  -1.9545783e+00  -2.0205304e+00  -1.7897377e+00  -1.6104774e+00
   5.6486683e-01  -5.3092480e-01  -1.2183787e+00  -1.3948115e+00  -9.1159732e-01  -1.3859772e+00  -2.1497734e+00  -1.9513052e+00  -2.0409976e+00  -1.4245109e+00  -1.2178829e+00  -2.2528927e+00  -2.2545340e+00  -1.9277160e+00  -2.0143423e+00  -1.6313037e+00
   5.4656010e-01  -6.0780483e-01  -4.4941586e-01  -7.7437344e-01  -1.0160500e+00  -1.5792713e+00  -2.2864887e+00  -1.9019686e+00  -1.6345898e+00  -1.2618968e+00  -1.2171470e+00  -1.8844110e+00  -2.0991992e+00  -2.0787610e+00  -1.9196162e+00  -1.8603653e+00
   2.5872031e-02  -7.7917886e-01  -8.9218495e-01  -4.5699247e-01  -8.8978610e-01  -1.5980513e+00  -2.2782960e+00  -1.9136257e+00  -2.0434233e+00  -1.2779456e+00  -1.1534081e+00  -1.8616469e+00  -1.9583508e+00  -1.9480609e+00  -1.7907284e+00  -1.7893884e+00
   6.3934825e-01  -7.2473480e-01  -7.0463645e-01  -1.0620227e-01  -5.6769712e-01  -1.2296093e+00  -2.0179257e+00  -1.9905943e+00  -2.1280025e+00  -1.5874695e+00  -1.2906857e+00  -2.0499449e+00  -2.1565340e+00  -1.8042925e+00  -1.4943982e+00  -1.5279560e+00
   6.0993825e-01  -6.3440541e-01  -1.5561273e+00  -2.7577620e-01  -7.3708000e-01  -1.4012832e+00  -1.8766132e+00  -1.8356628e+00  -1.7031547e+00  -1.6391887e+00  -1.3094866e+00  -1.7072842e+00  -1.9715055e+00  -1.9360839e+00  -1.6376097e+00  -1.6609888e+00
   1.4528730e-01  -1.1048222e+00  -1.3710929e+00  -5.4582972e-01  -1.2549453e+00  -1.9809303e+00  -1.9959587e+00  -2.0875865e+00  -2.0059687e+00  -1.5418464e+00  -1.2426127e+00  -2.0870838e+00  -2.1006031e+00  -1.9342179e+00  -1.8951566e+00  -1.6174727e+00
   3.3157239e-01  -8.9216385e-01  -7.4419380e-01  -5.0953157e-01  -1.6090599e+00  -1.5894917e+00  -1.6594962e+00  -1.4922856e+00  -2.0336200e+00  -1.5913537e+00  -1.2202043e+00  -2.2297900e+00  -1.7434968e+00  -1.5798432e+00  -1.6979843e+00  -1.5426935e+00
   4.7154358e-01  -7.5761723e-01  -6.0217303e-01  -1.1726291e+00  -1.2865772e+00  -1.2331621e+00  -2.0389182e+00  -2.2192874e+00  -1.9599108e+00  -1.4713043e+00  -1.3025606e+00  -1.8279137e+00  -2.0285752e+00  -1.9813218e+00  -2.1097272e+00  -1.8014205e+00
  -1.9376442e-01  -9.8500330e-01  -1.1562317e+00  -9.2762973e-01  -1.1021280e+00  -1.2823238e+00  -2.1632940e+00  -2.2095297e+00  -2.0841474e+00  -1.6681263e+00  -1.5445411e+00  -2.2044260e+00  -1.8655647e+00  -1.7858846e+00  -1.8907641e+00  -1.5038707e+00
  -4.1293676e-01  -8.1594551e-01  -1.0614493e+00  -4.2777838e-01  -1.0219908e+00  -1.3198929e+00  -1.9085375e+00  -2.1944116e+00  -1.9884794e+00  -1.5825490e+00  -1.2417609e+00  -2.0805248e+00  -1.9063139e+00  -1.7856370e+00  -1.7525504e+00  -1.6299629e+00
  -9.6363814e-01  -1.1439662e+00  -1.1977045e+00  -6.1218313e-01  -7.1009426e-01  -1.2712738e+00  -1.7623361e+00  -1.3248232e+00  -1.1353784e+00  -8.8617624e-01  -1.0115590e+00  -1.1668161e+00  -9.7974829e-01  -4.5998250e-02  -1.7330976e-01  -4.5512773e-01
   3.3537804e-01  -8.2722257e-01  -1.1552450e+00  -4.1925676e-01  -1.0279017e+00  -1.5305578e+00  -2.5530847e+00  -1.7374224e+00  -1.7782237e+00  -1.6461478e+00  -1.2183840e+00  -9.0425848e-01  -5.2047715e-01   5.3681871e-01   2.5775655e-01   4.0251921e-01
   2.9035022e-01  -1.1903501e+00  -1.2265316e+00  -8.8396756e-02  -5.4814977e-01  -1.5299818e+00  -2.4020953e+00  -2.0816330e+00  -1.8892301e+00  -1.2902398e+00  -1.0805575e+00  -1.0176513e+00  -3.3524980e-01   7.0405044e-01   5.1497883e-01   6.8133518e-01
   4.7509813e-01  -8.1974608e-01  -7.7917414e-01   1.4332739e-01  -5.9679004e-01  -1.6358143e+00  -1.9587148e+00  -1.9722701e+00  -1.6953476e+00  -1.1433025e+00  -1.0842963e+00  -8.9109133e-01  -2.7708969e-02   1.1311764e+00   9.5470072e-01   6.7413837e-01
   6.2549676e-01  -1.2502498e-01  -7.7817294e-01  -4.8449095e-01  -8.3980659e-01  -1.8676878e+00  -2.3086392e+00  -1.9919901e+00  -1.7448895e+00  -1.1932647e+00  -1.0053524e+00  -5.4255275e-01   4.2580492e-01   1.2866745e+00   1.6011484e+00   8.9124498e-01
   6.6256501e-02  -8.1858153e-01  -8.3894373e-01  -6.0612679e-01  -7.9123528e-01  -1.4465029e+00  -2.3860085e+00  -1.7873129e+00  -1.5493112e+00  -8.9344198e-01  -7.6419475e-01  -6.7621880e-01   2.6417580e-01   1.8619390e+00   1.5815129e+00   8.9098579e-01
   5.1370604e-02  -6.3272947e-01  -8.2985880e-01  -9.3628014e-01  -1.6923049e+00  -2.1411877e+00  -2.1435912e+00  -1.8229786e+00  -2.1656433e+00  -1.2291359e+00  -8.4260218e-01  -6.5160037e-01   3.4702415e-01   1.5058398e+00   1.5085003e+00   8.2654982e-01
   8.4948605e-01  -2.5108958e-01  -9.3353921e-01  -7.1161634e-01  -1.0466586e+00  -1.3929391e+00  -1.8665098e+00  -2.0112238e+00  -1.8585879e+00  -1.2225134e+00  -9.9519724e-01  -4.4624781e-01   4.4494491e-01   1.1851889e+00   1.1281773e+00   6.3353455e-01
   8.0725020e-02  -8.7883625e-01  -8.9260490e-01  -4.5971000e-01  -7.8067356e-01  -1.8323563e+00  -2.3033063e+00  -2.2997533e+00  -1.7123899e+00  -8.3836617e-01  -4.4174294e-01  -4.0057300e-01   9.1969353e-02   8.9246322e-01   6.4800691e-01   3.0845907e-01
   1.7069915e-01  -2.6911075e-01  -4.7156149e-01  -5.5325803e-01  -6.2885591e-01  -1.7903627e+00  -2.1833820e+00  -2.0352085e+00  -1.9344676e+00  -1.0528684e+00  -6.0910466e-01  -5.9330561e-01  -2.2345029e-01   2.1549416e-01  -1.5732531e-01  -3.6567367e-01
   4.5744342e-01   6.9395590e-02  -1.7875864e-01   3.1879501e-01  -7.4322911e-01  -1.2940893e+00  -2.0869564e+00  -1.9306960e+00  -1.5209152e+00  -1.0672120e+00  -8.0590341e-01  -7.1091627e-01  -9.3745823e-01  -2.4097970e-01  -6.4023278e-01  -1.4155216e+00
   5.1171267e-01   4.2490531e-01   9.2576309e-02   5.8438272e-02  -1.1313007e+00  -1.9604599e+00  -1.9396066e+00  -1.6790799e+00  -1.4069856e+00  -1.1407486e+00  -9.1684798e-01  -7.2999233e-01  -1.0082323e+00  -3.2714757e-01  -8.0586188e-01  -1.4704500e+00
   2.4566843e-01   1.2730677e-01  -2.5667863e-01   2.5803498e-02  -8.2214937e-01  -1.9149660e+00  -1.9450123e+00  -1.4165751e+00  -1.3928732e+00  -1.3823535e+00  -1.0698399e+00  -7.0689957e-01  -9.8368969e-01  -1.7545610e-01  -5.1448524e-01  -1.3687407e+00
  -7.4201520e-02   9.7622075e-02  -1.6535667e-01   3.1690297e-01  -4.5379387e-01  -1.5037118e+00  -1.9005200e+00  -1.3778890e+00  -1.5364326e+00  -1.2318878e+00  -1.0507683e+00  -5.5505210e-01  -8.3270473e-01   2.4576197e-02  -5.7124341e-01  -1.2756226e+00
   3.4254916e-01   3.7460967e-01   6.5560562e-02   1.7947664e-01  -7.3841394e-01  -1.7216484e+00  -2.0216891e+00  -1.7842970e+00  -1.6231650e+00  -1.3245735e+00  -1.1540444e+00  -3.6872093e-01  -6.0273857e-01   1.5443508e-01  -4.5911669e-01  -1.0119120e+00
   1.4995721e-01   5.2777451e-01   1.6111122e-01   4.9663360e-01  -5.7970742e-01  -1.4779987e+00  -2.2607887e+00  -2.1672059e+00  -1.7371290e+00  -1.3215327e+00  -1.0318613e+00   5.6861053e-02  -2.9509975e-01   2.6879424e-01  -1.2361322e-01  -4.7174359e-01
  -2.5805283e-01   1.7106106e-01   1.3439062e-02   5.8596986e-01  -4.1018106e-01  -1.1571514e+00  -1.5523785e+00  -1.5261427e+00  -1.3721288e+00  -9.6495537e-01  -8.0755327e-01   1.1338850e-01  -2.2594446e-01   9.3243861e-02   2.6045857e-02  -3.2228528e-01
   1.6843296e-01   4.1899628e-01  -1.7437616e-01   2.7033024e-01  -1.0806500e+00  -1.4588810e+00  -1.8791687e+00  -1.9688148e+00  -2.2591773e+00  -1.3233968e+00  -9.5395705e-01  -2.5560869e-01  -2.3849280e-01  -1.9882784e-01  -2.1421459e-01  -5.5654388e-01
  -2.3199962e-01   3.4774704e-01  -3.0657142e-01   2.9941716e-01  -9.7593990e-01  -1.4214202e+00  -1.9724456e+00  -1.4777866e+00  -1.8261108e+00  -1.3715783e+00  -1.1342980e+00  -6.8364553e-01  -6.9776391e-02  -2.5238351e-01   1.0982551e-01  -1.8607373e-01
   3.3032044e-01   2.0187745e-01  -5.7852302e-01   4.5098796e-01  -5.5272488e-01  -1.9114838e+00  -2.2882016e+00  -2.1602484e+00  -1.4681221e+00  -1.5390415e+00  -1.2550579e+00  -7.7090887e-01  -6.3433821e-02  -4.8729754e-01  -8.8170789e-02  -2.6264079e-01
   3.2601289e-01   4.1673961e-01  -6.2301126e-02   5.2060288e-02  -1.3921572e+00  -1.8588331e+00  -2.2245055e+00  -1.4310805e+00  -1.4659357e+00  -1.4854270e+00  -1.1184852e+00  -6.4436665e-01  -4.7079443e-01  -6.6650755e-01  -3.1500824e-01  -5.3540674e-01
   4.5150742e-01   4.9388166e-01  -1.1425473e-01   2.2271898e-01  -1.5069406e+00  -1.9268001e+00  -2.0937723e+00  -1.7673846e+00  -1.4422563e+00  -1.4279743e+00  -1.2609168e+00  -1.0492898e+00  -4.9108695e-01  -7.1556361e-01  -1.2036128e-01  -5.1931874e-01
   3.7991881e-01   4.8192078e-01  -1.2897199e-01   2.0962623e-02  -1.0327029e+00  -1.9854745e+00  -2.2275370e+00  -1.8908167e+00  -1.6105288e+00  -1.3943465e+00  -1.3067451e+00  -9.7007464e-01  -4.1917105e-01  -6.0285268e-01  -1.2269824e-01  -3.6442531e-01
   2.5450877e-01   4.5429471e-01  -2.8886413e-01   1.5911546e-01  -8.0632744e-01  -1.7494709e+00  -2.0061198e+00  -1.5207305e+00  -2.0709220e+00  -1.6348912e+00  -1.3684781e+00  -1.2916823e+00  -4.0722723e-01  -7.7757871e-01   1.9665617e-02  -3.8573634e-01
  -1.3092856e-01   2.3194417e-01  -3.1019096e-01  -1.4466385e-01  -9.2904138e-01  -1.6793479e+00  -2.2682946e+00  -2.5122305e+00  -2.3672961e+00  -1.6813083e+00  -1.3929893e+00  -1.1149751e+00  -5.9983037e-01  -8.0751973e-01  -2.0405654e-01  -6.4348170e-01
   1.5807859e-03   1.8730412e-01   1.0747901e-01   2.5672057e-01  -8.5546310e-01  -1.8047701e+00  -2.1221651e+00  -2.1371748e+00  -1.9027531e+00  -1.3422463e+00  -1.2083948e+00  -4.8598844e-01   3.6037729e-02  -3.8804094e-02   6.0457534e-01   2.0795447e-01
   3.1612222e-01   2.2884867e-02   1.0761469e-01  -1.4062498e-01  -1.0246460e+00  -1.5224912e+00  -2.2721007e+00  -2.3988809e+00  -1.5089188e+00  -1.2802301e+00  -1.0971353e+00  -2.7535252e-01   2.3195652e-01   2.1213377e-01   8.9141543e-01   4.7296282e-01
   4.5807895e-01   5.2891790e-02  -3.2127008e-01   3.8458664e-02  -1.2545765e+00  -1.2421675e+00  -1.6682790e+00  -1.8977180e+00  -1.5147307e+00  -1.4517752e+00  -1.1449413e+00  -3.1907529e-01   3.1966336e-02  -3.7238514e-01   3.3853521e-01  -5.2541769e-04
  -2.5786018e-01  -1.3163931e-01  -1.8546477e-01  -1.3161326e-01  -8.3711130e-01  -1.3251868e+00  -2.1132681e+00  -1.5235701e+00  -1.4981141e+00  -1.2363227e+00  -1.0893335e+00  -3.5925753e-01   5.4254431e-02   8.2648640e-02   4.9832993e-01   3.1408224e-01
  -4.8812303e-02   5.8956465e-02   1.4075194e-01  -3.1433829e-01  -8.9297324e-01  -2.0368488e+00  -1.6365989e+00  -1.5167107e+00  -1.6827525e+00  -1.4837790e+00  -1.0742427e+00  -7.8606018e-02   3.2089865e-01   2.0917460e-01   5.2148790e-01   3.5533986e-01
   2.3749903e-01   2.9030668e-01   3.6105100e-01   1.5600563e-01  -1.0775863e+00  -1.7617699e+00  -2.0956317e+00  -1.5928511e+00  -1.6909129e+00  -1.4237598e+00  -1.2356487e+00  -1.9262087e-01   2.3911723e-01   2.3397260e-01   2.8789218e-01  -3.3169940e-02
   4.0506559e-01   4.4503288e-01   5.1362562e-01   4.2329491e-01  -7.6170339e-01  -1.4452251e+00  -1.8659093e+00  -1.5414058e+00  -1.8372342e+00  -1.4419301e+00  -1.1386660e+00   1.8672792e-01   4.3200892e-01   4.7935989e-01   6.7878580e-01   5.1964508e-01
   1.4845279e-01   2.0180479e-01   2.0834699e-01  -5.2639639e-01  -1.0833032e+00  -2.2008696e+00  -1.8794890e+00  -1.7101027e+00  -1.6574836e+00  -1.6489315e+00  -1.2837952e+00  -1.9360620e-01  -4.7180130e-02   4.9574006e-02  -8.0833807e-02  -1.9636016e-01
   4.1058846e-01   2.6024645e-01   4.4613378e-01   1.5557436e-01  -1.0849907e+00  -2.0699029e+00  -1.7623445e+00  -1.8045925e+00  -1.7303914e+00  -1.5067474e+00  -1.1087179e+00  -3.9026257e-01   4.9411814e-02   2.0198345e-01   2.9657640e-02  -9.9581401e-02
   6.0106755e-01   2.4232861e-01   1.9264733e-01   2.2300230e-01  -9.9665764e-01  -1.5914928e+00  -1.4432893e+00  -1.4307597e+00  -1.7083175e+00  -1.5077411e+00  -1.1004123e+00  -1.9300245e-01   6.2460430e-02   2.1209089e-01  -4.9556544e-02  -1.5902448e-01
   6.7508356e-01   1.6458799e-01   2.8399502e-01   3.6604158e-01  -7.5536401e-01  -1.2598612e+00  -1.6600456e+00  -1.5229201e+00  -1.6843183e+00  -1.4029581e+00  -1.1530494e+00  -2.8425062e-01   7.4719842e-02  -5.8572188e-02  -5.4133440e-01  -7.3573145e-01
   6.9972901e-01   2.5605011e-01   2.2484536e-01  -1.3057013e-01  -1.0925952e+00  -2.0708792e+00  -1.9895389e+00  -2.1626580e+00  -1.8799813e+00  -1.5260018e+00  -1.2792428e+00  -5.1385177e-01  -1.9719786e-01  -4.2582798e-01  -8.7385584e-01  -1.2850469e+00
   7.2577953e-01   1.7608982e-01   2.4149167e-01   4.9547205e-01  -2.9289791e-01  -1.4909077e+00  -2.1672049e+00  -2.2610177e+00  -1.7303572e+00  -1.3715344e+00  -1.3347181e+00  -6.8196416e-01  -4.5628095e-01  -7.0654458e-01  -1.0661635e+00  -1.2171772e+00
   3.6497387e-01  -1.0274659e-01  -1.9130190e-01   5.8811294e-01  -3.1154749e-01  -1.1140868e+00  -1.7293452e+00  -2.4487568e+00  -2.2481503e+00  -1.3545451e+00  -1.2005292e+00  -8.9908810e-01  -6.2062844e-01  -8.6847084e-01  -1.0530271e+00  -1.4249109e+00
   2.5334698e-01   5.1654425e-01   2.9667753e-01   1.6105305e-01  -1.0884762e+00  -1.3067646e+00  -1.9344953e+00  -1.9687697e+00  -2.3475199e+00  -1.6583358e+00  -1.2124964e+00  -1.0599534e+00  -7.4614553e-01  -7.6722876e-01  -1.0182308e+00  -1.4316253e+00
  -1.5801268e-01   2.8185716e-01   4.5930488e-02  -1.3412659e-01  -4.5337202e-01  -1.6983905e+00  -2.2814272e+00  -2.1665583e+00  -1.9841967e+00  -1.5973359e+00  -1.4052962e+00  -1.4131211e+00  -1.2451043e+00  -1.3134257e+00  -1.3810139e+00  -1.6025046e+00
   3.1269090e-01   1.9191602e-02  -1.1239404e-01   1.3993432e-01  -6.2623204e-01  -1.3930893e+00  -2.0096690e+00  -1.7524006e+00  -1.7329300e+00  -1.5301834e+00  -1.2245834e+00  -1.4917759e+00  -1.4862747e+00  -1.4232546e+00  -1.1245840e+00  -1.7090679e+00
  -2.7597426e-02   1.2584469e-01  -3.7077519e-01   1.3191457e-02  -5.3540502e-01  -1.8154254e+00  -2.4835807e+00  -2.0476896e+00  -1.8486777e+00  -1.4865345e+00  -1.2381423e+00  -1.7170087e+00  -1.6868410e+00  -1.4135875e+00  -1.2848874e+00  -1.7376333e+00
   3.1372240e-01   6.5671652e-02  -2.3125855e-01   3.8289445e-01  -7.9598504e-01  -2.1163873e+00  -2.6078392e+00  -1.7784037e+00  -2.3263426e+00  -1.4791993e+00  -1.1478014e+00  -1.7632770e+00  -1.4130771e+00  -1.4247694e+00  -1.5094504e+00  -1.5587903e+00
   7.3034260e-02   2.9165355e-01  -1.0226940e-01  -1.3202657e-01  -8.8723879e-01  -1.5952807e+00  -1.7658516e+00  -1.4528875e+00  -1.7544749e+00  -1.2774659e+00  -1.1012132e+00  -1.6094918e+00  -1.5971297e+00  -1.3538860e+00  -1.2641337e+00  -1.6201494e+00
   2.7229817e-01   1.5948951e-01  -7.0103982e-02  -2.7139894e-02  -7.4050131e-01  -1.3736919e+00  -2.1878253e+00  -2.1274107e+00  -1.6292293e+00  -1.5988787e+00  -1.3366356e+00  -1.6948520e+00  -1.7115788e+00  -1.4514719e+00  -1.4645555e+00  -1.7617865e+00
   3.4581360e-01   1.3042971e-01  -2.8814883e-01  -5.4963069e-01  -8.0571878e-01  -1.9185823e+00  -1.7716795e+00  -1.7444245e+00  -1.4460243e+00  -1.4107425e+00  -1.2069960e+00  -1.5890609e+00  -1.6729126e+00  -1.7642446e+00  -1.8795478e+00  -1.7791120e+00
  -1.1228076e-01   3.1262168e-02  -1.5907415e-01  -5.1538154e-01  -1.1033073e+00  -1.7632396e+00  -1.8324593e+00  -1.7771791e+00  -1.5709597e+00  -1.4532634e+00  -1.3318600e+00  -1.7801775e+00  -1.9414781e+00  -1.8970303e+00  -1.9487837e+00  -1.6859200e+00
   8.9281781e-02  -8.5584278e-02  -6.5960050e-02  -5.1434471e-01  -7.1786053e-01  -1.5152727e+00  -2.0954944e+00  -2.1032376e+00  -1.7620959e+00  -1.6688970e+00  -1.4442746e+00  -2.1941441e+00  -1.7304660e+00  -1.3583665e+00  -1.5139730e+00  -1.2889925e+00
   4.8516019e-01  -3.7837832e-01  -2.9088226e-01  -5.7971868e-01  -9.6204413e-01  -1.7599969e+00  -2.0454422e+00  -1.8490908e+00  -2.1855933e+00  -1.5190490e+00  -1.2118285e+00  -1.6584443e+00  -1.8377029e+00  -1.4908885e+00  -1.8437309e+00  -1.4921314e+00
   2.6747116e-01  -5.6800542e-01  -6.2194340e-01  -2.5065311e-01  -6.5516059e-01  -1.8424010e+00  -2.3457786e+00  -2.1106518e+00  -2.3448285e+00  -1.5422042e+00  -1.2813707e+00  -2.0210662e+00  -1.7854201e+00  -1.6601167e+00  -1.7314619e+00  -1.7652238e+00
   2.5585252e-01  -7.1657572e-01  -1.0363146e+00  -3.8182126e-01  -7.5503605e-01  -1.6877390e+00  -1.8992559e+00  -1.8467390e+00  -1.9588423e+00  -1.4813569e+00  -1.1963808e+00  -1.7972651e+00  -2.1170588e+00  -1.7330653e+00  -1.4458800e+00  -1.6495561e+00
   6.3396991e-01  -6.7212620e-01  -1.4201762e+00  -3.9395465e-01  -7.8802697e-01  -1.9182911e+00  -1.8739089e+00  -1.7792847e+00  -2.0401383e+00  -1.3995022e+00  -1.2271019e+00  -2.0147852e+00  -1.8945562e+00  -1.7509707e+00  -1.7085454e+00  -1.5120302e+00
   5.5001376e-01  -4.6629778e-01  -6.6693473e-01  -6.3525922e-01  -1.5478111e+00  -2.0481317e+00  -2.0982142e+00  -1.6903794e+00  -1.5640941e+00  -1.3463433e+00  -1.3252017e+00  -2.1232186e+00  -1.8439443e+00  -2.0817321e+00  -1.9314903e+00  -1.5304001e+00
   5.4076082e-01  -1.2507252e+00  -1.5423150e+00  -8.7194850e-01  -1.0478353e+00  -2.0793920e+00  -1.8838719e+00  -1.6598141e+00  -1.5207114e+00  -1.0051778e+00  -1.2285578e+00  -2.2556404e+00  -2.0936973e+00  -1.8095264e+00  -1.7477235e+00  -1.4919732e+00
   5.2779447e-01  -9.4225810e-01  -1.3698619e+00  -6.8384439e-01  -1.3458083e+00  -1.2722440e+00  -1.9169996e+00  -2.2340587e+00  -1.8922721e+00  -1.1552327e+00  -1.1543994e+00  -2.2554179e+00  -1.7612604e+00  -1.6522770e+00  -1.7824253e+00  -1.7274905e+00
   1.3285563e-01  -4.3181454e-01  -5.2521440e-01  -7.4091341e-01  -1.1740620e+00  -1.5015347e+00  -1.5351232e+00  -1.8939427e+00  -1.8128004e+00  -8.7814146e-01  -1.3169763e+00  -2.0643771e+00  -1.5561654e+00  -1.9393686e+00  -1.9197281e+00  -1.6199465e+00
  -4.4427915e-02  -5.3443552e-01  -1.0076835e+00  -6.2550891e-01  -8.9496623e-01  -1.5083234e+00  -1.5827826e+00  -1.8322765e+00  -1.6280240e+00  -1.0215768e+00  -1.1757759e+00  -2.0015681e+00  -1.8752107e+00  -1.9893074e+00  -1.7270170e+00  -1.8455588e+00
   1.0594023e-01  -5.4741409e-01  -7.7712788e-01  -7.3829833e-01  -9.0291956e-01  -1.8005879e+00  -1.9929532e+00  -1.6084197e+00  -1.3823014e+00  -1.1717368e+00  -1.4438630e+00  -2.0491799e+00  -1.9003057e+00  -2.0478901e+00  -1.7261234e+00  -1.7333399e+00
   1.5379184e-01  -7.7295698e-01  -1.0034316e+00  -7.3080022e-01  -9.2439134e-01  -1.4755112e+00  -1.9910685e+00  -1.9083614e+00  -1.7493365e+00  -1.1724696e+00  -1.1223515e+00  -1.9269151e+00  -1.6772672e+00  -1.9588776e+00  -1.6135374e+00  -1.6505802e+00
   1.4116644e-01  -5.5076255e-01  -7.5948058e-01  -8.2327481e-01  -1.2800386e+00  -2.1732137e+00  -1.9883809e+00  -1.7894890e+00  -1.6757228e+00  -1.3778292e+00  -1.2818143e+00  -2.0853022e+00  -1.9700433e+00  -1.7904117e+00  -1.7487090e+00  -1.5731621e+00
   1.5838701e-01  -7.0507586e-01  -1.0882216e+00  -1.2718211e+00  -1.6689606e+00  -2.1528763e+00  -2.0366238e+00  -1.7868007e+00  -2.0055408e+00  -1.6376997e+00  -1.3459980e+00  -1.9568705e+00  -1.4683043e+00  -1.8643957e+00  -1.8936233e+00  -1.4737872e+00
   1.8970756e-01  -1.0023252e-01  -5.8390795e-01  -8.3580928e-01  -1.0792818e+00  -1.6894577e+00  -2.1605843e+00  -1.7037928e+00  -1.8048081e+00  -1.6018313e+00  -1.4129217e+00  -2.3078625e+00  -1.9693516e+00  -1.7958562e+00  -1.6918649e+00  -1.5813619e+00
  -3.0213920e-01  -6.8869893e-01  -8.0420395e-01  -2.1928789e-01  -8.3874469e-01  -1.8016705e+00  -1.9655369e+00  -2.1196178e+00  -1.5804479e+00  -1.5345480e+00  -1.2493157e+00  -2.2261014e+00  -2.0538093e+00  -1.8002330e+00  -1.6959121e+00  -1.6215060e+00
  -9.6458678e-01  -1.0200789e+00  -6.8269686e-01  -7.8058422e-01  -1.2852509e+00  -1.8688290e+00  -1.8386613e+00  -1.5759890e+00  -1.8655198e+00  -1.5757308e+00  -1.2622935e+00  -2.0200533e+00  -2.0106269e+00  -1.8251438e+00  -1.7313437e+00  -1.8076886e+00
   1.0470628e-01  -5.3329871e-01  -1.0005088e+00  -7.1126126e-01  -9.3072822e-01  -1.6416438e+00  -2.0330450e+00  -1.7211708e+00  -1.9341565e+00  -1.5545219e+00  -1.2441203e+00  -2.4333372e+00  -2.2119061e+00  -1.9407477e+00  -1.6414220e+00  -1.7335963e+00
   2.3102642e-01  -1.0117799e+00  -5.5581709e-01  -5.2905654e-01  -1.0723192e+00  -1.9024138e+00  -2.1831299e+00  -1.6331628e+00  -1.6754813e+00  -1.6920132e+00  -1.3503303e+00  -2.1935982e+00  -2.1055981e+00  -1.9855658e+00  -1.7491829e+00  -1.5396915e+00
   3.6890314e-01  -6.7964245e-01  -5.6810627e-01  -8.6595051e-01  -1.1056941e+00  -2.1427011e+00  -2.4367910e+00  -1.6890811e+00  -1.4588375e+00  -1.4053581e+00  -1.3224333e+00  -2.2869270e+00  -2.2521711e+00  -1.9672286e+00  -1.8764299e+00  -1.5677261e+00
   7.4064564e-01  -7.7415879e-01  -7.9597300e-01  -2.1696773e-01  -8.4447893e-01  -1.4443767e+00  -2.2270056e+00  -1.9681875e+00  -1.7024878e+00  -1.4879179e+00  -1.1658699e+00  -2.1043189e+00  -2.0177512e+00  -1.9204059e+00  -1.6871434e+00  -1.5780582e+00
   2.4974336e-01  -3.1975745e-01  -5.8534379e-01  -1.7461850e-01  -8.6736337e-01  -1.9914282e+00  -2.5538235e+00  -1.9979297e+00  -1.8927414e+00  -1.4666951e+00  -1.3497433e+00  -1.9850204e+00  -1.9051060e+00  -1.7809764e+00  -1.7912887e+00  -1.7759569e+00
