   6.8669288e-01  -1.9042769e-01  -1.2559713e+00  -5.8132191e-01  -1.1308264e+00  -2.2265368e+00  -2.4570905e+00  -2.0227334e+00  -1.7154069e+00  -1.6597561e+00  -1.6018875e+00  -1.9735412e+00  -1.6933875e+00  -1.7291274e+00  -1.8559430e+00  -1.9166981e+00
   3.9803450e-01  -2.8624627e-01  -1.1142323e+00  -8.1966231e-01  -1.4847663e+00  -2.2030116e+00  -2.2993653e+00  -2.0649411e+00  -1.9622446e+00  -1.7972510e+00  -1.8604296e+00  -1.8094860e+00  -2.0060332e+00  -1.7125675e+00  -1.7238029e+00  -1.7655153e+00
  -2.8255417e-02  -6.0074710e-01  -1.0161962e+00  -3.3910084e-01  -8.9114554e-01  -2.0168066e+00  -2.0067118e+00  -2.3033416e+00  -1.9535696e+00  -1.8977239e+00  -1.8702282e+00  -2.0675304e+00  -2.3010680e+00  -1.9181114e+00  -1.8299686e+00  -1.7266789e+00
   1.3731332e-01  -6.6309043e-01  -8.5005494e-01  -3.0474981e-01  -1.0630302e+00  -1.9136894e+00  -2.0676355e+00  -2.1001178e+00  -2.0977658e+00  -1.9316451e+00  -1.8241246e+00  -1.9223419e+00  -2.0274774e+00  -1.9526218e+00  -1.9193067e+00  -1.8104466e+00
   1.5818933e-01  -4.5817316e-01  -8.1163665e-01  -9.9011873e-01  -1.2945850e+00  -1.4185753e+00  -2.3846506e+00  -1.7607046e+00  -1.9582880e+00  -1.9239501e+00  -1.7831698e+00  -1.9780635e+00  -2.1793733e+00  -1.8217108e+00  -1.9998915e+00  -1.5463491e+00
   3.1843139e-02  -5.6555850e-01  -9.1432816e-01  -4.8659918e-01  -9.1253644e-01  -1.4797662e+00  -2.2407789e+00  -1.6957126e+00  -2.4948812e+00  -1.8126544e+00  -1.7864062e+00  -2.0411181e+00  -2.2736498e+00  -1.7205592e+00  -1.5826046e+00  -1.8193187e+00
  -6.6341471e-01  -8.3319475e-01  -1.3287497e+00  -9.1640736e-01  -1.2096562e+00  -2.1322594e+00  -2.2183917e+00  -1.9161496e+00  -2.0543231e+00  -1.8547718e+00  -1.8353863e+00  -2.1517263e+00  -2.2551535e+00  -1.8355597e+00  -1.7708312e+00  -1.6790004e+00
  -2.2367725e-01  -7.2564292e-01  -7.9939111e-01  -4.4831047e-01  -9.3874774e-01  -1.9254293e+00  -2.3450024e+00  -2.0509425e+00  -2.0754902e+00  -1.8280318e+00  -1.8007565e+00  -2.3720766e+00  -2.4086164e+00  -1.9802088e+00  -1.8675146e+00  -1.7864732e+00
  -3.4219166e-01  -5.4067902e-01  -1.0903842e+00  -9.6459556e-01  -1.0512211e+00  -1.7548656e+00  -2.4476917e+00  -2.2546426e+00  -1.8945157e+00  -1.5892115e+00  -1.8275995e+00  -2.0844793e+00  -2.2026566e+00  -2.1725970e+00  -1.7123484e+00  -2.0635116e+00
  -2.2307652e-01  -5.0899275e-01  -1.0835355e+00  -1.2743589e+00  -1.2427941e+00  -1.6771505e+00  -2.1928709e+00  -1.9247771e+00  -1.7710253e+00  -1.5716497e+00  -1.7727268e+00  -2.2042353e+00  -1.9318371e+00  -2.0384478e+00  -1.8777875e+00  -1.7627287e+00
  -4.2494780e-01  -6.3768318e-01  -9.8673226e-01  -1.3141824e+00  -1.5491906e+00  -1.7402615e+00  -2.0224650e+00  -1.7570846e+00  -2.1304723e+00  -1.9462485e+00  -1.7715320e+00  -2.0066189e+00  -1.9663520e+00  -1.9896096e+00  -2.0458647e+00  -1.9082002e+00
  -2.8698946e-01  -4.7697925e-01  -7.8980473e-01  -9.6949101e-01  -1.4833461e+00  -1.9311495e+00  -1.8021302e+00  -1.7422581e+00  -2.0819348e+00  -1.8110875e+00  -1.5698802e+00  -2.3726001e+00  -1.9053945e+00  -2.0899463e+00  -2.0986144e+00  -2.0857330e+00
  -4.4153651e-01  -1.0158414e+00  -9.4671301e-01  -1.3204680e+00  -1.8043134e+00  -1.7491923e+00  -2.1049368e+00  -1.7422635e+00  -1.8784774e+00  -1.6726158e+00  -1.6623130e+00  -2.2043215e+00  -1.8343924e+00  -1.9643721e+00  -1.7274037e+00  -1.7624134e+00
  -8.6503731e-02  -1.5156257e+00  -6.0153447e-01  -5.4811497e-01  -1.1175888e+00  -1.5813592e+00  -1.8502520e+00  -1.8611409e+00  -1.9771078e+00  -1.7732833e+00  -1.5622754e+00  -2.0603160e+00  -1.8361337e+00  -2.0225108e+00  -2.0640078e+00  -1.8813124e+00
  -5.2350958e-01  -8.3636622e-01  -6.7296663e-01  -3.4746252e-01  -7.4634660e-01  -1.6825151e+00  -1.7556813e+00  -1.7388132e+00  -1.8083675e+00  -1.9002896e+00  -1.8063204e+00  -1.9443438e+00  -2.0207834e+00  -1.9865633e+00  -1.9982465e+00  -1.9808054e+00
  -6.7184041e-01  -1.2300424e+00  -1.1503343e+00  -4.6848045e-01  -8.8915486e-01  -1.5203970e+00  -2.0818339e+00  -1.7123753e+00  -1.7482415e+00  -1.7228707e+00  -2.0289506e+00  -1.7557535e+00  -2.1475622e+00  -2.0040630e+00  -1.7599349e+00  -1.8120102e+00
   1.6772694e-02  -7.5341005e-01  -7.9414483e-01  -7.5034288e-01  -1.2985496e+00  -1.7149311e+00  -1.9029418e+00  -1.3659600e+00  -1.8519150e+00  -1.6020230e+00  -1.8145573e+00  -2.0058511e+00  -2.1625393e+00  -2.2608042e+00  -1.9506811e+00  -1.9213905e+00
  -2.3162273e-02  -6.8162741e-01  -1.2669981e+00  -1.0892014e+00  -1.2950574e+00  -1.6198299e+00  -1.9714647e+00  -1.2633222e+00  -2.0612845e+00  -1.6273308e+00  -1.6537423e+00  -2.1844578e+00  -1.9632974e+00  -2.0277555e+00  -1.8440126e+00  -1.9814715e+00
  -1.3440756e-01  -8.4720748e-01  -9.0778184e-01  -3.8393880e-01  -1.1200701e+00  -1.5790709e+00  -2.3024065e+00  -1.7188981e+00  -2.2296611e+00  -2.0165337e+00  -1.7202945e+00  -1.9339795e+00  -2.0287960e+00  -1.8116295e+00  -1.8562176e+00  -2.1128254e+00
   4.0207295e-01  -7.9783048e-01  -4.9232090e-01  -7.6728028e-01  -1.3634696e+00  -1.4712498e+00  -1.8033679e+00  -1.6449693e+00  -2.3075397e+00  -1.8707734e+00  -1.8824308e+00  -2.1132616e+00  -2.0626522e+00  -2.3543031e+00  -2.0431312e+00  -1.9431616e+00
  -1.3599510e-01  -3.2846818e-01  -5.9862452e-01  -5.4585259e-01  -1.3744589e+00  -1.6992598e+00  -1.9863677e+00  -1.5929154e+00  -1.8467736e+00  -1.7467474e+00  -1.9418249e+00  -2.1756059e+00  -1.9316428e+00  -1.9669924e+00  -1.9602125e+00  -1.9592084e+00
   8.3848786e-03  -4.2024644e-01  -7.6844523e-01  -4.6947200e-01  -9.8696318e-01  -1.6868586e+00  -1.9850615e+00  -1.4123448e+00  -2.1405114e+00  -1.7503510e+00  -1.5985830e+00  -2.1778130e+00  -2.0352488e+00  -2.0176055e+00  -1.9425224e+00  -1.9558266e+00
   1.9827228e-01  -3.8198923e-01  -7.8424951e-01  -8.7915719e-01  -1.1694115e+00  -1.4563510e+00  -2.5708346e+00  -1.9347930e+00  -2.3398112e+00  -1.9176847e+00  -1.6968156e+00  -2.1820630e+00  -2.0636143e+00  -2.1964521e+00  -2.1820164e+00  -2.0898850e+00
   3.1277427e-01  -7.9258948e-01  -4.6029113e-01  -2.3956264e-01  -1.0974556e+00  -1.4015481e+00  -2.1084786e+00  -1.6677335e+00  -1.8722855e+00  -1.8135339e+00  -1.7709615e+00  -2.2582307e+00  -1.7946698e+00  -1.8730374e+00  -1.9070895e+00  -1.9539170e+00
   1.6654261e-01  -1.1124042e+00  -6.7842628e-01  -9.8607811e-01  -1.5645551e+00  -1.9207903e+00  -2.3300770e+00  -1.7231555e+00  -1.8156230e+00  -1.6511034e+00  -1.7126590e+00  -2.0198143e+00  -2.0605071e+00  -1.9388809e+00  -1.8581416e+00  -1.7752583e+00
   3.7758809e-01  -8.8004845e-01  -8.7962608e-01  -6.5567921e-01  -1.6129736e+00  -1.7103336e+00  -2.1639794e+00  -1.8138757e+00  -1.9194079e+00  -1.5911005e+00  -1.6213983e+00  -2.0353601e+00  -1.8369932e+00  -1.8387907e+00  -1.8488535e+00  -2.0076930e+00
   9.3118116e-02  -6.9961694e-01  -6.1556392e-01  -1.2836293e+00  -1.5601790e+00  -1.5005690e+00  -2.3757942e+00  -1.9813314e+00  -1.6606607e+00  -1.4928530e+00  -1.5281972e+00  -2.0064521e+00  -1.8043684e+00  -1.9849921e+00  -1.9684834e+00  -1.8039325e+00
   7.9720139e-02  -4.9260944e-01  -5.4804388e-01  -9.4178015e-01  -1.1811137e+00  -1.7363174e+00  -2.2053452e+00  -1.6670006e+00  -1.9516538e+00  -1.7166977e+00  -1.7716642e+00  -1.9073235e+00  -2.0140326e+00  -1.9432055e+00  -1.8503944e+00  -1.7522335e+00
   4.2917306e-01  -7.0180413e-01  -2.0381676e-01  -6.4884705e-01  -1.2133765e+00  -1.6399827e+00  -2.0007501e+00  -1.7839154e+00  -2.0767124e+00  -1.8325673e+00  -1.6391615e+00  -2.0105023e+00  -1.9897211e+00  -1.7040908e+00  -1.5337864e+00  -2.0399551e+00
  -1.2967344e-02  -9.7327366e-01  -1.1065533e+00  -1.0973861e+00  -1.6532902e+00  -1.8049197e+00  -2.4738272e+00  -1.9322964e+00  -1.9706811e+00  -1.7944840e+00  -1.7324013e+00  -1.9452773e+00  -1.9480308e+00  -1.8951015e+00  -2.0532170e+00  -1.7095317e+00
   4.3659535e-01  -4.8265057e-01  -4.3701716e-01  -7.0191630e-01  -1.7650645e+00  -2.3049052e+00  -2.7638184e+00  -2.4505003e+00  -2.1768616e+00  -1.7680133e+00  -1.6939824e+00  -2.0862247e+00  -2.0872431e+00  -1.8951849e+00  -2.1892244e+00  -1.6612632e+00
  -7.0666840e-01  -1.5986576e+00  -8.1436492e-01  -3.2657759e-01  -1.2512541e+00  -1.4801887e+00  -1.9208747e+00  -1.6545678e+00  -2.1712219e+00  -1.7902508e+00  -1.6746756e+00  -2.2847353e+00  -2.2536264e+00  -1.7024164e+00  -2.0371842e+00  -1.9761546e+00
   7.5022066e-02  -8.6472930e-01  -9.7287122e-01  -1.0634216e+00  -1.3174666e+00  -1.5853665e+00  -2.1372719e+00  -1.8782875e+00  -1.6431648e+00  -1.4001479e+00  -1.4965018e+00  -1.1214272e+00  -7.0091208e-01   5.1952904e-01   1.3043773e-02  -1.0410799e+00
  -5.7328039e-02  -8.4187838e-01  -6.6810541e-01  -1.1342293e+00  -1.8908737e+00  -1.8490356e+00  -1.9928245e+00  -1.8032484e+00  -1.1102321e+00  -1.3675877e+00  -1.5090516e+00  -9.0277882e-01  -4.9444142e-01   4.3544004e-01  -3.5190708e-02  -9.2744916e-01
   4.5012493e-01  -2.7261629e-01  -9.4725923e-01  -1.3316727e+00  -1.7002899e+00  -1.5203807e+00  -1.9066323e+00  -1.4347361e+00  -1.2143022e+00  -1.5310073e+00  -1.3898268e+00  -8.9274781e-01  -2.0918843e-01   4.7961878e-01   8.3078249e-02  -2.0447895e-02
   6.0599700e-02  -1.7242169e-01  -3.4120212e-01  -9.5041827e-01  -1.2633659e+00  -1.1082359e+00  -1.8302443e+00  -8.8749587e-01  -6.1555692e-01  -1.5125213e+00  -1.1872345e+00  -7.1926069e-01   1.3568099e-02   7.2519758e-01   3.1336527e-01   2.5632029e-01
   1.0248956e-01  -4.4558374e-01  -1.0352426e+00  -1.0500304e+00  -1.6317761e+00  -1.7823826e+00  -2.0721677e+00  -1.8392740e+00  -1.6975370e+00  -1.6109375e+00  -1.1052247e+00  -4.2051713e-01   2.8351272e-01   9.6743624e-01   6.0051616e-01   3.4604067e-01
   4.8439818e-01  -4.0428375e-01  -7.7941117e-01  -8.2997921e-01  -1.3313863e+00  -1.5245222e+00  -2.2865389e+00  -1.8024074e+00  -2.0727398e+00  -1.6640017e+00  -8.6472484e-01  -2.2419005e-01   2.8498494e-01   1.4548546e+00   1.1923034e+00   6.4408312e-01
   7.2120958e-02  -1.2270945e-01  -4.8211407e-01  -2.3238566e-01  -1.0257250e+00  -1.7979551e+00  -2.2923313e+00  -2.1405034e+00  -1.8851133e+00  -1.5789342e+00  -7.7321230e-01  -2.6967501e-01   2.2885507e-01   9.9897676e-01   6.9062559e-01   1.8955092e-01
   1.4015711e-01   5.8230497e-01  -1.5699414e-01   2.8432115e-02  -1.0536069e+00  -1.5386081e+00  -2.4299669e+00  -2.3177638e+00  -2.0179534e+00  -1.6631472e+00  -1.0229205e+00  -4.7425033e-01  -2.6356135e-02   2.8224331e-01   1.6924818e-01  -1.9573074e-01
  -3.2760546e-02   7.3130309e-01   4.4323630e-01   4.7581359e-01  -1.5120933e+00  -1.1375506e+00  -2.0806506e+00  -1.6248375e+00  -1.4011696e+00  -1.2931085e+00  -6.4919157e-01  -3.4459467e-01  -5.9369891e-01  -2.5307784e-01  -4.2193760e-01  -7.9437726e-01
   6.1074014e-02   1.0405941e+00   5.0922567e-01   6.8266101e-01  -9.0469520e-01  -1.5400855e+00  -2.1315623e+00  -1.5896255e+00  -1.5836952e+00  -1.5061721e+00  -9.1717571e-01  -4.2512528e-01  -1.1840335e+00  -7.1239626e-01  -9.1620265e-01  -1.3740666e+00
   3.9719594e-01   8.7755149e-01   2.2556818e-01   7.0313169e-01  -7.0142468e-01  -1.9399899e+00  -2.0082371e+00  -1.4446075e+00  -1.7861173e+00  -1.5995217e+00  -8.1099177e-01  -1.4450913e-01  -9.7660508e-01  -6.0290057e-01  -9.9809778e-01  -1.5658703e+00
   2.4173304e-01   1.0269645e+00   3.1048362e-01   8.3987356e-01  -8.3113145e-01  -1.5769886e+00  -1.8265563e+00  -1.3662406e+00  -1.4386402e+00  -1.4539974e+00  -8.9405209e-01   6.2505502e-02  -6.8994566e-01  -1.0050563e+00  -1.1718040e+00  -1.6982104e+00
  -5.1130427e-02   1.0196402e+00   4.7301672e-01   7.7184380e-01  -9.6777812e-01  -1.5799814e+00  -2.4537568e+00  -1.8646326e+00  -1.3638294e+00  -1.3211044e+00  -9.9293275e-01   5.0021293e-02  -6.9950449e-01  -9.3309492e-01  -1.2001310e+00  -1.8672765e+00
   2.7012623e-01   1.1979522e+00   5.6270456e-01   8.3224815e-01  -7.1924690e-01  -1.7148103e+00  -2.1638916e+00  -1.6370423e+00  -1.7070888e+00  -1.3961934e+00  -8.9988204e-01  -4.0529818e-02  -1.0084046e+00  -8.8388681e-01  -1.0684637e+00  -1.5961298e+00
   7.1929531e-02   1.1959083e+00   5.5186314e-01   8.6706730e-01  -9.2788701e-01  -1.4305350e+00  -1.9955886e+00  -1.6794044e+00  -1.7658111e+00  -1.3791082e+00  -7.2587028e-01  -1.3032660e-01  -9.9109905e-01  -9.2310552e-01  -1.1348981e+00  -1.6107806e+00
  -1.0565045e-01   1.1002404e+00   5.6352870e-01   1.0531544e+00  -4.7628930e-01  -1.2614640e+00  -1.8524683e+00  -1.4292572e+00  -1.8122939e+00  -1.6513287e+00  -8.5047053e-01   2.0268230e-03  -7.2144006e-01  -9.1755641e-01  -1.3011174e+00  -1.7542507e+00
  -2.9027800e-01   1.1857113e+00   7.3056404e-01   1.0608332e+00  -6.9322606e-01  -1.6404025e+00  -1.9086983e+00  -1.7134901e+00  -1.6453776e+00  -1.4475783e+00  -8.4799370e-01   5.3452986e-02  -5.9242370e-01  -9.9103255e-01  -1.1892307e+00  -1.7484552e+00
  -2.4514218e-01   9.6820153e-01   4.9601238e-01   9.0722791e-01  -8.6864713e-01  -1.8784711e+00  -1.8157335e+00  -1.8259618e+00  -2.1741814e+00  -1.8707069e+00  -1.1703437e+00  -2.3858958e-02  -3.8907109e-01  -8.5669085e-01  -8.5463400e-01  -1.3773766e+00
   1.8865003e-01   1.0608101e+00   6.4324759e-01   8.7801680e-01  -7.5683036e-01  -1.4688266e+00  -1.9755910e+00  -1.6625321e+00  -2.0416555e+00  -1.7291704e+00  -1.0123427e+00   7.4578472e-02  -3.9682532e-01  -1.1442434e+00  -1.1775703e+00  -1.6454940e+00
  -1.7411906e-02   8.2616965e-01   5.7695164e-01   9.6587797e-01  -5.0329762e-01  -1.6920110e+00  -1.7264681e+00  -1.5789544e+00  -1.9194525e+00  -1.6591532e+00  -1.2061209e+00  -9.2862994e-02  -4.8724200e-01  -1.1245057e+00  -1.2072121e+00  -1.6128210e+00
   4.1764176e-01   8.6493897e-01   5.0985926e-01   9.1430820e-01  -1.2583268e+00  -1.6913818e+00  -1.7961397e+00  -1.4655067e+00  -1.7679058e+00  -1.7165162e+00  -1.1219921e+00  -1.6622395e-01  -5.4124421e-01  -1.3993707e+00  -1.8548838e+00  -1.9251666e+00
   2.0724761e-01   8.2319972e-01   5.4582254e-01   6.9992156e-01  -1.2009630e+00  -1.9108079e+00  -1.4703479e+00  -1.1158914e+00  -1.7751570e+00  -1.7184308e+00  -1.2066167e+00  -1.3653475e-01  -4.0930609e-01  -1.2020940e+00  -1.5621658e+00  -1.7513674e+00
   7.3146104e-02   7.7617939e-01   2.9097749e-01   5.0419619e-01  -1.3745053e+00  -1.3609456e+00  -1.9354223e+00  -1.2438899e+00  -1.6309083e+00  -1.6769125e+00  -1.2965154e+00  -7.2529306e-02  -2.7874192e-01  -9.9529366e-01  -1.5068545e+00  -1.7850820e+00
   1.4960696e-01   8.4107623e-01   2.7070835e-01   6.0188723e-01  -1.1303827e+00  -1.8042918e+00  -2.1143266e+00  -1.4921655e+00  -1.4219110e+00  -1.5147858e+00  -1.5046830e+00  -2.7591589e-01  -4.6746689e-01  -9.0954173e-01  -1.2216532e+00  -1.9099287e+00
  -4.2986477e-01   8.3756480e-01   2.0551728e-01   6.3364341e-01  -8.0060591e-01  -1.3065856e+00  -2.0907563e+00  -1.5141685e+00  -1.6865055e+00  -1.5254374e+00  -1.4882716e+00  -4.2298508e-01  -3.7309840e-01  -9.1595658e-01  -1.0836980e+00  -1.5972465e+00
  -2.6017703e-01   7.7616248e-01   1.8330380e-01   5.6034191e-01  -1.2194682e+00  -1.9772866e+00  -1.9563153e+00  -1.5669690e+00  -2.0175903e+00  -1.7318428e+00  -1.4956063e+00  -7.2918813e-01  -4.3351773e-01  -1.0231231e+00  -1.4729634e+00  -1.6849077e+00
   2.0950047e-01   7.2205795e-01   2.3580132e-04   8.7191548e-02  -9.7625042e-01  -1.8238728e+00  -2.0865077e+00  -1.8160632e+00  -1.7978364e+00  -1.6635180e+00  -1.4938298e+00  -5.2145823e-01  -7.0526799e-01  -1.1029676e+00  -1.4127774e+00  -1.8802359e+00
  -3.0368911e-02   6.8426715e-01  -2.6000862e-02  -1.5884408e-01  -8.3935233e-01  -1.3227427e+00  -1.6540179e+00  -1.6198945e+00  -1.8727444e+00  -1.5955703e+00  -1.4107295e+00  -3.2303870e-01  -6.1509770e-01  -1.1595413e+00  -1.3630412e+00  -1.7074895e+00
   1.5193399e-01   6.2600045e-01  -4.3737449e-02  -3.6633635e-01  -1.6054274e+00  -1.5670970e+00  -1.8609468e+00  -2.0359479e+00  -1.7812036e+00  -1.7540358e+00  -1.3589698e+00  -3.3114514e-01  -4.3796400e-01  -1.2984962e+00  -1.3073253e+00  -1.7837782e+00
   6.7211510e-02   4.9538341e-01  -2.3980738e-02  -1.7589764e-01  -1.3649937e+00  -1.5658547e+00  -2.0806048e+00  -1.7944246e+00  -1.5860862e+00  -1.5262978e+00  -1.4929560e+00  -4.1127598e-01  -5.2923741e-01  -1.4992431e+00  -1.3028516e+00  -1.5512215e+00
   3.1129995e-01   9.3181070e-01   1.7687346e-01   8.0112612e-02  -1.0111211e+00  -1.5844910e+00  -1.7741013e+00  -1.7977219e+00  -1.9591952e+00  -1.8053430e+00  -1.4573287e+00  -6.6629553e-01  -6.1915758e-01  -1.0534757e+00  -1.3720569e+00  -1.5971546e+00
  -3.2254651e-01   6.1430554e-01   1.2723630e-01   5.8277155e-01  -5.6078074e-01  -1.3988305e+00  -1.8506324e+00  -1.7508429e+00  -2.0124045e+00  -2.0361533e+00  -1.7063708e+00  -7.9050892e-01  -8.9082082e-01  -1.2312908e+00  -1.4681361e+00  -1.6767691e+00
  -3.7821563e-01   1.4490347e-01  -2.2709358e-01   1.3764991e-01  -9.4661335e-01  -1.2783657e+00  -1.9001231e+00  -2.0857919e+00  -1.8542005e+00  -1.8848721e+00  -1.8000808e+00  -1.2078895e+00  -1.3485582e+00  -1.6363211e+00  -1.5174743e+00  -1.6941403e+00
  -5.5246574e-01   4.8548839e-01   2.6816501e-02   2.6164907e-01  -9.0213059e-01  -1.5481770e+00  -1.9329678e+00  -1.7023254e+00  -2.0786769e+00  -1.7968093e+00  -1.8507658e+00  -1.2076238e+00  -1.4479359e+00  -1.5373772e+00  -1.4362787e+00  -1.4278717e+00
  -2.0898938e-01   1.6442319e-01   1.1877455e-01   2.9613148e-01  -1.0001511e+00  -1.8858740e+00  -2.1886655e+00  -1.4176283e+00  -1.9369879e+00  -1.7074602e+00  -1.7548271e+00  -1.5708306e+00  -1.7126083e+00  -1.5699095e+00  -1.4824090e+00  -1.5526662e+00
  -1.8706311e-01  -6.9884257e-01  -6.3998284e-01  -5.7489076e-01  -8.0373645e-01  -1.8251959e+00  -2.1659454e+00  -1.8754020e+00  -1.9500231e+00  -1.7463932e+00  -1.6074041e+00  -1.6233425e+00  -1.4392845e+00  -1.6507534e+00  -1.9131486e+00  -1.8562585e+00
  -2.5794600e-01  -2.0793612e-01  -2.4850031e-01  -5.8096867e-01  -1.0177826e+00  -1.4737624e+00  -2.1453550e+00  -1.6715679e+00  -1.9958455e+00  -1.6168784e+00  -1.4871045e+00  -1.4820884e+00  -1.8019532e+00  -1.6604672e+00  -2.0899929e+00  -1.7718209e+00
   2.6702296e-01  -2.3468202e-01  -3.7998264e-01  -8.2849308e-01  -9.5786229e-01  -1.8593739e+00  -2.2716365e+00  -1.2485574e+00  -2.0347663e+00  -1.5845353e+00  -1.5663314e+00  -1.4256117e+00  -2.0737718e+00  -1.9566001e+00  -1.9166846e+00  -1.6986184e+00
  -8.6002842e-02  -6.7934367e-01  -1.0278787e+00  -1.0930625e+00  -1.2999520e+00  -1.8374885e+00  -2.0691389e+00  -1.7098180e+00  -2.3072970e+00  -1.8035831e+00  -1.8560494e+00  -2.1115387e+00  -2.1417884e+00  -1.9946353e+00  -1.5608275e+00  -1.7730876e+00
   8.4256491e-02  -9.7302485e-01  -1.1898903e+00  -8.8561986e-01  -1.2924469e+00  -1.7628209e+00  -1.8756002e+00  -1.7630273e+00  -2.3309596e+00  -1.8149960e+00  -1.7760891e+00  -2.2078503e+00  -2.0690923e+00  -2.0589235e+00  -1.8162383e+00  -2.0121494e+00
  -1.6455836e-02  -9.2662076e-01  -1.3018914e+00  -7.4040480e-01  -1.3272973e+00  -1.5287936e+00  -2.3790744e+00  -2.0826213e+00  -2.1543213e+00  -1.7866315e+00  -1.7891967e+00  -1.6786151e+00  -1.6555640e+00  -1.8472613e+00  -1.9906055e+00  -1.6843204e+00
  -3.6433778e-01  -1.3747090e-01  -9.5402992e-01  -5.9484724e-01  -1.1221609e+00  -1.5000865e+00  -2.1182338e+00  -1.6991779e+00  -1.7374199e+00  -1.9905889e+00  -1.7571128e+00  -2.0587423e+00  -2.1350392e+00  -2.0217573e+00  -1.9476107e+00  -1.8222607e+00
  -1.2672606e-01  -6.6984533e-01  -6.6838391e-01  -6.4354557e-01  -1.2494331e+00  -1.5186613e+00  -2.3165137e+00  -1.6857173e+00  -1.7666974e+00  -1.8260933e+00  -1.7587564e+00  -2.0468450e+00  -2.0147468e+00  -1.9927209e+00  -2.0232790e+00  -1.8568084e+00
   2.9122464e-01  -3.6328693e-01  -3.1832383e-01  -7.2966062e-01  -1.6958318e+00  -1.4230314e+00  -2.1300151e+00  -2.0020144e+00  -2.0533780e+00  -1.7108643e+00  -1.6248665e+00  -1.9640778e+00  -1.9694855e+00  -2.1169203e+00  -1.8587606e+00  -1.8434022e+00
   6.1832853e-01  -6.6093212e-01  -1.4656056e+00  -1.1652300e+00  -1.3688640e+00  -1.6423000e+00  -2.1523885e+00  -1.9314094e+00  -1.7789372e+00  -1.7520543e+00  -1.8684618e+00  -2.1493659e+00  -2.2661116e+00  -2.2023812e+00  -2.1925020e+00  -2.0384304e+00
   3.7352748e-01  -4.0255552e-01  -1.0640937e+00  -3.1093647e-01  -1.1786783e+00  -1.9206843e+00  -2.2921218e+00  -1.9520542e+00  -1.9622180e+00  -1.6811241e+00  -1.7327397e+00  -2.1269852e+00  -2.0466265e+00  -1.6352238e+00  -2.0902482e+00  -1.9477362e+00
   1.8698151e-01  -2.8612373e-01  -1.3446310e+00  -6.6057579e-01  -1.0930241e+00  -1.8778326e+00  -2.4064184e+00  -1.5246943e+00  -1.7635872e+00  -1.8243937e+00  -1.6012534e+00  -1.7614485e+00  -1.8358419e+00  -1.9542951e+00  -1.6965469e+00  -1.7135079e+00
  -3.1592103e-01  -4.7120568e-01  -6.7547428e-01  -6.0417493e-01  -1.1072194e+00  -1.6600316e+00  -2.5180072e+00  -1.9962915e+00  -2.2720739e+00  -1.7176726e+00  -1.7689905e+00  -2.0090649e+00  -1.8019945e+00  -1.8097026e+00  -1.8432264e+00  -1.6259947e+00
  -7.1091292e-01  -8.7969619e-01  -4.8433631e-01  -4.6251817e-01  -1.1874507e+00  -1.4902393e+00  -2.2056209e+00  -2.1016741e+00  -2.1204077e+00  -1.5240376e+00  -1.5671594e+00  -1.8836528e+00  -1.7754084e+00  -1.8386238e+00  -1.8069342e+00  -1.9526120e+00
  -3.0917675e-01  -9.2697141e-01  -6.0552507e-01  -3.7720094e-01  -9.3915226e-01  -1.5157940e+00  -2.2052249e+00  -1.8030023e+00  -1.9640583e+00  -1.5689950e+00  -1.8916393e+00  -1.8108075e+00  -1.9837562e+00  -1.9455344e+00  -2.0824771e+00  -2.0492223e+00
  -6.9036617e-02  -8.3068840e-01  -6.5596444e-01  -1.6891697e-01  -5.9542258e-01  -1.9295025e+00  -2.2114106e+00  -1.8748034e+00  -1.8495946e+00  -1.7989389e+00  -1.7078461e+00  -1.9235089e+00  -2.0647856e+00  -2.1171704e+00  -1.8737280e+00  -1.9878875e+00
   3.4512081e-01  -3.5004223e-01  -9.2119576e-01  -1.1448339e+00  -1.4828342e+00  -1.6077610e+00  -2.1066855e+00  -1.5450069e+00  -1.7971997e+00  -1.8185797e+00  -1.8323837e+00  -1.9277650e+00  -1.9563823e+00  -1.9059081e+00  -1.9274357e+00  -1.7523119e+00
  -2.4012535e-01  -5.7624283e-01  -6.9323050e-01  -7.8456007e-01  -9.5398996e-01  -1.3097860e+00  -1.9146595e+00  -1.8522965e+00  -2.0756208e+00  -1.9529135e+00  -1.7610747e+00  -1.9809926e+00  -2.2369616e+00  -1.9776275e+00  -1.7041929e+00  -1.7481680e+00
   1.7825037e-01  -8.3930015e-01  -9.2049099e-01  -2.7829804e-01  -8.4674672e-01  -1.6071847e+00  -2.5877786e+00  -2.1493008e+00  -1.7485449e+00  -1.9090745e+00  -2.0831010e+00  -2.5704330e+00  -1.9831458e+00  -1.7246037e+00  -1.7674289e+00  -1.7609703e+00
   1.1713579e-01  -6.1391373e-01  -9.2215750e-01  -5.3844271e-01  -1.5491878e+00  -1.6148726e+00  -2.4750675e+00  -1.8947315e+00  -1.7194310e+00  -1.7973837e+00  -1.7016542e+00  -1.8580995e+00  -1.9919912e+00  -1.9010759e+00  -1.6611961e+00  -1.8201263e+00
   1.1965900e-01  -6.1808228e-01  -1.3772992e+00  -7.9537585e-01  -1.4043355e+00  -1.9111010e+00  -2.2774028e+00  -1.9116474e+00  -1.8159816e+00  -1.7982371e+00  -1.7525949e+00  -1.8196548e+00  -1.9627600e+00  -1.7099200e+00  -1.8611030e+00  -1.8356178e+00
   3.7347607e-01  -4.7101513e-01  -8.4275318e-01  -3.6666123e-01  -9.6754764e-01  -1.8870574e+00  -1.9032975e+00  -1.2970699e+00  -2.1569925e+00  -1.7790704e+00  -1.8244973e+00  -2.0868903e+00  -2.1161987e+00  -1.8700070e+00  -1.6677491e+00  -1.7532737e+00
   3.2323420e-01  -5.9567680e-01  -5.5925189e-01  -7.1785705e-01  -1.3786297e+00  -1.9058998e+00  -2.3594186e+00  -1.8618394e+00  -1.8852625e+00  -1.6670102e+00  -1.6261732e+00  -2.0312320e+00  -1.8427101e+00  -1.8386315e+00  -1.5994502e+00  -1.8726897e+00
  -2.4680417e-01  -7.0576225e-01  -1.1385671e+00  -1.1307297e+00  -1.7241084e+00  -1.8703344e+00  -2.7455932e+00  -1.8833930e+00  -1.8455627e+00  -1.6252695e+00  -1.7366376e+00  -2.2115070e+00  -2.0896321e+00  -2.2109602e+00  -1.9218896e+00  -1.9128894e+00
