   3.0238152e+00   1.4059902e+00   5.1035155e-01   1.1301624e+00   9.5962788e-01   6.4017018e-01   3.6095226e-01   9.2824096e-02   2.3767629e-01   1.6882012e-01   4.9449497e-01   1.0384498e-01  -3.1029006e-01  -4.0228994e-01  -4.0514711e-01  -6.1773481e-01
   3.1099194e+00   1.8409273e+00   1.3415530e+00   1.1131761e+00   4.8601219e-01   2.0522096e-01   3.5718581e-01   1.8381577e-03   3.2340275e-02   1.2433953e-01   4.4606465e-01   2.0537552e-01  -5.6647602e-01  -5.0812992e-01  -5.2798427e-01  -7.1332985e-01
   3.2821499e+00   1.8675693e+00   6.3592450e-01   9.7981812e-01   5.8493276e-01   5.6391435e-01   4.4476625e-01  -6.1716220e-02   1.3057682e-01  -1.5240436e-01  -1.6949413e-01   2.4480973e-02  -2.0441712e-01  -5.6035259e-01  -6.4735574e-01  -7.9565969e-01
   2.5570242e+00   1.6039146e+00   1.1657065e+00   9.5942130e-01   6.0533829e-01   8.9455248e-01   5.8861545e-01   3.8277662e-01   1.8335807e-01  -1.6650157e-01   2.6290515e-03   1.4028562e-01  -4.5097197e-03  -4.0186058e-01  -4.9620393e-01  -4.7264653e-01
   3.1627406e+00   2.0290009e+00   1.2722663e+00   5.5875164e-01   6.2174524e-01   1.0205176e+00   5.0615378e-01   2.1213525e-01   4.7071146e-02  -1.5557603e-01   3.7738924e-02   1.3123027e-01  -2.3582447e-01  -4.6716466e-01  -2.0000761e-01  -6.4385273e-01
   2.9729834e+00   1.5369933e+00   8.8116165e-01   9.1005861e-01   6.7996282e-01   8.4490866e-01   2.9353771e-01  -1.5603175e-01  -4.8502165e-02   9.5934685e-02  -7.0655022e-02   3.6128101e-01  -1.5407309e-01  -4.2582503e-01  -4.0526300e-01  -5.0781434e-01
   2.5945669e+00   2.0968211e+00   1.1229070e+00   8.6235129e-01   2.4976771e-01   6.2256058e-01   3.5472864e-01   1.0709046e-01   4.3416830e-02  -2.8515271e-01  -2.5180525e-01  -7.6210201e-02  -1.6073961e-01  -2.2778360e-01  -4.9085721e-01  -5.3422426e-01
   2.5731367e+00   1.9789149e+00   1.1460031e+00   7.6288570e-01   3.1784876e-01   1.9257518e-01   3.0954159e-01   2.3084444e-01   9.4325539e-02   1.6587491e-01  -3.2754578e-01  -3.3271529e-01  -2.7188030e-01  -6.4674977e-01  -6.0013822e-01  -8.8616706e-01
   2.9182433e+00   1.4070998e+00   9.0628831e-01   1.0047596e+00   6.2293340e-01   7.8856104e-01   3.5115904e-01   1.8488326e-01  -1.7339897e-01   2.4005178e-01  -5.0040256e-03  -1.4469921e-01  -3.2858793e-01  -6.6604264e-01  -6.5849441e-01  -9.9117442e-01
   2.5609939e+00   1.9436368e+00   9.5839618e-01   8.8937104e-01   3.0766725e-01   5.4409312e-01   4.8743844e-01   3.4276729e-01  -3.5774299e-01  -4.6393991e-03  -3.1850457e-01  -9.4525253e-02  -4.0940587e-01  -7.4471512e-01  -4.7304082e-01  -6.1674169e-01
   3.0334361e+00   1.9156457e+00   7.7685538e-01   9.7142353e-01   7.8074406e-02   7.2064110e-01   2.3186995e-01   3.0247831e-01   1.0444987e-01   2.2777295e-01   6.5538845e-02   1.3946230e-01  -5.8999598e-01  -5.5027815e-01  -4.1241374e-01  -4.2931455e-01
   2.5174390e+00   1.2768758e+00   1.2518355e+00   1.1199274e+00   4.1877961e-01   3.2821662e-01   5.5930553e-01   2.9805402e-01   1.0633916e-01   1.5130082e-01   2.7906348e-01   1.7370500e-02  -2.4234648e-01  -4.9299701e-01  -7.3553526e-01  -7.8769222e-01
   3.2045157e+00   1.7578530e+00   9.1604042e-01   1.0328782e+00   1.1121564e+00   5.7866719e-01   1.8694673e-01   3.2152053e-01   3.8079068e-01   1.6793428e-02   2.7794891e-01   2.7049114e-01  -3.7274147e-01  -5.2502116e-01  -4.3715435e-01  -5.8676488e-01
   2.5519086e+00   1.3007922e+00   5.2446086e-01   9.2028035e-01   6.0776507e-01   4.3461951e-01   5.5973594e-01  -1.1350135e-01  -1.4321505e-01   1.2356811e-01   2.5273301e-01   3.7312656e-01  -1.5206719e-01  -2.6782914e-01  -3.2881840e-01  -3.0142527e-01
   2.5389089e+00   9.3530863e-01   5.9006682e-01   1.1010750e+00   8.9251625e-01   8.3405413e-01   1.6613103e-01   8.0409564e-02  -1.2309734e-02  -2.2067979e-01   2.3659256e-01   2.4984049e-01  -6.6941613e-02  -4.5279368e-01  -4.7055642e-01  -4.9091503e-01
   2.9238801e+00   1.7459875e+00   1.0299690e+00   7.0797663e-01   6.7549214e-01   9.1530350e-01   5.3894558e-01   1.1333332e-01   3.1876021e-01  -6.5307608e-02   1.7465008e-01   1.8788245e-01  -1.7586991e-01  -5.0488481e-01  -3.6376346e-01  -5.9449805e-01
   3.2638046e+00   2.0427687e+00   1.2130982e+00   8.6288093e-01   5.2897746e-01   6.5289754e-01   2.5000177e-01   3.9190398e-01   2.2161539e-01   1.3312983e-01   1.5620548e-01   3.1354797e-01  -3.6078677e-01  -6.6141745e-01  -1.7062657e-01  -4.3385466e-01
   3.6476544e+00   2.2537334e+00   1.2766432e+00   1.2033549e+00   8.2872839e-01   4.9655107e-01   1.7388087e-01   3.2986300e-01   2.6995320e-01  -3.8641182e-02   2.6217525e-01   4.5549826e-01  -1.5024350e-01  -3.0433848e-01  -2.1076103e-01  -4.3931293e-01
   3.0264315e+00   2.0107209e+00   1.6059873e+00   1.4382471e+00   4.3997012e-01   7.7648397e-01   5.1191589e-01   2.3509513e-01   4.4382925e-01   2.2079125e-01   3.3395507e-01   6.7570404e-01  -3.1043688e-02  -1.2453607e-01   5.2879763e-03  -2.7919298e-01
   3.3137709e+00   1.2517600e+00   1.3097567e+00   1.0016467e+00   3.7282895e-01   7.6945703e-01   4.1381560e-01  -4.4182823e-02   3.1739803e-01   1.7368122e-01   4.6035844e-01  -4.8444245e-02  -2.4976443e-01  -2.2713034e-01   1.3747923e-01   6.4255940e-02
   2.7128995e+00   1.8788124e+00   1.1281547e+00   1.2132158e+00   5.0425998e-01   4.3859410e-01   1.4351282e-01   2.7902503e-01   1.4364960e-01   1.3892671e-01   3.1225822e-01   2.0048232e-01   4.7303637e-03  -4.3868552e-01  -3.1652469e-01  -3.8280029e-01
   2.6680914e+00   1.6142361e+00   9.4417279e-01   6.6166796e-01   1.7473845e-01   6.3893385e-01   5.2164879e-01   1.1136432e-01   1.4607138e-01   1.0043923e-01   4.8323131e-01   6.2796883e-01   3.6760988e-01  -2.1234103e-01  -2.6453669e-01  -3.8671312e-01
   2.8158692e+00   2.5008852e+00   1.5875144e+00   5.7498307e-01   1.2400155e+00   1.8972639e+00   1.1235927e+00   5.3812094e-01   1.0315098e-01   1.3870373e-02   1.1822580e-01   5.1077159e-01   2.6273579e-01  -1.3655556e-01  -3.0608158e-01  -3.8086609e-01
   3.1819602e+00   2.7721499e+00   1.6396744e+00   8.7917210e-01   8.7190925e-01   1.7243592e+00   7.3137003e-01   4.9463163e-01   6.3922212e-02  -2.5145790e-01  -6.0030712e-02   1.1666785e-01   5.6063183e-02   3.9235960e-02  -4.6818242e-02  -1.5730418e-01
   3.2689607e+00   2.2559082e+00   9.5600984e-01   9.0288955e-01   1.2538063e+00   1.6674915e+00   1.1230620e+00   1.6363139e-01   9.5756440e-02   1.4308290e-01   2.5477386e-01   3.9494134e-01  -5.2975703e-02  -6.1074387e-02   1.3252349e-01  -3.0773405e-01
   3.5400096e+00   2.0866988e+00   9.5147066e-01   7.2185383e-01   4.8249072e-01   1.1572162e+00   8.0250336e-01   3.5559175e-01  -6.1331798e-02  -3.3607791e-02   2.4601323e-01   7.5954370e-02  -5.6235892e-02  -1.1440593e-01  -6.8014868e-02  -4.8310230e-01
   3.0912447e+00   2.0935651e+00   1.0028809e+00   4.7975386e-01  -1.4893878e-01   1.0421590e+00   4.5655527e-01   2.4915597e-01  -2.4908413e-03  -2.4591859e-01   3.3075470e-01  -1.3610932e-01  -3.0005194e-01  -5.2705327e-01  -5.8652678e-01  -5.1209019e-01
   3.2639035e+00   2.0378077e+00   1.1164676e+00   8.5201081e-01   1.0574652e+00   4.9151298e-01   3.1693294e-01   2.1043643e-01  -6.7542403e-02  -1.5342428e-01   1.6510403e-01   3.5513037e-01  -1.3107803e-02  -3.7925458e-01  -2.2369217e-01  -3.2491696e-01
   2.9980251e+00   1.3036758e+00   8.0623370e-01   8.2587576e-01   8.4318489e-01   6.3998226e-01   3.7992512e-01   1.2734026e-01   9.1845144e-02   3.2161977e-01   2.6017569e-01   3.9514317e-01  -1.9145476e-01  -3.3816655e-01  -1.4726368e-01  -3.9309033e-01
   3.4158669e+00   1.8896692e+00   1.1375619e+00   8.0495865e-01   7.3367784e-01   6.1287823e-01   4.4589684e-01  -6.1567772e-02   2.4630381e-01   2.0198087e-01   1.9939110e-01   4.4369784e-01  -8.9453688e-02  -8.3594560e-01  -3.7420926e-01  -3.7803192e-01
   3.0190609e+00   2.1415942e+00   1.2760971e+00   8.2867920e-01   6.0513381e-01   1.2791314e-01   1.4115781e-02  -8.7829068e-02   1.3164814e-01  -1.1229085e-01   1.2627281e-01   3.4776864e-01  -1.8957712e-01  -4.2228455e-01  -1.3621174e-01   4.6806674e-01
   2.8153145e+00   2.0330643e+00   1.1329419e+00   1.3216045e+00   4.0229178e-01   3.1270514e-01   3.9665323e-01   9.9880230e-02  -1.9076104e-01  -1.5286702e-01   1.2690611e-01   4.1291549e-01  -1.5442024e-01  -1.7215832e-01   5.0466430e-01   1.2738572e+00
   2.7814875e+00   1.7234139e+00   9.9290909e-01   6.2095632e-01   6.2483773e-01   4.3005711e-01   3.7750649e-01   4.1131977e-01   1.4972512e-01  -1.7033612e-01   1.5752179e-01   3.8782561e-01  -2.5987802e-02   7.7223605e-02   6.4892749e-01   9.0777138e-01
   2.7274870e+00   1.6091211e+00   9.1566646e-01   1.0800925e+00   7.0577046e-01   4.4260658e-01   3.2640870e-01   4.8232523e-01   3.4968138e-01   3.7420241e-01   7.8247022e-01   8.2852817e-01   2.7730467e-01   1.4845235e-01   7.3060024e-01   1.0780241e+00
   2.7303324e+00   1.7449395e+00   8.4275231e-01   4.5529293e-01   5.0410798e-01   7.8358254e-01   7.3989433e-01   4.2257041e-01   4.3970202e-01   4.3154161e-01   6.3724787e-01   8.7905812e-01   5.4091838e-01   2.2625947e-01   7.9491696e-01   1.0530926e+00
   3.3241960e+00   1.9927538e+00   1.0006979e+00   8.6777902e-01   9.5315022e-01   8.3856640e-01   4.6454007e-01   1.9816283e-01   4.3422403e-01  -1.4047905e-02   4.8932619e-01   6.3117659e-01   3.4089636e-01   6.0268497e-02   1.2477342e+00   9.0349397e-01
   3.1993361e+00   1.8320301e+00   1.2590343e+00   9.0385652e-01   2.6873967e-01   3.2920415e-01   5.4946984e-01   6.2341295e-01   1.5463990e-01   1.1583537e-01   2.7401187e-01   6.3852169e-01   1.8453905e-01   1.1390941e-01   7.8159035e-01   6.0297823e-01
   3.1770679e+00   2.7464124e+00   9.7413300e-01   6.7050271e-01   3.8811858e-01   4.0541570e-01   6.2683284e-01   4.7429717e-01   4.7312942e-01   2.9474891e-01   4.4940953e-01   8.1831945e-01   3.7257971e-02   3.8842339e-03   1.3439269e-01   8.5180203e-02
   2.4861758e+00   2.3737307e+00   1.1513875e+00   7.7629728e-01   5.8631948e-01   4.9340107e-01   2.3085544e-01   2.6009185e-02   4.2700204e-01   1.2916471e-01   6.2889244e-01   6.5373618e-01   1.4419715e-01  -1.6656248e-01   2.5034475e-03   1.7344777e-02
   2.8336791e+00   2.3986494e+00   1.8153460e+00   1.4711875e+00   9.4277587e-01   5.5852631e-01   5.0967165e-01   1.3340921e-01   3.2679108e-01   2.7232378e-01   6.0421799e-01   1.0119886e+00   3.5082577e-01  -1.1741662e-01   8.1510899e-02  -1.0181352e-01
   2.7417960e+00   2.1104458e+00   1.5543327e+00   1.1351797e+00   1.0236684e+00   1.8230552e+00   9.0452028e-01   5.7608788e-01   2.4428747e-01   3.0739132e-01   7.5987758e-01   1.2135232e+00   8.5658727e-01   5.1548977e-01   4.8860048e-01  -2.8699122e-01
   3.0783613e+00   2.1439277e+00   1.4778378e+00   1.0742019e+00   7.4298306e-01   1.0791003e+00   7.9295267e-01   5.0108685e-01   1.8980352e-01  -1.8597908e-01   1.3065183e-01   1.0950702e+00   1.2467479e+00   8.7181474e-01   8.3871178e-01  -1.1638578e-01
   2.9217028e+00   2.4863742e+00   1.5923053e+00   7.7689175e-01   5.2230692e-01   6.6320388e-01   5.9447873e-01   6.6179016e-01   3.0405234e-01  -7.9163962e-02   5.5159472e-01   1.5133135e+00   1.0824213e+00   1.1372191e+00   1.0906301e+00  -1.5345289e-01
   2.5658422e+00   2.2533583e+00   1.4214079e+00   1.4593166e+00   6.9837507e-01   3.6840081e-01   6.4597163e-01   1.6740198e-01   5.9987224e-02   2.0513941e-01   6.0996359e-01   1.5973487e+00   9.7311672e-01   1.2555619e+00   1.1778474e+00  -3.2850014e-01
   3.1981982e+00   2.2947954e+00   1.2578719e+00   9.5297594e-01   7.0351721e-01   3.3896320e-01   5.1082460e-01   1.4221143e-01  -1.7806200e-01  -1.4586763e-01   4.4334799e-01   1.5085843e+00   8.3853188e-01   1.3004141e+00   1.4182639e+00  -4.0964500e-01
   3.1624898e+00   2.0009801e+00   9.6991002e-01   1.3925363e+00   9.0101568e-01   8.0879100e-01   7.7227134e-01   5.7322716e-02  -3.9460461e-01  -1.0173985e-01   1.9806529e-01   1.3586055e+00   7.1491434e-01   9.4193504e-01   1.0739093e+00  -6.0779791e-01
   3.2849858e+00   2.9829814e+00   1.8867045e+00   1.5612262e+00   1.0009864e+00   7.4160395e-01   4.9431170e-01   3.1152504e-01   5.3147500e-01   6.5906832e-02   4.7794992e-01   1.3972206e+00   7.2039439e-01   6.7199985e-01   1.0400305e+00  -3.3499181e-01
   3.0983056e+00   2.8512687e+00   1.8717265e+00   4.2420735e-01   7.3011524e-01   7.0812800e-01   3.7103519e-01   1.6192537e-01   1.9835770e-01  -9.5357341e-02   1.2630570e-01   1.3777369e+00   1.0516468e+00   9.1177362e-01   1.0968394e+00  -7.2684862e-02
   3.1119743e+00   2.1273674e+00   1.2967499e+00   1.3330660e+00   8.3945083e-01   6.5606226e-01   1.1705096e-01   5.7275826e-01   3.9660594e-01   1.9160019e-01   3.9961259e-01   1.2885067e+00   9.4329052e-01   8.8263129e-01   1.0478473e+00  -2.3403183e-01
   3.1614302e+00   2.6305563e+00   1.7278433e+00   1.3627597e+00   7.3947660e-01   5.0701257e-01   6.6604107e-01   4.4796988e-01   1.0120132e-01   1.1159550e-01   6.0066731e-01   1.4736283e+00   1.0115534e+00   9.8946998e-01   1.0613734e+00  -4.3893413e-01
   3.2972300e+00   1.8257191e+00   9.2567145e-01   1.0538891e+00   6.4993980e-01   3.9621637e-01   8.0294067e-01   4.3758420e-01   1.9584061e-01   1.6789600e-01   5.6579042e-01   1.4515799e+00   1.0521676e+00   9.0051147e-01   1.0978451e+00  -2.0916864e-01
   3.6488132e+00   2.4598597e+00   1.3276831e+00   1.5308882e+00   9.0511828e-01   3.3250243e-01   4.6156845e-01   3.6136843e-01  -3.9453439e-02  -2.5509287e-02   3.6360773e-01   1.4130480e+00   1.1924463e+00   9.6664446e-01   1.1430067e+00  -2.4435199e-01
   2.9256130e+00   2.3041595e+00   1.5634603e+00   1.0530116e+00   4.0295736e-01   4.6818076e-01   8.1114375e-01   4.3673238e-01  -9.6058817e-02  -1.7082927e-01   5.4450552e-01   1.3997795e+00   1.1044767e+00   1.0105239e+00   1.1048739e+00  -1.6000892e-01
   2.4359533e+00   2.0710584e+00   1.4318144e+00   1.1277411e+00   8.8642118e-01   6.9653387e-01   5.2559718e-01  -1.1820309e-01  -1.8999802e-01  -1.4518038e-01   3.2576969e-01   1.3961435e+00   1.2397290e+00   1.0200581e+00   1.2029137e+00  -1.1871584e-01
   2.5246286e+00   2.3614644e+00   1.2465738e+00   9.8311812e-01   6.8965821e-01   7.0784825e-01   6.5427496e-01   1.6872425e-01   4.4124712e-02   2.4306770e-01   3.9056778e-01   1.2737102e+00   1.4980599e+00   1.1734464e+00   1.1776345e+00   2.4258753e-01
   2.7585364e+00   2.0550614e+00   1.3895120e+00   9.8746090e-01   4.6287316e-01   4.6468623e-01   2.2263543e-01   3.2721607e-01   3.3971708e-01  -2.7776607e-01   7.4710081e-02   1.2865767e+00   1.5970171e+00   1.0379249e+00   1.0542180e+00  -1.1249288e-01
   3.3844489e+00   2.3258359e+00   1.1768032e+00   1.0527276e+00  -1.0845854e-01   7.9602666e-02   3.8036940e-01   3.1458594e-01   1.7284017e-01  -1.9968063e-01   1.9380788e-01   1.2234071e+00   1.4845807e+00   1.1332264e+00   1.1455125e+00  -1.7695495e-01
   2.5040287e+00   2.3586087e+00   1.2126992e+00   1.0263235e+00   4.8286054e-01   6.9596364e-01   6.6056671e-01   1.3672460e-01   3.8271954e-02  -3.1510962e-01   3.9551256e-01   1.4895437e+00   1.5937159e+00   1.1096733e+00   1.1955385e+00  -4.5428538e-01
   2.7660023e+00   2.1698947e+00   1.3820008e+00   1.3078008e+00   6.4329779e-01   6.5800976e-01   2.1084742e-01   4.9436651e-02   1.0440246e-01  -2.4229817e-01   1.9662596e-01   1.3934093e+00   1.4817037e+00   1.1238182e+00   1.2678460e+00  -2.0381331e-01
   2.7786219e+00   2.2201556e+00   1.3736811e+00   1.4026412e+00   3.3019177e-01   2.6949199e-01   4.5947049e-01   2.5480634e-01  -1.5510876e-01  -1.7199233e-01   4.4687961e-01   1.4983915e+00   1.5077769e+00   1.0682303e+00   1.1082772e+00  -1.8890675e-01
   3.1958595e+00   2.0897888e+00   1.4814393e+00   1.1452711e+00   3.7664493e-01   8.8993484e-02   1.3068805e-01   3.6580946e-02   1.0218199e-02  -3.3009792e-02   3.8503308e-01   1.3745678e+00   1.3977390e+00   9.9149599e-01   1.1376434e+00  -1.3952142e-01
   3.4442313e+00   2.3523627e+00   1.8152034e+00   1.5728166e+00   8.8378067e-01   6.0645928e-01  -3.7594237e-02   5.2352075e-02   2.7137550e-01   5.1454559e-02   4.3997352e-01   1.4296467e+00   1.3933702e+00   1.0144550e+00   1.0911167e+00  -2.5474189e-01
   2.8352040e+00   2.3433582e+00   1.7564153e+00   9.4169125e-01   7.4871352e-01   7.0753431e-01   1.5943500e-01   3.2189754e-01   3.0352205e-01   1.1847359e-01   4.8447924e-01   1.4111770e+00   1.3880577e+00   1.0762944e+00   1.1755225e+00  -2.1474533e-01
   3.0154061e+00   1.9314236e+00   1.5236842e+00   1.2188887e+00   7.7000342e-01   3.8308273e-01  -6.9039670e-03  -3.9572487e-02   1.4252968e-01   8.2130942e-02   4.6531684e-01   1.4304008e+00   1.4217796e+00   1.0832416e+00   1.2036747e+00  -1.0805510e-01
   2.9493578e+00   1.8918240e+00   1.3794954e+00   1.3625625e+00   1.0179503e+00   7.8996579e-01   2.7691223e-01   1.2834973e-01   4.7154463e-01   1.7896676e-01   4.1435474e-01   1.5036432e+00   1.4135789e+00   9.4850998e-01   1.0794172e+00  -1.0347358e-01
   3.0523365e+00   2.1400585e+00   7.3325511e-01   1.1973795e+00   8.1892622e-01   6.5297595e-01   7.1724640e-01   2.7800281e-01   2.4567342e-01   3.3176631e-01   2.6263177e-01   1.4103777e+00   1.4159060e+00   1.0473876e+00   1.1029841e+00  -1.4670172e-01
   3.1326554e+00   1.8758832e+00   9.1203895e-01   1.2248622e+00   7.4826080e-01  -7.8558030e-02   2.6412313e-01   3.0496567e-01  -5.9656651e-02  -2.5065163e-01   2.0470274e-01   1.4692772e+00   1.5104788e+00   9.9623540e-01   1.1758451e+00  -1.0763496e-01
   3.1778528e+00   2.2486442e+00   1.3701529e+00   1.2620905e+00   3.7046466e-01   3.1508879e-01   3.0581166e-01   5.3043312e-01   2.5492331e-01  -2.2267121e-01   2.2720064e-01   1.4598281e+00   1.5066212e+00   1.0502326e+00   1.1952974e+00   8.9845167e-02
   2.4682296e+00   1.7068434e+00   8.8079829e-01   1.4591143e+00   5.1543957e-01  -1.1841224e-01   1.3959750e-01   8.8430320e-02  -4.7808656e-02  -3.7370714e-01   4.7580880e-01   1.4801005e+00   1.4864682e+00   9.9962500e-01   1.2085064e+00  -2.4946297e-01
   2.5104468e+00   1.9505321e+00   1.3791659e+00   1.3758400e+00   7.9247337e-01   1.8873626e-01   2.7048589e-01   1.4938484e-01  -1.7264929e-01  -2.1253718e-02   4.2647668e-01   1.5433358e+00   1.3917877e+00   8.7589803e-01   1.1466590e+00  -4.4975662e-01
   2.4378100e+00   2.1822667e+00   1.6709728e+00   1.2277437e+00   7.9929292e-01   2.2650973e-01   2.8261781e-01   3.8562318e-02  -1.6479794e-02  -3.4064750e-01   4.7281477e-01   1.4588752e+00   1.3358434e+00   7.2642141e-01   1.0769254e+00  -4.8414218e-01
   2.4041043e+00   2.0362600e+00   1.2141866e+00   1.6071798e+00   8.9490229e-01   4.8120477e-01   1.6508553e-01   3.4816538e-01   3.6546518e-02  -1.0453170e-01   6.6519389e-01   1.3703256e+00   1.2731952e+00   6.8167895e-01   7.9097188e-01  -3.0403014e-01
   3.1393972e+00   2.0697198e+00   1.4458265e+00   1.2527990e+00   7.4429762e-01   1.0948968e-01  -1.0836449e-01  -2.0402302e-01   6.0098842e-02  -1.5879664e-01   5.1478423e-01   1.3947608e+00   1.2934054e+00   5.6708034e-01   6.2924169e-01  -3.0563946e-01
   3.5147019e+00   2.1479081e+00   8.4196934e-01   9.4301861e-01   7.3507724e-01   3.3324014e-01   5.2033890e-01   1.7135147e-01  -1.8240454e-01   2.2797106e-01   5.7269029e-01   1.4385785e+00   1.3176400e+00   6.3248185e-01   7.0392491e-01  -3.1067083e-01
   2.9645981e+00   2.1313723e+00   1.4344702e+00   1.0899716e+00   1.9763462e-01   5.3939860e-01   4.2980770e-01   3.8979223e-01  -7.2102023e-02  -8.9324353e-02   2.9730779e-01   1.3179927e+00   1.0187839e+00   5.9600368e-01   6.2167292e-01  -3.6233584e-01
   3.3255172e+00   2.0609993e+00   1.3742442e+00   1.0372930e+00   6.3545155e-01   3.1987278e-01   1.3423470e-01   2.7009189e-01   3.9316847e-01   2.8867298e-02   3.1270107e-01   1.2480083e+00   1.1145596e+00   4.6501610e-01   5.9626684e-01  -1.2551270e-01
   3.0918770e+00   1.0210418e+00   1.8612271e-02   1.0462396e+00   7.0171144e-01  -2.5193383e-01  -5.6626402e-01  -1.1772709e-02   6.5414779e-03   8.7681343e-02   4.1374372e-01   1.1644268e+00   1.0808222e+00   3.8426394e-01   4.4180515e-01  -5.8480278e-01
   2.6438636e+00   1.6630478e+00   1.2240469e+00   1.1156824e+00   5.1233674e-01   1.0563497e-01  -1.5570617e-01   1.3315588e-01   4.6798407e-02   2.8117562e-01   6.4431067e-01   1.1925186e+00   1.0786714e+00   2.5556817e-01   2.0940619e-01  -2.8749080e-01
   2.8562057e+00   1.8537812e+00   1.4659281e+00   1.7033119e+00   7.6491636e-01   2.1096599e-01   3.2954411e-01   3.3701914e-01   8.4124072e-02   1.6009129e-01   2.9430126e-01   1.1834416e+00   8.5656731e-01   2.7893732e-02  -2.1820536e-01  -3.6172475e-01
   3.2679189e+00   1.7954115e+00   8.6173749e-01   9.7882185e-01   3.6646322e-01   2.0003892e-01   4.7640075e-01   2.4054032e-01   4.5279329e-01   4.9114255e-02   2.2955017e-01   7.6922099e-01   6.8058862e-01  -2.2012853e-01   1.1068429e-01  -1.7290898e-01
   3.4264192e+00   2.2324969e+00   1.5203289e+00   1.3610540e+00   4.3094441e-01   8.5266485e-01   5.4995320e-01  -6.3453158e-02  -2.6185680e-01  -8.9033591e-01  -1.5757703e-02   3.0150719e-01   9.4882284e-02  -1.6943483e-01   1.7801336e-01  -4.5307777e-01
   2.5415674e+00   1.6974876e+00   1.2007763e+00   1.2887180e+00   5.5222823e-01   5.4952225e-01   3.4947243e-01  -2.8696955e-01   1.4835523e-01  -2.9939342e-02   4.2256420e-01   6.2335578e-01   3.9479547e-01  -3.8448576e-02   3.0912171e-01  -1.7927807e-01
   2.3615400e+00   2.0714117e+00   1.2652883e+00   7.5687284e-01   1.3855730e-01   5.3665551e-02   1.2231259e-01  -2.7465429e-01  -2.9022025e-01   2.9480057e-03   1.0689066e-01   4.1566563e-01   3.4231965e-01  -2.6308093e-01  -1.8996610e-01  -2.7333061e-01
   2.5933408e+00   2.5512546e+00   1.5959918e+00   1.4969614e+00   8.7995537e-01   2.7947437e-01   1.5378775e-01  -1.4032532e-01  -8.8427105e-02  -3.1607547e-01   7.3061030e-02   5.0245050e-01   7.2595107e-02  -7.1528664e-01  -4.6481725e-01  -4.8123203e-01
   2.5919252e+00   2.3606100e+00   1.1699887e+00   8.5218798e-01   5.1313361e-01   3.8140528e-01   1.6060910e-01  -3.7265795e-02   1.3367408e-01  -2.5498810e-01   6.6213271e-02   6.2391544e-01   5.7447367e-02  -7.1101452e-01  -5.7904975e-01  -5.3017135e-01
   2.7358892e+00   2.8454460e+00   1.3288387e+00   4.2491148e-01   6.1898042e-01   5.0982035e-01  -1.9678694e-02   1.9254231e-02   1.8419978e-02  -2.3452810e-01   7.7070075e-02   1.4668840e-01  -9.8081776e-02  -4.6924650e-01  -3.1593699e-01  -5.0835752e-01
   2.0210585e+00   2.4572102e+00   1.0929694e+00   5.4089939e-01   5.4062915e-01   6.5342351e-01   5.3754271e-01   3.4302741e-01   7.4043757e-02   1.3429757e-02  -3.7687914e-02   2.3294943e-01  -1.9388099e-01  -4.9939509e-01  -1.4583853e-01  -6.6068585e-02
   1.9956222e+00   2.2025574e+00   9.8840848e-01  -1.3143451e-01   1.2555459e-01   7.5032589e-01   5.1437599e-01   4.2670060e-01  -2.3830472e-02  -1.2750167e-01  -3.2609983e-03  -1.1636346e-01  -1.6041208e-01  -5.4880318e-01  -5.6509485e-01  -3.7388913e-01
   1.9536215e+00   2.0868361e+00   1.0695962e+00   3.5177498e-01   3.2202437e-01   6.4585384e-01   3.7794558e-01   2.4973321e-01  -1.3175513e-01  -4.2644120e-01  -2.3601234e-01   2.5020452e-01  -1.7202007e-01  -5.8603294e-01  -5.0516927e-01  -3.3948666e-01
   2.1036160e+00   8.8403182e-01   9.9442478e-02   1.8135488e-01   2.0491051e-01   5.9308418e-01   2.4132518e-01   8.0207388e-02   1.5759617e-01  -2.9594465e-01   1.5947323e-01   1.0078310e-01  -3.2923057e-01  -4.3200136e-01  -3.4360014e-01  -4.8376921e-01
   3.0848735e+00   1.5290622e+00   7.2955160e-01   1.0598031e+00   6.3096508e-01   1.4800178e-02   1.5823420e-02  -8.3127214e-02   7.3876930e-02  -5.8916799e-01  -2.1339939e-01   1.4150766e-01  -4.1295406e-01  -1.0697110e+00  -6.2425720e-01  -6.1691887e-01
   2.1510003e+00   1.6369606e+00   9.5904673e-01   6.3257684e-01   5.4700791e-01   4.4396511e-01   5.2118584e-02   6.4356757e-03   1.4082137e-01  -2.4826539e-02   2.9186284e-01   1.9989687e-01  -2.1813608e-01  -7.0468969e-01  -6.1621125e-01  -5.6918285e-01
   2.5707543e+00   1.9692701e+00   7.2270048e-01   1.2102820e+00   5.8724605e-01   2.5911581e-01   1.1365322e-01   1.8800830e-01  -2.7100015e-01  -4.5842493e-02   1.7344718e-01  -1.8425361e-01  -4.1967782e-01  -7.4101771e-01  -4.0233667e-01  -3.3998843e-01
   2.7152587e+00   1.6885161e+00   8.9416775e-01   7.2660149e-01   3.7629698e-01   4.9148381e-01   4.4340988e-01   3.5948030e-01   2.0602454e-01  -1.2857605e-01   1.1127218e-02  -1.7586534e-01  -3.6590729e-01  -4.9778462e-01  -3.4960854e-01  -5.1431971e-01
   2.6157548e+00   1.4604283e+00   7.0102296e-01   5.7827430e-01   5.2800721e-01  -8.0925068e-02  -2.2628960e-01  -3.4393656e-01  -3.1037239e-01  -1.7804316e-02   1.1476232e-01   1.3562245e-01  -2.1044509e-01  -5.1325103e-01  -3.6597634e-01  -4.3728847e-01
   2.8796269e+00   9.2804783e-01   5.1848251e-01   5.1265880e-01   2.2938954e-01   2.9775582e-02   1.8882233e-01  -6.6116592e-01  -4.1508355e-01  -2.8669820e-03   7.4569417e-02   2.3446588e-02  -5.6645205e-01  -7.5359886e-01  -6.6957393e-01  -5.2063013e-01
   2.4861164e+00   2.2323273e+00   1.4104388e+00   1.1605910e+00   6.7480036e-01   7.8207624e-01   3.3090979e-01  -5.2957194e-01  -5.3997432e-01  -3.7841044e-01  -2.2483034e-01   3.7371994e-02  -2.5763570e-01  -7.0809810e-01  -6.0035259e-01  -5.8616418e-01
