   3.3475173e+00   1.8113532e+00   1.6426023e+00   1.8580972e+00   9.8087701e-01   9.9868133e-01   7.4006892e-01   6.8888665e-01   1.2455398e+00   8.9146836e-01   1.4533313e+00   1.2309119e+00   8.1140642e-01   8.3412483e-01   9.2041121e-01   6.7939438e-01
   3.6334734e+00   2.1979656e+00   1.6072338e+00   2.4480533e+00   1.1941465e+00   1.2521798e+00   7.6530911e-01   6.7099867e-01   8.1175933e-01   1.0404660e+00   1.5980630e+00   1.4353589e+00   8.6957831e-01   7.5218955e-01   9.7173101e-01   7.3194277e-01
   3.6614449e+00   2.3796279e+00   1.3522751e+00   1.9890191e+00   1.1846796e+00   1.3832247e+00   1.1311448e+00   9.0839551e-01   9.4490886e-01   1.2461130e+00   1.0147723e+00   1.3392307e+00   9.5860429e-01   8.1428799e-01   8.7664880e-01   6.5873491e-01
   3.8750640e+00   2.5975996e+00   1.6970726e+00   1.3786600e+00   1.0077121e+00   1.5771818e+00   1.6282767e+00   9.1603910e-01   1.1498093e+00   1.2832899e+00   1.5395689e+00   1.8469742e+00   1.0037727e+00   8.6895084e-01   9.1481555e-01   6.5409613e-01
   3.5221549e+00   2.6932649e+00   1.7944370e+00   1.3475897e+00   1.0109940e+00   1.3139996e+00   1.0216863e+00   5.9070287e-01   4.8341958e-01   1.1293136e+00   1.7357116e+00   1.5918868e+00   1.0146246e+00   9.0892430e-01   7.7586239e-01   6.1414222e-01
   2.9695904e+00   2.3842108e+00   1.6275376e+00   1.8227460e+00   1.6950797e+00   1.3488481e+00   1.0778604e+00   8.3513888e-01   6.2416411e-01   1.0115447e+00   1.5404943e+00   1.2214282e+00   7.0233522e-01   7.5852406e-01   8.3464809e-01   7.3503291e-01
   3.5351316e+00   2.1807122e+00   1.7830892e+00   1.9235290e+00   1.7861127e+00   1.1694956e+00   9.1619970e-01   1.2247107e+00   1.0506464e+00   9.5276454e-01   9.7351548e-01   1.3148152e+00   8.8755890e-01   7.7884523e-01   9.4715006e-01   8.9219259e-01
   3.3616996e+00   1.9187107e+00   2.0176875e+00   1.9755825e+00   1.4567849e+00   1.4886400e+00   1.0936668e+00   7.9263236e-01   1.0023641e+00   1.0384027e+00   1.0957326e+00   1.2669855e+00   1.0243523e+00   6.2985455e-01   6.9307037e-01   7.9740007e-01
   3.2911309e+00   2.6187417e+00   2.2130936e+00   1.2365692e+00   3.4205939e-01   1.1622179e+00   1.3716405e+00   8.7514898e-01   6.1077501e-01   7.5012071e-01   1.5564290e+00   1.3166983e+00   9.6659247e-01   5.6698583e-01   6.3901836e-01   6.3445594e-01
   3.6577789e+00   2.2273423e+00   2.1108963e+00   1.7688212e+00   1.5197693e+00   1.2787595e+00   9.2266389e-01   9.9472805e-01   7.9088668e-01   6.6479638e-01   1.4882090e+00   1.2560710e+00   8.2686783e-01   6.3726019e-01   5.7608897e-01   4.0287479e-01
   3.2592784e+00   2.4227071e+00   1.8464503e+00   1.9214037e+00   1.6314977e+00   1.4534900e+00   1.2262323e+00   8.5052792e-01   8.8857569e-01   9.7963942e-01   1.3408933e+00   1.3257611e+00   7.5775430e-01   3.5159469e-01   4.0825482e-01   4.8845886e-01
   3.8637968e+00   2.9345645e+00   1.6140533e+00   2.2241146e+00   1.7313788e+00   7.7475348e-01   7.6482019e-01   9.3675612e-01   7.7310398e-01   8.0097394e-01   1.1596963e+00   1.1253346e+00   9.6229805e-01   6.5289613e-01   8.0221313e-01   7.0638160e-01
   2.8937593e+00   1.9668709e+00   1.6100881e+00   2.2580406e+00   1.5914135e+00   1.3545022e+00   1.4901029e+00   1.1778149e+00   9.7892221e-01   9.4946105e-01   1.2758215e+00   1.3091205e+00   9.5249624e-01   5.0649476e-01   8.8502781e-01   9.2147420e-01
   3.1535428e+00   1.8165742e+00   1.5368462e+00   2.2648436e+00   1.8279202e+00   1.4242958e+00   7.7187003e-01   9.0260526e-01   1.1332845e+00   1.0746437e+00   1.2168272e+00   1.2433713e+00   1.0384917e+00   7.2426794e-01   8.8469146e-01   3.3665680e-01
   3.5421048e+00   2.2584159e+00   1.8050657e+00   1.5669297e+00   1.3752749e+00   1.5251149e+00   9.2223931e-01   7.6746162e-01   6.7224997e-01   6.4060096e-01   1.3667339e+00   1.5528539e+00   1.0514538e+00   7.5116287e-01   7.2564881e-01   6.3115669e-01
   3.8985125e+00   2.3495099e+00   1.4093391e+00   1.5215123e+00   1.3164610e+00   1.1005758e+00   9.6427037e-01   1.0610270e+00   9.8555984e-01   8.1394070e-01   1.1911410e+00   1.1712071e+00   7.1660463e-01   5.4597079e-01   6.5850721e-01   6.0034609e-01
   4.2175340e+00   2.8629311e+00   2.3606869e+00   2.2324164e+00   1.1259542e+00   1.1520082e+00   7.8147619e-01   6.2106144e-01   6.2761223e-01   9.7397585e-01   1.3050525e+00   1.3556103e+00   8.0774913e-01   5.3717707e-01   9.9584776e-01   7.6674822e-01
   3.9857229e+00   2.2125481e+00   1.6141799e+00   1.2510195e+00   1.5996823e+00   1.2773199e+00   9.9685077e-01   9.4448451e-01   8.8679325e-01   1.0188032e+00   1.4266247e+00   1.4370231e+00   6.6333892e-01   6.3782098e-01   1.0117998e+00   9.7073583e-01
   3.7400075e+00   2.5717345e+00   1.1343736e+00   1.6386490e+00   1.6933652e+00   1.5237996e+00   8.6357665e-01   7.7006386e-01   7.8192597e-01   1.0229082e+00   1.4117794e+00   1.7415841e+00   9.6664216e-01   6.8822699e-01   1.0998232e+00   8.1644028e-01
   3.9658841e+00   2.6188613e+00   1.9509924e+00   2.0083339e+00   1.4739216e+00   9.2812206e-01   1.1501728e+00   1.1580957e+00   4.1185089e-01   8.1336268e-01   1.1457993e+00   1.3819919e+00   1.1752993e+00   8.6405436e-01   1.1353920e+00   7.9884615e-01
   3.7168278e+00   2.2798954e+00   1.6257208e+00   2.0136977e+00   1.8003111e+00   1.0382241e+00   1.0771117e+00   8.7274435e-01   3.1107708e-01   9.5537137e-01   1.6368966e+00   1.6993235e+00   1.0260775e+00   3.7840023e-01   6.1626920e-01   7.2539465e-01
   3.5242288e+00   1.9914511e+00   1.5142598e+00   1.5646885e+00   1.0423156e+00   1.0033560e+00   1.1109021e+00   7.6579781e-01   7.2949350e-01   1.1604490e+00   1.3227248e+00   1.3166895e+00   9.8071421e-01   5.9449939e-01   5.6421945e-01   5.9752323e-01
   3.7119064e+00   1.8099352e+00   1.5853572e+00   1.9244883e+00   1.4578600e+00   1.1798658e+00   1.1534377e+00   8.5784994e-01   7.1109133e-01   1.0346419e+00   1.2875194e+00   1.0470845e+00   8.6147109e-01   5.5933306e-01   6.4695274e-01   5.0802195e-01
   3.4673810e+00   1.4308036e+00   1.7416499e+00   1.9469979e+00   1.2008045e+00   9.0832063e-01   3.9841827e-01   8.8385526e-01   6.0826630e-01   1.1863735e+00   1.0396862e+00   9.3002296e-01   7.8663304e-01   7.8145958e-01   6.6510442e-01   4.4217590e-01
   2.8798344e+00   2.5789055e+00   1.9001275e+00   1.9455139e+00   9.5911795e-01   3.7731758e-01   8.8013454e-01   1.1514497e+00   1.0030164e+00   1.1806461e+00   1.1995213e+00   1.2172508e+00   9.9937063e-01   5.9623539e-01   6.9124080e-01   4.1740209e-01
   2.9268305e+00   2.3954362e+00   1.1030675e+00   1.6034220e+00   1.2135746e+00   1.4352549e+00   8.4269030e-01   4.3664158e-01   1.0175128e+00   1.0213124e+00   1.1249515e+00   1.5019287e+00   9.1785463e-01   4.0156182e-01   4.7285824e-01   4.5837372e-01
   3.3140663e+00   2.1214400e+00   1.6871294e+00   2.0686875e+00   1.4104266e+00   9.1621154e-01   9.4471193e-01   6.7198862e-01   9.0341621e-01   8.1249180e-01   1.0227109e+00   1.4009149e+00   1.1457899e+00   7.1292814e-01   7.8786726e-01   4.8485989e-01
   3.8442709e+00   2.6089817e+00   1.5773748e+00   1.7292804e+00   1.4357152e+00   1.4661847e+00   1.0850666e+00   6.7015585e-01   1.0256135e+00   9.8681220e-01   1.4737253e+00   1.7518045e+00   1.0409650e+00   6.4345199e-01   9.4432719e-01   6.6952993e-01
   4.4364517e+00   2.9236208e+00   2.3368460e+00   1.8315817e+00   1.7124852e+00   1.6797661e+00   1.5310563e+00   1.0210159e+00   1.0190750e+00   1.2283552e+00   1.5113460e+00   1.4046022e+00   7.1712488e-01   1.0020600e+00   9.5837394e-01   5.1793856e-01
   4.1804817e+00   2.9945146e+00   2.2968874e+00   2.3860199e+00   2.1017953e+00   2.0194316e+00   1.1508626e+00   4.4976647e-01   1.1152532e+00   1.2388174e+00   1.4969916e+00   1.6591221e+00   7.5579355e-01   1.2626128e+00   1.3185450e+00   7.5381865e-01
   3.4928196e+00   2.6049726e+00   2.0093635e+00   2.2344934e+00   1.6571130e+00   1.8666970e+00   1.5028691e+00   9.0301301e-01   9.7155456e-01   1.0749319e+00   1.6377114e+00   1.9783000e+00   1.1841359e+00   1.3029350e+00   1.2601215e+00   8.7578082e-01
   2.9626777e+00   2.8397564e+00   1.7089815e+00   2.2384219e+00   2.0899827e+00   1.9723448e+00   1.4711170e+00   1.2950014e+00   1.4081039e+00   1.6924981e+00   2.0665478e+00   2.2380705e+00   1.5135848e+00   1.5863007e+00   1.4355018e+00   7.4211235e-01
   3.9601542e+00   2.7301816e+00   2.0529512e+00   2.4162767e+00   2.0318502e+00   1.9943001e+00   1.8119678e+00   1.3866937e+00   1.8080378e+00   2.1022999e+00   2.1445300e+00   2.5958275e+00   1.1705401e+00   1.5441541e+00   1.2412582e+00   8.3228695e-01
   3.2204071e+00   2.2456275e+00   1.6696416e+00   2.0226825e+00   1.6525533e+00   1.8505581e+00   1.7758886e+00   9.9178821e-01   1.6472922e+00   1.9122825e+00   2.1132718e+00   2.6106236e+00   1.3552840e+00   1.7757746e+00   1.5668149e+00   8.9965301e-01
   3.6077261e+00   2.3533416e+00   1.7492577e+00   2.4092371e+00   2.1076580e+00   2.3345849e+00   1.5935251e+00   1.1418490e+00   1.8266869e+00   1.9724587e+00   2.0651896e+00   2.5934195e+00   1.5381896e+00   1.8760849e+00   1.5160425e+00   8.9783812e-01
   3.8418041e+00   1.6431838e+00   1.4160182e+00   1.9802876e+00   2.0108421e+00   2.1232075e+00   1.5623695e+00   1.3799532e+00   1.7966833e+00   2.0313190e+00   2.2023899e+00   2.6131899e+00   1.7082410e+00   2.1078875e+00   1.7514909e+00   7.7279750e-01
   3.1785117e+00   2.3048776e+00   2.0050064e+00   2.3502199e+00   2.2030859e+00   2.3391511e+00   1.5914958e+00   1.5788470e+00   1.9778175e+00   2.2912171e+00   2.2242265e+00   2.7530493e+00   1.8212290e+00   2.2983524e+00   1.8978917e+00   1.0152464e+00
   3.2851483e+00   1.9170080e+00   1.6611113e+00   1.9158863e+00   2.3076318e+00   2.6760343e+00   1.8045569e+00   1.3235054e+00   1.7064240e+00   2.1513993e+00   2.3451059e+00   2.6516310e+00   1.8806770e+00   2.2070984e+00   1.9303528e+00   1.2235392e+00
   3.3898122e+00   1.8749111e+00   1.3478598e+00   2.0290785e+00   1.9976149e+00   2.6556655e+00   1.8081546e+00   1.1743678e+00   1.7437060e+00   2.0729317e+00   2.1224197e+00   2.5046824e+00   1.5917788e+00   2.0361626e+00   1.7590103e+00   9.9076151e-01
   2.5443918e+00   2.2996414e+00   1.6297770e+00   1.6248810e+00   2.2673766e+00   2.7002227e+00   1.9264089e+00   1.4003575e+00   1.8122974e+00   2.1857712e+00   2.0744685e+00   2.5308030e+00   1.6493432e+00   2.1176806e+00   1.8625051e+00   1.1560779e+00
   3.4155374e+00   2.4694398e+00   1.5699982e+00   1.7020961e+00   2.2163741e+00   2.7177809e+00   1.7017377e+00   1.3388253e+00   1.7306907e+00   2.1024993e+00   2.0387658e+00   2.5235812e+00   1.5485141e+00   2.1003336e+00   1.9468979e+00   1.0550718e+00
   3.2636875e+00   2.3771141e+00   2.1120756e+00   2.0203545e+00   2.1182069e+00   2.7241892e+00   1.7894601e+00   1.4141602e+00   1.9370520e+00   2.1313089e+00   2.2218556e+00   2.5616652e+00   1.5394583e+00   2.1889043e+00   2.0288659e+00   8.3023798e-01
   3.4467630e+00   2.3172847e+00   1.7026589e+00   1.8579288e+00   2.2537646e+00   2.6357414e+00   1.7764089e+00   1.3855659e+00   1.9745662e+00   2.0965684e+00   1.9915678e+00   2.7167489e+00   1.6814411e+00   2.2740459e+00   2.1517638e+00   1.2568735e+00
   3.7032413e+00   2.1589891e+00   1.6912564e+00   1.5977880e+00   2.2760735e+00   2.8148040e+00   1.3632835e+00   1.5438737e+00   1.8256881e+00   2.1051705e+00   2.0732960e+00   2.5929415e+00   1.7756611e+00   2.0896778e+00   1.9575186e+00   1.2561395e+00
   3.8590422e+00   2.4544068e+00   1.6284528e+00   2.2594479e+00   2.4809063e+00   2.8973047e+00   1.6904296e+00   1.5625736e+00   1.7510242e+00   2.2735045e+00   2.2373309e+00   2.5220637e+00   1.6713944e+00   1.9970376e+00   1.8439991e+00   1.2698590e+00
   3.2936099e+00   1.8688054e+00   2.0168377e+00   2.4089376e+00   2.4966002e+00   2.9256745e+00   1.8014595e+00   1.0560255e+00   1.7344698e+00   2.1046589e+00   2.2333274e+00   2.5180257e+00   1.8033425e+00   1.8608414e+00   1.7475791e+00   1.0493488e+00
   3.2519276e+00   2.7461312e+00   1.7660862e+00   1.6951202e+00   2.4137076e+00   2.8685239e+00   1.6393973e+00   1.1808398e+00   1.9151500e+00   2.1234304e+00   2.1706887e+00   2.6989668e+00   1.7995714e+00   1.9983265e+00   2.0130656e+00   1.3136779e+00
   2.5422439e+00   3.0640441e+00   1.8639957e+00   1.6886311e+00   2.4103527e+00   3.0041502e+00   1.5259274e+00   9.4863975e-01   2.0467166e+00   2.2273834e+00   2.1542001e+00   2.6146797e+00   1.8674498e+00   2.0484340e+00   2.0280504e+00   1.1139271e+00
   2.3860301e+00   2.3028557e+00   1.7764258e+00   2.0371409e+00   2.4341633e+00   3.1945138e+00   1.7018934e+00   6.3661297e-01   1.4597892e+00   1.9553721e+00   1.8678425e+00   2.2394600e+00   1.8708065e+00   1.8453052e+00   1.8457629e+00   8.6896963e-01
   2.8654859e+00   2.0770949e+00   1.8922339e+00   1.6741945e+00   2.4075445e+00   3.3483605e+00   1.1747682e+00   8.6970668e-01   1.1915374e+00   1.8413345e+00   1.9696087e+00   2.0355886e+00   1.6022469e+00   1.8431157e+00   2.0143425e+00   1.0395469e+00
   3.4763427e+00   2.5285015e+00   2.2823358e+00   1.9413747e+00   2.1926915e+00   3.3514814e+00   1.7439690e+00   8.7352635e-01   1.3024126e+00   1.6383515e+00   1.9561356e+00   1.9980050e+00   1.3631323e+00   1.7836759e+00   2.0362966e+00   1.2496748e+00
   3.4274406e+00   2.4972987e+00   1.9701315e+00   2.0362876e+00   2.4479243e+00   3.4256417e+00   1.4666712e+00   1.1060087e+00   1.1354001e+00   1.4902336e+00   1.7030663e+00   2.2663269e+00   1.3820250e+00   1.5604882e+00   1.8531670e+00   1.2027339e+00
   3.1471738e+00   2.4049654e+00   1.4909428e+00   1.9337549e+00   2.2061909e+00   3.1060771e+00   1.0987880e+00   9.6148688e-01   1.2333786e+00   1.5950798e+00   1.7638567e+00   1.9907360e+00   1.2901678e+00   1.6648514e+00   1.7266213e+00   9.9794028e-01
   3.0387149e+00   2.1523958e+00   1.9029511e+00   1.8538468e+00   1.8120330e+00   2.9377574e+00   1.6309861e+00   1.0886699e+00   1.1239206e+00   1.3543547e+00   1.8596773e+00   2.0930831e+00   1.2349288e+00   1.5525441e+00   1.6805153e+00   1.1925392e+00
   3.4250216e+00   2.1426432e+00   1.5525509e+00   1.7747882e+00   1.7778186e+00   2.6553807e+00   1.4736074e+00   1.1589983e+00   8.5034794e-01   1.0549174e+00   1.5860449e+00   1.7285161e+00   1.0507043e+00   1.4391797e+00   1.6200041e+00   1.0848788e+00
   3.5097126e+00   2.5284788e+00   2.0351823e+00   2.0566615e+00   2.0457224e+00   2.2469822e+00   1.1483927e+00   1.1052181e+00   1.1996357e+00   1.4784016e+00   1.0687454e+00   1.6939633e+00   1.0125545e+00   1.0467515e+00   1.3335416e+00   9.3686648e-01
   3.9242522e+00   2.7074767e+00   1.7185155e+00   1.8963018e+00   1.7006433e+00   1.7637916e+00   1.2079487e+00   1.0685335e+00   8.4147173e-01   1.5379996e+00   1.3563897e+00   1.6077230e+00   1.0866944e+00   6.2486379e-01   1.0158684e+00   7.5866597e-01
   4.1168946e+00   2.4295207e+00   1.8173459e+00   1.9284325e+00   2.1245958e+00   1.6849178e+00   1.1530453e+00   1.4521933e+00   8.2906031e-01   1.5273552e+00   1.7476134e+00   1.2880798e+00   9.1006151e-01   8.1018837e-01   9.8231435e-01   1.1345113e+00
   3.7070748e+00   2.8554831e+00   2.6870708e+00   2.2539965e+00   2.7291894e+00   1.6437248e+00   1.5189480e+00   1.2558686e+00   1.0944643e+00   1.3948732e+00   1.3074967e+00   1.4407386e+00   8.0874510e-01   6.7817249e-01   9.6935035e-01   8.8613967e-01
   3.6498719e+00   2.4113602e+00   1.9307790e+00   2.0620308e+00   2.5539507e+00   1.6431872e+00   1.6715430e+00   1.4286443e+00   1.3740321e+00   1.1554332e+00   1.6083390e+00   1.3163229e+00   8.7125369e-01   9.7643905e-01   8.6696071e-01   8.6192025e-01
   3.5962969e+00   2.7566176e+00   1.9835051e+00   2.1941777e+00   2.1955244e+00   1.0475703e+00   1.1468943e+00   9.9210859e-01   8.9285385e-01   1.3678700e+00   1.3941848e+00   1.8894960e+00   1.1122493e+00   1.0221642e+00   1.1828050e+00   9.6197018e-01
   3.1816873e+00   2.1339447e+00   1.9027461e+00   2.2193816e+00   2.1327685e+00   1.5030536e+00   1.6031209e+00   1.1170677e+00   1.2195846e+00   1.1420710e+00   1.7109124e+00   1.4591558e+00   1.0839899e+00   8.2228458e-01   1.1667780e+00   9.6166339e-01
   4.0215478e+00   2.0211300e+00   1.4674409e+00   1.4608563e+00   1.6174756e+00   1.2511979e+00   1.2387766e+00   8.8679145e-01   7.2688923e-01   8.7226827e-01   1.1569744e+00   1.3771005e+00   8.8120105e-01   7.4505042e-01   1.1291562e+00   1.0187765e+00
   4.1532419e+00   2.3123174e+00   1.7763322e+00   1.6060983e+00   1.6386622e+00   1.4025335e+00   8.2822766e-01   6.2547297e-01   8.8390364e-01   1.1004631e+00   1.2094652e+00   9.9246990e-01   7.5232776e-01   6.0936303e-01   7.5887748e-01   1.1345616e+00
   4.1288834e+00   2.4144955e+00   1.5548776e+00   2.1210951e+00   1.8646957e+00   1.2364514e+00   1.5293236e+00   1.1726440e+00   8.9755935e-01   1.3481129e+00   1.5469695e+00   1.6769844e+00   1.1430741e+00   7.1819226e-01   1.1401525e+00   1.0071132e+00
   3.0159871e+00   2.4558406e+00   1.5626960e+00   1.9862426e+00   1.6573891e+00   1.5516427e+00   1.5817412e+00   1.3202463e+00   1.1959254e+00   1.1161580e+00   1.3255722e+00   1.1347664e+00   7.8137921e-01   7.4753262e-01   1.0291958e+00   9.4183688e-01
   2.9927793e+00   2.5233636e+00   2.0184588e+00   1.4923525e+00   1.5620574e+00   1.1244431e+00   8.5244467e-01   1.2291801e+00   8.1045175e-01   1.0283612e+00   1.3691060e+00   1.1606192e+00   8.5112641e-01   7.4958214e-01   1.1578858e+00   1.0511364e+00
   3.1875716e+00   2.5464658e+00   1.9160761e+00   1.6565480e+00   1.3307220e+00   1.0934762e+00   1.1622975e+00   9.7349989e-01   1.0869952e+00   1.4439049e+00   1.5736720e+00   1.5090835e+00   9.3666517e-01   9.3181461e-01   1.0996757e+00   9.6010983e-01
   3.3158354e+00   2.7023983e+00   1.9800601e+00   1.5769414e+00   1.5521675e+00   1.1704325e+00   1.2909868e+00   7.0243233e-01   9.0168399e-01   1.2773703e+00   1.4414218e+00   1.3244507e+00   1.0349857e+00   1.0817896e+00   1.1940463e+00   1.2492282e+00
   3.4431926e+00   1.8116272e+00   1.2838716e+00   1.8769288e+00   1.6683585e+00   1.2970320e+00   8.3639325e-01   8.6721916e-01   1.2030627e+00   1.3531624e+00   1.5621451e+00   1.4153412e+00   8.8330054e-01   1.0198879e+00   1.0444029e+00   1.1042067e+00
   3.0254240e+00   2.0219054e+00   1.4687337e+00   1.5625488e+00   1.6464303e+00   1.3514648e+00   1.1557997e+00   1.0863979e+00   1.2979195e+00   1.3943062e+00   1.5687607e+00   1.3456445e+00   9.4411395e-01   6.1318342e-01   1.0932139e+00   1.4063353e+00
   2.7565352e+00   2.3230713e+00   2.1733549e+00   2.0935759e+00   1.5763016e+00   1.7017636e+00   1.2454013e+00   9.9882790e-01   7.9307407e-01   8.1285920e-01   1.6731259e+00   1.5230441e+00   1.1106901e+00   8.6968973e-01   9.6525214e-01   1.2271266e+00
   3.0775668e+00   2.3598276e+00   1.6259590e+00   1.9111954e+00   1.5986960e+00   1.7036760e+00   1.0571247e+00   8.4603285e-01   9.9271799e-01   1.0083405e+00   1.4449541e+00   1.6857007e+00   1.2663392e+00   7.4994503e-01   9.3387661e-01   1.3243355e+00
   3.6225529e+00   2.6814286e+00   2.1951396e+00   1.7201782e+00   1.3630988e+00   1.2220500e+00   1.5541072e+00   5.5398031e-01   5.5158978e-01   7.2250122e-01   1.3281162e+00   1.5340476e+00   6.9887509e-01   6.3504063e-01   8.4242100e-01   1.0847969e+00
   3.1493011e+00   2.0897895e+00   1.8508244e+00   1.7701691e+00   1.4688385e+00   7.1029969e-01   1.2939946e+00   9.2781530e-01   7.3090010e-01   9.7390141e-01   1.4430102e+00   1.7326403e+00   8.8402919e-01   7.6792229e-01   1.2046088e+00   1.4443746e+00
   3.3901772e+00   2.4770004e+00   1.6922719e+00   2.0547071e+00   1.5026024e+00   1.2465661e+00   1.3215859e+00   1.0116612e+00   1.1177370e+00   5.0427617e-01   1.1336404e+00   1.5552244e+00   9.1060285e-01   7.4252227e-01   1.0882621e+00   1.3690636e+00
   3.5908011e+00   2.6662746e+00   1.3978816e+00   1.6227847e+00   1.4795389e+00   1.4100859e+00   1.0925398e+00   9.6502096e-01   1.4223268e+00   1.0422021e+00   1.0729651e+00   1.2037161e+00   6.8120579e-01   6.1920373e-01   8.9177900e-01   1.2830895e+00
   4.2167960e+00   2.9583248e+00   2.0075771e+00   1.3826255e+00   1.3968295e+00   1.6498038e+00   1.2664734e+00   9.6749673e-01   7.8368258e-01   7.9787718e-01   1.2126206e+00   1.5038291e+00   8.4036936e-01   5.2691903e-01   6.0183208e-01   8.8220216e-01
   3.6149705e+00   2.3509413e+00   1.5024662e+00   1.2317867e+00   1.5074955e+00   1.1605682e+00   1.0635418e+00   7.8826224e-01   7.4791371e-01   1.1728776e+00   1.2319122e+00   1.2074913e+00   1.1427312e+00   7.8211714e-01   9.0560322e-01   1.1247040e+00
   4.2406530e+00   2.2839731e+00   1.3159999e+00   1.4617011e+00   1.2747482e+00   1.3202006e+00   1.1953516e+00   8.6013041e-01   9.6162618e-01   1.1962785e+00   1.6259947e+00   1.5111521e+00   1.1641037e+00   5.5661272e-01   8.4637956e-01   1.0138758e+00
   3.3135971e+00   1.8079509e+00   1.9781375e+00   1.6644224e+00   1.6453354e+00   1.2818081e+00   8.4871580e-01   9.6455724e-01   8.7741369e-01   1.0823766e+00   1.2214464e+00   1.4038242e+00   1.1110316e+00   6.9949911e-01   7.2544404e-01   1.5479120e+00
   3.3672387e+00   1.9854205e+00   1.7462526e+00   2.5337393e+00   1.7072175e+00   1.3176315e+00   8.5761532e-01   7.1130421e-01   1.0380106e+00   1.2525340e+00   1.2642746e+00   1.3350209e+00   1.0037942e+00   4.8813438e-01   6.0368279e-01   1.3872700e+00
   3.3278566e+00   2.0016753e+00   1.6384782e+00   1.6265913e+00   1.0402573e+00   1.1223936e+00   9.0877323e-01   7.8535409e-01   7.5363694e-01   1.0161114e+00   1.2192889e+00   1.1306381e+00   7.9320029e-01   6.2354514e-01   4.4870458e-01   1.1045609e+00
   2.7296462e+00   2.1866772e+00   1.1912801e+00   1.4316063e+00   1.0877002e+00   9.4744552e-01   7.5726456e-01   8.7783291e-01   6.3582738e-01   8.3981410e-01   8.5420562e-01   9.7263232e-01   5.6180846e-01   3.6155906e-01   6.1593463e-01   6.5324431e-01
   2.8790292e+00   2.4785091e+00   2.1411842e+00   1.7106804e+00   1.5492079e+00   1.3761472e+00   5.0730538e-01   7.1478387e-01   9.0842887e-01   1.1550434e+00   1.2690724e+00   1.6627035e+00   9.6501680e-01   5.6448780e-01   8.0880068e-01   5.8420125e-01
   2.9123579e+00   2.5341141e+00   1.8665471e+00   1.9537468e+00   1.4008370e+00   9.4976813e-01   6.3971860e-01   7.0182850e-01   6.0013900e-01   7.7200056e-01   9.8385297e-01   1.2202095e+00   9.2185586e-01   1.7473104e-01   8.1838078e-01   7.5023782e-01
   3.0015214e+00   2.1732846e+00   1.7818288e+00   2.1503332e+00   1.4648488e+00   1.2206011e+00   8.6218388e-01   6.4847555e-01   6.8699088e-01   5.4852450e-01   9.7838389e-01   1.3201150e+00   9.6567655e-01   4.1725445e-01   5.6887754e-01   6.1672071e-01
