   1.8706992e+00   9.6615513e-01   4.5265534e-01   2.1083075e-01  -4.7100274e-02  -4.9440071e-01  -1.5052232e-01  -8.2549321e-01  -1.1590653e+00  -1.5079578e+00  -1.9341167e+00  -2.0351279e+00  -1.9111203e+00  -2.0607929e+00  -2.1637657e+00  -2.0166162e+00
   2.5866429e+00   1.1874180e+00   4.7625091e-01   3.6503398e-01  -3.2363685e-01   1.3094902e-02  -2.7849415e-01  -4.1097490e-01  -8.9560569e-01  -1.3093338e+00  -1.5097002e+00  -1.5802295e+00  -1.7441142e+00  -2.0157850e+00  -2.0340177e+00  -1.8261454e+00
   2.1191112e+00   1.4588346e+00   8.4604018e-01   3.0100203e-01  -2.9151710e-02   2.0181366e-02  -2.8238431e-01  -8.8604979e-01  -8.1450147e-01  -9.9059789e-01  -1.1493866e+00  -1.2908162e+00  -1.1941011e+00  -1.1689061e+00  -1.2395896e+00  -1.5869480e+00
   2.1523020e+00   1.6678258e+00   1.2658683e+00   9.9463021e-01   4.1788208e-01  -4.2025851e-01  -6.7325265e-01  -1.1645095e+00  -9.7968204e-01  -1.1132835e+00  -1.0172349e+00  -1.3957422e+00  -1.1574545e+00  -1.3103046e+00  -1.4720797e+00  -1.7852340e+00
   1.9340905e+00   1.5368917e+00   1.0911783e+00   4.5410899e-01   1.8196281e-01   2.5956952e-01  -4.6327778e-01  -6.6366233e-01  -8.6534306e-01  -1.2749051e+00  -1.6513038e+00  -1.6196613e+00  -1.6256862e+00  -1.6039446e+00  -1.6588465e+00  -1.8654103e+00
   2.4351650e+00   1.4672347e+00   5.0629603e-01  -2.0833232e-01  -2.1176274e-01   9.1589665e-02  -4.8991380e-01  -8.8394877e-01  -8.9146060e-01  -1.1543967e+00  -1.5095251e+00  -1.6728552e+00  -1.5874031e+00  -1.5023820e+00  -1.5679976e+00  -1.4083482e+00
   2.3253922e+00   1.4253725e+00   1.2049982e+00   3.1416767e-01   3.9807866e-01   4.0981592e-01  -5.7046116e-01  -6.3118121e-01  -9.7708395e-01  -1.2392982e+00  -1.5587650e+00  -1.6509832e+00  -1.8176084e+00  -1.6563596e+00  -1.8341233e+00  -1.8887520e+00
   2.3016393e+00   1.7084492e+00   2.3031855e-01   3.4632861e-01   2.0508162e-01   1.2134866e-01  -2.3159905e-02  -7.3711619e-01  -7.9803980e-01  -1.3097946e+00  -1.5592504e+00  -1.4790015e+00  -1.6256265e+00  -1.7575977e+00  -1.6975866e+00  -1.7522894e+00
   2.4761617e+00   1.2742500e+00   5.8860387e-01   4.8429461e-01   4.0567832e-01  -1.5797546e-01   1.4508934e-01  -5.8638358e-01  -6.3591572e-01  -1.3085637e+00  -1.2407639e+00  -1.5988005e+00  -1.9878623e+00  -1.7244212e+00  -1.6252852e+00  -1.9288726e+00
   2.9262507e+00   1.0689558e+00   8.8961077e-01   6.2899942e-01  -4.5777265e-02  -3.1339118e-01  -4.9432802e-01  -1.1269064e+00  -5.8204831e-01  -1.0200529e+00  -1.4214848e+00  -1.3793421e+00  -1.5637439e+00  -1.7179901e+00  -1.6463240e+00  -1.7583277e+00
   2.0008036e+00   1.4681335e+00   7.4154646e-01   6.0193256e-01  -1.9432641e-02  -7.8768581e-02  -5.5106000e-01  -8.1249109e-01  -1.2389503e+00  -1.5922181e+00  -1.5543492e+00  -1.5482060e+00  -1.7491673e+00  -1.7811845e+00  -1.7791566e+00  -1.7398825e+00
   2.5382375e+00   1.2648267e+00   5.4073653e-01  -2.7303541e-02   2.4366682e-01   9.5809211e-02  -1.1751393e-01  -4.4192485e-01  -1.0402978e+00  -1.6637471e+00  -1.5139789e+00  -1.6531707e+00  -1.7641536e+00  -1.9446331e+00  -2.2175185e+00  -1.7500171e+00
   2.4509132e+00   1.6282126e+00   7.5032489e-01   1.7519874e-01   7.2758514e-02  -2.0930413e-01  -2.7131355e-01  -7.4113802e-01  -6.7876268e-01  -1.0685909e+00  -1.4880526e+00  -1.3948378e+00  -1.5617808e+00  -1.5818486e+00  -1.6311071e+00  -1.5268659e+00
   2.2560395e+00   1.3763290e+00   7.7107055e-01   6.0979490e-01  -1.7203033e-01   6.3013595e-02  -3.9110726e-01  -6.7412987e-01  -1.2169515e+00  -1.3527999e+00  -1.8807033e+00  -1.9422792e+00  -1.6552808e+00  -1.5771029e+00  -1.6915874e+00  -1.7070350e+00
   1.8188865e+00   9.5269074e-01   8.6185618e-01   4.3384124e-01  -1.4598364e-01   1.0696248e-01  -4.0787497e-01  -7.4095029e-01  -1.1348257e+00  -1.0087979e+00  -1.3647370e+00  -1.5994627e+00  -1.4162900e+00  -1.6330625e+00  -1.5446424e+00  -1.4050152e+00
   2.2370700e+00   7.8374163e-01   8.9788120e-01   1.9310602e-01  -2.9786624e-01  -7.0044655e-02   4.3038293e-02  -9.1892768e-01  -8.6218393e-01  -1.0243098e+00  -1.4292270e+00  -1.4980501e+00  -1.7831983e+00  -1.7060219e+00  -1.6023434e+00  -1.6209196e+00
   2.3711619e+00   1.2828046e+00   1.0245579e+00   5.4872121e-01   2.1391437e-01   3.0229350e-01   1.2676794e-02  -8.6147959e-01  -8.8325560e-01  -1.3206607e+00  -1.5799839e+00  -1.6459575e+00  -1.7261435e+00  -1.6359505e+00  -1.6503532e+00  -1.7449184e+00
   2.3001785e+00   1.1940869e+00   9.2551705e-01   5.8193938e-01  -1.7031504e-01   1.7950721e-01  -3.1620030e-01  -6.3191504e-01  -7.4863567e-01  -8.9581519e-01  -1.0359246e+00  -1.0861622e+00  -1.0952201e+00  -1.0996560e+00  -1.1346150e+00  -1.1697772e+00
   2.4150456e+00   1.0017706e+00   7.6018320e-01   7.8796278e-01   1.1347364e-01  -7.8683863e-02  -9.4100616e-01  -8.0729625e-01  -7.0827927e-01  -1.4118144e+00  -1.6471475e+00  -1.8456439e+00  -2.0109264e+00  -2.0845862e+00  -2.0077148e+00  -1.8863906e+00
   1.9751968e+00   1.0823896e+00   8.4781549e-01   4.9818294e-01  -2.8735347e-01   1.5065255e-01  -3.9800773e-01  -8.5890623e-01  -1.0328057e+00  -1.3117204e+00  -1.4579750e+00  -1.4161722e+00  -1.5551530e+00  -1.6195171e+00  -1.6427958e+00  -1.5946125e+00
   1.8819846e+00   1.3172456e+00   1.1048885e+00   2.1426480e-01   1.1899476e-01   1.2416626e-01  -7.6186179e-01  -1.0758070e+00  -1.1335438e+00  -1.2058199e+00  -1.6448010e+00  -1.9294109e+00  -1.7526179e+00  -1.8643920e+00  -1.9890050e+00  -2.0946576e+00
   2.3506099e+00   1.5455330e+00   7.9882401e-01   4.2235182e-01   1.3285608e-01   2.2072129e-01  -2.1184267e-01  -5.5495242e-01  -7.4871897e-01  -1.0137803e+00  -1.2690665e+00  -1.4677443e+00  -1.5531130e+00  -1.6246398e+00  -1.5966325e+00  -1.5108610e+00
   2.6747768e+00   1.4724224e+00   6.8651879e-01  -4.3143135e-01  -4.0493336e-01   6.2991114e-02  -3.1423712e-01  -1.1713522e+00  -1.1004767e+00  -1.3536789e+00  -1.5622589e+00  -1.5058905e+00  -1.7806233e+00  -1.8891664e+00  -1.9915133e+00  -1.9614698e+00
   2.6209711e+00   1.3204963e+00   8.4730857e-01   6.4139543e-01   2.9090021e-01   1.9922473e-01  -3.7038840e-01  -9.2399695e-01  -7.1735933e-01  -1.1097272e+00  -1.6696282e+00  -1.4700629e+00  -1.8699471e+00  -2.0967701e+00  -2.1163256e+00  -1.9074926e+00
   1.9395639e+00   1.1889118e+00   6.7578005e-01   8.4678864e-01   3.2953149e-01   4.2066088e-01  -2.7286675e-01  -7.7866121e-01  -9.4600271e-01  -1.3930004e+00  -1.4376227e+00  -1.3845791e+00  -1.6077298e+00  -1.6442288e+00  -1.6204751e+00  -1.6151965e+00
   2.5908143e+00   1.1986362e+00   5.8518694e-01   2.1625723e-01  -5.3319604e-01  -1.1937860e-01  -3.9713279e-01  -8.3845460e-01  -1.2497088e+00  -1.2688499e+00  -1.7112422e+00  -1.8773542e+00  -1.7534475e+00  -1.9347033e+00  -1.9298539e+00  -1.9471944e+00
   2.0443874e+00   1.4820572e+00   1.1032598e+00   1.2723748e-01  -1.9755489e-01  -2.2555679e-01  -5.2199668e-01  -9.8343610e-01  -1.0963350e+00  -1.3410229e+00  -1.2537273e+00  -1.6146166e+00  -1.4024492e+00  -1.5906148e+00  -1.6274215e+00  -1.6061018e+00
   2.6592778e+00   1.5822252e+00   6.4181907e-01   7.1732542e-01   3.3498815e-01  -1.5737841e-01  -3.0533639e-01  -9.0723189e-01  -1.4661057e+00  -1.4712729e+00  -1.5285828e+00  -1.7582181e+00  -1.6269036e+00  -1.8465899e+00  -1.9626073e+00  -1.9101130e+00
   2.2949909e+00   1.4439983e+00   3.1760335e-01   4.4869100e-01   4.5541848e-01   4.1774602e-02  -4.0387654e-01  -9.4691179e-01  -1.1414841e+00  -1.0902060e+00  -1.3260464e+00  -1.3843074e+00  -1.3197619e+00  -1.3893786e+00  -1.4362602e+00  -1.4364426e+00
   2.6234176e+00   1.5042100e+00   6.9880187e-01   5.1340659e-01   1.3821861e-01  -1.9459447e-01  -2.7317773e-01  -7.0016037e-01  -1.1768308e+00  -1.2249002e+00  -1.3251878e+00  -1.5067646e+00  -1.6418247e+00  -1.5526769e+00  -1.7103142e+00  -1.8104150e+00
   1.9406102e+00   8.5245995e-01   3.9327290e-01   5.9686379e-01   3.0734006e-01   4.7720636e-02  -2.9442061e-01  -4.8145130e-01  -2.9238562e-01  -6.8430574e-01  -9.4777045e-01  -6.9642421e-01  -1.3068086e+00  -8.9866896e-01  -8.0906200e-01  -1.2534027e+00
   2.5749207e+00   1.2182948e+00   3.1650984e-01   7.8485398e-01   1.0639547e+00   8.4041684e-01  -3.2041725e-01  -1.1483062e-01   5.5961002e-01  -9.2439069e-02  -2.6043577e-01   2.8376463e-01  -1.3884044e+00  -4.4124963e-01  -1.3591268e-01  -1.6940373e+00
   2.2951583e+00   1.0711590e+00   6.7992933e-01   6.6866075e-01   1.2334640e+00   1.1436772e+00  -3.8515302e-02  -1.7617885e-02   3.9381849e-01  -3.1691226e-01  -5.8291242e-01   1.1774209e-01  -1.0629194e+00  -5.0392827e-01  -2.0308693e-01  -1.3173895e+00
   2.1155458e+00   1.4992825e+00   6.8896030e-01   6.3763018e-01   1.2486369e+00   9.3634319e-01   1.0421519e-01  -2.2039358e-03   3.4229484e-01  -7.0754312e-01  -4.3440715e-01   6.2416902e-02  -1.0453774e+00  -2.7826173e-01  -1.3840488e-01  -1.5601729e+00
   2.1840633e+00   1.2679045e+00   7.1013694e-01   4.5387475e-01   1.4390174e+00   1.0828509e+00   4.1157244e-01   1.9082075e-01   8.0313282e-01  -1.9758034e-01  -3.3378988e-01   3.7403394e-01  -9.2187953e-01  -1.9244968e-01   3.5706429e-03  -9.1152778e-01
   2.0383499e+00   9.1638978e-01   3.6251874e-01   4.2552566e-01   1.3733864e+00   8.9230371e-01   1.4831494e-01   4.3218264e-02   3.8473214e-01  -1.9163687e-01  -5.2553530e-01   5.9612521e-01  -6.7004552e-01  -2.0744006e-01  -2.8917835e-02  -1.4022849e+00
   1.7838525e+00   7.1681370e-01  -6.8035936e-02   4.5284514e-01   1.3452719e+00   1.1834491e+00   2.0560728e-01   1.8131942e-01   7.4264322e-01  -3.8098464e-01  -4.9036340e-01   7.1834785e-01  -3.9296094e-01  -2.2683713e-01  -1.6975191e-02  -1.2763652e+00
   2.3178374e+00   1.1199129e+00   8.6801665e-01   8.8500559e-01   1.3212506e+00   1.2295971e+00   2.7641272e-01   2.7254345e-01   7.3190244e-01  -3.2854179e-01  -4.6213720e-01   7.3225868e-01  -4.2032342e-01  -3.6357029e-01  -2.5466794e-01  -1.3131642e+00
   2.2010122e+00   1.5304927e+00   1.1544971e+00   7.3405298e-01   1.4157599e+00   1.1381239e+00   2.2743471e-01   2.3062641e-01   6.4788751e-01  -2.9833617e-01  -4.7054930e-01   5.8609172e-01  -3.2193189e-01  -4.0413130e-01  -4.5202187e-01  -1.1991870e+00
   2.7043917e+00   1.4821454e+00   7.3098474e-01   5.4393030e-01   1.4398198e+00   1.2570614e+00   6.3550832e-01   4.0757020e-01   9.7907293e-01  -2.5276808e-01  -6.0822851e-01   6.1137094e-01  -4.6234321e-01  -3.5638279e-01  -4.0728776e-01  -1.6091438e+00
   2.1952012e+00   1.2233974e+00   3.7459326e-01   3.4428112e-01   1.5844591e+00   1.2403338e+00   2.1465399e-01   5.1366088e-01   9.8303305e-01  -3.5555771e-01  -5.7965516e-01   7.2062638e-01  -2.8645641e-01  -8.4634675e-02  -1.3434236e-01  -1.5147641e+00
   2.4842524e+00   2.0294433e+00   4.0924891e-01   2.1830490e-01   1.5529633e+00   1.1745470e+00   4.3151727e-01   8.2308134e-01   1.0728180e+00  -3.8350587e-01  -5.3514038e-01  -1.4663838e-01  -6.5410560e-01  -7.1871484e-02  -1.1821710e-01  -1.4267025e+00
   2.4728991e+00   1.0763044e+00   4.4722805e-01   5.5149730e-01   1.7068395e+00   1.4231451e+00   5.8201985e-01   7.3670078e-01   1.1375035e+00  -4.0214111e-01  -4.9559558e-01   1.8173690e-03  -5.1388254e-01  -3.4023435e-01  -5.2670848e-01  -1.5969245e+00
   2.7641389e+00   1.6291333e+00   1.0962479e+00   1.1072832e+00   1.7360660e+00   1.2943844e+00   1.6961114e-01   8.8883389e-01   1.1314785e+00  -5.8143103e-01  -4.6209906e-01   3.1841808e-02  -3.7321931e-01  -2.8679115e-01  -5.1515313e-01  -1.2629127e+00
   2.3449209e+00   2.0212139e+00   1.0890819e+00   6.0164005e-01   1.5707518e+00   1.3520889e+00   3.8190645e-01   9.2464242e-01   1.0590802e+00  -5.8154224e-01  -5.5941506e-01   2.9393666e-01  -3.0077554e-01  -1.8588042e-01  -2.4523657e-01  -1.3620193e+00
   2.2687382e+00   1.2454188e+00   5.3208380e-01   8.0930036e-01   1.5484085e+00   1.3618882e+00   2.6212026e-01   9.3888888e-01   1.0549031e+00  -7.0824342e-01  -8.4756763e-01   2.1508593e-01  -3.1997211e-01  -1.7022300e-01  -2.5049977e-01  -1.2580868e+00
   2.8632628e+00   1.6310680e+00   7.3543612e-01   1.3497242e+00   1.7309449e+00   1.3027596e+00   1.7357483e-01   1.0282507e+00   1.0555973e+00  -6.4598989e-01  -7.5348710e-01   2.7767840e-01  -2.4632872e-01  -1.0493811e-01  -2.2197739e-01  -1.3738385e+00
   1.9813812e+00   1.3012324e+00   1.7533890e-01   9.9195351e-01   1.6286051e+00   1.3142791e+00   1.4860070e-01   1.0557590e+00   1.1128471e+00  -5.3319679e-01  -8.3773007e-01   1.5489186e-01  -6.1350515e-02   4.4870318e-02  -2.0340505e-01  -1.4534939e+00
   1.9457512e+00   1.2648321e+00  -4.5277709e-01   6.4430039e-01   1.6280705e+00   1.2528592e+00   3.5915871e-03   1.0286579e+00   1.0492366e+00  -7.0054356e-01  -7.9339177e-01  -1.0698604e-02  -1.7446082e-01   9.4513216e-03  -3.5247885e-01  -1.2298486e+00
   1.8551890e+00   1.3711957e+00   3.8037425e-01   6.8538292e-01   1.5955164e+00   1.1331557e+00  -3.2885974e-02   9.2773895e-01   8.9651479e-01  -1.0092943e+00  -1.0568710e+00  -1.1664475e-01  -9.5896128e-02   2.2104516e-01  -2.7439665e-01  -1.5540088e+00
   1.6112603e+00   1.5318611e+00   8.4372939e-01   6.7409117e-01   1.4967954e+00   1.0319867e+00   1.9609370e-01   8.5172114e-01   8.5612629e-01  -1.2489024e+00  -1.0526527e+00  -2.3202802e-01  -9.1077881e-02   9.0131897e-02  -2.5886385e-01  -1.6967908e+00
   1.7928112e+00   1.6659124e+00   8.4998666e-01   6.2582332e-01   1.6403220e+00   8.4868784e-01   4.8343612e-01   7.7804735e-01   7.6258650e-01  -1.0056673e+00  -1.1165418e+00  -4.3481725e-01  -8.0097452e-02   1.1893951e-01  -3.7894702e-01  -1.5893690e+00
   1.3890577e+00   1.5836456e+00   8.8668309e-01   8.1934551e-01   1.6772267e+00   1.1161386e+00   2.1261822e-01   6.9410668e-01   6.2903315e-01  -9.7613054e-01  -1.0345593e+00  -4.0554429e-01   1.2474017e-01   1.2526735e-01  -2.5392237e-01  -1.4261660e+00
   1.2878095e+00   1.1625797e+00   1.0184975e+00   7.3131466e-01   1.6455267e+00   1.2105375e+00   1.5670321e-02   4.6764623e-01   4.0611148e-01  -1.2657713e+00  -1.2370299e+00  -6.4961842e-01   4.9778134e-03   2.1613902e-01  -9.8003944e-02  -1.5086345e+00
   2.7575255e+00   1.4525393e+00   6.9928973e-01   7.7593305e-01   1.5576867e+00   1.2630935e+00   4.7202892e-01   2.2465434e-01   4.7179751e-02  -1.2759686e+00  -1.0751836e+00  -4.6892865e-01   1.9724577e-02   2.0096942e-01  -9.4383393e-02  -1.4434910e+00
   2.7119487e+00   1.7357315e+00   7.4062150e-01   8.0723641e-01   1.5982557e+00   1.1799268e+00  -2.0626112e-02   3.3719224e-01   2.5875823e-01  -1.4374460e+00  -1.3343369e+00  -7.3365955e-01  -3.7658428e-01   8.5452414e-02  -1.0497307e-01  -1.3754966e+00
   2.2076250e+00   1.5233689e+00   1.1935691e+00   6.0259876e-01   1.4896410e+00   1.1028159e+00   1.3250937e-01   2.9149596e-01   9.9177501e-02  -1.4660264e+00  -1.1467588e+00  -7.9089043e-01  -5.4117278e-01   2.1849865e-02  -1.4285677e-01  -1.5239943e+00
   1.7036810e+00   1.2809225e+00   7.4707345e-01   7.2027509e-01   1.5823708e+00   7.2250241e-01  -3.1056139e-01  -4.1081048e-02  -1.4606703e-02  -1.1518359e+00  -1.1141296e+00  -8.8550706e-01  -4.9853626e-01   2.7602154e-02  -1.3794211e-01  -1.6719242e+00
   2.3660289e+00   1.3969978e+00   6.5360408e-01   9.1397836e-01   1.7854385e+00   7.8264102e-01  -1.2330574e-02   4.0941166e-02  -2.2766449e-01  -1.4434470e+00  -1.1788844e+00  -8.8044103e-01  -5.2580373e-01  -9.0708557e-03  -2.2347829e-01  -1.4722758e+00
   2.0003629e+00   1.4488091e+00   7.2718742e-01   7.1718664e-01   1.6153082e+00   9.4457288e-01   9.5170655e-02   1.0983722e-01  -1.3803890e-01  -1.2674016e+00  -1.2458115e+00  -1.1349877e+00  -6.8810529e-01  -2.4594119e-01  -2.6896669e-01  -1.4235321e+00
   2.3913182e+00   2.0064877e+00   5.8982622e-01   7.2812256e-01   1.7840344e+00   9.6262330e-01  -2.1118389e-01   1.3277723e-01  -1.0439652e-01  -1.2039379e+00  -1.1829776e+00  -1.1404167e+00  -6.6072849e-01  -1.6731278e-01  -2.0055238e-01  -1.1327836e+00
   2.2388159e+00   1.4053916e+00   1.0252796e+00   9.8499043e-01   1.8042749e+00   9.4700707e-01   1.8906151e-01  -6.7669474e-02  -6.0551043e-01  -1.2495640e+00  -1.5343084e+00  -1.3379761e+00  -8.5537558e-01  -2.0555260e-01  -2.1108531e-01  -1.3763624e+00
   2.2092723e+00   1.6108622e+00   4.8962648e-01   1.0430309e+00   1.9097619e+00   4.5819705e-01   2.2226977e-02   4.6223304e-02  -4.8660178e-01  -1.2412866e+00  -1.2451864e+00  -1.1706747e+00  -1.0006567e+00  -6.3082727e-01  -3.3537725e-01  -1.3518531e+00
   2.7888797e+00   1.6285178e+00   8.1404883e-01   9.8792467e-01   1.8283988e+00   5.0427054e-01  -1.9418615e-05  -2.3407640e-01  -5.4776759e-01  -1.5533265e+00  -1.3305556e+00  -1.4518481e+00  -9.4693536e-01  -6.4207200e-01  -2.5452768e-01  -1.3882710e+00
   1.8822455e+00   1.8595524e+00   6.2211059e-01   9.4339779e-01   1.9657482e+00  -1.4224547e-01  -1.9575442e-01  -9.9815611e-02  -7.2639239e-01  -1.1725466e+00  -1.2067393e+00  -1.3251079e+00  -1.0490686e+00  -6.5792353e-01  -2.8541202e-01  -1.3741042e+00
   1.8288846e+00   1.2458162e+00   6.1316321e-01   8.9863521e-01   2.0265109e+00   4.5152568e-01   3.1780172e-01  -3.6217048e-02  -5.9876014e-01  -1.1618329e+00  -1.0803666e+00  -1.2730624e+00  -1.0217166e+00  -6.6490073e-01  -3.0233163e-01  -1.1064376e+00
   2.3657548e+00   9.4615790e-01   6.6748769e-01   6.9638729e-01   1.9613303e+00   4.3211790e-01   4.2726238e-02  -1.1915548e-01  -8.9907218e-01  -1.1089915e+00  -1.3317712e+00  -1.5946286e+00  -1.1240572e+00  -8.6220161e-01  -5.8489434e-01  -1.5431452e+00
   2.1693801e+00   5.8670470e-01   4.3468227e-01   7.6357257e-01   1.9610289e+00   4.3121200e-01  -2.5479707e-01  -8.5657951e-01  -1.1120197e+00  -1.5389365e+00  -1.2546365e+00  -1.4752017e+00  -1.3148138e+00  -9.1698374e-01  -7.9187976e-01  -1.6526050e+00
   2.1763891e+00   1.9009541e+00   5.0120290e-01   9.1221716e-01   2.0284560e+00   3.6095705e-01   2.9370794e-01  -6.5128070e-01  -1.0409227e+00  -1.4784200e+00  -1.5237317e+00  -1.3612060e+00  -1.0335928e+00  -9.5019470e-01  -1.1017844e+00  -1.7575347e+00
   2.0966992e+00   1.7205351e+00   1.0873699e+00   8.1617653e-01   1.8275214e+00   7.2551049e-01   4.7670129e-01  -3.4629727e-01  -8.6580336e-01  -1.1856573e+00  -1.2749775e+00  -1.1522995e+00  -9.4413571e-01  -7.2467490e-01  -9.5015189e-01  -1.6587034e+00
   1.3602626e+00   1.6519250e+00   8.2430428e-01   1.1787519e+00   1.7029200e+00   2.6323267e-01   4.4189051e-02  -2.9645903e-01  -6.0033687e-01  -1.1184162e+00  -1.8500720e+00  -1.5827516e+00  -1.1804346e+00  -9.0116308e-01  -1.2199866e+00  -1.5886037e+00
   2.4454871e+00   1.7328370e+00   9.6874437e-01   5.0644723e-01   1.5866906e+00   5.5199065e-02   5.0924891e-02  -2.1942029e-01  -3.8527587e-01  -1.1148950e+00  -1.4525764e+00  -1.5834842e+00  -1.4642662e+00  -1.2030131e+00  -1.4280468e+00  -1.5881870e+00
   2.1004722e+00   1.3066743e+00   3.8164286e-01   3.7582037e-01   1.4569120e+00   3.1354369e-01  -4.3807612e-02  -4.0950569e-01  -9.9978249e-01  -1.1334730e+00  -1.4008953e+00  -1.5457637e+00  -1.5805363e+00  -1.3917767e+00  -1.2962080e+00  -1.7703456e+00
   2.0591604e+00   1.3564958e+00   4.4514117e-01   5.0246787e-01   1.2676815e+00   2.3605264e-01  -5.8791363e-01  -2.8073443e-01  -1.2224096e+00  -9.9048481e-01  -1.6866354e+00  -1.5470084e+00  -1.6834337e+00  -1.6770101e+00  -1.5767265e+00  -2.0183468e+00
   2.2621089e+00   1.1109500e+00   8.2490946e-01   5.7215855e-01   8.7449789e-01   2.2761974e-01  -5.8161627e-01  -3.4391563e-01  -1.4689036e+00  -1.6087838e+00  -1.5156446e+00  -1.5115349e+00  -1.4295488e+00  -1.4504643e+00  -1.5705126e+00  -1.7052082e+00
   2.2374575e+00   1.2063843e+00   5.8792133e-01   7.9310715e-01   6.0770985e-01   7.2439241e-02  -3.1482472e-01  -3.9006197e-01  -9.6367294e-01  -1.2718402e+00  -1.6587619e+00  -1.5641854e+00  -1.8475447e+00  -1.8471960e+00  -1.7265783e+00  -1.6549586e+00
   2.0443843e+00   1.3274433e+00   5.4312713e-01   3.1866764e-01   1.9621641e-01  -8.7082975e-02  -3.0077095e-01  -6.9458133e-01  -9.1889809e-01  -1.3771294e+00  -1.4698462e+00  -1.5889683e+00  -1.4757509e+00  -1.5799783e+00  -1.6772367e+00  -1.5706426e+00
   1.9209163e+00   1.3083566e+00   3.7311081e-01   2.9326971e-01   2.3543237e-02   1.1834169e-01  -2.4639107e-01  -7.9215109e-01  -9.0326593e-01  -1.4071138e+00  -1.5292589e+00  -1.7624608e+00  -1.7454279e+00  -1.6996536e+00  -1.7805797e+00  -1.7526088e+00
   2.0084167e+00   1.1925946e+00   3.1066169e-01   2.3574285e-01   2.3566688e-01   7.6694500e-02  -7.0058478e-02  -7.7221294e-01  -9.7079204e-01  -1.6697314e+00  -1.7751568e+00  -1.6231985e+00  -1.5383140e+00  -1.8279356e+00  -1.9225708e+00  -1.6959768e+00
   2.7141757e+00   1.6743994e+00   1.0175161e+00   4.3497156e-01   4.5511482e-01   3.0457125e-01  -2.7294161e-02  -8.5267240e-01  -7.0514579e-01  -1.1770946e+00  -1.5671586e+00  -1.5622563e+00  -1.9286484e+00  -1.8121556e+00  -1.9806574e+00  -1.7148749e+00
   2.7439609e+00   1.0604630e+00   1.4752149e+00   3.0162701e-01   3.6507805e-03  -1.7394485e-02  -3.2133509e-01  -1.0243873e+00  -1.0117675e+00  -1.3137858e+00  -1.6574496e+00  -1.5254315e+00  -1.7650616e+00  -1.6732179e+00  -1.6786360e+00  -1.5998982e+00
   1.6650347e+00   5.2094145e-01   5.6960895e-01   5.7347869e-01  -1.6623801e-01   2.6560368e-01  -1.1528963e-01  -6.5030194e-01  -9.7044685e-01  -1.1060133e+00  -1.1327913e+00  -1.1711742e+00  -1.1639313e+00  -1.2251898e+00  -1.2032087e+00  -1.1622063e+00
   2.4048402e+00   1.1418044e+00   5.4209500e-01   9.1444155e-01   3.8594977e-01   3.2551029e-01   1.7953629e-02  -7.9056550e-01  -9.2419123e-01  -1.0953483e+00  -1.3807655e+00  -1.6442210e+00  -1.8238522e+00  -1.8189386e+00  -1.6432239e+00  -1.8336921e+00
   2.2316018e+00   8.4681595e-01   3.3030770e-01   4.1456767e-01   7.4998045e-01   2.4622178e-01   2.7622660e-04  -6.3730528e-01  -1.0765955e+00  -1.1343344e+00  -1.3889413e+00  -1.4160917e+00  -1.4700915e+00  -1.4545399e+00  -1.4439702e+00  -1.3839222e+00
   1.8516877e+00   1.1590945e+00   7.3339875e-01  -4.1151814e-01   1.1980221e-01   2.6016781e-01  -1.9841159e-01  -7.8136766e-01  -1.0212128e+00  -1.2588635e+00  -1.3417234e+00  -1.7652938e+00  -1.8908118e+00  -1.7078104e+00  -1.6072073e+00  -1.7290839e+00
   2.6500105e+00   1.5225607e+00   7.3947133e-01   1.7739636e-01   4.2214094e-01   2.0378513e-01  -1.8921209e-01  -8.7011135e-01  -7.5691318e-01  -1.1501978e+00  -1.6387793e+00  -1.9282662e+00  -1.6654426e+00  -1.6922486e+00  -1.6582013e+00  -1.7931219e+00
   2.3879563e+00   1.3773360e+00   7.4203273e-01   5.3094869e-01  -1.4946516e-01  -7.4531115e-02  -5.5230102e-01  -1.0890889e+00  -1.2393346e+00  -1.3731508e+00  -1.7396554e+00  -1.5667204e+00  -1.6958946e+00  -1.6895912e+00  -1.8165524e+00  -1.8977107e+00
   2.3199326e+00   1.6345110e+00   8.4153112e-01   7.9366592e-01   4.4590029e-01   2.1870324e-01  -4.0273406e-01  -1.0977082e+00  -1.1082496e+00  -1.2037864e+00  -1.4664462e+00  -1.6194957e+00  -1.6606842e+00  -1.4532181e+00  -1.7457923e+00  -1.8267192e+00
   1.9559331e+00   1.3900562e+00   9.4239758e-01   7.3914419e-01   1.1861358e-01  -6.1662087e-02  -3.0922497e-01  -5.3605210e-01  -1.0705395e+00  -1.2971440e+00  -1.9210851e+00  -1.5791533e+00  -1.8735026e+00  -1.9667911e+00  -2.0282849e+00  -1.8911672e+00
   2.2678443e+00   1.4556635e+00   8.9728894e-01   1.4106505e-01   1.6014524e-01  -1.1056017e-01  -1.1056054e-01  -9.4035031e-01  -6.9076269e-01  -1.2687225e+00  -1.6615855e+00  -1.5329427e+00  -1.6748291e+00  -1.8278778e+00  -1.8402430e+00  -1.4932236e+00
   1.9823965e+00   1.5901004e+00   1.1066430e+00   4.0518284e-01  -6.2548454e-02   2.6564256e-01  -1.4382652e-01  -7.1182530e-01  -9.9200030e-01  -1.2260298e+00  -1.4216686e+00  -1.6772173e+00  -1.6517309e+00  -1.6549091e+00  -1.6676079e+00  -1.7707898e+00
   2.4169273e+00   1.6328479e+00   7.3419984e-01   1.7109564e-01   8.3233149e-02   2.1232473e-01  -3.6330293e-02  -6.7694922e-01  -1.4131711e+00  -1.3744792e+00  -1.5377031e+00  -1.9686900e+00  -1.7189609e+00  -1.7057046e+00  -1.9015533e+00  -1.8105878e+00
   1.9530705e+00   1.2035658e+00   7.6540503e-01   3.9557435e-01  -9.1743951e-02  -3.8577632e-02  -5.0867285e-01  -7.2254857e-01  -9.3193082e-01  -1.0770883e+00  -1.9104094e+00  -1.6216282e+00  -1.4596226e+00  -1.8138680e+00  -1.8530800e+00  -1.8845226e+00
