   2.9829416e+00   1.7229662e+00   7.7324991e-01   7.5092115e-01   3.5576008e-01   3.3730972e-01  -4.3130232e-01  -7.3818130e-01  -6.5308545e-01  -6.8012957e-01  -3.2835308e-01  -5.6851033e-01  -1.0236089e+00  -1.3499933e+00  -1.7077896e+00  -1.5250438e+00
   2.2403844e+00   1.8429393e+00   6.8425605e-01   5.2324205e-01   4.8557749e-01   5.3576882e-01  -2.7674741e-01  -7.3145618e-01  -6.5446058e-01  -5.3369022e-01  -4.6900071e-01  -4.7489397e-01  -8.8744013e-01  -1.3165694e+00  -1.5620071e+00  -1.5412872e+00
   1.6460669e+00   1.8583314e+00   1.0344490e+00   6.7439624e-01   5.8023111e-01   5.8728634e-01  -2.4726408e-01  -6.2785216e-01  -6.0438311e-01  -3.9242860e-01  -4.8453210e-01  -6.8464574e-01  -1.1193309e+00  -1.3590375e+00  -1.5079166e+00  -1.2724004e+00
   1.9089855e+00   1.3556059e+00   1.0905204e+00   6.7736469e-01   1.2856206e-01  -1.9541442e-01  -1.0539564e-01  -7.6717194e-01  -6.6155424e-01  -4.2054370e-01  -3.2697088e-01  -5.5574827e-01  -1.2809056e+00  -1.4456686e+00  -1.4237131e+00  -1.6429258e+00
   1.6816012e+00   1.7044378e+00   1.0024575e+00   6.1431179e-01   4.3500475e-01  -1.2184700e-01  -8.0474419e-01  -9.1212960e-01  -5.0415036e-01  -2.8642017e-01  -3.8685070e-01  -5.5996245e-01  -1.0559650e+00  -1.0646557e+00  -1.0979319e+00  -1.4635231e+00
   1.8903810e+00   1.6228804e+00   4.6818790e-01   5.7821103e-01   2.1886633e-01   4.5442128e-01  -1.6665726e-01  -5.0062563e-01  -8.5845641e-01  -6.1160131e-01  -4.7486317e-01  -5.6280464e-01  -1.2575379e+00  -1.1813532e+00  -1.2560247e+00  -1.6138717e+00
   1.7922599e+00   1.4776431e+00   3.1043789e-01   4.3832317e-01   4.3526491e-01   7.1974663e-01  -4.1909283e-01  -6.6641812e-01  -1.0249292e+00  -5.2991571e-01  -4.9698295e-01  -4.0181858e-01  -1.0330926e+00  -1.1968213e+00  -1.4759865e+00  -1.4032207e+00
   1.2782712e+00   1.8350595e+00   1.1516509e+00   4.3324514e-01   1.7975066e-01  -1.8466520e-01  -5.9947075e-01  -9.7328782e-01  -8.6176689e-01  -4.8668541e-01  -5.1040346e-01  -6.9078624e-01  -1.1280947e+00  -1.5253776e+00  -1.5430914e+00  -1.5638371e+00
   2.1524068e+00   1.2998615e+00   1.2040437e+00   7.5375811e-01   3.6700634e-02   5.1809092e-01   2.1604864e-01  -3.1776032e-01  -5.1658274e-01  -6.9816129e-01  -7.7542719e-01  -7.1979821e-01  -8.9307897e-01  -1.2656989e+00  -1.4288614e+00  -1.4631863e+00
   2.5624926e+00   1.4131483e+00   1.1932819e+00   1.1671332e+00   2.5766792e-01   1.8897369e-01  -5.2118207e-01  -3.0405305e-01  -5.6872567e-01  -7.0914712e-01  -3.6538932e-01  -4.8544590e-01  -8.3286944e-01  -1.0560152e+00  -1.4743806e+00  -1.6183616e+00
   2.0917366e+00   1.3895163e+00   9.7978027e-01   5.5637664e-01   3.9598820e-02   3.3454507e-01  -3.2406299e-01  -5.1187812e-01  -6.8444287e-01  -8.3214258e-01  -2.4513415e-01  -4.1274116e-01  -8.9859011e-01  -1.0271856e+00  -1.3996793e+00  -1.3601784e+00
   2.3877603e+00   1.4944206e+00   7.9017919e-01   2.4783061e-01   4.8326865e-01   3.6380391e-01  -3.7744469e-01  -3.9259931e-01  -6.6668124e-01  -6.0389161e-01  -2.3238263e-01  -6.5192140e-01  -5.9025443e-01  -1.0011632e+00  -1.5382715e+00  -1.3518572e+00
   2.1058200e+00   1.2210533e+00   8.5479244e-01   2.7067010e-01   3.5377316e-01   4.1136427e-01  -2.8423162e-01  -4.0592305e-01  -7.0378586e-01  -7.4288619e-01  -6.4306762e-01  -3.8340595e-01  -4.6973185e-01  -1.0951858e+00  -1.1790632e+00  -1.3879946e+00
   2.0487981e+00   1.3285598e+00   1.1855856e+00   8.1563776e-01   3.9485784e-01   1.6173264e-01  -4.5235399e-01  -4.2534159e-01  -5.1981046e-01  -8.8486551e-01  -6.8187428e-01  -4.8013195e-01  -1.2364800e+00  -1.3650712e+00  -1.4237953e+00  -1.5113632e+00
   2.3676679e+00   1.4706090e+00   9.7867276e-01   4.7313913e-01   1.1853257e-01   5.0342697e-01  -4.8815223e-02  -7.9339984e-01  -6.5167982e-01  -4.1828395e-01  -4.4317080e-01  -3.6957485e-01  -8.2369837e-01  -1.2124597e+00  -1.3610358e+00  -1.2063191e+00
   2.3592422e+00   1.1425069e+00   6.5439146e-01   8.4310983e-01   2.3779344e-01   1.5021436e-01  -3.9647817e-01  -6.5941476e-01  -8.9067047e-01  -2.6941038e-01  -6.7121661e-01  -5.7683285e-01  -1.1406622e+00  -1.2738726e+00  -1.3503978e+00  -1.4184221e+00
   2.4918075e+00   1.4091633e+00   9.7508256e-01   5.4829707e-01  -2.5725591e-01   2.3355754e-01  -7.3063343e-02  -8.5406884e-01  -1.0936202e+00  -7.3478497e-01  -3.8167206e-01  -7.9354726e-01  -1.1895461e+00  -1.1984993e+00  -1.5457821e+00  -1.2634239e+00
   2.5519010e+00   1.1664824e+00   9.4304615e-01  -2.9730683e-02  -7.5817466e-02   1.4398776e-01  -2.4290566e-01  -6.4378922e-01  -4.3069772e-01  -6.1968112e-01  -4.2865433e-01  -5.8045974e-01  -1.0559117e+00  -1.1735867e+00  -1.2825034e+00  -1.1544519e+00
   1.9387814e+00   1.2564731e+00   8.3802934e-01   1.3886590e-01  -2.5542651e-01   8.0948408e-02  -8.4160506e-01  -7.2262902e-01  -7.6515968e-01  -7.2457656e-01  -2.4502289e-01  -5.2504894e-01  -8.8800308e-01  -1.1655199e+00  -1.3932755e+00  -1.2978036e+00
   1.4098901e+00   1.4128165e+00   2.6634953e-01  -1.2819684e-01  -1.0893489e-01   3.4905218e-02  -2.4964620e-01  -8.5789077e-01  -7.6597448e-01  -7.5743861e-01  -5.5665436e-01  -5.8218671e-01  -9.1585110e-01  -1.0820546e+00  -1.2612322e+00  -1.6833191e+00
   1.4426752e+00   1.1785249e+00   9.4442483e-01   2.5447959e-01   6.4900539e-02   1.8795378e-01  -9.2391011e-01  -9.9406605e-01  -9.2523452e-01  -7.9813537e-01  -3.8173413e-01  -1.3227702e-01  -1.0774182e+00  -1.3137577e+00  -1.0768612e+00  -1.4364997e+00
   1.6561113e+00   6.8212968e-01   9.4431267e-01   6.5440901e-01   3.0050494e-01  -5.3606752e-01  -4.7576291e-01  -5.6239063e-01  -5.4745426e-01  -9.3839107e-01  -9.1235484e-01  -3.5364237e-01  -6.8078527e-01  -1.0956340e+00  -1.3233401e+00  -1.3877227e+00
   2.1338913e+00   1.2199482e+00   8.1871768e-01  -4.3430590e-02   4.2708561e-01   3.1427611e-01  -1.5930798e-02  -5.8571089e-01  -5.7590462e-01  -6.4403977e-01  -5.8434213e-01  -3.9704094e-01  -7.6970168e-01  -1.1460233e+00  -1.4625243e+00  -1.3491815e+00
   2.5242217e+00   9.7516437e-01   4.2317031e-01   2.9936382e-01   1.8431543e-01   1.0813625e-01  -4.5614857e-01  -8.5673199e-01  -7.2504293e-01  -7.0555160e-01  -5.7806235e-01  -8.3412223e-01  -6.6637912e-01  -1.0107837e+00  -1.3773282e+00  -1.2134134e+00
   2.0926167e+00   6.6902778e-01   3.4416327e-01   4.9105438e-01   4.1202562e-01   1.7383422e-01  -3.3621526e-01  -7.6322691e-01  -5.5198126e-01  -3.9755619e-01  -1.5580129e-01  -6.6527035e-01  -8.2838045e-01  -1.1070132e+00  -1.1856246e+00  -1.2569873e+00
   2.1367454e+00   9.4873200e-01   8.0990872e-01   6.5296583e-01   5.3182861e-01   4.9484688e-01  -3.9088742e-01  -2.2820671e-01  -3.0937402e-01  -5.8001425e-01  -2.3380454e-01  -7.6279728e-01  -7.4740747e-01  -1.0557624e+00  -1.2776548e+00  -1.4032194e+00
   2.5037999e+00   1.5587737e+00   1.1018342e+00   1.2405396e-01   4.9115321e-01   2.2981268e-02  -3.0823013e-01  -1.9985510e-01  -3.4904997e-01  -6.6382384e-01  -6.4136182e-01  -5.6952059e-01  -8.4755521e-01  -9.6748450e-01  -1.1300796e+00  -1.3898057e+00
   2.3683358e+00   1.2698878e+00   6.0577129e-01   5.2959402e-01   3.8673442e-01   2.5987644e-01  -1.3298097e-01  -3.2375796e-01  -4.9838104e-01  -6.9129399e-01  -3.3318842e-01  -4.8480707e-01  -1.0744067e+00  -7.5829592e-01  -8.5913858e-01  -9.6858235e-01
   2.3219539e+00   1.2762628e+00   9.3450430e-01   3.3232313e-01   4.4400806e-01  -3.7881926e-02  -2.1870773e-01  -3.9030552e-01  -6.3396586e-01  -5.7740897e-01  -4.4911413e-01  -5.4261998e-01  -9.6839578e-01  -3.6971454e-01  -7.3428298e-01  -8.9706584e-01
   2.9579157e+00   2.3514157e+00   1.2683411e+00   2.6761492e-01  -1.1107152e-01  -2.2081389e-01  -3.1293957e-01  -3.1479670e-01  -3.1512686e-01  -3.6829592e-01  -1.1575313e-01  -4.8464461e-01  -8.1572517e-01  -3.3526874e-02  -2.4314529e-01  -5.3472906e-01
   2.4535249e+00   2.1140918e+00   9.6014628e-01   6.8833553e-01   5.8312370e-01  -5.5584940e-03   3.4134391e-02  -2.4270987e-01  -6.4920760e-01  -8.2851134e-01  -1.8851356e-01  -7.3558374e-01  -9.5074532e-01   3.3948325e-01  -4.2754619e-01  -1.9232405e-01
   2.0461867e+00   2.1447067e+00   1.3661545e+00   1.3593619e+00   4.5361209e-01   3.1149843e-02  -2.1037524e-01  -5.2560419e-01  -5.4410102e-01  -5.3477690e-01  -3.7970410e-01  -4.1440690e-01  -6.2848216e-01   3.3512967e-01  -2.1619216e-01  -3.7231783e-01
   2.7987074e+00   2.0040200e+00   1.3528937e+00   7.8549170e-01   2.5129912e-01   2.3313340e-01  -8.3269960e-02  -5.8088658e-01  -5.2380564e-01  -7.9285323e-01  -5.0922258e-01  -5.8834556e-01  -9.6285969e-01   2.6315387e-01   2.3086458e-01  -5.6944726e-02
   2.4031937e+00   1.6624101e+00   1.3477209e+00   9.8567977e-01   3.8457130e-01   5.9157827e-02  -6.1054390e-01  -2.8128788e-01  -3.3519541e-01  -7.4738117e-01  -3.7010328e-01  -3.6947291e-01  -4.0704621e-01   1.0846499e+00   9.4915052e-01   5.9136776e-01
   2.6098231e+00   2.0595052e+00   1.3905724e+00   9.5158130e-01  -1.5180143e-01   3.1386001e-01  -2.6832318e-01  -5.7796162e-01  -7.2033038e-01  -6.8759180e-01  -3.5985059e-01  -4.7280494e-01  -1.0932934e-01   1.2695607e+00   6.9715590e-01   4.1400414e-01
   2.9481102e+00   2.3806763e+00   1.3787851e+00   1.2521150e+00   3.9443324e-01   2.0245718e-01   3.1676410e-03  -3.1312331e-01  -7.2359543e-01  -6.9642672e-01  -3.9953626e-01  -2.1348975e-01   3.4692523e-01   1.7275804e+00   7.9134639e-01   7.0215807e-01
   2.3821723e+00   2.3793664e+00   1.8874193e+00   1.3067567e+00   3.0452395e-01   1.0297793e-01  -8.4073252e-01  -5.5097504e-01  -4.5267703e-01  -3.9198586e-02   4.8181036e-02  -8.3715373e-02   7.0294888e-01   2.2095122e+00   1.3197403e+00   1.3548638e+00
   1.9184785e+00   2.4459828e+00   1.4142007e+00   1.2775225e+00   3.1691495e-01   2.9461200e-01  -2.2489512e-01  -6.3722712e-01  -3.8861079e-01  -2.8234429e-01   1.2875025e-01  -1.4967447e-01   4.4402959e-01   1.9406671e+00   1.0548210e+00   1.3808689e+00
   2.2058248e+00   2.4346644e+00   1.4960442e+00   7.1684124e-01  -1.8041061e-01   2.0115644e-01   9.9403715e-02  -3.9837618e-01  -5.1372581e-01  -5.6854510e-01  -3.2066182e-02   1.2993962e-02   4.0005388e-01   1.7988427e+00   9.6496118e-01   9.7593321e-01
   2.2705599e+00   2.8355990e+00   1.2749388e+00   9.9722750e-01   4.4844084e-01  -2.1166781e-02  -3.0915960e-01  -6.8241913e-01  -9.0053546e-01  -3.4221911e-01   2.5519592e-01  -9.4838671e-02   5.9206237e-01   1.8045072e+00   1.0500869e+00   1.0521091e+00
   2.0372627e+00   2.3419674e+00   1.2299645e+00   6.4302185e-01   1.6299937e-01   1.6989308e-01  -9.0333710e-01  -4.0184814e-01  -4.6853334e-01  -6.5120178e-01   1.4490844e-01   1.0734125e-01   3.1767266e-01   1.7502745e+00   9.7467893e-01   1.0560160e+00
   2.0963830e+00   2.3736931e+00   1.5458261e+00   8.2279765e-01   2.0559223e-01   1.6793029e-01  -5.8321404e-01  -4.4525793e-01  -9.2559197e-01  -8.0293177e-01   2.9309195e-03  -1.7039256e-01   2.7262018e-01   1.6201801e+00   9.8294629e-01   1.1066417e+00
   3.0381684e+00   2.3921202e+00   8.7000920e-01   5.8717033e-01   2.9478876e-01  -8.5312578e-02  -8.3024263e-01  -6.6955896e-01  -6.1583862e-01  -7.0418122e-01  -5.9156198e-02  -2.6988600e-01   3.8202388e-01   1.6045492e+00   8.2349954e-01   6.8297830e-01
   2.4031928e+00   2.1611645e+00   1.2753097e+00   2.5521731e-01   1.9112054e-01   4.1390823e-01  -5.9393428e-01  -5.4453469e-01  -9.6561256e-01  -5.4401295e-01   1.7659434e-02  -3.4625540e-01   2.4221348e-01   1.4567982e+00   6.3728789e-01   6.4088206e-01
   1.9179206e+00   1.7818295e+00   1.5254613e+00   8.9143064e-01   2.2126486e-01  -1.3648398e-01  -6.9961483e-01  -2.1248769e-01  -4.8764273e-01  -4.7267846e-01  -4.8276437e-02  -9.3160280e-02  -2.1543803e-01   9.8498165e-01   4.5707306e-01   5.5506823e-01
   2.5039596e+00   1.7473204e+00   1.5452030e+00   7.2199167e-01   4.2842112e-01   1.2569286e-01   6.4002512e-02  -2.9559508e-01  -7.9134486e-01  -5.2893852e-01  -3.6226064e-01  -4.7141483e-01  -4.4059454e-01   5.0877794e-01   1.5203102e-01   4.5976490e-01
   1.8243278e+00   1.5237347e+00   1.3441338e+00   5.9012897e-01   2.4510794e-01   1.4176996e-01  -3.6284713e-01  -4.4123747e-01  -6.2386535e-01  -3.0487831e-01  -3.9110546e-01  -5.1293319e-01  -5.7124724e-01   4.3068749e-01   2.1368410e-01   5.1455794e-01
   2.0703587e+00   1.2028175e+00   1.2255764e+00   1.0127346e+00   4.4397205e-01   1.0286403e-01  -7.6904946e-01  -4.3104209e-01  -2.5802214e-01  -5.6408390e-01  -1.4923575e-01  -4.7579726e-01  -4.9213667e-01  -9.7334084e-02  -2.3868611e-01   1.8450241e-01
   2.1269685e+00   1.5704472e+00   1.4970565e+00   8.6248927e-01   4.7341315e-01   1.7302418e-01  -8.5771528e-01  -6.7827813e-01  -3.7962605e-01  -7.5644313e-01  -3.6875378e-01  -4.9948745e-01  -4.6492802e-01   5.5446596e-02   1.4921066e-01   3.2115877e-01
   2.3539553e+00   1.8770027e+00   1.1228493e+00   5.3577129e-01   3.6461694e-02   1.6305325e-01  -5.3780317e-01  -4.9672087e-01  -5.7473182e-01  -5.9495545e-01  -4.9999304e-01  -8.1361681e-01  -6.7254925e-01  -3.4292370e-01  -7.6262754e-02   1.7636975e-01
   2.6034595e+00   2.1150752e+00   1.1910837e+00   4.4136654e-01   3.0559792e-01   2.9711644e-01  -1.5453693e-01  -7.6257632e-01  -5.9302173e-01  -6.1574790e-01  -5.3443310e-01  -8.2371414e-01  -1.0396453e+00  -6.4396650e-01  -2.0904568e-01   1.8177221e-01
   1.9544620e+00   1.7736195e+00   6.4099600e-01   3.7832279e-01   6.1841366e-01   4.7144474e-01   1.3753620e-02  -6.4243350e-01  -3.3127065e-01  -3.7878853e-01  -4.7229886e-01  -4.0714872e-01  -9.4383971e-01  -7.0778848e-01  -2.4906357e-02  -4.9894064e-02
   2.2007212e+00   1.8437170e+00   2.1784242e-01   1.8491226e-01   5.9826975e-03   4.2721567e-01  -1.4673947e-01  -1.3266719e-01  -6.3363783e-01  -6.1304616e-01  -3.5976176e-01  -5.0320565e-01  -9.6024552e-01  -5.4573860e-01  -8.4817494e-02   4.8053837e-02
   1.5887546e+00   1.2821068e+00   6.5121532e-01   3.8418851e-01   4.5413562e-01   9.6946306e-02  -1.7544145e-01  -5.0480811e-01  -1.0098894e+00  -8.2306893e-01  -5.6146846e-01  -7.6640817e-01  -8.2948469e-01  -7.8985834e-01  -4.8406328e-01  -7.3207007e-01
   2.1172600e+00   1.6653828e+00   5.5773659e-01   4.0207989e-01   1.4559862e-01   2.9159253e-01  -9.1921419e-02  -6.1791505e-01  -8.8472507e-01  -5.0796339e-01  -2.7981459e-01  -7.2614140e-01  -6.9437743e-01  -1.2073837e+00  -9.3668276e-01  -6.2234423e-01
   2.1880842e+00   1.6857444e+00   6.2221209e-01   3.6916143e-01  -7.9148742e-02   1.0640567e-01  -3.4338607e-01  -8.0798044e-01  -5.8234963e-01  -7.5648778e-01  -4.3220858e-01  -5.4821776e-01  -8.7315399e-01  -1.3296381e+00  -1.0850470e+00  -1.0046963e+00
   2.5066094e+00   1.7186926e+00   8.5664754e-01   2.1858273e-01  -6.8966855e-02   1.2861610e-01  -3.9508937e-01  -5.1505301e-01  -6.4197627e-01  -6.3998564e-01  -8.6188292e-01  -8.2924041e-01  -1.0703479e+00  -1.2277776e+00  -1.2803449e+00  -1.2349461e+00
   1.9627828e+00   1.4517197e+00   9.9181520e-01   3.7773750e-01  -6.2064138e-03   1.4157198e-01  -1.2995236e-01  -1.3935138e-01  -5.0566760e-01  -5.4018007e-01  -5.1908606e-01  -6.6174198e-01  -7.5879472e-01  -1.2185374e+00  -1.5163971e+00  -1.2213057e+00
   2.1131902e+00   9.6321906e-01   3.9061952e-01   2.9383196e-01  -3.8373181e-02  -4.0378883e-01  -3.0138254e-01  -6.7440708e-01  -7.9539134e-01  -4.7812440e-01  -2.8196287e-01  -7.1467530e-01  -8.0033857e-01  -1.0715169e+00  -1.1896856e+00  -1.1403447e+00
   2.7084743e+00   1.7422808e+00   1.0730206e+00   8.3755225e-01   4.4702225e-01  -1.6402335e-01  -8.8630885e-01  -8.2176111e-01  -8.6293555e-01  -1.6082717e-01  -5.2655745e-01  -8.2644316e-01  -8.8675162e-01  -1.0158999e+00  -1.4073478e+00  -1.5363898e+00
   2.2471964e+00   1.4701124e+00   6.0300892e-01   7.9167486e-01   4.6866347e-01   1.8455781e-01  -3.6288736e-01  -7.3651349e-01  -7.3008164e-01  -7.7114978e-01  -3.1588879e-01  -3.7824490e-01  -5.8487846e-01  -1.0573835e+00  -1.5589324e+00  -1.4415773e+00
   2.0623686e+00   1.1139179e+00   7.9751569e-01   6.3154261e-01   3.0942084e-01   2.4429360e-02  -9.8149326e-02  -4.3358031e-01  -7.2209554e-01  -7.1304286e-01  -1.9494145e-01  -2.0151651e-01  -7.9984673e-01  -1.1359760e+00  -1.5575013e+00  -1.8158551e+00
   2.7314846e+00   1.6875862e+00   8.1774176e-01   2.7000818e-01   1.5225818e-01   8.6526141e-02  -2.7075694e-01  -7.2675970e-01  -6.9169834e-01  -5.9041883e-01  -3.8663593e-01  -7.3422815e-01  -8.0949219e-01  -1.1567930e+00  -1.5422802e+00  -1.5609089e+00
   2.5590260e+00   1.8409646e+00   1.1573108e+00   9.4735531e-01   2.6401313e-01   1.3538168e-01  -2.7103032e-01  -6.5080229e-01  -5.5476048e-01  -2.6060301e-01  -3.0682193e-01  -6.6095374e-01  -8.5938940e-01  -1.2420085e+00  -1.5107754e+00  -1.5288365e+00
   2.3262806e+00   1.5018229e+00   7.7860807e-01   9.2981128e-01   4.2978792e-01   2.0983028e-01  -3.9307424e-01  -3.4785356e-01  -5.1108114e-01  -6.0214750e-01  -2.9290582e-01  -5.7927891e-01  -9.3226793e-01  -9.5338880e-01  -1.2543053e+00  -1.3146138e+00
   2.9134417e+00   1.2855086e+00   1.1266989e+00   6.6016883e-01   1.9984887e-01   5.6790290e-01  -2.8052103e-01  -4.3508757e-01  -6.9263369e-01  -8.9740391e-01  -3.5410588e-01  -5.5342891e-01  -1.1193708e+00  -1.2731863e+00  -1.5058120e+00  -1.6808293e+00
   2.5748748e+00   1.2174681e+00   5.8439792e-01   5.2286725e-01   1.2394039e-01   7.1879704e-02  -4.6638420e-01  -6.4148762e-01  -4.7656648e-01  -5.8245712e-01  -5.3318542e-01  -6.2926505e-01  -1.3588041e+00  -1.6208236e+00  -1.6177222e+00  -1.5940861e+00
   2.6273838e+00   2.1804364e+00   1.2791809e+00   5.3462749e-01   3.2683133e-01  -1.7389376e-01  -1.3417815e-01  -1.6082949e-01  -4.7125162e-01  -4.4341789e-01  -3.7390278e-01  -9.4722464e-01  -9.6327563e-01  -1.4970450e+00  -1.5248546e+00  -1.5166982e+00
   2.6416050e+00   1.7615238e+00   1.1323826e+00   3.9865394e-01   2.6206395e-01   3.3264745e-01  -2.2073332e-01  -5.5205007e-01  -6.0416268e-01  -6.0747619e-01  -4.5901597e-01  -7.9863235e-01  -9.4685692e-01  -1.2812824e+00  -1.5249678e+00  -1.4643093e+00
   2.1229542e+00   1.3097404e+00   7.1119956e-01   6.7472054e-01   7.7951066e-01   2.3848653e-01  -3.1277641e-01  -7.2060245e-01  -7.9525914e-01  -5.5616268e-01  -4.1328999e-01  -5.3096758e-01  -8.2682741e-01  -1.1670026e+00  -1.3378712e+00  -1.3001987e+00
   2.4111973e+00   1.5552240e+00   6.6181375e-01   4.3625037e-01   1.6775402e-01  -2.8146558e-01  -4.9419284e-01  -8.4542473e-01  -1.1393701e+00  -8.9334217e-01  -8.9704232e-01  -6.7417162e-01  -1.1112014e+00  -1.3264051e+00  -1.5743457e+00  -1.4517141e+00
   2.7453484e+00   1.7782814e+00   4.2831354e-01   3.8526291e-01   2.8172641e-01   3.4389249e-01  -1.1247599e-01  -6.0856129e-01  -7.6008575e-01  -4.8825941e-01  -7.2209120e-01  -6.3368880e-01  -1.0423803e+00  -1.1357262e+00  -1.5221362e+00  -1.5315557e+00
   2.1293985e+00   1.3696297e+00   3.5694863e-01   2.9736604e-01   3.3130616e-01   3.7343825e-01  -1.1870912e-02  -7.4397856e-01  -6.6036706e-01  -5.9399772e-01  -6.2538005e-01  -7.6342420e-01  -9.8406548e-01  -1.0929483e+00  -1.3354577e+00  -1.6464019e+00
   2.2699499e+00   1.7830381e+00   9.0314080e-01   3.4345673e-01   5.5744243e-01   8.3917012e-01  -5.3999365e-02  -4.4052685e-01  -8.2859914e-01  -9.3569412e-01  -5.7552578e-01  -5.8732824e-01  -7.9832501e-01  -1.0912192e+00  -1.2844576e+00  -1.4337243e+00
   2.7932749e+00   1.3389985e+00   5.3586359e-01   2.2309133e-01   5.1811166e-01   6.0963652e-01  -1.3663752e-02  -5.9720699e-01  -9.9341647e-01  -5.8226222e-01  -6.1441499e-01  -6.1881614e-01  -9.2358042e-01  -1.1615070e+00  -1.4556292e+00  -1.4881602e+00
   2.0826352e+00   1.9490882e+00   7.2686312e-01   4.0075315e-01   8.6402880e-02   2.4209004e-01  -1.5135434e-01  -4.4431904e-01  -4.3705986e-01  -7.3739567e-01  -5.6033788e-01  -5.2154803e-01  -9.3843959e-01  -1.1009050e+00  -1.1780020e+00  -1.2368703e+00
   2.3570467e+00   1.8711970e+00   1.2369188e+00   6.4771693e-01  -1.1095596e-01   2.0287413e-01   2.6069725e-01  -3.0454135e-01  -7.3775974e-01  -7.2847864e-01  -4.2341079e-01  -6.0412751e-01  -1.2301115e+00  -1.3504026e+00  -1.4067158e+00  -1.3512570e+00
   2.3826972e+00   2.0227295e+00   4.1250479e-01   7.8828095e-01   5.9810264e-01   2.1574670e-01  -4.5729107e-01  -5.9096681e-01  -8.5408770e-01  -9.0702047e-01  -6.5547505e-01  -6.4789254e-01  -1.2681692e+00  -1.3770687e+00  -1.5385331e+00  -1.4065681e+00
   2.3219609e+00   2.0983899e+00   6.6472602e-01   2.8744381e-01   5.6956190e-01   3.0107664e-01  -4.1138756e-01  -5.0536245e-01  -4.4119323e-01  -6.3471046e-01  -4.2998813e-01  -8.0747657e-01  -1.0908454e+00  -1.3694956e+00  -1.3112318e+00  -1.3929765e+00
   2.0351201e+00   1.0419067e+00   2.6446087e-01   6.0154500e-01   3.0119366e-01   1.6044614e-01  -4.5604517e-01  -7.8798128e-01  -7.1460749e-01  -7.4858149e-01  -3.1551801e-01  -4.3662327e-01  -8.9827127e-01  -1.2466444e+00  -1.1584994e+00  -1.2722675e+00
