   3.6471254e+00   2.4701323e+00   2.0445653e+00   1.6140699e+00   1.2150352e+00   1.3077080e+00   8.9648391e-01   5.9879595e-01   4.3102779e-01   3.5474138e-01   1.5511794e-01  -1.2853405e-01   2.8523503e-03  -3.6432667e-01  -7.7340389e-01  -7.6060394e-01
   3.2679079e+00   2.3889017e+00   1.5154599e+00   1.1750269e+00   1.4201847e+00   1.3030395e+00   8.0261236e-01   6.6078935e-02   2.9851831e-01   4.3854127e-01  -4.3473282e-02   2.1811729e-02  -3.2941528e-01  -6.0850897e-01  -5.5884266e-01  -9.7569860e-01
   3.4634685e+00   2.3906916e+00   1.4612657e+00   1.5038254e+00   1.5561271e+00   1.2743264e+00   8.9864043e-01   5.7088632e-01   4.2580916e-01   4.7431131e-01   2.6025778e-01   3.5504378e-02  -1.3252179e-01  -4.1995841e-01  -4.9154548e-01  -6.7238689e-01
   3.4539260e+00   2.9597863e+00   1.6496014e+00   1.6080478e+00   1.2046910e+00   7.0763433e-01   5.7186673e-01   8.2754850e-01   3.4856417e-01   2.2297279e-01   1.7689611e-01  -5.6505153e-02  -2.6775076e-01  -5.3806057e-01  -5.9548653e-01  -1.0328977e+00
   3.3288944e+00   2.9806851e+00   1.6717602e+00   1.9580943e+00   1.6978536e+00   8.2871843e-01   1.0407367e+00   5.9833858e-01   5.8438047e-01   4.6582204e-01   3.1651032e-01  -3.2387133e-02  -7.0679912e-02  -6.0036201e-01  -7.9303202e-01  -9.7162356e-01
   3.0616998e+00   2.5693596e+00   1.8395210e+00   1.7500960e+00   1.7062958e+00   9.1669559e-01   8.0856260e-01   2.4075244e-01   3.3369019e-01   5.0419252e-01  -2.4795681e-02   9.5853961e-02  -3.6498756e-01  -7.0889198e-01  -1.0627734e+00  -1.1130827e+00
   3.0345483e+00   2.4200792e+00   2.2491096e+00   1.3957007e+00   1.2593786e+00   9.8052471e-01   1.0644415e+00   6.1130335e-01   5.8968410e-01   3.9245120e-01   1.8562572e-01   2.2586593e-01  -2.5831229e-01  -7.3216535e-01  -8.7541171e-01  -1.1761134e+00
   3.5966227e+00   3.2503139e+00   2.1022803e+00   1.5603197e+00   1.4650538e+00   1.3187892e+00   1.2100826e+00   7.0925280e-01   4.1980503e-01   2.5927382e-01   5.2894579e-02  -3.3101594e-02  -2.2986753e-01  -8.6118886e-01  -7.9865860e-01  -1.3907387e+00
   3.7078722e+00   3.1504246e+00   2.4376768e+00   1.4140185e+00   1.4556383e+00   1.1657522e+00   5.7675535e-01   4.3816213e-01   2.3668369e-01   3.5953554e-01   5.2731707e-02  -4.4526906e-02  -5.0837637e-01  -4.2427592e-01  -5.1023131e-01  -7.7367687e-01
   3.4921870e+00   2.3007333e+00   1.8362490e+00   1.7447114e+00   1.6544117e+00   1.0046115e+00   6.0902804e-01   4.5069905e-01   5.5028922e-01   1.5238605e-01   2.5695227e-01   2.2154399e-01  -1.3067848e-01  -3.6748173e-01  -4.6992394e-01  -4.4529819e-01
   3.2825619e+00   2.4770583e+00   1.9311929e+00   1.0810483e+00   1.4653844e+00   1.5598268e+00   8.2290372e-01   3.4961699e-01   4.1763232e-01   4.9537131e-01   6.2367407e-02  -1.6091798e-01  -1.6078619e-01  -6.8838865e-01  -9.8243487e-01  -9.7094013e-01
   3.2415579e+00   2.3587047e+00   2.1561257e+00   1.8889096e+00   1.5645249e+00   1.1936250e+00   4.5583126e-01   7.7202584e-01   3.4477377e-01   1.7205611e-01   4.2182920e-02  -7.6681661e-02  -4.3888809e-01  -8.0525908e-01  -8.0616307e-01  -1.1709209e+00
   3.0895207e+00   2.1646515e+00   1.7389253e+00   1.3252677e+00   1.2422607e+00   1.3853282e+00   9.0139852e-01   4.5175799e-01   2.6106586e-01   4.6139686e-01  -8.9431726e-03  -1.0935409e-01  -1.8060821e-01  -6.9812258e-01  -8.1273587e-01  -9.1106527e-01
   3.7007217e+00   3.2270121e+00   2.0648165e+00   1.8311116e+00   1.2094762e+00   1.0147796e+00   5.5994964e-01   6.0974303e-01   3.4387444e-01   4.7482467e-01   1.7087420e-02  -1.7625878e-01  -5.0528835e-01  -7.2720824e-01  -8.5100287e-01  -9.4591207e-01
   3.2160951e+00   2.8320072e+00   1.5450233e+00   1.0129920e+00   1.1358829e+00   1.4230046e+00   6.0267849e-01   6.4105715e-02   3.9336363e-01   9.2707031e-02   3.0202944e-01   5.9796512e-02  -4.3920737e-01  -6.3573824e-01  -5.6855406e-01  -1.0009948e+00
   3.2551101e+00   2.6197298e+00   2.2956814e+00   1.5665621e+00   1.3467126e+00   1.5358701e+00   9.4874462e-01   5.3026622e-01   5.0588722e-01   3.1894752e-02   1.1748325e-01  -2.8470465e-01  -2.9992427e-01  -6.0130966e-01  -5.5134490e-01  -9.4355057e-01
   3.7873751e+00   2.8416463e+00   2.1419362e+00   1.7150811e+00   1.7036087e+00   1.5320523e+00   1.0067320e+00   8.9694817e-01   6.1695932e-01  -1.6974727e-01  -3.6803108e-01  -3.1835724e-01  -4.3201737e-01  -8.0062815e-01  -8.9189945e-01  -9.3763200e-01
   3.3636617e+00   2.8144476e+00   2.4604529e+00   1.3275774e+00   1.9380975e+00   1.5585897e+00   8.5346549e-01   2.2760319e-01   3.6981240e-01   4.6342585e-01  -5.6549138e-02  -1.2373969e-01  -3.1217872e-01  -6.6224907e-01  -7.0544323e-01  -9.5622138e-01
   3.3681964e+00   2.5081040e+00   1.8865170e+00   1.9259472e+00   1.2797865e+00   1.3399637e+00   8.5684094e-01   6.0940196e-01   8.1026899e-01   4.3993754e-01  -7.0303897e-02  -1.1108657e-01  -3.5252100e-01  -8.2791211e-01  -1.1105092e+00  -1.2214803e+00
   3.4971006e+00   2.3241677e+00   1.7257984e+00   1.2373324e+00   1.4081377e+00   1.1406281e+00   5.1066431e-01   3.8828960e-01   4.3677523e-01   5.6593718e-01   1.2605364e-01  -1.0299025e-01  -2.8255416e-01  -8.1332538e-01  -9.2004214e-01  -1.1738430e+00
   3.6045799e+00   2.6885651e+00   1.4939795e+00   1.3444298e+00   1.1265424e+00   1.6379779e+00   1.2326965e+00   6.6859741e-01   3.7881914e-01   5.5114954e-01   3.3774453e-01   1.2008837e-01   1.1708333e-01  -1.2228513e-01  -3.4767968e-01  -3.6893007e-01
   3.8934320e+00   2.9036941e+00   1.6983428e+00   9.2504224e-01   6.4266951e-01   1.4455810e+00   8.6674301e-01   4.6554075e-01   1.3391110e-02   3.8850016e-01   2.1116582e-03  -1.5859761e-01  -3.6126664e-01  -5.7785747e-01  -8.6765267e-01  -1.2880314e+00
   3.5947360e+00   2.9884082e+00   1.8423276e+00   1.0167335e+00   1.2202190e+00   1.4042159e+00   8.8834134e-01   4.2934402e-01   2.1425262e-01   4.4493051e-01  -6.1008058e-02  -3.0549010e-01  -1.7803165e-01  -5.2121398e-01  -7.6784116e-01  -7.1300340e-01
   3.6215687e+00   2.4700443e+00   1.7287250e+00   1.7202096e+00   1.2950726e+00   1.1033725e+00   3.8071174e-01   3.2721123e-01   8.3608870e-02   1.6768286e-01  -1.3140222e-01  -1.8050859e-01  -3.9257124e-01  -7.3439284e-01  -9.7117841e-01  -1.1199532e+00
   3.3707173e+00   2.6890087e+00   2.1826864e+00   1.7786852e+00   1.5155658e+00   1.5608939e+00   1.0841361e+00   5.8127842e-01   5.3816033e-01   4.4776699e-01  -5.8551766e-02   2.4666346e-01   3.6324495e-03  -6.2529923e-01  -7.5830261e-01  -9.0340101e-01
   3.0739032e+00   2.5670180e+00   1.8536960e+00   1.3109775e+00   1.3108239e+00   1.2279419e+00   6.2931130e-01   2.1345366e-01   1.3403086e-01   1.7268560e-01   2.4141339e-02  -8.4935630e-02  -2.2570310e-01  -7.2798718e-01  -7.8194083e-01  -9.9366155e-01
   2.2878791e+00   2.3896452e+00   1.6880713e+00   1.3393261e+00   1.3028447e+00   1.2554160e+00   6.2808768e-01   7.8633805e-01   4.6898455e-01   3.5624070e-01   1.7249143e-01   5.2333595e-02  -1.7485785e-01  -3.8987326e-01  -4.9492282e-01  -4.5912888e-01
   3.4758618e+00   2.9152661e+00   2.1862111e+00   1.1742311e+00   1.0981212e+00   1.1066790e+00   9.3682436e-01   7.0533789e-01   3.3250317e-01   8.3155617e-02  -1.0074434e-01  -1.3780367e-02  -2.5896396e-01  -9.0600940e-01  -1.0187369e+00  -9.2000993e-01
   3.4332698e+00   2.6715155e+00   1.9403840e+00   1.3914070e+00   1.4957242e+00   1.4497710e+00   9.4195445e-01   4.2361636e-01   6.4169475e-01   2.7211620e-01  -1.2791056e-01   1.7996432e-01   9.9501755e-03  -3.0292121e-01  -6.2797176e-01  -6.7792559e-01
   3.5168608e+00   2.1468786e+00   1.7534176e+00   1.4894009e+00   1.4408638e+00   1.1568152e+00   4.7665316e-01   6.4646576e-01   5.0323882e-01   3.7188411e-01   4.0958719e-01   2.4431887e-01  -6.6787601e-03  -5.6619214e-01  -7.8643770e-01  -1.1098900e+00
   3.2859605e+00   2.1912684e+00   2.0636034e+00   1.2642672e+00   1.1864506e+00   1.1111302e+00   5.3549005e-01   6.8739646e-01   7.0870930e-01   5.3756730e-01   3.1021177e-01   1.3342168e-01  -6.7811666e-01  -6.8806843e-01  -6.4292195e-01  -1.2275184e+00
   2.8798688e+00   2.3226053e+00   2.0131233e+00   1.4082205e+00   1.3928954e+00   1.0145979e+00   8.6030227e-01   6.3022237e-01  -5.2132680e-02   1.4418470e-01   3.4948106e-01   8.4316637e-02   4.1734586e-02  -7.8555183e-01  -8.3310174e-01  -8.0800384e-01
   3.4944525e+00   2.9235207e+00   1.5973952e+00   1.2640620e+00   1.2296582e+00   9.9485012e-01   9.7636225e-01   8.4271963e-01   7.8016280e-01   6.1389749e-01   3.5594479e-01   2.7181364e-01  -6.3238510e-02  -1.3002940e-01  -9.7384222e-02  -8.3624283e-01
   3.1211956e+00   3.0584755e+00   2.3944788e+00   1.5207325e+00   1.2603587e+00   1.2504625e+00   1.2241613e+00   8.7691225e-01   1.1377303e+00   1.0031564e+00   1.2181166e+00   1.0116418e+00   5.0638584e-01   7.4092017e-01   1.0289808e+00   2.9844156e-02
   3.7025066e+00   3.5551134e+00   2.8375742e+00   1.4743424e+00   9.5891680e-01   9.2032413e-01   8.9330760e-01   4.8016805e-01   5.6494170e-01   8.6184019e-01   1.3843418e+00   1.3286006e+00   6.2146296e-01   9.9382061e-01   1.1201525e+00  -3.1894919e-01
   3.6039309e+00   3.2669149e+00   2.5269969e+00   1.8601890e+00   8.5629247e-01   1.3933009e+00   1.0881247e+00   3.2501693e-01   6.4876304e-01   8.8550833e-01   7.6658865e-01   9.7379700e-01   6.2887829e-01   9.2298588e-01   1.0922305e+00  -3.8839615e-01
   3.1155442e+00   2.7522294e+00   2.8668497e+00   2.1423771e+00   1.5069630e+00   1.3900817e+00   1.0681263e+00   4.3675805e-01   3.7287907e-01   5.8385443e-01   6.9985309e-01   7.3186672e-01   3.8401584e-01   8.5485342e-01   9.9170991e-01  -3.7088153e-01
   3.9936230e+00   3.4480406e+00   2.1643177e+00   1.6700457e+00   6.8612093e-01   8.1387281e-01   2.3931152e-01   3.6712387e-01   1.8998598e-01   3.7171538e-01   3.3589582e-01   5.3559997e-01   5.0264395e-01   1.0335043e+00   9.5105910e-01  -4.0350791e-01
   3.7906858e+00   3.4227570e+00   2.2778092e+00   1.2785651e+00   3.6713416e-01   8.5173010e-01   8.6217051e-01   6.5420897e-01   4.0645323e-01   3.9651500e-01   5.6022629e-01   8.5334367e-01   8.2477250e-01   1.1961046e+00   1.1868815e+00  -3.3981048e-01
   3.6980979e+00   3.1753018e+00   1.9906695e+00   1.4516842e+00   8.7489264e-01   8.6953735e-01   6.8376478e-01   6.3933884e-01   3.3565343e-01   2.8193932e-01   6.4778902e-01   8.9163393e-01   6.8113404e-01   1.1636639e+00   1.1564236e+00  -4.7938150e-01
   3.7518248e+00   3.6260653e+00   2.6622442e+00   1.5489759e+00   1.2913256e+00   9.3091977e-01   3.2478344e-01   7.0860495e-01   5.5871257e-01   1.2597956e-01   7.1503822e-01   7.7801119e-01   7.2861672e-01   1.2105131e+00   1.1352789e+00  -4.7246131e-01
   3.3219912e+00   3.0080252e+00   2.4678398e+00   1.8870584e+00   1.5704765e+00   1.4675550e+00   6.2562954e-01   4.7141969e-01   5.0369027e-01   2.8972140e-01   4.5395191e-01   7.3670515e-01   6.9528792e-01   1.1963813e+00   1.1266148e+00  -5.7187851e-01
   3.2594246e+00   2.7280408e+00   1.8899489e+00   1.5930063e+00   1.3084751e+00   1.4702803e+00   9.6365843e-01   5.6282148e-01   3.3666677e-01   4.0528824e-01   4.7447936e-01   3.5405558e-01   3.0315242e-01   1.1102056e+00   9.4040434e-01  -4.7272912e-01
   3.4895967e+00   2.6729231e+00   2.0307935e+00   1.2663176e+00   1.2317703e+00   1.1448668e+00   3.6570088e-01   3.0983238e-01   7.1289180e-01   3.6648668e-01   3.2572056e-01   5.8429693e-01   3.8136366e-01   9.1503711e-01   7.5458545e-01  -6.2967068e-01
   3.6724979e+00   2.9708417e+00   2.6404515e+00   1.5990082e+00   9.1639667e-01   9.5777568e-01   6.8398393e-01   4.7928460e-01   7.1862531e-01   2.2108170e-01   1.5061814e-01   4.0661195e-01   1.7888555e-02   8.5484640e-01   7.4868188e-01  -8.3030140e-01
   3.4035097e+00   2.9411698e+00   2.1620537e+00   1.5292977e+00   1.2956239e+00   9.3189568e-01   6.1669437e-01   4.7652257e-01   5.0856770e-01   1.8352420e-01   1.9160458e-01   4.7463803e-01   2.4084939e-01   8.9150833e-01   7.6690718e-01  -4.7459748e-01
   3.2929513e+00   2.5883713e+00   2.3635460e+00   1.5606293e+00   1.3441134e+00   1.5184002e+00   9.2183016e-01   7.5634004e-01   4.9378198e-01   3.7931837e-01   3.6339208e-01   2.7076192e-01   6.4071289e-02   7.0426636e-01   6.2695885e-01  -3.8166115e-01
   3.9491581e+00   3.1004612e+00   2.1086405e+00   1.7396616e+00   1.5726984e+00   1.3805587e+00   9.4341502e-01   3.9031152e-01   3.9927022e-01   5.5882188e-01   1.8772044e-01   1.9382798e-01   3.1001436e-01   7.5552959e-01   6.1301594e-01  -6.4449726e-01
   2.8957993e+00   2.4723882e+00   1.4908800e+00   1.4638174e+00   1.2249634e+00   1.5212520e+00   1.1518747e+00   5.4040088e-01   7.0229557e-01   3.6765901e-01   5.4220385e-01   4.3554633e-01   1.8327565e-01   8.4521975e-01   6.4423480e-01  -6.6107046e-01
   2.8406655e+00   2.3415636e+00   2.1402620e+00   1.0713315e+00   1.5163563e+00   1.5850045e+00   8.2778198e-01   7.7611001e-01   6.5562750e-01   2.5799738e-01   4.0265195e-01   3.7708720e-02  -5.5853365e-02   8.2029675e-01   7.4985218e-01  -7.1805708e-01
   3.7832852e+00   2.8774798e+00   2.2317385e+00   1.6232172e+00   1.3110427e+00   1.4685661e+00   8.0151874e-01   3.5507179e-01   5.2561115e-01   3.6728720e-01  -4.5100520e-03   4.2146812e-02  -1.8790301e-01   7.3751263e-01   7.0994889e-01  -5.5029703e-01
   3.9537828e+00   2.8576628e+00   2.1628692e+00   1.2872741e+00   1.2894518e+00   1.3116831e+00   9.7730550e-01   8.7461791e-01   6.8090116e-01   2.9820420e-01  -3.2252352e-01  -1.5351202e-01  -2.6716714e-01   6.1228034e-01   6.9493541e-01  -5.1496004e-01
   2.9572954e+00   2.5973299e+00   2.3262845e+00   1.5293201e+00   1.2736445e+00   8.4426540e-01   6.7792460e-01   5.8676012e-01  -1.4706215e-01   2.7698733e-01   8.0724037e-03   1.8574948e-01  -2.8847971e-01   6.4854897e-01   6.1592849e-01  -6.2620936e-01
   3.2744583e+00   3.0694423e+00   2.3451149e+00   1.4524831e+00   1.3468058e+00   8.6239725e-01   6.3598919e-01   5.2268433e-02   4.6137092e-01   3.5088639e-01   1.4618806e-02   1.9786112e-03  -4.1755177e-03   1.0168513e-01  -1.1233329e-01  -9.7749025e-01
   3.3831836e+00   2.6328961e+00   2.4042293e+00   1.4329456e+00   1.1017833e+00   1.0385246e+00   5.7157216e-01   7.5596328e-02   5.7902082e-01   6.4800107e-01   3.1093110e-01   1.1193654e-01  -2.4447475e-01  -1.0274893e-01  -1.8558603e-01  -8.7049243e-01
   3.5606280e+00   2.9644946e+00   1.7228172e+00   1.8956575e+00   1.3799713e+00   1.0221545e+00   5.1225864e-01   4.0282478e-01   5.0748478e-01   6.3319445e-01   5.1902418e-01   3.3028721e-01   1.8836394e-02   6.1477307e-02  -1.7019046e-01  -9.3973021e-01
   3.3891532e+00   2.9161348e+00   1.6887358e+00   1.3595729e+00   1.2979228e+00   1.0182036e+00   3.3451592e-01   3.4145833e-01   2.1327972e-01   3.6076781e-01   7.7038289e-01   7.6255164e-01   3.8920701e-02  -3.8923595e-01  -2.7803523e-01  -9.2657415e-01
   3.5258351e+00   2.6124209e+00   1.9953194e+00   8.5206380e-01   1.4155013e+00   1.0380620e+00   1.0206010e+00   7.2731179e-01   4.6408172e-01   1.0509066e-01   6.8154886e-02   2.1747888e-01  -1.7455958e-01  -3.9897781e-01  -7.2384534e-01  -9.9930077e-01
   3.2212551e+00   2.8416856e+00   1.9477176e+00   1.1705819e+00   1.1744610e+00   1.2597744e+00   7.0617137e-01   5.4420677e-01   6.3435594e-01   3.4180123e-01   1.1804894e-01   2.2737860e-02  -4.3660632e-01  -4.9142470e-01  -6.8524393e-01  -9.1753100e-01
   3.3023561e+00   2.8799854e+00   1.9322881e+00   1.2916887e+00   1.0139604e+00   1.1716501e+00   7.6807475e-01   5.9283073e-01   6.2612910e-01   3.7972471e-01   1.4246509e-01   4.6480259e-02  -3.6158646e-01  -6.2232909e-01  -6.5965758e-01  -1.0186351e+00
   3.8773327e+00   2.9823570e+00   1.1831946e+00   6.6180171e-01   1.4051288e+00   1.0541071e+00   7.5964882e-01   6.1938715e-01   2.8862622e-03   2.2070236e-01   1.3537766e-01  -2.0047076e-02  -4.5740358e-01  -8.1703453e-01  -8.0429675e-01  -1.1974524e+00
   3.2615749e+00   2.6957550e+00   1.5157857e+00   1.1230664e+00   1.4469063e+00   1.2642472e+00   6.4410113e-01   5.1340551e-01   2.9968343e-01   2.6733504e-01   1.8182617e-02   1.2389688e-01  -1.3969315e-01  -5.2269375e-01  -5.0084209e-01  -5.9200404e-01
   3.4857586e+00   2.8749871e+00   1.7182764e+00   1.2988780e+00   1.7605883e+00   1.2537650e+00   8.1176344e-01   6.9740984e-01   3.0007017e-01   4.3254699e-01   9.6800813e-02   1.0616495e-01  -3.0169852e-01  -6.4026758e-01  -1.0422918e+00  -1.3176701e+00
   3.2836330e+00   2.6731882e+00   2.0846892e+00   1.6252120e+00   1.3486227e+00   1.1864472e+00   2.4750683e-01  -5.3838170e-02   2.5336929e-02   1.0320419e-01  -2.8351372e-02   4.6149915e-02  -7.0057853e-02  -6.9425732e-01  -9.4095463e-01  -1.1563865e+00
   2.7422238e+00   2.4622858e+00   2.4514603e+00   1.7168936e+00   1.2140869e+00   1.1643287e+00   7.3774707e-01   9.3380250e-02   3.8362220e-01   4.5438002e-01   2.2657068e-01  -7.9319641e-02  -2.8453872e-02  -8.4472412e-01  -9.8606635e-01  -1.0730955e+00
   2.8496589e+00   2.3775189e+00   2.5259950e+00   1.9693684e+00   1.1259572e+00   1.2427939e+00   4.2045619e-01   1.5780634e-01   5.2363124e-01   3.6936275e-01   2.2904906e-01  -2.2234381e-02  -3.6803115e-01  -7.3953143e-01  -9.3628847e-01  -1.1118556e+00
   3.5284388e+00   1.9102654e+00   1.5413565e+00   1.7634252e+00   1.3194929e+00   7.0432026e-01   6.9131739e-01   7.5097308e-01   8.3096624e-01   5.8070336e-02  -1.3711230e-01   2.2068045e-01  -2.6752943e-01  -7.2035162e-01  -1.0505399e+00  -1.1904568e+00
   3.7120431e+00   2.6529159e+00   1.6497422e+00   1.5122116e+00   1.4707408e+00   1.0891235e+00   8.5036685e-01   3.4386317e-01   7.0370068e-01   3.2567452e-01   8.3173138e-02  -2.5714011e-01  -3.0457008e-01  -7.6308944e-01  -6.4236587e-01  -8.0378147e-01
   3.8866556e+00   2.6920621e+00   1.7394455e+00   1.3190237e+00   1.3835625e+00   8.9947433e-01   8.6217628e-01   4.0944278e-01   7.0295196e-02   1.9521395e-01   2.3087106e-01  -2.1726739e-01  -2.8602144e-01  -4.1348026e-01  -4.3370053e-01  -4.7274022e-01
   3.6430117e+00   2.3886198e+00   2.1722160e+00   1.7550647e+00   1.1613151e+00   1.0030756e+00   6.3003419e-01   4.9334628e-01   3.5248864e-01   2.6959847e-01   3.6631355e-01  -1.9617186e-01  -4.5664952e-01  -8.0168869e-01  -1.1253584e+00  -1.1347209e+00
   3.1568233e+00   2.5085281e+00   1.9728960e+00   1.2294813e+00   8.1632824e-01   5.7123006e-01   8.1393800e-01   7.0686758e-01   4.4724771e-01   2.5147644e-01   3.1632568e-01   5.9667168e-02  -2.2180346e-01  -8.2823666e-01  -7.9043023e-01  -1.0660583e+00
   2.7319074e+00   2.6256566e+00   1.7439826e+00   1.5734404e+00   1.4249343e+00   1.1537374e+00   4.9218951e-01   3.3637457e-01   5.4478541e-01   2.1385865e-01   1.8686060e-01   1.1510863e-01  -3.2338188e-01  -7.6125097e-01  -7.5396368e-01  -8.2246517e-01
   3.1353773e+00   2.4375810e+00   1.7192404e+00   8.6011189e-01   1.1973519e+00   1.2776120e+00   7.4682280e-01   8.4306922e-01   4.4105279e-01   2.0568852e-01  -2.5799971e-01  -3.1414342e-01  -5.5062517e-01  -7.0611640e-01  -9.9041567e-01  -9.6970818e-01
   3.6113811e+00   2.6608046e+00   1.4690572e+00   1.2661150e+00   1.2197598e+00   1.0211256e+00   6.7559288e-01   2.1858990e-01   5.4237889e-01   2.6850911e-02  -3.8663171e-01  -6.0711825e-02  -4.5056670e-02  -8.4475554e-01  -1.1085246e+00  -1.0166090e+00
   3.5692300e+00   2.3732918e+00   1.9397723e+00   1.5991191e+00   1.1943517e+00   7.4601268e-01   3.2543087e-01   2.4590374e-01   3.5429168e-01   2.1942520e-01   1.8535355e-01   6.7777380e-02  -1.1043276e-01  -2.9487873e-01  -3.0282999e-01  -2.8939936e-01
   3.8899855e+00   2.4267077e+00   1.8138321e+00   1.3765031e+00   1.1204312e+00   1.3605750e+00   6.6633579e-01   7.0421215e-01   6.7044682e-01  -7.7214036e-02  -2.3682782e-01   6.2094739e-02  -3.2270264e-01  -8.7463989e-01  -8.7411555e-01  -9.9859693e-01
   3.5900629e+00   2.9143823e+00   2.3767126e+00   1.9451615e+00   1.4190242e+00   1.1460288e+00   9.2796167e-01   3.9503188e-01   4.4287176e-01   3.9962278e-01  -3.8835225e-02  -9.9793299e-02  -1.7366291e-01  -4.0867318e-01  -4.1589524e-01  -4.4610561e-01
   3.3536913e+00   2.7841299e+00   2.5143873e+00   2.1060050e+00   1.0781517e+00   1.3957070e+00   9.8610138e-01   1.5545363e-01   2.9372579e-01   2.0179236e-01  -2.7936539e-02   6.0627959e-02  -5.2543795e-01  -8.4266744e-01  -7.9730201e-01  -1.2126025e+00
   3.2852514e+00   2.5348990e+00   1.9943128e+00   1.6895807e+00   1.2627360e+00   9.6699124e-01   6.0132235e-01   4.4465117e-01   5.0967728e-01   4.8091988e-01   2.1202451e-01   2.9389401e-01   1.0503719e-01  -3.3973050e-01  -3.4583302e-01  -4.5400955e-01
   3.3626984e+00   2.7127511e+00   1.5912093e+00   1.2740422e+00   1.5027007e+00   1.1679409e+00   7.2352807e-01   3.9492843e-01   8.4265747e-01   3.3534608e-01   2.1602832e-01   4.6858376e-02  -3.4858630e-01  -5.8654408e-01  -7.4817130e-01  -1.2928428e+00
   3.2565114e+00   2.4046035e+00   1.4921278e+00   1.8731645e+00   1.8154490e+00   1.3720559e+00   9.6542793e-01   5.4444992e-01   5.1414481e-01   5.4782171e-01   2.8893137e-01   3.0202855e-01   1.1857460e-01  -5.1111397e-02  -6.8732056e-02  -3.9688014e-02
   3.5436737e+00   2.5267822e+00   2.1410958e+00   1.3634327e+00   1.0074574e+00   9.6929861e-01   5.9077932e-01   2.9295994e-01   4.2924739e-01   5.6816918e-01   3.3592589e-01   1.7482727e-01  -2.2335856e-01  -5.4230032e-01  -6.8844520e-01  -8.5742633e-01
   3.5795987e+00   2.4219579e+00   2.0030103e+00   1.7503391e+00   1.2817702e+00   5.3790561e-01   4.7054479e-01   3.9217684e-01   4.1252699e-01   5.1699841e-01   2.1564290e-01  -1.7772321e-02  -8.2978739e-02  -1.1214070e-01  -1.2555747e-01  -1.8003433e-01
