   2.9965506e+00   1.8514173e+00   1.8705255e+00   1.6649038e+00   1.1480232e+00   1.2058525e+00   8.0824598e-01   5.1013256e-02  -2.5359270e-01  -1.0393090e+00  -9.9921054e-01  -7.9214285e-01  -1.2736365e+00  -1.0761283e+00  -1.1116578e+00  -1.4278663e+00
   3.1454176e+00   2.9999381e+00   1.6748980e+00   1.2387150e+00   1.1739388e+00   1.7873411e+00   2.6273353e-01  -4.1510130e-01  -7.1589269e-01  -8.1076447e-01  -6.7006712e-01  -7.4638282e-01  -7.5282475e-01  -8.9835602e-01  -9.1355574e-01  -9.9658838e-01
   3.2807552e+00   2.8463313e+00   1.9863881e+00   1.3177130e+00   1.0536721e+00   1.3694124e+00   4.0318209e-01  -7.4535576e-01  -6.0950584e-01  -5.4207328e-01  -7.9624426e-01  -1.0992850e+00  -8.7101371e-01  -9.9121885e-01  -9.7742007e-01  -1.4215125e+00
   3.5407425e+00   2.4580637e+00   1.6913574e+00   1.3390857e+00   1.3940350e+00   1.3704846e+00   3.4013897e-01  -3.2615212e-01  -9.3986418e-01  -7.7595295e-01  -6.7126396e-01  -9.0873278e-01  -9.7377484e-01  -1.2266902e+00  -1.1307969e+00  -1.2547821e+00
   3.0974711e+00   2.2957540e+00   1.1699012e+00   1.1843573e+00   1.3212107e+00   1.2658188e+00   3.5943909e-02  -3.8109928e-01  -8.8093585e-01  -6.5656942e-01  -1.0973403e+00  -8.3101184e-01  -7.9847163e-01  -1.1392506e+00  -1.1072090e+00  -1.2406416e+00
   3.2751087e+00   2.7500940e+00   1.7969048e+00   1.7992781e+00   1.0324289e+00   7.6402187e-01   2.1306160e-01  -3.7030882e-01  -4.9505107e-01  -5.9080955e-01  -8.5596036e-01  -7.5330832e-01  -8.0616539e-01  -9.0897856e-01  -7.5491458e-01  -8.4181697e-01
   3.4669230e+00   3.3672527e+00   1.5406522e+00   1.0090492e+00   1.0082475e+00   6.4463423e-01   2.6052537e-02  -2.0892891e-01  -8.1736488e-01  -9.1287980e-01  -1.2050209e+00  -1.0364421e+00  -1.1192994e+00  -1.0513778e+00  -1.2197940e+00  -1.1781335e+00
   3.0745589e+00   3.0859916e+00   1.9327151e+00   1.1830401e+00   1.0606048e+00   5.3145854e-01   2.9973138e-01  -2.5696425e-01  -7.2714685e-01  -8.1596304e-01  -1.0243046e+00  -1.0116535e+00  -1.1977002e+00  -1.3795762e+00  -1.5986130e+00  -1.6428000e+00
   3.4401751e+00   3.0077988e+00   2.2798544e+00   1.3613994e+00   7.3630870e-01   6.3788318e-01   3.5290574e-01  -5.9535232e-01  -8.2832784e-01  -8.8523747e-01  -1.1641740e+00  -1.1097822e+00  -1.2949406e+00  -1.3607062e+00  -1.3095482e+00  -1.5127634e+00
   3.9687226e+00   2.2466358e+00   1.4181996e+00   1.1520165e+00   9.9924248e-01   1.1464323e+00   4.1470515e-01   6.7996377e-02  -4.8079016e-01  -8.5581927e-01  -9.2370334e-01  -1.0241475e+00  -1.2149339e+00  -1.2031787e+00  -1.1334227e+00  -1.3561673e+00
   3.0936257e+00   2.1674627e+00   1.6155425e+00   1.2208854e+00   9.4647683e-01   1.2598665e+00   4.4944477e-01  -9.3242086e-02  -1.1903993e-01  -2.0291205e-01  -3.7455791e-01  -4.0369401e-01  -3.9127080e-01  -3.9149411e-01  -4.2609510e-01  -4.4567174e-01
   2.7220410e+00   2.5673385e+00   1.0736850e+00   8.5550905e-01   8.9710551e-01   1.3423704e+00   5.5657520e-01  -6.8106936e-01  -8.7144154e-01  -1.0131002e+00  -9.7407142e-01  -1.0491066e+00  -1.2182051e+00  -1.1692089e+00  -9.9601208e-01  -1.4280683e+00
   2.7050747e+00   2.7674743e+00   1.4760338e+00   1.1193740e+00   8.1694010e-01   1.2040841e+00   2.5627710e-01  -2.8668531e-01  -3.8818639e-01  -7.8906311e-01  -8.7722995e-01  -7.9777448e-01  -9.5701644e-01  -1.1425955e+00  -1.0698132e+00  -1.1804950e+00
   2.7945318e+00   3.0430103e+00   1.7226341e+00   1.2946849e+00   4.1519865e-01   1.3832562e+00   1.6139971e-01  -2.2132740e-01  -6.2119266e-01  -7.4050917e-01  -9.9565788e-01  -1.0778587e+00  -8.6934471e-01  -1.1982045e+00  -1.2703336e+00  -1.3821072e+00
   3.6607253e+00   2.9330922e+00   2.0886736e+00   1.5352954e+00   1.5486515e+00   1.8139810e+00   2.3904135e-01   5.9724612e-02  -9.8513343e-01  -8.8384658e-01  -1.5078355e+00  -1.1668357e+00  -1.1918767e+00  -1.5155808e+00  -1.3715136e+00  -1.3715750e+00
   3.8299349e+00   2.8362600e+00   1.7277403e+00   9.8090864e-01   1.3327046e+00   1.4845348e+00   1.6070800e-01  -3.0737413e-01  -9.6141418e-01  -7.8124748e-01  -8.9853749e-01  -1.0970486e+00  -1.2962518e+00  -1.4110110e+00  -1.4642061e+00  -1.6585504e+00
   2.9519573e+00   2.8714995e+00   1.5860502e+00   1.2878020e+00   1.2164838e+00   1.0930467e+00   2.0631682e-01  -8.8000307e-02  -2.5932680e-01  -5.0467438e-01  -5.0420025e-01  -4.9327873e-01  -5.6385854e-01  -5.4318507e-01  -5.6270753e-01  -5.6260435e-01
   3.0366707e+00   2.6365840e+00   1.9407080e+00   1.3528124e+00   9.0851665e-01   4.9353999e-01  -3.3585960e-01  -2.7142367e-01  -5.9918263e-01  -1.1996918e+00  -8.0800381e-01  -9.6107549e-01  -1.1597028e+00  -1.1509236e+00  -1.1270291e+00  -1.3873254e+00
   3.4413806e+00   3.0322877e+00   1.6565426e+00   1.2182456e+00   4.4442104e-01   4.4069100e-01  -9.7656663e-03  -5.2611169e-01  -8.7845957e-01  -1.0565656e+00  -1.1766872e+00  -8.1507632e-01  -1.0099667e+00  -1.1186808e+00  -1.0194423e+00  -1.1887955e+00
   3.2670878e+00   2.5595582e+00   1.8537264e+00   1.3494050e+00   8.2856194e-01   4.6500450e-01  -1.4294307e-01  -6.6474385e-01  -5.2557303e-01  -7.3559737e-01  -1.0381895e+00  -8.6074822e-01  -1.2137875e+00  -1.1643996e+00  -1.0607632e+00  -1.5953081e+00
   3.2378910e+00   2.4148192e+00   1.7013501e+00   1.6913896e+00   1.3438123e+00   1.1715574e+00   8.9536008e-02  -6.8074347e-01  -7.9904804e-01  -9.8443409e-01  -1.1128105e+00  -9.1388143e-01  -1.0854996e+00  -1.1794612e+00  -1.2179155e+00  -1.2554312e+00
   3.2331025e+00   1.9767639e+00   1.4970740e+00   8.1107526e-01   9.0876245e-01   1.4261421e+00   5.1612672e-01  -4.1289780e-01  -7.7052183e-01  -1.2028486e+00  -1.2046757e+00  -1.0102802e+00  -1.0859315e+00  -1.4185103e+00  -1.2439405e+00  -1.4204280e+00
   3.4975872e+00   2.0167658e+00   1.7060184e+00   1.6117540e+00   8.3351503e-01   1.0715813e+00   4.7653664e-01  -2.6891699e-01  -8.7753992e-01  -9.8965069e-01  -1.1472883e+00  -8.6360242e-01  -9.3705281e-01  -9.8115528e-01  -7.8140556e-01  -8.1469164e-01
   3.4396137e+00   2.1658188e+00   1.7751558e+00   1.2927127e+00   6.8298161e-01   6.6685936e-01   6.2352723e-02   1.8710868e-02  -2.9527852e-01  -3.3328288e-01  -3.7499180e-01  -3.9861573e-01  -3.8293582e-01  -4.2495400e-01  -2.7045371e-01  -4.0445932e-01
   3.2895051e+00   2.0079833e+00   1.9131027e+00   1.5910970e+00   1.1337526e+00   9.0215545e-01   1.5014432e-01  -2.2865758e-01  -7.5820137e-01  -8.4178635e-01  -7.0545683e-01  -8.8934871e-01  -8.8203845e-01  -1.0808397e+00  -8.3697604e-01  -1.3172102e+00
   3.6175353e+00   2.1302053e+00   1.6678000e+00   1.4665905e+00   6.2376409e-01   1.1841312e+00   2.6252808e-01  -3.5904999e-01  -5.0561718e-01  -6.4010696e-01  -6.5936071e-01  -6.5911038e-01  -7.7265890e-01  -8.3586304e-01  -6.6657271e-01  -7.4079711e-01
   3.5827305e+00   2.5498513e+00   1.6602553e+00   1.2585994e+00   8.7807340e-01   1.4393176e+00   7.6799370e-01  -3.1152601e-01  -4.1919231e-01  -5.0587182e-01  -5.4757109e-01  -6.3585713e-01  -5.9127990e-01  -6.3796967e-01  -6.4515324e-01  -6.6206800e-01
   3.3406633e+00   2.3697092e+00   1.2313462e+00   1.3720096e+00   9.4173781e-01   1.2588233e+00   5.2088276e-01  -8.0161332e-01  -7.7103776e-01  -1.0765836e+00  -9.8569677e-01  -9.6460392e-01  -1.0447150e+00  -9.4210070e-01  -1.0615303e+00  -1.1447501e+00
   4.0865414e+00   2.5972923e+00   1.2858551e+00   1.5658924e+00   1.2404498e+00   1.1131076e+00   4.9928882e-01   8.2288364e-02  -1.9172371e-01  -3.0494835e-01  -2.8333701e-01  -3.7391718e-01  -3.9025517e-01  -4.4307403e-01  -4.0600239e-01  -3.9640615e-01
   3.9899553e+00   2.7532765e+00   1.7186498e+00   1.3669322e+00   7.2786230e-01   7.2999232e-01   2.4202669e-01   2.6810691e-01  -2.4180839e-02  -5.0133007e-02  -2.2886276e-02  -1.7181156e-01  -2.9887512e-01  -3.0071127e-01  -2.7598686e-01  -2.6746441e-01
   3.3951521e+00   2.5991252e+00   1.4721721e+00   1.4607513e+00   1.1185218e+00   1.1454652e+00   6.2855133e-01   4.5023797e-01   2.7705557e-01   2.4417386e-01   8.4814728e-01   9.6314576e-01   2.2159096e-01   3.1066964e-01   1.8256967e-01   2.2804807e-01
   3.6871517e+00   2.6410304e+00   1.9006672e+00   1.2039401e+00   1.0453019e+00   1.2536534e+00   5.8151243e-01  -1.0318150e-01   1.9753658e-01  -4.5061934e-02   9.1548487e-01   1.1188109e+00   4.2117472e-01   2.1037440e-01   1.9747809e-02   2.6197325e-01
   3.3869764e+00   2.4753127e+00   1.3945965e+00   1.5044684e+00   1.3746036e+00   1.3163133e+00   7.2431890e-01   1.0557430e-01  -2.2850922e-01   2.2631754e-01   6.3006545e-01   9.4934789e-01   5.2549737e-01   3.1643133e-02   2.4533241e-01   4.0756718e-01
   3.6598624e+00   2.3840768e+00   1.2938919e+00   1.1626344e+00   7.4975149e-01   8.8956723e-01   4.9401966e-01   1.0478719e-01  -3.0589705e-02   3.4502248e-01   6.8464167e-01   1.0706930e+00   8.5533040e-01   5.6566271e-01   5.5945268e-01   6.3614065e-01
   3.6332958e+00   2.8591191e+00   1.5168786e+00   1.1625750e+00   6.1854735e-01   1.4765831e+00   4.0209395e-01  -6.0011815e-02  -1.4849486e-01   3.5099568e-01   3.4811310e-01   1.1064947e+00   6.9402935e-01   5.2131045e-01   5.6724210e-01   5.0364529e-01
   3.3776876e+00   2.5459285e+00   1.4573079e+00   7.0376071e-01   1.4143927e+00   1.5074979e+00   8.5037947e-01   8.1555427e-01   2.1896874e-01   2.5223668e-01   6.8036381e-01   8.1398585e-01   6.0700474e-01   2.8364092e-01   6.4209600e-01   5.6141349e-01
   3.6103051e+00   2.1975156e+00   1.3423262e+00   1.1072283e+00   1.0542777e+00   1.1516650e+00   4.1738565e-01   3.0596880e-01  -2.6616540e-01  -6.5113412e-02   4.3135249e-01   9.7994923e-01   8.3659030e-01   5.2434804e-01   7.7190501e-01   7.0444898e-01
   3.7065477e+00   2.8162098e+00   1.6945429e+00   8.8909744e-01   1.0032896e+00   1.3416335e+00   1.4584949e-01  -7.0182204e-02  -2.2753437e-01  -4.2727818e-02   1.0291767e-01   7.3944097e-01   6.1919807e-01   1.3221445e-01   3.2818398e-01   5.0431733e-01
   3.3460024e+00   2.2393295e+00   1.7567529e+00   1.5685544e+00   8.8675010e-01   6.4756027e-01   4.3513128e-01  -7.5030898e-02  -9.6765308e-01  -5.4784670e-01  -1.9323371e-01   6.8567936e-01   4.0552647e-01   1.6014214e-01   4.2403360e-01   6.8201686e-01
   2.9714511e+00   1.6501076e+00   1.4811273e+00   1.4452616e+00   1.1229785e+00   1.1146235e+00   3.9009497e-01   7.5982947e-02  -2.0950570e-01  -2.4579322e-01   5.9783679e-02   6.8556858e-01   3.5930984e-01   1.9283294e-01   2.5389611e-01   3.0862390e-01
   3.5788354e+00   2.4587618e+00   1.3835860e+00   1.4926736e+00   1.2044543e+00   1.4045548e+00   4.2258664e-01  -2.6247427e-01  -3.1102272e-01  -4.7728304e-01   6.4017978e-03   3.2735460e-01  -1.0875721e-01  -1.0740857e-01  -1.4225907e-01   1.6516893e-02
   3.8149486e+00   2.4472667e+00   1.9867747e+00   1.3764943e+00   1.1185355e+00   1.0140158e+00   2.8046953e-01  -9.0996308e-02  -2.7067394e-01  -6.2678196e-01   9.3212545e-02   4.3334990e-01  -1.3323052e-01  -1.5295226e-01  -4.3065923e-01  -1.9022662e-01
   3.5656473e+00   2.8103342e+00   1.7150671e+00   1.4353183e+00   1.3266203e+00   1.8639954e+00   1.2347475e+00  -3.9809007e-02  -1.3148552e-01  -6.3720720e-01   4.2039079e-03   4.2058496e-03  -5.3143583e-01  -3.1098884e-01  -9.2179227e-01  -9.6345397e-01
   3.8628762e+00   3.2424680e+00   2.1594599e+00   2.1013099e+00   2.0080561e+00   2.5278407e+00   1.3976888e+00  -2.9133883e-03   1.3616722e-01   4.5379794e-01   1.8471269e+00   1.9525768e+00   6.5942848e-01   3.9873068e-01  -4.4594449e-01  -1.7155580e-01
   4.1167837e+00   3.5182211e+00   2.3960961e+00   1.8386888e+00   1.4439672e+00   1.9696327e+00   1.1184575e+00  -8.1213166e-02  -1.6815906e-01   7.2441578e-01   2.3424901e+00   2.4786563e+00   1.1441463e+00   8.1053768e-01  -9.4037826e-01  -4.3810636e-01
   3.8805687e+00   3.2977045e+00   1.5769061e+00   1.4693303e+00   1.5159972e+00   1.8622297e+00   5.2078877e-01  -1.3510061e-01  -2.3207722e-01   5.0118383e-01   2.3046843e+00   2.6265831e+00   1.2474847e+00   8.5509151e-01  -4.2871760e-01  -4.2036589e-01
   3.8446803e+00   3.2233772e+00   1.5931668e+00   1.7162799e+00   1.1173365e+00   1.1402005e+00  -2.4941219e-01  -6.6795796e-01  -4.4484844e-01   1.8230933e-01   2.0193281e+00   2.4871235e+00   1.0628958e+00   6.3047286e-01  -9.9794822e-01  -8.1566159e-01
   3.7523868e+00   3.0709265e+00   1.8662763e+00   2.0433820e+00   1.2047631e+00   1.7032982e+00   4.5981025e-01   2.8778605e-03  -9.5832465e-02   3.7619839e-02   1.8444556e+00   2.4215517e+00   1.0388254e+00   6.7816108e-01  -2.0050584e-01  -2.0653406e-01
   3.7337667e+00   2.8628361e+00   2.0367945e+00   1.8388709e+00   1.4770809e+00   1.4145713e+00   6.9485669e-01   1.9584271e-01  -4.0370001e-01  -2.2634672e-02   1.6452265e+00   2.3548992e+00   9.5282535e-01   5.4295518e-01  -5.7629303e-01  -6.4399004e-01
   3.9615972e+00   2.9140628e+00   1.9796287e+00   1.5153913e+00   1.5326195e+00   1.3973198e+00   5.2959316e-01   2.9026415e-02  -4.7200705e-01  -4.9666094e-02   1.4282454e+00   2.2140276e+00   8.3774150e-01   4.8771497e-01  -4.6428581e-01  -5.7794393e-01
   3.6916165e+00   3.0917018e+00   1.5579607e+00   1.3050026e+00   1.0576254e+00   1.2695116e+00   6.2509340e-01  -1.9427361e-01  -6.6514541e-01  -3.0604492e-01   1.1389846e+00   2.0179917e+00   5.5508962e-01   6.8776381e-02  -6.1834205e-01  -7.4166900e-01
   3.8625471e+00   2.6957862e+00   1.2575827e+00   1.5923841e+00   9.4346055e-01   9.9151405e-01   2.9308051e-01  -4.5397229e-01  -1.0917269e+00  -5.4372097e-01   8.4136430e-01   1.7901449e+00   3.9375665e-01   1.3922633e-02  -6.9401605e-01  -9.3737560e-01
   3.9400914e+00   3.4949736e+00   2.1430849e+00   1.4937356e+00   1.3980496e+00   7.2315972e-01   3.2629875e-01  -7.2630894e-01  -9.8720242e-01  -3.6960232e-01   8.2747342e-01   1.6406860e+00   3.7852948e-01   8.1888887e-02  -6.3483871e-01  -1.0357579e+00
   4.0723564e+00   3.7460044e+00   1.7551705e+00   1.1126984e+00   1.0602400e+00   1.1479531e+00   7.2856358e-01  -3.5947947e-01  -6.2232514e-01  -3.0330445e-01   8.2367558e-01   1.8025767e+00   5.8493285e-01   2.2333411e-01  -6.8688572e-01  -1.2203062e+00
   3.0171483e+00   3.3622293e+00   2.0794687e+00   1.5932072e+00   1.0169250e+00   1.0206156e+00   7.6256932e-01  -7.0662600e-02  -1.5259029e-01  -2.9073923e-01   8.9583010e-01   1.7979516e+00   5.2413802e-01   2.8861140e-01  -3.6899278e-01  -5.3975681e-01
   3.3512458e+00   3.3797248e+00   1.9849438e+00   1.5512008e+00   6.9561142e-01   9.6632942e-01   6.2754713e-01  -4.8291717e-01  -2.2479551e-01  -5.8006165e-01   7.8244282e-01   1.9334951e+00   6.8494500e-01   2.4781755e-01  -6.2610562e-01  -1.0259634e+00
   4.1321364e+00   3.7561760e+00   2.1399025e+00   2.0225763e+00   1.2362220e+00   1.2299940e+00   9.4545824e-01   3.6648184e-01  -5.4068446e-01  -4.1123608e-01   1.1078697e+00   2.1857306e+00   9.5935649e-01   7.9068497e-01  -5.0230413e-01  -1.0505114e+00
   3.8195666e+00   3.1177884e+00   1.5878046e+00   1.6570181e+00   1.2199103e+00   1.7144280e+00   1.3610432e+00   5.2455159e-01  -2.5394213e-01  -5.3887357e-01   1.1407928e+00   2.2432328e+00   1.1854898e+00   8.4729050e-01  -4.7546203e-01  -8.5735428e-01
   3.9291488e+00   2.3706820e+00   1.4162402e+00   1.7826012e+00   1.4119681e+00   1.9344740e+00   1.4630881e+00   2.9017456e-01  -5.2562430e-01  -5.9406103e-01   1.0279082e+00   2.2357963e+00   1.1727871e+00   1.0447546e+00  -5.2697571e-01  -1.0115440e+00
   3.8251803e+00   2.7183755e+00   1.5522678e+00   1.6880407e+00   1.3097165e+00   7.2094064e-01   4.7413036e-01  -2.2769404e-02  -1.6147053e-01  -3.5022866e-01   1.0689820e+00   2.0893864e+00   8.8049409e-01   7.8510629e-01  -2.1661055e-01  -7.9894594e-01
   3.8018792e+00   2.8869326e+00   1.6879999e+00   1.4220240e+00   1.4034769e+00   7.8646786e-01   6.0838881e-01   2.9658975e-01   1.5342669e-01  -1.3566278e-01   6.3757754e-01   1.5804662e+00   8.3833498e-01   4.9491019e-01  -1.8231277e-01  -4.3753254e-01
   3.7237398e+00   3.1705979e+00   2.0832265e+00   1.1464335e+00   9.5096765e-01   1.6027180e+00   8.7685912e-01   7.8546912e-03  -2.0319705e-01  -4.7627491e-01  -1.9740570e-01   9.2132388e-01   1.8556438e-01  -1.9755844e-01  -8.5442913e-01  -9.3915128e-01
   3.3590264e+00   2.8885779e+00   1.6860161e+00   1.2550766e+00   1.1734229e+00   1.4280232e+00   8.0131740e-01  -1.2370372e-03  -2.5465913e-01  -4.4715021e-01  -3.8729176e-01   1.9382092e-01  -3.7810255e-01  -2.6275185e-01  -5.3377512e-01  -6.7481525e-01
   3.8873361e+00   3.0212781e+00   1.1556337e+00   1.2779106e+00   1.1801040e+00   1.2096778e+00   3.8743610e-01  -1.5406034e-02  -2.8986150e-01  -5.8107990e-01  -6.8826859e-01  -1.1049437e-02  -7.8516457e-01  -6.9362297e-01  -1.1453551e+00  -1.0673173e+00
   4.1056923e+00   2.1690853e+00   1.0266700e+00   1.5215935e+00   1.1728253e+00   1.6415505e+00   3.3975041e-01  -4.1844131e-01  -6.0829531e-01  -8.6751558e-01  -9.9645257e-01  -4.6537498e-01  -7.5095100e-01  -1.2392982e+00  -1.2836775e+00  -1.2395305e+00
   3.4575339e+00   1.7976483e+00   1.3263458e+00   1.5356016e+00   1.1153220e+00   1.4994479e+00   7.0085095e-01  -2.4492189e-01  -6.9685936e-01  -6.6833235e-01  -9.7005535e-01  -8.1761092e-01  -7.2942350e-01  -1.0531297e+00  -9.7403115e-01  -9.9963011e-01
   3.1428852e+00   2.9647261e+00   2.0290743e+00   1.3687703e+00   1.4438878e+00   9.3289671e-01   6.2208349e-01   2.8434435e-01   1.1997445e-01  -7.8999324e-01  -1.1225459e+00  -8.4422851e-01  -9.6027985e-01  -1.3482638e+00  -1.2370562e+00  -1.1647967e+00
   2.5056428e+00   2.8668506e+00   1.8116392e+00   1.1590569e+00   9.2864428e-01   5.6936611e-01   4.6253548e-01   9.3869355e-02  -3.2248066e-01  -4.4908568e-01  -6.9479655e-01  -7.7281316e-01  -9.1116677e-01  -1.0211397e+00  -8.9759754e-01  -1.0288397e+00
   2.4805565e+00   2.5301774e+00   1.8416222e+00   1.1367591e+00   5.6886344e-01   4.2873755e-01   2.0828111e-01  -1.7845332e-01  -3.9601042e-01  -4.0051448e-01  -4.9182497e-01  -6.7873570e-01  -7.5711433e-01  -8.5390791e-01  -7.9113198e-01  -8.6109888e-01
   2.8209784e+00   1.9893703e+00   1.3959060e+00   5.0984595e-01   1.1703956e+00   9.7753336e-01   3.1809810e-01  -8.3716641e-01  -6.3367006e-01  -7.9847450e-01  -8.8685776e-01  -1.0991110e+00  -1.4266156e+00  -1.5042817e+00  -1.3989971e+00  -1.4145545e+00
   2.5933358e+00   2.2388271e+00   1.5529840e+00   9.0233098e-01   8.5167167e-01   8.4094038e-01   3.4247198e-01  -5.7847426e-01  -7.0677860e-01  -7.3234356e-01  -5.8422458e-01  -8.0752384e-01  -1.1992704e+00  -1.4042683e+00  -1.3296280e+00  -1.3212353e+00
   3.0276267e+00   2.4302384e+00   1.5134155e+00   1.3637990e+00   7.1245072e-01   5.2282870e-01  -1.5805414e-01  -4.6832978e-01  -7.1901049e-01  -9.0491451e-01  -8.2914890e-01  -8.7451424e-01  -1.1358539e+00  -1.2666485e+00  -1.2650750e+00  -1.2978529e+00
   3.6509867e+00   2.9010226e+00   1.6070607e+00   1.8446178e+00   1.7636875e+00   1.8817267e+00   1.2449770e+00   7.3907226e-01   2.1122306e-01  -6.3171510e-01  -6.4653815e-01  -8.7409115e-01  -1.0874574e+00  -9.7656833e-01  -8.5957097e-01  -1.2482172e+00
   3.6528776e+00   3.1174687e+00   1.5253961e+00   1.6802094e+00   1.4924042e+00   1.7640917e+00   1.1660183e+00   4.8985269e-01  -1.1124605e-01  -4.1743807e-01  -4.1443417e-01  -4.9805797e-01  -5.7687841e-01  -6.0047281e-01  -5.7810179e-01  -5.9169715e-01
   4.0625343e+00   2.9839094e+00   2.0591357e+00   1.8262488e+00   1.1372290e+00   1.6951651e+00   9.3554014e-01  -5.2706008e-01  -4.4987034e-01  -7.4601839e-01  -1.0275368e+00  -7.9824838e-01  -1.4493959e+00  -1.4572470e+00  -1.4819379e+00  -1.6922936e+00
   2.9927983e+00   2.8665080e+00   1.8982765e+00   1.5521660e+00   1.4170952e+00   1.6292328e+00   1.0656190e+00  -4.6410909e-01  -3.8169589e-01  -6.2120156e-01  -6.5676280e-01  -6.3128259e-01  -7.9692662e-01  -8.0994592e-01  -7.7041261e-01  -8.1717301e-01
   3.3541878e+00   2.6842607e+00   1.6102954e+00   1.1135629e+00   9.5257711e-01   1.6291546e+00   1.2609437e+00   1.5217289e-01  -5.4612487e-01  -6.7190555e-01  -6.9298082e-01  -6.9841431e-01  -7.3636316e-01  -8.8206972e-01  -7.9550216e-01  -8.5887560e-01
   3.6820418e+00   2.8785657e+00   2.0328363e+00   5.9140239e-01   8.0139278e-01   1.1713301e+00   5.7731859e-01  -2.3065367e-01  -5.7925772e-01  -7.2493339e-01  -7.0734754e-01  -6.9594799e-01  -7.8026341e-01  -8.6745292e-01  -8.7552106e-01  -9.2829088e-01
   3.6974056e+00   3.0150810e+00   1.8330541e+00   1.0934793e+00   8.4549535e-01   1.0583195e+00   4.1909248e-01  -3.3043853e-01  -7.9565066e-01  -8.1373270e-01  -7.7321260e-01  -7.6134012e-01  -9.8064916e-01  -9.2035806e-01  -8.9844143e-01  -1.0415368e+00
   3.8163368e+00   2.9680952e+00   1.8292426e+00   1.4379363e+00   4.4147887e-01   1.1055245e+00   2.4700886e-01  -2.3117710e-02  -7.6463736e-01  -1.1367106e+00  -9.2197965e-01  -7.9995196e-01  -1.0444037e+00  -9.8479527e-01  -1.2375312e+00  -1.5097830e+00
   3.6086363e+00   2.6994652e+00   1.6767402e+00   1.5938991e+00   1.2165098e+00   1.5407755e+00   7.0457161e-01   4.8946364e-01  -2.0084928e-02  -4.1334179e-01  -3.9782631e-01  -3.9264094e-01  -4.5003968e-01  -4.6416476e-01  -4.6278955e-01  -4.4597289e-01
   3.8515667e+00   2.3386845e+00   1.6574869e+00   1.6764082e+00   9.0650575e-01   1.2301223e+00   3.4013170e-01  -1.0536838e-01  -6.7201403e-01  -7.8815587e-01  -7.8661846e-01  -5.7930151e-01  -1.0961433e+00  -1.1934170e+00  -9.6990191e-01  -1.1438779e+00
   3.5632133e+00   3.0514231e+00   2.0654748e+00   1.4033646e+00   1.0216336e+00   8.0094056e-01   5.4603570e-01  -2.4475908e-01  -5.6274387e-01  -5.7685006e-01  -6.9580059e-01  -7.2157118e-01  -7.9719049e-01  -8.6429412e-01  -8.1355565e-01  -8.1718268e-01
   3.0762156e+00   2.3488904e+00   1.2897505e+00   9.4973186e-01   9.0137358e-01   7.1713205e-01   1.3056463e-01   3.8955812e-02  -4.9308482e-01  -7.1011466e-01  -8.1744005e-01  -7.5843369e-01  -6.4998873e-01  -7.8788485e-01  -7.3981326e-01  -7.9921489e-01
   3.6185336e+00   2.9194061e+00   1.7401550e+00   1.6572287e+00   1.6912119e+00   1.2122912e+00   7.7233101e-01   4.7722320e-01   2.3168392e-01  -9.2051363e-01  -1.0862005e+00  -7.8663636e-01  -1.1704572e+00  -9.5921561e-01  -7.7459759e-01  -1.1723825e+00
   3.5004562e+00   2.9811544e+00   1.6124189e+00   1.4252364e+00   1.2683176e+00   1.4031615e+00   3.3643710e-01  -2.1631691e-01  -4.0696050e-01  -6.0496536e-01  -6.3880917e-01  -5.0410221e-01  -6.5658906e-01  -7.0110757e-01  -6.9348581e-01  -6.8847666e-01
   3.2878630e+00   2.6700066e+00   1.7722230e+00   1.3232006e+00   1.1167230e+00   1.0169210e+00   2.8826383e-01  -4.5991824e-01  -6.5461970e-01  -1.1450474e+00  -1.1682090e+00  -1.1813452e+00  -1.3095429e+00  -1.3801231e+00  -1.2462741e+00  -1.4240778e+00
   3.6043125e+00   2.6597715e+00   1.5287150e+00   1.2000759e+00   9.1120881e-01   7.9651682e-01   1.7276816e-01  -1.1106743e-01  -5.2622474e-01  -9.0022749e-01  -9.1074922e-01  -7.7143064e-01  -9.2670735e-01  -9.5512205e-01  -8.4561233e-01  -1.0068476e+00
   3.7396268e+00   2.4797295e+00   1.8351768e+00   1.2236458e+00   6.4423077e-01   8.9338238e-01   5.3402045e-01  -4.3514781e-01  -6.6228612e-01  -9.4897398e-01  -1.0109795e+00  -8.6339627e-01  -1.0770452e+00  -1.2252826e+00  -1.1408348e+00  -1.1413670e+00
   3.7844006e+00   2.9176910e+00   1.3281101e+00   9.9826485e-01   3.2506033e-01   1.0117419e+00   2.0676686e-01  -3.7318468e-01  -5.1271062e-01  -7.7672624e-01  -8.5939417e-01  -7.1259986e-01  -8.3260541e-01  -8.1854922e-01  -8.4749564e-01  -8.6991716e-01
   3.2058258e+00   1.8845806e+00   1.2989611e+00   1.1372784e+00   1.0535468e+00   1.3199341e+00   6.2336814e-01   3.7769420e-02  -2.6611721e-01  -5.9225642e-01  -7.3495729e-01  -9.2368655e-01  -8.8035624e-01  -9.6930901e-01  -8.6423021e-01  -8.9814772e-01
   3.3271575e+00   2.6982650e+00   1.6086302e+00   1.1376933e+00   9.0870019e-01   1.2910630e+00   3.0338146e-01  -4.0691077e-01  -6.5099313e-01  -7.8392795e-01  -8.7345623e-01  -1.0235553e+00  -1.3620696e+00  -1.2714115e+00  -1.3136630e+00  -1.4006542e+00
   2.7213499e+00   2.0244500e+00   1.5654907e+00   1.2304837e+00   5.8718973e-01   1.1808112e+00   3.2964966e-01  -5.6026733e-02  -2.3168091e-01  -2.4960007e-01  -3.1759362e-01  -3.9929047e-01  -3.7369311e-01  -3.8431976e-01  -3.7827857e-01  -3.8805715e-01
