   1.4138183e+00   6.2337350e-01  -1.9181698e-01   4.5312353e-01   1.7804558e-02  -9.1754580e-01  -1.7351936e+00  -2.1504925e+00  -2.2027158e+00  -1.8801096e+00  -1.7312745e+00  -2.0711659e+00  -2.1508004e+00  -2.2321214e+00  -2.0714561e+00  -1.8489916e+00
   1.9333924e+00   4.5596302e-01  -2.4496488e-01   6.0627192e-01  -1.9989685e-01  -1.0822490e+00  -1.3934636e+00  -1.4180405e+00  -1.6316358e+00  -1.7333296e+00  -1.6887699e+00  -1.8640677e+00  -1.7686007e+00  -1.9890544e+00  -2.0502711e+00  -1.8365875e+00
   2.1496111e+00   4.7052658e-01  -3.4056871e-01   3.2584390e-01   1.7694343e-02  -1.1815158e+00  -1.8838524e+00  -1.4185575e+00  -1.6444449e+00  -1.8262902e+00  -1.6752027e+00  -1.9353676e+00  -1.9480657e+00  -2.1578566e+00  -2.1451829e+00  -1.9799745e+00
   2.0483904e+00   8.7465385e-01  -1.6105414e-01  -1.3589075e-01  -3.5065803e-01  -9.6263895e-01  -1.9053523e+00  -1.9677957e+00  -2.2498765e+00  -2.0382864e+00  -1.7167738e+00  -2.5448030e+00  -2.6500847e+00  -2.3042568e+00  -2.3531633e+00  -2.2002007e+00
   2.1210116e+00   8.5131798e-01  -1.8310263e-01   2.4732305e-01  -4.8423314e-01  -1.1381077e+00  -2.1080857e+00  -2.3232394e+00  -2.6186917e+00  -1.9599745e+00  -1.8213254e+00  -2.0654373e+00  -2.2063818e+00  -2.5060570e+00  -2.3857717e+00  -2.3150553e+00
   1.8771323e+00   8.2991808e-01  -2.8056760e-01   2.6142170e-01  -4.1130711e-01  -1.0496030e+00  -1.4111641e+00  -1.9042169e+00  -1.7991418e+00  -1.6135293e+00  -1.5521108e+00  -1.9326386e+00  -1.9717716e+00  -2.0474270e+00  -2.1278017e+00  -2.1875754e+00
   2.0721403e+00   6.1815932e-01  -3.7225715e-01   2.8868920e-01  -3.1946565e-01  -1.0854727e+00  -2.0369146e+00  -1.7978620e+00  -2.0471868e+00  -1.9645436e+00  -1.6541424e+00  -2.0848620e+00  -2.0877836e+00  -2.3610541e+00  -2.4076297e+00  -2.2333116e+00
   2.2376264e+00   1.1014733e+00   1.5006503e-01   3.7542519e-01  -3.1460573e-01  -7.6789498e-01  -1.4320351e+00  -1.6535578e+00  -1.7617848e+00  -1.7562244e+00  -1.5662141e+00  -2.0123186e+00  -1.9687482e+00  -2.0493575e+00  -2.1216341e+00  -2.0650149e+00
   2.4886039e+00   1.4906395e+00  -6.9642486e-01  -5.7748875e-01  -3.7773307e-01  -8.6192902e-01  -1.8741987e+00  -1.7690929e+00  -1.8810188e+00  -1.8392305e+00  -1.6296898e+00  -1.8307337e+00  -1.8566871e+00  -2.1738764e+00  -2.1139441e+00  -1.9928010e+00
   2.4929003e+00   1.1518973e+00  -6.5238776e-01   3.0912000e-01   1.4539658e-01  -9.5752820e-01  -1.9667585e+00  -1.8176247e+00  -1.9797588e+00  -1.9807149e+00  -1.6388553e+00  -2.2858803e+00  -2.0314052e+00  -2.1502019e+00  -2.2100009e+00  -2.0617583e+00
   2.3160005e+00   1.0418499e+00  -2.8051035e-01  -2.4373021e-01  -3.8622673e-01  -1.4202267e+00  -2.2356670e+00  -1.8477749e+00  -1.9505179e+00  -2.0797070e+00  -1.8639550e+00  -2.0198860e+00  -2.1861485e+00  -2.0461976e+00  -2.4453486e+00  -2.3529551e+00
   1.9973719e+00   9.9589362e-01   3.9949511e-02  -1.9785110e-01  -4.1708601e-01  -1.2795138e+00  -2.1270631e+00  -1.7286484e+00  -2.0599537e+00  -1.8765693e+00  -1.4894219e+00  -2.0863929e+00  -2.0302871e+00  -2.2831159e+00  -2.1980964e+00  -2.0258531e+00
   1.9243525e+00   6.5347843e-01  -5.7623611e-01  -5.8652891e-01  -9.2825486e-01  -1.2193294e+00  -1.9830047e+00  -1.6559369e+00  -2.2071607e+00  -1.8466983e+00  -1.5718404e+00  -2.1389855e+00  -2.1251507e+00  -2.1944696e+00  -2.3724090e+00  -1.9969120e+00
   1.5758880e+00   9.3375700e-01   1.3431482e-01   1.4094297e-01  -2.3853536e-01  -1.2665452e+00  -1.7862048e+00  -1.7898189e+00  -2.0955206e+00  -1.7819288e+00  -1.6026209e+00  -2.1384349e+00  -2.1587731e+00  -2.2453067e+00  -2.4179638e+00  -2.3447985e+00
   9.6750287e-01   8.2965404e-01  -4.5547901e-02   2.0604224e-01  -4.1940427e-01  -1.1263068e+00  -1.5474910e+00  -1.9674300e+00  -1.9395831e+00  -1.7643700e+00  -1.6102210e+00  -1.9340319e+00  -1.8829299e+00  -2.0880253e+00  -2.2056214e+00  -2.2563422e+00
   1.4444712e+00   6.7495203e-01  -6.0583187e-02  -1.9533405e-01  -8.0728635e-01  -1.0895623e+00  -1.9466018e+00  -1.9276264e+00  -1.8198511e+00  -1.7355789e+00  -1.6111313e+00  -2.2163683e+00  -2.2392333e+00  -2.2020156e+00  -2.3569490e+00  -2.1309638e+00
   1.7248291e+00   9.4581571e-01   3.4433215e-02   2.8588875e-01  -9.1321094e-02  -9.3557686e-01  -1.6593358e+00  -1.9001769e+00  -1.8172203e+00  -1.8669437e+00  -1.6714656e+00  -2.0231389e+00  -2.2953286e+00  -1.9503869e+00  -2.1998567e+00  -2.1049928e+00
   1.7221442e+00   5.1734458e-01  -3.7870402e-01   2.9809747e-01  -3.9575109e-01  -9.3841546e-01  -1.6207061e+00  -2.0932070e+00  -2.3168808e+00  -2.0235963e+00  -1.9278999e+00  -2.1907600e+00  -2.1672907e+00  -2.2955398e+00  -2.3971108e+00  -2.1697438e+00
   1.9201676e+00   3.8938167e-01  -7.1440273e-01  -5.6499306e-02  -7.6706699e-01  -1.2666152e+00  -1.4771025e+00  -1.6357666e+00  -1.6547067e+00  -1.5335435e+00  -1.3918497e+00  -1.6632294e+00  -1.5627639e+00  -1.6118867e+00  -1.7450434e+00  -1.7138963e+00
   1.9744937e+00   6.3019885e-01   2.7824558e-02   7.3884760e-02  -4.2706460e-01  -1.5487381e+00  -1.8822103e+00  -2.0662404e+00  -1.7614598e+00  -1.7615304e+00  -1.6763871e+00  -2.2977316e+00  -2.1499430e+00  -2.0349325e+00  -2.1428770e+00  -2.0275858e+00
   1.9857876e+00   9.5103860e-01   7.6489512e-02   2.8000939e-01  -5.8308106e-01  -1.1354407e+00  -1.9909203e+00  -2.2197074e+00  -2.1616723e+00  -2.0429698e+00  -1.7279247e+00  -1.9021725e+00  -2.2245951e+00  -1.9227877e+00  -1.8414628e+00  -2.0150104e+00
   1.5934694e+00   9.1890890e-01  -2.6465143e-01   5.8142187e-02  -4.1130501e-01  -7.1448863e-01  -1.6515248e+00  -2.3141903e+00  -2.1894775e+00  -1.9355467e+00  -1.6015868e+00  -1.9820262e+00  -2.1423941e+00  -1.9437179e+00  -1.8888322e+00  -2.0597236e+00
   1.8686084e+00   4.5258700e-01   1.6538555e-01   4.2285629e-01  -4.0510466e-01  -8.9162014e-01  -1.1115442e+00  -1.6191586e+00  -1.5761096e+00  -1.7029366e+00  -1.6735173e+00  -1.9400685e+00  -2.0756853e+00  -1.7208660e+00  -1.4331189e+00  -1.8639268e+00
   1.6074703e+00   1.3881021e-01   1.5593873e-02   5.1744095e-01   1.7618630e-01  -1.0612869e+00  -1.3550953e+00  -1.5547958e+00  -1.7457721e+00  -1.7751211e+00  -1.5445717e+00  -1.8911925e+00  -1.9818187e+00  -1.9395787e+00  -1.8162922e+00  -1.9971908e+00
   1.5153264e+00   4.2689502e-01  -4.3659462e-03   4.5933647e-01  -1.3594099e-01  -1.1045547e+00  -1.6145529e+00  -1.7543321e+00  -1.8158467e+00  -1.9323871e+00  -1.8534276e+00  -2.0167563e+00  -2.3900232e+00  -2.0316992e+00  -1.7325526e+00  -2.2814789e+00
   1.6364597e+00   7.1092351e-01  -6.2032964e-01  -2.3657152e-01  -2.2892007e-01  -1.0399437e+00  -2.0078348e+00  -1.9892107e+00  -2.1527201e+00  -1.9720437e+00  -1.5715572e+00  -1.3807471e+00  -2.1457141e+00  -1.8176928e+00  -1.7656362e+00  -1.8993850e+00
   1.8689549e+00   8.8646011e-01  -2.6426263e-01   4.1852571e-02  -8.4557997e-02  -1.2707179e+00  -2.0487746e+00  -1.9906704e+00  -2.1479998e+00  -1.8725063e+00  -1.2923669e+00  -1.2966546e+00  -1.6568877e+00  -1.4013907e+00  -1.5837089e+00  -1.6463515e+00
   2.4021721e+00   1.1352295e+00  -5.1624321e-01   3.5234927e-01   9.7620996e-02  -8.3622228e-01  -2.5033997e+00  -2.3537088e+00  -2.0696339e+00  -2.1109671e+00  -1.3612518e+00  -1.2782794e+00  -1.4310329e+00  -1.2358360e+00  -1.4690008e+00  -1.4325265e+00
   2.8357713e+00   1.3584077e+00  -3.8889573e-01  -3.0272778e-01  -3.8720743e-01  -9.7798337e-01  -1.5710141e+00  -1.2493424e+00  -1.5571520e+00  -1.7212984e+00  -1.2057798e+00  -9.8938479e-01  -1.3519302e+00  -8.9995710e-01  -1.4340137e+00  -1.1140832e+00
   2.6871830e+00   1.3622622e+00  -4.5811001e-01  -2.7902603e-01  -4.0817613e-01  -1.1929589e+00  -1.4756014e+00  -1.4600999e+00  -1.5350201e+00  -1.4825773e+00  -1.1992065e+00  -1.4325243e+00  -1.4205489e+00  -7.4618721e-01  -1.1342581e+00  -1.2252871e+00
   1.9319413e+00   1.5700517e+00   5.1563074e-01  -2.9583690e-02  -2.7572396e-01  -1.1925968e+00  -1.7964596e+00  -1.6359344e+00  -2.0973783e+00  -1.6063422e+00  -8.2047426e-01  -5.6926463e-01  -7.8148293e-01  -4.3886082e-01  -1.1224866e+00  -8.1959722e-01
   2.8795258e+00   2.1988802e+00   1.1770977e+00   6.4121086e-01  -4.0967133e-01  -1.0080998e+00  -1.2529202e+00  -1.4622653e+00  -1.5915198e+00  -1.4900083e+00  -2.9632061e-01   8.3851647e-02   4.4997551e-02  -2.2550586e-01  -1.1792056e+00  -9.4418879e-01
   2.8871611e+00   2.2739475e+00   1.3986062e+00   6.4563092e-01  -3.0620274e-01  -9.0183215e-01  -1.3357759e+00  -1.3034826e+00  -1.3942806e+00  -1.3992581e+00  -2.6272522e-01  -8.0047827e-02   3.1197988e-04  -1.9776821e-01  -1.1858250e+00  -8.4105004e-01
   2.1679195e+00   2.0815167e+00   1.5610092e+00   4.4620002e-02  -5.9785779e-01  -9.0878716e-01  -1.8007217e+00  -1.4420189e+00  -1.8177268e+00  -1.4694409e+00  -4.8845587e-01  -2.1862283e-01  -1.3772582e-01  -8.9932681e-02  -1.0257329e+00  -9.9537089e-01
   2.5830568e+00   2.3758702e+00   1.6864829e+00   6.4436669e-01  -1.1388362e-01  -5.7598090e-01  -1.0851324e+00  -8.8068082e-01  -1.1665156e+00  -1.0660562e+00  -5.5374122e-01  -1.1506357e-01  -9.1623856e-02   2.7993793e-01  -5.9023011e-01  -7.3945074e-01
   2.7098680e+00   2.5226305e+00   1.8776234e+00   4.7837964e-01   5.1589581e-01  -7.7439207e-01  -1.6906107e+00  -1.5046083e+00  -1.5595529e+00  -1.0864373e+00  -9.3635916e-02  -4.1574324e-02  -2.5815163e-01   3.4668399e-01  -6.9281759e-01  -4.6930162e-01
   2.5504121e+00   2.4015698e+00   2.0120108e+00   2.6883671e-01   9.7291360e-02  -1.0528067e+00  -1.5151705e+00  -1.4865886e+00  -1.3566792e+00  -1.0398263e+00   1.5286744e-01   6.0391138e-02  -3.5681846e-02   3.5731618e-01  -6.2597279e-01  -2.1187694e-01
   2.7803417e+00   2.5830871e+00   2.0907357e+00   2.1157150e-01  -4.1444743e-02  -6.8420236e-01  -1.6018220e+00  -1.9828811e+00  -1.8233106e+00  -1.0886804e+00   3.4237816e-01   2.1585538e-01  -4.8714422e-02   5.7502156e-01  -5.0051640e-01  -2.6938930e-01
   2.2347820e+00   2.3934437e+00   2.1541535e+00   5.1521182e-01  -1.0087698e-01  -1.2252595e+00  -1.8742066e+00  -1.7161314e+00  -1.5096953e+00  -1.0255813e+00   3.1529609e-01   1.7478847e-01  -2.2644710e-01   6.3643170e-01  -4.9253276e-01  -3.6532171e-01
   2.6154350e+00   2.6194943e+00   2.1854022e+00   1.0024836e+00   7.5141056e-02  -8.9593072e-01  -1.8720729e+00  -1.3677984e+00  -1.3698899e+00  -8.4573120e-01   3.8099711e-01   3.4305317e-01  -4.8590468e-01   3.4808414e-01  -3.9020424e-01  -1.9867019e-01
   2.3684008e+00   2.5001160e+00   2.1237954e+00   5.1343463e-01   3.3460201e-01  -8.9421141e-01  -1.9785111e+00  -1.8357884e+00  -1.6128012e+00  -8.5610363e-01   2.9013600e-01   5.0162998e-01  -2.1192997e-01   4.2415113e-01  -7.8157690e-01  -4.0649986e-01
   2.5652842e+00   2.6909115e+00   1.9588782e+00   2.3049814e-01  -3.3516039e-01  -9.9403078e-01  -1.3819606e+00  -1.3230897e+00  -1.2643867e+00  -7.9569378e-01   5.3204951e-01   6.3588726e-01  -3.5369970e-01   2.3021534e-01  -6.4912497e-01  -3.1534122e-01
   2.3300915e+00   2.6685020e+00   1.6090080e+00   4.8881861e-01   2.8864625e-02  -6.2196612e-01  -1.2338246e+00  -1.2206835e+00  -1.3356020e+00  -9.2505040e-01   7.1400270e-01   8.7658255e-01  -3.5300183e-01  -3.9149659e-01  -8.6326983e-01  -4.5975672e-01
   2.5924997e+00   2.7898460e+00   1.3442973e+00   2.7584748e-01   6.5633870e-02  -7.4881035e-01  -1.4520896e+00  -1.3381525e+00  -1.2517539e+00  -7.8100303e-01   9.6933482e-01   1.2568794e+00  -9.4821472e-02  -6.8647828e-01  -1.1933686e+00  -7.0448824e-01
   2.3299485e+00   2.8536056e+00   1.2101478e+00   4.8349550e-01  -3.4858740e-01  -7.6585164e-01  -1.0880777e+00  -1.0469905e+00  -1.0055093e+00  -4.6931207e-01   8.1056797e-01   1.3374463e+00   4.7592008e-01   1.2457788e-01  -8.1834087e-01  -9.2276045e-01
   2.7150376e+00   2.9263910e+00   1.0375907e+00   1.0223238e+00   1.4303472e-01  -7.9293607e-01  -1.5067431e+00  -1.4101385e+00  -1.1777249e+00  -4.8613309e-01   1.0586752e+00   1.6000200e+00   9.3207388e-01   7.7671630e-01  -6.2477367e-01  -1.1136779e+00
   2.5234269e+00   3.0448089e+00   1.0423118e+00   9.2856292e-01   4.1047333e-01  -6.7703698e-01  -1.2925405e+00  -1.3599773e+00  -1.0054844e+00  -5.5500484e-01   1.3338006e+00   1.8091849e+00   1.1704690e+00   1.0591048e+00  -3.5440963e-01  -8.7944262e-01
   2.5386422e+00   3.0870093e+00   1.2111553e+00   8.9903982e-01   3.4938906e-04  -9.0571278e-01  -1.3815609e+00  -1.3318001e+00  -1.3148423e+00  -7.8066351e-01   1.1238629e+00   1.6326948e+00   9.3599145e-01   1.0735889e+00  -2.8416850e-01  -5.5856720e-01
   2.5245113e+00   2.9671037e+00   1.1294617e+00   7.4551854e-01   3.3901809e-01  -5.0370283e-01  -1.5994484e+00  -1.4815937e+00  -1.5132134e+00  -9.4411789e-01   7.1492186e-01   1.4923657e+00   9.8107702e-01   1.1506428e+00   5.3967859e-02  -8.8259852e-01
   1.9809457e+00   2.6829737e+00   1.1455683e+00   7.2941321e-01  -1.4145809e-02  -6.9956913e-01  -1.4187250e+00  -1.6014548e+00  -1.4432496e+00  -1.0020769e+00   6.7602516e-01   1.2499791e+00   6.9693462e-01   5.7492798e-01  -4.3139143e-01  -1.2636655e+00
   1.9714247e+00   2.3434131e+00   1.0416856e+00   4.5017925e-01  -4.6415832e-01  -1.1789041e+00  -1.5426880e+00  -1.4499672e+00  -1.6445821e+00  -1.2435737e+00  -7.6926331e-02   4.2821119e-01  -2.8787988e-01  -1.8220121e-01  -7.4327544e-01  -1.1530385e+00
   2.3218171e+00   2.3551852e+00   9.6707946e-01   7.7422702e-01   2.0166890e-01  -6.3040047e-01  -1.4681492e+00  -1.3507391e+00  -1.4993306e+00  -1.3596977e+00  -8.9639839e-01  -3.5671988e-01  -4.4355021e-01  -8.9132168e-02  -6.6400908e-01  -1.1527792e+00
   2.5262630e+00   2.3429069e+00   1.0472225e+00   2.8850210e-01  -3.6913344e-01  -1.0587004e+00  -1.5078354e+00  -1.4455888e+00  -1.5223815e+00  -1.5381925e+00  -7.2570818e-01  -4.8882702e-02  -3.0577966e-01  -2.7692163e-01  -7.8486757e-01  -1.3444716e+00
   2.4717367e+00   2.2671124e+00   1.0172960e+00   3.6691723e-01  -4.9152098e-01  -1.4705476e+00  -1.9728872e+00  -2.0609006e+00  -2.0129956e+00  -1.6409142e+00  -8.9092476e-01  -4.0436209e-01  -6.3900029e-01  -1.0088349e+00  -1.4519837e+00  -1.6113593e+00
   2.2516110e+00   2.0050227e+00   9.1877195e-01   2.8631588e-01  -3.3494060e-01  -1.1205171e+00  -1.7804224e+00  -1.5186499e+00  -1.7448485e+00  -1.5726548e+00  -1.2927135e+00  -9.2693494e-01  -1.1200553e+00  -1.2693976e+00  -1.6203298e+00  -1.5391069e+00
   2.0014900e+00   1.6439720e+00   4.9780097e-01   1.9252697e-01  -4.8065289e-01  -8.2287717e-01  -1.6960404e+00  -1.5917565e+00  -1.7053621e+00  -1.7828632e+00  -9.8598298e-01  -7.8939841e-01  -9.9093967e-01  -9.3858984e-01  -1.3520823e+00  -1.1947071e+00
   1.5999198e+00   5.7859025e-01  -4.5593583e-01   1.6579984e-01  -6.4680997e-01  -1.1377216e+00  -1.8739848e+00  -2.0671591e+00  -1.9215506e+00  -1.7884729e+00  -1.0067743e+00  -8.5083990e-01  -1.0346245e+00  -8.3533058e-01  -1.1736933e+00  -1.1592735e+00
   1.8497350e+00   5.7693981e-01  -2.9470926e-01   1.1423016e-01  -6.0097162e-01  -1.3120463e+00  -2.0095647e+00  -1.6935117e+00  -1.9854133e+00  -1.9054959e+00  -1.2969764e+00  -1.2568295e+00  -1.3104881e+00  -7.7088289e-01  -1.5137416e+00  -1.4992277e+00
   1.9910495e+00   9.3970192e-01  -2.9389882e-01   1.8431535e-01  -2.8258460e-01  -1.2485111e+00  -1.6343248e+00  -1.8722525e+00  -2.0336274e+00  -1.7239937e+00  -1.1193058e+00  -1.1095700e+00  -1.5027438e+00  -6.3336940e-01  -1.5136518e+00  -1.7332969e+00
   1.7701514e+00   8.5361398e-01   4.2795542e-03   4.0132299e-01  -1.7224391e-01  -9.5298244e-01  -1.8344968e+00  -1.8618828e+00  -1.9475289e+00  -1.8410554e+00  -1.3737781e+00  -1.2358436e+00  -1.3712995e+00  -7.7242640e-01  -1.6789825e+00  -1.7553645e+00
   1.7740218e+00   1.0127120e+00  -1.5172106e-01   6.3249528e-01   3.6502461e-01  -6.6782482e-01  -1.7979030e+00  -1.8353259e+00  -1.5789432e+00  -1.7635173e+00  -1.3870886e+00  -9.6637013e-01  -1.5476648e+00  -1.6883404e+00  -1.9851595e+00  -1.9733218e+00
   1.8927596e+00   4.0404429e-01  -7.4355635e-02   3.5410190e-01   9.6897466e-02  -1.2369207e+00  -1.8940633e+00  -1.7537092e+00  -1.6474996e+00  -1.8408752e+00  -1.3323181e+00  -9.1856179e-01  -1.8826265e+00  -1.9287974e+00  -2.0580199e+00  -2.0117978e+00
   2.2258010e+00   3.8661968e-01  -5.4423882e-01  -7.9628422e-02  -4.5920125e-01  -1.2495540e+00  -1.9264121e+00  -1.6170800e+00  -2.0385168e+00  -1.6944488e+00  -1.1925649e+00  -8.2826654e-01  -1.3988094e+00  -1.7685918e+00  -2.1786074e+00  -1.7176707e+00
   1.8578631e+00   4.4804765e-01  -3.2591390e-01  -6.4867397e-01  -7.8443128e-01  -1.1339720e+00  -2.1196713e+00  -1.9248647e+00  -2.0292486e+00  -1.7303789e+00  -1.5066447e+00  -1.2371811e+00  -1.5304608e+00  -2.0372962e+00  -2.3294349e+00  -2.0103300e+00
   1.8103716e+00   5.2932385e-01  -2.8925239e-01  -7.6577289e-01  -7.9627165e-01  -8.1227611e-01  -1.3712020e+00  -1.4994609e+00  -1.8840271e+00  -1.8076038e+00  -1.5941731e+00  -1.1036662e+00  -1.5491258e+00  -1.4846670e+00  -1.7955083e+00  -1.5044644e+00
   1.5969161e+00   3.0969105e-01  -2.5176632e-01  -1.5834553e-01  -2.2876567e-01  -8.8893296e-01  -1.4855572e+00  -1.6657225e+00  -1.6117441e+00  -1.6154394e+00  -1.2367061e+00  -7.8636578e-01  -1.2076993e+00  -1.5361829e+00  -1.9100387e+00  -1.5132683e+00
   1.4705080e+00   5.0827414e-01   8.5983037e-02   2.0607829e-01   1.3220369e-01  -1.0842754e+00  -1.9429070e+00  -2.0108276e+00  -1.9812161e+00  -1.7222132e+00  -1.6325455e+00  -1.4534976e+00  -1.8165527e+00  -2.3140316e+00  -2.3919877e+00  -1.8933767e+00
   1.7309147e+00   5.6980960e-01  -4.7536236e-02   7.8254661e-01   1.7620501e-01  -1.0154194e+00  -1.6671356e+00  -2.1235943e+00  -2.2278116e+00  -1.8507848e+00  -1.6230533e+00  -1.7504177e+00  -1.8951435e+00  -2.1844803e+00  -2.4769183e+00  -2.1008720e+00
   1.7296526e+00   1.8476482e-01  -2.7116722e-02   7.1128269e-01   1.6906266e-01  -7.3747382e-01  -1.5422719e+00  -1.7887865e+00  -1.5999339e+00  -1.8883776e+00  -1.8314169e+00  -1.8226575e+00  -2.1268369e+00  -2.0277113e+00  -2.0769460e+00  -2.0720151e+00
   2.2905884e+00   6.2854302e-01  -1.1188894e-01   2.0907201e-01  -4.2269067e-01  -8.0689933e-01  -1.6504758e+00  -1.7833731e+00  -1.8859881e+00  -1.7142226e+00  -1.5806429e+00  -1.9410726e+00  -2.0422910e+00  -2.2057338e+00  -2.1992798e+00  -2.2644109e+00
   2.4125371e+00   1.3465292e+00  -3.2214304e-01   2.8317325e-02  -3.4219011e-01  -7.6573239e-01  -1.2983022e+00  -1.7892716e+00  -1.7740700e+00  -1.8158528e+00  -1.5019221e+00  -1.6207983e+00  -1.8960410e+00  -2.0460500e+00  -2.0364495e+00  -1.9665469e+00
   2.3978127e+00   1.2406733e+00  -6.9536334e-02  -1.0462714e-02   5.3107667e-03  -5.7545484e-01  -1.7411999e+00  -2.1620352e+00  -2.0646003e+00  -2.1641993e+00  -1.5761209e+00  -1.9229901e+00  -2.1529734e+00  -2.3610936e+00  -2.2898625e+00  -2.1671583e+00
   2.5655675e+00   1.4123131e+00  -3.8823286e-01  -1.8757878e-01  -2.3056454e-01  -1.1846898e+00  -1.7715301e+00  -1.7143030e+00  -1.6952399e+00  -1.9679210e+00  -1.6216506e+00  -1.7482939e+00  -2.0803385e+00  -2.2130229e+00  -2.2420887e+00  -2.0118271e+00
   2.3691757e+00   1.0810096e+00  -2.7109790e-01   2.3525389e-01  -2.9716952e-01  -1.3413246e+00  -1.6218475e+00  -1.7605756e+00  -2.2549705e+00  -2.0788408e+00  -1.7233405e+00  -1.9316590e+00  -1.8735140e+00  -2.2497197e+00  -2.1970322e+00  -2.1468367e+00
   2.2312937e+00   1.0922673e+00  -1.0539619e+00  -2.6337891e-01  -6.8513273e-01  -1.4370768e+00  -1.9088468e+00  -1.8844953e+00  -2.1397007e+00  -2.1492287e+00  -1.7588135e+00  -2.0059478e+00  -2.2473025e+00  -2.1191652e+00  -2.3888034e+00  -2.0895393e+00
   2.1346673e+00   1.0873412e+00  -4.0158455e-01   3.8528598e-01  -5.7845308e-01  -1.2914307e+00  -2.3929243e+00  -2.0229575e+00  -2.2348147e+00  -1.8928285e+00  -1.6639999e+00  -2.1020498e+00  -2.0906152e+00  -2.3512453e+00  -2.4550511e+00  -2.1436114e+00
   2.3062158e+00   9.3544578e-01  -6.6925981e-01   9.0674554e-02  -5.8011968e-01  -8.0056881e-01  -1.5744239e+00  -1.7985316e+00  -2.0346807e+00  -1.8469617e+00  -1.6660835e+00  -1.9097347e+00  -2.1741561e+00  -2.2365159e+00  -2.2361548e+00  -1.9067654e+00
   1.8856827e+00   7.8509849e-01  -2.5766223e-01   4.2748814e-01  -1.0112129e-01  -8.3527369e-01  -1.7077207e+00  -1.7341187e+00  -1.7632303e+00  -1.8037343e+00  -1.5220492e+00  -1.8846209e+00  -2.1755846e+00  -2.0258588e+00  -2.2333108e+00  -2.0276446e+00
   1.7056534e+00   5.7212433e-01  -1.4828904e-01  -1.7524928e-01  -8.0687795e-01  -1.3360326e+00  -1.6085513e+00  -1.5216785e+00  -1.8564092e+00  -1.6984318e+00  -1.5900454e+00  -1.8496635e+00  -1.9702053e+00  -2.0124006e+00  -2.0388904e+00  -1.8585291e+00
   2.2613429e+00   9.7937065e-01  -1.2465877e-02   1.5031036e-03  -5.5066911e-01  -1.1686620e+00  -1.9335531e+00  -2.0296431e+00  -1.7543718e+00  -1.8742015e+00  -1.8310135e+00  -2.4074564e+00  -2.1598121e+00  -2.1616931e+00  -2.3189887e+00  -1.9952451e+00
   1.8689903e+00   1.1328266e+00   1.0097329e-01   4.9041956e-01   1.5647851e-02  -1.1122547e+00  -2.0700325e+00  -1.6732433e+00  -1.7386563e+00  -1.7945781e+00  -1.6068796e+00  -1.8186364e+00  -2.1781688e+00  -2.3899744e+00  -2.4156285e+00  -2.1175817e+00
   1.2155765e+00   5.9035056e-01  -1.8547557e-01   1.6274376e-01  -1.1101687e-01  -8.1941060e-01  -1.3680106e+00  -1.8885196e+00  -1.8749806e+00  -2.0630698e+00  -1.5791757e+00  -1.7921656e+00  -1.9476266e+00  -2.3147207e+00  -2.3898638e+00  -2.2540265e+00
   1.6887625e+00   6.8310431e-01  -4.0600020e-02   4.4626989e-01  -3.1400903e-01  -1.0240259e+00  -1.6554177e+00  -2.0075448e+00  -2.1054207e+00  -2.3495551e+00  -1.7900730e+00  -2.0837967e+00  -2.0361379e+00  -2.1475471e+00  -2.2983355e+00  -2.3881343e+00
   1.9955783e+00   4.3657662e-01  -7.0501111e-02   2.0746433e-01  -3.3758715e-01  -8.5466219e-01  -1.8581439e+00  -1.8042563e+00  -2.3712278e+00  -2.0444778e+00  -1.6493665e+00  -2.1835705e+00  -2.3382268e+00  -2.3629551e+00  -2.2717489e+00  -2.3487521e+00
   1.3737967e+00   6.6324690e-01   6.8660429e-02   2.9420815e-01  -4.4568688e-01  -1.0368785e+00  -1.6189060e+00  -1.9720462e+00  -2.1978519e+00  -2.1592707e+00  -1.6680415e+00  -2.1815922e+00  -2.1312876e+00  -2.3167104e+00  -2.3524539e+00  -2.1453001e+00
