   3.2022258e+00   2.2843067e+00   1.4161697e+00   1.3065904e+00   1.5671817e+00   2.1316706e+00   2.2369115e+00   2.0327786e+00   1.3923563e+00   1.3363672e+00   1.5408939e+00   1.2277547e+00   1.0054054e+00   8.0940397e-01   6.7311701e-01   6.4806633e-01
   2.9444023e+00   2.0373996e+00   1.2537500e+00   2.0188672e+00   1.8193047e+00   1.5454542e+00   1.5261203e+00   1.8449373e+00   1.1843546e+00   1.4242794e+00   1.3150050e+00   1.4252335e+00   9.9543544e-01   9.2095444e-01   5.9172915e-01   6.1533696e-01
   2.9731772e+00   2.0384103e+00   1.0851730e+00   1.6327204e+00   1.9515356e+00   1.8821800e+00   1.5078421e+00   1.6873928e+00   1.6617863e+00   1.4555125e+00   1.4844865e+00   1.9705137e+00   1.3891624e+00   1.0881605e+00   6.2218676e-01   3.8471625e-01
   3.0360319e+00   1.6142198e+00   1.4270314e+00   1.7872378e+00   1.8358547e+00   1.6709731e+00   1.4399679e+00   1.5492425e+00   1.4892787e+00   1.3603451e+00   1.5422260e+00   1.6741927e+00   1.2538020e+00   1.2452929e+00   8.8551484e-01   4.6047516e-01
   2.7639232e+00   1.9654626e+00   1.4530609e+00   1.6508028e+00   1.5882238e+00   2.0825892e+00   1.6493574e+00   1.6349224e+00   2.0689285e+00   1.4280745e+00   1.9280387e+00   1.7935438e+00   1.4534825e+00   1.0021429e+00   1.0586918e+00   6.4349810e-01
   2.2449042e+00   2.2610332e+00   1.1783082e+00   1.7386809e+00   1.9917164e+00   2.2446325e+00   1.5577336e+00   1.3259343e+00   1.6912128e+00   1.6517609e+00   1.5056632e+00   1.3050729e+00   1.1954868e+00   9.2535995e-01   8.2128261e-01   7.2567762e-01
   3.0323479e+00   1.8232657e+00   1.2793270e+00   1.4875832e+00   1.8548547e+00   2.0832684e+00   1.8908179e+00   1.2504889e+00   1.8705293e+00   1.7544702e+00   1.1643275e+00   1.3170852e+00   1.1825628e+00   1.1374575e+00   1.2432878e+00   9.0688688e-01
   2.8559582e+00   1.8043065e+00   1.4509746e+00   1.9607212e+00   2.1831242e+00   2.1452539e+00   2.1393335e+00   2.2923593e+00   1.7260234e+00   1.8018457e+00   1.5661413e+00   1.4823345e+00   1.8614049e+00   1.7701467e+00   1.6457648e+00   1.2047094e+00
   2.8418182e+00   2.2347935e+00   1.4597208e+00   1.5475857e+00   2.2073280e+00   2.3542965e+00   1.9221803e+00   2.2741669e+00   1.6248476e+00   1.5620667e+00   1.4062599e+00   1.7214752e+00   1.6019290e+00   1.7331747e+00   1.7649679e+00   1.1689928e+00
   3.0828817e+00   2.4898805e+00   1.4591331e+00   1.6048536e+00   1.9179420e+00   2.5514650e+00   1.6872552e+00   2.3993661e+00   2.0327690e+00   1.6338841e+00   1.4868065e+00   1.6824492e+00   1.3472492e+00   1.2756168e+00   1.6421627e+00   1.1588575e+00
   2.6809135e+00   2.8908156e+00   1.7608721e+00   1.3566845e+00   1.7870112e+00   2.1218948e+00   1.8291947e+00   2.0961271e+00   2.0626708e+00   1.5650589e+00   8.9408688e-01   1.1564280e+00   1.1946913e+00   1.2666780e+00   1.4242553e+00   1.0794895e+00
   2.7845764e+00   2.1727872e+00   1.3743721e+00   1.4517261e+00   1.3838598e+00   2.1949914e+00   2.1329337e+00   2.3104382e+00   2.4025787e+00   1.7814996e+00   1.6658304e+00   1.5316870e+00   1.0595020e+00   1.1962036e+00   1.3839852e+00   1.1577897e+00
   3.5212343e+00   2.3837812e+00   1.4219898e+00   1.9748013e+00   1.5910633e+00   2.2689526e+00   2.2208985e+00   2.3781135e+00   1.9685720e+00   1.5602687e+00   1.5148931e+00   1.6248378e+00   1.2756957e+00   1.0087510e+00   1.3119044e+00   9.0228847e-01
   3.1440733e+00   1.8301607e+00   1.4010588e+00   1.6340606e+00   1.6364830e+00   1.6727061e+00   1.6012190e+00   1.9153446e+00   2.0587034e+00   1.9944131e+00   1.6546540e+00   1.3561732e+00   1.5004508e+00   1.2228258e+00   1.2850060e+00   9.7142000e-01
   2.8844377e+00   2.1980526e+00   1.5502975e+00   1.6357225e+00   1.7559574e+00   2.3273349e+00   1.7783070e+00   2.4276784e+00   1.9994026e+00   1.7209736e+00   1.6745030e+00   1.1813255e+00   8.1988765e-01   9.5535432e-01   1.3332226e+00   8.2534731e-01
   3.3809983e+00   1.9552717e+00   1.6976626e+00   2.3294525e+00   1.6272191e+00   2.1561043e+00   1.7106942e+00   2.2278962e+00   1.6806581e+00   1.5718799e+00   1.6853118e+00   1.5752909e+00   9.7146312e-01   9.8759496e-01   1.1786089e+00   8.6941280e-01
   2.8819623e+00   2.3297075e+00   1.6462144e+00   1.9007414e+00   9.9220740e-01   2.0645278e+00   1.6699483e+00   2.1852749e+00   1.9764155e+00   1.7114297e+00   1.6493174e+00   1.0649690e+00   9.8173860e-01   8.1523594e-01   9.2462432e-01   7.0364364e-01
   3.4821010e+00   1.8329527e+00   5.5475997e-01   1.2258266e+00   1.4306293e+00   2.0631998e+00   2.1354173e+00   1.9534399e+00   1.1880161e+00   1.4238844e+00   1.4181720e+00   1.1270048e+00   8.6661168e-01   8.7585238e-01   7.4484915e-01   5.6672712e-01
   3.1791735e+00   2.2104183e+00   1.2407506e+00   1.5867346e+00   1.7073115e+00   1.7903170e+00   1.9270577e+00   1.7770298e+00   1.5082702e+00   1.3313131e+00   1.0443048e+00   1.1122391e+00   7.9547505e-01   6.1731357e-01   6.4441590e-01   3.0311568e-01
   3.1281392e+00   2.0412275e+00   1.6507967e+00   1.8629917e+00   1.7915290e+00   1.6949631e+00   1.7281617e+00   1.9646416e+00   1.4715087e+00   1.2759985e+00   1.4370713e+00   1.1197954e+00   7.2112442e-01   7.7729877e-01   5.4027001e-01   2.8342333e-01
   2.7624458e+00   1.4287015e+00   1.6279285e+00   1.9671334e+00   1.4144849e+00   1.6336432e+00   1.5329821e+00   2.0457303e+00   1.4404139e+00   1.2226486e+00   1.4184834e+00   1.1619586e+00   4.9194821e-01   5.7131216e-01   5.9856747e-01   4.0582671e-01
   3.2501328e+00   1.8912096e+00   1.4529010e+00   1.7594608e+00   1.1292642e+00   1.6831419e+00   1.4013692e+00   1.4597862e+00   1.7461402e+00   1.2953392e+00   1.3847244e+00   1.3293241e+00   5.8500140e-01   3.9375393e-01   4.5445887e-01   4.1264241e-01
   2.8304512e+00   2.1185737e+00   1.2714109e+00   1.6868307e+00   1.4716191e+00   1.6526158e+00   1.3509151e+00   1.8156366e+00   1.3541908e+00   1.2527930e+00   1.2735032e+00   1.0054390e+00   6.2005070e-01   1.8070510e-01   5.5759709e-01   4.3753799e-01
   2.9876824e+00   2.0385176e+00   1.1724169e+00   1.5212515e+00   1.6134359e+00   1.6026631e+00   1.2894190e+00   1.4839911e+00   1.3262550e+00   1.4349000e+00   1.3939723e+00   1.0659753e+00   3.8106408e-01   5.0866060e-01   5.1170924e-01   1.8085496e-01
   2.7020010e+00   1.9887720e+00   1.8641798e+00   1.3263679e+00   1.0830299e+00   1.6525694e+00   1.6575518e+00   1.6238287e+00   1.6093980e+00   1.8466340e+00   1.6406528e+00   1.2514286e+00   4.3586110e-01   3.4768817e-01   7.1817829e-01   5.7532818e-01
   2.6713092e+00   1.9706180e+00   1.6093621e+00   1.8904292e+00   1.5054487e+00   1.5426577e+00   1.4649618e+00   1.3237606e+00   1.5154704e+00   1.3880919e+00   1.0848231e+00   1.0018809e+00   4.6962800e-01   4.2786807e-01   5.1488751e-01   3.9734987e-01
   2.4311356e+00   1.7057740e+00   1.5242825e+00   1.2981173e+00   1.1527867e+00   1.1759289e+00   1.4192407e+00   1.4662377e+00   1.2420482e+00   1.1534557e+00   1.2403397e+00   9.1846933e-01   7.7512694e-01   4.6909255e-01   6.0191729e-01   5.1555054e-01
   3.2885423e+00   1.9501795e+00   1.1954818e+00   1.1782824e+00   1.2068626e+00   7.2092183e-01   9.6452435e-01   1.4908487e+00   1.2298279e+00   1.0309904e+00   1.1334755e+00   6.7303711e-01   4.2533810e-01   1.6541337e-01   3.7109726e-01   2.9268801e-01
   2.8972343e+00   1.2667441e+00   1.0621642e+00   1.8320935e+00   1.3976053e+00   1.2877909e+00   8.9600920e-01   1.7482246e+00   1.2882989e+00   1.1340200e+00   1.2328013e+00   8.2183562e-01   2.3203492e-01   3.0065909e-01   3.4616444e-01   2.1164833e-01
   2.9260067e+00   1.9221809e+00   1.4166587e+00   1.9641843e+00   1.3884541e+00   1.4885920e+00   1.1565699e+00   1.0331430e+00   1.2928448e+00   1.4833638e+00   1.0697257e+00   1.0073922e+00   7.6658228e-01   5.7407072e-01   2.0546415e-01   1.5498704e-01
   3.0670734e+00   1.7462948e+00   9.6920881e-01   1.7581281e+00   1.4642534e+00   1.5629845e+00   9.3983257e-01   1.3844010e+00   1.5030758e+00   1.5462299e+00   9.1035173e-01   7.6035428e-01   6.1194062e-01   3.1092149e-01   5.4399967e-01  -2.0495513e-02
   2.7926033e+00   1.6255669e+00   6.7155217e-01   1.9978599e+00   1.7556658e+00   1.0739870e+00   1.4623983e+00   1.6219456e+00   1.4675535e+00   1.5596098e+00   9.0123191e-01   6.6131517e-01   1.9861686e-01   2.9807938e-01   5.7331842e-01   2.0271292e-01
   2.5435181e+00   2.1364633e+00   6.6976204e-01   1.8263859e+00   1.5355493e+00   1.2521155e+00   1.6083856e+00   1.7404801e+00   1.5684991e+00   1.1513516e+00   1.1399702e+00   8.3157827e-01   3.0825354e-01   3.8769469e-01   5.7802607e-01   2.2850203e-01
   2.9050336e+00   2.0775006e+00   5.8408432e-01   1.4955048e+00   1.7743363e+00   9.8527799e-01   8.4937348e-01   1.4938825e+00   1.4363382e+00   9.9210806e-01   7.0244791e-01   8.4894253e-01   6.9897029e-01   3.0781740e-01   3.8106342e-01   1.0580695e-01
   3.1783132e+00   2.5012799e+00   1.5210097e+00   1.5316067e+00   1.4107582e+00   1.3678408e+00   1.4030576e+00   1.5772025e+00   1.3820425e+00   1.0149456e+00   1.0288277e+00   1.0574212e+00   8.7469768e-01   4.2155917e-01   3.9245599e-01   3.4192277e-01
   2.9640379e+00   2.1526874e+00   1.3417537e+00   1.8782934e+00   1.3852745e+00   1.1724230e+00   1.3385850e+00   1.4369078e+00   1.4340096e+00   1.2794149e+00   1.3157615e+00   1.2469983e+00   7.3297256e-01   5.2883731e-01   2.9528543e-01   4.4010429e-01
   3.2258693e+00   1.5391772e+00   1.3308251e+00   1.6753911e+00   1.4875251e+00   1.4407490e+00   1.2362248e+00   1.1743170e+00   1.0904673e+00   8.7205391e-01   1.2723931e+00   1.2011897e+00   6.9791910e-01   7.6507437e-01   6.0919085e-01   4.0785925e-01
   3.6387368e+00   1.6408868e+00   1.4080962e+00   1.8339555e+00   1.3622706e+00   1.6870808e+00   1.1376785e+00   1.1991215e+00   1.4704984e+00   1.2713850e+00   1.1064693e+00   1.0874761e+00   8.2318456e-01   7.0323708e-01   5.0376751e-01   3.3523399e-01
   3.5281142e+00   1.8936908e+00   1.0756838e+00   1.8190744e+00   1.4236976e+00   1.7207090e+00   1.0389020e+00   1.4275907e+00   1.2929822e+00   1.1954712e+00   1.0800116e+00   1.1926110e+00   1.0443960e+00   8.3459197e-01   8.9987639e-01   8.7385653e-01
   2.7326482e+00   8.3738559e-01   1.3283273e+00   1.7211162e+00   1.0070512e+00   1.5002509e+00   1.4993792e+00   1.3865210e+00   1.3180244e+00   8.7012478e-01   1.1084890e+00   9.7570039e-01   9.4616169e-01   1.1774055e+00   8.9751627e-01   7.2735046e-01
   2.8674493e+00   1.5806679e+00   1.1696290e+00   1.3780463e+00   8.8234059e-01   1.1156427e+00   1.4223925e+00   1.3307850e+00   1.4465030e+00   1.0870130e+00   1.3740791e+00   1.2028797e+00   1.1222099e+00   8.3149469e-01   8.4995271e-01   6.1542758e-01
   1.8220439e+00   1.0796936e+00   1.4797500e+00   1.5002294e+00   1.6555220e+00   1.1868999e+00   1.2512797e+00   1.5624944e+00   1.3510761e+00   1.3385093e+00   5.9953831e-01   7.6101146e-01   6.1054296e-01   4.6011694e-01   6.3799419e-01   7.9105560e-01
   2.2253107e+00   1.3322567e+00   1.0777614e+00   1.8557207e+00   9.2774470e-01   6.2163797e-01   6.4785597e-01   1.0359165e+00   1.2659655e+00   1.0698069e+00   1.1262498e+00   8.7712752e-01   2.8467528e-01   4.3321503e-01   4.9667454e-01   4.3123577e-01
   3.2902547e+00   2.1034709e+00   1.7459005e+00   1.7357350e+00   1.5256342e+00   1.2674072e+00   1.1960565e+00   1.6142885e+00   1.6196729e+00   9.1114498e-01   9.4654305e-01   1.2452785e+00   8.0276100e-01   8.2733159e-01   7.1673143e-01   4.9516887e-01
   2.8550788e+00   1.9227503e+00   1.3030296e+00   2.2408559e+00   1.7634368e+00   1.5050190e+00   9.1317576e-01   1.2135779e+00   9.9327178e-01   7.8203563e-01   1.3170694e+00   1.3606400e+00   1.1047112e+00   1.0155145e+00   9.8181044e-01   5.0518510e-01
   2.3721217e+00   1.7462898e+00   1.7874259e+00   2.0504293e+00   1.2650246e+00   1.1400122e+00   1.0692320e+00   1.0176323e+00   1.1365370e+00   8.9709488e-01   1.4716048e+00   1.7417045e+00   1.3683082e+00   1.0631547e+00   7.8107591e-01   5.3599665e-01
   2.9085100e+00   2.0684684e+00   1.5534984e+00   1.9338663e+00   1.3694443e+00   1.4222435e+00   1.0547459e+00   1.4082501e+00   1.4828022e+00   1.0018885e+00   1.4357303e+00   1.7770079e+00   1.3327948e+00   8.7880845e-01   6.2341515e-01   3.4037233e-01
   2.3577989e+00   2.0337289e+00   1.8738477e+00   1.7053117e+00   8.3391538e-01   1.6339075e+00   1.4388046e+00   1.3582105e+00   1.2812141e+00   6.5309832e-01   1.5156190e+00   1.6668546e+00   1.3775197e+00   1.0990321e+00   8.8468587e-01   3.9084052e-01
   2.6264723e+00   2.1731597e+00   2.1723641e+00   1.8059606e+00   1.5018287e+00   1.9576962e+00   1.3701508e+00   1.3563504e+00   1.4374023e+00   7.0779568e-01   1.3279772e+00   1.3759371e+00   1.2013985e+00   9.2674343e-01   8.1882973e-01   4.6655675e-01
   2.9678580e+00   1.9287701e+00   1.5691201e+00   1.7080288e+00   1.3371869e+00   1.5107230e+00   1.3607153e+00   1.3553917e+00   1.2179759e+00   1.2624259e+00   1.0413953e+00   1.3353784e+00   1.0012963e+00   8.5171129e-01   6.9258743e-01   1.9691510e-01
   3.1006086e+00   2.2853406e+00   1.3750357e+00   1.9837144e+00   1.5738148e+00   1.3362712e+00   1.3852757e+00   1.3005397e+00   1.0862310e+00   1.1341510e+00   8.3133898e-01   1.2829495e+00   1.0157704e+00   8.7001310e-01   5.2261486e-01   4.2221426e-01
   3.3461949e+00   2.1961385e+00   1.8607030e+00   2.2501365e+00   1.2232138e+00   1.6797277e+00   1.3364491e+00   1.5536602e+00   1.2957231e+00   1.1955074e+00   1.2811127e+00   1.4955296e+00   1.2119303e+00   9.1601737e-01   5.1928790e-01   4.8119624e-01
   2.7859656e+00   2.3769145e+00   1.7748149e+00   2.2240240e+00   1.5847092e+00   1.9528610e+00   1.1962389e+00   1.3335263e+00   1.0801554e+00   1.2121647e+00   1.2703003e+00   1.6540745e+00   1.1151630e+00   6.7409537e-01   5.7777656e-01   5.9763130e-01
   2.8796721e+00   2.2983454e+00   1.6218736e+00   2.2781480e+00   1.5826218e+00   1.6894040e+00   1.2079600e+00   1.1950531e+00   1.0278366e+00   1.3116138e+00   8.6224978e-01   1.5352406e+00   9.3521626e-01   6.5112072e-01   7.8299508e-01   6.6931082e-01
   2.7763942e+00   2.4092783e+00   1.9953544e+00   2.2621721e+00   1.5426498e+00   1.3586130e+00   6.5496977e-01   1.3826406e+00   1.1137824e+00   8.0803288e-01   1.1624059e+00   1.5697257e+00   1.1388749e+00   7.9990974e-01   8.3407791e-01   7.7295011e-01
   3.0339403e+00   2.5420774e+00   1.5360595e+00   1.8743867e+00   1.5467824e+00   1.7786934e+00   1.3187964e+00   1.4117592e+00   1.2397474e+00   1.2971967e+00   1.1555935e+00   1.4921686e+00   1.1166328e+00   7.8103735e-01   7.4348676e-01   5.0640225e-01
   2.9977639e+00   2.3554411e+00   1.6587633e+00   2.2224057e+00   1.6136960e+00   1.3375093e+00   1.3867107e+00   1.4717065e+00   1.0401391e+00   1.0972255e+00   1.2869953e+00   1.6838123e+00   1.1113135e+00   5.7151340e-01   6.8398061e-01   6.8131752e-01
   2.4932195e+00   2.0218029e+00   1.7382436e+00   1.8857502e+00   1.3230464e+00   1.0617126e+00   1.1865227e+00   1.5307581e+00   1.0090692e+00   1.3351572e+00   1.4406327e+00   1.5558274e+00   1.0246655e+00   8.0675459e-01   1.0864975e+00   8.7827253e-01
   2.5084472e+00   1.6480325e+00   1.3640008e+00   2.3105432e+00   1.3901057e+00   1.4374258e+00   9.5742746e-01   1.0281972e+00   1.1122317e+00   9.3326697e-01   1.4820643e+00   1.5650068e+00   1.0820855e+00   6.8881481e-01   1.0285538e+00   9.1333255e-01
   3.0252940e+00   2.4714359e+00   1.8941490e+00   1.3023386e+00   6.7671944e-01   1.1371826e+00   7.8414620e-01   1.3150325e+00   1.2581118e+00   9.5857775e-01   1.1771605e+00   1.4904252e+00   1.2370937e+00   8.8120958e-01   8.1239424e-01   8.3466896e-01
   2.0548483e+00   2.2550518e+00   1.8189279e+00   1.9924155e+00   1.1782930e+00   1.1199320e+00   1.2710553e+00   1.4353380e+00   1.2756800e+00   1.4669575e+00   1.2450820e+00   1.4290462e+00   1.2834296e+00   7.5099321e-01   9.8599200e-01   6.0370087e-01
   2.7409369e+00   1.9106590e+00   1.4987301e+00   2.3030454e+00   1.8194354e+00   1.6943004e+00   1.5990997e+00   1.4513262e+00   1.1171011e+00   7.8479037e-01   7.3873811e-01   1.1783132e+00   1.3892738e+00   9.3364995e-01   1.0767930e+00   6.8017488e-01
   2.2957750e+00   2.0445113e+00   1.0368367e+00   1.7152791e+00   1.5374488e+00   1.5677442e+00   8.6635767e-01   1.4347510e+00   1.4942201e+00   1.1368776e+00   1.0115385e+00   1.1198508e+00   1.0543859e+00   7.9492471e-01   1.2963488e+00   6.0704784e-01
   2.9099576e+00   2.3325271e+00   1.4070169e+00   1.4546815e+00   1.0824658e+00   1.4272790e+00   1.3016151e+00   1.4061528e+00   1.0749775e+00   1.1061015e+00   1.2048680e+00   1.4154990e+00   1.1419584e+00   7.7464075e-01   1.5275565e+00   7.1006033e-01
   2.8913348e+00   1.6187308e+00   1.4396629e+00   1.9171205e+00   1.0498200e+00   1.2445199e+00   9.9450996e-01   1.3327678e+00   1.1598196e+00   1.2491425e+00   1.0614635e+00   1.1856737e+00   1.2658594e+00   7.8070272e-01   1.4903352e+00   6.5629500e-01
   2.0865841e+00   1.6002246e+00   1.1859939e+00   1.3797757e+00   1.2579136e+00   1.5470202e+00   1.0830656e+00   1.4225263e+00   1.0839800e+00   7.8945380e-01   1.1099785e+00   1.3015819e+00   1.4647143e+00   8.7951867e-01   1.0876711e+00   6.1093446e-01
   2.4514566e+00   1.8275944e+00   1.2547587e+00   1.1312644e+00   1.1855087e+00   9.3619929e-01   1.2267648e+00   1.4670665e+00   1.2944845e+00   1.3410888e+00   1.3285118e+00   1.6742270e+00   1.4605169e+00   6.6377557e-01   5.7762186e-01   7.3480541e-01
   2.5328666e+00   1.1544633e+00   1.1507869e+00   1.7485774e+00   1.2582637e+00   9.9988290e-01   1.0244957e+00   1.1372473e+00   9.6964264e-01   1.2856382e+00   1.2770019e+00   1.8134526e+00   1.4068538e+00   8.4985216e-01   1.1019250e+00   6.8029061e-01
   2.7141994e+00   1.6267650e+00   1.2469297e+00   1.7942455e+00   7.5081583e-01   1.2280429e+00   8.4039497e-01   1.4088090e+00   9.3850253e-01   8.6887322e-01   1.1577979e+00   1.6743953e+00   1.5969632e+00   7.3763218e-01   1.0245701e+00   7.3402351e-01
   2.7132346e+00   1.7267527e+00   1.1821436e+00   1.5006600e+00   1.3012759e+00   1.8328805e+00   1.3882943e+00   1.3162765e+00   1.0501583e+00   6.9557509e-01   8.9724643e-01   1.3150482e+00   1.1376512e+00   7.1136422e-01   1.1844750e+00   5.1789676e-01
   2.7324952e+00   1.7822222e+00   1.2872625e+00   1.3862076e+00   9.4059517e-01   1.3724533e+00   1.4177666e+00   1.2750871e+00   1.3494454e+00   6.8092066e-01   9.4560585e-01   1.1007153e+00   1.1464690e+00   3.9206010e-01   6.8216593e-01   2.8291117e-01
   2.3328376e+00   1.5453743e+00   1.5292550e+00   1.3033356e+00   1.1677627e+00   1.1361230e+00   9.4149196e-01   1.1323781e+00   1.4675934e+00   1.0584804e+00   8.4127170e-01   1.0070393e+00   1.2227707e+00   6.1525715e-01   6.8836478e-01   3.0703419e-01
   3.1648777e+00   1.8325368e+00   1.3488736e+00   1.2366271e+00   1.1636738e+00   1.4671877e+00   1.2451819e+00   1.1134998e+00   1.1680161e+00   1.1703308e+00   8.7689458e-01   5.9475635e-01   4.9406202e-01   3.4899391e-01   6.2292225e-01   1.3918032e-01
   2.8970003e+00   1.7775784e+00   1.7631507e+00   1.1109001e+00   1.2927933e+00   1.5848283e+00   1.0275590e+00   1.3640398e+00   1.5847344e+00   1.1049317e+00   1.2563704e+00   7.3357363e-01   5.9769476e-01   4.5667970e-01   5.7692954e-01   3.1275654e-01
   2.4580723e+00   2.1444138e+00   1.7177436e+00   1.3715309e+00   1.0864965e+00   1.0747874e+00   9.6081092e-01   1.3568971e+00   9.7887366e-01   8.2966475e-01   7.0227081e-01   4.1878479e-01   3.0283470e-01   7.8417350e-02   3.2763048e-01   5.8628587e-02
   2.8928826e+00   1.3060343e+00   1.2329565e+00   1.7318585e+00   1.3126869e+00   8.8574263e-01   5.5374054e-01   1.6658552e+00   9.0714186e-01   4.9217050e-01   5.5830332e-01   2.7443883e-01  -5.9306138e-02  -6.2881041e-02   2.3218052e-02  -2.6004436e-01
   2.8537057e+00   1.9150543e+00   1.5005127e+00   1.5331935e+00   1.2683117e+00   6.0691354e-01   6.7528759e-01   1.3133330e+00   1.1162987e+00   5.6038667e-01   6.9654162e-01   6.1722420e-01   2.7375337e-01   2.3860810e-01   1.7424615e-01  -1.1179131e-01
   3.1292069e+00   1.9527875e+00   1.1724586e+00   1.3096894e+00   1.0727511e+00   1.1316215e+00   9.1221147e-01   1.4604488e+00   1.3841814e+00   1.2688333e+00   8.0083390e-01   5.9378315e-01   7.9140807e-02   3.3288160e-02  -5.1242453e-02  -1.7853475e-01
   2.2995406e+00   1.7084708e+00   1.2193664e+00   1.5454807e+00   9.0982368e-01   1.1909204e+00   1.0198583e+00   1.0371626e+00   9.6949340e-01   1.2720843e+00   1.0114234e+00   7.1698858e-01   3.1262638e-01   1.3256543e-01   1.2693172e-01  -1.5452866e-01
   2.9436548e+00   1.6486821e+00   1.0288401e+00   1.4568790e+00   1.2006285e+00   1.1521599e+00   1.1534699e+00   1.2566755e+00   8.5766555e-01   9.4986125e-01   1.1400069e+00   6.9819455e-01   2.0002133e-01   2.5496140e-01   2.6840941e-01  -6.7882524e-02
   2.5884740e+00   2.2871199e+00   9.1778442e-01   1.5955392e+00   1.2748252e+00   1.4618556e+00   9.4434459e-01   9.7504748e-01   9.6480957e-01   1.0763331e+00   7.6908576e-01   2.1390090e-01  -1.6108422e-02   2.4893462e-01   2.6530899e-01  -1.8242670e-01
   2.7700807e+00   2.2670983e+00   1.8993713e+00   1.6617154e+00   6.1103175e-01   9.4117989e-01   5.5968442e-01   1.0259244e+00   1.1813340e+00   1.2795081e+00   8.8916163e-01   2.4573800e-01   7.0036061e-02  -4.6767351e-02   2.2382701e-02   7.4853589e-02
   2.0759440e+00   2.0114155e+00   1.7095186e+00   1.2821105e+00   9.7710610e-01   1.3479044e+00   7.5963228e-01   1.2014692e+00   1.3953551e+00   1.1158426e+00   8.5391006e-01   6.9358130e-01   5.3643228e-01   3.5982762e-01   3.8583552e-01  -1.2013575e-01
   2.3721974e+00   1.6712507e+00   1.0610863e+00   1.7652478e+00   1.1301024e+00   8.6207221e-01   9.5822710e-01   1.1187114e+00   1.1328122e+00   9.4235382e-01   1.1867914e+00   9.3309008e-01   6.8396988e-01   3.4043147e-01   1.7799356e-01  -4.2245562e-02
   3.1557847e+00   1.7394130e+00   1.1779990e+00   8.9763291e-01   9.8182870e-01   8.7203216e-01   1.2796019e+00   8.9409844e-01   8.6076060e-01   8.6129450e-01   1.2077102e+00   1.1405192e+00   7.3270141e-01   3.4629405e-01   1.2811394e-01  -1.2054371e-01
   2.8771134e+00   1.6125842e+00   6.5253862e-01   3.4764557e-01   1.1482516e+00   1.5765413e+00   1.2981920e+00   8.1511972e-01   1.0689647e+00   7.1274812e-01   9.4012075e-01   7.7774562e-01   3.4966620e-01   2.2438475e-01   3.6034391e-04   1.8047499e-02
   2.5720223e+00   2.4707887e+00   1.8181393e+00   8.3635185e-01   1.1140105e+00   8.4369912e-01   6.5561219e-01   8.8908066e-01   9.4365235e-01   9.5534012e-01   8.2989068e-01   4.5058219e-01   4.2708388e-01   4.4281964e-01   1.8706202e-01   2.3719072e-01
   3.4555751e+00   2.2920615e+00   1.7104333e+00   1.6506265e+00   1.3757441e+00   1.4975667e+00   9.1438356e-01   1.3726130e+00   1.1648851e+00   9.4768724e-01   6.6956232e-01   7.6618952e-01   5.1045646e-01   5.3821572e-01   2.0951288e-01  -4.0841231e-03
   3.1784857e+00   1.8799801e+00   1.4833916e+00   1.6262823e+00   1.1871656e+00   1.2706802e+00   1.3239265e+00   1.2483828e+00   1.3906922e+00   1.2457712e+00   7.8762520e-01   6.3667203e-01   3.4403778e-01   8.6919264e-02   3.8181406e-01   2.2590851e-01
   3.0213349e+00   1.5938912e+00   1.0980401e+00   1.6865623e+00   1.3380346e+00   1.2028023e+00   1.0224757e+00   1.3172708e+00   1.2229000e+00   9.7275065e-01   8.6031997e-01   9.7582446e-01   2.7622580e-01   3.5629688e-02   1.3192636e-01   1.3650162e-01
   2.0523393e+00   2.1118747e+00   1.5635266e+00   1.6897437e+00   1.4708714e+00   1.0976663e+00   1.2228278e+00   1.3731827e+00   1.1558272e+00   9.0228042e-01   1.0154694e+00   9.5647297e-01   3.9264971e-01   2.1397615e-01   4.0299073e-01   2.9852385e-02
   2.1379183e+00   1.8418819e+00   1.1053752e+00   1.6740833e+00   1.4510605e+00   1.4118294e+00   1.1039625e+00   9.4031425e-01   1.2491357e+00   1.1134871e+00   1.0339789e+00   9.2533213e-01   3.9241557e-01   1.8299804e-01   1.7980387e-01   5.3204795e-02
   2.0219153e+00   1.4735349e+00   1.1641225e+00   1.8775251e+00   1.3161343e+00   1.6199838e+00   9.7703076e-01   6.8739222e-01   8.9461963e-01   1.1032534e+00   1.1385848e+00   8.8615097e-01   3.5580929e-01   1.4909016e-02   4.3756157e-01   1.4002407e-01
   3.3730872e+00   1.9691023e+00   1.4362870e+00   1.9241085e+00   1.0384229e+00   1.3524518e+00   1.0527459e+00   1.3239686e+00   1.0694702e+00   1.1996446e+00   1.0744799e+00   6.9919659e-01   2.9714043e-01   3.2642278e-01   4.7891514e-01   2.2495011e-01
   3.3381437e+00   2.6132248e+00   1.1840456e+00   1.3975155e+00   9.2913732e-01   8.7165886e-01   9.9665953e-01   1.4001254e+00   1.0535122e+00   8.2563065e-01   9.0158226e-01   1.1480088e+00   5.7243747e-01   3.3017228e-01   6.7985036e-01   3.1475227e-01
   2.3841716e+00   2.2134050e+00   1.4811096e+00   1.4293363e+00   1.0287200e+00   1.3814629e+00   1.1226950e+00   1.5050844e+00   1.3294729e+00   1.1207713e+00   1.2371307e+00   9.5258308e-01   4.4892984e-01   3.5152523e-01   5.0023742e-01   4.2183353e-01
   2.6378134e+00   1.5688238e+00   1.3918755e+00   8.5328390e-01   9.9591726e-01   1.2052305e+00   1.2741881e+00   1.3780057e+00   1.5818801e+00   1.3262284e+00   1.2754875e+00   6.9929421e-01   5.1672320e-01   2.8970766e-01   2.8870666e-01   2.0200613e-01
   3.2698833e+00   2.0011442e+00   1.2838005e+00   1.7268420e+00   1.1628696e+00   1.4531202e+00   1.3032021e+00   1.3346393e+00   1.3016867e+00   1.3134810e+00   1.0791856e+00   7.9236169e-01   5.8777240e-01   6.3567663e-01   3.9323260e-01   3.5298354e-01
   3.4105912e+00   1.9155362e+00   1.3848749e+00   1.7688785e+00   1.2123464e+00   1.5926684e+00   1.1643584e+00   1.3011694e+00   1.1631194e+00   7.3331234e-01   1.0813305e+00   9.8891395e-01   6.4969283e-01   5.1860518e-01   2.9124933e-01   3.0016572e-01
   3.0522394e+00   1.2580270e+00   1.0818362e+00   1.6296628e+00   1.2245807e+00   1.0652687e+00   1.1167194e+00   1.2369470e+00   1.0966754e+00   6.9363981e-01   8.6944750e-01   5.3431978e-01   2.3583523e-01   2.3310620e-01   4.3252223e-01   2.4767904e-01
   3.5153995e+00   1.6570399e+00   9.7312030e-01   1.3884632e+00   9.8960559e-01   1.3713756e+00   9.9738196e-01   1.1094506e+00   1.1146464e+00   1.3775110e+00   1.0969124e+00   8.7719320e-01   7.7772133e-01   1.0853536e-01   2.3620247e-01   2.2304826e-01
   2.8621678e+00   1.6379326e+00   1.5567432e+00   1.9954588e+00   1.5953690e+00   1.1609749e+00   1.5000887e+00   1.1728819e+00   1.0185482e+00   1.2928160e+00   1.0855892e+00   9.5853791e-01   7.4288520e-01   5.5860344e-01   3.1626911e-01   2.8317230e-01
   3.0129216e+00   1.9970230e+00   1.3751027e+00   1.4971444e+00   1.2131600e+00   1.1121811e+00   1.1532849e+00   1.5059911e+00   1.3504699e+00   1.2696949e+00   1.0993069e+00   9.2473591e-01   3.7798813e-01   2.9590498e-01   4.3362949e-01   3.0704213e-01
   2.6500172e+00   1.9755839e+00   1.6564408e+00   1.4869561e+00   1.2902989e+00   1.2345181e+00   1.2315337e+00   1.3678618e+00   9.1004674e-01   9.1204111e-01   6.5634395e-01   1.0486496e+00   3.6590922e-01   4.9199877e-02   5.6341390e-01   3.0438365e-01
   2.8111874e+00   1.6025022e+00   1.2946914e+00   1.4650066e+00   9.8863201e-01   9.0657981e-01   9.4934540e-01   1.8095903e+00   8.8317089e-01   1.0552678e+00   8.9731446e-01   5.5207726e-01   3.3368028e-01   2.6671182e-01   3.5300277e-01   2.3444788e-01
