   1.6952625e+00   1.1503644e+00   3.5567687e-01   9.7022041e-02   4.7514205e-01  -3.9902256e-01  -1.1186441e+00  -1.0967790e+00  -9.9721132e-01  -1.4097190e+00  -1.5513696e+00  -1.6785575e+00  -1.5450945e+00  -1.6114325e+00  -1.6698406e+00  -1.6978737e+00
   2.5490167e+00   8.7001961e-01   6.9685083e-01   3.4729446e-01   8.0718286e-02  -5.3033147e-01  -8.2008507e-01  -6.7428076e-01  -1.1093555e+00  -1.3664837e+00  -1.3460581e+00  -1.3990415e+00  -1.3558253e+00  -1.8179160e+00  -1.9701263e+00  -2.0126907e+00
   1.9987785e+00   1.5568019e+00   6.4306316e-01   3.0802854e-01  -1.4017538e-01  -1.2192921e-02  -4.4079879e-01  -6.5965518e-01  -1.0781157e+00  -1.0392118e+00  -1.1720469e+00  -1.0508751e+00  -1.4252796e+00  -1.6979912e+00  -1.8476730e+00  -1.8470042e+00
   2.3129189e+00   1.4705760e+00   6.9110560e-01   6.4635686e-01  -1.3956376e-01  -1.4878730e-01  -8.0879774e-01  -9.5027017e-01  -1.0726802e+00  -1.0097471e+00  -1.3069858e+00  -1.2012835e+00  -9.4679076e-01  -1.0997707e+00  -1.4583279e+00  -1.4687624e+00
   2.6842071e+00   1.4434383e+00   5.3585471e-01   6.5412187e-01  -2.1415870e-02  -4.1164508e-01  -5.8161800e-01  -2.6087795e-01  -9.1831745e-01  -9.8370579e-01  -1.0439894e+00  -1.2571682e+00  -1.1637620e+00  -1.3585701e+00  -1.4589266e+00  -1.3576572e+00
   2.3708954e+00   1.8143713e+00   4.9887511e-01   7.6058602e-01   6.9593952e-01   3.1810183e-01  -5.4002055e-01  -7.5533178e-01  -9.4500853e-01  -1.1518183e+00  -1.2388873e+00  -1.1353627e+00  -1.4151700e+00  -1.6158012e+00  -1.5257496e+00  -1.5268156e+00
   2.3239660e+00   1.3583326e+00   3.0337958e-01   3.6295605e-01   4.9816193e-01  -1.4441786e-01  -5.0002142e-01  -7.3507234e-01  -8.4101762e-01  -1.5446911e+00  -1.4405477e+00  -1.4468415e+00  -1.4083528e+00  -1.3771697e+00  -1.9716913e+00  -1.7188826e+00
   2.0581304e+00   1.4813844e+00   6.5728912e-01   2.3054415e-01   3.1442762e-02  -7.0766807e-01  -6.1924538e-01  -6.3703422e-01  -5.9363610e-01  -1.5328199e+00  -1.5000206e+00  -1.0831669e+00  -1.3155348e+00  -1.3219063e+00  -1.6175122e+00  -1.8620560e+00
   2.5538723e+00   1.7512162e+00   7.3221083e-01   5.5278596e-01   2.1999985e-01  -2.0031877e-01  -2.8074641e-01  -6.4209135e-01  -8.7607193e-01  -1.1366592e+00  -1.3085717e+00  -1.3790525e+00  -1.2951711e+00  -1.5034904e+00  -1.8382523e+00  -1.6285118e+00
   2.3082818e+00   1.3494074e+00   3.9184063e-01   5.0552587e-01   4.4103877e-02  -2.9371861e-01  -7.3940633e-01  -6.8104380e-01  -7.5574551e-01  -1.1584699e+00  -1.0402528e+00  -1.1263594e+00  -1.4005084e+00  -1.8638442e+00  -1.6310432e+00  -1.8981937e+00
   2.2388987e+00   1.4838152e+00   4.4792386e-01  -4.4061465e-02  -2.2306979e-01  -4.0786628e-01  -5.5584254e-01  -5.4872044e-01  -7.0417072e-01  -1.5673209e+00  -1.1238803e+00  -7.8733640e-01  -1.4923575e+00  -1.8675351e+00  -1.8297234e+00  -1.5989905e+00
   1.7970443e+00   1.2299953e+00   2.3720071e-01  -9.6048613e-03  -9.1227662e-02  -1.7665636e-01  -6.3530674e-01  -7.5639263e-01  -1.3134292e+00  -1.6844979e+00  -1.3632885e+00  -1.4351319e+00  -1.7082750e+00  -1.6290495e+00  -1.6032807e+00  -1.5313409e+00
   2.4799602e+00   1.4301654e+00   6.3410661e-01   6.9099282e-01   2.0697190e-01  -3.0201130e-01  -4.5297769e-01  -8.8921164e-01  -1.6088544e+00  -1.6326812e+00  -9.9892516e-01  -1.0766737e+00  -1.6285900e+00  -1.8473609e+00  -1.6823387e+00  -1.8710412e+00
   2.4289776e+00   1.2654476e+00   7.8094287e-01   5.5550674e-01  -5.3445328e-02  -1.1851059e-01  -2.9066993e-01  -9.5127948e-01  -1.0138913e+00  -1.0903624e+00  -1.2416369e+00  -1.5089512e+00  -1.5250014e+00  -1.5169465e+00  -1.5156366e+00  -1.7923235e+00
   2.5292006e+00   1.2819845e+00   2.6193681e-01   3.7890120e-01   5.1592207e-01   2.7515936e-01  -1.8322785e-01  -1.0010814e+00  -1.1171575e+00  -1.2518152e+00  -1.3258006e+00  -1.3159873e+00  -1.6241637e+00  -1.5796396e+00  -1.6810564e+00  -1.8505327e+00
   2.0962711e+00   1.7697178e+00   7.4825281e-01   3.8084391e-01   1.2592732e-01   2.6543523e-01  -1.9758660e-01  -4.0845895e-01  -9.2199202e-01  -1.1554669e+00  -1.1570097e+00  -1.2384633e+00  -1.5385701e+00  -1.4826550e+00  -1.8052178e+00  -1.8597356e+00
   2.5288732e+00   1.9242477e+00  -6.4987819e-02   8.9877475e-02   1.4052537e-01   4.9569908e-03  -2.3039179e-01  -3.1970466e-01  -1.3302486e+00  -1.3528859e+00  -1.1107917e+00  -1.0894629e+00  -1.6310302e+00  -1.5610149e+00  -1.9761289e+00  -1.8339436e+00
   1.3415096e+00   1.1390520e+00   2.6935163e-01   2.8344138e-02  -3.0154121e-01  -2.5582465e-01  -5.3689725e-01  -9.2329258e-01  -8.7489890e-01  -1.3002318e+00  -1.2798064e+00  -1.3825248e+00  -1.5068229e+00  -1.3798193e+00  -1.5455453e+00  -1.4387545e+00
   2.4887069e+00   1.5785273e+00   2.9475004e-01   2.9837025e-03   6.7727344e-02   1.3240935e-01  -4.9539031e-01  -1.1782628e+00  -8.8916808e-01  -1.3798174e+00  -1.9125526e+00  -1.6618800e+00  -1.6686174e+00  -1.8719393e+00  -1.6978886e+00  -1.5953886e+00
   1.9021279e+00   1.5788824e+00   2.1413969e-01  -2.7887165e-01   4.5202490e-02  -4.5734095e-01  -4.3487896e-01  -9.1296017e-01  -1.1055493e+00  -1.2126369e+00  -9.9784738e-01  -1.1523361e+00  -1.5404781e+00  -1.3218225e+00  -1.6406380e+00  -1.2862991e+00
   1.6112093e+00   1.2581267e+00   5.4090187e-01   3.6075488e-01   4.4436070e-01  -2.5711151e-01  -5.9202199e-01  -1.4840998e+00  -1.4107660e+00  -1.2458121e+00  -1.3304191e+00  -1.4556389e+00  -1.5853800e+00  -1.9253849e+00  -2.0088969e+00  -1.8663934e+00
   1.9752639e+00   9.0318657e-01   9.6803385e-01   9.5661275e-01   2.4902263e-01  -4.3660210e-01  -6.8575199e-01  -8.8261019e-01  -1.0097689e+00  -1.1512912e+00  -1.3957229e+00  -1.5368756e+00  -1.6636498e+00  -2.0903209e+00  -1.8999057e+00  -1.7421904e+00
   1.0858365e+00   1.2996190e+00   5.6292956e-01   4.7054558e-01  -3.8022446e-01  -3.2377612e-01  -5.9999102e-01  -9.1204509e-01  -1.0724395e+00  -1.3304939e+00  -1.1889849e+00  -1.1451744e+00  -1.4732612e+00  -1.6996075e+00  -1.9521049e+00  -1.9421820e+00
   2.1924690e+00   1.2815995e+00   4.8920371e-01   5.7253922e-01  -1.9372993e-01  -3.7184367e-01  -6.2202328e-01  -7.6426693e-01  -1.1097582e+00  -1.1481312e+00  -1.0666842e+00  -1.3550398e+00  -1.7527063e+00  -1.8136811e+00  -1.6870697e+00  -1.8856936e+00
   2.4251360e+00   1.8533927e+00   3.0509569e-01   3.8932338e-01   1.2717113e-01  -5.3220893e-01  -6.3957218e-01  -3.6831030e-01  -6.5723483e-01  -8.8076329e-01  -8.4095578e-01  -9.1038917e-01  -1.7523915e+00  -1.7840259e+00  -1.7611611e+00  -1.7230736e+00
   1.9919139e+00   1.2901428e+00   7.0615468e-01   5.5873395e-01   4.8589516e-01   7.9936145e-03  -3.8611609e-01  -7.0512177e-01  -1.1884700e+00  -1.1542484e+00  -1.1625462e+00  -1.4205705e+00  -1.7649314e+00  -1.7383921e+00  -1.6764357e+00  -1.8196641e+00
   1.2003761e+00   7.3942897e-01   3.1629783e-01  -2.0141696e-01   2.2194907e-01  -3.0273215e-01  -5.1830439e-01  -1.0558557e+00  -1.0180955e+00  -1.2079451e+00  -1.1008888e+00  -1.3473603e+00  -1.6215760e+00  -1.5859708e+00  -1.7514333e+00  -1.5194104e+00
   2.3230658e+00   1.3402109e+00   3.3345341e-01   7.5610932e-01   6.0010299e-01  -1.1293109e-02  -4.6003768e-01  -1.0151363e+00  -9.7130211e-01  -1.1888932e+00  -1.1564546e+00  -1.3171129e+00  -1.5897511e+00  -1.8278231e+00  -2.0293848e+00  -1.9361608e+00
   2.5265635e+00   1.4039856e+00   2.2362085e-01   7.4576125e-01   4.9471122e-02  -3.1002000e-01  -3.2634465e-01  -7.3328294e-01  -1.1657564e+00  -1.4201658e+00  -1.0690974e+00  -1.1906809e+00  -1.4568707e+00  -1.7473844e+00  -1.9152834e+00  -1.9625179e+00
   2.2272717e+00   1.2234274e+00   3.2825038e-01   4.3491295e-01   3.3020873e-02  -2.3012811e-01  -2.4680634e-01  -7.8380619e-01  -1.0119137e+00  -1.1967876e+00  -1.1573451e+00  -1.4492637e+00  -1.6022476e+00  -1.7993984e+00  -2.0594026e+00  -1.9291498e+00
   1.5247062e+00   5.1716107e-01   6.0370123e-01   3.0982508e-01   1.6643920e-01   2.8207452e-01   1.0242399e-01  -7.5899813e-02  -3.9279102e-01  -3.7432612e-01  -4.7627113e-01  -1.4461568e-01  -3.8128015e-01  -4.4247356e-01  -9.0070904e-01  -1.9290840e+00
   1.8001063e+00   1.2389688e+00   6.6285520e-01   7.7197683e-01   1.2134173e+00   1.7036075e+00   1.2382640e+00   1.2044821e+00   1.0261624e+00   1.4163684e+00   1.1494031e+00   1.4636756e+00   1.3866459e+00   1.2328176e+00   4.3129189e-01  -1.5183477e+00
   1.7250570e+00   1.1201949e+00   1.5421670e-01   6.1277945e-01   1.4261487e+00   1.9278218e+00   1.3391901e+00   1.0961566e+00   1.0876125e+00   1.6776438e+00   1.6079508e+00   1.5973227e+00   1.6392426e+00   1.6264184e+00   7.7878397e-01  -1.5738466e+00
   2.2488189e+00   1.8684208e+00   7.1820432e-01   9.8306264e-01   1.6342313e+00   1.9501468e+00   1.3451448e+00   1.2137577e+00   1.1596444e+00   1.8864822e+00   1.5428060e+00   1.4186077e+00   1.2818578e+00   1.3497471e+00   4.9533733e-01  -1.3442738e+00
   2.1382162e+00   1.2253563e+00   9.7881808e-01   1.0753583e+00   1.3843386e+00   1.9015970e+00   1.4141418e+00   1.2010188e+00   1.2390159e+00   1.9066922e+00   1.5297088e+00   1.5325307e+00   1.3636691e+00   1.3336142e+00   6.1296733e-01  -1.3991346e+00
   1.8539451e+00   1.3784456e+00   1.1116285e+00   1.3586112e+00   1.3654608e+00   1.8908610e+00   1.4131530e+00   1.4164505e+00   1.4254874e+00   1.9676573e+00   1.5468680e+00   1.6984620e+00   1.5193786e+00   1.2999122e+00   3.4842157e-01  -1.5250760e+00
   2.0524656e+00   1.1931487e+00   3.2112156e-01   4.7443565e-01   1.0329364e+00   1.8930337e+00   1.3814299e+00   1.4805019e+00   1.4964691e+00   2.0009989e+00   1.4791028e+00   1.6691084e+00   1.4266031e+00   1.1604752e+00   3.1788435e-01  -1.7034039e+00
   1.9212126e+00   1.6305307e+00   9.7436250e-01   8.2653480e-01   1.2832791e+00   1.9072116e+00   1.3804632e+00   1.4008111e+00   1.3202915e+00   2.1815239e+00   1.5704126e+00   1.5744118e+00   1.3461952e+00   9.3341743e-01  -1.0735473e-01  -1.8144223e+00
   1.9082279e+00   1.6757614e+00   1.0212294e+00   8.9388885e-01   1.4693648e+00   2.0638226e+00   1.3309421e+00   1.4571335e+00   1.3561801e+00   2.1846622e+00   1.6814334e+00   1.5497572e+00   1.5965012e+00   1.1542834e+00   2.9033835e-01  -1.6895927e+00
   1.2282314e+00   1.4398610e+00   8.9084984e-01   8.1093383e-01   1.5875229e+00   2.1077021e+00   1.2338958e+00   1.2964014e+00   1.2701843e+00   2.1736941e+00   1.6502149e+00   1.5465827e+00   1.5901642e+00   1.2340289e+00   4.6772778e-01  -1.5946290e+00
   2.1498575e+00   1.2730323e+00   1.0650848e+00   8.6831072e-01   1.6297040e+00   2.1825797e+00   1.0022238e+00   1.2308865e+00   1.2091379e+00   2.1330525e+00   1.6349682e+00   1.4172095e+00   1.4832218e+00   1.1387600e+00   2.9760235e-01  -1.5616458e+00
   2.1152158e+00   1.4910646e+00   1.0112690e+00   6.9194099e-01   1.7433977e+00   2.2172047e+00   8.3449092e-01   1.1776134e+00   1.0632126e+00   1.9761513e+00   1.5846897e+00   1.2861565e+00   1.4406398e+00   1.1507929e+00   3.8289688e-01  -1.4508757e+00
   2.1985250e+00   1.6352400e+00   6.0731984e-01   7.5388133e-01   1.7965810e+00   2.1957169e+00   8.4621930e-01   1.1254684e+00   9.7952155e-01   1.8555520e+00   1.5063825e+00   1.2270054e+00   1.4236460e+00   1.2355183e+00   4.9104052e-01  -1.2916666e+00
   2.1335941e+00   1.8096476e+00   7.7028124e-01   6.9754418e-01   1.8710338e+00   2.2930969e+00   7.6795766e-01   1.0504757e+00   8.9678874e-01   1.6739764e+00   1.4191301e+00   1.0592701e+00   1.3288472e+00   1.1655105e+00   4.7064487e-01  -1.4423967e+00
   1.8626539e+00   1.1590128e+00   4.1808307e-01   6.8068376e-01   1.8798184e+00   2.1407714e+00   2.3357798e-01   7.4152092e-01   5.7149751e-01   1.3533663e+00   1.2186060e+00   7.1179633e-01   1.1024388e+00   8.7914010e-01   4.0029603e-01  -1.1914556e+00
   1.3287005e+00   1.3312993e+00   6.5760240e-01   1.0284445e+00   1.7378462e+00   2.0075691e+00   3.4319941e-01   6.8860288e-01   6.1673067e-01   1.0610252e+00   1.1188444e+00   6.4542172e-01   1.0688618e+00   7.9636266e-01   3.4856985e-01  -1.3391663e+00
   1.9604219e+00   1.1436172e+00   2.1900114e-01   8.0640631e-01   1.5595319e+00   1.6101581e+00   2.2342787e-01   4.1099336e-01   5.0775432e-01   1.2334944e+00   8.9152906e-01   5.8381834e-01   1.1548368e+00   7.6010910e-01   2.0424715e-01  -1.5593434e+00
   1.9251824e+00   1.3751861e+00   5.1063036e-01   1.0785269e+00   1.5048174e+00   9.6049680e-01   1.0254763e-01   3.9876950e-01   4.4244711e-01   1.4802155e+00   9.1949331e-01   7.9126738e-01   1.1123501e+00   6.7450961e-01   2.6479573e-01  -1.5483676e+00
   2.4912199e+00   1.6127566e+00   1.0125665e+00   1.2268214e+00   1.7453073e+00   1.7933489e-01   4.5263026e-01   3.8868829e-01   3.4229730e-01   1.2841622e+00   7.8401362e-01   5.6626469e-01   6.7163693e-01   4.1614901e-01   4.6677106e-02  -1.5143635e+00
   1.9537510e+00   2.0271770e+00   1.1227659e+00   1.2510839e+00   2.0028011e+00   2.9354888e-01   3.6187516e-01   4.8732378e-02   3.3298270e-04   4.6219258e-01   4.8287934e-01   7.2603875e-02   5.9085578e-01   7.2960905e-02  -7.7016791e-02  -1.3750402e+00
   2.5624968e+00   1.4522463e+00   1.2006190e+00   1.1064106e+00   1.8227185e+00   5.5131565e-01   1.2988939e-01  -2.6945568e-01  -6.8504871e-01  -2.6736907e-01  -4.0274818e-01  -4.7206924e-01  -1.3154198e-01  -7.9909235e-01  -6.5023504e-01  -1.4181038e+00
   1.7949098e+00   1.1387156e+00   5.4439404e-01   5.0768653e-01   1.3848257e+00   7.8966948e-02  -4.9862513e-01  -4.9515443e-01  -8.3028289e-01  -7.0683721e-01  -9.0675738e-01  -1.1016455e+00  -5.6924293e-01  -9.9674469e-01  -7.8885184e-01  -1.2853590e+00
   1.8722845e+00   1.2217093e+00   5.7143933e-01   3.7044596e-01   3.3154904e-01  -5.8878561e-02  -8.2403084e-01  -9.6302065e-01  -1.2127673e+00  -7.4060934e-01  -1.1338124e+00  -1.2603660e+00  -1.1908333e+00  -1.6566111e+00  -1.3818674e+00  -1.4538576e+00
   1.4917066e+00   1.1146503e+00   7.1887597e-01   6.1052376e-01   4.3861168e-02  -2.1639210e-01  -7.6347774e-01  -1.6511778e+00  -1.5647024e+00  -1.1735818e+00  -1.2815089e+00  -1.5548854e+00  -1.4091441e+00  -1.4872954e+00  -1.2685588e+00  -1.4422740e+00
   1.5398135e+00   1.4629371e+00   3.3218247e-01   8.6448901e-01   1.3025701e-01  -1.4821299e-01  -5.0089553e-01  -1.1844653e+00  -1.2041382e+00  -1.2623880e+00  -1.1546194e+00  -1.1983405e+00  -1.1334790e+00  -1.2559599e+00  -7.5592742e-01  -3.4135192e-01
   1.7186207e+00   1.1774230e+00   8.4773242e-02  -3.9818900e-02  -2.4947485e-01  -2.9341226e-01  -1.6214549e-01  -1.1685282e+00  -1.3510326e+00  -1.5493598e+00  -1.1228704e+00  -1.2079664e+00  -1.4491615e+00  -8.8996955e-01  -2.9896409e-01  -2.2444616e-01
   1.2028644e+00   1.4789584e+00   7.7495199e-01   1.7336571e-01  -2.5183022e-01  -2.5489727e-01  -2.9536180e-01  -1.0471084e+00  -1.0992761e+00  -1.0799393e+00  -9.1182289e-01  -1.0874822e+00  -1.1619915e+00  -1.0598239e+00   3.2736800e-01   2.5251028e-01
   1.7087660e+00   1.3069063e+00   8.4210122e-01   4.9904610e-01   5.9453515e-01   1.3301339e-01  -5.5418519e-01  -8.3474426e-01  -1.4400983e+00  -1.3272982e+00  -1.1406049e+00  -1.4116038e+00  -1.4350142e+00  -1.1176505e+00   6.4898509e-01   9.1515737e-01
   2.3113959e+00   1.3895922e+00   1.1248864e-01   4.7652765e-01   4.5588337e-01   1.3284635e-01  -2.4401807e-01  -7.6784218e-01  -1.1074027e+00  -1.5277047e+00  -1.1123392e+00  -1.1343990e+00  -1.3623105e+00  -8.2421197e-01   3.8433549e-01   7.9131747e-01
   2.1872452e+00   1.8784661e+00   1.1145850e+00   7.3066835e-01   1.0996678e-01  -2.6428018e-01  -7.3024090e-01  -9.3555163e-01  -9.1264610e-01  -1.3089708e+00  -1.2853692e+00  -1.0435527e+00  -1.0019058e+00  -8.2088789e-01   3.0078761e-01   8.7087088e-01
   1.0613338e+00   8.1355287e-01   7.0120070e-01   2.4904290e-01  -4.5510138e-01  -9.6283039e-01  -7.9116953e-01  -9.6789837e-01  -9.7626380e-01  -9.7791537e-01  -6.7234530e-01  -1.1004447e+00  -1.2663205e+00  -7.3344147e-01   4.8083433e-01   8.3408965e-01
   1.1613632e+00   1.8441862e+00   6.4155009e-01   1.3287735e-01   2.6465041e-01   1.4897929e-01  -4.4656889e-01  -4.8614459e-01  -1.0532868e+00  -1.0565466e+00  -8.5592988e-01  -1.1541030e+00  -1.1078907e+00  -7.3462428e-01   1.2054266e-01   7.4851655e-01
   1.5636141e+00   1.6999105e+00   6.2863210e-01   6.0308987e-01   1.4099539e-01  -5.9431228e-02  -4.8980270e-01  -2.4805652e-01  -9.6439446e-01  -1.2476732e+00  -1.1094545e+00  -1.0936494e+00  -8.0711079e-01  -6.0829852e-01  -1.1215411e-01   8.1759697e-01
   2.3739440e+00   1.2793809e+00   4.7686625e-01   4.9964874e-01   2.0423673e-01  -3.9420745e-01  -5.6413261e-01  -5.3850611e-01  -7.1542739e-01  -1.5331144e+00  -1.2388778e+00  -1.0114345e+00  -9.3137865e-01  -6.7463235e-01   2.4886242e-01   7.3713477e-01
   1.6303727e+00   1.4098099e+00   7.5699435e-01   1.5464095e-01   6.0483429e-02  -1.8340103e-01  -2.3816522e-01  -8.1964870e-01  -1.1170445e+00  -1.3877820e+00  -1.4125297e+00  -1.1298081e+00  -1.0981761e+00  -6.8596420e-01   2.6643309e-01   8.6983932e-01
   1.9554467e+00   2.2028247e+00   8.9841481e-01   3.0815548e-01  -1.1331262e-01  -4.9438520e-01  -6.9957571e-01  -6.6336212e-01  -9.3362563e-01  -1.0682902e+00  -8.7576613e-01  -1.0530466e+00  -1.1889599e+00  -6.6388656e-01   2.6493612e-01   9.0200598e-01
   2.0744549e+00   1.6483459e+00   4.0104216e-01   7.8996284e-01   4.1650622e-01  -4.5026521e-01  -6.5883150e-01  -9.0080974e-01  -9.9583166e-01  -1.2731342e+00  -9.1265883e-01  -1.0151385e+00  -1.3187474e+00  -8.0089035e-01   2.2201621e-01   1.1182878e+00
   1.3453634e+00   1.5339873e+00   5.0671331e-01   5.7956733e-01   5.2006887e-01   4.0017716e-02  -4.2003349e-01  -6.3454127e-01  -1.1921264e+00  -1.4554452e+00  -1.0537614e+00  -1.1588612e+00  -1.4178739e+00  -1.0054981e+00   5.3649341e-02   9.0817051e-01
   1.9616843e+00   1.5340325e+00   3.7910018e-01   4.1046037e-01   1.8847760e-01   3.5180940e-01  -7.6990460e-02  -9.6455863e-01  -1.1005639e+00  -1.2350822e+00  -1.2986193e+00  -1.2254412e+00  -1.3030879e+00  -7.2972057e-01  -3.1696488e-02   6.4051325e-01
   1.7974531e+00   1.2999525e+00   3.7452289e-01   3.6245294e-01   4.5647301e-01  -1.8385828e-01  -4.1198457e-01  -1.0446692e+00  -9.8533905e-01  -1.1829654e+00  -1.1669876e+00  -1.0539399e+00  -1.4420160e+00  -7.5765888e-01   1.2938381e-02   8.5044228e-01
   1.8444294e+00   8.3559490e-01   4.9516735e-02   6.1240633e-01   4.2434160e-01  -8.5014375e-02  -3.8863983e-01  -3.7889754e-01  -1.2719217e+00  -1.2721076e+00  -1.1252776e+00  -1.1290657e+00  -1.5790953e+00  -9.5254532e-01   9.5444758e-02   5.1384212e-01
   1.5924778e+00   8.9697735e-01   6.5715711e-01   7.1215152e-01   3.0993853e-01  -6.2609339e-01  -6.6054606e-01  -6.0820758e-01  -1.0914413e+00  -9.3952871e-01  -9.6971270e-01  -1.1072576e+00  -1.3851341e+00  -5.8475816e-01  -1.2695491e-01   7.7479434e-01
   1.6886978e+00   1.6215568e+00   4.9041217e-01   6.1828922e-01   4.5502622e-01  -4.5290050e-01  -5.7074567e-01  -6.8023817e-01  -1.1323362e+00  -1.2116044e+00  -1.2971122e+00  -1.1214758e+00  -1.4109781e+00  -5.8861244e-01  -1.5111680e-01   7.7712261e-01
   2.3830879e+00   1.3587352e+00   7.2732404e-01   7.0015056e-01  -1.6995069e-01  -2.4352298e-01  -5.5520709e-01  -1.1986764e+00  -1.1095390e+00  -1.1796614e+00  -1.2824476e+00  -1.1121578e+00  -1.1621353e+00  -5.0286222e-01  -1.1202881e-01   7.6876283e-01
   2.2226866e+00   1.2512271e+00   9.9531393e-01   4.2213547e-01  -3.7206672e-01  -2.5933402e-01  -5.4726989e-01  -7.5387730e-01  -1.2562298e+00  -1.0469544e+00  -1.0086214e+00  -1.1195491e+00  -1.5518377e+00  -7.9529845e-01  -6.0908747e-02   1.3471073e+00
   2.1084709e+00   9.0741480e-01   6.8423477e-01   6.7720149e-01  -3.4545794e-01  -2.8439187e-01  -5.9477101e-01  -5.7170336e-01  -1.0934226e+00  -8.7987139e-01  -6.6885005e-01  -8.1862497e-01  -1.3841101e+00  -6.6600742e-01  -5.5497899e-02   1.1087116e+00
   2.1126753e+00   9.4039495e-01   6.5574196e-01   6.5344009e-01   3.2716604e-01   2.2562375e-02  -4.1120779e-01  -7.0689475e-01  -6.5825343e-01  -3.1804670e-01  -4.3019730e-01  -9.1679272e-01  -1.4373909e+00  -9.2222834e-01  -1.5318392e-01   3.0032527e-01
   2.0270479e+00   1.3370545e+00   6.4854957e-01   4.0702924e-01   3.8607290e-01  -3.2326799e-01  -4.0167652e-01  -9.3001393e-01  -1.4635508e+00  -1.1195078e+00  -9.0251210e-01  -1.1176301e+00  -1.6410568e+00  -1.3725649e+00  -5.9401431e-01  -4.1965218e-01
   2.1610228e+00   1.2734085e+00   1.0216851e+00   4.4181080e-01   2.7789171e-01  -6.3362524e-01  -3.4701947e-01  -1.1684177e+00  -1.2656254e+00  -1.4204479e+00  -1.1236791e+00  -1.1808011e+00  -1.5061291e+00  -1.6422455e+00  -1.4090209e+00  -1.1070073e+00
   2.2651508e+00   1.7166663e+00   9.4331039e-01   5.7525773e-01   7.9823446e-02  -5.8549917e-01  -4.2473798e-01  -1.1534431e+00  -1.2169653e+00  -1.4370749e+00  -1.2580546e+00  -1.1674665e+00  -1.7688127e+00  -2.0284845e+00  -1.6389108e+00  -1.4575323e+00
