   1.4197279e+00   2.5663830e-01   6.9526625e-03  -5.1326965e-01  -3.3505631e-01  -1.0940353e+00  -2.0016364e+00  -1.4974594e+00  -1.5997033e+00  -1.5117429e+00  -1.7388289e+00  -2.1508926e+00  -1.9013974e+00  -2.1057447e+00  -2.1072225e+00  -1.6890572e+00
   1.2428565e+00   4.2652353e-01   5.1384350e-02  -3.3479824e-01  -3.1707013e-01  -1.2967881e+00  -1.5754233e+00  -1.4994161e+00  -1.7502100e+00  -1.6341137e+00  -1.8670818e+00  -1.9107153e+00  -2.0665956e+00  -2.1417604e+00  -1.8752009e+00  -1.6923560e+00
   1.6213523e+00   9.1623759e-01   1.8898066e-01  -5.9494550e-02  -4.4603695e-01  -1.4630492e+00  -1.7307659e+00  -1.5846554e+00  -1.6244295e+00  -1.4730145e+00  -1.5947009e+00  -1.8376273e+00  -1.8717350e+00  -1.8266349e+00  -1.9063864e+00  -1.6134854e+00
   2.2350910e+00   5.7151646e-01  -1.4055528e-01  -2.2768839e-01  -4.6559283e-01  -1.3772636e+00  -1.9371787e+00  -1.7557280e+00  -1.6210447e+00  -1.3685463e+00  -1.7631522e+00  -2.1153624e+00  -1.7905037e+00  -1.8993152e+00  -2.0878329e+00  -1.7736913e+00
   1.2052629e+00   2.6805017e-01  -2.3627020e-02   2.6109024e-01   1.4406975e-01  -6.9547305e-01  -1.7856461e+00  -1.4924458e+00  -1.7639344e+00  -1.4410069e+00  -1.6165410e+00  -2.0178237e+00  -2.0406565e+00  -1.9500459e+00  -1.9974311e+00  -1.6319422e+00
   1.0907553e+00   6.5479560e-01  -1.6824090e-03  -8.7172288e-02  -4.4404405e-02  -8.5071150e-01  -1.8789400e+00  -1.7164052e+00  -2.1714636e+00  -1.5979941e+00  -1.8150126e+00  -1.8760051e+00  -2.0071804e+00  -1.7362910e+00  -1.7402088e+00  -1.5612955e+00
   9.9255339e-01   6.3039321e-01   3.9043623e-02   1.1981186e-01  -3.7932881e-01  -8.6721847e-01  -1.5871560e+00  -1.4823953e+00  -1.4496712e+00  -1.2889472e+00  -1.6795828e+00  -1.9456927e+00  -1.8706405e+00  -2.0481572e+00  -1.8272377e+00  -1.5893256e+00
   2.0011372e+00   3.9088966e-01   5.1370245e-01   3.3109304e-01  -1.9627166e-01  -9.2273146e-01  -1.3663694e+00  -1.7166942e+00  -1.5937608e+00  -1.3279685e+00  -1.8610603e+00  -1.9065516e+00  -2.0968798e+00  -1.7345188e+00  -1.7676502e+00  -1.4725295e+00
   2.0496628e+00   7.4791098e-01   6.2402759e-02   1.2600865e-01  -7.3473357e-01  -6.7915977e-01  -1.5414242e+00  -1.7230055e+00  -1.8268208e+00  -1.4478569e+00  -1.9698557e+00  -2.3162028e+00  -2.3516060e+00  -2.1016971e+00  -1.8937925e+00  -1.7435642e+00
   1.6600403e+00  -4.3954025e-02   2.4951371e-01  -2.5180655e-01  -5.6085869e-01  -1.1869124e+00  -1.9481819e+00  -1.6446312e+00  -1.7116490e+00  -1.3017670e+00  -1.8688183e+00  -2.2249735e+00  -2.1138655e+00  -1.9702780e+00  -1.8860787e+00  -1.6348760e+00
   1.4713781e+00   1.4242214e-01  -7.1418738e-02  -5.6793680e-01   2.1826941e-02  -7.2828063e-01  -2.0334418e+00  -1.5816514e+00  -1.5954415e+00  -1.4301858e+00  -1.9381877e+00  -1.9571987e+00  -1.7437499e+00  -1.7406758e+00  -1.5509626e+00  -1.6707044e+00
   1.2937187e+00   2.1504190e-01   5.2482871e-02  -2.3395987e-01  -1.7075556e-01  -8.1111681e-01  -2.0812567e+00  -1.3653644e+00  -1.6909269e+00  -1.5933608e+00  -1.8397068e+00  -1.7657545e+00  -2.1018805e+00  -1.7045392e+00  -1.6786183e+00  -1.5684535e+00
   1.1380864e+00   7.2139502e-02  -1.1089797e-01  -1.1103305e-01  -5.3424344e-01  -1.3288039e+00  -2.0977491e+00  -2.0993740e+00  -1.6020545e+00  -1.5444179e+00  -1.8979269e+00  -2.0378176e+00  -2.0560854e+00  -1.8308483e+00  -1.5931279e+00  -1.5649568e+00
   1.4526558e+00   5.6518567e-01   3.7231721e-01   4.3787960e-01  -4.0801352e-01  -6.8877692e-01  -1.6249603e+00  -1.6854157e+00  -1.5609184e+00  -1.4140235e+00  -1.6389268e+00  -1.9380634e+00  -1.7396251e+00  -1.7135750e+00  -1.6043879e+00  -1.5648619e+00
   1.8049070e+00   7.9316177e-01  -2.3294529e-01  -5.0964974e-02  -5.2915189e-01  -1.1524293e+00  -1.8853763e+00  -1.5548878e+00  -1.3428867e+00  -1.2096295e+00  -1.4618217e+00  -1.7634632e+00  -2.0255592e+00  -1.6485055e+00  -1.5777859e+00  -1.6566191e+00
   1.8122297e+00   6.2649583e-01   1.4358518e-01   3.6875233e-01   9.4700730e-02  -8.2626347e-01  -1.6530373e+00  -1.6406245e+00  -1.4468683e+00  -1.3275750e+00  -1.9464808e+00  -1.8607838e+00  -1.9206703e+00  -1.8105135e+00  -1.7244172e+00  -1.5004575e+00
   1.7010041e+00   5.5155179e-01  -3.0371777e-01  -1.3197703e-01  -4.1105105e-01  -9.8968445e-01  -1.8310616e+00  -1.4435660e+00  -1.7415003e+00  -1.6680505e+00  -1.9452335e+00  -2.0874791e+00  -1.7168159e+00  -2.0936650e+00  -1.8994646e+00  -1.5755362e+00
   1.9859108e+00   3.1379385e-01  -2.9227988e-01  -4.0283839e-01  -3.5741820e-01  -1.0543648e+00  -1.5881288e+00  -1.4031896e+00  -1.6386066e+00  -1.4262011e+00  -1.7172270e+00  -1.9045023e+00  -1.6264557e+00  -1.9154872e+00  -1.9487553e+00  -1.6514050e+00
   1.8452111e+00   4.9269220e-01  -3.4802758e-02   5.3042332e-02  -2.7350411e-02  -8.3229506e-01  -1.5365675e+00  -1.4891445e+00  -1.9017132e+00  -1.3764801e+00  -2.0346715e+00  -2.2545564e+00  -1.9134630e+00  -1.9813039e+00  -2.0536368e+00  -1.6156451e+00
   1.8259538e+00   4.5808643e-01  -4.4682438e-02  -1.6843507e-01  -1.8211380e-01  -9.5805654e-01  -1.9791054e+00  -1.7288339e+00  -1.8557619e+00  -1.4373124e+00  -1.7797116e+00  -2.2927892e+00  -1.9390921e+00  -1.9148117e+00  -1.8310618e+00  -1.7662264e+00
   1.2984637e+00   8.1094342e-02  -1.8571752e-01  -4.1909214e-01  -2.3661807e-01  -8.0082877e-01  -1.6397862e+00  -1.7765013e+00  -2.0508003e+00  -1.5091930e+00  -1.7003904e+00  -1.7971411e+00  -1.9251338e+00  -1.9425242e+00  -2.0790584e+00  -1.8106521e+00
   1.2832006e+00   5.5186626e-01  -1.4197307e-01   2.7084134e-02  -1.3221897e-01  -6.6045094e-01  -1.3556647e+00  -1.3250802e+00  -1.5281268e+00  -1.6202281e+00  -1.8105731e+00  -2.0188174e+00  -2.0083557e+00  -1.8267446e+00  -1.8074382e+00  -1.7186497e+00
   2.1770699e+00   1.0373233e+00   2.1617605e-01   8.6560637e-02  -1.8060404e-01  -6.7093683e-01  -1.7746294e+00  -1.9283549e+00  -1.8980600e+00  -1.6082768e+00  -1.6867463e+00  -2.1962368e+00  -2.3551909e+00  -1.9242814e+00  -2.1285912e+00  -1.7999970e+00
   1.9797416e+00   1.2063561e+00   2.6793026e-01  -2.1770553e-02  -1.7704157e-01  -4.9511143e-01  -1.3301130e+00  -1.3880898e+00  -1.7522769e+00  -1.4241649e+00  -2.0613523e+00  -1.9437429e+00  -1.9243452e+00  -1.9889903e+00  -1.8886589e+00  -1.7919619e+00
   1.9008255e+00   4.6250615e-01  -6.1245711e-01  -6.8660335e-01  -6.5594483e-01  -1.6899300e+00  -1.8145696e+00  -1.1117275e+00  -1.4689603e+00  -1.4161612e+00  -1.8340407e+00  -1.8228156e+00  -2.0015025e+00  -2.0210092e+00  -1.8396924e+00  -1.6996329e+00
   1.5131625e+00   1.5971064e-01   3.7664252e-01   1.1112866e-01  -2.8239163e-01  -7.9851555e-01  -2.0892974e+00  -1.5003613e+00  -1.4622667e+00  -1.4964192e+00  -2.0533311e+00  -2.0738290e+00  -2.0646746e+00  -1.7400194e+00  -1.8345778e+00  -1.5341545e+00
   2.4758535e+00   5.1216961e-01   7.9996443e-01  -2.0153558e-02  -4.0523411e-01  -1.0567928e+00  -2.0390062e+00  -1.7221493e+00  -8.3734988e-01  -8.3867647e-01  -1.7380503e+00  -1.9518233e+00  -1.9432698e+00  -1.4686947e+00  -1.5109825e+00  -1.6200065e+00
   1.9370024e+00   5.6380649e-01   4.1915213e-01   5.0278682e-01  -9.8425942e-02  -1.1772824e+00  -1.4829675e+00  -1.3152545e+00  -8.9263588e-01  -9.7844266e-01  -1.3448080e+00  -1.2326672e+00  -1.3809483e+00  -1.3194691e+00  -1.2831050e+00  -1.3954070e+00
   1.6415023e+00   9.5765840e-01   7.4945912e-01   3.2471852e-01  -1.7980772e-01  -8.9530627e-01  -1.7091344e+00  -1.4534652e+00  -8.7725702e-01  -7.6620673e-01  -1.3465342e+00  -1.2189482e+00  -1.2502086e+00  -8.9024730e-01  -1.4290713e+00  -1.5978943e+00
   1.4365926e+00   8.3956767e-01   1.9192485e-01  -5.1885349e-02  -3.4507616e-01  -9.3048407e-01  -1.5203720e+00  -1.0389008e+00  -3.3582150e-01  -7.1058836e-02  -9.8234149e-01  -8.6308914e-01  -6.2145547e-01  -4.4273239e-01  -1.1026218e+00  -1.3388579e+00
   1.4719291e+00   8.8525781e-01   3.7634799e-01  -3.1845304e-01  -1.3050150e-01  -5.8696518e-01  -1.4700117e+00  -8.3847982e-01  -2.6364658e-02  -2.0858248e-01  -1.1383872e+00  -7.0857027e-01  -7.5510128e-01  -7.7587393e-01  -9.8344226e-01  -1.3956212e+00
   2.0813690e+00   1.5720259e+00   4.4548625e-01   5.3247222e-02   2.3822193e-01  -6.5916170e-02  -7.4464097e-01  -2.0554726e-01   7.4563706e-01   6.5614146e-01  -4.6551791e-01  -2.3160021e-02  -1.1757815e-01  -3.9805841e-01  -8.0962158e-01  -1.5317046e+00
   1.9764575e+00   1.5250001e+00   5.4270291e-01   2.4699370e-01   6.9380306e-01  -2.0994194e-01  -9.4861011e-01  -3.0501204e-01   9.6332268e-01   6.0205221e-01  -5.0821931e-01  -2.6825426e-01   3.1011281e-02  -2.6893917e-04  -8.5506859e-01  -1.2131644e+00
   2.4772728e+00   2.0178944e+00   5.3434927e-01   1.1617921e+00   1.6671602e+00   1.0514505e+00   9.8657939e-02   8.9642808e-01   2.2975280e+00   1.9564157e+00   9.9000801e-01   1.5245243e+00   2.1437619e+00   1.2583964e+00  -3.3672187e-01  -9.9401365e-01
   1.9531676e+00   1.6460433e+00   9.8284577e-01   1.2147374e+00   1.8878399e+00   7.1624545e-01   2.7089275e-01   8.7102728e-01   2.0916298e+00   1.7020522e+00   8.7141259e-01   1.2983534e+00   1.7638064e+00   1.1332822e+00  -1.0347027e+00  -1.3046607e+00
   1.8206786e+00   2.0761092e+00   1.1744302e+00   1.4432919e+00   1.5865024e+00   9.5632320e-01   5.7984230e-01   9.8179578e-01   2.2203166e+00   1.7448034e+00   8.6004815e-01   1.2350543e+00   1.3746342e+00   9.7691798e-01  -6.4153728e-01  -1.1815131e+00
   2.4596486e+00   2.2702456e+00   9.1285877e-01   1.4251554e+00   1.6950479e+00   1.1364358e+00   6.2112025e-01   9.6547118e-01   2.1456794e+00   1.5706311e+00   4.6706652e-01   7.9184256e-01   8.1807598e-01   6.0473787e-01  -7.9059326e-01  -1.3736797e+00
   2.1179041e+00   2.3974415e+00   1.2174300e+00   1.5422185e+00   1.8031698e+00   1.1857173e+00   6.0309402e-01   1.0357685e+00   2.3607640e+00   1.7499607e+00   7.0537722e-01   1.0190114e+00   9.2906010e-01   4.1227353e-01  -7.5311072e-01  -9.6106303e-01
   2.4506229e+00   2.6238877e+00   1.1116180e+00   1.5300399e+00   2.0395677e+00   1.4073497e+00   8.2310626e-01   1.1209701e+00   2.3793359e+00   1.7013911e+00   7.4577179e-01   1.2109910e+00   1.1451702e+00   6.7086348e-01  -9.6274303e-01  -1.3470767e+00
   2.6877589e+00   2.8040668e+00   1.3391215e+00   1.7597076e+00   2.0150028e+00   1.4289524e+00   9.5918884e-01   9.5901091e-01   2.1536411e+00   1.4503618e+00   7.8772994e-01   1.2757356e+00   8.9842441e-01   3.1728504e-01  -5.6832630e-01  -7.3307143e-01
   2.7306416e+00   2.8200841e+00   1.1537507e+00   1.8628559e+00   2.2443871e+00   1.5277358e+00   1.0461615e+00   1.2659137e+00   2.2619115e+00   1.4724474e+00   5.4669225e-01   1.0668525e+00   9.8317632e-01   7.0278069e-01  -4.1437444e-01  -1.3405904e+00
   2.6387136e+00   2.8090100e+00   1.2890170e+00   1.8278318e+00   2.0684476e+00   1.4717625e+00   7.6981033e-01   1.4111418e+00   2.2218937e+00   1.2047331e+00   4.4593405e-01   9.3860856e-01   8.2879406e-01   5.7739770e-01  -5.3972876e-01  -1.0420654e+00
   2.7173003e+00   2.5527088e+00   1.1960318e+00   1.8024037e+00   1.7467989e+00   1.1921725e+00   5.8416533e-01   1.5112710e+00   2.1287361e+00   9.1805104e-01   2.3350299e-01   5.7371975e-01   5.9912263e-01   1.4842561e-01  -8.0482550e-01  -1.1441549e+00
   2.5368551e+00   2.6236317e+00   1.2114359e+00   1.6972267e+00   1.6433711e+00   1.0870135e+00   5.4049101e-01   1.4337602e+00   2.0250088e+00   7.0703167e-01   2.0217891e-01   4.2068551e-01   4.6141167e-01  -7.8433810e-02  -1.0543804e+00  -1.1425868e+00
   2.5728435e+00   2.7044113e+00   1.0465294e+00   1.6844212e+00   1.6146612e+00   1.0213808e+00   4.8891540e-01   1.4053833e+00   1.5852411e+00   4.7992795e-01   2.0258868e-01   2.6207246e-01   4.0030898e-01  -1.9821943e-01  -1.2631763e+00  -1.4400933e+00
   2.2097411e+00   2.7703072e+00   1.1297291e+00   1.7530292e+00   1.5099483e+00   8.5830301e-01   4.2224801e-01   7.0548829e-01   6.0431944e-02  -7.5760271e-02  -1.3990518e-01  -3.9692604e-01  -1.2830738e-01  -7.2090147e-01  -1.3656760e+00  -1.4836448e+00
   2.0987640e+00   2.7131625e+00   1.2421419e+00   1.6057487e+00   9.6971338e-01   5.5402814e-01   2.1511517e-01   6.0728836e-03  -2.6370460e-01  -6.8614968e-01  -5.8907568e-01  -1.0433906e+00  -4.8703698e-01  -1.1227793e+00  -1.4372208e+00  -1.5710271e+00
   2.4456925e+00   2.9035900e+00   7.7468596e-01   3.3942080e-01   2.6137121e-01  -2.0424954e-01  -1.6287869e-01   1.6232689e-04  -6.2276216e-01  -9.1851881e-01  -8.4100313e-01  -1.3507706e+00  -1.1838555e+00  -1.2804040e+00  -1.5999972e+00  -1.6486971e+00
   2.5912796e+00   3.0258045e+00   1.1881981e+00   2.9209077e-01  -6.3291880e-02  -5.1958875e-01  -2.7916454e-01  -1.7555106e-01  -6.5570634e-01  -9.4466950e-01  -9.7143574e-01  -1.2979685e+00  -1.2085863e+00  -9.4990101e-01  -1.2071925e+00  -1.3085778e+00
   2.6816157e+00   3.0454689e+00   1.5133653e+00   7.2882583e-01  -4.0520713e-01  -6.5248787e-01  -1.5151426e-01  -4.3344343e-01  -6.6121366e-01  -4.4623819e-01  -7.6816798e-01  -1.1483304e+00  -8.6671863e-01  -6.8656713e-01  -1.0051470e+00  -1.2308494e+00
   2.6960073e+00   2.9158588e+00   1.3700183e+00   5.5034281e-01  -1.7931118e-01  -3.6590275e-01  -2.6906938e-01  -6.6314033e-01  -8.1208914e-01  -6.5354973e-01  -8.1589327e-01  -1.5192215e+00  -1.2659526e+00  -9.6936929e-01  -1.3986453e+00  -1.6999506e+00
   2.6917341e+00   2.7044368e+00   1.3102814e+00   4.4436328e-01  -3.5031923e-01  -2.3409725e-01   1.2840242e-01  -3.3922916e-01  -4.8256267e-01  -7.4158292e-01  -8.6102324e-01  -1.4747996e+00  -1.2633930e+00  -9.5686134e-01  -1.4673635e+00  -1.5721504e+00
   2.8478473e+00   2.3425380e+00   1.0188838e+00  -1.1630650e-01  -7.7828566e-01  -8.6594532e-01  -4.5474706e-01  -6.5233247e-01  -7.6647912e-01  -7.1682585e-01  -1.0192816e+00  -1.5073266e+00  -1.5151926e+00  -9.6211914e-01  -1.4098828e+00  -1.6288994e+00
   2.8183370e+00   2.3822388e+00   7.8820463e-01   2.4629955e-01  -7.4983632e-01  -1.5592511e+00  -9.0932987e-01  -1.0322714e+00  -1.2973345e+00  -1.2896601e+00  -1.5241091e+00  -1.7914115e+00  -2.0898805e+00  -1.6057809e+00  -1.8372492e+00  -1.7490957e+00
   2.5731940e+00   2.0546617e+00   6.4420640e-01  -1.3786018e-02  -6.0570137e-01  -1.1200878e+00  -1.1993372e+00  -1.3056881e+00  -1.2693569e+00  -1.2207751e+00  -1.5326940e+00  -1.6976762e+00  -1.6337710e+00  -1.5872376e+00  -1.6076766e+00  -1.4756182e+00
   2.6678062e+00   1.6507425e+00   5.5160667e-01   1.6822539e-01  -3.6756315e-01  -1.0097998e+00  -1.2203395e+00  -1.1467266e+00  -1.3525266e+00  -1.1160416e+00  -1.6858054e+00  -2.1661269e+00  -2.0481731e+00  -2.0980296e+00  -1.6010187e+00  -1.7671668e+00
   2.0502038e+00   1.3882736e+00   3.5397347e-01   1.4810621e-01   2.5655950e-01  -7.6724301e-01  -1.3548105e+00  -1.4624739e+00  -1.3688778e+00  -1.3557638e+00  -1.8423571e+00  -2.0311722e+00  -1.8890161e+00  -1.7399132e+00  -1.6077120e+00  -1.5880461e+00
   1.7632316e+00   9.1791200e-01   4.1981826e-01  -3.7184100e-01  -5.9051654e-01  -8.4041105e-01  -1.4436065e+00  -1.2932867e+00  -1.4084193e+00  -1.5879274e+00  -1.8050047e+00  -1.7229512e+00  -1.7345289e+00  -1.5557727e+00  -1.5829022e+00  -1.5340514e+00
   1.9383101e+00   5.2991482e-01  -2.7162794e-02  -1.5614467e-01  -2.4145167e-03  -7.3880601e-01  -1.9380969e+00  -1.6294360e+00  -1.5185628e+00  -1.4244241e+00  -2.0532197e+00  -2.0565681e+00  -1.9365799e+00  -1.8824056e+00  -1.7554740e+00  -1.6383195e+00
   1.8277978e+00  -2.2547949e-01   1.6441362e-01   4.2391903e-01   1.3714277e-01  -7.9091843e-01  -1.6354811e+00  -1.6701996e+00  -1.3060298e+00  -1.1431509e+00  -1.3923582e+00  -1.6019781e+00  -1.4874044e+00  -1.5667024e+00  -1.5495613e+00  -1.4736379e+00
   2.4634244e+00   8.1621847e-01   2.5231610e-01   6.3956528e-01  -9.2852726e-02  -9.7662620e-01  -1.7911400e+00  -1.6152191e+00  -1.4304331e+00  -1.4796456e+00  -1.8110317e+00  -2.0733665e+00  -1.7756906e+00  -1.9332360e+00  -1.7992608e+00  -1.7496262e+00
   1.9223130e+00   4.8251682e-01  -1.1160884e-01  -4.8221527e-01  -7.7613776e-01  -6.9557188e-01  -1.3401836e+00  -1.3454641e+00  -1.6366214e+00  -1.6300276e+00  -1.8368881e+00  -1.8237774e+00  -1.9502387e+00  -2.0213832e+00  -1.8899336e+00  -1.8521377e+00
   2.1126255e+00   6.4479213e-01   5.7363752e-01   1.8084068e-03   5.4210957e-02  -6.4910625e-01  -1.5245046e+00  -1.4918621e+00  -1.5590996e+00  -1.4865134e+00  -1.8510608e+00  -2.1398862e+00  -1.9909770e+00  -2.1241837e+00  -1.7938756e+00  -1.5916644e+00
   1.4000757e+00  -4.5066913e-02   1.1829059e-01  -5.5595402e-01  -3.1031561e-01  -7.9302709e-01  -1.5180234e+00  -1.3656967e+00  -1.6797617e+00  -1.4499728e+00  -1.9360992e+00  -2.1363260e+00  -1.9515235e+00  -1.9659994e+00  -1.8237763e+00  -1.5255871e+00
   1.5082121e+00   3.7671423e-01   2.5352727e-01  -3.4416895e-01  -7.6631018e-01  -1.0661497e+00  -1.8728446e+00  -1.7440122e+00  -1.5660241e+00  -1.5098940e+00  -1.8282291e+00  -2.3181087e+00  -2.1859407e+00  -2.0245882e+00  -2.0750178e+00  -1.9477196e+00
   9.6511307e-01  -3.7389184e-02  -4.1967890e-01  -4.8896687e-01  -5.8556064e-01  -9.7611494e-01  -2.3836534e+00  -2.0532984e+00  -2.3677497e+00  -1.6405069e+00  -1.8945125e+00  -2.2233272e+00  -2.0692762e+00  -2.0846870e+00  -2.0377426e+00  -1.7608848e+00
   1.1981788e+00   2.0840777e-01  -1.9651305e-01  -3.9259548e-01  -3.7696849e-01  -7.0320847e-01  -1.5287014e+00  -1.3325552e+00  -1.5828999e+00  -1.4604797e+00  -1.7158664e+00  -1.9995903e+00  -1.8856481e+00  -1.9067033e+00  -2.0671913e+00  -1.7044188e+00
   1.7863367e+00  -6.3869183e-02  -5.6774031e-02  -3.8415066e-01  -2.4490374e-01  -9.9460633e-01  -1.9254977e+00  -2.0023130e+00  -1.7316841e+00  -1.3973912e+00  -1.8553703e+00  -2.1252871e+00  -2.0695975e+00  -1.8889391e+00  -1.9029798e+00  -1.5879170e+00
   2.0129745e+00   3.0632344e-01   4.7028641e-01   9.5611571e-02  -3.0222704e-01  -1.3272645e+00  -2.0469527e+00  -1.7633824e+00  -1.8806657e+00  -1.2879878e+00  -1.8553255e+00  -2.0614573e+00  -2.2102273e+00  -1.8170198e+00  -1.8660395e+00  -1.6932238e+00
   2.0182922e+00   6.3184753e-01   3.9683374e-01   3.5794886e-01  -4.1151893e-01  -1.0102253e+00  -1.3037911e+00  -1.5451945e+00  -1.6160112e+00  -1.3150155e+00  -1.6953723e+00  -1.8045065e+00  -1.9099037e+00  -1.8066709e+00  -1.6894647e+00  -1.3868315e+00
   1.9710704e+00   7.0352004e-01  -8.4500620e-02  -1.0078691e-03  -2.1246732e-01  -6.7355300e-01  -1.6626287e+00  -1.6016499e+00  -1.8348727e+00  -1.9001848e+00  -1.8458612e+00  -2.3035756e+00  -2.2632539e+00  -1.9409277e+00  -1.8759901e+00  -1.9549721e+00
   1.3809135e+00   6.9329372e-01   5.9297110e-01  -3.6354000e-01   8.1992842e-02  -6.4525112e-01  -1.5906342e+00  -2.1555855e+00  -2.1826395e+00  -1.8757925e+00  -1.9672408e+00  -2.1876741e+00  -2.0646781e+00  -1.9104695e+00  -2.0055394e+00  -1.6406586e+00
   7.8104920e-01   9.6680348e-02  -9.9504406e-02  -7.8873182e-02  -1.6844595e-01  -9.3168455e-01  -1.9297134e+00  -1.6889466e+00  -1.4920776e+00  -1.2645116e+00  -2.1172053e+00  -1.9457465e+00  -2.0849931e+00  -2.0629190e+00  -1.9445186e+00  -1.7390772e+00
   9.6122591e-01   4.4882890e-01  -3.3574041e-02  -2.0667678e-01  -4.8908420e-01  -1.1244901e+00  -2.1083923e+00  -1.7884253e+00  -1.6428505e+00  -1.2740968e+00  -1.8494638e+00  -1.9956893e+00  -2.2328532e+00  -1.9181267e+00  -1.9688316e+00  -1.5834996e+00
   1.6151038e+00   1.0819771e+00   4.1246169e-01  -2.0066727e-01  -1.0010895e-01  -9.7652158e-01  -1.5135243e+00  -1.6430554e+00  -1.6457893e+00  -1.5299642e+00  -1.5855826e+00  -1.8776222e+00  -1.8342342e+00  -1.6226291e+00  -1.5929029e+00  -1.5171721e+00
   2.2856338e+00   3.4864080e-01  -2.5100972e-01  -2.6250101e-01  -1.9122088e-01  -1.0716691e+00  -2.0529800e+00  -1.9855392e+00  -1.5357326e+00  -1.4250711e+00  -1.8434662e+00  -2.3193177e+00  -2.0542397e+00  -1.9812264e+00  -1.7840669e+00  -1.7279087e+00
   1.9700565e+00   5.6706147e-01  -1.6289976e-01   5.4888964e-01  -1.1884689e-01  -3.7009159e-01  -1.8684734e+00  -1.3223014e+00  -1.6484149e+00  -1.5544142e+00  -2.0198977e+00  -1.8600664e+00  -2.1330409e+00  -1.6836193e+00  -1.6182880e+00  -1.9114141e+00
   1.8880123e+00   5.8718403e-01  -3.3857370e-02  -1.8306345e-01   1.2153047e-01  -7.1824043e-01  -1.2905959e+00  -1.3964282e+00  -1.3982770e+00  -1.4975146e+00  -2.2874447e+00  -2.3109516e+00  -2.0979163e+00  -1.9995918e+00  -1.8045117e+00  -1.6222717e+00
   2.0552190e+00   3.6548941e-01   3.1629352e-01  -3.6365129e-02  -3.3072710e-01  -1.0598401e+00  -1.7478275e+00  -1.8329618e+00  -1.3552835e+00  -1.4574830e+00  -1.8692832e+00  -1.8462308e+00  -1.7262843e+00  -1.6819216e+00  -1.6634835e+00  -1.4896455e+00
