   1.8361094e+00   1.1685490e+00  -4.4447222e-01  -6.6847525e-02  -4.3185736e-01  -9.2743389e-01  -1.7343276e+00  -1.4573613e+00  -1.7168461e+00  -1.5247524e+00  -1.9188554e+00  -2.0561607e+00  -1.9055548e+00  -1.9262987e+00  -2.1896863e+00  -1.5957621e+00
   1.8141214e+00   6.8976127e-01   8.2800968e-02   9.3088760e-02  -2.1469855e-01  -5.4538778e-01  -1.2817440e+00  -1.6348507e+00  -1.6946988e+00  -1.3354042e+00  -1.9111693e+00  -2.1100827e+00  -1.7992445e+00  -1.7927771e+00  -1.9895451e+00  -1.5584773e+00
   1.9205996e+00   1.3793404e+00   2.8102085e-01   2.7954192e-01  -3.2190432e-01  -8.6881257e-01  -1.3700616e+00  -1.7847896e+00  -1.6356360e+00  -1.6047851e+00  -1.9162308e+00  -2.3200760e+00  -1.9542283e+00  -1.7858336e+00  -1.7723129e+00  -1.8997940e+00
   1.0464519e+00   6.8440994e-01   1.6282293e-01  -1.0794537e-01  -6.2982626e-03  -7.4339404e-01  -1.4911332e+00  -1.2932664e+00  -1.5761756e+00  -1.5768653e+00  -1.8103615e+00  -2.1202830e+00  -2.0645451e+00  -1.9837196e+00  -1.7435597e+00  -1.6451412e+00
   1.6647395e+00   7.2121138e-01   1.9309356e-01   1.3657148e-01  -6.1168750e-02  -3.8180012e-01  -1.8410943e+00  -1.5217185e+00  -1.6299744e+00  -1.5130843e+00  -1.8645564e+00  -1.9001204e+00  -1.7711621e+00  -1.8434842e+00  -1.6276495e+00  -1.7857506e+00
   1.0068693e+00   6.9897870e-01   2.8712515e-03   3.3067300e-01   2.8292087e-02  -1.2041880e+00  -1.9589588e+00  -1.6889723e+00  -1.5645944e+00  -1.2951725e+00  -1.8052346e+00  -1.7778332e+00  -2.0064125e+00  -1.7454178e+00  -2.0645588e+00  -1.8617508e+00
   1.3284379e+00   9.0244559e-01   1.2366108e-01   5.4326779e-02  -8.6312118e-02  -1.0948772e+00  -1.2027280e+00  -1.6401643e+00  -1.8437204e+00  -1.7234575e+00  -2.1287345e+00  -1.9688461e+00  -1.8394154e+00  -1.8166802e+00  -1.7827451e+00  -1.6658142e+00
   1.8003873e+00   1.0554183e+00   1.3021002e-02  -1.8393543e-01   6.1635757e-03  -7.1550264e-01  -1.7269195e+00  -1.6009314e+00  -1.0799830e+00  -1.3393505e+00  -2.3120292e+00  -2.1517022e+00  -2.0238331e+00  -1.9999093e+00  -1.7559258e+00  -1.9161316e+00
   1.7151225e+00   7.1920626e-01   7.0059051e-01  -8.3762197e-02   4.6994392e-02  -9.9615463e-01  -1.6233923e+00  -1.1846100e+00  -1.0739549e+00  -1.1473002e+00  -1.9642639e+00  -2.0268714e+00  -1.7887548e+00  -1.9409524e+00  -1.8929229e+00  -1.6877684e+00
   1.3602680e+00   1.2123384e-01   1.1655902e-01  -9.5013215e-02  -2.7033759e-01  -5.8077035e-01  -1.4712846e+00  -1.4449397e+00  -1.5172134e+00  -1.3443765e+00  -1.9051371e+00  -1.9171848e+00  -1.6129756e+00  -1.6229090e+00  -1.7597445e+00  -1.7332317e+00
   1.8325441e+00   1.6813597e-01   1.0867496e-01   4.3322717e-02  -3.5473831e-01  -8.1650939e-01  -1.6117618e+00  -1.4645059e+00  -1.8302487e+00  -1.7393853e+00  -2.0981120e+00  -1.9017069e+00  -1.7363914e+00  -1.7129416e+00  -1.7680489e+00  -1.6751930e+00
   1.8635163e+00   3.1351582e-02  -1.4497692e-01  -3.0467906e-01  -3.8498114e-01  -5.8615417e-01  -1.7591533e+00  -1.8015767e+00  -1.5819043e+00  -1.3889723e+00  -1.9469340e+00  -1.9601235e+00  -2.0127579e+00  -1.7193061e+00  -1.7859748e+00  -1.5261294e+00
   2.0383174e+00   3.2959477e-01  -3.6551972e-02  -7.7258827e-01  -2.0422347e-01  -6.5323223e-01  -1.6441318e+00  -2.0818811e+00  -1.9272845e+00  -1.4359987e+00  -1.3925388e+00  -2.2345511e+00  -2.1431774e+00  -2.0386006e+00  -1.7812149e+00  -1.5542804e+00
   1.2761016e+00   3.1244064e-01  -2.2944795e-01  -6.1935065e-01  -4.9237300e-01  -6.7361607e-01  -1.3961980e+00  -1.6914720e+00  -1.6046938e+00  -1.3323474e+00  -1.8331393e+00  -2.0788600e+00  -1.9464801e+00  -1.9352048e+00  -2.0544468e+00  -1.7805471e+00
   1.6778090e+00   6.2151807e-01  -3.6232435e-02   1.2668854e-01  -4.5583787e-01  -8.6632093e-01  -1.3172748e+00  -1.3904746e+00  -1.3493173e+00  -9.3297114e-01  -1.7329290e+00  -2.1596540e+00  -2.2287079e+00  -2.0765220e+00  -1.7978971e+00  -1.5866670e+00
   1.1644564e+00   5.2497396e-01  -1.0969774e-01   1.6535910e-01  -4.0290354e-01  -8.8364910e-01  -1.7371908e+00  -1.2031249e+00  -1.5758289e+00  -1.1705632e+00  -1.5529207e+00  -1.8915885e+00  -2.0786488e+00  -1.8015353e+00  -1.6088068e+00  -1.5323008e+00
   1.0411418e+00   7.8499948e-01  -2.4548591e-03   4.6338778e-01  -7.4556787e-01  -1.1146288e+00  -1.6868367e+00  -1.3027492e+00  -1.4418119e+00  -1.3770923e+00  -1.8379906e+00  -2.1147408e+00  -1.8079815e+00  -1.7492197e+00  -1.6641348e+00  -1.5298040e+00
   1.7900971e+00   4.8979304e-01   7.8970267e-02   4.4332168e-01  -5.1653833e-01  -1.1185019e+00  -1.9552479e+00  -1.8190678e+00  -1.4840037e+00  -1.6173625e+00  -1.8788655e+00  -2.1383493e+00  -1.8187985e+00  -1.8544074e+00  -1.9175484e+00  -1.6813517e+00
   1.6786726e+00   3.3913260e-01  -1.2915462e-02   5.7471203e-01  -1.1823442e-01  -9.3314397e-01  -1.6843762e+00  -1.4074057e+00  -1.4544595e+00  -1.4381681e+00  -1.5986254e+00  -1.8935612e+00  -1.7373011e+00  -1.7618136e+00  -1.7684869e+00  -1.6143307e+00
   2.3438348e+00   7.7559282e-01   3.5092875e-01  -1.3180816e-01  -3.0906416e-01  -1.0482668e+00  -1.7632525e+00  -1.2778521e+00  -1.5036531e+00  -1.4990153e+00  -1.8461742e+00  -2.0126593e+00  -1.8563603e+00  -1.7840640e+00  -1.8517076e+00  -1.6858892e+00
   2.0051406e+00   6.9528023e-01   6.1296106e-01   1.0699662e-01  -4.6965031e-01  -1.0044964e+00  -1.4036625e+00  -1.3326701e+00  -1.7138466e+00  -1.6907917e+00  -1.5818512e+00  -1.7204046e+00  -1.8887091e+00  -1.6684512e+00  -1.5362856e+00  -1.3887018e+00
   1.6897199e+00   4.1350281e-01   3.9175012e-01   9.7931122e-02  -1.0060994e+00  -1.4994919e+00  -2.2387245e+00  -1.8848293e+00  -1.6712193e+00  -1.5967204e+00  -1.7115710e+00  -1.9233842e+00  -1.9537052e+00  -1.9941607e+00  -1.6162440e+00  -1.3748751e+00
   1.6229210e+00   4.5007679e-01   3.3737907e-01   3.9131735e-01   2.2755373e-01  -8.0624793e-01  -1.7255728e+00  -1.2283697e+00  -1.6159189e+00  -1.8513779e+00  -1.7436917e+00  -1.7765916e+00  -1.8025520e+00  -1.9064418e+00  -1.6979827e+00  -1.6831061e+00
   7.3470618e-01   2.4928529e-01   5.4079424e-01  -4.0321634e-01  -4.9058141e-01  -1.0878740e+00  -1.5575256e+00  -1.3982280e+00  -1.5325924e+00  -1.4373269e+00  -1.7731260e+00  -2.2187009e+00  -2.2586781e+00  -1.8333271e+00  -1.7355376e+00  -1.6319940e+00
   8.1789137e-01   5.8092748e-01   9.1968748e-01   4.7597861e-01  -6.8995253e-01  -7.4693641e-01  -1.6902926e+00  -1.7272498e+00  -1.9243161e+00  -1.9940589e+00  -2.0570078e+00  -2.2497807e+00  -2.0358570e+00  -1.8473756e+00  -1.9178400e+00  -1.6131303e+00
   1.5152167e+00   5.6848206e-01   3.0986335e-01   5.1175882e-01   2.5453070e-01  -9.4161020e-01  -1.6674379e+00  -1.5363018e+00  -1.9259993e+00  -1.6530528e+00  -1.8109576e+00  -1.9028072e+00  -1.8934943e+00  -1.9592910e+00  -1.7275386e+00  -1.5679427e+00
   1.8996235e+00   8.8794484e-01   7.8528673e-01   4.4225481e-03   1.7353360e-01  -6.6237305e-01  -1.7964921e+00  -1.2458132e+00  -1.5553727e+00  -1.5361387e+00  -1.8489766e+00  -2.0842999e+00  -1.8065916e+00  -1.9089955e+00  -1.9429897e+00  -1.6068962e+00
   2.3168030e+00   8.9568585e-01   5.6287670e-01  -4.7531541e-02  -6.2327152e-01  -1.0304702e+00  -1.6414403e+00  -9.9114626e-01  -1.3990336e+00  -1.5405471e+00  -1.8158393e+00  -2.1337392e+00  -1.9325771e+00  -2.0658340e+00  -1.9727311e+00  -1.6529383e+00
   1.9232633e+00   6.1982893e-01   5.5971838e-01   1.3576551e-01  -2.7210888e-01  -9.1435346e-01  -1.5675551e+00  -1.2253148e+00  -1.4870534e+00  -1.5109410e+00  -1.6160098e+00  -1.6622787e+00  -1.7338572e+00  -1.6569377e+00  -1.4794939e+00  -1.4539489e+00
   2.2222337e+00   4.1536165e-01   3.6889288e-01  -2.5483444e-01  -1.9218428e-02  -1.0146202e+00  -1.6043854e+00  -1.5075910e+00  -1.6591978e+00  -1.3800490e+00  -1.6881267e+00  -2.1178280e+00  -1.9911230e+00  -1.8575080e+00  -1.6401432e+00  -1.5845037e+00
   1.4541435e+00   3.8412148e-01   7.8207937e-01   4.5289313e-02   2.5187414e-01  -4.6304581e-01  -1.1892061e+00  -6.1453278e-01   5.0796150e-01   2.7159733e-01  -5.8919500e-01  -6.1946483e-01  -6.3210607e-01  -6.7955387e-01  -1.2398579e+00  -1.7303294e+00
   1.6103523e+00   1.7536924e+00   1.3677879e+00   1.2676164e+00   1.6066241e+00   8.2519211e-01   2.2225279e-01   1.0111087e+00   2.2554910e+00   1.6370474e+00   6.6145787e-01   4.5062533e-01   8.0456113e-01   2.3560205e-01  -8.4186461e-01  -1.2028654e+00
   1.3014723e+00   1.9021170e+00   9.1536515e-01   1.6828607e+00   2.0604278e+00   1.1869415e+00   5.1251805e-01   1.0484412e+00   2.4536953e+00   1.8480194e+00   1.1350951e+00   1.0336955e+00   1.7669359e+00   1.1401185e+00  -8.8461888e-01  -1.2460721e+00
   2.2454652e+00   2.0615578e+00   1.0388170e+00   1.8897394e+00   2.3561575e+00   1.1680963e+00   6.0727667e-01   1.2964388e+00   2.5666500e+00   1.9311541e+00   1.5779233e+00   1.2948158e+00   2.0891212e+00   1.6334015e+00  -1.9214311e-01  -7.5267420e-01
   2.3637226e+00   2.2988408e+00   1.3176344e+00   1.8457734e+00   2.5767296e+00   1.3141554e+00   5.0148990e-01   1.4847379e+00   2.6929604e+00   1.8072577e+00   1.5049428e+00   1.2554605e+00   1.9988063e+00   1.5538696e+00  -7.2855256e-01  -1.0015671e+00
   2.6404870e+00   2.5682457e+00   1.5064156e+00   1.6799659e+00   2.4954515e+00   1.4182168e+00   6.1033563e-01   1.5070728e+00   2.7181640e+00   1.5630348e+00   1.0583660e+00   9.1120503e-01   1.4166826e+00   1.1848163e+00  -7.0539445e-01  -9.8317619e-01
   2.8935232e+00   2.7451361e+00   1.5726793e+00   1.8360970e+00   1.8770598e+00   1.5958512e+00   9.1366621e-01   1.8176283e+00   2.7781083e+00   1.5688061e+00   1.1540410e+00   9.6130606e-01   1.0960832e+00   8.5898067e-01  -6.2466554e-01  -9.3688791e-01
   2.7681528e+00   2.7200070e+00   1.5619337e+00   1.8784128e+00   1.7857028e+00   1.8501022e+00   1.1452538e+00   1.9465063e+00   2.9303381e+00   1.8806283e+00   1.3066887e+00   9.4630999e-01   9.5496780e-01   1.0248901e+00  -2.7702270e-01  -6.8674295e-01
   3.0123994e+00   2.6919813e+00   1.6376948e+00   2.0556127e+00   1.8016471e+00   1.8419005e+00   1.1776202e+00   2.1853503e+00   2.9738445e+00   1.7936273e+00   1.4126655e+00   1.0813143e+00   9.7453774e-01   9.7182944e-01  -2.9171426e-01  -4.3445371e-01
   2.7444411e+00   2.7805393e+00   1.6775468e+00   2.1759771e+00   2.0076248e+00   1.7954556e+00   1.1167626e+00   2.0537927e+00   2.7978746e+00   1.6578585e+00   1.2976726e+00   9.6398074e-01   9.6831615e-01   9.2716774e-01  -2.4763197e-01  -5.9764481e-01
   2.4143982e+00   2.7404001e+00   1.6064989e+00   1.9909396e+00   1.9281172e+00   1.7302168e+00   1.0798592e+00   2.1047331e+00   2.7698801e+00   1.6037833e+00   1.2628009e+00   1.0184948e+00   9.3242334e-01   8.5759458e-01  -1.9018787e-01  -5.0399981e-01
   2.7225326e+00   2.5309550e+00   1.3653269e+00   1.7312858e+00   1.5638765e+00   1.4060343e+00   6.4734659e-01   1.6820779e+00   2.3823542e+00   1.3487166e+00   1.0620104e+00   6.7544556e-01   3.6735133e-01   4.9494301e-01  -2.0919850e-01  -6.2067736e-01
   2.9417160e+00   2.5984521e+00   1.4315892e+00   1.5708266e+00   1.3499595e+00   1.2416771e+00   6.0459830e-01   1.5718770e+00   2.1259572e+00   9.0133225e-01   6.5136475e-01   4.6489421e-01   2.9328010e-02   1.1587808e-01  -4.1912489e-01  -6.9849804e-01
   2.8301545e+00   2.3417900e+00   1.1688124e+00   1.3401607e+00   1.1074511e+00   9.3309691e-01  -3.1752515e-02   1.2092120e+00   1.8282437e+00   9.1007351e-02  -2.3667058e-01  -3.1828024e-01  -8.0270206e-01  -6.7080806e-01  -7.7865764e-01  -1.1106549e+00
   3.0108532e+00   1.9916067e+00   6.7288059e-01   5.7950216e-01   5.6962946e-01   2.0294594e-01  -5.2150425e-01  -1.2950047e-01   7.1937807e-01  -4.7931070e-01  -1.1558287e+00  -9.7164129e-01  -1.0841218e+00  -1.0168107e+00  -6.0832980e-01  -8.9337207e-01
   2.6568251e+00   1.6199689e+00   3.5518010e-02   1.8016531e-01   5.6439456e-01  -4.6864982e-02  -5.9653771e-01   6.4705158e-02   5.1563057e-01  -7.5921141e-01  -9.9903231e-01  -9.7902311e-01  -1.3925181e+00  -1.1089221e+00  -7.0824025e-01  -9.3018316e-01
   2.2968203e+00   1.3521205e+00   1.4954577e-01   1.3365892e-01  -1.3326173e-01   3.1267936e-02  -8.7766457e-01  -9.4725571e-01  -3.5565736e-01  -1.0867447e+00  -1.0438576e+00  -1.1003401e+00  -1.7796363e+00  -1.3473271e+00  -9.4510172e-01  -1.3869279e+00
   2.2588710e+00   1.4482343e+00   3.5976996e-01  -2.0790016e-02  -3.2603894e-01  -4.1716124e-01  -1.6837436e+00  -1.4591933e+00  -1.1172845e+00  -1.2345870e+00  -1.3157463e+00  -1.2753642e+00  -1.6425584e+00  -1.0113267e+00  -1.0121040e+00  -1.2408533e+00
   1.7356349e+00   1.1145349e+00  -6.2616945e-01  -3.0026290e-01   4.4161196e-01  -9.6145458e-01  -1.9377838e+00  -1.5824811e+00  -9.1868777e-01  -1.0690698e+00  -1.2330859e+00  -1.4498078e+00  -1.0742214e+00   2.5193893e-01   2.1968552e-01  -1.7643739e-01
   1.6222913e+00   9.2123817e-01   3.1559319e-01   5.9724556e-02   3.5733699e-01  -9.6257612e-01  -1.5108306e+00  -8.6722678e-01  -4.3998310e-01  -6.7192135e-01  -9.6587102e-01  -1.0793013e+00  -6.0721462e-01   7.5584083e-01   1.2233289e+00   8.4674733e-01
   1.5850736e+00   1.1003766e+00  -8.4277283e-02   6.4521513e-02   7.3899632e-02  -8.3577780e-01  -1.5972109e+00  -8.3577739e-01  -4.9005181e-01  -5.8866329e-01  -8.6724716e-01  -9.5127963e-01  -2.9038804e-01   1.0008127e+00   1.6271237e+00   1.1986369e+00
   1.7278088e+00   9.5442200e-01  -4.6045144e-01  -2.3932292e-02  -1.9881113e-01  -6.7344043e-01  -1.0646490e+00  -6.4021725e-01  -5.6499995e-01  -7.2318860e-01  -5.6446594e-01  -6.1507296e-01  -1.0425757e-01   8.1456500e-01   2.0006787e+00   1.7573368e+00
   1.8779054e+00   9.4480421e-01   3.1210542e-02  -3.4851877e-01  -4.3583589e-01  -9.7094999e-01  -1.3921415e+00  -7.9939125e-01  -5.1013886e-01  -6.6481897e-01  -9.4273537e-01  -7.7428704e-01   6.3010799e-02   5.6013538e-01   1.6268447e+00   1.4138707e+00
   1.5550606e+00   7.3062231e-01   6.3691732e-02  -3.6423776e-02  -2.8249910e-01  -3.9315266e-01  -1.1371373e+00  -8.8241718e-01  -3.3632403e-01  -4.4764359e-01  -8.0602359e-01  -9.1754308e-01  -3.6402730e-01   8.8372637e-01   1.8164905e+00   1.7511197e+00
   1.4076927e+00   6.7060162e-01   1.1601481e-01  -4.9108652e-02  -5.8905113e-01  -5.7009176e-01  -8.9703228e-01  -9.9141448e-01  -4.4650877e-01  -7.1622061e-01  -1.0677406e+00  -7.1997624e-01  -2.9303194e-01   1.0890325e+00   2.0927453e+00   1.8685865e+00
   4.6528306e-01   8.4011749e-01  -1.4900382e-01  -2.0787758e-02  -9.7073656e-01  -8.9783671e-01  -1.5642206e+00  -8.5249645e-01  -3.3109543e-01  -2.9016980e-01  -1.0446634e+00  -1.1770034e+00  -3.6163211e-01   9.1456528e-01   1.9333432e+00   1.9773044e+00
   1.6746339e+00   1.2977723e+00   6.5111773e-01  -9.1270699e-02  -7.4761139e-02  -7.2854718e-01  -1.2041071e+00  -7.1861315e-01  -2.2909505e-01  -2.3650227e-01  -8.0494744e-01  -1.0745677e+00  -2.0385408e-01   9.2375890e-01   1.9556982e+00   1.9230323e+00
   1.9354974e+00   1.0513345e+00   5.7735842e-01  -4.0123426e-02   1.4389321e-01  -3.3135560e-01  -1.3968660e+00  -1.1146133e+00  -9.5182666e-01  -7.4174761e-01  -1.1442997e+00  -9.2605928e-01  -8.6373430e-02   6.6166346e-01   1.8556485e+00   1.7847406e+00
   2.0379485e+00   1.2589119e+00   1.8482549e-01   1.2445775e-02  -3.7754855e-01  -3.4468712e-01  -1.3925489e+00  -8.1860670e-01  -4.9000638e-01  -8.0393094e-01  -1.3406312e+00  -1.1492442e+00  -3.9273552e-01   6.4515060e-01   1.8757518e+00   1.7093563e+00
   1.3104967e+00   1.2883639e+00   1.3856900e-02   3.4972616e-01   1.6568674e-01  -9.2114624e-01  -1.6198099e+00  -7.8530693e-01  -3.7188067e-01  -8.2384227e-01  -9.4439733e-01  -1.1672472e+00  -2.6496554e-01   7.7854795e-01   1.7486950e+00   1.6514001e+00
   1.6989356e+00   1.2843432e+00   5.1017210e-02   2.1051516e-01  -4.1280681e-01  -8.8002366e-01  -1.6431870e+00  -6.8858690e-01  -3.5964883e-01  -1.0607474e+00  -8.7163639e-01  -1.1058645e+00  -3.6609295e-01   6.6725003e-01   1.6610037e+00   1.4470577e+00
   1.6697320e+00   1.2175690e+00   1.2024535e-01   4.6957623e-01  -4.0394731e-01  -1.1595944e+00  -1.4068684e+00  -7.9603886e-01  -5.9722824e-01  -9.2364512e-01  -1.1816600e+00  -8.9934080e-01  -4.4267929e-01   7.3471775e-01   2.0309446e+00   1.7753380e+00
   1.7093288e+00   9.9110045e-01   5.0922977e-01  -3.2762939e-01  -2.2694892e-01  -1.1161902e+00  -1.4312815e+00  -8.7331334e-01  -4.9040639e-01  -4.8538266e-01  -9.6042842e-01  -9.4463757e-01  -2.4296496e-01   3.6404552e-01   1.8520236e+00   1.7227457e+00
   1.4083022e+00   1.0044288e+00   2.8651682e-01  -6.3754509e-02   1.7453930e-01  -1.2920462e+00  -1.5148499e+00  -9.3398645e-01  -5.9981707e-01  -8.8137390e-01  -9.4906558e-01  -1.3293630e+00  -5.0934295e-01   5.4815184e-01   2.1259343e+00   1.6132523e+00
   1.4433176e+00   1.0675848e+00  -3.0205754e-02  -5.0696349e-01  -9.8863383e-01  -1.1084630e+00  -1.3737594e+00  -5.0289564e-01  -2.9626017e-01  -5.1978154e-01  -1.2069537e+00  -9.9583907e-01  -2.5456217e-01   7.6965492e-01   1.8869548e+00   1.4182349e+00
   9.3135145e-01   1.0572379e+00  -4.3253460e-01  -2.5929889e-01  -3.5976302e-01  -8.0269204e-01  -1.5702968e+00  -5.4930065e-01  -6.0206434e-01  -7.6401508e-01  -1.3273137e+00  -1.2367266e+00  -5.0787083e-01   4.4940914e-01   1.5394475e+00   1.4664706e+00
   1.7377305e+00   7.3018393e-01   2.5535082e-02  -1.6887983e-01  -5.7097076e-01  -1.1557158e+00  -1.0758741e+00  -9.3512251e-01  -4.9549393e-01  -6.8950811e-01  -1.2824958e+00  -1.0835839e+00  -3.8775908e-01   8.5583221e-01   1.8001730e+00   1.5133935e+00
   1.5410937e+00   1.3417602e+00   3.5731337e-01  -3.4129374e-01  -2.8579223e-02  -6.4037269e-01  -1.3229897e+00  -6.6650553e-01  -2.5867861e-01  -7.5421189e-01  -1.1813095e+00  -1.4179189e+00  -3.3226846e-01   9.2236213e-01   1.7858738e+00   1.3714493e+00
   1.7138642e+00   1.1154854e+00   3.9535349e-02   4.6274490e-02  -2.0688458e-01  -7.6012171e-01  -1.3737744e+00  -6.6453293e-01  -8.8650025e-01  -7.7203054e-01  -1.1907541e+00  -1.4589992e+00  -5.2006752e-01   6.3873001e-01   1.9380797e+00   1.4627745e+00
   1.9507249e+00   1.2449330e+00   5.2848920e-02  -1.3125058e-01   1.1538444e-01  -8.0558903e-01  -1.5096880e+00  -8.1983345e-01  -4.4864344e-01  -5.4163560e-01  -8.4666110e-01  -1.1989505e+00  -5.0395189e-01   6.8780257e-01   1.6784158e+00   1.3311763e+00
   2.1117822e+00   8.2067224e-01   8.4978668e-02   2.8576771e-01  -1.0957641e-02  -1.1560276e+00  -1.6582873e+00  -1.0863933e+00  -8.1672294e-01  -9.1941341e-01  -1.6104248e+00  -1.3400233e+00  -5.0520471e-01   8.1195514e-01   1.5352934e+00   1.3899073e+00
   1.9519817e+00   1.2364485e+00  -8.4531409e-03   3.6134729e-01  -2.1864375e-01  -6.6304303e-01  -1.3393712e+00  -1.0652454e+00  -5.3362821e-01  -1.0991497e+00  -1.4035434e+00  -1.5690324e+00  -1.1059571e+00   8.1748379e-01   1.1958237e+00   7.3095410e-01
   1.6681547e+00   1.0146345e-01  -2.8635408e-01  -3.6606142e-01  -2.9788212e-01  -8.4018331e-01  -1.6851611e+00  -1.0760120e+00  -8.6685411e-01  -1.4025155e+00  -1.4961951e+00  -1.8288376e+00  -1.2218153e+00   3.2288860e-01   8.7071740e-01   3.8298587e-01
   1.6596433e+00   7.6141419e-01  -1.0573383e-01  -2.4875599e-01  -2.8100954e-02  -8.2199227e-01  -1.7162606e+00  -1.1156527e+00  -1.0508088e+00  -1.1717435e+00  -1.6623602e+00  -1.7614370e+00  -1.5950583e+00  -1.8483081e-01   1.6233678e-01  -3.6355710e-01
   1.1849901e+00   6.9539448e-01   2.1648018e-01  -2.1794433e-01  -2.5850080e-01  -1.0831701e+00  -1.5348764e+00  -1.0488487e+00  -1.4563294e+00  -1.3203197e+00  -1.7591958e+00  -2.0261138e+00  -1.6404776e+00  -8.3264366e-01  -5.5065127e-01  -8.3909327e-01
   1.9133668e+00   7.9843804e-01   2.1869712e-01  -8.4097543e-02  -9.0706802e-01  -9.7437434e-01  -1.8593108e+00  -1.7553347e+00  -1.6664198e+00  -1.6770845e+00  -1.8629117e+00  -2.1239158e+00  -1.7692055e+00  -1.4419907e+00  -1.7082914e+00  -1.5195071e+00
