   1.9204784e+00   1.2549818e+00   6.0755363e-01  -6.6794235e-01  -8.6621322e-01  -4.2618593e-01  -1.3175964e+00  -1.6812385e+00  -1.6448555e+00  -1.9850235e+00  -2.4498053e+00  -2.2178666e+00  -2.5054552e+00  -2.6253919e+00  -2.6440786e+00  -2.4732635e+00
   3.0438386e+00   2.4992237e+00   1.9253344e+00   6.2224234e-01   8.7829106e-01   9.0764283e-01   3.0928615e-01  -1.1287523e-01   6.5803191e-02  -5.1888540e-01  -7.1667637e-01  -7.2202707e-01  -7.9440207e-01  -6.8288764e-01  -2.5444141e-01   2.7493499e-01
   2.9427340e+00   2.1916715e+00   1.6425983e+00   1.0212726e+00   6.5277433e-01   4.0654425e-01   3.0737654e-01   8.5110300e-02  -4.0363659e-01  -4.6456907e-01  -4.5609374e-01  -3.8382105e-01  -5.8539178e-01  -5.8429414e-01  -9.7869628e-02   5.7743382e-01
   1.4975784e+00   8.9066715e-01   6.8867221e-01   3.1966078e-01  -5.3502029e-01  -1.0037842e+00  -9.2727786e-01  -1.3158327e+00  -1.1549841e+00  -1.6308596e+00  -2.0084700e+00  -1.4032002e+00  -1.1007521e+00  -8.9479472e-01  -2.8922739e-01   8.0975700e-02
   1.6928897e+00   4.4267028e-01   4.5052704e-01  -2.4009284e-01  -6.8508403e-01  -7.7870896e-01  -5.1913047e-01  -9.8175740e-01  -1.0910314e+00  -1.1547770e+00  -1.3974821e+00  -1.2574633e+00  -1.5513571e+00  -1.5888042e+00  -1.8448875e+00  -1.7840620e+00
   3.1125879e+00   2.4308639e+00   1.8863276e+00   1.6317304e+00   1.3917457e+00   1.1531693e+00   8.0977562e-01   6.1298426e-01  -3.0570021e-01   8.9187718e-02  -5.3212672e-02  -2.4975444e-01  -7.2301941e-01  -9.1760175e-01  -1.2183633e+00  -1.4602149e+00
   3.4295312e+00   2.8094608e+00   2.1144913e+00   1.4710052e+00   1.3459356e+00   1.1009291e+00   5.6632943e-01   3.5118458e-01   1.1251384e-02  -8.7216410e-02  -1.8297842e-01  -3.7384154e-01  -3.8592632e-01  -9.7116078e-01  -1.1955447e+00  -1.2406044e+00
   2.9912230e+00   2.5858659e+00   2.1787531e+00   1.7410847e+00   9.6828957e-01   7.8250211e-01   7.7212678e-01   3.1054985e-01   6.2221786e-02  -1.1321538e-01  -3.7385327e-01  -3.8399147e-01  -5.3170156e-01  -7.7484264e-01  -7.9694201e-01  -4.9831362e-01
   3.0371363e+00   1.8894613e+00   1.5942515e+00   1.2776241e+00   6.8557504e-01   6.5920576e-01   5.0595731e-01  -2.2439550e-01  -1.1404620e-01  -8.6503451e-02  -7.8351237e-01  -1.1878712e-01  -6.6406841e-01  -7.3312824e-01  -2.6435089e-01   2.7907104e-01
   2.9332850e+00   2.3470270e+00   1.7572016e+00   9.6098902e-01   5.8811371e-01   7.7285698e-01   5.6655123e-01   4.7856595e-03   2.2442035e-01   1.3339939e-01  -6.8461767e-01  -2.8223466e-01  -3.9104843e-01  -6.5492710e-01  -1.1698540e-01   6.5091392e-01
   2.6836069e+00   1.9516912e+00   1.3897887e+00   9.9045362e-01   3.7437643e-01   9.3913418e-02   6.8188240e-03   1.7453700e-01  -1.5385224e-01  -5.4355122e-01  -6.8952750e-01  -8.0369854e-01  -8.6831422e-01  -1.0269640e+00  -4.5602114e-01   3.8324109e-02
   2.1116804e+00   2.2103914e+00   1.4799624e+00   9.6041369e-01   9.8233396e-01   7.1045832e-01   5.4096208e-01   2.3903049e-01  -5.5187437e-02  -4.4260681e-01  -5.3366883e-01  -4.2265185e-01  -5.8500444e-01  -8.5507956e-01  -3.7680629e-01   3.8325829e-01
   2.3765702e+00   1.8558231e+00   1.1388505e+00   6.6908280e-02   1.1665249e-01  -6.6502826e-01  -3.0525693e-01  -1.0190540e+00  -9.3606046e-01  -1.0540788e+00  -1.0994539e+00  -1.1379312e+00  -8.5745821e-01  -1.0772072e+00  -4.9202044e-01   4.9258780e-02
   1.7284824e+00   4.2847694e-01   2.8800151e-02  -2.1010885e-01  -4.8622816e-01  -3.9761808e-01  -4.7271202e-01  -6.1268070e-01  -7.1691404e-01  -9.9057736e-01  -1.0099209e+00  -1.0542012e+00  -1.0649271e+00  -1.0693503e+00  -1.0527928e+00  -8.7252310e-01
   3.4662796e+00   2.0820244e+00   1.6130886e+00   1.2834325e+00   8.4146927e-01   7.2886754e-01   4.9946181e-01   3.7294763e-01   7.5210916e-02  -1.8824251e-01  -4.7595355e-01  -3.5999964e-01  -9.4777574e-01  -1.0171517e+00  -9.2238281e-01  -4.5182976e-01
   3.4946395e+00   2.5452084e+00   2.3755817e+00   1.6544064e+00   1.2679431e+00   1.1777679e+00   9.6649056e-01   1.0355417e-01   2.3691520e-01  -2.9745005e-01  -3.1298042e-01  -5.9096053e-01  -9.5418672e-01  -8.6306134e-01  -6.2510357e-01  -3.4212916e-01
   2.8274398e+00   1.0420110e+00   3.4928516e-01   3.4630558e-01   2.1182860e-01  -7.5879920e-02   1.3282845e-02  -3.4413470e-01  -6.6947376e-01  -9.4783649e-01  -1.1230080e+00  -1.1235827e+00  -1.0926148e+00  -8.1285712e-01  -4.3300416e-01  -1.0081271e-01
   2.5894176e+00   1.8708689e+00   1.4997284e+00   5.2843992e-01   7.5510369e-01   3.6907645e-01  -2.7114161e-01  -4.7691736e-01  -2.7407248e-01  -1.9491737e-01  -4.9755909e-01  -6.3278836e-01  -6.5742467e-01  -7.2794817e-01  -6.4855758e-01  -7.6688303e-01
   3.4627678e+00   2.4608727e+00   1.9044541e+00   1.3133544e+00   1.3964374e+00   1.4493742e+00   5.6989883e-01   3.6771383e-01   5.6972750e-01   4.4850874e-01   3.1402914e-01   5.9517929e-01   2.3712792e-01   4.9104068e-01   5.4115153e-01  -1.9202703e-01
   3.4031872e+00   2.5346626e+00   1.8538607e+00   1.3619030e+00   7.9069641e-01   1.6170219e-01  -1.0677946e-01  -3.5057250e-01   2.4303102e-01  -8.0994716e-02  -3.9539618e-01   1.5272426e-01  -3.2844668e-01   3.6396586e-02  -1.6353789e-01  -3.2776656e-01
   1.5809517e+00  -1.9208740e+00  -1.9784739e+00  -2.0346569e+00  -2.0963773e+00  -2.1740033e+00  -2.3005018e+00  -2.4586202e+00  -2.5850621e+00  -2.5730793e+00  -2.5526274e+00  -2.6738119e+00  -2.6194977e+00  -2.3882776e+00  -2.3698512e+00  -2.3121237e+00
   2.2680820e+00   7.2196099e-01   1.0520426e+00   8.4507999e-01   1.4014246e-01  -6.3178578e-01  -1.6757235e-01  -4.5563276e-01  -4.7987592e-01  -4.3057178e-01  -8.3132428e-01  -2.8221954e-01  -8.5390231e-01  -2.2633705e-01   2.5548480e-04   3.2736308e-01
   2.6840462e+00   1.9349096e+00   1.7527616e+00   1.4385531e+00   8.6876300e-01  -2.2562626e-01   1.4515183e-01   3.0192527e-02   7.6202055e-02  -1.4424996e-01  -5.6706798e-01   3.9906589e-01   1.7625077e-01   1.2342142e-01   3.1334106e-01   6.2911845e-01
   1.4739042e+00   4.8059070e-02  -4.0755596e-01  -1.0625826e+00  -1.8250826e+00  -2.4325601e+00  -2.1687458e+00  -2.9253123e+00  -2.3532630e+00  -2.4894476e+00  -2.3778128e+00  -1.8248560e+00  -1.9298079e+00  -2.1180128e+00  -1.7591276e+00  -1.2353517e+00
   9.5273157e-01  -2.5904002e+00  -2.7246144e+00  -2.8739888e+00  -3.0338256e+00  -3.1536669e+00  -3.2301988e+00  -3.3084621e+00  -3.3651505e+00  -3.4141325e+00  -3.4376440e+00  -3.4563792e+00  -3.4641533e+00  -3.4554780e+00  -3.4545057e+00  -3.4216402e+00
   1.1460034e+00   9.1980948e-02  -2.7361730e-01  -5.8399445e-01  -4.4322840e-01  -7.5568666e-01  -1.8957712e+00  -2.3725345e+00  -2.4776201e+00  -2.0589056e+00  -1.3905672e+00  -1.5320231e+00  -1.9664979e+00  -1.9007086e+00  -2.0737280e+00  -1.8163323e+00
   1.6236664e+00   1.5165797e+00   8.9591832e-01   4.2707095e-01   9.0361133e-01   6.2886133e-01  -7.7282746e-01  -1.2376294e+00  -1.1622157e+00  -8.3177844e-01  -1.0171058e-01  -3.5625357e-01  -8.0368340e-01  -5.0606671e-01  -3.0154497e-01  -1.0089234e-01
   6.8152155e-01  -5.8925955e-01  -1.2762176e+00  -1.8908243e+00  -1.1218488e+00  -1.4453153e+00  -2.6569911e+00  -3.5355578e+00  -3.1599833e+00  -2.9245794e+00  -2.2306114e+00  -2.4543590e+00  -2.8031774e+00  -2.3422992e+00  -1.9531415e+00  -1.7784732e+00
   2.9025380e-01  -9.6373232e-01  -1.0895743e+00  -1.4279352e+00  -1.9630966e+00  -2.0682869e+00  -1.9062024e+00  -1.9044711e+00  -2.0155961e+00  -1.8692562e+00  -2.3110641e+00  -1.7924728e+00  -2.5416376e+00  -2.2107414e+00  -1.8420710e+00  -1.9974990e+00
   1.7586477e+00   1.9302148e+00   1.2037518e+00   8.2747597e-01   3.8433936e-01   1.6110934e-01  -2.0498601e-01  -4.8672988e-01  -6.5557600e-01  -4.2059991e-01   3.8153226e-01   5.5746387e-01   3.8615460e-01   9.1268214e-01   2.0587946e-01   1.6094137e-01
   1.6455356e+00   1.5368752e+00   1.3993536e+00   1.1889032e+00   1.7183694e-01   5.9033362e-02  -3.3395283e-01  -2.9613588e-01  -3.5708724e-01  -2.4779701e-01   8.8464248e-01   1.1527313e+00   7.3817665e-01   1.4424303e+00   5.7632340e-01   4.8263156e-01
   5.2377851e-02  -1.2550047e+00  -9.8534302e-01  -1.0388637e+00  -1.8205110e+00  -1.6132695e+00  -1.9430788e+00  -2.4230562e+00  -2.3724177e+00  -2.4329984e+00  -1.4915257e+00  -1.4916072e+00  -1.6027678e+00  -1.4531583e+00  -1.7025489e+00  -1.5315057e+00
  -9.0280866e-01  -3.6512861e+00  -3.7600538e+00  -3.9607402e+00  -4.1003165e+00  -4.2209765e+00  -4.2932348e+00  -4.3718453e+00  -4.4214507e+00  -4.4709222e+00  -4.4992001e+00  -4.4939544e+00  -4.4730375e+00  -4.4151205e+00  -4.4174628e+00  -4.3680344e+00
  -1.4310554e+00  -3.8183052e+00  -3.9375567e+00  -4.1198965e+00  -4.2850756e+00  -4.3851782e+00  -4.4815388e+00  -4.5336937e+00  -4.5869612e+00  -4.6297642e+00  -4.5849071e+00  -4.5985330e+00  -4.6005964e+00  -4.5861601e+00  -4.5881933e+00  -4.6003729e+00
  -2.0515168e+00  -3.9565003e+00  -4.1632887e+00  -4.2699688e+00  -4.4467061e+00  -4.5610061e+00  -4.6400259e+00  -4.7164669e+00  -4.7569636e+00  -4.7716612e+00  -4.7589918e+00  -4.7469921e+00  -4.6362476e+00  -4.6176742e+00  -4.7318464e+00  -4.6479851e+00
  -1.9949083e+00  -4.1261242e+00  -4.2578361e+00  -4.4644476e+00  -4.6144522e+00  -4.7379051e+00  -4.8173136e+00  -4.8929386e+00  -4.9002931e+00  -4.9762890e+00  -4.9535622e+00  -4.9583439e+00  -4.9684777e+00  -4.8186830e+00  -4.8418724e+00  -4.7778099e+00
  -1.6012528e+00  -4.3506035e+00  -4.4706914e+00  -4.7108183e+00  -4.8051665e+00  -4.9447243e+00  -4.9786050e+00  -5.0484751e+00  -5.0804128e+00  -5.1089647e+00  -5.2043879e+00  -5.0893101e+00  -5.0489061e+00  -5.0903659e+00  -4.9351970e+00  -4.9132232e+00
  -1.2725398e+00  -4.6480569e+00  -4.6923024e+00  -4.8811274e+00  -4.9774982e+00  -5.1472270e+00  -5.2419066e+00  -5.2217039e+00  -5.2721144e+00  -5.3300418e+00  -5.2783415e+00  -5.1645112e+00  -5.0871500e+00  -5.1105814e+00  -4.9878368e+00  -5.0577420e+00
  -6.6678593e-01  -1.2071861e+00  -1.2762694e+00  -1.3774939e+00  -1.6322597e+00  -2.0689452e+00  -2.5091455e+00  -2.6980598e+00  -2.6014363e+00  -2.5505229e+00  -2.4374824e+00  -2.3876467e+00  -2.9962216e+00  -2.4506489e+00  -2.2469646e+00  -2.0651016e+00
   8.6108439e-01   7.6074960e-01   7.1367546e-01   5.7841123e-01   2.7010273e-01  -2.2980117e-01  -7.9773099e-01  -9.6457523e-01  -7.2843758e-01  -5.0261808e-01  -3.3878187e-01  -3.8647797e-01  -1.2236946e+00  -5.4070449e-01  -1.3804019e-01   9.1073464e-02
  -3.9216224e-01  -8.1556489e-01  -8.9054309e-01  -1.0307889e+00  -1.3869661e+00  -1.9834706e+00  -2.7009892e+00  -2.8381811e+00  -2.4395059e+00  -2.0306677e+00  -1.8139359e+00  -1.9324852e+00  -2.9431733e+00  -2.1949662e+00  -1.5988337e+00  -1.3208447e+00
  -8.8894943e-01  -4.4056161e+00  -5.1077104e+00  -5.3341693e+00  -5.2602246e+00  -5.5469223e+00  -6.0214035e+00  -6.0586699e+00  -5.8285865e+00  -5.6729580e+00  -5.6876497e+00  -5.5124460e+00  -5.3284396e+00  -5.1803082e+00  -5.1129271e+00  -5.1105518e+00
  -8.2897286e-01  -4.9597393e+00  -5.2575642e+00  -5.9887987e+00  -5.6814319e+00  -5.6408980e+00  -5.5856905e+00  -5.7615687e+00  -5.7528403e+00  -5.7232489e+00  -5.3887754e+00  -5.2234488e+00  -5.3678389e+00  -5.3234659e+00  -5.1739846e+00  -5.2347361e+00
  -6.5438491e-01  -3.5532961e+00  -4.1107840e+00  -4.2268185e+00  -4.6391449e+00  -5.0131098e+00  -4.8910906e+00  -5.5220727e+00  -5.4026471e+00  -5.2332759e+00  -5.3498081e+00  -5.3607915e+00  -4.9255449e+00  -5.0747244e+00  -5.1126931e+00  -5.0911232e+00
  -7.5741954e-01  -4.7297583e+00  -5.3306652e+00  -5.5272881e+00  -5.8168992e+00  -5.8560846e+00  -5.5495893e+00  -5.5012411e+00  -5.9895046e+00  -5.8938024e+00  -5.7045547e+00  -5.7349505e+00  -5.4310029e+00  -5.2262378e+00  -5.2696809e+00  -5.1207564e+00
  -7.6422919e-01  -5.5390981e+00  -6.4852573e+00  -6.3511602e+00  -6.1918193e+00  -6.0674733e+00  -5.9367762e+00  -5.7531404e+00  -5.9845399e+00  -5.6109860e+00  -5.7654190e+00  -5.4424036e+00  -5.3168678e+00  -5.3570211e+00  -5.0470617e+00  -4.9725427e+00
  -7.4652467e-01  -5.7235649e+00  -5.7710399e+00  -6.3608765e+00  -6.3708878e+00  -6.3637191e+00  -5.6685769e+00  -5.7030709e+00  -5.8785018e+00  -5.7583330e+00  -5.7337432e+00  -5.7413559e+00  -5.2931402e+00  -5.3468235e+00  -4.8199084e+00  -5.0373243e+00
  -6.1551114e-01  -2.2627918e+00  -2.1607327e+00  -2.1342720e+00  -2.1938068e+00  -2.2832164e+00  -2.4253012e+00  -2.6001410e+00  -2.6544059e+00  -2.5897338e+00  -2.5341975e+00  -2.4917839e+00  -2.4978963e+00  -2.6845240e+00  -2.6109247e+00  -2.4954442e+00
   2.3812995e+00   1.5008925e+00   1.5361223e-01  -3.5751343e-01   4.1995910e-01   2.0688007e-01  -1.0722602e+00  -3.9745517e-01  -3.2574403e-01  -2.7067785e-01  -6.7262207e-01  -6.5748449e-01  -1.2077286e+00  -1.2253757e+00  -1.0697587e+00  -4.9674392e-01
   2.1866702e+00   1.4063126e+00   6.2672547e-01   8.9481863e-02   5.4999642e-01   3.2462274e-01  -3.3999575e-01  -2.0939626e-01  -3.0727619e-01  -6.5808725e-01  -8.0890489e-01  -7.5353115e-01  -1.0039841e+00  -9.7007205e-01  -3.2585319e-01   6.9100727e-01
  -1.0059545e+00  -1.0535393e+00  -1.3795059e+00  -1.8141132e+00  -1.6259614e+00  -1.4946920e+00  -2.3118588e+00  -2.4904950e+00  -2.4763799e+00  -3.3062816e+00  -2.7958176e+00  -2.6119380e+00  -3.1082596e+00  -3.3462060e+00  -2.4768794e+00  -1.0374290e+00
  -1.9912678e+00  -5.0511774e+00  -5.2585295e+00  -5.3462245e+00  -5.5138968e+00  -5.6720203e+00  -5.6727395e+00  -5.4192865e+00  -5.2638088e+00  -5.7486192e+00  -5.7517511e+00  -5.5388546e+00  -5.1622293e+00  -5.1006565e+00  -5.2001862e+00  -4.9813164e+00
  -1.6980962e+00  -4.6252496e+00  -4.3349448e+00  -3.9976487e+00  -4.7513178e+00  -4.3635867e+00  -4.4423324e+00  -4.3890478e+00  -4.5133863e+00  -4.4894654e+00  -4.5121989e+00  -4.4700771e+00  -4.4833976e+00  -4.4930143e+00  -4.6135316e+00  -4.5463191e+00
   1.7652584e+00   1.4979063e+00   7.6671032e-01  -8.2409646e-02   1.1229863e-01   2.6629320e-01  -4.4433026e-01  -1.3369790e+00  -1.2237908e+00  -9.3291493e-01  -1.1922393e+00  -7.1444597e-01  -1.4625469e+00  -1.4452064e+00  -8.1725971e-01  -3.2834171e-01
   1.6412343e+00   1.3708973e+00   6.7626466e-01  -2.5090623e-01  -3.8657476e-02   1.2221530e-01  -8.3232315e-01  -1.7120038e+00  -1.5435312e+00  -1.2167469e+00  -1.2686654e+00  -8.6840999e-01  -1.5393722e+00  -1.1987574e+00  -5.2506868e-01   3.9153116e-03
   1.0829283e+00   4.1943485e-01  -1.6277396e-01  -7.2178477e-01  -1.3546712e+00  -8.7485432e-01  -9.1289915e-01  -1.8742777e+00  -1.7542305e+00  -1.8989609e+00  -2.1855163e+00  -1.9308457e+00  -1.8335133e+00  -2.0517150e+00  -2.0640118e+00  -2.0937116e+00
   2.8765342e+00   2.0454926e+00   1.4150393e+00   1.0899349e+00   1.0903763e-01   1.2166406e+00   7.4605848e-01  -1.3900350e-01   1.5282921e-01  -4.0590329e-01  -6.4447671e-01  -2.7611365e-01  -3.0963526e-01  -6.6280609e-01  -9.6005721e-01  -1.2815593e+00
   3.4083776e+00   2.5201229e+00   1.1051444e+00   7.6129557e-01   1.0573309e+00   7.1017984e-01   3.6670109e-01   6.0003543e-01   2.3041815e-01  -3.0344178e-01  -7.1629626e-01  -6.3805586e-01  -5.3571452e-01  -4.1538830e-01  -2.0307184e-01   2.1010279e-01
   1.6565595e+00   6.2253875e-01  -6.0229324e-01  -6.9677400e-01  -3.7625939e-01  -8.6283708e-01  -1.0227684e+00  -1.3069104e+00  -1.0785213e+00  -1.2569717e+00  -1.3068442e+00  -1.4012069e+00  -1.4091039e+00  -1.2239126e+00  -1.1311122e+00  -8.1398819e-01
   6.5354092e-01   1.8567854e-01   1.4107310e-01  -1.9274729e-01  -4.1846052e-01  -8.6379630e-01  -1.3008007e+00  -1.6750047e+00  -2.2029064e+00  -2.0291331e+00  -1.5033542e+00  -1.6653903e+00  -1.9842477e+00  -1.8821700e+00  -1.0113869e+00  -1.7204538e-01
   1.0619787e+00   1.3298913e+00   1.0791303e+00   5.7834493e-01   1.3427722e-01  -1.7848693e-01  -1.1904948e-01  -2.3124928e-01  -9.4268542e-01  -9.4099930e-01  -7.7101308e-01  -8.3697088e-01  -9.3262592e-01  -7.4313335e-01   2.1047293e-02   7.0667165e-01
   3.1299530e+00   2.5038377e+00   1.5287218e+00   1.4461471e+00   9.7356838e-01  -1.9084978e-02   3.2695532e-02  -2.1149156e-01  -5.4232935e-01  -3.4289338e-01  -6.8305297e-01  -9.9303674e-01  -1.1585769e+00  -1.0343993e+00  -6.1991684e-01  -7.4648386e-02
   2.5591323e+00   2.0236878e+00   1.2454075e+00   1.2061070e+00   1.0278691e+00   3.6620787e-01  -1.7289944e-01  -6.6538335e-01  -9.7074616e-01  -7.9974846e-01  -1.0942430e+00  -8.3100019e-01  -9.3619146e-01  -7.6726976e-01  -5.8598220e-02   5.1925787e-01
   1.2813480e+00   4.8137018e-01  -5.7714228e-01  -2.3080240e-01  -2.9461460e-01  -7.9430087e-01  -1.4430790e+00  -2.5709125e+00  -2.9263754e+00  -2.7671998e+00  -2.5263681e+00  -2.0137171e+00  -2.5633262e+00  -2.0358991e+00  -1.2900807e+00  -7.4260025e-01
   9.2196330e-02  -3.5124052e+00  -3.6220986e+00  -3.7947111e+00  -3.9468296e+00  -4.0597195e+00  -4.1547389e+00  -4.2253196e+00  -4.2842433e+00  -4.3245945e+00  -4.3614638e+00  -4.3464571e+00  -4.3497829e+00  -4.3611142e+00  -4.3177444e+00  -4.2706240e+00
  -1.0087816e-01  -3.6422255e+00  -3.7815790e+00  -3.9216311e+00  -4.1427523e+00  -4.2202657e+00  -4.3122411e+00  -4.3958205e+00  -4.4445778e+00  -4.4633414e+00  -4.5067890e+00  -4.5267392e+00  -4.5464386e+00  -4.5224304e+00  -4.5071358e+00  -4.4356523e+00
  -3.2137358e-01  -3.8443651e+00  -3.9338857e+00  -4.1299642e+00  -4.2695090e+00  -4.3765296e+00  -4.4531539e+00  -4.5570608e+00  -4.6108010e+00  -4.6410380e+00  -4.6455499e+00  -4.6299769e+00  -4.6289749e+00  -4.5908928e+00  -4.6186059e+00  -4.5813323e+00
   5.7633738e-02  -5.7911099e-01  -5.8842925e-01  -6.8907980e-01  -9.5729206e-01  -1.3867711e+00  -1.6195232e+00  -1.5100220e+00  -1.5886648e+00  -1.7737101e+00  -1.7462983e+00  -1.7214740e+00  -1.7274075e+00  -1.7184393e+00  -1.7489059e+00  -1.6938756e+00
   2.8305710e+00   2.5319227e+00   1.5526721e+00   2.9065541e-01   2.7709528e-01   5.7003316e-01   4.7457885e-01  -3.2673688e-01  -8.6618493e-01  -1.0929180e+00  -1.3356589e+00  -1.0729131e+00  -7.3419640e-01  -9.7377037e-01  -5.5395995e-01   3.6192115e-01
   2.2715433e+00   1.9049694e+00   9.9546559e-01  -2.3868310e-02  -2.6706416e-01   2.2836183e-02  -5.7290600e-02  -9.6328322e-01  -1.9131202e+00  -1.9011206e+00  -1.7333611e+00  -1.4982513e+00  -1.2808820e+00  -1.3834276e+00  -5.7093481e-01   3.9189070e-01
   1.2375665e+00   1.0423946e+00   7.4466437e-01   5.0150734e-01   2.3266878e-01  -7.5356710e-02  -4.9354902e-01  -1.7125894e+00  -1.6414078e+00  -1.4949979e+00  -1.8345230e+00  -2.4573354e+00  -2.1992136e+00  -1.7102594e+00  -1.5739952e+00  -9.1513970e-02
   2.0419082e+00   1.5967794e+00   1.2285952e+00   8.4260959e-01   6.0370252e-01   3.2229606e-01   1.3648784e-01  -5.7087453e-01  -5.1102936e-01  -5.8662231e-01  -8.2285351e-01  -1.2867283e+00  -1.0109878e+00  -6.2424296e-01  -4.0836007e-01   9.2382482e-01
