   2.3514690e+00   2.3109559e+00   1.5988334e+00   8.7034378e-01   6.1419175e-01   1.5685875e-01   4.3734990e-01  -4.2635595e-01  -9.4209567e-02  -4.9496112e-01  -8.5835143e-01  -1.2114434e+00  -1.2915180e+00  -1.4277253e+00  -1.4437255e+00  -1.3597869e+00
   2.4057286e+00   2.0064647e+00   1.9955394e+00   1.3836397e+00   1.1475759e+00   4.1220828e-01   3.5867753e-01  -1.2762590e-01  -6.6222349e-01  -6.0937708e-01  -8.4690255e-01  -1.5436962e+00  -1.9721666e+00  -1.5928410e+00  -1.6390651e+00  -1.5085909e+00
   3.2973039e+00   2.4390020e+00   1.7223035e+00   1.5709916e+00   1.2961264e+00   7.8492560e-01   3.9145873e-01   1.8353067e-02  -4.9347603e-01  -5.9324719e-01  -8.3600623e-01  -9.7306846e-01  -1.4819810e+00  -1.3977449e+00  -1.4596225e+00  -1.5481184e+00
   2.8966766e+00   2.2013929e+00   1.2578048e+00   1.3134986e+00   1.0433336e+00   6.9914162e-01   3.8734063e-01  -1.1270495e-01  -4.5890219e-01  -6.1052679e-01  -7.6855962e-01  -7.8977402e-01  -9.2188357e-01  -9.2015733e-01  -9.1069930e-01  -9.1408388e-01
   3.4475100e+00   2.5868610e+00   1.3325413e+00   1.1569534e+00   6.1053697e-01   4.7580355e-01   2.9527580e-01   8.5135707e-02  -3.5180057e-01  -7.2127894e-01  -1.1197630e+00  -1.0588542e+00  -1.4577346e+00  -1.5727003e+00  -1.6418348e+00  -1.6241934e+00
   3.4730214e+00   2.3883732e+00   1.2339728e+00   1.2240810e+00   5.0372157e-01   3.2299817e-01   2.5651220e-01  -1.3438720e-01  -3.5754539e-01  -4.9712694e-01  -6.6604475e-01  -6.8285516e-01  -7.4230346e-01  -7.5997969e-01  -7.8953859e-01  -7.8094442e-01
   3.5031414e+00   2.7362949e+00   1.7252863e+00   1.0221503e+00   4.4838539e-01   2.4884004e-01   2.1751114e-01  -9.4545137e-03  -5.7072503e-01  -7.2622276e-01  -9.9990834e-01  -8.6068020e-01  -1.1539205e+00  -1.3484459e+00  -1.5156249e+00  -1.7129915e+00
   3.0326012e+00   1.7428255e+00   1.3888043e+00   8.6509839e-01   1.1693778e+00   9.5793451e-01   5.2497921e-01   3.2847386e-02  -5.0435768e-01  -5.4884136e-01  -1.1212017e+00  -9.8294315e-01  -1.1711472e+00  -1.3396703e+00  -1.4773437e+00  -1.7574635e+00
   3.5676387e+00   2.6522184e+00   1.7505750e+00   6.4284028e-01   8.0287243e-01   7.8899940e-01   1.5094862e-01  -8.6211547e-02  -1.0478962e-01  -2.0611069e-01  -1.1305707e+00  -1.0965301e+00  -8.4549562e-01  -7.4361294e-01  -1.4524183e+00  -1.5470314e+00
   3.2534932e+00   2.2702322e+00   2.0332998e+00   1.1839736e+00   1.0736080e+00   3.9131717e-01  -1.3534390e-01  -1.2196505e-01  -8.1618786e-02  -4.6894562e-01  -8.7100569e-01  -9.5044268e-01  -6.5794415e-01  -5.9257795e-01  -1.0628955e+00  -1.1209653e+00
   3.1447031e+00   2.2250570e+00   1.4169306e+00   3.6170122e-01   6.7777493e-01   6.1998557e-01  -2.5921649e-02  -5.9211426e-01  -3.5512019e-01  -7.5468702e-01  -1.2371284e+00  -1.2818179e+00  -1.1624729e+00  -1.4027865e+00  -1.3640971e+00  -1.5421537e+00
   2.8827588e+00   2.0322864e+00   1.5963021e+00   6.0845577e-01   7.8759610e-01   2.8442020e-01   3.3576407e-01  -2.9354464e-01  -1.5854279e-01  -5.4641954e-01  -1.0265588e+00  -9.5396161e-01  -1.3045492e+00  -1.4362960e+00  -1.4138541e+00  -1.2550891e+00
   3.4009849e+00   2.1122644e+00   1.0443294e+00   4.7285718e-01   1.0211521e+00   7.0835493e-01  -1.3647962e-01  -8.0161551e-01  -3.4376415e-01  -6.2492001e-02  -8.9386824e-01  -9.8585255e-01  -1.5971247e+00  -1.6515992e+00  -1.5283899e+00  -1.2936864e+00
   3.1230708e+00   1.9702389e+00   1.3336126e+00   8.1601125e-01   1.2093097e+00   1.1864542e+00   4.4059443e-01  -2.1798943e-01  -5.0936841e-01  -6.5620550e-01  -9.0032740e-01  -1.2501460e+00  -1.1195514e+00  -1.2474493e+00  -1.3671379e+00  -1.2302348e+00
   2.8892459e+00   2.1909345e+00   1.8000943e+00   8.8915399e-01   5.0796497e-01   6.8306747e-01   3.8616636e-01   1.7674613e-01  -3.7219519e-01  -5.6358286e-01  -8.6502590e-01  -9.5314401e-01  -1.1588603e+00  -1.1510046e+00  -1.0639187e+00  -1.3393282e+00
   2.8179470e+00   2.6547851e+00   1.8528231e+00   1.4716019e+00   1.1614668e+00   9.8729827e-01   4.9051974e-01  -1.4744129e-01  -1.8050379e-01  -3.9402086e-01  -1.0120086e+00  -1.0340228e+00  -1.2453387e+00  -1.3643858e+00  -1.2956230e+00  -1.5020018e+00
   3.1229435e+00   2.3066575e+00   1.8225475e+00   9.8985681e-01   1.2598306e+00   8.8804776e-01   2.0154364e-01   6.5024689e-02  -2.6263244e-01  -7.2601610e-01  -1.0074949e+00  -1.0921239e+00  -1.1911076e+00  -1.5276378e+00  -1.5307332e+00  -1.7843635e+00
   3.8652191e+00   2.8668360e+00   1.5507935e+00   5.3161444e-01   6.0920809e-01   3.9986070e-01   6.6199088e-01  -1.2870008e-01  -5.2019769e-01  -4.7153144e-01  -8.7872803e-01  -9.2292518e-01  -9.8327004e-01  -9.0302519e-01  -9.1901997e-01  -9.7158326e-01
   3.4906034e+00   2.4516019e+00   1.5918474e+00   4.1548551e-01   3.3164791e-01   4.8820737e-01   1.3317366e-01  -9.9947353e-02  -5.9803131e-01  -7.1547487e-01  -1.1703330e+00  -1.2934953e+00  -1.6086152e+00  -1.5745963e+00  -1.6256018e+00  -1.7482254e+00
   4.1628314e+00   2.6482841e+00   1.4157797e+00   7.7493742e-01   9.7480879e-01   5.6781369e-01   1.6045089e-01  -2.6269081e-01  -2.6549241e-01  -4.4508738e-01  -1.0270199e+00  -1.0377165e+00  -9.6473726e-01  -1.0563747e+00  -1.1831759e+00  -1.1456792e+00
   3.4954774e+00   2.3075631e+00   1.8115631e+00   1.0084309e+00   1.1329428e+00   2.3442152e-01   1.2741164e-01   3.2905902e-02  -2.2348334e-01  -4.5508871e-01  -8.8344002e-01  -9.2821995e-01  -1.0269331e+00  -1.0947396e+00  -1.0877913e+00  -1.0706661e+00
   3.2632753e+00   2.3639492e+00   1.5638537e+00   1.1598210e+00   1.2878811e+00   7.7094818e-01  -1.8672645e-01  -3.6659166e-01  -5.1484765e-01  -7.4827151e-01  -1.0436099e+00  -1.1100171e+00  -1.2084449e+00  -1.3574245e+00  -1.4521732e+00  -1.4328653e+00
   3.0545038e+00   2.6573079e+00   1.5348864e+00   9.8638989e-01   1.1590327e+00   9.3090131e-01   4.2887000e-01   4.5835175e-02  -3.9741804e-01  -8.0562882e-01  -9.4037740e-01  -1.0224944e+00  -1.0734859e+00  -8.7802150e-01  -1.0269139e+00  -1.1971956e+00
   3.1215888e+00   2.4718251e+00   1.8509100e+00   1.0362035e+00   9.5144321e-01   6.9080956e-01   5.3769806e-01   3.4761700e-02  -5.6620871e-01  -8.6817267e-01  -8.0544954e-01  -9.2557765e-01  -1.2390156e+00  -9.8065505e-01  -1.2222820e+00  -1.3681959e+00
   3.4867161e+00   2.6291363e+00   1.9173437e+00   1.5560790e+00   1.0532637e+00   7.1822285e-01   4.5704742e-01   2.2573675e-01  -2.7025295e-01  -5.1110041e-01  -9.5187477e-01  -1.0585133e+00  -7.6171345e-01  -4.1687990e-01  -1.7496201e+00  -1.6144743e+00
   3.5550835e+00   2.2624431e+00   1.3059602e+00   1.4098312e+00   1.0314411e+00   4.2701920e-01   3.4989763e-01   1.3725294e-01  -3.4153321e-01  -7.5403432e-01  -9.3147938e-01  -1.2404097e+00  -1.5496330e+00  -1.4703966e+00  -1.7133285e+00  -1.6040377e+00
   3.6228226e+00   2.2843529e+00   1.3736641e+00   1.3364025e+00   8.2075696e-01   5.7024694e-01   2.9493185e-01  -8.5839644e-02  -2.7521468e-01  -5.7757315e-01  -1.2507727e+00  -1.3341896e+00  -1.3785171e+00  -9.4460064e-01  -1.1919032e+00  -1.2782748e+00
   3.9680967e+00   2.0721788e+00   1.5169108e+00   1.9064198e+00   2.0376128e+00   7.8303078e-01   1.1514804e+00   7.4214645e-01   1.9713130e-01  -8.8922718e-02  -6.2387815e-01  -1.2012923e+00  -7.5853795e-01  -4.2866161e-01  -8.6492377e-01  -7.6092710e-01
   3.6746002e+00   1.7579765e+00   1.0899829e+00   1.7789693e+00   2.3207414e+00   1.2156344e+00   1.4709965e+00   6.2887332e-01   2.6936415e-01   1.3924454e-01  -1.5581754e-01  -6.1664954e-01   5.6050747e-01   2.2763335e-01  -5.7135458e-01  -5.4508555e-01
   3.5526732e+00   2.5800584e+00   1.5937997e+00   2.2451596e+00   3.0204878e+00   1.8998121e+00   1.4364192e+00   1.1183530e+00   8.5741639e-01   7.6372774e-01   4.7151402e-01  -2.3367414e-01   1.5555944e+00   9.8872787e-01  -5.7235245e-01  -5.2898734e-01
   3.5391768e+00   2.8255255e+00   2.0695351e+00   2.8328998e+00   3.1993325e+00   2.1953071e+00   2.2066877e+00   1.5639474e+00   1.1320799e+00   1.2639718e+00   9.3042387e-01   2.0256901e-01   2.2189155e+00   1.4642855e+00  -3.7088352e-01  -3.2349388e-01
   3.9196315e+00   2.9375279e+00   2.3988732e+00   2.8936658e+00   3.2150672e+00   2.5783336e+00   2.5824868e+00   1.6148482e+00   1.1610190e+00   1.4989714e+00   1.3113514e+00   4.2916340e-01   2.4085683e+00   1.5604714e+00  -1.6325679e-01  -5.3989946e-03
   3.7999916e+00   2.9328966e+00   2.2954428e+00   3.1505046e+00   3.5001431e+00   2.8315035e+00   2.7644384e+00   1.8913426e+00   1.3901540e+00   1.7869697e+00   1.5026342e+00   7.4864845e-01   2.6047615e+00   1.6557001e+00   8.0265599e-03   1.8950454e-01
   3.7768483e+00   3.0704892e+00   2.3761700e+00   3.3833333e+00   3.6099015e+00   2.8372182e+00   2.7384075e+00   1.9070865e+00   1.6065162e+00   1.9638515e+00   1.6312200e+00   7.7648833e-01   2.5704853e+00   1.5528368e+00  -1.0336098e-01  -1.6995647e-01
   3.8890646e+00   2.8424017e+00   2.4042358e+00   3.4379447e+00   3.8777992e+00   2.9133863e+00   2.8541178e+00   2.0200557e+00   1.6314572e+00   2.0857122e+00   1.6890834e+00   9.3550189e-01   2.5169821e+00   1.5008355e+00   1.0018543e-01  -7.2114671e-02
   3.7307341e+00   2.9673256e+00   1.9241544e+00   3.5113317e+00   3.8618171e+00   2.9782708e+00   2.8624103e+00   2.0810143e+00   1.7099846e+00   2.2071358e+00   1.7683243e+00   1.0386757e+00   2.4868431e+00   1.5139879e+00   1.6258601e-01  -1.1829143e-01
   3.4992103e+00   2.7512934e+00   2.2086889e+00   3.4696705e+00   3.7676474e+00   2.8730293e+00   2.8464595e+00   2.1452504e+00   1.7085359e+00   2.1985753e+00   1.8458831e+00   1.0482764e+00   2.3303429e+00   1.4841777e+00   1.0288000e-01  -5.9866126e-01
   3.7962953e+00   3.1401110e+00   2.5282981e+00   3.4594680e+00   3.7121591e+00   2.9501111e+00   2.8817645e+00   2.1205006e+00   1.7084730e+00   2.1656925e+00   1.8330410e+00   1.2008542e+00   2.2827224e+00   1.3563652e+00   6.6237991e-02  -4.5032449e-01
   3.6431556e+00   3.3145803e+00   2.3212028e+00   3.3564998e+00   3.6339510e+00   2.8665069e+00   2.7783095e+00   1.9223208e+00   1.6702483e+00   2.2828203e+00   1.8862026e+00   1.2392994e+00   2.1715275e+00   1.1983751e+00  -1.7433958e-01  -3.7407657e-01
   3.5387048e+00   3.0121116e+00   2.4587095e+00   3.4980898e+00   3.8002204e+00   3.0252869e+00   2.7489917e+00   1.9855473e+00   1.6432701e+00   2.4002646e+00   1.8543758e+00   1.0979989e+00   2.4178177e+00   1.3577054e+00  -2.1882709e-01  -8.0905250e-02
   2.5414791e+00   2.5915468e+00   1.7453117e+00   3.4500569e+00   3.7504021e+00   2.9584201e+00   2.8001734e+00   2.0840681e+00   1.7225580e+00   2.3743731e+00   1.7982077e+00   1.0328160e+00   2.3364761e+00   1.2417654e+00  -1.4213885e-01  -1.5331064e-02
   4.0859292e+00   3.0813988e+00   2.1612083e+00   3.4962744e+00   3.8250469e+00   3.0902853e+00   2.8242596e+00   2.0838728e+00   1.7205855e+00   2.4516472e+00   1.7791162e+00   9.8801612e-01   2.4781386e+00   1.4231539e+00  -2.6870786e-01  -2.7708924e-01
   3.6142327e+00   2.9123908e+00   1.9697717e+00   3.3831335e+00   3.7443938e+00   3.0955627e+00   2.9363476e+00   2.1114147e+00   1.7611403e+00   2.5056595e+00   1.7257505e+00   8.5072695e-01   2.3870298e+00   1.3872449e+00  -1.6416284e-01  -2.5675944e-01
   3.7480648e+00   3.1727740e+00   2.3175495e+00   3.3936532e+00   3.7614726e+00   3.1211968e+00   3.0054283e+00   2.0596717e+00   1.7126606e+00   2.6236930e+00   1.7744137e+00   8.2595735e-01   2.3487847e+00   1.2860521e+00  -2.0285301e-01  -2.1348236e-01
   3.9250446e+00   2.9820327e+00   2.4320379e+00   3.4189613e+00   3.6946666e+00   3.1368615e+00   3.1055702e+00   2.0644613e+00   1.7551779e+00   2.5502777e+00   1.6490227e+00   8.8004681e-01   2.2587989e+00   1.2549237e+00  -4.3795286e-01  -3.4894446e-01
   3.4924457e+00   2.8658144e+00   2.2491632e+00   3.3657395e+00   3.7081065e+00   3.0513686e+00   3.1497459e+00   2.1277168e+00   1.8425961e+00   2.4025888e+00   1.3535523e+00   9.5927275e-01   2.6213897e+00   1.4590812e+00  -3.2245638e-01  -3.8568179e-01
   3.5522338e+00   2.4267820e+00   2.3495092e+00   3.5133144e+00   3.8514263e+00   2.9993962e+00   3.1427248e+00   2.1162440e+00   1.9848101e+00   2.5053846e+00   1.2034394e+00   9.2236727e-01   2.7828833e+00   1.5274802e+00  -6.2043297e-01  -7.2003300e-01
   3.0690098e+00   2.4717699e+00   2.0633105e+00   3.5190818e+00   3.8265398e+00   2.7668463e+00   3.0586563e+00   2.3681242e+00   2.2068470e+00   2.3996683e+00   8.6291383e-01   8.0196577e-01   2.7247564e+00   1.4711414e+00  -5.3294057e-01  -3.6813357e-01
   3.3885466e+00   3.0435281e+00   2.5522273e+00   3.5171682e+00   3.7924844e+00   2.6848830e+00   3.0592997e+00   2.5747819e+00   2.5330162e+00   2.2710045e+00   6.1544721e-01   7.6483440e-01   2.7088778e+00   1.4138541e+00  -3.6808633e-01  -4.4491271e-01
   3.3983819e+00   2.7411672e+00   2.3072694e+00   3.5051700e+00   3.7251842e+00   2.5881263e+00   2.8575640e+00   2.7867627e+00   2.7367962e+00   2.1140358e+00   4.1063629e-01   6.4042674e-01   2.5450541e+00   1.2870761e+00  -2.3574523e-01  -3.0278558e-01
   3.9865642e+00   2.7763323e+00   2.4540820e+00   3.6793108e+00   3.7023910e+00   2.3633605e+00   2.7307181e+00   2.9265378e+00   2.9130458e+00   1.9812562e+00   2.3950953e-01   5.2662361e-01   2.3722037e+00   1.0324047e+00  -5.7771188e-01  -1.1903281e+00
   3.7564179e+00   2.6694336e+00   2.0882863e+00   3.6859501e+00   3.6695108e+00   1.8436934e+00   2.5742860e+00   3.0656951e+00   3.0552379e+00   1.6595114e+00   1.3859785e-01   4.4771352e-01   2.0600794e+00   8.4709214e-01  -5.1079242e-01  -1.1916870e+00
   3.3703104e+00   2.6701610e+00   2.3729031e+00   3.8193457e+00   3.6712957e+00   1.3884382e+00   2.2856390e+00   3.0356996e+00   2.9880799e+00   1.3951065e+00   4.6031205e-02   2.4825407e-01   1.3406903e+00   6.2082612e-01  -5.3751313e-01  -1.0705299e+00
   3.3796327e+00   2.7566660e+00   2.6131930e+00   3.7910105e+00   3.5423975e+00   1.4891324e+00   1.8660195e+00   3.0347958e+00   2.9571698e+00   1.1575867e+00  -3.7286495e-01  -1.1899195e-01   1.2286761e+00   8.4183652e-01  -6.3634839e-01  -1.1711249e+00
   3.6499680e+00   2.6597732e+00   2.3555797e+00   3.7706960e+00   3.4536492e+00   1.2099369e+00   1.7974138e+00   3.1640851e+00   3.0963922e+00   1.0333199e+00  -6.3360758e-01  -2.6571669e-01   1.2892890e+00   1.0320729e+00  -4.4190834e-01  -1.2648968e+00
   4.5408263e+00   3.0376345e+00   2.4134856e+00   3.8221751e+00   3.3399093e+00   1.5083014e+00   1.6990739e+00   3.1336282e+00   3.0239037e+00   8.8461386e-01  -6.0623068e-01  -4.0740823e-01   1.3950780e+00   1.1703536e+00  -3.0330009e-01  -6.3995337e-01
   4.0863966e+00   2.8964222e+00   2.5926159e+00   3.8231163e+00   3.2574179e+00   1.2420125e+00   1.6733487e+00   3.1615875e+00   3.0009405e+00   9.2045444e-01  -3.1678835e-01  -4.7577104e-01   1.5781128e+00   1.3508071e+00  -1.7014763e-01  -6.0010656e-01
   4.3662233e+00   3.1025298e+00   2.1782869e+00   3.3690774e+00   3.2016644e+00   1.6882470e+00   1.6292064e+00   3.1503634e+00   3.0356844e+00   9.1438952e-01  -6.4096758e-01  -8.2886048e-01   1.5885940e+00   1.3361002e+00  -4.4148389e-01  -1.0334998e+00
   4.6422423e+00   3.4301764e+00   2.3936822e+00   2.9262366e+00   2.8431554e+00   1.7783475e+00   1.0348531e+00   2.7481309e+00   2.7322339e+00   7.6050225e-01  -8.3985259e-01  -1.0827958e+00   8.7445275e-01   7.2966210e-01  -1.1705410e+00  -1.2378283e+00
   4.0865177e+00   3.3951777e+00   2.2096978e+00   2.1182174e+00   2.0167034e+00   1.0743408e+00   7.7083897e-01   2.0365653e+00   2.1016891e+00   2.9677149e-01  -4.2727327e-01  -5.7677163e-01   3.4693752e-02   1.8274302e-01  -3.0989824e-01  -6.2892332e-01
   3.8765771e+00   2.9509258e+00   2.0627135e+00   1.6441583e+00   1.1401121e+00   9.0296997e-01   2.2220383e-01   7.4740029e-01   7.6419323e-01  -2.7809360e-01  -4.7365475e-01  -5.3614787e-01  -5.3782277e-01  -3.7187688e-01  -6.1419310e-01  -5.8740735e-01
   3.6582220e+00   2.2091074e+00   1.5734530e+00   9.4922060e-01   4.9970770e-01   3.1312454e-01   4.4333687e-01   2.0711941e-01   7.9682753e-01  -7.1356540e-01  -1.1242631e+00  -9.3165381e-01  -9.4409653e-01  -7.6735668e-01  -1.1735578e+00  -1.2077844e+00
   3.9111403e+00   2.3799651e+00   1.7424563e+00   1.1152044e+00   9.4266598e-01   4.0741802e-01   2.6310640e-01   8.9062798e-02   7.7706434e-01  -3.4241347e-01  -1.2539767e+00  -1.1704289e+00  -1.4175229e+00  -1.1801714e+00  -1.4286751e+00  -1.6180256e+00
   3.5478053e+00   2.5572479e+00   1.9021255e+00   1.5160575e+00   1.2971618e+00   6.0799817e-01   1.3349388e-01   4.3070282e-01   4.7683487e-01  -2.8969691e-01  -4.3631816e-01  -4.8085855e-01  -4.8346487e-01  -5.3515260e-01  -5.0912944e-01  -4.9792016e-01
   3.6898380e+00   2.2242846e+00   1.8108168e+00   1.4366929e+00   1.2646174e+00   2.8429834e-01  -3.1182684e-01  -4.0199184e-01  -1.0971939e-02  -4.7288976e-01  -1.0204703e+00  -1.4442378e+00  -1.3099641e+00  -1.3265602e+00  -1.5445472e+00  -1.7540922e+00
   3.3770086e+00   2.6555706e+00   1.6044143e+00   1.4679538e+00   1.0733724e+00   5.3527297e-01   5.7391126e-01  -2.2191831e-01  -4.5097708e-01  -2.6273319e-01  -7.5001230e-01  -1.0630104e+00  -1.1354867e+00  -9.5363722e-01  -1.0577273e+00  -1.1710060e+00
   3.3258179e+00   2.8067225e+00   2.0651105e+00   1.3097589e+00   8.0342899e-01   8.7720163e-01   2.1300087e-01   1.4007600e-02  -4.2754313e-01  -4.6021875e-01  -8.6938652e-01  -1.0527368e+00  -1.0850968e+00  -1.0192914e+00  -1.0384284e+00  -9.9924619e-01
   3.7987794e+00   2.7894325e+00   1.9461988e+00   1.6263563e+00   1.3383223e+00   8.5388388e-01   3.5577586e-01  -6.7508552e-03  -2.0324467e-01  -3.3503122e-01  -1.1532142e+00  -1.3524820e+00  -1.3873009e+00  -1.1192494e+00  -1.3441116e+00  -1.5832104e+00
   4.0915888e+00   3.0650443e+00   1.9490361e+00   9.9025960e-01   1.1937434e+00   8.5627809e-01   2.5827274e-01  -5.3826237e-02  -4.3048643e-01  -4.0686357e-01  -7.9215142e-01  -9.5049794e-01  -9.3671314e-01  -9.6527254e-01  -1.0155640e+00  -9.8632627e-01
   4.0515163e+00   2.5158256e+00   1.7252060e+00   1.0946980e+00   1.0116925e+00   7.7830358e-01   6.2345383e-01   2.7046421e-01   2.5160696e-01   5.6048033e-02   1.3859430e-03  -2.1342909e-02  -3.6343234e-02  -3.6103318e-02  -2.5844418e-02  -4.9334566e-03
   4.1443440e+00   2.4608478e+00   2.0177413e+00   1.1665982e+00   9.1229868e-01   1.0691272e+00   4.0820422e-01  -5.8472038e-01  -2.4778431e-01  -5.2090106e-01  -1.1968867e+00  -1.3253495e+00  -1.6330719e+00  -1.3962074e+00  -1.4773234e+00  -1.6220105e+00
   4.4153462e+00   2.8303927e+00   1.9109364e+00   5.8927302e-01   3.4757368e-01   4.1213114e-01   1.7354987e-01  -3.2712416e-01   3.6328926e-02  -4.6069930e-01  -1.0267527e+00  -1.3912204e+00  -1.7977587e+00  -1.4389544e+00  -1.6388907e+00  -1.6625143e+00
   3.8242325e+00   2.9798504e+00   1.8823310e+00   5.8183594e-01   1.2433338e-01   7.7004812e-01   3.5843325e-01  -1.8524138e-01  -2.0213809e-01  -5.8132785e-01  -1.1276267e+00  -1.4604553e+00  -1.4672266e+00  -1.5443860e+00  -1.4739829e+00  -1.6464996e+00
   4.2549660e+00   2.8853768e+00   1.8857933e+00   9.4348519e-01   3.5307681e-01   7.6083789e-01   7.3718724e-01  -4.5401669e-01  -5.1705614e-01  -7.5246927e-01  -9.5211814e-01  -1.0641689e+00  -1.0183818e+00  -8.9401214e-01  -1.0254212e+00  -1.0673839e+00
   3.4944641e+00   2.0804577e+00   1.8200207e+00   9.7575287e-01   9.8448302e-01   8.9374175e-01   6.1144255e-01   1.5229108e-01  -1.6272703e-01  -2.7089896e-01  -4.0250754e-01  -5.2130556e-01  -5.0606200e-01  -4.9073440e-01  -5.0002598e-01  -4.8744260e-01
   2.9956814e+00   2.2847062e+00   1.2897870e+00   4.4040139e-01   8.1735068e-01   1.1278564e+00   4.2137027e-02  -2.9700612e-01  -1.6529627e-01  -3.1234625e-01  -8.4042708e-01  -1.2084719e+00  -1.2922861e+00  -1.3377285e+00  -1.2752444e+00  -1.5130934e+00
   3.5390261e+00   2.7472817e+00   1.6356261e+00   1.4677098e+00   1.2401888e+00   2.9768665e-01  -1.1653567e-01  -3.0726645e-01  -1.4751535e-01  -3.1931115e-01  -8.4819311e-01  -1.1995656e+00  -1.2953706e+00  -1.2179621e+00  -1.4579138e+00  -1.4471511e+00
   4.1293306e+00   2.0810261e+00   2.0507083e+00   1.5769581e+00   8.0726252e-01   3.9707729e-01   5.1154105e-01   2.8938188e-01  -2.9930456e-01  -6.3219643e-01  -1.2039528e+00  -1.5810343e+00  -1.6456314e+00  -1.7567592e+00  -1.7606227e+00  -1.5314382e+00
   3.4643383e+00   2.6353248e+00   1.6688794e+00   1.4989160e+00   6.0218506e-01   5.3784738e-02   1.0525478e-01  -5.8755030e-02  -5.1351422e-01  -4.9725460e-01  -1.1778559e+00  -1.1991334e+00  -1.5681978e+00  -1.8225752e+00  -1.7047013e+00  -1.5661723e+00
   3.9389538e+00   2.6572829e+00   1.8209382e+00   7.5457066e-01   9.9374384e-01   7.0662113e-01  -5.4713963e-02  -2.1964520e-01  -6.9749474e-01  -8.1653260e-01  -1.1566734e+00  -1.3230851e+00  -1.5924235e+00  -1.6428659e+00  -1.5176714e+00  -1.7931161e+00
   4.0150329e+00   2.5011958e+00   1.8489577e+00   1.1998111e+00   1.2299440e+00   8.8800434e-01   6.7494925e-02  -1.1104982e-01  -3.1953837e-01  -8.7087281e-01  -1.0765603e+00  -1.2389393e+00  -1.3319997e+00  -1.3672887e+00  -1.4836856e+00  -1.8762326e+00
