   1.5250219e+00   4.5021906e-02  -2.1047356e-01  -6.0847278e-02  -8.1464857e-01  -1.4565580e+00  -1.9606463e+00  -1.5795018e+00  -2.0181332e+00  -1.6047514e+00  -1.6798726e+00  -2.0377176e+00  -1.7723019e+00  -2.1293705e+00  -2.2213113e+00  -1.8038531e+00
   1.8086431e+00   3.3349618e-01   1.1282791e-01  -3.0749786e-01  -1.0352153e+00  -1.1656076e+00  -1.8427950e+00  -1.6348855e+00  -1.9737752e+00  -1.7342123e+00  -1.7851403e+00  -2.1240525e+00  -2.2611178e+00  -2.2054129e+00  -2.0268253e+00  -1.9215293e+00
   2.3485843e+00   5.4224466e-01   2.5983518e-01  -1.3190768e-01  -3.8210258e-01  -1.0689792e+00  -1.8853118e+00  -1.5010246e+00  -1.7787124e+00  -1.7054796e+00  -1.5714116e+00  -1.6060486e+00  -1.7599681e+00  -1.6764718e+00  -1.7603288e+00  -1.8061221e+00
   2.3106163e+00   5.9039310e-01  -1.3525584e-02  -3.6296000e-01  -8.9525960e-01  -1.4117464e+00  -1.8309288e+00  -1.6817206e+00  -1.8157933e+00  -1.7011491e+00  -1.6024057e+00  -1.7915501e+00  -1.9068982e+00  -1.9387120e+00  -1.9658993e+00  -1.8533399e+00
   1.8589153e+00  -5.5396101e-03  -4.4371340e-01   2.8404428e-01  -1.7402654e-01  -8.1198852e-01  -1.6427205e+00  -1.2892900e+00  -1.4957746e+00  -1.5594563e+00  -1.4415124e+00  -1.8830003e+00  -1.8874084e+00  -1.8747718e+00  -1.8895060e+00  -1.7436680e+00
   2.1284062e+00   6.3448654e-01  -3.3136835e-01   2.1346985e-01   2.2926805e-01  -5.7234329e-01  -1.9422119e+00  -1.7322435e+00  -1.5741494e+00  -1.6233445e+00  -1.5153357e+00  -1.9232910e+00  -2.0052858e+00  -1.8705886e+00  -1.9651493e+00  -1.8497759e+00
   2.2566341e+00   6.9538505e-01  -1.4479235e-01   6.5792516e-01  -2.4716381e-02  -1.1406990e+00  -1.8156112e+00  -1.8290648e+00  -1.9339845e+00  -1.3534843e+00  -1.6556289e+00  -1.9052175e+00  -1.7578106e+00  -1.6082336e+00  -2.0379423e+00  -1.7660277e+00
   1.8754189e+00   3.4349417e-01  -1.8399615e-01   2.1629735e-01  -2.6850221e-01  -1.2130376e+00  -1.7070818e+00  -2.0823442e+00  -1.9693762e+00  -1.7631759e+00  -1.6306515e+00  -1.7525410e+00  -1.7767341e+00  -1.6204804e+00  -1.6386090e+00  -1.8132059e+00
   1.8877907e+00   2.2589598e-01  -3.6464581e-01  -2.8850463e-01  -1.0083493e+00  -1.2069523e+00  -1.6004901e+00  -1.7054968e+00  -1.6579315e+00  -1.6806808e+00  -1.6674448e+00  -1.8138204e+00  -1.8908013e+00  -1.6431094e+00  -1.6853002e+00  -1.5265264e+00
   2.2090016e+00   4.2624416e-01  -4.0448337e-01  -7.4637513e-01  -9.8644522e-01  -1.0418340e+00  -1.9288048e+00  -1.8298102e+00  -2.0270669e+00  -1.7404889e+00  -1.7619952e+00  -2.0258837e+00  -1.8771870e+00  -2.0748703e+00  -1.9304736e+00  -1.8778498e+00
   2.4511714e+00   4.4916582e-01  -2.9240640e-02  -1.9115278e-01  -9.1111347e-01  -1.3877535e+00  -1.7678930e+00  -1.7540801e+00  -2.0460386e+00  -1.6785989e+00  -1.5894923e+00  -1.7028402e+00  -2.0235606e+00  -1.6825989e+00  -1.5976252e+00  -1.7433375e+00
   2.0095893e+00   2.5962305e-01  -1.4324115e-01   3.0646447e-01  -3.9842478e-01  -7.7030480e-01  -1.3623489e+00  -1.2503510e+00  -1.5993947e+00  -1.5224189e+00  -1.3562614e+00  -1.8819804e+00  -1.8382943e+00  -1.6901944e+00  -1.7775705e+00  -1.6903666e+00
   2.1442494e+00   6.8428371e-01   3.8922066e-02   2.5760623e-01  -1.1129038e-01  -8.2239747e-01  -1.4457500e+00  -1.2411846e+00  -1.8218407e+00  -1.7572160e+00  -1.4174440e+00  -1.8505532e+00  -1.5872743e+00  -1.7819416e+00  -1.8846873e+00  -1.9513163e+00
   1.6425968e+00   3.7846455e-01   4.7385716e-02   1.8918584e-01  -3.9181375e-01  -9.8544167e-01  -1.8507830e+00  -1.8397029e+00  -1.8711689e+00  -1.5841297e+00  -1.4571107e+00  -1.9957482e+00  -1.9401548e+00  -2.0702432e+00  -1.9708246e+00  -1.8186070e+00
   1.9678607e+00   4.4503706e-01  -7.8233683e-01  -4.8727409e-01  -6.6100427e-01  -8.2359694e-01  -1.7462586e+00  -1.6646127e+00  -1.5745606e+00  -1.5114982e+00  -1.5946600e+00  -1.9296353e+00  -1.6865946e+00  -1.7801622e+00  -1.9150337e+00  -1.7766834e+00
   1.8040461e+00   9.7292077e-01  -2.5907556e-02  -1.3607498e-01  -1.8909275e-01  -7.6519385e-01  -2.0003139e+00  -1.5036651e+00  -1.8592277e+00  -1.8272882e+00  -1.6227960e+00  -1.9734469e+00  -1.8933847e+00  -1.9440253e+00  -1.9280964e+00  -1.9299859e+00
   2.1679502e+00   6.4566394e-01   6.1582293e-02  -1.9198980e-01  -4.6097391e-01  -1.1983353e+00  -1.7271595e+00  -1.5237960e+00  -1.8085471e+00  -1.6245984e+00  -1.6963985e+00  -1.8689580e+00  -1.9134143e+00  -2.0003863e+00  -1.8502588e+00  -1.8478495e+00
   2.1455269e+00   5.5067556e-01   2.8415932e-01   3.7944000e-02  -3.5116239e-01  -5.9765165e-01  -1.4507687e+00  -1.7698047e+00  -2.1520061e+00  -1.6913575e+00  -1.8015576e+00  -1.8308232e+00  -1.7468683e+00  -1.8087045e+00  -1.7578833e+00  -1.7788671e+00
   1.8662143e+00   9.1942063e-01  -1.5383101e-01   1.0191813e-01  -3.8853363e-01  -8.9049030e-01  -1.7431703e+00  -1.5609912e+00  -1.8683295e+00  -1.5593235e+00  -1.6187723e+00  -1.8266930e+00  -1.7551606e+00  -1.7933456e+00  -1.7520582e+00  -1.8920952e+00
   1.7619905e+00   3.1825625e-01  -4.3842882e-01   4.8313814e-02  -2.5127938e-01  -8.3013757e-01  -1.7236208e+00  -1.8423027e+00  -1.7133558e+00  -1.6947498e+00  -1.6643534e+00  -1.8795984e+00  -1.7742873e+00  -2.0574216e+00  -1.8266591e+00  -1.9777322e+00
   1.5910537e+00   4.6329755e-01  -5.0058493e-01  -6.2803741e-02  -2.4292873e-01  -1.0418848e+00  -1.6398649e+00  -1.6211883e+00  -1.2331418e+00  -1.4947286e+00  -1.0659193e+00  -1.4777859e+00  -1.4714657e+00  -1.3610275e+00  -1.2379224e+00  -1.7601635e+00
   1.9584021e+00   4.0949385e-01   3.9771012e-02   2.9843705e-01  -4.1731821e-01  -9.6352711e-01  -1.7892786e+00  -1.8848295e+00  -2.0448237e+00  -2.1495335e+00  -1.6364999e+00  -1.5264003e+00  -1.9260079e+00  -1.7662178e+00  -1.6833865e+00  -1.9365694e+00
   1.7585959e+00   5.2082129e-01  -3.3773269e-01  -3.6822493e-01  -3.2155378e-01  -7.0049954e-01  -1.9216625e+00  -1.3116220e+00  -1.6448282e+00  -1.6446994e+00  -1.6127219e+00  -2.0139672e+00  -1.9054878e+00  -1.7104706e+00  -1.6351693e+00  -1.9001882e+00
   2.0939559e+00   2.3929005e-01   5.0333104e-02   3.8857096e-01  -6.8068694e-01  -1.2053905e+00  -1.7211938e+00  -1.8165264e+00  -1.6687721e+00  -1.6399863e+00  -1.6371849e+00  -2.0593962e+00  -1.8285391e+00  -1.8887650e+00  -1.9593993e+00  -1.9187055e+00
   2.2000344e+00   6.4446678e-01  -1.8120656e-01   1.4344399e-01  -4.6707896e-02  -6.4917343e-01  -2.2093672e+00  -1.7090267e+00  -1.6393829e+00  -1.6503699e+00  -1.6889062e+00  -1.7140420e+00  -1.9703759e+00  -1.8955032e+00  -1.6844460e+00  -1.7364058e+00
   1.9806182e+00   3.6705667e-01   1.6134989e-01   2.0853254e-01  -1.7615360e-01  -1.0561505e+00  -1.7966340e+00  -1.5992524e+00  -1.7878250e+00  -1.7011980e+00  -1.4287867e+00  -1.5987326e+00  -1.8037060e+00  -1.7472238e+00  -1.9976873e+00  -1.8264263e+00
   2.1026683e+00  -2.2528948e-01  -1.5604272e-01  -6.9467416e-02  -1.0914014e+00  -1.1656564e+00  -1.3032918e+00  -1.6633063e+00  -1.6348908e+00  -1.6072121e+00  -1.6055366e+00  -1.7362361e+00  -1.7454042e+00  -1.5403844e+00  -1.5273640e+00  -1.6441508e+00
   2.3215383e+00   3.9047717e-01   2.8595828e-01   4.8360919e-01  -4.4141579e-01  -8.7566496e-01  -1.5749621e+00  -1.9854438e+00  -1.5846695e+00  -1.5428979e+00  -1.6496014e+00  -1.9805845e+00  -2.0010577e+00  -1.7524181e+00  -1.7986006e+00  -1.9032519e+00
   2.1000141e+00   8.5466791e-01   1.7228408e-01  -1.4204898e-01  -5.4510330e-01  -5.7748293e-01  -2.0379434e+00  -1.6319504e+00  -1.5269399e+00  -1.5740828e+00  -1.4825056e+00  -1.8114617e+00  -1.7895645e+00  -1.6500108e+00  -1.7124650e+00  -1.6475178e+00
   2.5154462e+00   1.4970854e+00   2.2208869e-01  -3.2617747e-01  -6.9648163e-01  -7.3580268e-01  -1.3438517e+00  -1.3497454e+00  -7.7182563e-01  -6.3441217e-01  -1.0561534e+00  -1.0960057e+00  -8.5549797e-01  -6.6503401e-01  -9.1980771e-01  -1.2460019e+00
   2.2126071e+00   2.1343251e+00   1.2184095e+00   6.5761107e-01   9.6916155e-02  -4.0741343e-01  -8.0851450e-01  -2.9925037e-01   3.2114158e-01   4.6248474e-01   2.2050112e-01  -5.4734371e-01  -6.8059319e-01  -2.1970808e-01  -4.0703393e-01  -7.7363653e-01
   2.7586680e+00   2.2935717e+00   1.6582786e+00   1.3902445e+00   3.5316712e-01  -6.2824420e-01  -8.6904638e-01   3.1178240e-01   1.1656015e+00   1.3075599e+00   1.0304109e+00   8.5198967e-02  -8.6446361e-02  -7.6155099e-01  -9.2797214e-01  -7.4952149e-01
   2.7753197e+00   2.6169311e+00   2.2827887e+00   1.5847386e+00   5.6989507e-01  -4.8290447e-01  -7.3744149e-01   3.6038700e-01   1.4765745e+00   1.7462892e+00   1.5607973e+00   8.0366452e-01   4.9107484e-01  -5.3823273e-01  -8.2822423e-01  -5.2710927e-01
   2.9679191e+00   2.7389901e+00   2.5499359e+00   1.9421554e+00   8.5913731e-01  -3.9990037e-02  -4.5177505e-01   5.4768977e-01   1.7594379e+00   2.2659038e+00   2.1572675e+00   1.3994669e+00   1.0705156e+00  -5.2978676e-01  -9.6095163e-01  -2.6583051e-01
   2.9754397e+00   2.8477691e+00   2.5146234e+00   1.9838496e+00   9.7290752e-01  -1.5350006e-02  -5.4187884e-01   6.1298783e-01   1.9250653e+00   2.6475938e+00   2.3992261e+00   1.6422927e+00   1.3003284e+00  -2.6100811e-01  -9.0073584e-01   7.0240545e-02
   3.0706788e+00   2.8853449e+00   2.6436250e+00   1.9916344e+00   8.4939158e-01  -6.6162068e-02  -6.7471261e-01   5.7835449e-01   1.7813020e+00   2.6354756e+00   2.5243771e+00   1.9436059e+00   1.4335260e+00  -1.1677252e-01  -8.6841172e-01   3.0825988e-01
   2.8696501e+00   2.7647893e+00   2.5839945e+00   2.0608762e+00   9.5214716e-01  -6.8198461e-02  -6.7280973e-01   4.7497105e-01   1.4176862e+00   2.4733318e+00   2.5124783e+00   2.1487436e+00   1.5402749e+00  -5.4948786e-02  -7.2728523e-01   2.8444909e-01
   2.9349750e+00   2.8940947e+00   2.6214175e+00   1.9529525e+00   8.7730946e-01  -1.2479779e-01  -4.7457532e-01   5.6272451e-01   1.3065374e+00   2.4641471e+00   2.6237420e+00   2.3400119e+00   1.6649743e+00  -5.2072348e-03  -7.1774598e-01   1.0775816e-01
   2.8932663e+00   2.8847114e+00   2.7315123e+00   2.1904881e+00   1.0600634e+00  -1.9346584e-01  -7.0318571e-01   5.0930741e-01   1.2194961e+00   2.4111225e+00   2.6474807e+00   2.4260209e+00   1.7043583e+00  -7.0048700e-02  -6.2298627e-01   3.0780758e-01
   2.8579730e+00   2.8064702e+00   2.6770619e+00   2.0941873e+00   8.9724892e-01  -3.9005950e-01  -5.6945636e-01   3.8420445e-01   9.4222352e-01   2.4223374e+00   2.6913914e+00   2.4631047e+00   1.6873607e+00  -9.0325048e-02  -8.0383186e-01   9.1315607e-02
   2.8593691e+00   2.9157434e+00   2.7301551e+00   2.0460549e+00   9.5567454e-01  -3.5393392e-01  -7.7994633e-01   2.7575018e-01   7.9853808e-01   2.4492707e+00   2.6901040e+00   2.4818667e+00   1.6501967e+00   8.5053579e-03  -7.1821148e-01   1.2313507e-01
   2.8474882e+00   2.8572473e+00   2.6897383e+00   2.1981916e+00   1.0878779e+00  -7.6282421e-02  -3.9631975e-01   4.2222470e-01   8.0936865e-01   2.6005374e+00   2.6665018e+00   2.4193568e+00   1.5837859e+00  -1.3471736e-02  -6.1899616e-01   3.7752648e-01
   2.8388128e+00   2.8685088e+00   2.7230580e+00   2.1259762e+00   1.0234821e+00  -1.5736333e-01  -4.0958681e-01   2.1753783e-01   8.5022427e-01   2.6759661e+00   2.5400774e+00   2.3191776e+00   1.4498639e+00  -1.1506276e-01  -5.8398529e-01   1.0005989e-01
   2.9179256e+00   2.8840139e+00   2.7121835e+00   2.1488403e+00   1.1136586e+00  -2.2302991e-01  -6.4086442e-01   2.5666558e-01   9.1562572e-01   2.7675284e+00   2.3906054e+00   2.3336089e+00   1.4321659e+00  -2.0629408e-01  -7.4713112e-01  -1.1573345e-02
   2.9860299e+00   2.9154014e+00   2.7823366e+00   2.2515620e+00   1.1199629e+00  -1.0466494e-01  -3.9707539e-01   2.5896229e-01   8.4545376e-01   2.6815465e+00   2.4057718e+00   2.3984730e+00   1.7127063e+00   7.4288142e-02  -3.9329899e-01   1.8800094e-01
   2.8699155e+00   2.9174194e+00   2.7246825e+00   2.0744689e+00   1.0880417e+00  -1.1331174e-01  -4.3657054e-01   1.1056295e-01   7.7325245e-01   2.4263241e+00   2.4394885e+00   2.4120352e+00   1.6072572e+00  -1.6522585e-01  -7.3344767e-01  -1.5144010e-01
   2.7716336e+00   2.9003580e+00   2.7853217e+00   2.1069003e+00   7.8664075e-01  -5.4891849e-01  -1.0275449e+00  -4.1496448e-02   6.4800749e-01   2.3678091e+00   2.4263620e+00   2.2434028e+00   1.4287754e+00  -7.7876325e-02  -7.3230056e-01  -5.8309350e-01
   2.6878139e+00   2.7645550e+00   2.7016936e+00   2.0336894e+00   8.3133701e-01  -6.5824583e-01  -1.2793463e+00  -6.7563567e-02   6.0148354e-01   2.4567718e+00   2.4566407e+00   2.1647064e+00   1.3956203e+00  -3.3678232e-01  -8.5175126e-01  -3.8452094e-01
   2.7291751e+00   2.8277707e+00   2.6263300e+00   1.8843433e+00   9.1277725e-01  -8.2363427e-01  -1.1870390e+00  -3.9755214e-01   3.9221167e-01   2.4632138e+00   2.4450773e+00   2.0133742e+00   1.2257762e+00  -2.2407924e-01  -9.3584895e-01  -2.5728459e-01
   2.5626911e+00   2.7897562e+00   2.6177653e+00   1.8098363e+00   6.2305039e-01  -7.5652611e-01  -1.1286020e+00  -3.4736122e-01   1.0362109e-01   2.4523026e+00   2.4949251e+00   1.9983993e+00   1.0207779e+00  -1.6305617e-01  -6.3293129e-01  -4.7632659e-01
   2.6856895e+00   2.8132530e+00   2.5965981e+00   1.7791393e+00   7.3079661e-01  -6.1795871e-01  -1.4898858e+00  -5.7676890e-01  -4.9905659e-02   2.2846854e+00   2.3822608e+00   1.9652388e+00   1.0246611e+00  -2.2556147e-01  -7.9795520e-01  -5.4451141e-01
   3.0343537e+00   2.8460343e+00   2.4810116e+00   1.7721668e+00   7.2987775e-01  -4.3937524e-01  -1.1345342e+00  -4.1502437e-01  -1.4244258e-01   1.8323741e+00   2.0364405e+00   1.8837515e+00   1.2491287e+00  -4.1674985e-01  -9.3404304e-01  -6.6499617e-01
   3.2989577e+00   2.8549078e+00   2.3184278e+00   1.5260525e+00   4.4032044e-01  -4.2947944e-01  -9.6745679e-01  -7.1230204e-01  -3.3196192e-01   1.7857753e+00   1.8673402e+00   1.7384463e+00   1.2757466e+00  -1.3158155e-01  -5.8259887e-01  -3.0632503e-01
   3.0196728e+00   2.7404429e+00   2.2772761e+00   1.3992975e+00   3.7408881e-01  -9.8555640e-01  -1.2084197e+00  -4.4221174e-01  -4.2506420e-01   1.5614383e+00   1.7236763e+00   1.6163461e+00   1.3112545e+00   8.3327889e-03  -5.4476290e-01  -3.7516484e-01
   2.9377317e+00   2.6500261e+00   2.2235628e+00   1.4529454e+00   2.3171272e-01  -8.6459669e-01  -1.4976562e+00  -7.0420427e-01  -4.5871833e-01   1.4331526e+00   1.6719051e+00   1.4747548e+00   1.4292843e+00   1.8998707e-01  -4.7753408e-01  -5.5513065e-01
   3.0108475e+00   2.5247739e+00   2.0339891e+00   1.2892789e+00   4.9209084e-01  -3.0184663e-01  -1.2583153e+00  -6.9862194e-01  -3.8451937e-01   1.4626736e+00   1.8518767e+00   1.2366813e+00   1.0140970e+00   1.1458845e-01  -5.3799891e-01  -5.6629366e-01
   2.5638803e+00   2.2110204e+00   2.0134829e+00   1.4971586e+00   6.2255973e-01  -3.2001337e-01  -1.2783059e+00  -9.5505087e-01  -5.5662294e-01   1.0478350e+00   1.5693321e+00   8.4999025e-01   2.0771169e-01  -3.0753561e-01  -9.2156638e-01  -8.1606211e-01
   2.3904254e+00   1.9475712e+00   2.0803764e+00   1.5851898e+00   4.4088199e-01  -9.8935001e-01  -1.4201217e+00  -1.3086784e+00  -8.8572274e-01   6.7376317e-01   1.1359588e+00   4.8153803e-01  -4.4348694e-01  -7.3351183e-01  -1.0219705e+00  -1.2142212e+00
   2.7969228e+00   1.9869753e+00   1.8261430e+00   1.3324979e+00  -1.9115930e-01  -1.0058238e+00  -1.7401736e+00  -1.5229518e+00  -1.0516105e+00   2.2046714e-01   4.1579384e-01  -3.3627302e-01  -1.0774585e+00  -1.2066174e+00  -1.1874241e+00  -1.0918253e+00
   2.9172771e+00   2.0214433e+00   1.2336574e+00   9.2627110e-01  -3.3745368e-01  -1.0265094e+00  -1.7666637e+00  -1.8506870e+00  -1.7173107e+00  -1.2276633e+00  -9.4596546e-01  -1.2614808e+00  -1.7390477e+00  -1.4664770e+00  -1.3237786e+00  -1.2319183e+00
   2.6991985e+00   1.7677619e+00   4.9371381e-01   6.6414659e-01  -8.3459966e-01  -1.2691799e+00  -1.8650832e+00  -1.8479914e+00  -1.7198229e+00  -1.4976310e+00  -1.1351522e+00  -1.5245027e+00  -1.8088629e+00  -1.7033684e+00  -1.3144656e+00  -1.3840327e+00
   1.7775457e+00   6.2487951e-01   1.7850223e-01   2.6553821e-01  -7.1194568e-01  -1.0110477e+00  -1.7479614e+00  -1.3820497e+00  -1.7893334e+00  -1.3369331e+00  -1.2650211e+00  -1.7517382e+00  -2.0824362e+00  -1.6428278e+00  -1.5850362e+00  -1.5278423e+00
   1.9420086e+00   6.3581203e-01  -2.4242585e-01   1.1444898e-01  -3.1344851e-01  -1.2687994e+00  -1.8483194e+00  -1.1404887e+00  -1.3038321e+00  -1.5454596e+00  -1.7310086e+00  -1.7259185e+00  -1.9095547e+00  -1.7967171e+00  -1.6178979e+00  -1.6121911e+00
   1.6941324e+00   3.9740114e-01  -5.8439676e-01   1.9393561e-01  -5.6069247e-01  -1.6094790e+00  -2.3745617e+00  -1.8685360e+00  -1.6855168e+00  -1.6052720e+00  -1.5962403e+00  -1.9495048e+00  -1.9764584e+00  -1.8119986e+00  -2.0116798e+00  -2.0464373e+00
   1.4258704e+00   7.0810957e-01   5.9111126e-02   1.4848048e-01  -1.0681485e+00  -1.2925415e+00  -1.8879257e+00  -1.7754578e+00  -1.8937894e+00  -1.6852010e+00  -1.5031362e+00  -2.0969239e+00  -1.8809396e+00  -2.0054436e+00  -2.0715241e+00  -1.9312719e+00
   2.2748076e+00   8.8756216e-01  -3.3745690e-01  -2.8603634e-01  -8.2734569e-01  -1.1487971e+00  -1.8205884e+00  -1.5858655e+00  -1.5128105e+00  -1.6128446e+00  -1.4177656e+00  -1.7112509e+00  -1.9903047e+00  -1.7788004e+00  -1.8619678e+00  -1.8402262e+00
   1.9013586e+00   6.3757860e-01   5.7112596e-01   3.4312121e-01  -4.8550825e-01  -1.4232714e+00  -1.6933360e+00  -1.7364090e+00  -1.7199660e+00  -1.5427873e+00  -1.4410687e+00  -2.1775285e+00  -2.1151031e+00  -1.7660623e+00  -1.6280358e+00  -1.8161860e+00
   2.1298110e+00   4.0995557e-01   6.4457343e-02   1.4597984e-01  -5.9020002e-01  -1.4957509e+00  -1.7671348e+00  -1.7129365e+00  -1.9645421e+00  -1.7591189e+00  -1.7765181e+00  -2.1648023e+00  -2.2414938e+00  -1.9143271e+00  -1.8992745e+00  -1.8128517e+00
   1.7700946e+00  -4.8856383e-02   9.7218586e-02   2.9266962e-01  -2.1942542e-01  -7.9464539e-01  -2.0051966e+00  -1.2312377e+00  -1.8676639e+00  -1.7681268e+00  -2.1908069e+00  -2.2460299e+00  -2.0186322e+00  -1.8802274e+00  -2.3537852e+00  -1.8276594e+00
   2.2438116e+00   2.8334266e-01  -2.4265148e-01  -3.2846410e-01  -4.2009247e-01  -7.6887927e-01  -1.8179182e+00  -1.6595706e+00  -1.8995938e+00  -1.6417726e+00  -1.6231545e+00  -1.8615541e+00  -1.8590180e+00  -1.9549748e+00  -1.6783741e+00  -1.8796476e+00
   2.2875234e+00   1.3717472e-01   2.7511003e-01   5.4324489e-01  -5.0558012e-01  -1.0820852e+00  -1.5291013e+00  -1.5277535e+00  -1.7310974e+00  -2.0165723e+00  -1.7787726e+00  -1.6905518e+00  -1.7603942e+00  -1.9574587e+00  -1.9060971e+00  -1.8537312e+00
   2.4603730e+00   5.5981983e-01  -4.3094044e-02   5.3683177e-01  -5.4135239e-01  -1.0472531e+00  -1.9785863e+00  -1.6485404e+00  -1.7122833e+00  -1.9633691e+00  -1.6452309e+00  -1.7532654e+00  -1.7393857e+00  -1.8885494e+00  -2.0411164e+00  -1.7857102e+00
   2.3981510e+00   7.0466472e-01  -3.6529099e-01  -5.6025883e-01  -1.0216641e+00  -9.4293575e-01  -1.7308290e+00  -1.5603965e+00  -1.5606033e+00  -1.6009820e+00  -1.3860129e+00  -1.8868985e+00  -1.7184303e+00  -1.8127877e+00  -1.9970071e+00  -1.6391788e+00
   2.0301423e+00   7.3989919e-01  -2.0563681e-01  -1.2190177e-01  -4.3427099e-01  -7.9172165e-01  -1.7638711e+00  -1.9289514e+00  -1.5795558e+00  -1.8667642e+00  -1.8896154e+00  -1.9070276e+00  -1.8391162e+00  -1.9003270e+00  -1.9324848e+00  -1.9013835e+00
   1.9625855e+00   6.4294360e-01  -6.5394943e-02   2.2963401e-01  -1.6861940e-01  -7.6610693e-01  -1.6634286e+00  -1.7372579e+00  -1.8024048e+00  -1.7703178e+00  -1.6153035e+00  -1.8224763e+00  -2.2562478e+00  -1.9594453e+00  -1.7591206e+00  -1.9150513e+00
   1.9910996e+00   8.8335276e-01  -3.6495423e-01   1.0112751e-01  -2.8399731e-01  -6.5503276e-01  -1.9650260e+00  -1.6734883e+00  -1.9161564e+00  -1.5634375e+00  -1.5191475e+00  -1.9745377e+00  -2.0467092e+00  -1.6904096e+00  -1.7185423e+00  -1.9910616e+00
   2.4384808e+00   8.7421606e-01  -5.7709707e-01   4.9404209e-02  -5.9169466e-01  -7.3103759e-01  -1.7957820e+00  -1.3071731e+00  -1.6483625e+00  -1.7270804e+00  -1.8359137e+00  -1.6643307e+00  -1.9452056e+00  -1.9446415e+00  -1.9468811e+00  -1.6913125e+00
   2.2216657e+00   1.0314953e+00  -2.2264768e-01   2.3448160e-01  -8.2842707e-01  -1.0506054e+00  -1.4706776e+00  -1.8921918e+00  -2.1026331e+00  -2.0437825e+00  -1.7426300e+00  -2.0134145e+00  -2.1230944e+00  -1.7423688e+00  -1.9884955e+00  -1.7819385e+00
   2.1648632e+00   6.8800657e-01  -2.2781107e-01   7.4810118e-02  -5.7470460e-01  -9.8851218e-01  -1.4866731e+00  -1.9093000e+00  -1.8127521e+00  -1.5163337e+00  -1.2380823e+00  -1.6268055e+00  -1.6879994e+00  -1.5430355e+00  -1.7367806e+00  -1.7651731e+00
   2.3495251e+00   1.4050686e+00  -2.3928999e-02   3.8870693e-01  -3.6913732e-01  -8.0656727e-01  -1.5461327e+00  -1.8292372e+00  -1.7048966e+00  -1.8615999e+00  -1.8523309e+00  -2.0047798e+00  -2.0575718e+00  -2.0749841e+00  -1.9918876e+00  -1.8961339e+00
   2.2987462e+00   9.4315221e-01  -7.1893705e-01  -4.2914717e-01  -1.4352778e-01  -6.0829438e-01  -1.4615447e+00  -1.5649083e+00  -1.7326419e+00  -1.8989280e+00  -1.6121954e+00  -1.7003722e+00  -1.9144886e+00  -1.9745163e+00  -2.0455850e+00  -2.0580326e+00
   2.5613658e+00   1.0923528e+00  -6.1060341e-01  -5.2736654e-01  -4.7439645e-01  -1.2010978e+00  -1.6335011e+00  -1.6805306e+00  -1.8027743e+00  -1.7568642e+00  -1.7441129e+00  -1.8207298e+00  -1.8359142e+00  -1.8276013e+00  -1.7856222e+00  -1.6626828e+00
   2.2716847e+00   3.9511454e-01   6.0472711e-02   4.6194558e-01  -5.0309278e-01  -9.6283608e-01  -2.0449278e+00  -1.7358816e+00  -1.8520628e+00  -1.8069913e+00  -1.6788148e+00  -1.8604020e+00  -1.7921015e+00  -1.8846569e+00  -1.7192924e+00  -1.7316170e+00
   2.0678410e+00   6.5712000e-01  -7.5948687e-02   5.5305670e-01  -1.1356302e-01  -7.4741050e-01  -1.9087106e+00  -1.9712640e+00  -2.0760794e+00  -1.7588638e+00  -1.7364888e+00  -1.9560956e+00  -1.8798666e+00  -1.7894487e+00  -1.9720215e+00  -1.5863214e+00
   1.9941355e+00   9.2018420e-01   2.1820794e-01   6.2807468e-01  -4.9618619e-01  -1.3131115e+00  -2.0844231e+00  -1.9370220e+00  -1.9560250e+00  -1.5699287e+00  -1.7836261e+00  -2.0526257e+00  -2.2902230e+00  -1.9841205e+00  -1.9641728e+00  -1.8866460e+00
   1.5389607e+00   3.4969056e-01  -6.2583016e-02  -4.5530634e-02  -2.9187893e-01  -1.4339971e+00  -1.7849585e+00  -1.6503532e+00  -1.6565581e+00  -1.8641015e+00  -1.8148133e+00  -2.0774856e+00  -2.0981840e+00  -1.5937453e+00  -1.8433687e+00  -1.6994722e+00
   1.3206012e+00   1.0615132e+00   1.1290737e-01  -2.6453866e-01   8.0645309e-03  -6.2734990e-01  -1.6882065e+00  -1.5709647e+00  -1.9885233e+00  -1.6172402e+00  -1.8699774e+00  -2.1797237e+00  -2.0022484e+00  -1.9679802e+00  -1.9881236e+00  -1.7888516e+00
   2.0665175e+00   8.7058556e-01  -3.5559476e-01   6.0209450e-02  -5.1319251e-02  -1.0082760e+00  -1.9353311e+00  -1.7090622e+00  -1.7163070e+00  -1.5988516e+00  -1.7810513e+00  -2.2635130e+00  -1.8750742e+00  -1.7376050e+00  -1.7373153e+00  -2.0020352e+00
