   3.7987945e+00   2.6143931e+00   2.2026689e+00   1.6981453e+00   1.3794477e+00   1.4617135e+00   1.2839566e+00   4.3971329e-01   7.5400191e-01   6.9391850e-01   3.9553462e-03   1.3194799e-01   1.0871389e-02  -6.8461455e-01  -8.7431172e-01  -1.1257362e+00
   3.4583233e+00   2.7004882e+00   2.4039280e+00   1.4593551e+00   1.1762166e+00   1.5747093e+00   1.0456109e+00   8.0676117e-01   6.5601510e-01   4.8204197e-01  -1.3545726e-01   4.3242895e-01   1.5687098e-01  -3.8816894e-01  -7.5188967e-01  -7.5392030e-01
   3.9789227e+00   3.0797216e+00   1.9621987e+00   1.0335672e+00   1.1103390e+00   1.3874106e+00   1.1398142e+00   8.9629702e-01   8.8663341e-01   4.9188839e-01  -1.0529102e-02   3.6954270e-01   1.9384041e-01  -2.2041086e-01  -6.7997570e-01  -9.8594448e-01
   3.6737414e+00   3.2235203e+00   2.6578713e+00   1.8729113e+00   1.6840354e+00   1.7308185e+00   1.0591748e+00   1.1889648e+00   9.1495494e-01   4.0550478e-01   2.0566021e-01   1.0277134e-01   1.4303363e-01  -1.6050090e-01  -2.8196731e-01  -3.1401542e-01
   3.8876853e+00   2.8576527e+00   2.8257764e+00   1.9680989e+00   1.7831772e+00   1.6809890e+00   1.3499402e+00   1.0793052e+00   8.8044065e-01  -1.2634866e-01  -4.4272487e-02  -1.2103458e-02  -3.3728700e-01  -6.2459273e-01  -1.1322207e+00  -1.0980378e+00
   3.6407253e+00   2.6228879e+00   1.8884986e+00   1.5750778e+00   1.5358880e+00   1.5388848e+00   1.4064407e+00   5.9283086e-01   5.2449478e-01   4.3175300e-01   6.1125149e-03   1.0907697e-01  -1.0470110e-01  -2.3947171e-01  -3.2030800e-01  -3.8381540e-01
   3.3556516e+00   2.7700444e+00   1.9291040e+00   1.8718536e+00   9.2295295e-01   1.2961459e+00   1.7381932e+00   1.0240179e+00   1.0187819e+00   7.9470158e-01   3.2562938e-01  -6.9735704e-02  -5.8506033e-04  -2.8677836e-01  -3.4707227e-01  -3.7267599e-01
   4.1062608e+00   3.1786953e+00   2.4557532e+00   1.5112508e+00   1.3042717e+00   1.8191152e+00   1.5119770e+00   7.4541796e-01   8.5129938e-01   4.6817044e-01   3.0406377e-01   3.6647830e-01   1.2671960e-01   1.3682473e-01  -1.1548898e-01  -1.6762496e-01
   4.1266085e+00   2.9788625e+00   1.9423839e+00   1.1090688e+00   1.6090046e+00   1.3409231e+00   1.0645142e+00   9.6244940e-01   8.4577348e-01   7.6216253e-01   2.7445749e-01   3.1922269e-01   1.3414606e-01  -4.1211471e-01  -6.1484420e-01  -8.2416216e-01
   3.6151468e+00   3.0168016e+00   2.0402976e+00   1.6762190e+00   1.9149988e+00   1.6066648e+00   1.2404846e+00   9.6095997e-01   8.5899024e-01   3.8730897e-01   9.6765395e-03  -4.4245936e-02  -3.9703362e-02  -2.1714085e-01  -5.7900490e-01  -8.9100319e-01
   3.7844840e+00   2.9104031e+00   1.9954312e+00   1.4052408e+00   9.4173702e-01   1.5328036e+00   1.0743708e+00   8.4403043e-01   6.8050364e-01   2.5090154e-01  -1.0828894e-01   1.4028906e-01  -5.5775801e-02  -4.3831691e-01  -4.1270921e-01  -9.2525858e-01
   3.7918159e+00   3.1561657e+00   2.6964569e+00   1.1010992e+00   1.2772263e+00   1.4689365e+00   1.0260688e+00   1.0188259e+00   1.0172499e+00   2.3884122e-01   1.4374691e-01   2.2009646e-01   1.7730955e-01  -2.1128705e-01  -5.1946091e-01  -8.0466046e-01
   4.2409862e+00   3.5666687e+00   2.4981036e+00   1.1796218e+00   1.6207149e+00   1.5721964e+00   1.0037958e+00   4.5069472e-01   1.0210310e+00   7.2263893e-01  -2.8978382e-02   1.5477521e-01   2.6767079e-01  -2.7737556e-01  -4.0609478e-01  -4.1946427e-01
   3.7252806e+00   2.4704858e+00   2.1744705e+00   1.8913800e+00   1.0539643e+00   1.9268482e+00   1.2884008e+00   9.6005989e-01   9.3191022e-01   6.1522830e-01   2.2638091e-01  -9.5578068e-02   1.7274408e-01   1.0675640e-01  -3.6531477e-01  -3.9470682e-01
   3.8272967e+00   3.0168670e+00   2.4410339e+00   1.9021225e+00   7.9417331e-01   1.6366979e+00   1.2550656e+00   6.8766537e-01   8.5010259e-01   5.8523316e-01  -2.7529296e-02  -2.4802202e-01   2.9749268e-02  -1.6413389e-01  -7.7721682e-01  -1.0764655e+00
   4.2909058e+00   3.0622287e+00   2.0022867e+00   1.8451769e+00   1.2947803e+00   1.4728195e+00   1.3684641e+00   9.0792134e-01   6.6755529e-01   5.0859691e-01   5.2347017e-02   1.4915298e-02   3.0533205e-01  -3.1289431e-01  -1.0011097e+00  -1.0370400e+00
   4.1421978e+00   3.0999027e+00   2.3709334e+00   2.1583920e+00   1.5384410e+00   1.3454916e+00   1.1360338e+00   1.0764313e+00   7.7712186e-01   1.2972809e-01  -2.1587430e-01  -1.0140565e-01   1.3939830e-01  -5.0625203e-01  -7.3869558e-01  -1.0092242e+00
   4.0939410e+00   3.2816957e+00   2.1966304e+00   1.7883723e+00   1.4329035e+00   1.5102845e+00   1.0045123e+00   7.5791306e-01   7.0070428e-01   5.5479462e-01   3.0114809e-01   3.6590950e-01   3.3597805e-01   2.3343422e-01   1.6708266e-01   1.7159328e-01
   4.1933800e+00   2.8354532e+00   2.0974377e+00   1.6449606e+00   1.2444664e+00   1.2188160e+00   1.0883570e+00   7.3084014e-01   7.4005561e-01   4.2484416e-01  -2.3483240e-01  -3.0385913e-02  -1.5004948e-01  -4.0960492e-01  -5.2039951e-01  -6.8066309e-01
   3.8285655e+00   2.5208359e+00   2.2996812e+00   1.4844647e+00   1.4212231e+00   1.3859431e+00   9.2913127e-01   1.1597048e+00   1.1918919e+00   8.0993797e-01   3.8956519e-01   4.0971634e-01   1.6403411e-01  -1.9224479e-01  -1.2509919e-01  -3.1311599e-01
   3.6501717e+00   2.1076022e+00   1.5180895e+00   1.4475057e+00   1.2809083e+00   9.7659808e-01   1.4690294e+00   1.0492777e+00   8.3109122e-01   3.1166623e-01   1.0654969e-01   2.9006474e-01   1.1901745e-01  -3.4348705e-01  -6.8906162e-01  -7.3278852e-01
   3.7433811e+00   3.0472334e+00   2.1226630e+00   1.6553072e+00   9.5238362e-01   1.3508936e+00   1.6903734e+00   1.2354121e+00   7.7117374e-01   4.6297095e-01   3.1820615e-01   2.2041606e-01   2.9557816e-01  -1.3446220e-01  -2.5280056e-01  -3.4897488e-01
   3.5290252e+00   3.0259942e+00   2.5462230e+00   2.3368048e+00   1.3601907e+00   1.6861431e+00   1.5354964e+00   9.2614694e-01   7.1114213e-01   7.6474487e-01   4.7842309e-01   2.5372416e-01   2.7914418e-01   1.4443422e-01  -7.6316331e-02  -5.0553973e-02
   3.9806378e+00   3.3757578e+00   2.0886587e+00   1.7297207e+00   1.3043511e+00   1.6427707e+00   1.3133702e+00   6.8219748e-01   3.8540261e-01   6.4955513e-01   1.1009265e-01   4.3734038e-01   6.5428442e-02  -2.0284121e-01  -2.5345104e-01  -2.8108546e-01
   4.0353929e+00   2.3933638e+00   2.0830630e+00   1.9667159e+00   1.5524380e+00   1.4416036e+00   1.4626912e+00   1.1601582e+00   3.3086226e-01   1.8175620e-01   1.2943975e-01   1.2902882e-01   9.6629939e-02  -3.9678932e-01  -4.6104066e-01  -7.3492839e-01
   4.0580539e+00   2.8552539e+00   2.1972327e+00   1.8883593e+00   1.8795194e+00   1.6594756e+00   1.4769420e+00   1.1665649e+00   6.9380556e-01  -4.0188944e-02   1.0712240e-01  -1.6805650e-01  -3.3305064e-01  -2.3821644e-01  -6.1889399e-01  -8.4726138e-01
   4.2208076e+00   3.2249134e+00   1.7122024e+00   1.5370224e+00   1.5536045e+00   1.5989431e+00   1.2846901e+00   1.0622652e+00   7.9550573e-01   3.3223804e-01  -3.8962435e-02  -6.5029337e-03  -6.9262507e-02  -1.4953349e-01  -3.0235843e-01  -3.7658889e-01
   4.1269434e+00   2.9869260e+00   2.0159687e+00   2.0660046e+00   2.0865507e+00   1.8211351e+00   1.3365042e+00   7.9056408e-01   6.6912832e-01   5.3733444e-01   2.6865691e-01  -2.5160977e-02  -6.9652705e-04  -2.1178721e-01  -2.6013147e-01  -3.9009547e-01
   4.2907570e+00   2.7592610e+00   2.1075050e+00   1.4399826e+00   1.7115535e+00   1.4864779e+00   1.2491932e+00   8.8135184e-01   4.7674625e-01   2.1490403e-01   1.6804801e-02   1.3205786e-01  -3.1515415e-01  -4.4605076e-01  -5.6875033e-01  -8.3085879e-01
   4.3714418e+00   3.2534430e+00   2.5840915e+00   1.7391068e+00   1.5778402e+00   1.0794585e+00   8.0657462e-01   1.0994883e+00   4.5086273e-01   2.0677910e-01  -3.5234547e-02   1.8416222e-01   1.5763544e-01   6.3954129e-01   5.9386291e-01  -1.9374796e-01
   3.9850969e+00   3.4325148e+00   2.7198592e+00   1.8685093e+00   1.6303180e+00   1.3114099e+00   6.5341859e-01   6.2635566e-01   5.1703822e-01   1.0861690e+00   7.5887813e-01   6.5561278e-01   6.5650067e-01   1.8461723e+00   1.9585730e+00   1.1637466e+00
   4.3221511e+00   3.6718410e+00   2.1382778e+00   2.2218979e+00   1.4271088e+00   1.6029201e+00   1.0620138e+00   9.6330761e-01   7.1460586e-01   1.5521196e+00   1.2210622e+00   1.0426432e+00   9.0313900e-01   1.4729972e+00   2.0906626e+00   1.4741194e+00
   4.2114466e+00   3.3428838e+00   2.7376375e+00   2.0404168e+00   1.6130844e+00   1.7096592e+00   1.1390059e+00   9.4410965e-01   8.8911638e-01   2.1389110e+00   1.8502961e+00   1.5419013e+00   1.0647874e+00   1.2305981e+00   1.7999853e+00   1.0085827e+00
   4.0485393e+00   2.8491811e+00   2.2511076e+00   1.9318581e+00   1.8152087e+00   1.9049268e+00   1.4738277e+00   8.7927851e-01   1.0450570e+00   2.3478167e+00   2.3056206e+00   1.8984815e+00   1.2769807e+00   1.0665586e+00   9.4729940e-01   5.2817850e-01
   3.7830351e+00   3.5364107e+00   3.0312169e+00   2.0326594e+00   1.5589470e+00   1.5072584e+00   1.1333101e+00   7.0825353e-01   1.1627925e+00   2.7375143e+00   2.5615624e+00   2.1423698e+00   1.2955227e+00   5.5271811e-01   9.0338860e-02   1.2779811e-01
   4.0159118e+00   3.0784958e+00   2.5913656e+00   2.4649747e+00   1.7306927e+00   8.8555985e-01   4.3604955e-01   7.5659286e-01   1.0450217e+00   2.8717782e+00   2.9115108e+00   2.4610831e+00   1.4995588e+00   5.2901806e-01  -9.7315393e-02  -1.3993611e-01
   4.1293524e+00   3.5465720e+00   2.7491998e+00   2.2533082e+00   1.3182070e+00   1.1953112e+00   1.2133993e+00   1.0680880e+00   1.2647799e+00   2.7519905e+00   3.0074381e+00   2.5750889e+00   1.7741336e+00   8.9119202e-01  -7.2833308e-02   1.0298126e-02
   3.8834880e+00   3.4943499e+00   2.5774376e+00   1.9877402e+00   1.6735912e+00   1.5350742e+00   9.5668534e-01   6.5305354e-01   1.0528836e+00   2.5308570e+00   3.0716474e+00   2.8518671e+00   2.0163701e+00   9.7840576e-01   1.2483288e-02   2.1899093e-01
   3.9709247e+00   3.2885307e+00   2.7124602e+00   2.2158988e+00   1.5469908e+00   1.2391268e+00   1.2077458e+00   8.7742491e-01   9.5995102e-01   2.3580909e+00   2.8132045e+00   2.6446013e+00   1.8540287e+00   7.0912329e-01  -4.0870806e-01   2.6222894e-02
   3.9864396e+00   3.0951025e+00   2.2227439e+00   1.8222820e+00   1.4165796e+00   1.5221625e+00   1.2874881e+00   7.4139012e-01   9.9019402e-01   2.2227447e+00   2.5380535e+00   2.5619628e+00   1.9854519e+00   8.9388987e-01  -4.0411166e-01   1.0347811e-01
   3.7772582e+00   3.6279382e+00   2.4758959e+00   2.0477752e+00   1.4322568e+00   1.4498317e+00   1.2429698e+00   7.8960004e-01   1.1203624e+00   2.1076260e+00   2.4105005e+00   2.3863147e+00   2.0024775e+00   1.0389537e+00   8.7421388e-02   1.6679974e-01
   3.2926274e+00   3.4565840e+00   2.4867150e+00   1.5565116e+00   1.5427146e+00   1.3076836e+00   1.1967134e+00   1.0219599e+00   1.2204162e+00   1.7535381e+00   2.1100218e+00   2.3448542e+00   2.1189584e+00   9.0901910e-01  -1.9406421e-02   3.5887260e-01
   4.4825301e+00   3.6378032e+00   2.3837620e+00   2.3884171e+00   1.6695502e+00   1.2932877e+00   1.4741978e+00   1.4010411e+00   1.1956117e+00   1.5062671e+00   1.9971832e+00   2.1582186e+00   2.1353741e+00   1.1906052e+00   1.9480487e-01   3.7799468e-01
   4.3657607e+00   3.4581375e+00   2.3385244e+00   2.2040896e+00   1.4026726e+00   1.5112078e+00   1.1584904e+00   1.0541130e+00   7.7804899e-01   1.5509175e+00   1.8718623e+00   2.1018154e+00   2.2195088e+00   1.1960200e+00   2.7620744e-01   6.3725581e-01
   4.1958462e+00   3.5947373e+00   2.2049589e+00   2.0714346e+00   1.1931377e+00   1.1036906e+00   9.6090789e-01   9.0411529e-01   8.4507467e-01   1.3050339e+00   1.6414747e+00   2.1964595e+00   2.3779211e+00   1.3617366e+00   4.4158299e-01   4.1793286e-01
   4.2629855e+00   3.5724949e+00   3.0420549e+00   2.2385811e+00   1.8818155e+00   1.4750302e+00   1.2430910e+00   8.7053047e-01   1.3233860e+00   1.5478023e+00   1.7635508e+00   2.2360167e+00   2.5431554e+00   1.5182704e+00   6.3340523e-01   3.7378822e-01
   4.1211835e+00   3.2725726e+00   2.5851391e+00   2.5000913e+00   1.8006897e+00   1.0223224e+00   1.2966117e+00   1.2139690e+00   7.7041990e-01   1.0483190e+00   1.4078712e+00   1.9693872e+00   2.5103941e+00   1.6959175e+00   4.2054603e-01   4.3014618e-01
   4.2328365e+00   3.0810999e+00   1.9551099e+00   2.2929675e+00   1.5979766e+00   1.1421205e+00   1.2080799e+00   9.0936970e-01   5.8855388e-01   1.1348207e+00   1.2918530e+00   1.9567202e+00   2.6660543e+00   1.8731405e+00   2.4791847e-01   5.9545030e-01
   4.2805402e+00   3.0485449e+00   2.5201740e+00   2.4409663e+00   1.7656053e+00   1.4331602e+00   1.4639546e+00   1.1860198e+00   6.9783107e-01   1.0877276e+00   1.5432553e+00   1.9776717e+00   2.3692814e+00   1.8153604e+00   2.7511516e-01   3.8305511e-01
   4.1500251e+00   3.2984175e+00   2.7694096e+00   2.1612802e+00   1.4598304e+00   1.3697729e+00   1.1047256e+00   1.1692290e+00   9.1527103e-01   1.2692881e+00   1.5762636e+00   1.7404513e+00   2.0961523e+00   1.6718097e+00   5.1043626e-01   4.4107274e-01
   3.9254267e+00   3.5093543e+00   2.5644349e+00   2.2514098e+00   1.1779813e+00   1.2187368e+00   8.8184709e-01   6.2105507e-01   8.2684598e-01   1.0046268e+00   1.4293037e+00   1.6792956e+00   2.0507200e+00   1.6275484e+00   1.9521472e-01   1.2945522e-01
   3.7616643e+00   3.0133662e+00   2.2553505e+00   2.3223977e+00   1.1772327e+00   1.0695167e+00   1.0198832e+00   1.0118089e+00   7.6147408e-01   1.0284314e+00   1.1170166e+00   1.4154949e+00   2.2322229e+00   1.7919755e+00   3.5456562e-01   1.2596215e-01
   3.4014738e+00   2.6727980e+00   2.1766932e+00   2.3876254e+00   1.5808442e+00   1.5045060e+00   1.7995561e+00   1.1264784e+00   1.0113422e+00   9.2890480e-01   1.1125087e+00   1.3731901e+00   2.4816661e+00   1.9601907e+00   3.8708439e-01   3.5913473e-01
   4.2596575e+00   3.7267002e+00   2.4482644e+00   1.2894109e+00   1.4183079e+00   1.3342988e+00   1.3951531e+00   6.8171088e-01   1.0451641e+00   8.1829455e-01   1.2445954e+00   1.4043181e+00   2.1365282e+00   2.0732358e+00   7.0175135e-01   1.8539491e-01
   4.0933838e+00   3.1389667e+00   2.0288479e+00   1.8234161e+00   1.6397569e+00   1.2014439e+00   1.0330385e+00   5.8199481e-01   5.1466484e-01   7.5792616e-01   1.1168210e+00   1.5015918e+00   1.7553963e+00   2.0284745e+00   7.1606341e-01   5.1068550e-02
   4.3798708e+00   3.7524754e+00   1.8440379e+00   1.6496668e+00   1.7342553e+00   1.5235785e+00   9.0075175e-01   5.8948399e-01   5.6016856e-01   6.2968202e-01   1.0738309e+00   1.2558246e+00   1.4423598e+00   1.9988380e+00   6.0482875e-01   2.2364809e-01
   4.1658459e+00   3.2492995e+00   1.7620647e+00   1.9651100e+00   1.7285036e+00   1.6379005e+00   1.5606539e+00   1.0952603e+00   7.0816681e-01   8.4154899e-01   1.2521762e+00   9.6970288e-01   1.0983098e+00   1.8172345e+00   6.6447043e-01   2.6208845e-01
   3.8313566e+00   3.0521529e+00   2.2912408e+00   1.9918369e+00   1.8532115e+00   1.4930258e+00   1.2024033e+00   9.4444237e-01   8.0486684e-01   4.6380319e-01   9.4539111e-01   6.6874170e-01   7.7210323e-01   1.4867147e+00   3.5892602e-01  -1.8296295e-01
   3.9819439e+00   3.4158831e+00   2.4441613e+00   1.8274949e+00   1.7499135e+00   1.0600652e+00   1.2737031e+00   7.5170610e-01   6.8900274e-01   4.4228433e-01   6.1716182e-01   5.0426488e-01   4.2199122e-01   6.3277968e-01   3.1554088e-01  -4.7890376e-03
   4.1487102e+00   2.9865470e+00   2.3993456e+00   1.6297996e+00   8.2647926e-01   8.4996047e-01   6.2707883e-01   4.7496276e-01   6.3495291e-01   2.5802373e-01   1.2252924e-01   1.8466695e-01  -9.2413588e-02   3.3690262e-01  -1.0435075e-01  -4.5577486e-01
   4.6424737e+00   3.6608006e+00   2.1744493e+00   2.4521441e+00   1.6187466e+00   1.2160066e+00   1.3067234e+00   9.0995418e-01   6.6909123e-01   8.4852393e-01   3.7418331e-01   2.6844291e-01   1.5708773e-01   2.0868618e-01   1.1830881e-01   1.0239308e-01
   4.2549348e+00   3.5047632e+00   1.8903944e+00   1.9829773e+00   1.5022269e+00   9.5656256e-01   9.1828249e-01   1.0374337e+00   8.2829486e-01   5.2871605e-01   4.0157702e-01   2.6403365e-01   3.2091453e-01   1.4804808e-01   9.0824889e-02   1.4687626e-01
   3.4255944e+00   3.3096149e+00   1.6117456e+00   1.5461676e+00   1.1733234e+00   6.8846993e-01   7.7447323e-01   6.6638902e-01   6.6716219e-01   2.0182113e-01  -5.3498554e-02   2.6129105e-01   1.3542784e-01  -1.6955870e-01  -5.9762184e-01  -6.3807789e-01
   3.7687098e+00   2.7218924e+00   1.7812665e+00   1.5843357e+00   1.3646483e+00   1.8339984e+00   1.4165871e+00   6.7475298e-01   6.1237940e-01   4.0987484e-01   2.6849617e-01   4.1965199e-01   3.6260984e-01   3.0429597e-01   1.9228083e-01   2.1715630e-01
   4.7891186e+00   2.5590427e+00   1.2201017e+00   8.4207951e-01   1.0377259e+00   1.2483324e+00   8.7176019e-01   1.9019165e-01   6.4826864e-01   3.0277383e-01   3.0670470e-01   1.4086648e-01   1.0557422e-01  -3.1050441e-01  -5.0790621e-01  -7.2178439e-01
   3.7208677e+00   2.6561282e+00   1.5673375e+00   1.5131304e+00   1.7023541e+00   1.4322673e+00   1.1791845e+00   8.8593832e-01   7.8448648e-01   4.2985461e-01   1.4126576e-01   4.7781856e-01   2.2019163e-01  -4.2854989e-02  -8.3213512e-02   2.5370976e-02
   3.2345315e+00   2.4879135e+00   1.5124116e+00   1.7135762e+00   1.3403631e+00   1.0838085e+00   1.3962245e+00   9.5448809e-01   5.6153581e-01   1.8773184e-01   3.3693977e-01   3.2810416e-01   2.8189962e-01  -2.2751529e-01  -2.6706366e-01  -5.0589065e-01
   4.1487569e+00   2.6583291e+00   1.4253457e+00   1.2109551e+00   1.5907924e+00   1.4764825e+00   1.3085486e+00   9.1446224e-01   6.5021610e-01   4.3419586e-01   3.9964188e-01   3.0854391e-01   1.7776523e-01   1.1705788e-01  -4.2222369e-02   4.1702408e-02
   4.4750419e+00   3.4242291e+00   1.8889800e+00   1.8106311e+00   1.3733270e+00   1.5128893e+00   1.4792650e+00   7.6428326e-01   5.9969486e-01   2.1791224e-01   3.3793688e-01   2.5807116e-01  -1.9612816e-01  -4.2746399e-01  -8.7737256e-01  -1.0622107e+00
   3.5685385e+00   2.5926676e+00   2.0624269e+00   2.0194441e+00   1.3891170e+00   1.3972103e+00   1.5150104e+00   8.7568949e-01   5.9591376e-01   2.7879599e-01   4.9068146e-02   3.2183704e-02  -3.0337915e-01  -3.7690799e-01  -5.8434138e-01  -7.8313238e-01
   3.4945450e+00   2.2285350e+00   2.1996321e+00   2.0576791e+00   1.7361958e+00   1.3654998e+00   1.3706652e+00   9.2373346e-01   7.4398571e-01   7.3391215e-02   1.1818010e-01  -1.6766732e-02  -4.8960974e-02  -4.5922795e-01  -3.9738855e-01  -6.5616812e-01
   3.8238973e+00   3.2118426e+00   2.2198186e+00   1.6462201e+00   1.2389199e+00   1.6085641e+00   1.5284301e+00   7.9105718e-01   4.4449447e-01   2.7554305e-01   8.8817776e-02   2.7237410e-01   7.1097800e-02  -3.2716461e-01  -5.0339627e-01  -6.7616609e-01
   3.8624777e+00   3.1664694e+00   2.1353415e+00   2.0849646e+00   1.2371788e+00   1.4911830e+00   1.4260676e+00   8.7504632e-01   7.8852645e-01   3.9061184e-01  -4.0691816e-02   1.5330997e-01  -1.4139934e-01  -3.3606228e-01  -7.8034915e-01  -8.9261495e-01
   2.8805139e+00   3.0153536e+00   2.0967476e+00   1.9090076e+00   1.5624852e+00   1.2922865e+00   1.0140534e+00   8.0590047e-01   6.6781990e-01   3.0454970e-01   1.3191685e-01   1.0968736e-01  -1.0714085e-01  -3.1523604e-01  -6.5163888e-01  -7.4060804e-01
   3.6955226e+00   3.0315134e+00   2.4886968e+00   2.1042912e+00   1.3095668e+00   1.0032873e+00   1.0414534e+00   1.0709591e+00   8.4649089e-01   3.5257081e-01   7.6544679e-02  -2.4879235e-02   1.0346090e-01  -3.0543417e-01  -5.7579960e-01  -5.8888052e-01
   3.4575117e+00   3.2230344e+00   2.5429230e+00   1.6469306e+00   1.8948975e+00   1.2344111e+00   9.0890285e-01   1.0916506e+00   7.1566964e-01  -2.4743549e-03   6.1953375e-02   3.1979534e-01   1.4264534e-01  -3.8153860e-01  -4.9495317e-01  -6.3089441e-01
   3.9814167e+00   2.4531719e+00   2.1291087e+00   1.6426805e+00   1.7527634e+00   1.1377436e+00   7.7386648e-01   7.8210368e-01   5.0125942e-01   3.2866915e-01   1.1372273e-01   3.5007276e-01   1.0500211e-01  -3.2737128e-01  -5.1642316e-01  -6.6025830e-01
   3.3424522e+00   3.0424209e+00   2.6939468e+00   2.0672164e+00   1.3468614e+00   7.6111551e-01   2.1010067e-01   4.0232844e-01   3.5178436e-01   3.4135964e-01   2.6406352e-01   5.5978986e-02  -5.0009947e-03  -1.9168825e-01  -8.0422314e-01  -9.3153020e-01
   3.7178304e+00   3.2080619e+00   2.0551823e+00   2.2565615e+00   1.5440458e+00   9.8617908e-01   1.0940035e+00   5.9498935e-01   7.7916089e-01   7.0902546e-01   1.4705566e-01   2.0922452e-01   2.1517402e-01  -1.5121854e-01  -4.0911338e-01  -5.6814874e-01
   3.8899888e+00   2.7325465e+00   1.8565319e+00   2.0166755e+00   1.7866166e+00   1.5519462e+00   1.4405985e+00   9.2157947e-01   1.0520839e+00   3.1368793e-01   2.7942819e-02   1.8484478e-01   3.8323723e-01  -2.6358364e-01  -5.3168249e-01  -1.2485431e+00
   4.5554779e+00   3.0892037e+00   2.2932103e+00   1.7334785e+00   7.4077620e-01   9.6402320e-01   8.8192572e-01   8.5044067e-01   5.7927077e-01   6.2709867e-01   2.5470505e-01   2.8461180e-01   1.0423215e-01  -3.9373052e-01  -5.8026279e-01  -8.6843250e-01
   4.3283673e+00   3.5179628e+00   2.3409312e+00   1.9770939e+00   1.5277870e+00   1.1121784e+00   1.0304127e+00   8.2427975e-01   5.4378011e-01   6.1342734e-01   5.3207996e-01   6.5980857e-01   4.2354764e-01   2.9683162e-01   2.8559848e-01   2.6972628e-01
   4.4988810e+00   3.1829522e+00   2.0661628e+00   1.6739221e+00   1.6812885e+00   1.0557464e+00   1.1395578e+00   8.1976389e-01   6.4620219e-01   3.0379014e-01  -8.8942872e-02   5.8563201e-02  -6.7264676e-02  -4.9996046e-01  -5.8828227e-01  -9.3210991e-01
   3.9439287e+00   2.6367631e+00   2.3289967e+00   1.9907205e+00   1.6447073e+00   9.5918360e-01   7.0849886e-01   1.0405942e+00   6.4850120e-01   1.9225379e-01   3.1878530e-01   7.7659046e-02  -7.3986340e-02  -3.5784889e-01  -3.6711198e-01  -6.7574036e-01
   3.7687712e+00   3.2739504e+00   2.3289807e+00   1.8590152e+00   1.3834418e+00   1.3700336e+00   1.1171533e+00   8.2754910e-01   1.1908260e+00   3.8701345e-01   1.2930380e-01   1.8973200e-01   2.4290806e-03  -1.8116568e-01  -2.4895414e-01  -4.1000602e-01
   4.2038613e+00   2.8131174e+00   2.0579978e+00   1.5509845e+00   1.4949291e+00   1.5648132e+00   1.3569907e+00   6.3519436e-01   8.6805108e-01   5.4721221e-01  -4.8994264e-02   1.5003138e-01   1.3682378e-02  -4.1737218e-01  -7.0554274e-01  -1.0195402e+00
   4.1864520e+00   3.1261932e+00   1.8445302e+00   1.5536864e+00   1.0490365e+00   1.5271016e+00   1.5082382e+00   8.5712889e-01   7.8721265e-01   7.0063209e-01   2.7685618e-01   4.5809411e-01   1.0828441e-01  -7.9563416e-02  -4.5154132e-01  -4.7815442e-01
   3.7786539e+00   2.6836011e+00   2.2862642e+00   1.5958473e+00   1.0401180e+00   1.3163115e+00   3.4199432e-01   6.9915662e-01   6.6634336e-01   5.8752102e-01   5.2307670e-01   5.1841745e-01   2.1771339e-01  -3.8523758e-01  -6.4960533e-01  -8.6605160e-01
