   1.7519666e+00   1.1244001e+00  -1.9502785e-01   4.6630242e-01  -1.4472959e-01  -1.3446412e+00  -1.6033574e+00  -1.8098854e+00  -1.5535702e+00  -1.6737728e+00  -1.8411756e+00  -1.8946384e+00  -2.0032946e+00  -2.1193968e+00  -2.0176825e+00  -1.9654595e+00
   1.7927658e+00   3.2285337e-01  -3.2390390e-01   6.5205567e-01  -5.2253210e-04  -8.7636984e-01  -1.9586779e+00  -1.6954513e+00  -1.8480672e+00  -2.2500198e+00  -1.9558222e+00  -1.9493414e+00  -2.1712085e+00  -2.1405488e+00  -2.1547701e+00  -1.9815403e+00
   1.5145034e+00   3.3555949e-01  -5.4856089e-02   5.4127210e-01  -1.1714282e-01  -6.5646371e-01  -1.9141819e+00  -1.7868505e+00  -1.6798513e+00  -1.7267123e+00  -1.7640186e+00  -1.7824749e+00  -2.1384226e+00  -2.0889954e+00  -1.9686520e+00  -2.1650249e+00
   8.7589650e-01  -2.3506208e-01  -3.4651584e-01   4.9845955e-01   1.1664113e-03  -1.0760284e+00  -2.2438605e+00  -2.1157920e+00  -1.9123415e+00  -1.8538258e+00  -1.7935705e+00  -1.8756216e+00  -2.3113040e+00  -2.3030567e+00  -2.1239385e+00  -2.2365830e+00
   3.4048173e-01   3.3205598e-02  -9.5424805e-02   1.2667787e-01  -6.5000779e-01  -1.0192927e+00  -1.8733552e+00  -1.9352477e+00  -1.5916905e+00  -1.9370441e+00  -1.8530208e+00  -2.2635959e+00  -2.2339248e+00  -2.5341110e+00  -2.2468635e+00  -2.1597485e+00
   1.6905568e+00   3.5017212e-01  -6.1445764e-01   5.0365176e-01  -3.1684275e-01  -1.2689107e+00  -2.1173401e+00  -1.8737411e+00  -1.4802873e+00  -1.7921769e+00  -1.8563408e+00  -1.9927982e+00  -2.0482359e+00  -2.5047391e+00  -2.3762122e+00  -1.9280487e+00
   1.8758543e+00   8.1506426e-01  -1.7196054e-01   4.3762794e-01  -2.5768360e-01  -1.0584647e+00  -1.9150584e+00  -1.6743358e+00  -1.2055281e+00  -1.2896954e+00  -1.5527482e+00  -2.1084044e+00  -2.4214591e+00  -2.3069740e+00  -2.3044429e+00  -2.0885409e+00
   2.0860304e+00   1.0165601e+00  -5.2342925e-01   2.0547842e-01  -2.9570720e-01  -7.5152263e-01  -1.7808013e+00  -1.6529366e+00  -1.4206461e+00  -1.6484124e+00  -1.5277086e+00  -2.0310035e+00  -2.2720063e+00  -2.3653175e+00  -2.2766085e+00  -2.0129130e+00
   2.4033329e+00   1.0381984e+00  -3.0485185e-01   5.1514619e-01  -2.7863029e-01  -1.2476647e+00  -1.5873182e+00  -1.5239550e+00  -1.4953340e+00  -1.7688464e+00  -1.7089709e+00  -1.9445548e+00  -2.0085258e+00  -1.9396423e+00  -1.9788120e+00  -1.8839560e+00
   2.1975129e+00   8.1078243e-01   2.0943499e-01   6.2596152e-01  -2.2542215e-01  -9.7610955e-01  -1.6177313e+00  -1.6386604e+00  -1.4096044e+00  -1.8721493e+00  -1.7470152e+00  -2.2626901e+00  -2.5273326e+00  -2.4116936e+00  -2.1741413e+00  -2.2850736e+00
   2.2629505e+00   1.0479185e+00  -3.2940782e-01   5.6003800e-01   2.4028939e-01  -1.2891199e+00  -1.9533308e+00  -1.9422032e+00  -1.4206108e+00  -1.2896261e+00  -1.6660365e+00  -1.8305472e+00  -2.0133910e+00  -1.9844953e+00  -1.9532378e+00  -1.9647650e+00
   1.6278342e+00   7.1931744e-01  -8.8604238e-01   1.2323278e-01  -1.5749639e-01  -1.6760059e+00  -2.3740221e+00  -1.9925658e+00  -1.9366047e+00  -1.7742148e+00  -1.5406948e+00  -1.9440189e+00  -1.9607804e+00  -1.9378759e+00  -2.0577709e+00  -2.1369154e+00
   1.6618144e+00   2.4676762e-01  -4.7413961e-01  -5.6573556e-01  -9.8113494e-01  -1.5180518e+00  -1.9089501e+00  -1.7765189e+00  -1.6012067e+00  -1.8120783e+00  -2.0329736e+00  -2.1697993e+00  -2.3505070e+00  -2.2793904e+00  -2.1709465e+00  -2.1659372e+00
   1.4228766e+00   4.0698347e-01   1.3482813e-01   8.6481174e-02  -6.0378060e-01  -1.4862945e+00  -1.8591034e+00  -1.7454048e+00  -1.7140946e+00  -1.6496881e+00  -1.9107062e+00  -2.0860760e+00  -2.2046348e+00  -2.2486837e+00  -2.2197263e+00  -1.9430567e+00
   1.4920794e+00   9.6524656e-01  -9.3020384e-03   9.5732012e-02  -8.4358624e-01  -1.2688271e+00  -1.7107161e+00  -1.7583813e+00  -1.9148986e+00  -1.9122152e+00  -1.9092628e+00  -2.2861313e+00  -2.1773734e+00  -1.9957900e+00  -1.9891074e+00  -2.1268711e+00
   1.9281495e+00   6.2991240e-01   8.1746034e-02   5.8277182e-01  -4.9427833e-01  -1.0545626e+00  -1.7900513e+00  -2.0021109e+00  -1.7375449e+00  -1.5791503e+00  -1.5675327e+00  -2.2265621e+00  -2.0576506e+00  -2.2920526e+00  -2.2048956e+00  -2.0112985e+00
   2.0082742e+00   7.6608358e-01   3.0456012e-02   1.5076638e-01  -9.7513768e-01  -1.3749298e+00  -1.8664575e+00  -2.0499967e+00  -1.7183615e+00  -1.9886626e+00  -1.9996026e+00  -2.3162495e+00  -2.2643359e+00  -2.3368258e+00  -2.2073774e+00  -2.2302255e+00
   1.4554883e+00   8.5175945e-01  -1.9000709e-03   3.5160309e-01  -4.1137631e-01  -1.3576813e+00  -2.2461984e+00  -2.1704994e+00  -1.3956308e+00  -1.9133098e+00  -1.7374383e+00  -1.9059329e+00  -2.3217471e+00  -2.3951312e+00  -2.2387713e+00  -2.2107005e+00
   1.5590439e+00   7.8673239e-01  -8.4658502e-02   7.8811174e-02  -7.1913674e-01  -1.8429940e+00  -1.9025579e+00  -1.7079821e+00  -1.5437903e+00  -1.8689609e+00  -1.9806581e+00  -1.9748972e+00  -2.0859816e+00  -2.0915874e+00  -2.3498268e+00  -2.1540428e+00
   2.0978926e+00   5.0873429e-01   1.1969431e-01  -1.1919329e-01  -7.9236615e-01  -1.3277047e+00  -1.8576132e+00  -1.3589824e+00  -1.4097377e+00  -1.6853766e+00  -2.1211451e+00  -2.0880392e+00  -2.0762135e+00  -2.5949672e+00  -2.1395166e+00  -1.9794555e+00
   1.4654819e+00   4.0280249e-01  -2.8986844e-01   1.0466426e-01  -8.2222774e-01  -1.1901210e+00  -1.7653277e+00  -1.7996002e+00  -1.2128691e+00  -1.7405827e+00  -1.7677568e+00  -2.1358055e+00  -2.0813988e+00  -2.1493361e+00  -2.0610609e+00  -2.0576391e+00
   1.6588902e+00   4.2918096e-01  -2.5015651e-01  -3.6058838e-02  -8.7456489e-01  -1.4494093e+00  -2.1345974e+00  -1.8221049e+00  -1.4930771e+00  -1.8399192e+00  -1.9267537e+00  -2.0429301e+00  -2.2485644e+00  -2.1888743e+00  -2.1264308e+00  -2.2255449e+00
   1.1122741e+00   8.9769979e-01  -2.9187479e-01  -2.2478695e-01  -7.4540183e-01  -9.6632339e-01  -1.7546107e+00  -1.7831755e+00  -1.4506530e+00  -1.3781361e+00  -1.6470019e+00  -2.0576990e+00  -2.0223253e+00  -2.1408478e+00  -1.9806834e+00  -1.9830500e+00
   2.0538869e+00   1.3186305e+00  -3.1911488e-03   2.4449091e-01  -3.4676635e-01  -1.0812607e+00  -1.6816976e+00  -1.6696180e+00  -1.7345564e+00  -1.7367641e+00  -1.8673769e+00  -1.9214004e+00  -2.0462508e+00  -2.0678760e+00  -2.1941820e+00  -2.0218926e+00
   1.9063126e+00   3.2214582e-01  -2.2010706e-01   1.8734772e-01   6.1024766e-02  -7.9249518e-01  -2.0015495e+00  -1.7453175e+00  -1.8738622e+00  -1.5531645e+00  -1.6104786e+00  -1.8639602e+00  -2.0146809e+00  -2.0750670e+00  -2.0730180e+00  -1.7435057e+00
   2.0892119e+00   6.0083366e-01  -3.2786295e-01   6.1310969e-01   1.9877657e-01  -1.0028219e+00  -1.8306594e+00  -1.7642966e+00  -1.3642384e+00  -9.0620520e-01  -1.0721033e+00  -1.6835082e+00  -1.6680732e+00  -1.7967059e+00  -1.9411115e+00  -1.9344297e+00
   2.0698752e+00   8.3977976e-01   5.9860180e-01   5.4893957e-01   4.5725532e-02  -6.7895462e-01  -1.7149393e+00  -1.2062710e+00  -1.2732793e+00  -6.1029426e-01  -8.1104018e-01  -1.4231722e+00  -1.6150690e+00  -1.4058178e+00  -1.8039225e+00  -1.8496629e+00
   1.6711865e+00   5.6464312e-01  -2.4540007e-01   5.7608305e-01  -3.0943365e-01  -1.0926575e+00  -1.5022655e+00  -1.4768339e+00  -1.3346607e+00  -2.0237714e-01  -3.4536631e-01  -1.0449545e+00  -1.4971653e+00  -1.2909674e+00  -1.6321030e+00  -1.4561730e+00
   1.7440597e+00   1.1554313e+00  -1.8396007e-01   2.3065131e-01   4.6826249e-02  -7.6729340e-01  -1.8908254e+00  -1.8870935e+00  -1.5121812e+00  -4.0478453e-02  -3.4854495e-01  -5.0072876e-01  -1.2774568e+00  -1.1397164e+00  -1.6030362e+00  -1.2795850e+00
   2.2268936e+00   1.1988774e+00   9.6764938e-02   1.0623673e-01  -6.4794423e-01  -1.2045335e+00  -1.7813519e+00  -1.7159930e+00  -1.1528065e+00  -1.2422846e-01  -2.4615603e-01  -3.5860490e-01  -6.7431256e-01  -6.1526454e-01  -9.6171647e-01  -8.0067971e-01
   2.2591861e+00   1.2824378e+00  -5.8032419e-01   3.7198028e-01  -4.6586880e-01  -7.9902371e-01  -1.3580720e+00  -1.6226626e+00  -1.2623450e+00   1.3660854e-01  -4.4280864e-01  -7.6282308e-01  -4.9416704e-01  -5.1475150e-01  -9.7479579e-01  -5.9623025e-01
   2.6565201e+00   1.9580431e+00   4.7504553e-01   7.5904903e-01   1.7339252e-01  -8.7767786e-01  -1.5118451e+00  -1.4252348e+00  -7.1193928e-01   3.9739411e-01  -6.4375035e-02  -1.5153152e-01  -1.9509792e-01  -1.2070154e-01  -4.4423410e-01  -2.9582456e-01
   2.5256652e+00   1.8845837e+00   1.3173040e+00   1.5354479e+00   1.0536972e+00   6.5444429e-02  -7.5218787e-01  -6.3644792e-01  -2.2892269e-01   1.4644724e+00   1.2883086e+00   5.6531877e-01   6.1140481e-01   7.2532087e-01  -2.4027493e-01   4.6144949e-02
   2.4889964e+00   2.1454857e+00   1.6388896e+00   1.9139353e+00   1.6092180e+00   3.4707364e-01  -1.4949627e-01  -1.3237993e-01   4.4698231e-01   2.2840330e+00   1.9951391e+00   1.5235589e+00   1.4126832e+00   1.6975443e+00   3.3848122e-01   7.5088748e-02
   2.6044514e+00   2.2540384e+00   1.6671282e+00   2.3392422e+00   1.7230053e+00   3.3692231e-01  -2.8637558e-01  -7.0895937e-02   6.1330564e-01   2.5082791e+00   2.0812578e+00   1.6640633e+00   1.8853275e+00   1.9333935e+00   6.5820133e-01   4.9528358e-01
   2.7674447e+00   2.3996019e+00   1.6673509e+00   2.2996973e+00   1.6012939e+00  -4.8652499e-02  -3.9748638e-01  -2.0684438e-01   6.1073099e-01   2.4613744e+00   2.1029681e+00   1.6442715e+00   1.7214030e+00   1.8912712e+00   5.8434524e-01   5.0407142e-01
   3.0352627e+00   2.6165916e+00   1.9294354e+00   2.4433711e+00   1.6633288e+00   4.1685084e-01  -3.2513516e-01  -3.1549007e-01   3.5108390e-01   2.3520825e+00   2.1322274e+00   1.7150861e+00   2.0915464e+00   1.8040952e+00   3.7877303e-01   7.4383188e-01
   3.2777732e+00   2.6903608e+00   1.7883832e+00   2.2807812e+00   1.7361198e+00   7.1945933e-01  -3.5528587e-01  -2.0604548e-01   5.8690839e-01   2.3653944e+00   2.1111393e+00   1.8892763e+00   1.6114050e+00   1.5015289e+00   4.2046858e-01   7.4322136e-01
   3.4693161e+00   2.9185911e+00   1.6741925e+00   2.0731314e+00   1.7960450e+00   8.8480396e-01  -2.7784494e-01  -7.0514746e-03   8.9084676e-01   2.4367106e+00   2.1495629e+00   1.9759073e+00   1.9105024e+00   1.8291802e+00   4.6053018e-01   1.0028040e+00
   3.3860166e+00   2.8778373e+00   1.7743052e+00   2.1431335e+00   1.8478687e+00   8.1784457e-01  -9.1779146e-02   1.2161521e-01   1.0036685e+00   2.6096170e+00   2.1055181e+00   1.9366888e+00   2.1097694e+00   1.9321824e+00   5.6287159e-01   1.0405453e+00
   3.2672661e+00   2.8710870e+00   1.8187987e+00   2.2684197e+00   1.9267670e+00   1.0114328e+00   1.7339824e-01   8.8925446e-02   9.8260350e-01   2.7403754e+00   2.2430791e+00   1.9530248e+00   1.8900409e+00   1.7020532e+00   8.6200646e-01   1.0401212e+00
   3.3387722e+00   2.8686082e+00   1.8723475e+00   2.2586498e+00   1.9172507e+00   1.0835570e+00   2.2041006e-01   4.1095176e-01   1.2966591e+00   2.9625075e+00   2.3135662e+00   2.0454412e+00   2.0745525e+00   1.9279861e+00   8.5145088e-01   1.1225884e+00
   3.4007777e+00   2.9364488e+00   1.8966969e+00   2.3936565e+00   1.9285607e+00   1.0904107e+00   5.9510527e-02   3.5299615e-01   1.2316175e+00   2.8708930e+00   2.1678196e+00   2.0416683e+00   1.7915837e+00   1.5066287e+00   8.7024115e-01   8.0222218e-01
   3.2622415e+00   2.7913740e+00   1.8863120e+00   2.5230883e+00   1.9886430e+00   1.1234427e+00   2.3921042e-01   3.0934333e-01   1.2639891e+00   2.8949472e+00   2.2527812e+00   2.0867866e+00   1.6924608e+00   1.3985830e+00   9.0186880e-01   4.5759367e-01
   3.4839640e+00   2.9670398e+00   1.8462003e+00   2.3683020e+00   1.8493776e+00   1.0488309e+00   2.3361614e-01   4.6275125e-01   1.3151374e+00   2.7597791e+00   2.2879949e+00   2.0224662e+00   1.6442306e+00   1.4514330e+00   1.0043419e+00   5.0122779e-01
   3.3690256e+00   2.9173206e+00   1.9700041e+00   2.3887274e+00   1.7989785e+00   1.0228951e+00   2.1282558e-01   3.2100299e-01   1.3596893e+00   2.6547089e+00   2.1704975e+00   1.9566071e+00   1.5041959e+00   1.5316837e+00   8.4436840e-01   6.7605657e-01
   3.3759002e+00   2.9530358e+00   1.9029638e+00   2.2866284e+00   1.7355922e+00   8.3746122e-01   6.1192542e-02   3.0882210e-01   1.5107871e+00   2.5627515e+00   1.9791650e+00   1.7434753e+00   1.1884724e+00   1.3708172e+00   6.8990290e-01   4.8638008e-01
   3.4931351e+00   2.9731366e+00   1.9195762e+00   2.1537923e+00   1.6006029e+00   8.3803716e-01   4.3135009e-02   3.7232573e-01   1.5247280e+00   2.4313233e+00   1.8706250e+00   1.7441582e+00   1.2542319e+00   1.4850006e+00   9.2119243e-01   3.9081643e-01
   3.5516026e+00   2.8896289e+00   1.9551660e+00   2.1748412e+00   1.4490307e+00   5.8243686e-01  -2.0658574e-01   2.4381187e-01   1.5381147e+00   2.1453938e+00   1.5237090e+00   1.5384561e+00   1.0635235e+00   1.4342134e+00   6.6319575e-01   2.4194350e-01
   3.3118880e+00   2.7385874e+00   1.5131528e+00   1.8211849e+00   1.0879474e+00   3.0731507e-01  -3.3161305e-01  -1.0626901e-01   1.3354389e+00   1.8453411e+00   1.1757651e+00   1.2336931e+00   9.2712497e-01   1.2601450e+00   4.4417140e-01   6.2863883e-02
   3.3561701e+00   2.8746030e+00   1.7786787e+00   1.8161830e+00   1.0999715e+00   4.9361484e-02  -5.9119072e-01  -3.4842429e-01   9.7227026e-01   1.3209604e+00   8.1194528e-01   9.0432234e-01   7.5348783e-01   1.1386084e+00   2.5877030e-01  -1.7753808e-01
   3.2973404e+00   2.5966499e+00   1.3314469e+00   1.5508799e+00   8.6878553e-01  -9.9753195e-02  -6.9249665e-01  -3.9997033e-01   4.9365352e-01   4.7717426e-01   3.7378879e-01   4.1867850e-01   1.4115866e-01   4.2472313e-01  -2.3469988e-01  -9.8764062e-01
   3.3445792e+00   2.7672624e+00   1.6794185e+00   1.4039477e+00   4.9730037e-01  -5.0302921e-01  -9.8981392e-01  -7.8153117e-01   5.3560192e-02  -1.0498198e-01  -1.1034361e-01  -3.5452277e-01  -7.1362529e-01  -2.0131604e-01  -8.2137676e-01  -1.1945187e+00
   3.2310422e+00   2.7284174e+00   1.4434539e+00   1.1935139e+00   2.8984375e-01  -6.5511473e-01  -9.7062070e-01  -7.3675327e-01  -1.8328171e-01  -6.2712201e-01  -6.4528425e-01  -7.2961927e-01  -1.0184408e+00  -7.3653312e-01  -9.9035026e-01  -1.2411209e+00
   3.1139652e+00   2.7139322e+00   1.4075686e+00   1.0255217e+00   1.4393322e-01  -7.4745339e-01  -1.0032099e+00  -9.2550620e-01  -5.5866542e-01  -8.1680312e-01  -8.2227763e-01  -9.4163531e-01  -1.1948780e+00  -8.5503240e-01  -1.0845921e+00  -9.5361208e-01
   3.2113136e+00   2.6520403e+00   1.2717588e+00   5.7398351e-01  -4.4515423e-02  -8.1358645e-01  -1.3312530e+00  -1.5666646e+00  -1.1462081e+00  -1.3741165e+00  -1.0952661e+00  -1.4533015e+00  -1.6214674e+00  -1.4347746e+00  -1.8377028e+00  -1.2831700e+00
   3.1922835e+00   2.6190881e+00   1.2308262e+00   1.0259170e+00   2.5424848e-01  -6.1338145e-01  -1.2900900e+00  -1.3320896e+00  -6.3828401e-01  -1.0889195e+00  -1.0975338e+00  -1.4015763e+00  -1.7153399e+00  -1.6696881e+00  -1.5157774e+00  -1.3887065e+00
   3.1323990e+00   2.6527843e+00   1.3571734e+00   9.2965401e-01   5.0903289e-01  -9.8220998e-01  -1.7797536e+00  -1.5250776e+00  -6.9295469e-01  -1.0131137e+00  -1.0704112e+00  -1.4102717e+00  -1.7760000e+00  -1.7327881e+00  -1.5639084e+00  -1.4720463e+00
   2.9375899e+00   2.3469864e+00   1.1479934e+00   5.0259292e-01   3.3759150e-01  -1.2352912e+00  -1.5520539e+00  -1.2616353e+00  -7.1506140e-01  -1.2411079e+00  -1.0501314e+00  -1.5019129e+00  -1.7961883e+00  -1.5789255e+00  -1.8185607e+00  -1.3911660e+00
   3.0767397e+00   2.5267449e+00   1.1217042e+00   1.0333012e+00   6.9490297e-01  -7.4321128e-01  -1.3974685e+00  -1.3133702e+00  -5.8026466e-01  -1.1936979e+00  -1.0581275e+00  -1.2494677e+00  -1.8268977e+00  -1.7265115e+00  -1.9153749e+00  -1.3655532e+00
   3.0804107e+00   2.4967358e+00   1.3865357e+00   1.0467970e+00   3.6341189e-01  -7.3382162e-01  -1.3547190e+00  -1.1574162e+00  -7.6094164e-01  -9.5004950e-01  -8.0510461e-01  -1.0537640e+00  -1.6915773e+00  -1.5418334e+00  -1.5897880e+00  -1.4102760e+00
   3.4258829e+00   2.4747563e+00   1.3457062e+00   1.2299178e+00   4.3934605e-01  -7.5770035e-01  -1.6665396e+00  -1.1994515e+00  -5.0190705e-01  -8.3763273e-01  -8.4652438e-01  -1.0181011e+00  -1.5607217e+00  -1.5077107e+00  -1.7142047e+00  -1.6804393e+00
   3.1814589e+00   2.3618986e+00   1.3915528e+00   1.1024158e+00   3.9192832e-01  -8.0469213e-01  -1.5249926e+00  -9.4476422e-01  -5.8385453e-01  -1.0707705e+00  -1.0155189e+00  -1.0089167e+00  -1.5033061e+00  -1.4865948e+00  -1.7133163e+00  -1.6833328e+00
   2.9963249e+00   2.3560069e+00   1.4654626e+00   1.4984860e+00   6.8932787e-01  -4.9609036e-01  -1.4584101e+00  -8.0267781e-01  -5.0660351e-01  -1.0749746e+00  -8.7053827e-01  -1.2007702e+00  -1.8002105e+00  -1.2844124e+00  -1.4091484e+00  -1.9341545e+00
   3.1225960e+00   2.2036261e+00   1.4677696e+00   8.7600617e-01   2.0429545e-01  -5.6716179e-01  -1.1608153e+00  -1.1231198e+00  -8.2912657e-01  -1.4552914e+00  -9.4450287e-01  -1.0236580e+00  -1.6159476e+00  -1.2810056e+00  -1.6348815e+00  -1.7311356e+00
   3.1816362e+00   2.3658562e+00   1.2776357e+00   1.1835424e+00   2.4617218e-01  -1.2115691e+00  -2.0067530e+00  -1.4327660e+00  -8.8822746e-01  -1.6693093e+00  -1.3236313e+00  -1.4431021e+00  -1.8570263e+00  -1.4151312e+00  -1.9747938e+00  -1.9935552e+00
   3.2486286e+00   2.3409428e+00   1.2532165e+00   1.1490024e+00   5.0907094e-01  -1.2943900e+00  -1.8894749e+00  -1.1182463e+00  -1.1216998e+00  -1.6127684e+00  -1.2275230e+00  -1.3057956e+00  -1.7562842e+00  -6.7696030e-01  -1.5826516e+00  -1.9566516e+00
   3.0842987e+00   2.1349121e+00   7.4724112e-01   8.2860523e-01   9.5444821e-02  -9.4702336e-01  -1.5334776e+00  -1.1972333e+00  -8.7647135e-01  -1.5479241e+00  -1.3532362e+00  -1.4752870e+00  -1.6326139e+00  -5.0638693e-01  -1.2004269e+00  -1.7372901e+00
   3.0890945e+00   1.7823832e+00  -2.7356234e-02   4.9782627e-01   4.0113519e-02  -7.8719104e-01  -1.8319851e+00  -1.7107564e+00  -1.2268052e+00  -1.5748763e+00  -1.5119989e+00  -1.6713731e+00  -1.7854742e+00  -1.1607286e+00  -1.2533049e+00  -1.5147623e+00
   2.9023572e+00   1.7406339e+00   2.3444863e-01   2.1958049e-01  -5.4134451e-01  -6.2331467e-01  -1.7695857e+00  -1.6727712e+00  -1.0150616e+00  -1.0133483e+00  -1.2425139e+00  -1.9188834e+00  -1.5151715e+00  -1.5291587e+00  -1.5580467e+00  -1.6982258e+00
   2.6104259e+00   1.3627681e+00   4.2177925e-02  -1.3002506e-01  -3.7590216e-01  -9.0025323e-01  -1.6599456e+00  -1.6836580e+00  -9.8116782e-01  -8.5944273e-01  -1.2666027e+00  -1.7639211e+00  -1.6990783e+00  -1.3420937e+00  -1.5017205e+00  -1.9260596e+00
   2.5285036e+00   1.2627955e+00  -3.2103527e-01   1.5548102e-01  -8.3092891e-01  -1.2703476e+00  -2.1426590e+00  -1.9773991e+00  -1.3183310e+00  -1.1835143e+00  -1.6882982e+00  -1.7687633e+00  -1.4581092e+00  -1.4008773e+00  -1.7967542e+00  -1.9225313e+00
   2.1106361e+00   1.0943600e+00  -2.5435476e-01   4.2533060e-01  -4.4645219e-01  -1.0394975e+00  -1.9217593e+00  -2.4786998e+00  -1.9307565e+00  -1.3375136e+00  -1.5613367e+00  -1.6739021e+00  -1.4656109e+00  -1.8541482e+00  -2.0367335e+00  -1.7819854e+00
   2.0621348e+00   1.0703294e+00  -1.0843687e-02   4.0774118e-01  -1.1278061e+00  -1.2991513e+00  -1.9124845e+00  -1.6235479e+00  -1.4885665e+00  -1.1437153e+00  -1.5640907e+00  -1.7865602e+00  -1.3555949e+00  -1.3953906e+00  -1.8881309e+00  -1.7717552e+00
   2.1690549e+00   1.1209577e+00  -3.9710334e-01   1.7985949e-01  -8.2169432e-01  -1.0265601e+00  -1.2799478e+00  -1.4816238e+00  -1.1227122e+00  -6.9453376e-01  -1.4080798e+00  -1.7565535e+00  -1.5229186e+00  -8.9560966e-01  -1.5400014e+00  -1.4663868e+00
   2.3821823e+00   6.5730210e-01  -5.1996256e-01   8.4582709e-01  -4.7478762e-02  -8.8389152e-01  -1.1563540e+00  -1.1755530e+00  -1.0432478e+00  -9.3771236e-01  -1.4690712e+00  -1.6780787e+00  -1.3679455e+00  -1.1192055e+00  -1.5918736e+00  -1.3886282e+00
   2.2384199e+00   6.1940458e-01  -4.9812395e-01  -6.9415541e-02  -1.2226376e-01  -1.2785787e+00  -2.0131982e+00  -2.0357015e+00  -1.2398040e+00  -8.9994214e-01  -1.5624496e+00  -1.7266075e+00  -1.5264119e+00  -1.8066881e+00  -2.1000127e+00  -1.5902311e+00
   1.9095343e+00   8.9991150e-01   2.6579131e-02   4.2992498e-02  -7.5275621e-02  -8.9810374e-01  -1.5170981e+00  -1.4912544e+00  -1.3643112e+00  -1.1425192e+00  -1.4503047e+00  -1.5894641e+00  -1.5512716e+00  -1.3969261e+00  -1.5945362e+00  -1.5224674e+00
   1.6660681e+00   6.6646446e-01  -4.3780708e-01  -1.4525444e-01  -6.3963956e-02  -1.0174285e+00  -1.7817341e+00  -1.6561801e+00  -1.6685442e+00  -1.4624242e+00  -1.9241347e+00  -2.0825053e+00  -1.7768005e+00  -1.5439413e+00  -1.8502181e+00  -1.8202170e+00
   1.7063530e+00   6.6574093e-01   1.4654685e-01   1.0601838e-01  -1.4905794e-01  -9.2553818e-01  -1.6306057e+00  -1.3286147e+00  -1.5087541e+00  -1.4969381e+00  -1.8149229e+00  -1.9521587e+00  -1.8326416e+00  -1.7846576e+00  -1.9168431e+00  -1.9111564e+00
   1.8548003e+00   6.7775898e-01  -1.4551970e-01   3.2381009e-01  -9.0080183e-02  -1.0221296e+00  -1.6508735e+00  -1.8652957e+00  -1.3009766e+00  -1.2346871e+00  -1.7493591e+00  -2.0314341e+00  -2.0111735e+00  -1.8133088e+00  -1.9924588e+00  -1.9646341e+00
   2.3409890e+00   7.2272595e-01   2.9280452e-01   1.3949664e-01  -1.4677380e-01  -1.4498739e+00  -2.0213577e+00  -2.0302036e+00  -1.5679223e+00  -1.6924184e+00  -1.8002838e+00  -2.2194096e+00  -2.1023736e+00  -2.2794606e+00  -2.3415140e+00  -2.1183040e+00
   1.2681955e+00   4.1658457e-01  -3.5726741e-01  -8.5514565e-02  -6.0063752e-01  -8.6155432e-01  -1.5415281e+00  -1.3712204e+00  -1.5015804e+00  -1.6112506e+00  -1.6456546e+00  -1.7240114e+00  -1.8353959e+00  -1.7778855e+00  -1.7143650e+00  -1.6829895e+00
   1.4799798e+00   5.7337018e-01  -7.6107370e-01  -4.6285720e-02  -7.8459134e-01  -1.0777730e+00  -1.9441373e+00  -1.4298149e+00  -1.3391463e+00  -1.4158157e+00  -1.9812604e+00  -2.4440383e+00  -2.3990188e+00  -2.4277741e+00  -2.4212556e+00  -2.2257457e+00
