   5.0138370e+00   4.0988635e+00   3.2917486e+00   3.0587892e+00   2.7070026e+00   2.5287394e+00   2.3359220e+00   2.0872485e+00   2.2030623e+00   2.2456320e+00   2.0530316e+00   1.4421989e+00   1.4794266e+00   1.4498770e+00   1.4627210e+00   1.5924394e+00
   4.9229350e+00   3.5406353e+00   3.0211982e+00   2.5844572e+00   2.5376918e+00   2.4439119e+00   2.1328256e+00   2.0058433e+00   1.6644192e+00   1.9516947e+00   1.8567123e+00   1.6485493e+00   1.7651623e+00   1.4794095e+00   1.5903814e+00   1.5982615e+00
   4.9225667e+00   3.8240617e+00   3.3894379e+00   3.3956879e+00   2.6451856e+00   2.0770459e+00   2.0511608e+00   2.1731707e+00   1.6824534e+00   1.8669047e+00   2.0070252e+00   1.8173213e+00   1.9399956e+00   1.6787577e+00   1.7294647e+00   1.4995131e+00
   4.6463219e+00   3.7847193e+00   2.9575823e+00   3.5913975e+00   3.6602755e+00   3.2178841e+00   2.7807670e+00   2.5353493e+00   2.4155689e+00   1.7772475e+00   2.1736837e+00   2.1214147e+00   1.7218251e+00   1.5955519e+00   1.4608415e+00   1.5708509e+00
   4.8861476e+00   3.9958235e+00   3.2868908e+00   3.1809265e+00   2.8420353e+00   2.6564491e+00   2.3358355e+00   2.1323327e+00   2.0002480e+00   1.9675160e+00   2.0980054e+00   1.9018767e+00   1.8243509e+00   1.5742402e+00   1.2502936e+00   1.3979429e+00
   4.6913263e+00   4.1894884e+00   3.1628581e+00   2.9912345e+00   2.7297954e+00   2.9407659e+00   2.6438048e+00   2.2236395e+00   1.6586051e+00   2.3250334e+00   2.5978232e+00   2.0631544e+00   1.7212861e+00   1.7697073e+00   1.8999760e+00   1.6118294e+00
   4.1375982e+00   4.4941098e+00   3.6545587e+00   2.8044939e+00   2.2404468e+00   2.5513215e+00   2.5611034e+00   2.2960628e+00   2.0801496e+00   2.2894909e+00   2.0429482e+00   1.8085453e+00   1.8943131e+00   1.5392306e+00   1.6398406e+00   1.5145399e+00
   4.8867271e+00   3.9875754e+00   2.7514611e+00   2.8607393e+00   2.6967013e+00   2.1530142e+00   2.2462123e+00   1.8278827e+00   2.0889459e+00   1.9167202e+00   2.0360610e+00   1.6423236e+00   1.6845744e+00   1.5115756e+00   1.7302979e+00   1.6298848e+00
   4.6882176e+00   3.8124556e+00   2.5832657e+00   2.4929050e+00   2.5227756e+00   2.6604379e+00   2.3276637e+00   2.1956226e+00   1.9733958e+00   1.9452590e+00   2.2158338e+00   2.0831176e+00   2.1222724e+00   1.8966881e+00   1.8322173e+00   1.5887151e+00
   4.7702882e+00   4.0224840e+00   3.0624041e+00   2.5134850e+00   2.1585674e+00   2.0282107e+00   2.5803532e+00   2.4884114e+00   1.8204617e+00   2.0685414e+00   2.1979000e+00   1.7805069e+00   1.8090456e+00   1.7366152e+00   1.7947149e+00   1.7331128e+00
   4.7609685e+00   4.2652463e+00   3.3525298e+00   2.6417595e+00   2.3065097e+00   2.7648283e+00   2.5495469e+00   2.0716777e+00   1.8835127e+00   2.0722545e+00   2.2983384e+00   1.9416383e+00   2.0053611e+00   1.7626322e+00   1.7289431e+00   1.6878261e+00
   4.6500842e+00   3.8485937e+00   2.8153550e+00   3.0359178e+00   2.7095697e+00   3.2611341e+00   2.7589208e+00   2.5564264e+00   2.0464260e+00   2.1330910e+00   2.0895300e+00   1.8136067e+00   1.7947160e+00   1.8241024e+00   1.8460749e+00   1.8013453e+00
   4.7273320e+00   3.9271061e+00   2.9350570e+00   2.9464953e+00   2.2145694e+00   2.1633846e+00   2.3521845e+00   2.1073883e+00   2.2053787e+00   2.4863109e+00   2.0851159e+00   2.1154785e+00   1.9899912e+00   1.6923825e+00   1.9147226e+00   1.7671376e+00
   4.5603956e+00   3.9356344e+00   2.9781065e+00   2.7529737e+00   2.5898488e+00   2.3323742e+00   2.0111034e+00   1.8968689e+00   2.0110842e+00   2.1565543e+00   2.0914498e+00   2.0040931e+00   1.9074714e+00   1.7835746e+00   1.8230856e+00   1.6331134e+00
   4.4310638e+00   3.9770468e+00   3.1106336e+00   2.7249379e+00   2.3650783e+00   2.3142465e+00   2.1825887e+00   2.0854414e+00   1.8280079e+00   1.8801097e+00   2.1506521e+00   1.9972428e+00   1.7454576e+00   1.7358682e+00   1.8167629e+00   1.7504163e+00
   3.5996491e+00   2.9324997e+00   2.9016938e+00   3.4446435e+00   2.6516332e+00   2.2444316e+00   2.3821235e+00   2.2908564e+00   2.0793069e+00   1.9966862e+00   2.2448668e+00   2.2574935e+00   1.7989863e+00   1.7491998e+00   1.5412262e+00   1.6054662e+00
   3.5613885e+00   3.4199080e+00   3.1002525e+00   3.0543921e+00   3.0667899e+00   2.2607832e+00   2.1133348e+00   2.2510233e+00   2.3017536e+00   1.9551375e+00   2.1649762e+00   2.0948567e+00   1.9458226e+00   1.8766037e+00   1.8455516e+00   1.8745648e+00
   4.4356458e+00   4.0273734e+00   2.7092196e+00   2.1979997e+00   2.6405081e+00   1.9276648e+00   2.3519725e+00   2.3021201e+00   2.0015702e+00   2.5225144e+00   2.6651273e+00   2.5465906e+00   2.2193943e+00   1.8207227e+00   1.7348850e+00   1.7914704e+00
   4.2823594e+00   3.3630980e+00   3.1398902e+00   3.1849906e+00   2.5825702e+00   2.5259671e+00   2.4895139e+00   1.9285834e+00   1.8533017e+00   2.1784341e+00   2.2194046e+00   1.9638222e+00   2.0395617e+00   2.0077694e+00   1.7105741e+00   1.8179096e+00
   5.1008666e+00   3.7931109e+00   3.2216009e+00   2.9132254e+00   2.7485716e+00   2.8542882e+00   2.4324996e+00   2.2018443e+00   1.9183853e+00   2.0318102e+00   1.7435737e+00   1.8606348e+00   2.0496311e+00   1.7168186e+00   1.4740100e+00   1.6554614e+00
   4.5943569e+00   3.9131620e+00   2.7949613e+00   3.1792973e+00   3.3512007e+00   3.1244218e+00   3.1274657e+00   2.8434474e+00   2.4978869e+00   1.9936380e+00   1.6659308e+00   2.0840272e+00   1.8887546e+00   1.7052605e+00   1.6898199e+00   1.5414085e+00
   4.8483792e+00   3.8946679e+00   4.4611608e+00   3.9326967e+00   3.1670025e+00   3.9443766e+00   3.4866799e+00   2.9831228e+00   2.8486245e+00   2.1048888e+00   2.1292933e+00   1.9450145e+00   1.9484100e+00   1.8633871e+00   1.6556810e+00   1.4529775e+00
   5.6481007e+00   4.8856985e+00   4.2656668e+00   3.6482657e+00   3.6891304e+00   3.1934220e+00   3.0438509e+00   2.5710567e+00   2.2196290e+00   2.1215113e+00   2.0975121e+00   1.7498281e+00   1.7934771e+00   1.6954428e+00   1.6674161e+00   1.7628105e+00
   5.2542837e+00   4.6542141e+00   4.2960418e+00   3.4773555e+00   3.1444287e+00   2.8607213e+00   2.9072728e+00   2.4652354e+00   2.1152024e+00   2.3521411e+00   2.4138520e+00   2.1912693e+00   1.9821552e+00   2.2299266e+00   1.8391657e+00   2.0284578e+00
   4.9444368e+00   4.5263912e+00   3.3016630e+00   2.8807646e+00   2.4818882e+00   2.4622820e+00   2.7187884e+00   2.3540198e+00   2.4598161e+00   2.4904871e+00   2.2545368e+00   2.2496904e+00   2.0583693e+00   2.1415263e+00   1.8339564e+00   2.1004919e+00
   4.5956905e+00   4.1442639e+00   3.4514018e+00   3.1180521e+00   3.0769684e+00   2.5746386e+00   2.6835082e+00   2.7246945e+00   2.3463004e+00   2.2889568e+00   2.1674091e+00   2.0941429e+00   2.1175671e+00   1.8047975e+00   1.8395307e+00   2.1179800e+00
   5.2808690e+00   4.6600528e+00   4.4518397e+00   3.8411732e+00   3.6717357e+00   3.3552237e+00   3.2853035e+00   3.3621628e+00   2.7660384e+00   2.5753155e+00   2.1827371e+00   2.0891532e+00   2.2460701e+00   1.9413397e+00   1.8587080e+00   1.7097149e+00
   5.5846431e+00   4.6317388e+00   4.1899737e+00   4.2439325e+00   3.8478316e+00   3.1292708e+00   3.2380407e+00   3.0211639e+00   2.3757941e+00   2.5732242e+00   2.2463809e+00   1.7635109e+00   1.6301807e+00   1.7138363e+00   2.1043337e+00   2.2450734e+00
   5.2889786e+00   3.9018895e+00   3.7154433e+00   3.9732234e+00   3.8444329e+00   2.9966938e+00   2.6862632e+00   2.4102494e+00   2.1879315e+00   2.1369096e+00   2.0616664e+00   1.9205412e+00   1.7926873e+00   1.6512511e+00   2.1744549e+00   2.4004065e+00
   5.1420120e+00   4.1023134e+00   4.5122799e+00   4.6447246e+00   4.2733355e+00   3.7061855e+00   3.2857460e+00   3.0974905e+00   2.9858041e+00   2.4583078e+00   2.2226946e+00   1.9435224e+00   1.9579685e+00   2.0182208e+00   2.1883891e+00   2.3770546e+00
   5.3899121e+00   4.4411112e+00   4.7903332e+00   5.0342861e+00   4.9139197e+00   3.9936113e+00   3.5778641e+00   3.2512081e+00   3.4952465e+00   3.2482197e+00   2.8099569e+00   2.5894243e+00   2.3898896e+00   2.5586541e+00   2.5406458e+00   2.6970149e+00
   5.1693635e+00   3.9297538e+00   3.8677072e+00   3.0824335e+00   3.1270483e+00   2.5207727e+00   1.8953898e+00   1.6676669e+00   1.5135324e+00   1.8616251e+00   1.6590500e+00   1.6649026e+00   1.1630391e+00   1.0861403e+00   1.6633083e+00   2.0090353e+00
   4.7654215e+00   4.3358992e+00   4.2989808e+00   3.6093408e+00   3.2506166e+00   2.8170901e+00   2.4183238e+00   1.7727802e+00   2.0911656e+00   2.1991917e+00   2.1420862e+00   2.2242474e+00   1.8559533e+00   2.2019831e+00   2.5030025e+00   2.8059264e+00
   4.9070219e+00   4.6883206e+00   4.0809998e+00   3.7179980e+00   3.1642886e+00   2.2842264e+00   2.4521916e+00   1.9734607e+00   2.4002447e+00   1.9718461e+00   2.0136367e+00   2.0642917e+00   2.1498009e+00   2.2095198e+00   2.5922933e+00   2.9977909e+00
   4.8435848e+00   3.5988668e+00   3.3264477e+00   2.7977827e+00   2.6469124e+00   2.5902032e+00   1.7683746e+00   1.9903611e+00   2.2199919e+00   2.0290135e+00   2.1251257e+00   2.1170964e+00   2.1356685e+00   2.2721164e+00   2.9663043e+00   3.0548158e+00
   4.8900479e+00   3.6836736e+00   2.9255145e+00   3.0760309e+00   2.7434101e+00   2.5812565e+00   2.0321279e+00   1.6770361e+00   2.0207874e+00   1.8229256e+00   2.0716196e+00   1.6808034e+00   2.4774253e+00   2.6524231e+00   2.9309422e+00   2.7536707e+00
   5.0834407e+00   4.4168556e+00   4.1005048e+00   3.6335761e+00   2.9989866e+00   2.7023585e+00   2.2083487e+00   2.0733838e+00   1.9773271e+00   2.1322133e+00   2.0408023e+00   1.9423285e+00   2.1435485e+00   2.3618258e+00   2.8378116e+00   2.7589252e+00
   4.5499844e+00   4.1331600e+00   3.8925185e+00   3.2714327e+00   3.0543840e+00   2.1588169e+00   2.1997200e+00   1.8492053e+00   2.1386171e+00   1.8441161e+00   1.7033655e+00   1.9469831e+00   2.4051333e+00   2.3243917e+00   2.7532074e+00   2.8630325e+00
   5.1268127e+00   4.5362871e+00   3.1764229e+00   2.9965700e+00   2.6789674e+00   2.2114226e+00   2.4357656e+00   2.0633831e+00   1.8755283e+00   1.9187958e+00   1.9961200e+00   2.1253873e+00   2.4649954e+00   2.2304613e+00   2.7316118e+00   2.9285149e+00
   4.7356567e+00   3.9700348e+00   3.3289926e+00   2.9901592e+00   2.8627111e+00   2.3430931e+00   2.3969304e+00   1.9217826e+00   1.8125382e+00   2.2694343e+00   2.0195215e+00   2.2224878e+00   2.5094442e+00   2.5958470e+00   2.6871225e+00   2.5445940e+00
   5.1901075e+00   4.0373612e+00   3.4330314e+00   2.8478095e+00   2.5652837e+00   1.9556911e+00   2.3903526e+00   2.1754312e+00   1.8666047e+00   2.6328196e+00   2.5430261e+00   2.2936535e+00   2.4243382e+00   2.4233019e+00   2.3210402e+00   2.5408305e+00
   4.2919685e+00   3.8175744e+00   3.7761491e+00   3.6970375e+00   2.7719864e+00   2.5090857e+00   2.7348128e+00   2.4551270e+00   2.3742134e+00   3.5715335e+00   3.0977193e+00   2.9599497e+00   2.5958053e+00   2.3209412e+00   2.3230468e+00   2.1464965e+00
   4.5306760e+00   3.4982125e+00   3.8619131e+00   3.6296319e+00   2.9564362e+00   2.1353434e+00   2.1492569e+00   2.1875270e+00   2.1813854e+00   3.4892683e+00   3.1634337e+00   3.0231761e+00   2.9089277e+00   2.7183870e+00   2.3062322e+00   1.7462222e+00
   4.4559247e+00   4.1981361e+00   4.0489575e+00   3.7179611e+00   2.5071804e+00   2.2116416e+00   2.3686782e+00   2.3321988e+00   2.4288512e+00   3.7426895e+00   3.3130488e+00   3.2600251e+00   3.1510041e+00   2.9747700e+00   2.4906744e+00   1.9467872e+00
   4.8615980e+00   3.9479578e+00   4.4024057e+00   4.0463987e+00   2.8501465e+00   2.6751423e+00   2.6843786e+00   2.4373623e+00   2.6200535e+00   4.0442306e+00   3.7332697e+00   3.4432835e+00   3.1699131e+00   3.1802135e+00   2.2853091e+00   2.1262057e+00
   4.6492424e+00   4.2156395e+00   4.4228052e+00   4.1320946e+00   3.0209806e+00   1.8491547e+00   2.6391005e+00   2.8890038e+00   2.8108445e+00   4.1530864e+00   3.8482959e+00   3.5662391e+00   3.1763732e+00   3.1288204e+00   2.2135606e+00   1.9381944e+00
   4.9083442e+00   3.6611710e+00   4.2376644e+00   3.9956492e+00   2.6720033e+00   2.1106778e+00   2.2983301e+00   2.2229235e+00   2.2612697e+00   4.0539417e+00   3.6477301e+00   3.2703501e+00   2.9993605e+00   2.7680566e+00   2.2354199e+00   2.1033597e+00
   5.1142284e+00   4.3423099e+00   4.5773166e+00   4.5403748e+00   3.5148319e+00   2.7103484e+00   2.4121090e+00   2.0199207e+00   2.3742325e+00   3.8583251e+00   3.6713537e+00   3.3271615e+00   3.1451238e+00   2.4142368e+00   1.8107162e+00   1.9586617e+00
   4.2707345e+00   4.0656164e+00   4.4691071e+00   4.1222103e+00   3.7505220e+00   3.7362679e+00   3.4244958e+00   2.5509056e+00   2.3353377e+00   3.7208703e+00   3.9421989e+00   3.5433840e+00   3.1853609e+00   2.7367068e+00   2.2825906e+00   2.3049916e+00
   4.7461644e+00   4.5094368e+00   4.9160981e+00   4.1603264e+00   3.3053023e+00   3.3961074e+00   2.6215274e+00   2.2296138e+00   2.2681238e+00   3.4986858e+00   3.9299677e+00   3.6336000e+00   3.2573151e+00   2.8602892e+00   2.3560704e+00   2.3813611e+00
   5.3764730e+00   4.6311741e+00   4.5746218e+00   3.8561059e+00   3.1695307e+00   2.8926437e+00   2.1862331e+00   2.3548937e+00   2.3193299e+00   2.9927382e+00   3.9160399e+00   3.5527657e+00   3.0440779e+00   2.7318507e+00   2.5310544e+00   2.5416657e+00
   5.4636957e+00   5.3650382e+00   4.9763880e+00   4.1816679e+00   3.5278645e+00   3.5004051e+00   3.0947936e+00   2.3352721e+00   2.1746329e+00   2.8761199e+00   3.3717853e+00   3.3166808e+00   3.0407015e+00   2.6967742e+00   2.4642203e+00   2.1968907e+00
   5.3929641e+00   4.0600715e+00   4.2971055e+00   3.7185658e+00   3.4843392e+00   3.9149324e+00   3.6716642e+00   3.3139946e+00   3.0641446e+00   3.8098142e+00   4.0060925e+00   3.3281172e+00   3.2203684e+00   3.0994993e+00   2.3547484e+00   2.3220995e+00
   5.6618947e+00   5.0840016e+00   4.6928768e+00   4.1067877e+00   4.1887899e+00   3.9375428e+00   3.9610515e+00   3.6003183e+00   3.4046220e+00   3.4642095e+00   3.6459588e+00   3.2994594e+00   3.0292400e+00   2.6977337e+00   2.1236429e+00   1.8367447e+00
   4.8015621e+00   5.1284251e+00   4.9024273e+00   3.5580323e+00   3.0460290e+00   3.6231066e+00   3.1960616e+00   2.7106944e+00   2.4873606e+00   2.9758396e+00   3.4327456e+00   3.3694667e+00   3.4260707e+00   3.0541987e+00   2.3025188e+00   2.1220805e+00
   4.8750780e+00   4.2961850e+00   4.2618135e+00   3.7853328e+00   2.8839896e+00   3.0675008e+00   2.8186064e+00   2.3573978e+00   2.3359399e+00   2.8538430e+00   3.5885762e+00   3.3876141e+00   3.3714733e+00   3.3892347e+00   2.1366901e+00   2.0615524e+00
   4.8406110e+00   3.3270140e+00   3.9996534e+00   3.6494189e+00   3.1250195e+00   2.6731152e+00   2.1834180e+00   2.0570259e+00   2.3345425e+00   3.2304015e+00   3.7897827e+00   3.5515856e+00   3.3237185e+00   3.1075256e+00   2.3402630e+00   2.0880758e+00
   5.5400331e+00   4.4640843e+00   3.3544886e+00   3.7275384e+00   3.0639513e+00   3.1601900e+00   2.7811695e+00   2.5332084e+00   2.3333891e+00   2.6898172e+00   3.4001996e+00   3.1470976e+00   3.1908145e+00   3.4716217e+00   2.0484176e+00   1.9766991e+00
   4.8150932e+00   4.1303461e+00   4.1958003e+00   3.2622911e+00   2.8553315e+00   2.8273451e+00   2.8804117e+00   2.7241633e+00   2.3259552e+00   2.8807650e+00   3.3808065e+00   3.3288906e+00   3.2800509e+00   3.1788764e+00   2.1991253e+00   2.0151566e+00
   4.5207940e+00   3.8970662e+00   4.0426710e+00   2.9157722e+00   2.4736329e+00   2.3173256e+00   2.3009598e+00   2.3237056e+00   2.0305411e+00   2.8891448e+00   3.6482361e+00   3.4319353e+00   3.6066890e+00   3.6406337e+00   2.3546165e+00   2.2280823e+00
   4.5238380e+00   4.4202431e+00   4.0588815e+00   3.7059844e+00   2.9759933e+00   2.9811378e+00   2.4636146e+00   1.8662632e+00   1.8575557e+00   2.9827819e+00   3.7118539e+00   3.2571105e+00   3.3944515e+00   3.3623054e+00   2.2116033e+00   2.1799042e+00
   4.9758347e+00   4.3170064e+00   3.4507245e+00   3.4755297e+00   2.8754995e+00   2.4158625e+00   2.5366829e+00   2.2790077e+00   2.4841705e+00   2.7301993e+00   3.2991899e+00   3.3178510e+00   3.3603576e+00   3.4403731e+00   1.9719025e+00   2.1496377e+00
   4.4668854e+00   3.8031118e+00   3.5437770e+00   3.0352223e+00   2.7465729e+00   3.0475576e+00   3.0482228e+00   2.5152583e+00   2.3680481e+00   2.7827161e+00   3.5700352e+00   3.3483360e+00   3.2000321e+00   3.1523418e+00   2.0914881e+00   1.9084172e+00
   4.9918898e+00   4.8852350e+00   4.2187035e+00   3.5660168e+00   2.7528352e+00   2.6818456e+00   2.4668995e+00   2.5251234e+00   2.3997475e+00   2.7709757e+00   3.2415713e+00   3.0631843e+00   3.2644611e+00   3.3204715e+00   2.1331230e+00   1.9874214e+00
   5.2433681e+00   4.4069691e+00   3.7115246e+00   3.3983008e+00   3.1139144e+00   2.7422812e+00   2.1952517e+00   2.2569599e+00   2.3676266e+00   2.5111923e+00   2.8565187e+00   2.7778189e+00   2.6703842e+00   2.6290203e+00   2.0064073e+00   1.8276551e+00
   4.9583686e+00   4.5084596e+00   4.0619772e+00   3.6266695e+00   2.6838395e+00   2.6124787e+00   2.5758478e+00   2.2061674e+00   2.2732754e+00   2.5060312e+00   3.1461805e+00   2.9023048e+00   2.7851631e+00   2.7182467e+00   1.9431522e+00   1.8435251e+00
   4.9296722e+00   4.3018942e+00   3.6120808e+00   3.3556037e+00   2.6058737e+00   2.5774306e+00   2.2683711e+00   1.9846145e+00   2.0468184e+00   2.4445742e+00   3.0661125e+00   2.8078376e+00   2.6798005e+00   2.9874122e+00   2.1787973e+00   1.9952131e+00
   4.9495654e+00   4.5510237e+00   3.9932058e+00   3.6186359e+00   2.6738790e+00   2.7063469e+00   2.4474691e+00   2.2049947e+00   2.0470728e+00   2.2270992e+00   2.9602128e+00   2.8167126e+00   2.4930439e+00   2.7547112e+00   2.2653337e+00   2.0537824e+00
   5.5352876e+00   4.9069758e+00   3.9801904e+00   3.5994937e+00   3.6395679e+00   3.3637920e+00   2.8942837e+00   2.6000286e+00   2.5378227e+00   2.4323532e+00   3.0071510e+00   2.6335119e+00   2.1868064e+00   2.7258918e+00   1.9012477e+00   1.5749962e+00
   5.3464690e+00   5.0039217e+00   4.5899286e+00   4.2855118e+00   3.6192150e+00   3.5766472e+00   2.5633908e+00   2.7223664e+00   2.1579628e+00   2.4338619e+00   3.0121293e+00   2.6274905e+00   2.4599072e+00   2.6472261e+00   2.0242512e+00   1.5863894e+00
   5.5086134e+00   4.8804653e+00   4.0125637e+00   3.4238025e+00   3.3496504e+00   2.7122131e+00   3.0923294e+00   2.6284862e+00   2.3219376e+00   2.4250752e+00   2.6242534e+00   1.7017082e+00   1.8454603e+00   2.3870261e+00   1.9854100e+00   1.6520545e+00
   4.6603097e+00   4.9227317e+00   4.4207800e+00   4.6282544e+00   4.1810885e+00   3.4436971e+00   3.6513248e+00   2.5368683e+00   2.6015880e+00   2.7473745e+00   2.6639725e+00   2.4657934e+00   2.2077194e+00   2.1917136e+00   2.1353269e+00   1.9585956e+00
   5.1482375e+00   4.9919895e+00   4.5765029e+00   4.1579434e+00   3.4355120e+00   3.3641176e+00   3.4806281e+00   2.3278656e+00   2.6708636e+00   2.4201947e+00   2.7347979e+00   2.6206611e+00   2.0728418e+00   2.2408161e+00   1.8734514e+00   1.9574755e+00
   5.5893971e+00   5.0020297e+00   4.0888659e+00   4.0028918e+00   3.6347878e+00   3.3277585e+00   3.1779553e+00   2.6562433e+00   2.5245568e+00   2.4050818e+00   2.4809434e+00   2.0092561e+00   1.7760349e+00   1.9619523e+00   1.6051708e+00   1.3103655e+00
   5.1911771e+00   4.7231672e+00   4.2514192e+00   3.8842320e+00   3.3061126e+00   2.9800767e+00   2.8881241e+00   2.4886238e+00   2.1633980e+00   2.0881793e+00   2.2559780e+00   2.0910008e+00   2.0438511e+00   1.6478255e+00   1.7129651e+00   1.6705683e+00
   5.3115867e+00   4.7002400e+00   4.2949991e+00   4.3410552e+00   4.3749323e+00   3.5811637e+00   3.4562546e+00   2.5245822e+00   2.6243520e+00   2.0401735e+00   2.0459548e+00   2.1221039e+00   1.5086046e+00   1.5657124e+00   1.4633934e+00   1.4502082e+00
   5.3166924e+00   4.6173091e+00   4.2531138e+00   3.4008395e+00   3.3039363e+00   3.0156292e+00   2.3544779e+00   2.2781000e+00   1.9906829e+00   1.9783203e+00   1.8528290e+00   1.7870464e+00   1.5098831e+00   1.6438717e+00   1.4627336e+00   1.3375937e+00
   4.7918377e+00   4.3148930e+00   3.6467211e+00   2.7201805e+00   2.8260804e+00   2.5893769e+00   2.4172986e+00   2.3644384e+00   1.9092471e+00   1.8141153e+00   1.6195426e+00   1.8834655e+00   1.9062616e+00   1.5150076e+00   1.7029565e+00   1.6163017e+00
   3.8708641e+00   4.1300667e+00   3.2039490e+00   2.4598442e+00   2.2065614e+00   2.5603901e+00   2.3540938e+00   2.3976710e+00   2.0347925e+00   2.2201331e+00   2.1623503e+00   2.1447657e+00   2.1651848e+00   1.7759769e+00   1.8180899e+00   1.6432785e+00
   4.2126943e+00   3.6563026e+00   3.2049375e+00   3.0114401e+00   2.6850527e+00   2.5426206e+00   2.7130988e+00   2.1236509e+00   2.1048841e+00   2.1116636e+00   2.5562268e+00   2.2101504e+00   1.8853233e+00   1.5508754e+00   1.7447306e+00   1.7135489e+00
   4.7092535e+00   4.4939015e+00   3.8887521e+00   3.7869560e+00   2.8460447e+00   2.2138109e+00   2.4055561e+00   2.1772347e+00   2.4230904e+00   2.3964479e+00   2.4627275e+00   2.3727265e+00   1.5850671e+00   1.7360794e+00   1.6866621e+00   1.5038776e+00
   4.6636151e+00   3.8353878e+00   3.3415531e+00   3.2995953e+00   2.2426011e+00   2.2372174e+00   2.8519079e+00   2.5226765e+00   2.4304969e+00   2.3230920e+00   2.2985775e+00   2.1920518e+00   1.5917560e+00   1.7642056e+00   1.6566411e+00   1.5390889e+00
   4.8070033e+00   4.3010323e+00   3.7368274e+00   3.3078054e+00   2.3249994e+00   1.9776672e+00   2.5412346e+00   2.4856877e+00   1.8760102e+00   1.9453442e+00   1.9472845e+00   1.8949118e+00   1.6372507e+00   1.5677536e+00   1.4311262e+00   1.6218996e+00
   5.0997634e+00   3.7338901e+00   3.7660993e+00   3.1581245e+00   2.9345055e+00   3.2983454e+00   2.2425041e+00   2.4002873e+00   1.7775166e+00   1.7870713e+00   1.9000284e+00   1.6689828e+00   1.6716924e+00   1.4915144e+00   1.4223460e+00   1.5815695e+00
   4.5655684e+00   4.2234206e+00   3.3538200e+00   3.0960704e+00   3.1406030e+00   3.0717994e+00   2.6630730e+00   2.0366484e+00   2.0100860e+00   2.3170467e+00   2.3183860e+00   2.0090302e+00   1.8148837e+00   1.6213474e+00   1.4883878e+00   1.4799100e+00
   4.0822937e+00   4.1187484e+00   3.6408016e+00   3.3628647e+00   2.6883390e+00   2.2889595e+00   2.6675278e+00   2.2236032e+00   2.0325191e+00   2.2162186e+00   2.4237256e+00   1.9097243e+00   1.4753225e+00   1.6556972e+00   1.4022014e+00   1.5097125e+00
   3.8404851e+00   3.0167994e+00   2.7437252e+00   2.7213495e+00   2.5758244e+00   2.2606640e+00   2.2879643e+00   1.9981830e+00   1.9083737e+00   2.2839662e+00   2.0562950e+00   1.9275011e+00   2.0133646e+00   1.7952464e+00   1.7702078e+00   1.7922751e+00
   4.1383130e+00   3.4966869e+00   3.0901403e+00   2.9490060e+00   2.2074986e+00   2.4752660e+00   2.3646936e+00   1.8800426e+00   1.9547499e+00   1.9972044e+00   1.5581713e+00   1.9906353e+00   1.6867195e+00   1.6634199e+00   1.7438494e+00   1.4729705e+00
