   2.9639970e+00   2.6507729e+00   2.4097038e+00   2.3331847e+00   1.7099244e+00   1.3220204e+00   1.2551345e+00   1.2351250e+00   7.6613922e-01   6.5127445e-02   1.5384730e-01  -1.4557108e-01  -1.2210387e-01  -3.5433280e-01  -3.3816711e-02  -2.0781470e-01
   1.9872061e+00   2.0617113e+00   2.4127015e+00   2.5483027e+00   2.2878465e+00   1.9110808e+00   1.0680684e+00   7.1181535e-01   3.0645289e-01   4.3606382e-01   1.9694278e-01  -3.5098875e-01  -3.3910341e-01  -2.7769214e-01  -2.1758268e-01  -1.7421209e-01
   3.0555451e+00   3.2196950e+00   3.1934291e+00   2.8087772e+00   1.9708397e+00   1.8963991e+00   1.4456038e+00   7.5661363e-01   3.6518244e-01   3.0635215e-01   4.3198757e-01  -3.0379869e-01  -3.6014296e-01  -6.3820644e-01  -3.4899280e-01  -8.9455553e-02
   3.0662939e+00   2.8119113e+00   2.1693361e+00   1.7215926e+00   1.0105709e+00   1.2445602e+00   8.6887372e-01   6.8535441e-01   5.8723430e-01   4.2376255e-01   1.9712699e-01   3.9618621e-02  -8.4099697e-02  -3.4398892e-01  -7.1565980e-02  -4.1036376e-03
   2.3289371e+00   2.3608029e+00   1.5247422e+00   1.1401857e+00   7.9213602e-01   4.8222890e-01   3.5100138e-01   5.4590971e-01   6.1639968e-01   4.8764585e-01  -4.3331444e-02  -5.3790573e-03   9.9328586e-02   3.4880701e-03   3.0344096e-01   8.5717017e-02
   2.4647754e+00   1.5197219e+00   8.5726235e-01   1.0764527e+00   1.0154847e+00   1.2563769e+00   5.9860210e-01   7.7794782e-01   7.8020035e-01   5.1745444e-01   3.9275201e-03  -3.6109472e-01  -2.1729209e-01  -1.0719786e-01   2.3536567e-01  -4.4874464e-02
   2.7991655e+00   2.4495515e+00   2.7766905e+00   3.4082646e+00   3.2018157e+00   2.9047278e+00   2.6349340e+00   2.3407432e+00   1.8671110e+00   1.8372196e+00   1.1355179e+00  -1.2476277e-01  -3.3613698e-01  -1.2586420e-01   5.1170509e-02   6.7358612e-02
   3.5104434e+00   2.9956411e+00   2.6808343e+00   3.3729071e+00   3.1487110e+00   3.1584237e+00   2.9137945e+00   2.2924786e+00   2.0920132e+00   1.8903026e+00   1.4228641e+00   3.0299190e-01  -3.5205866e-01  -3.7309070e-02  -1.3627869e-01  -1.8820845e-01
   2.3827153e+00   2.6061477e+00   2.6213493e+00   2.8107869e+00   2.3345682e+00   2.0774352e+00   1.5145366e+00   1.0690885e+00   7.9285951e-01   6.9848464e-01  -4.5692417e-02   6.5329243e-02  -1.1963942e-01   6.5740060e-02  -1.1888999e-01  -1.7006548e-01
   2.4041234e+00   1.8659380e+00   2.7440484e+00   2.5125640e+00   2.4405789e+00   2.1235383e+00   1.5172303e+00   7.4503592e-01   7.2796864e-01   5.5033991e-01   3.1631984e-01  -2.3916197e-02  -4.6212290e-01  -3.1737909e-01   2.6631504e-01  -7.6630796e-02
   2.5506277e+00   2.6712637e+00   2.4894164e+00   1.4766441e+00   1.7854692e+00   1.4978611e+00   9.7033830e-01   9.5103463e-01   5.2477767e-01   3.6495115e-01  -1.1708384e-01   3.0324650e-02  -1.1581950e-01   2.1784611e-01   4.9227454e-01  -6.5180439e-02
   3.3591296e+00   2.7178599e+00   2.0369500e+00   1.8651304e+00   1.8986352e+00   1.2062513e+00   9.0012463e-01   7.3699353e-01   8.6786907e-01   6.2644942e-01  -9.5683026e-03  -2.4907060e-01  -4.4618639e-02   1.0825664e-01   9.8123347e-02  -1.2445929e-01
   3.3148410e+00   2.5858189e+00   2.1776317e+00   1.5940565e+00   1.1139339e+00   1.0183866e+00   4.3776949e-01   7.9036082e-01   6.7690256e-01   5.8379820e-01   2.2352303e-01  -1.5398675e-01  -1.2253451e-01   3.5447314e-02  -2.3844551e-02  -1.5027472e-01
   2.5269030e+00   1.3603738e+00   7.5265101e-01   6.2683298e-01   9.1430108e-01   1.0317560e+00   8.9026710e-01   7.4792843e-01   2.9295541e-01  -1.1226328e-02   1.0461561e-01  -1.2790516e-02   7.9330570e-03   6.5152669e-02   4.9173857e-02  -1.7062189e-01
   2.1648208e+00   2.0513968e+00   1.6532561e+00   9.1494779e-01   9.1670253e-01   1.2152440e+00   8.7450283e-01   6.3399123e-01   5.0334251e-01   2.2499243e-01   1.9224384e-01  -5.8103466e-02  -2.1126212e-01   2.0470826e-01   4.6993701e-01   3.6123456e-01
   2.5855561e+00   2.3086055e+00   1.3091257e+00   1.6910049e+00   8.5751718e-01   3.5275357e-01   3.8818972e-01   2.3049092e-01   5.4018848e-01   2.5024419e-01   3.5178937e-01   1.6819845e-01  -1.6525190e-01   1.5849007e-01   1.3163814e-01   2.7452117e-03
   2.2123096e+00   1.8500980e+00   1.5162570e+00   7.0308405e-01   1.0064002e+00   9.6367277e-01   6.3456513e-01   1.2014072e-01   2.3200182e-02   1.7239647e-01   7.6477333e-02   6.8954635e-02   1.3783515e-02   4.1470227e-01   2.9180509e-01   1.1081977e-01
   2.3817203e+00   2.4179397e+00   1.8388973e+00   1.7061265e+00   1.1273508e+00   5.7308448e-01   4.7184390e-01   7.0106563e-01   4.4154656e-01   3.2286350e-01   1.5331048e-01  -2.3883062e-01  -3.1568454e-01  -1.9696839e-01   4.4392129e-01  -9.4039861e-02
   1.7179093e+00   2.0451473e+00   1.1996750e+00   1.0226304e+00   9.9025341e-01   8.5964241e-01   3.1602852e-01   3.9784995e-03  -7.1468518e-04  -8.9419528e-02   5.9046916e-02  -1.7057654e-01  -4.4518816e-01   9.4280958e-02   1.5359257e-01  -3.0268045e-02
   2.6220228e+00   2.1473321e+00   1.1207966e+00   9.1917167e-01   7.5631327e-01   9.8511169e-01   4.9402899e-01   6.0430076e-01   2.2567785e-01  -5.8378972e-02   3.9207956e-02  -2.4061427e-02  -1.7833818e-01   1.0626272e-01   1.7860467e-01  -5.8428905e-02
   2.9343362e+00   2.3710541e+00   1.4073642e+00   9.3663342e-01   7.4912643e-01   5.2190233e-01   7.0259223e-01   7.5336467e-01   7.5620353e-01   2.0393469e-01  -1.8525302e-01  -2.1870863e-01  -3.9588926e-01  -1.4556276e-01   5.3731631e-02  -2.7541947e-01
   2.1093715e+00   1.9816699e+00   1.4608135e+00   1.0251297e+00   9.5801964e-01   8.5842555e-01   6.7302576e-01   6.9432892e-01   5.0154332e-01   9.4123432e-02  -4.1060054e-01  -3.7821184e-01  -6.2284177e-01  -5.5342063e-01  -7.6880500e-02  -2.1166769e-01
   2.5787720e+00   2.3889932e+00   1.6656367e+00   9.7862607e-01   5.7683017e-01   1.0683812e+00   6.9152206e-01   7.7860976e-01   6.1859244e-01   3.4011342e-01  -3.5324078e-02  -8.0665234e-02  -5.9645514e-01  -4.1808420e-01  -1.0593884e-02  -7.9394650e-02
   2.2228775e+00   2.1054937e+00   1.5191238e+00   1.1982492e+00   5.6664472e-01   3.9135817e-01   1.2139043e-01   5.7579515e-01   4.0318763e-01   3.2226845e-01   2.3661244e-01   7.6318013e-02   3.0201248e-02  -1.0528127e-01   2.1346641e-01   5.3156302e-02
   2.1527757e+00   2.5185928e+00   1.6539010e+00   1.1811578e+00   1.0566948e+00   6.3640640e-01   2.4884751e-01   1.9653618e-01   6.3639590e-01   1.6413319e-01   1.2395345e-01   2.0237242e-01   1.7649140e-01  -1.2239053e-01   2.3328385e-01   2.3460037e-01
   2.3348438e+00   1.9393420e+00   1.1502841e+00   1.4388799e+00   8.5369244e-01   9.2645038e-01   1.8064125e-01   2.4018921e-01   2.0621140e-01   1.9683921e-01   2.2187259e-01   1.8420036e-01  -2.5615278e-02  -2.7662086e-02   1.4908755e-01   1.2102640e-01
   2.2910795e+00   1.9627774e+00   1.2965060e+00   8.4970337e-01   9.3386558e-01   9.9014971e-01   8.3889809e-01   4.9560111e-01   6.4319152e-01   2.9056587e-01  -4.6433064e-01  -1.1272359e-01  -2.4200454e-01  -6.0288879e-02   1.1135618e-01   1.6536177e-01
   2.0607129e+00   2.2367219e+00   1.1397382e+00   9.9514150e-01   6.7963099e-01   8.7874316e-01   8.9084223e-01   4.1311206e-01   3.7557036e-01   2.5404744e-01  -3.6283270e-01  -2.9362491e-01  -8.7604355e-02  -2.6146678e-01  -1.6866584e-02   3.9813971e-01
   2.1937912e+00   1.6942435e+00   7.0468095e-01   8.3087416e-01   9.3370083e-01   1.3119046e+00   5.7479754e-01   5.2919722e-01   9.1107478e-01   4.6972144e-01  -1.3343169e-01  -1.8073946e-01  -3.9660852e-02   6.0181315e-02   1.5130357e-01   5.1496357e-01
   2.6546136e+00   1.5074370e+00   7.7650067e-01   1.1170109e+00   4.5677450e-01   8.2012114e-01   7.7179213e-01   6.0650901e-01   2.2377346e-01   1.2952092e-01   2.1230896e-01  -4.1448899e-01  -2.6794022e-01   2.8630991e-01   2.4636260e-01   5.6059809e-01
   2.0509912e+00   1.3302934e+00   8.0348824e-01   1.2958415e+00   7.8478389e-01   6.2158399e-01   7.5645173e-01   3.0843631e-01   1.2990076e-01   1.6773603e-01   2.0653811e-01   5.1862828e-02   7.5150141e-02  -3.9350335e-02   3.0529778e-01   6.2217886e-01
   2.8194839e+00   1.9010172e+00   7.8448177e-01   1.4659838e+00   1.0243738e+00   9.6732228e-01   6.9542415e-01   2.8873306e-01   3.5849661e-01   5.7968231e-01   9.4678251e-01   5.5687386e-01   8.6166416e-01   7.0318248e-01   9.0422155e-01   5.2536021e-01
   2.1843753e+00   1.5462359e+00   1.2107189e+00   1.2893125e+00   1.0110261e+00   1.0195371e+00   6.4441414e-01   5.8160464e-01   4.2293187e-01   8.3024177e-01   1.9530520e+00   1.1260817e+00   1.4537957e+00   1.1131788e+00   1.5032756e+00   3.8016255e-01
   4.3149431e+00   3.8613801e+00   2.5741397e+00   2.3618604e+00   1.7511779e+00   1.7087845e+00   1.0408855e+00   8.6943601e-01   6.1928563e-01   4.8277284e-01   2.1263569e+00   1.6506954e+00   1.7385066e+00   1.6532908e+00   2.0982447e+00   4.0191040e-01
   4.1127180e+00   4.1919198e+00   2.4978176e+00   2.4485813e+00   1.7027242e+00   1.7554418e+00   7.2545429e-01   4.8605420e-01   4.3379405e-01   4.7914449e-01   1.7267787e+00   2.2279271e+00   2.1879570e+00   1.9551037e+00   2.4115227e+00   3.9141956e-01
   3.2431534e+00   3.4050616e+00   3.0280777e+00   2.8231935e+00   2.4575581e+00   1.9033201e+00   1.6171678e+00   8.6101210e-01   5.8087112e-01   3.3814182e-01   1.4621409e+00   2.4580798e+00   2.1504143e+00   2.1580146e+00   2.7031558e+00   5.7111955e-01
   3.4737560e+00   3.5561316e+00   3.0744490e+00   2.8349619e+00   2.3739016e+00   2.1699398e+00   2.2194368e+00   2.1830820e+00   1.8142311e+00   1.5334944e+00   1.5185869e+00   2.4285956e+00   2.3673452e+00   2.2939442e+00   2.6774466e+00   6.3675858e-01
   3.9410445e+00   3.9599549e+00   4.0159775e+00   3.7995496e+00   3.1864333e+00   3.1488875e+00   3.1834051e+00   3.0799949e+00   2.7265987e+00   2.3643979e+00   2.1428356e+00   2.5006630e+00   2.6647411e+00   2.3092836e+00   2.7165768e+00   6.6152540e-01
   3.1682511e+00   3.4993711e+00   3.7728198e+00   3.5170650e+00   2.6391859e+00   1.8309578e+00   1.4292036e+00   9.6494719e-01   7.0366408e-01   5.5747948e-01   1.1717023e+00   2.7602191e+00   2.6600191e+00   2.3180050e+00   2.8847913e+00   5.7546245e-01
   2.9507206e+00   2.9321421e+00   2.6777302e+00   2.4794747e+00   1.8836246e+00   1.6268897e+00   1.0918268e+00   8.5475500e-01   8.4622668e-01   1.9792195e-01   8.1061989e-01   2.8879177e+00   2.5676429e+00   2.4619039e+00   2.9760152e+00   6.0268845e-01
   3.2084449e+00   3.5179114e+00   3.2800854e+00   2.9341854e+00   2.9614855e+00   2.3991604e+00   1.6271385e+00   7.8145726e-01   7.4786575e-01   2.0780971e-01   9.3237208e-01   3.0477081e+00   2.3469170e+00   2.4132993e+00   2.7556028e+00   5.9133557e-01
   3.2176908e+00   2.4204351e+00   2.3736130e+00   1.9154757e+00   9.7341386e-01   6.2891929e-01   7.0679702e-01   6.8452127e-01   5.2518549e-01   2.1334640e-01   9.8529373e-01   2.6366555e+00   2.2146333e+00   2.2180875e+00   2.5777888e+00   4.2438252e-01
   2.5636401e+00   1.9201860e+00   2.1230129e+00   1.8238562e+00   7.5493776e-01   4.5968310e-01   2.3333211e-01   5.7647959e-01   5.0382026e-01   1.6563558e-01   5.8490855e-01   2.3705084e+00   2.2111861e+00   2.1716637e+00   2.5802494e+00   5.2428447e-01
   2.2755045e+00   2.3664507e+00   2.0652123e+00   1.6191651e+00   1.1855028e+00   1.0181618e+00   1.9748714e-01   5.8227613e-01   5.1875896e-01   7.4704508e-02   6.9446966e-01   2.3140656e+00   2.1542482e+00   2.1192269e+00   2.4856476e+00   5.4068478e-01
   1.6391573e+00   1.8434452e+00   2.2184457e+00   1.7352109e+00   9.5714010e-01   8.7461074e-01   6.2946509e-01   3.4925796e-01   3.5211499e-01   2.6363484e-01   6.2861307e-01   2.2218751e+00   2.1858492e+00   2.1751591e+00   2.5995684e+00   4.9364733e-01
   1.9775334e+00   2.2279287e+00   1.6300411e+00   1.2377061e+00   1.2730989e+00   9.5078322e-01   4.8799267e-01   4.4978312e-01   5.1990437e-01   2.8761052e-01   5.2303799e-01   2.4656385e+00   2.0775410e+00   2.1404288e+00   2.6343604e+00   5.3268418e-01
   2.5563790e+00   2.8869424e+00   2.2432769e+00   1.7887924e+00   9.2232451e-01   8.7763387e-01   6.0158624e-01   6.8945626e-01   2.8907835e-01   2.3664878e-02   5.5541307e-01   2.6594140e+00   2.0165859e+00   2.0391602e+00   2.3976063e+00   6.0789460e-01
   3.0005243e+00   2.7587557e+00   2.0436583e+00   1.6982153e+00   7.6747143e-01   9.8395261e-01   9.0594467e-01   6.8641452e-01   7.9078157e-01   4.1867205e-01   5.2915418e-01   2.7674681e+00   2.1352167e+00   2.0645877e+00   2.5832766e+00   5.6841509e-01
   2.8403660e+00   2.4214444e+00   1.9461264e+00   1.5863221e+00   1.0014973e+00   1.3009749e+00   6.0967520e-01   3.9603022e-01   8.6008013e-01   5.0926520e-01   4.2057371e-01   2.7803811e+00   2.2554868e+00   2.0985395e+00   2.7467140e+00   5.5854744e-01
   3.0105926e+00   2.6613847e+00   1.9381147e+00   2.0981867e+00   1.5297945e+00   1.0176372e+00   7.6261099e-01   9.6996526e-01   5.7454801e-01   2.7001526e-01   8.4751912e-01   2.7862981e+00   2.4442894e+00   2.1481212e+00   2.7809520e+00   6.1269493e-01
   3.1380383e+00   2.9164630e+00   2.6130763e+00   2.6367675e+00   1.9459124e+00   1.9970265e+00   1.5448384e+00   1.1917291e+00   3.5782413e-01   2.1034196e-01   8.7353799e-01   2.8372031e+00   2.5795981e+00   1.9890141e+00   2.6428450e+00   6.2337103e-01
   2.8132816e+00   2.7793604e+00   3.0328307e+00   2.8814915e+00   2.4070221e+00   1.8168406e+00   7.2590511e-01   3.5992903e-01   4.3699937e-01   2.7617923e-01   1.0995689e+00   2.7288656e+00   2.4757405e+00   1.9044847e+00   2.4248257e+00   5.5055182e-01
   2.8235371e+00   2.1182396e+00   2.1488300e+00   2.0444536e+00   1.3318344e+00   8.5639693e-01   5.5216227e-01   6.3158974e-01   1.6522314e-01   2.4072039e-01   1.2199179e+00   2.5120050e+00   2.1273135e+00   1.7592749e+00   2.1149690e+00   3.6008047e-01
   3.7614957e+00   3.4448399e+00   3.2071366e+00   2.7460534e+00   2.3109195e+00   1.4658006e+00   7.7036498e-01   8.6266347e-01   1.4345579e-01  -1.6386281e-03   1.2003094e+00   2.1718243e+00   1.6040869e+00   1.4185022e+00   1.6076756e+00  -1.0984619e-01
   3.0809169e+00   3.0452163e+00   3.4552130e+00   3.0183822e+00   2.7837529e+00   2.1032843e+00   1.1668344e+00   7.0085191e-01   2.5437420e-01   8.4532756e-02   6.0865480e-01   1.5959929e+00   9.8597076e-01   6.5041589e-01   9.3751472e-01  -2.2138272e-01
   3.0737457e+00   3.0594381e+00   2.8959764e+00   2.8094725e+00   1.6519793e+00   1.1587867e+00   1.1659582e+00   6.8996953e-01  -1.3209684e-01  -1.2616215e-01   5.2425296e-01   1.3727255e+00   5.1745982e-01   1.3375386e-01   4.3823079e-01  -3.7739150e-01
   2.2157393e+00   2.6179295e+00   2.7691429e+00   3.0637790e+00   1.8583524e+00   1.4005246e+00   1.2780901e+00   4.8131708e-01   3.5400667e-01   5.6560661e-02   1.7261380e-01   6.9236456e-01   1.4314942e-01  -1.5319320e-02   9.1999389e-02  -4.5607718e-01
   2.5793003e+00   3.6180618e+00   3.5588139e+00   3.6932725e+00   2.8258915e+00   2.1937579e+00   1.2910189e+00   7.0638613e-01   7.3039087e-01   5.5654543e-01   2.8313228e-01   2.4877154e-01  -2.1030184e-01  -5.5575567e-01  -3.7993229e-01  -4.4753863e-01
   3.3305506e+00   3.0075976e+00   2.9247983e+00   2.9025231e+00   2.7447377e+00   1.6882223e+00   1.3163393e+00   9.7688800e-01   4.5749608e-01   8.8923369e-02   1.6633615e-01   3.6076474e-01  -1.8564047e-02  -5.5925381e-01  -4.1569272e-01  -4.0415055e-01
   2.9970376e+00   2.8599211e+00   2.6494774e+00   2.5676785e+00   1.8012141e+00   1.2576425e+00   9.0967540e-01   5.7016881e-01   5.9814290e-01   3.7499499e-01  -3.3110076e-02  -2.2165009e-01  -2.5978919e-01  -5.3268513e-01  -3.9201321e-01  -3.9484877e-01
   2.9630637e+00   2.3375979e+00   1.8506643e+00   1.3254969e+00   6.4442616e-01   7.8526162e-01   4.0710774e-01   6.8900686e-01   5.4882340e-01   4.7837732e-03   3.1194192e-01  -1.3335334e-01  -7.8233993e-01  -4.8255273e-01  -3.4710626e-01  -5.2922233e-01
   2.5340131e+00   2.3363122e+00   1.7363227e+00   9.4716213e-01   4.9828021e-01   5.1780072e-01   1.5426827e-01   3.2948535e-01   4.6131387e-01  -1.0848023e-01   4.1108605e-02  -2.5747351e-01  -2.3887207e-01  -2.4389727e-01  -2.1294837e-01  -3.8874191e-01
   2.9300228e+00   2.3814665e+00   1.8032779e+00   9.2455054e-01   7.6895920e-01   7.0339714e-01   2.7695625e-01   3.1761904e-01   2.5062210e-01  -8.3667902e-02  -1.8632552e-01  -2.3680018e-01  -4.9883438e-01  -4.4833906e-01  -5.3712704e-01  -5.5879686e-01
   2.9291191e+00   2.2721988e+00   1.8864991e+00   1.9567040e+00   1.4295870e+00   1.3157705e+00   5.1716797e-01   4.5345175e-01   4.7753979e-01  -1.0467988e-01   2.5996333e-01  -8.2636649e-02  -5.1803136e-01  -2.8601241e-01  -3.6213510e-01  -2.4832875e-01
   2.6437929e+00   2.3599986e+00   1.9249232e+00   2.1920735e+00   2.3778610e+00   1.6138393e+00   7.6880895e-01   5.3249726e-01   4.8280031e-01  -2.5897031e-01   3.6662994e-01  -3.4024739e-01  -6.3906758e-01  -2.9064357e-01  -1.4700882e-01  -3.4322627e-01
   3.1165906e+00   2.7565112e+00   2.3353024e+00   2.5918678e+00   2.9478790e+00   2.3278876e+00   1.5252363e+00   9.0738367e-01   7.7543079e-01  -2.6812826e-01   9.4451970e-02  -2.9077003e-01  -4.5747008e-01  -4.1606825e-01  -4.6224204e-01  -3.7164379e-01
   2.4310688e+00   2.8881473e+00   2.3060248e+00   2.2707298e+00   1.8998295e+00   1.8047431e+00   1.5389083e+00   9.5567728e-01   2.8594467e-01  -6.2069049e-02   4.8874534e-02  -1.4430361e-01  -7.1481262e-01  -5.3170247e-01  -5.1610583e-01  -4.4215585e-01
   2.3407904e+00   2.7573166e+00   2.6207997e+00   2.8265478e+00   2.0628837e+00   1.0009858e+00   9.7041022e-01   8.6710123e-01   3.4908692e-01   1.5818185e-01   7.8235569e-02  -2.4137962e-01  -4.0858076e-01  -7.8658078e-01  -6.6924023e-01  -6.5724833e-01
   2.0768871e+00   1.7729187e+00   1.8843217e+00   1.3116041e+00   1.0548727e+00   3.1206102e-01   5.7524465e-01   4.0375790e-01   1.4153822e-01  -1.2562855e-01  -4.3449719e-01  -4.0013757e-01  -5.7388257e-01  -5.6874752e-01  -6.6387286e-01  -5.7178237e-01
   1.9503085e+00   1.4364957e+00   8.8496699e-01   1.2326295e+00   8.2374915e-01   3.7544541e-01   8.1532979e-01   5.4625948e-01   5.6754254e-01   8.2853916e-02  -6.0154241e-01  -5.9273386e-01  -5.3785856e-01  -5.6446824e-01  -6.3107341e-01  -5.0994049e-01
   2.4461054e+00   1.5783188e+00   1.2027153e+00   1.0948601e+00   6.6211371e-01   6.1733391e-01   8.7949705e-01   8.3323383e-01   2.9839167e-01  -2.8222179e-01  -1.4710846e-01  -4.3641230e-01  -6.8578699e-01  -4.3877915e-01  -2.7072428e-01  -2.5150872e-01
   2.4278705e+00   1.9120192e+00   1.1340121e+00   1.6853958e+00   8.0863104e-01   3.3183362e-01   1.4327634e-01   4.9233315e-01   7.3134383e-01   7.6197206e-02  -2.4439283e-01  -5.3634539e-01  -5.2978093e-01  -5.4061460e-01  -4.5415522e-01  -3.5207975e-01
   2.4686481e+00   2.3337667e+00   1.2342106e+00   5.5069039e-01   4.4238618e-01   2.7050100e-01   1.5935342e-01   4.5535560e-01   1.2531635e-01   7.3133678e-02  -5.9158156e-02  -4.0087144e-01  -5.6793481e-01  -7.1056013e-01  -2.8437795e-01  -5.2505331e-01
   2.7570898e+00   2.8908712e+00   2.0938809e+00   2.1897769e+00   1.7581030e+00   1.1508473e+00   5.4973216e-01   6.0830403e-01   2.2492507e-01  -2.7960897e-01  -1.9467697e-01  -1.9419033e-01  -5.3360473e-01  -3.1959522e-01  -3.8490924e-01  -5.9746272e-01
   2.2955346e+00   2.1157747e+00   1.6396628e+00   1.7805285e+00   1.5296384e+00   7.2265426e-01   1.5876593e-01  -1.1589603e-01   3.2742391e-01   3.9400233e-02  -3.5403767e-01  -2.9257730e-01  -6.5573439e-01  -6.8678060e-01  -7.4835190e-01  -6.3067511e-01
   2.4779109e+00   1.3500077e+00   1.8543343e+00   1.4419759e+00   7.8071654e-01   8.4249892e-01   4.1154889e-01   3.6918005e-01   6.5689145e-01   7.7883122e-02  -2.0126207e-01  -3.5112189e-01  -5.4545615e-01  -7.0165461e-01  -5.7055585e-01  -7.1710881e-01
   2.0715044e+00   1.5947811e+00   2.0524478e+00   1.3098627e+00   7.8165721e-01   5.4960970e-01   3.0467852e-01   3.8516674e-01   4.6398471e-01  -1.4878724e-01  -5.1909016e-01  -3.7558723e-01  -4.8315300e-01  -6.6328122e-01  -5.3544770e-01  -9.1745670e-01
   2.4283743e+00   2.2127837e+00   2.2118373e+00   1.2889143e+00   7.9232963e-01   6.5156028e-01   5.5433889e-01   7.9101019e-01   3.2202197e-01  -2.9691368e-01  -4.8994621e-01  -4.6696009e-01  -6.7464408e-01  -8.0838241e-01  -6.3346910e-01  -9.9426599e-01
   2.5998718e+00   2.1848327e+00   1.5259053e+00   1.1236569e+00   8.4409358e-01   4.4471367e-01   3.1841608e-01   3.2580841e-01   3.2816392e-01  -1.1001506e-01  -3.0120096e-01  -3.3514066e-01  -5.4026258e-01  -5.0737172e-01  -5.5167870e-01  -9.5516729e-01
   2.2108716e+00   2.0719982e+00   1.7461246e+00   1.2604649e+00   1.0367656e+00   5.0014318e-01  -1.3411138e-01   1.5520459e-02  -1.9513529e-01  -1.6929248e-01  -4.1524604e-01  -5.7763405e-01  -8.8502564e-01  -7.7054224e-01  -7.4045894e-01  -8.5535433e-01
   2.6543084e+00   1.9513479e+00   1.3807172e+00   5.9822845e-01   8.2764208e-01   7.6564331e-01   7.3434733e-01   1.7427642e-01  -2.1370700e-01  -2.6346110e-01  -1.5695773e-01  -2.8490999e-01  -8.3957900e-01  -9.1468262e-01  -7.2209340e-01  -9.8504048e-01
   2.7226738e+00   2.1740683e+00   1.7337316e+00   1.1613717e+00   7.6465468e-01   1.0219580e+00   5.4109082e-01   4.9798706e-01   4.6280542e-01  -1.3206298e-01  -1.8455442e-02  -3.3588637e-01  -7.7178770e-01  -7.4864307e-01  -9.3772369e-01  -9.7869370e-01
   2.2972086e+00   2.3889877e+00   1.5338336e+00   8.4170779e-01   3.0037325e-01   4.9917790e-01   2.8365509e-02   2.4102829e-01  -1.6446784e-01  -2.2862828e-01  -4.4990952e-01  -5.8374193e-01  -7.5849588e-01  -7.2012595e-01  -6.0661859e-01  -8.9622412e-01
   1.9649056e+00   1.7599300e+00   8.0804177e-01   8.2839759e-01   9.1655138e-01   4.8823841e-01   2.0678358e-02  -1.7838690e-01   2.7284130e-01   1.0255127e-01  -2.4308992e-01  -4.2590319e-01  -4.6293975e-01  -6.8447660e-01  -8.3627601e-01  -7.3867135e-01
