   2.6615745e+00   2.7288672e+00   1.5813237e+00   1.2978270e+00   1.3561455e+00   5.1639728e-01   3.4792546e-01   4.2186640e-01   4.0541968e-01   2.5935800e-01   3.2384865e-01   1.6878974e-01  -2.5878844e-02  -2.5156522e-01  -4.3897207e-01  -9.8835582e-01
   3.0738326e+00   2.2950400e+00   1.3462247e+00   1.3176491e+00   1.2652168e+00   1.3168898e+00   9.2005059e-01   4.7448153e-01  -2.4508264e-01  -3.5107885e-02   6.3022683e-02   5.0341874e-01   3.1375088e-02  -2.3480271e-01  -3.2442274e-01  -9.1669912e-01
   2.8182446e+00   2.5550714e+00   2.3090456e+00   7.8555751e-01   1.0881952e+00   1.1841557e+00   4.7400594e-01   5.7409521e-01   7.5116231e-02   5.9027870e-02   3.9731187e-01   4.8966559e-01  -5.8338051e-03  -9.8801013e-02  -4.9218509e-01  -6.6388883e-01
   3.0120604e+00   2.7452304e+00   2.0020530e+00   1.6735946e+00   1.4710059e+00   1.0566651e+00   4.8111848e-01   1.0928515e-01   1.9481878e-01   1.6474365e-01   1.9795985e-01   1.0654715e-02  -9.8155218e-02  -2.0422649e-01  -8.4183789e-01  -8.0289554e-01
   2.7017738e+00   2.1752041e+00   1.8915044e+00   1.1478815e+00   1.0670966e+00   7.6488209e-01   1.5896056e-01   1.7870090e-01   1.8248484e-01   2.3939489e-01   2.5609762e-01   1.8757768e-01   1.2405106e-02  -5.8295836e-01  -6.6610797e-01  -8.6773603e-01
   2.5329723e+00   2.2455784e+00   1.5995719e+00   1.4883453e+00   1.2755327e+00   8.7287961e-01   5.2259286e-01   1.6061793e-01   2.4155240e-01  -1.6734246e-02   3.1578820e-01   4.6916944e-01   2.7261281e-01  -4.2797135e-01  -5.8036829e-01  -6.4964611e-01
   3.3443669e+00   2.7635497e+00   1.2665145e+00   6.9149148e-01   1.3379984e+00   5.5612385e-01   5.3463142e-01   5.5427460e-01   4.2356310e-01   3.5360600e-01   4.8963527e-01   2.4257090e-01  -1.9839354e-01  -2.1797531e-01  -2.7099326e-01  -5.5713907e-01
   3.0688925e+00   2.3121918e+00   1.9028823e+00   9.3398898e-01   8.2226191e-01   3.0465721e-01  -2.4320704e-01   2.8638898e-01  -2.9600204e-02   7.7698053e-02   4.0662208e-01   3.2148777e-01   1.0146433e-01  -5.2433385e-01  -5.9630363e-01  -7.3638156e-01
   2.9987124e+00   1.9015942e+00   1.3371028e+00   9.3852087e-01   5.8390007e-01   1.2275044e-01   2.4058438e-01   6.5968361e-01   3.0103067e-01   2.8445841e-01   4.6169384e-01   4.8770880e-01  -3.2453929e-02  -5.9575368e-01  -7.0066008e-01  -9.6455909e-01
   2.9437942e+00   2.5038315e+00   1.5682338e+00   1.1876054e+00   1.1430593e+00   1.0681675e+00   3.6425547e-01   5.8114618e-01   3.0895423e-01   3.2497246e-01   3.0104517e-01   4.1591902e-01   1.0523984e-02  -3.9059085e-01  -7.1257463e-01  -7.4816613e-01
   3.2224318e+00   2.4855839e+00   1.9828441e+00   1.5361910e+00   1.2712383e+00   8.9972320e-01   6.7906285e-01   3.9047694e-01   2.8845957e-01   1.5093611e-01   3.7621747e-01   2.9372549e-01   3.0735743e-02  -5.5173304e-01  -4.6042552e-01  -4.8075497e-01
   2.9292116e+00   2.2917596e+00   1.7600860e+00   1.2784211e+00   1.2663895e+00   1.2755634e+00   4.7304762e-01   1.3745645e-01   3.0637709e-01  -2.1457503e-02   4.8135645e-01   5.6605194e-01   1.6610709e-01  -5.1768648e-01  -6.0563140e-01  -6.5851070e-01
   2.6323748e+00   2.0426106e+00   1.2190522e+00   1.4022933e+00   9.2812152e-01   8.9888420e-01   1.8854813e-01   1.9406177e-01   1.2423851e-01   2.3441359e-01   6.8532653e-01   5.2129294e-01   1.9031236e-01  -4.5795720e-01  -5.1932778e-01  -8.7626600e-01
   2.4755916e+00   2.0205353e+00   9.4071169e-01   1.2600603e+00   8.7706726e-01   2.6383644e-01   4.9358017e-01   4.0553888e-01   6.6637164e-02   1.6523225e-01   2.9554350e-01   5.5849988e-01   9.6480328e-02  -5.1255957e-01  -6.9287098e-01  -7.6793821e-01
   2.5379225e+00   1.6429662e+00   1.1366145e+00   9.7995919e-01   9.8108565e-01   1.0131073e+00   3.8395666e-01   3.7133966e-01  -7.2720391e-02   3.8468226e-02   3.8759651e-01   3.4864267e-01  -1.5785715e-01  -7.2666446e-01  -7.8755500e-01  -8.0349361e-01
   2.5639677e+00   2.0499704e+00   1.7954762e+00   1.6828446e+00   1.4831335e+00   1.2145157e+00   6.5069839e-01   3.0930937e-01   7.5738762e-02   2.3118239e-01   6.4224993e-01   4.2585931e-01   4.5115437e-02  -4.9102839e-01  -7.3312955e-01  -7.8726450e-01
   3.1637260e+00   1.9767649e+00   1.9103822e+00   1.8872374e+00   1.2485046e+00   6.2048603e-01   8.4839354e-01   6.3314708e-01   3.2119714e-01   3.3253275e-01   5.6626995e-01   5.7958579e-01  -9.1923392e-02  -3.0449189e-01  -5.5924572e-01  -6.0357651e-01
   2.9666073e+00   2.0792213e+00   1.2562350e+00   1.6417441e+00   1.4234639e+00   1.3953099e+00   1.1002411e+00   4.9046553e-01   1.9580965e-02   2.4930168e-01   8.0836402e-01   6.6259298e-01   9.3039108e-02  -2.1786592e-01  -3.1420839e-01  -5.2461541e-01
   3.3256001e+00   2.8391292e+00   2.1550796e+00   1.5994136e+00   1.1037815e+00   1.0797395e+00   5.6259296e-01   4.8340146e-01   2.0009209e-01   1.6138014e-01   8.1014698e-01   8.2970141e-01   1.9102685e-01  -3.7280486e-01  -3.7195686e-01  -6.5889316e-01
   3.0058850e+00   2.6216619e+00   2.0098173e+00   1.7045839e+00   1.0324706e+00   1.4943878e+00   7.8351924e-01  -3.3487291e-03   1.9134487e-01   1.2446478e-01   4.2684700e-01   6.2754932e-01   2.0934573e-01  -3.0246001e-01  -2.3620190e-01  -5.3974388e-01
   2.2613722e+00   2.2094165e+00   1.7610491e+00   1.1686280e+00   1.6495303e+00   1.2287333e+00   5.8921617e-01   1.8923622e-01   4.3920084e-01   1.5453956e-01   4.9499664e-01   5.7429294e-01   2.4856275e-01  -3.0207947e-01  -1.9868568e-01  -5.7993300e-01
   3.1106625e+00   2.3976984e+00   1.1967415e+00   9.8214324e-01   1.1063321e+00   9.5458663e-01   6.5072567e-01   5.8144868e-01   4.5159924e-01   3.2634718e-01   5.2010494e-01  -2.0204221e-02   3.1994530e-02  -2.4083297e-01  -3.8268336e-01  -8.6777935e-01
   2.6544757e+00   2.7610366e+00   1.4415102e+00   1.5219330e+00   1.0238920e+00   8.3089112e-01   6.1944784e-01   5.3057387e-01   1.0070850e-01  -1.9310639e-01   7.7938940e-02   2.1536396e-01  -9.9572361e-02  -4.3848590e-01  -5.5098448e-01  -8.6137124e-01
   2.9160867e+00   2.2930937e+00   1.6070485e+00   1.7496220e+00   1.4239644e+00   1.6684407e+00   8.5167539e-01   7.3359152e-01   3.8800802e-01  -2.9403336e-01   5.8913506e-01   7.8267211e-01   3.9373106e-01  -2.9009727e-01  -1.5687924e-01  -5.7187725e-01
   2.8181002e+00   2.1789777e+00   1.5690786e+00   1.5488497e+00   1.2372717e+00   1.2025856e+00   6.0378176e-01   1.3109252e-01   5.3425630e-01   4.5216629e-01   6.2329697e-01   5.8640288e-01   5.2224045e-01  -2.9150255e-01  -2.9195996e-01  -4.7816603e-01
   2.9707547e+00   2.3470953e+00   1.7708487e+00   1.3944365e+00   7.1921813e-01   6.4752875e-01   9.1249799e-01   5.1541846e-01   5.2077811e-02  -1.9425372e-01   4.1952120e-01   5.9836690e-01   2.3399632e-01  -2.3324566e-01  -4.4903156e-01  -6.9820209e-01
   3.0156345e+00   1.9440142e+00   1.6294373e+00   1.3376433e+00   6.9770157e-01   4.0845311e-01   6.9783743e-01   3.1214055e-01   7.3358242e-02   2.7589945e-02   3.8264159e-01   4.9771160e-01  -9.4530670e-02  -1.0388264e-01  -5.1222275e-01  -9.2076680e-01
   2.0929319e+00   2.5115132e+00   1.9065271e+00   1.1702566e+00   1.0487904e+00   1.2200087e+00   6.3428508e-01   5.7542252e-02   4.1489908e-02   7.1703508e-02   3.5308716e-01   5.2900888e-01  -4.3399290e-02  -1.4066795e-01  -1.4383361e-01  -5.0455784e-01
   3.2407945e+00   2.7275709e+00   1.6047412e+00   9.6060511e-01   1.0155346e+00   1.0879388e+00   5.4574620e-01   4.7825211e-03   2.2729781e-01   3.7025650e-01   6.3617959e-01   6.0248093e-01   6.2872235e-02   3.6737173e-01   1.8386514e-01  -7.8361201e-01
   2.8892742e+00   2.5520174e+00   1.6915772e+00   1.1055651e+00   1.6811397e+00   1.8467590e+00   1.7477578e+00   1.0815757e+00   1.4725845e+00   2.0911054e+00   1.3672212e+00   1.4355095e+00   1.3152682e+00   2.1478239e+00   1.9368521e+00  -2.5084971e-01
   2.6264389e+00   1.6638866e+00   1.8281661e+00   1.4392786e+00   1.2639005e+00   1.7615418e+00   1.6319872e+00   1.2341836e+00   1.4596693e+00   1.5585567e+00   7.4858148e-01   1.0393550e+00   8.9660326e-01   1.0224314e+00   1.0957662e+00  -4.1342557e-01
   3.2984887e+00   2.5034977e+00   1.6751287e+00   1.4262275e+00   1.5509390e+00   2.2125925e+00   1.8854479e+00   1.5963620e+00   1.8391612e+00   2.1102588e+00   1.1312473e+00   1.3022076e+00   1.0279343e+00   6.1224726e-01   8.4975832e-01  -5.1796480e-01
   3.1626825e+00   2.7474068e+00   2.1977449e+00   1.6687803e+00   1.5814818e+00   2.1982674e+00   2.2362673e+00   2.0476151e+00   2.1802181e+00   2.4952657e+00   1.5766472e+00   2.0804182e+00   1.7694168e+00   1.6092119e+00   1.7261802e+00  -1.5881259e-02
   2.6372316e+00   2.3501370e+00   1.3151357e+00   1.8014318e+00   2.0416827e+00   2.6770648e+00   2.4548307e+00   1.9960999e+00   2.5141755e+00   2.6213033e+00   1.8883887e+00   2.1555652e+00   1.9759327e+00   1.7569813e+00   1.7359013e+00   3.0566439e-02
   2.1085631e+00   2.1933398e+00   1.5493504e+00   1.7027698e+00   2.3460733e+00   2.7571780e+00   2.4411526e+00   2.1215946e+00   2.6002355e+00   2.4349605e+00   1.7810505e+00   1.8532151e+00   1.6904911e+00   1.5959706e+00   1.5152968e+00  -2.3727063e-01
   2.5119092e+00   2.8395348e+00   1.5870601e+00   1.4470889e+00   1.8866787e+00   2.6830695e+00   2.6509228e+00   2.3768654e+00   2.6208257e+00   2.4029967e+00   1.8105321e+00   2.1263452e+00   2.0586037e+00   1.8943829e+00   1.7882554e+00   4.2497022e-02
   2.8061632e+00   2.6171436e+00   1.7448980e+00   1.7956431e+00   2.1634603e+00   2.5685851e+00   2.5412280e+00   2.3366098e+00   2.4003512e+00   2.1395945e+00   1.4577059e+00   2.1994822e+00   2.1105165e+00   1.7589610e+00   1.7253131e+00   2.4957194e-01
   2.8260354e+00   2.7910341e+00   1.8690377e+00   2.0796203e+00   2.2667968e+00   2.4427652e+00   2.0700269e+00   2.3141078e+00   2.3934030e+00   2.1071444e+00   1.6383807e+00   2.1931338e+00   2.2240551e+00   2.0034871e+00   1.8881962e+00   4.2612444e-01
   2.5541989e+00   2.2578128e+00   1.8925765e+00   1.2796654e+00   1.9940643e+00   1.8831445e+00   1.8445853e+00   2.3545203e+00   2.5973976e+00   1.9939455e+00   1.4278723e+00   2.0615672e+00   2.2876329e+00   2.1098842e+00   1.9493854e+00   4.2501688e-01
   2.8297878e+00   1.8698013e+00   1.1693476e+00   1.5800989e+00   2.2967881e+00   2.1925249e+00   1.9596739e+00   2.5116036e+00   2.7480320e+00   1.8054005e+00   1.0114079e+00   2.0095050e+00   2.2546210e+00   2.1858819e+00   2.0857782e+00   6.5913867e-01
   3.4960653e+00   2.7786580e+00   1.4241305e+00   1.3560430e+00   2.1178926e+00   2.2712497e+00   2.0287198e+00   2.6240551e+00   2.7177723e+00   1.6086422e+00   1.1285774e+00   1.8968062e+00   2.2133720e+00   2.2162351e+00   1.9455202e+00   4.5056054e-01
   3.0709347e+00   2.3657195e+00   1.9757224e+00   1.4753832e+00   2.2115965e+00   2.4383988e+00   2.0500606e+00   2.8657718e+00   2.7876581e+00   1.4388036e+00   6.5624209e-01   1.5262707e+00   1.9918665e+00   2.1948280e+00   1.9869256e+00   5.8209313e-01
   2.8152103e+00   2.0749282e+00   1.9510213e+00   1.5310559e+00   2.2520733e+00   2.5580121e+00   2.1596818e+00   3.0327683e+00   2.8774414e+00   1.1480017e+00   8.0545106e-01   1.4265150e+00   1.7153466e+00   1.9106583e+00   1.6592422e+00   4.2636040e-01
   3.5714599e+00   2.5587372e+00   1.4371504e+00   1.4268687e+00   2.3099525e+00   2.4784028e+00   2.1656273e+00   2.9667648e+00   2.5742332e+00   9.9801526e-01   7.8783983e-01   1.2075501e+00   1.4981468e+00   1.7271074e+00   1.5727365e+00   2.9282039e-01
   3.3096315e+00   2.4602572e+00   1.7943462e+00   1.2411950e+00   2.1500775e+00   2.2444805e+00   1.9951073e+00   2.7804760e+00   2.0727462e+00   9.7975334e-01   1.0643868e+00   1.2468665e+00   1.6836879e+00   1.9862022e+00   1.6908272e+00   1.9199867e-01
   2.8476777e+00   2.3677863e+00   2.1779822e+00   1.8238968e+00   2.3047766e+00   2.0453572e+00   2.0318715e+00   2.6885704e+00   1.7796775e+00   7.8071256e-01   1.0018991e+00   1.2502694e+00   1.7974971e+00   2.1158137e+00   1.7210149e+00   2.9372202e-01
   3.0111571e+00   2.2289273e+00   1.5492131e+00   1.5923690e+00   2.3470127e+00   1.8842505e+00   1.9272575e+00   2.7456438e+00   1.5283127e+00   3.6362395e-01   7.3941138e-01   9.8461409e-01   1.4956013e+00   2.0135974e+00   1.6449369e+00   3.3059598e-01
   3.4661829e+00   3.0048637e+00   2.2314208e+00   1.5097995e+00   2.5166005e+00   2.2315663e+00   1.9144851e+00   2.7806060e+00   1.0869911e+00   4.2496313e-01   8.6378876e-01   8.9503362e-01   1.6750859e+00   2.1229124e+00   1.7699177e+00   3.6955782e-01
   3.4803218e+00   2.6988109e+00   1.9851012e+00   1.6425482e+00   2.5239539e+00   2.2431889e+00   1.8091994e+00   2.5962830e+00   6.8486051e-01   2.1440205e-01   5.8109763e-01   5.7595715e-01   1.3371382e+00   1.8754499e+00   1.5661375e+00   2.7927906e-01
   3.0780792e+00   2.7158183e+00   1.9798621e+00   1.9233693e+00   2.2917879e+00   2.1906111e+00   2.0571954e+00   2.0864860e+00   6.2215383e-01   4.5187318e-01   4.1551567e-01   4.3575881e-01   1.0564423e+00   1.6521075e+00   1.4215564e+00  -6.2888171e-02
   2.8276157e+00   2.6684611e+00   2.2407903e+00   1.6156102e+00   2.2607457e+00   2.2111634e+00   1.9152823e+00   1.8189946e+00   6.1307734e-01  -2.7593713e-01   3.6050259e-01   5.0021510e-01   1.0178572e+00   1.5655677e+00   1.2191781e+00  -1.1214463e-01
   3.1394634e+00   2.8458107e+00   1.6258821e+00   1.5552890e+00   2.0689618e+00   2.0924657e+00   1.9988991e+00   1.7403708e+00   5.8180077e-01   4.8282299e-02   5.5646677e-01   3.5745979e-01   1.1862300e+00   1.5597811e+00   1.1312116e+00  -4.3678563e-02
   3.6367437e+00   2.9136139e+00   1.7965494e+00   2.0691052e+00   2.1449790e+00   1.8012799e+00   2.1078920e+00   1.7851477e+00   2.6358315e-01   2.0382693e-01   5.0608712e-01   4.0752826e-01   1.2774785e+00   1.7096711e+00   1.3190186e+00   6.6581675e-02
   2.9713925e+00   2.4246914e+00   1.7921022e+00   2.0832670e+00   2.1308180e+00   1.9481464e+00   2.1680027e+00   1.6691414e+00   4.6478644e-01   2.9190064e-02   3.6715894e-01   4.7800415e-01   1.0928502e+00   1.5792788e+00   1.1514030e+00  -7.3862124e-02
   3.7459242e+00   2.9858840e+00   1.4041666e+00   1.7616938e+00   2.0865743e+00   1.9116642e+00   2.1096087e+00   1.4355112e+00   3.8204560e-01   2.2287505e-01   2.7128424e-01   3.5762325e-01   1.0170656e+00   1.4999877e+00   1.1055025e+00  -3.1277373e-01
   3.0478039e+00   1.4732237e+00   1.2708372e+00   2.1642069e+00   2.2979326e+00   1.7779002e+00   1.7550485e+00   1.2963807e+00   4.5254270e-01   9.5815977e-02   4.2406299e-01   3.7565862e-01   8.0050985e-01   1.4482121e+00   1.0751537e+00  -4.1588661e-01
   2.6582240e+00   2.4513331e+00   1.6513232e+00   1.9245315e+00   2.1262600e+00   1.7266577e+00   1.4565423e+00   9.7813729e-01   5.1853969e-01   3.1020188e-03   2.7731524e-01   6.1471853e-01   5.4892161e-01   9.5829887e-01   7.3782519e-01  -5.6727480e-01
   3.2822048e+00   2.7559461e+00   1.7312862e+00   1.9634947e+00   2.2359526e+00   1.4569510e+00   1.3927916e+00   1.0837133e+00   2.9236181e-01   3.1609233e-01   6.1696280e-01   5.4215924e-01   2.7462664e-01   2.5489881e-01   1.5464601e-01  -6.4058984e-01
   3.1230593e+00   2.0049678e+00   1.7283099e+00   1.6924606e+00   1.8974753e+00   1.3442395e+00   1.1715925e+00   6.5567795e-01  -1.9460412e-01   3.4169751e-01   5.7229616e-01   3.5662064e-01   3.3158626e-01   3.1574032e-01  -3.0513956e-01  -6.4405092e-01
   3.1103858e+00   2.7782831e+00   1.9140175e+00   1.3183821e+00   1.5968525e+00   1.0251176e+00   9.5006655e-01   3.5284677e-01   1.6906585e-01   3.3882409e-01   2.8787415e-01   3.3674071e-01   1.3561302e-01  -2.2894143e-01  -3.0557869e-01  -7.0639556e-01
   3.1098553e+00   2.6361596e+00   1.4898412e+00   1.5367134e+00   9.1537717e-01   1.1461817e+00   9.5204197e-01   4.2458464e-01   2.2526709e-01   4.3216545e-01   3.6310230e-01   3.4859169e-01   3.6953189e-01  -3.8472867e-01  -5.4842826e-01  -8.6634829e-01
   2.7155901e+00   2.4123110e+00   1.0588908e+00   1.0616275e+00   8.5358282e-01   9.2422827e-01   1.3311886e+00   5.4548622e-01   2.5959852e-01   1.5565821e-01   3.1490937e-01   1.0274826e-01   1.4645386e-01  -5.4506924e-01  -4.2964774e-01  -8.3400383e-01
   2.9102886e+00   1.7640601e+00   1.5949224e+00   1.5490368e+00   7.9269150e-01   1.2426017e+00   9.2109849e-01   8.7886491e-02   6.8688961e-02   1.6259385e-01   2.6767906e-01   3.4864396e-01   2.7388883e-01  -3.5109061e-01  -3.7370619e-01  -8.2830296e-01
   2.2619489e+00   1.5479133e+00   1.1190301e+00   1.3712720e+00   1.3238527e+00   1.3510813e+00   8.3801856e-01   6.2061156e-01   3.8914691e-01  -1.3360149e-01   2.9257925e-01   2.9801913e-01  -5.0344991e-02  -2.9284776e-01  -3.1741190e-01  -6.9319209e-01
   2.5436430e+00   1.9607256e+00   1.7548939e+00   9.3386053e-01   9.0586392e-01   8.1370630e-01   4.8083745e-01   2.8924348e-01  -1.8064012e-02   4.5012486e-02   3.1693829e-01   4.5218016e-01  -2.2708027e-01  -4.4433918e-01  -5.0941712e-01  -8.1960623e-01
   3.0152378e+00   2.3044021e+00   1.4302268e+00   5.8870178e-01   8.6033620e-01   8.3921602e-01   4.7209431e-01  -3.5877211e-02   1.4984285e-01   2.3237736e-01   3.1372738e-01   3.5989228e-01  -1.9446221e-01  -5.0533278e-01  -5.1467090e-01  -9.6649145e-01
   2.9632009e+00   2.6950663e+00   1.4023058e+00   9.2510805e-01   1.2218271e+00   8.7617477e-01   2.1425274e-01   2.2692989e-01  -7.8680845e-02  -1.3756426e-01   2.2056040e-01   1.0671459e-02  -1.4566178e-01  -5.3320419e-01  -7.4172794e-01  -7.0896052e-01
   2.8542540e+00   2.2423943e+00   1.2624623e+00   6.8529226e-01   1.0757918e+00   9.3815809e-01   6.2327671e-01   1.7009979e-01  -1.0975882e-01  -2.4365860e-02   2.3269464e-01   3.4097320e-01   7.2173623e-02  -6.6117884e-01  -8.4273182e-01  -9.1416840e-01
   2.6393795e+00   1.5490120e+00   1.5560102e+00   9.8960253e-01   9.4118758e-01   3.9353324e-01   3.6846395e-01   3.4050698e-01   1.8321981e-01   2.2253889e-01   1.9153554e-01   1.1131040e-01   3.7367624e-02  -5.9279960e-01  -8.0467391e-01  -8.4979165e-01
   2.3672554e+00   1.5866128e+00   1.1347790e+00   1.1217169e+00   1.2953379e+00   5.9627446e-01   1.7071773e-01   3.5796043e-01   4.8699098e-02  -6.5240199e-02   2.3644429e-01   3.1002161e-01  -5.9737769e-02  -7.2989755e-01  -7.2130259e-01  -9.9880275e-01
   2.4062149e+00   2.2355498e+00   1.5735444e+00   1.4621027e+00   9.3269638e-01   8.0914302e-01   6.2860512e-01   5.1802685e-01   1.9259997e-01  -9.6042849e-02  -9.9546422e-02   9.8900573e-05  -1.6095011e-01  -6.5392237e-01  -6.4138364e-01  -8.5521453e-01
   2.5048873e+00   2.3993908e+00   1.9342390e+00   1.4121538e+00   7.6677605e-01   1.1649979e+00   4.0029230e-01  -3.7418668e-02   3.9301374e-01   5.7087427e-01   4.0425426e-02   5.0358430e-01   4.1789864e-01   4.9363328e-01   3.0981981e-01  -3.6727807e-02
   2.0738900e+00   2.1397792e+00   1.7435930e+00   1.0288569e+00   3.7778056e-01   2.5174245e-01   5.0505170e-01  -4.1473644e-02   7.6994415e-02   2.3717293e-01   5.2038613e-01   3.0311564e-01  -2.1499687e-01  -2.1620417e-01  -4.5213135e-01  -8.3579572e-01
   2.4884110e+00   2.3331893e+00   1.4642954e+00   1.0444462e+00   9.9222580e-01   9.1544327e-01   2.6238153e-01   3.7594551e-02  -2.3926148e-01   1.4745177e-01   2.9726011e-01   1.7786032e-01  -2.0867006e-01  -6.4262332e-01  -7.4339992e-01  -9.4436979e-01
   2.8476569e+00   2.0801697e+00   1.9133515e+00   5.2225920e-01   7.6044291e-01   6.9504569e-01   2.6219317e-01   9.9069488e-02  -3.5273409e-01  -1.1177741e-01  -1.3014020e-01   3.0491308e-01  -1.8042552e-01  -7.0653245e-01  -8.0437550e-01  -1.0916792e+00
   2.6500866e+00   2.1203560e+00   1.8248735e+00   1.0204872e+00   6.6176937e-01   1.0120401e+00   4.4547177e-01   8.4568804e-02  -2.9460103e-02  -6.3698593e-01  -3.1401878e-01  -5.9353911e-02  -6.2058653e-02  -6.3468226e-01  -1.0578226e+00  -1.0306723e+00
