   2.7057207e+00   1.3986388e+00   1.1934408e+00   8.6126315e-01   6.8823438e-01   5.4719464e-01   7.1557928e-01   4.8121738e-01   4.5456781e-01   2.5846865e-01  -2.7526856e-03  -3.2521035e-02  -1.0033222e-01  -2.1349248e-01  -1.8867501e-01  -4.0438138e-01
   2.3049979e+00   1.3652809e+00   9.9013297e-01   5.7380670e-01   7.4700996e-01   4.8943982e-01   5.1696522e-01   4.8392136e-01   3.1273037e-01   1.2838372e-01   6.8560761e-02   1.3021245e-01  -2.5138880e-01  -1.9235934e-01  -1.6346333e-01  -2.4245993e-01
   1.9897353e+00   1.2379664e+00   5.0769603e-01   9.3688462e-01   6.8667712e-01   4.8893678e-01   6.7469715e-01   5.3167060e-01   5.4871628e-01   2.8678752e-01   7.3550495e-02  -3.7656739e-02  -2.1694503e-01  -2.4392918e-01  -2.8236723e-01  -5.3845938e-01
   2.4013248e+00   1.0226686e+00   2.9235393e-01   5.3987614e-01   4.1368247e-01   6.2816325e-01   5.0218832e-01   2.9311764e-01   9.1099817e-01   3.7251752e-01   1.2045499e-01  -8.0495023e-02  -5.3395878e-02  -3.3531765e-01  -1.6037931e-01  -3.6341758e-01
   2.0745441e+00   1.1401567e+00   7.1075986e-01   1.0817045e+00   7.6081739e-01   5.9615717e-01   7.1305954e-01   8.6481224e-01   6.8855441e-01   2.1797053e-01   3.2336087e-01   1.2754218e-01  -1.8623290e-01  -2.7340217e-01  -6.7578176e-02  -3.7903118e-01
   2.1880726e+00   1.3358450e+00   1.0047654e+00   8.3560179e-01   9.6526652e-01   7.2786401e-01   2.9472521e-01   5.9356641e-01   4.8742875e-01   1.0600100e-01   1.3273149e-01   4.9332668e-01  -1.5346539e-01  -2.9946088e-01  -1.7810012e-01  -5.6696930e-01
   1.9686545e+00   9.9749945e-01   7.1465749e-01   7.1066354e-01   7.1631124e-01   3.4473732e-01   3.9824946e-01   5.3577391e-01   7.5016320e-01   2.2919446e-01  -2.6897051e-01   1.2318501e-01  -2.9013710e-01  -2.1714575e-01  -3.3585343e-01  -4.8276804e-01
   1.7770723e+00   8.9300975e-01   9.8836043e-01   1.3382431e+00   6.7886826e-01   5.7443573e-01   7.0539537e-01   5.0967488e-01   3.2156224e-01   5.5251747e-01  -2.7138873e-01   6.4460945e-02  -2.5384733e-01  -1.7604225e-01  -9.6946483e-02  -4.6343077e-01
   1.1295059e+00   1.1320679e+00   8.0529220e-01   9.7713563e-01   1.0501929e+00   1.0209137e+00   7.1848836e-01   1.0083929e+00   8.2364570e-01   4.4438532e-01   2.4105527e-01   2.4324396e-01  -4.9593728e-01  -1.1460218e-01  -1.0250864e-01  -2.6989019e-01
   1.3872155e+00   1.6745415e+00   5.2553842e-01   1.1875053e+00   1.0517096e+00   6.8410428e-01   6.8391094e-01   9.1858266e-01   6.1859360e-01   3.7311057e-01  -2.3593343e-01  -2.9103820e-01  -4.9529265e-01  -1.4761522e-01  -5.6158776e-01  -5.8800333e-01
   2.2563750e+00   1.6084264e+00   1.0314396e+00   8.2006848e-01   3.5081554e-01   6.7237835e-01   7.2108811e-01   9.1284730e-01   6.0943984e-01   2.4815901e-01   9.3585852e-02  -3.0987101e-01  -6.9773357e-01  -2.0506175e-01  -2.9754864e-01  -3.9411039e-01
   1.8085172e+00   1.6295495e+00   6.8995063e-01   9.0742036e-01   3.6371701e-01   4.9694336e-01   4.3925273e-01   3.7184964e-01   7.5017791e-01   5.2520377e-01   3.1758568e-01  -2.1408244e-01  -5.0677935e-01  -4.9771247e-01  -3.9310035e-01  -4.2651527e-01
   1.6554499e+00   1.0063863e+00   7.4258405e-01   1.2711772e+00   9.0156788e-01   6.1889494e-01   4.9563907e-01   7.7236106e-01   5.7558645e-01   5.9502288e-01   4.0494137e-01  -3.6839192e-02  -2.8013267e-01  -6.3355506e-01  -2.0666731e-01  -6.4509079e-01
   1.3904164e+00   8.0233673e-01  -1.5071208e-01   1.1604783e+00   6.9403045e-01   4.4477683e-01   1.4724282e-01   6.5891917e-01   7.7064606e-01   2.8647518e-01  -6.7389330e-03  -1.8641397e-01  -2.5404107e-01  -2.3440789e-01   5.4254285e-02  -3.5661631e-01
   1.9988004e+00   1.4914248e+00   9.8733145e-01   1.1859215e+00   7.1264181e-01   7.4104177e-01   6.2108255e-01   4.8101488e-01   4.9440648e-01   2.9971439e-01   1.5636454e-01   1.4579088e-01  -4.6037316e-01  -3.2818718e-01  -3.9316159e-02  -5.0846611e-01
   2.3150291e+00   1.5949845e+00   4.0910097e-01   4.2262306e-01   4.6499104e-01   1.9697314e-01   3.9992910e-01   9.2891694e-01   7.8302433e-01   2.1515575e-01   6.2798642e-02  -3.3148844e-01  -3.1325371e-01  -4.4910767e-01  -5.9363800e-01  -7.2003750e-01
   2.3028848e+00   1.1666677e+00   5.6285657e-01   6.6060389e-01   2.4970319e-01   7.4661237e-01   4.7170642e-01   3.6930213e-01   4.5497604e-01   1.3294246e-01   7.4491710e-02  -2.0622930e-01  -2.4228392e-01  -4.1482980e-01  -7.4307472e-01  -9.1760575e-01
   2.5588342e+00   1.4511604e+00   1.5317010e-01   9.4944540e-01   7.7479365e-01   7.1513946e-01   7.3483830e-01   8.1116317e-01   5.3342645e-01  -1.0537593e-01   1.2289997e-02   3.8224660e-02  -3.1098669e-01  -5.2015671e-01  -3.6022371e-01  -6.0991436e-01
   2.9698531e+00   2.0182302e+00   5.3100392e-01   1.1792499e+00   1.1437338e+00   8.4610141e-01   8.9065861e-01   8.1756302e-01   7.3325089e-01  -1.0400782e-01  -1.3040363e-01   1.5957699e-02  -2.7828768e-01  -4.8789000e-01  -2.8586664e-01  -3.8650871e-01
   2.5529238e+00   1.3773779e+00   3.2967984e-01   1.0166664e+00   1.4234489e+00   1.2661800e+00   7.3069430e-01   8.2089563e-01   6.8179152e-01   4.1474595e-02   3.9763309e-02  -2.7473503e-01  -4.4219014e-01  -3.3603509e-01  -5.8307057e-01  -5.5818030e-01
   2.3428275e+00   1.3015719e+00   4.8135282e-01   1.0670746e+00   1.2609334e+00   1.1429223e+00   7.6219860e-01   4.9154368e-01   4.1344405e-01   2.4371422e-01   2.1751933e-01  -2.0853788e-01  -2.9562818e-01  -2.0802983e-01  -4.8497573e-01  -6.0409411e-01
   2.5169311e+00   8.4536268e-01   7.3954501e-01   8.3427547e-01   6.7656432e-01   1.0070496e+00   7.4868307e-01   9.7183009e-01   6.5290852e-01   2.7010917e-01   9.0726168e-02  -1.1253117e-02  -4.1936433e-01  -4.9436007e-01  -1.2358444e-01  -4.9276238e-01
   1.9490528e+00   7.7038910e-01   1.1703782e+00   1.3972457e+00   6.1416436e-01   2.5676691e-01   2.2442151e-01   5.9989435e-01   3.6655041e-01  -3.5125003e-02  -1.6976689e-01  -1.1222857e-01  -4.2859197e-01  -3.2036085e-01  -2.1586740e-01  -6.2379803e-01
   1.9678362e+00   8.0386598e-01   3.9178015e-01   9.6826897e-01   6.8623878e-01   5.4783207e-01   4.4366960e-01   4.6685617e-01   3.2321697e-01   2.3087766e-01   1.1982870e-01  -3.0651494e-01  -3.9035487e-01  -3.2665408e-01  -3.1027516e-01  -6.6035626e-01
   2.4642478e+00   1.1542148e+00   2.4945861e-01   5.2699011e-01   9.9744173e-01   2.1043067e-01   5.7509551e-02   6.5654163e-01   7.6240689e-01   1.2956924e-01   5.3264045e-02  -2.5959098e-01  -9.1984760e-02  -1.7165652e-01  -2.2698347e-01  -4.8549035e-01
   2.5039766e+00   1.5971096e+00   7.0735529e-01   1.1595407e+00   5.4103103e-01   3.3957427e-01   5.8102226e-01   6.6191499e-01   7.2853553e-01   4.6645785e-01  -2.5086300e-02  -6.1087059e-01  -5.5580805e-01  -5.4896754e-01  -2.6884955e-01  -3.6817812e-01
   1.9964334e+00   1.4895142e+00   5.0315655e-01   9.2930105e-01   7.4989259e-01   8.7474395e-01   3.5192767e-01   6.7602990e-01   4.7401822e-01  -1.3160008e-01  -4.2535765e-02  -1.2221771e-02  -1.6321650e-01  -2.2212055e-01  -1.6769279e-01  -4.8275422e-01
   2.0961497e+00   1.1619739e+00   6.0413045e-01   9.8045751e-01   5.3076979e-01   4.1830135e-01   4.8972270e-01   9.8027034e-01   4.3076392e-01   7.0675580e-02   8.2870765e-02  -1.9302075e-01  -2.1969308e-01  -7.0990390e-02   3.4963667e-01   1.5225419e-02
   2.1151586e+00   1.4481356e+00   4.2323563e-01   9.1916167e-01   7.8513983e-01   9.3947264e-01   7.2027886e-01   6.8730557e-01   3.8860791e-01   4.9810211e-01   3.5822240e-01  -2.2080852e-01  -2.6154864e-01  -1.9418705e-01   3.3031991e-01  -1.8514344e-01
   2.1287759e+00   1.5698309e+00   9.3553477e-02   7.7573841e-01   7.8305187e-01   9.5080929e-01   6.1577515e-01   1.5671143e-01   2.0356638e-01   4.3465084e-01   2.3310212e-01  -1.1224974e-01   1.4333575e-02   6.3890924e-02   1.4924798e-01  -3.5224621e-01
   2.2217315e+00   9.9057993e-01   5.2050371e-01   1.1366337e+00   8.2599764e-01   9.7463466e-01   9.4933416e-01   6.8975737e-01   7.1748505e-01   6.1668137e-01   3.7382207e-01  -5.9165287e-02   2.6374804e-02   1.9818871e-01  -2.3623469e-01  -1.3628116e-01
   2.1808697e+00   1.5703619e+00   8.8739541e-01   1.3542512e+00   7.7285059e-01   1.0014742e+00   8.6967341e-01   4.8643823e-01   3.7276124e-01   6.0626292e-01   5.6134232e-01   3.4818707e-01   4.8732195e-01   3.7101338e-01   2.1455850e-01  -1.9987705e-01
   1.9161406e+00   1.5517266e+00   1.3315335e+00   1.5561179e+00   9.3484587e-01   1.0986318e+00   8.1874696e-01   6.9838018e-01   8.6986338e-01   9.4787563e-01   1.1563113e+00   7.7077531e-01   1.1426136e+00   1.3487942e+00   1.0825565e+00  -6.0928542e-01
   1.7825426e+00   1.3808520e+00   1.5899591e+00   1.9940667e+00   1.2589268e+00   6.1598529e-01   6.2513778e-01   8.1005379e-01   7.5272111e-01   1.4857346e+00   1.6172055e+00   1.2390652e+00   1.6509108e+00   2.2105980e+00   2.0243637e+00  -1.1103459e-02
   2.5634984e+00   1.6229235e+00   1.5272940e+00   2.0555746e+00   1.1854838e+00   4.3588611e-01   5.2949346e-01   8.9548941e-01   4.0329827e-01   1.2163810e+00   1.8375220e+00   1.3912790e+00   1.7408905e+00   2.6847710e+00   2.5596303e+00   2.7039999e-01
   2.0713985e+00   1.1453302e+00   1.2605001e+00   2.1390458e+00   6.0084608e-01   3.2168232e-01   5.3266060e-01   5.5547711e-01   2.2505818e-01   1.3845787e+00   2.1032336e+00   1.8598140e+00   1.8875841e+00   2.9008827e+00   2.8400154e+00   5.6453497e-01
   2.2319780e+00   1.8652793e+00   1.4674504e+00   2.1003958e+00   1.2542895e+00   7.2847815e-01   6.0977555e-01   3.9343355e-01   3.8581475e-01   1.1251234e+00   2.0828393e+00   1.8755998e+00   1.8229012e+00   2.9885577e+00   2.9888926e+00   8.3588428e-01
   2.0649563e+00   1.3331730e+00   1.5909592e+00   2.0384858e+00   1.2209449e+00   8.3245298e-01   7.3094644e-01   6.8996347e-01   4.2301786e-01   9.2512993e-01   1.8685814e+00   1.6995539e+00   1.6077389e+00   2.8752921e+00   2.8646177e+00   6.7459517e-01
   1.6896913e+00   1.3522637e+00   1.5394603e+00   2.2342117e+00   1.0945913e+00   9.0434588e-01   6.9525394e-01   6.2854861e-01   2.0812916e-01   7.2675090e-01   2.0962592e+00   1.9075344e+00   1.6396778e+00   2.7821757e+00   2.8062506e+00   5.0618112e-01
   2.1532543e+00   1.5970469e+00   1.4817797e+00   2.1575040e+00   1.0778430e+00   9.1788873e-01   6.0406572e-01   2.6631349e-01   1.4757044e-01   4.1623307e-01   1.9799681e+00   1.6940824e+00   1.2922145e+00   2.3839137e+00   2.3944535e+00   3.5532025e-01
   1.7742323e+00   1.0733439e+00   1.2118777e+00   1.6494896e+00   1.0901637e+00   6.4542615e-01   5.6956548e-01   7.0900223e-01   7.1867116e-01   4.5643128e-01   1.6639822e+00   1.6026370e+00   1.1200136e+00   2.2049897e+00   2.1901698e+00   3.9049260e-01
   2.6117769e+00   1.2578972e+00   1.7560038e+00   1.8012902e+00   6.2393930e-01   7.6037646e-01   4.8940964e-01   7.9044243e-01   3.8040518e-01   4.0703462e-01   1.3682866e+00   1.3380462e+00   8.9269965e-01   2.0657075e+00   2.0100276e+00   1.7090277e-01
   2.2517995e+00   1.3011883e+00   1.2797648e+00   1.3581986e+00   7.7236344e-01   7.3453623e-01   4.6375463e-01   7.5630691e-01   4.6021934e-01   3.1211650e-02   1.2134753e+00   1.3719078e+00   1.0213508e+00   2.0026543e+00   2.0036409e+00   3.2097730e-01
   2.1985274e+00   9.8429947e-01   1.1903671e+00   1.5580490e+00   1.0931421e+00   8.7294344e-01   7.9805501e-01   8.6589274e-01   1.7954709e-01   5.4486916e-01   1.2364797e+00   1.3739354e+00   7.4139792e-01   1.7200861e+00   1.6680642e+00   2.3657261e-01
   2.8342856e+00   1.5552301e+00   1.1400643e+00   1.1400141e+00   9.3442745e-01   9.3271363e-01   8.0439587e-01   1.1217442e+00   6.9468426e-01   4.1624930e-01   1.0685636e+00   1.1693364e+00   7.5197154e-01   1.5188499e+00   1.3271415e+00  -1.3112883e-01
   2.7497357e+00   1.3590437e+00   1.3532754e+00   1.0818619e+00   8.1946446e-01   1.1854067e+00   6.8711267e-01   6.3728904e-01   7.2668339e-01   2.8550670e-01   5.8413318e-01   6.3226226e-01   1.3528768e-01   1.0858550e+00   7.3360380e-01  -4.1865059e-01
   2.3595037e+00   1.5013770e+00   8.3453232e-01   1.1640392e+00   7.7424789e-01   1.1672220e+00   1.0252705e+00   1.0267765e+00   5.3178271e-01   2.8441068e-01   3.6378656e-01   3.5557751e-01  -3.1242739e-01   1.7625521e-01   2.6505504e-02  -3.8277217e-01
   2.2859221e+00   1.0188084e+00   1.1236684e+00   1.2823807e+00   2.1519873e-01   7.7769660e-01   8.4016022e-01   9.4832795e-01   2.7207497e-01   3.0397185e-01   6.6969650e-01   1.0121529e+00   2.6285283e-01   1.3325436e+00   1.0623242e+00  -2.5429195e-01
   2.9728004e+00   1.9117481e+00   1.4240483e+00   1.4076125e+00   9.2701802e-01   6.8877612e-01   3.6194195e-01   9.9904917e-01   9.0224234e-01   6.7140461e-01   2.3295357e-01   3.3147512e-01   2.7434791e-03   3.8934666e-01   1.8483989e-01  -3.9453900e-01
   2.5544500e+00   2.0917135e+00   1.1024667e+00   1.0279815e+00   3.9575589e-01   5.9850074e-01   7.0753280e-01   7.5333455e-01   6.0246884e-01   5.3363295e-01   2.1343428e-01   1.8073368e-01   9.7600423e-02   1.6880131e-01   6.9759458e-03  -3.8710270e-01
   2.5791921e+00   1.7312297e+00   1.4559409e+00   1.1234259e+00   6.9856064e-01   6.6337050e-01   4.9087931e-01   1.1720640e+00   8.3492205e-01   5.8855966e-01   3.8894253e-01   2.0493622e-01   1.0017289e-01   1.5873894e-01   3.7935617e-02  -4.2683576e-01
   2.6713377e+00   1.4652256e+00   8.7491585e-01   8.3536989e-01   7.3195231e-01   4.4604131e-01   4.7112490e-01   8.2577001e-01   1.0904636e+00   3.5609423e-01   4.3183786e-01   5.3253951e-02   1.4887339e-02  -8.8551640e-02  -6.1511101e-02  -4.7030841e-01
   2.8800733e+00   1.7304781e+00   5.2855247e-01   8.0299249e-01   9.1351451e-01   3.1073207e-01   3.1249789e-01   7.1614934e-01   8.5184609e-01   3.6523491e-01   4.9559278e-02  -1.7927435e-01  -3.8578670e-01  -4.0548861e-01  -4.7351272e-01  -6.0821531e-01
   2.3960949e+00   1.8490848e+00   1.1370344e+00   1.0470804e+00   5.5611767e-01   5.9586187e-01   5.6090273e-01   8.3211649e-01   4.6783742e-01   2.1490708e-01  -1.4732948e-01   1.7283658e-02  -1.6800238e-01  -5.3755683e-01  -7.2000790e-01  -9.9013638e-01
   1.8883871e+00   1.0641863e+00   1.1491691e+00   1.1845303e+00   6.7064869e-01   5.4124458e-01   5.1729178e-01   7.7629244e-01   6.3637051e-01   2.8302065e-01  -1.0051562e-01  -4.9233984e-01  -4.9993251e-01  -4.7299312e-01  -4.1464212e-01  -7.1240663e-01
   2.4219884e+00   1.3220480e+00   1.0725574e+00   1.2532470e+00   5.3997062e-01   9.8068196e-01   4.6682568e-01   5.5822529e-01   5.5554404e-01   3.2994209e-01  -1.5302689e-01   2.4143876e-02  -3.4698893e-01  -5.6358280e-01  -5.0573120e-01  -6.3553261e-01
   1.8103761e+00   8.0239584e-01   5.7059309e-01   1.0555430e+00   6.4563002e-01   8.1237141e-01   7.1069863e-01   5.3453499e-01   3.0329197e-01   2.1842082e-01   1.4247497e-02  -3.5402288e-01  -3.0498844e-01  -2.7185044e-01  -3.7531976e-01  -4.5685471e-01
   2.3068008e+00   1.7764474e+00   6.4628397e-01   9.7571098e-01   7.5497194e-01   9.8087376e-01   3.8601991e-01   6.2973451e-01   6.7897780e-01   2.2512021e-01   1.0844171e-01  -3.1651640e-01  -3.0131961e-01  -2.5571974e-01  -3.7310458e-01  -7.0583803e-01
   2.5933752e+00   1.4869812e+00   5.2155621e-01   1.1797222e+00   7.1741065e-01   1.0675731e+00   3.3192664e-01   7.4148618e-01   7.4295140e-01   3.1675842e-01  -1.6459305e-01  -1.6544483e-01  -2.2152773e-01  -3.0017417e-01  -3.8975653e-01  -5.7615975e-01
   2.4037614e+00   1.3110444e+00   5.2419978e-01   6.2366214e-01   8.6412321e-01   8.3885693e-01   3.9835723e-01   1.2355574e-01   1.0998808e-01  -2.7780264e-01  -9.2456406e-02  -1.0051769e-01  -2.4055353e-01  -3.4949345e-01  -3.8715645e-01  -3.8828127e-01
   2.3170803e+00   1.7475765e+00   1.1645495e+00   6.3413192e-01   7.9871571e-01   6.0133152e-01   6.2797032e-01   3.9730037e-01   3.7090376e-01   1.0934069e-01   2.9435041e-01  -7.1979622e-02  -2.6880616e-01  -3.5445510e-01  -3.0873734e-01  -4.7086049e-01
   2.2007844e+00   1.5533776e+00   1.1502092e+00   1.1439985e+00   1.0369841e+00   1.2458843e+00   6.8459902e-01   4.3261197e-01   6.3913583e-02   1.8720252e-01   5.4846952e-01   3.5803682e-02  -4.1412841e-01  -6.2327685e-01  -5.9520523e-01  -5.3141124e-01
   2.5466605e+00   1.7709639e+00   8.5859895e-01   1.2997375e+00   1.0395117e+00   7.0868945e-01   5.4861624e-01   7.8963805e-01   5.1818919e-01  -5.3903113e-02   1.0415410e-01  -3.4477110e-01  -2.3115736e-01  -5.3039196e-01  -2.8233558e-01  -5.5751860e-01
   1.9256820e+00   1.3793774e+00   1.4048457e+00   1.4713418e+00   1.0050061e+00   7.9399304e-01   7.5646403e-01   1.1314379e+00   4.7563305e-01   2.6451782e-01  -3.0283293e-02   2.3683193e-01  -5.7603588e-02  -2.9836178e-01  -2.9064482e-01  -6.7474802e-01
   2.3883605e+00   1.0370643e+00   1.0795761e-01   6.4995311e-01   8.3379609e-01   8.7778618e-01   1.2359230e+00   1.1124350e+00   8.5242434e-01   4.4538267e-01   6.4405505e-02  -1.1459192e-01  -1.5055900e-01  -2.4364350e-01  -3.0477040e-01  -5.0247041e-01
   2.6415660e+00   1.2453035e+00   2.3734684e-01   1.0357061e+00   8.7868321e-01   1.0845826e+00   1.0503049e+00   9.5650986e-01   8.0990896e-01   4.9409056e-01  -8.5684312e-02  -1.1288830e-02  -2.1358545e-01  -5.3441019e-02  -3.7167222e-01  -3.7105891e-01
   2.6626732e+00   1.3145144e+00   8.7753430e-01   8.4478863e-01   5.9798314e-01   6.6363540e-01   8.0258931e-01   8.2963141e-01   6.7361761e-01   1.9489673e-01   1.1596787e-01  -3.1721985e-01  -2.8909608e-01  -1.8490794e-01  -3.4204344e-01  -4.7922412e-01
   2.3938616e+00   1.0691664e+00   1.1184313e+00   5.5962825e-01   5.0506945e-01   9.2839553e-01   1.0748411e+00   6.5127352e-01   2.7432303e-01   7.3888482e-02  -1.1426961e-02  -2.7878433e-01  -6.1203655e-01  -5.1739175e-01  -3.4270148e-01  -5.3648871e-01
   2.5585609e+00   8.0748460e-01   6.2413016e-01   6.4097268e-01   6.2459977e-01   6.4942634e-01   7.0330696e-01   5.4850404e-01   6.9906844e-01   2.1094012e-01  -4.3923262e-01  -8.6361373e-02  -4.3386338e-01  -6.5112122e-01  -2.2447257e-01  -4.3351282e-01
   2.8729691e+00   1.2069517e+00   6.9419652e-01   1.1270117e+00   8.5303268e-01  -1.3984717e-01   1.7008297e-01   4.2708657e-01   3.1180275e-01   1.2411380e-01  -4.6904630e-02  -3.7730479e-01  -4.3199927e-01  -5.6616620e-01  -1.0489214e-01  -5.8476150e-01
   2.7857436e+00   1.1306088e+00   6.1102145e-01   1.0976678e+00   7.5499799e-01   9.7030130e-01   1.1883093e+00   5.3800865e-01   4.3389961e-01   7.2626701e-02   1.7891805e-01  -7.4879509e-02  -2.0376885e-01  -5.4964850e-01  -4.4134185e-01  -4.6245325e-01
   2.7337904e+00   1.8047889e+00   9.5068555e-01   1.0982727e+00   4.9982451e-01   7.7356930e-01   9.9068624e-01   5.2636331e-01   8.4941216e-02  -8.0732907e-02   3.3202162e-01   4.8714227e-02  -6.2194183e-02  -3.7781536e-01  -3.9630437e-01  -3.5936523e-01
   2.7916171e+00   8.6150990e-01   4.8561407e-01   1.1773674e+00   9.4196996e-01   5.8828260e-01   4.7796818e-01   5.5860451e-01   2.1650070e-01   1.2524838e-01  -2.1197397e-02  -3.3788669e-02  -3.8123196e-01  -7.2487533e-01  -5.4915411e-01  -5.5029079e-01
   2.7512382e+00   9.6147870e-01   4.8571977e-01   1.3306001e+00   1.0418232e+00   5.4970839e-01   8.6963166e-01   6.2315833e-01   1.8957214e-01   1.3493404e-01  -2.0845058e-01  -3.8469969e-01  -4.2603315e-01  -4.7483967e-01  -4.3966977e-01  -6.2323224e-01
   2.4482360e+00   1.0295685e+00   8.5523406e-01   1.0760249e+00   7.3739699e-01   8.2535561e-01   8.6261799e-01   8.1230264e-01   4.2326697e-01   1.1414995e-01  -3.2128719e-01  -2.0361163e-01  -3.4887060e-01  -4.5947943e-01  -4.0898091e-01  -7.5979716e-01
   2.6808602e+00   1.3100655e+00   7.5790271e-01   7.4742934e-01   5.1610311e-01   1.1227136e+00   1.0345542e+00   7.0217440e-01   5.4961051e-01   2.6428563e-01  -1.8315398e-01  -8.9980561e-03  -2.2786919e-01  -1.6285725e-01  -2.0698723e-01  -3.9335458e-01
