   2.4358990e+00   1.9273068e+00   5.1542975e-01   7.4104902e-01   3.3118212e-01   5.8711868e-02  -8.9519014e-01  -1.5871983e+00  -1.1853152e+00  -1.3321996e+00  -1.5601674e+00  -1.7918393e+00  -2.0471657e+00  -2.3099234e+00  -2.2544038e+00  -2.0531876e+00
   1.6541754e+00   1.0658282e+00   9.6232349e-01   5.9106136e-01  -1.7944031e-01  -3.6391250e-01  -8.3885194e-01  -1.1208135e+00  -1.2843548e+00  -1.7664839e+00  -1.2886300e+00  -1.4233794e+00  -1.9164946e+00  -2.3366868e+00  -2.2183913e+00  -2.1788841e+00
   1.5186267e+00   1.6997020e+00   2.9128712e-01   6.8769662e-01   1.1383002e-01  -8.6236217e-01  -1.0216432e+00  -1.1185151e+00  -9.0909042e-01  -1.6152053e+00  -1.2209287e+00  -1.6852619e+00  -1.9257673e+00  -2.2548278e+00  -2.2758069e+00  -2.0067437e+00
   2.3131823e+00   2.4342385e+00   1.1324698e+00  -3.7198693e-01  -3.6388296e-01  -5.2231797e-01  -5.8742586e-01  -1.0939690e+00  -1.1109543e+00  -1.4196616e+00  -1.2274471e+00  -1.6406037e+00  -2.1682980e+00  -2.2929069e+00  -1.9741309e+00  -2.0463708e+00
   2.0168948e+00   1.4778121e+00   6.3438421e-01   2.9567127e-01  -1.4971881e-01  -4.8723672e-01  -6.6172628e-01  -9.4162295e-01  -1.6663667e+00  -1.5371777e+00  -1.2677477e+00  -1.5233674e+00  -2.2377488e+00  -2.3339911e+00  -1.8712051e+00  -2.1358827e+00
   1.7826313e+00   2.0992112e+00   6.2602722e-01   1.9063943e-01   3.5635033e-01  -9.0777489e-01  -8.5832608e-01  -9.6117200e-01  -1.1893222e+00  -1.5146074e+00  -1.2483480e+00  -1.5446415e+00  -1.8251894e+00  -2.1891001e+00  -2.0425133e+00  -1.9319241e+00
   2.6323026e+00   2.3825638e+00   9.5165592e-01   1.5786696e-01  -2.1193263e-01   7.6942744e-02  -3.8916964e-01  -7.4989471e-01  -1.1785557e+00  -1.3017931e+00  -1.0542334e+00  -1.1735639e+00  -1.5298873e+00  -1.6157442e+00  -1.5860823e+00  -1.5035555e+00
   2.8529330e+00   2.4048480e+00   1.1786424e+00   6.9957408e-01  -3.9035519e-01   8.1406949e-02  -5.6999972e-01  -8.5226656e-01  -1.3683674e+00  -1.3081754e+00  -1.4340085e+00  -1.6405625e+00  -1.8770991e+00  -1.8815823e+00  -1.9775391e+00  -1.8867370e+00
   2.8045171e+00   2.7085630e+00   8.1314780e-01   2.4248948e-01  -3.8075814e-01  -3.7416503e-01  -6.4287258e-01  -9.3112438e-01  -1.2209767e+00  -1.0545863e+00  -1.1073324e+00  -1.4867866e+00  -1.9435157e+00  -1.9694255e+00  -2.1265955e+00  -1.9748785e+00
   2.4183347e+00   2.6308217e+00   6.4501817e-01  -4.4602198e-04  -2.8072246e-01  -3.0185657e-01  -8.0854141e-01  -1.4009472e+00  -1.1913137e+00  -1.4602648e+00  -1.2814687e+00  -1.4779781e+00  -1.8547763e+00  -2.0894934e+00  -2.1583147e+00  -1.9547330e+00
   2.5292929e+00   2.2113986e+00   2.3237318e-01   2.7457885e-02  -1.0832428e-02  -6.3318450e-01  -1.0908251e+00  -8.6964676e-01  -1.3298622e+00  -1.4669487e+00  -1.3962879e+00  -1.5766708e+00  -1.8128978e+00  -1.9524913e+00  -1.9358480e+00  -1.9834166e+00
   2.6796034e+00   2.4285804e+00   2.7795812e-01  -1.3460218e-01  -2.9379265e-01  -3.0949445e-01  -7.9868695e-01  -9.4301953e-01  -1.8222580e+00  -1.7683995e+00  -1.3841366e+00  -1.7609009e+00  -1.9855692e+00  -2.5167144e+00  -2.2741137e+00  -2.2061844e+00
   2.4716803e+00   2.5391193e+00   7.0237129e-01  -8.1190241e-02   9.0436160e-02  -1.8549748e-01  -5.2598761e-01  -8.8934748e-01  -1.3036368e+00  -1.4988413e+00  -1.2204164e+00  -1.4015471e+00  -1.6124257e+00  -1.7050912e+00  -1.7296038e+00  -1.6859615e+00
   2.5598055e+00   2.2052469e+00   4.4924051e-01   2.4942529e-01  -3.6497104e-02  -7.9027615e-01  -9.4009284e-01  -9.3288804e-01  -1.1488207e+00  -1.4474331e+00  -1.0979872e+00  -1.3215202e+00  -1.6249981e+00  -1.8241741e+00  -1.8064804e+00  -1.8305538e+00
   2.2961069e+00   1.7464875e+00   1.8833376e-01   2.5911911e-01  -3.1537947e-01  -4.4542071e-01  -7.7402593e-01  -1.0054195e+00  -1.1345915e+00  -1.4484623e+00  -1.2481469e+00  -1.7303014e+00  -2.1975942e+00  -2.4377167e+00  -2.1734610e+00  -2.2009817e+00
   2.2268434e+00   1.9656325e+00   5.0799540e-01   5.3662588e-02  -2.8687328e-01  -1.7404841e-01  -5.0240880e-01  -1.3218093e+00  -1.3679900e+00  -1.3504840e+00  -1.2888322e+00  -1.6463569e+00  -2.1794519e+00  -2.3327405e+00  -1.9765645e+00  -2.0752354e+00
   1.8597634e+00   1.2113240e+00   5.8452573e-01  -4.2410563e-01  -1.9222166e-01  -3.2456768e-01  -9.3644681e-01  -1.1318863e+00  -1.5595178e+00  -1.4674738e+00  -1.3389701e+00  -1.7571849e+00  -2.2004538e+00  -2.4631901e+00  -2.2771459e+00  -2.1594787e+00
   1.8046905e+00   2.1153339e+00   4.8433244e-01   1.1170151e-01  -3.7874017e-02  -5.1447731e-01  -1.1160749e+00  -1.3012020e+00  -1.6104422e+00  -1.5721548e+00  -1.4504013e+00  -1.8978975e+00  -1.9532134e+00  -2.3053935e+00  -2.4042460e+00  -2.2873862e+00
   2.8227264e+00   2.5184461e+00   9.1028605e-01   4.6978434e-01  -1.9662772e-02   3.8559292e-02  -6.2790614e-01  -7.9685345e-01  -1.1569947e+00  -1.5288012e+00  -1.4101702e+00  -1.5417385e+00  -2.0297765e+00  -2.0583687e+00  -2.1443339e+00  -2.0998643e+00
   2.6331176e+00   2.5617747e+00   7.9278191e-01   5.1006816e-01  -9.7198662e-02  -2.6366309e-01  -6.9518420e-01  -1.2360433e+00  -1.3582190e+00  -1.3964544e+00  -1.3940704e+00  -1.8392204e+00  -1.9941982e+00  -2.3920199e+00  -2.0228174e+00  -2.0943401e+00
   2.5275580e+00   2.6008694e+00   1.1419156e+00   4.7120005e-01  -4.4980295e-01  -7.0480487e-01  -7.7528954e-01  -1.0813537e+00  -1.2250834e+00  -1.0920233e+00  -1.3302267e+00  -1.5609572e+00  -1.7451054e+00  -1.8253909e+00  -1.7398586e+00  -1.6945507e+00
   2.9098966e+00   2.9278685e+00   8.9283960e-01   2.7080771e-01  -3.8988141e-01  -1.1136899e+00  -1.0885697e+00  -6.3691014e-01  -1.2043811e+00  -1.5211618e+00  -1.3971117e+00  -1.6534409e+00  -1.7549210e+00  -2.1870841e+00  -2.4018090e+00  -2.3354367e+00
   2.5100625e+00   1.8870026e+00   2.9537823e-01   3.9709411e-01   3.0255072e-02  -3.1268758e-02  -7.1498728e-01  -1.2236233e+00  -1.2829608e+00  -1.4545503e+00  -1.2086893e+00  -1.5385902e+00  -1.8960436e+00  -2.0822101e+00  -2.2580483e+00  -2.0784721e+00
   2.3255550e+00   2.0485746e+00   5.2912351e-02   9.3299931e-02  -3.2358970e-01  -5.9148340e-01  -1.0563627e+00  -8.3080978e-01  -1.4766763e+00  -1.6792702e+00  -1.2256221e+00  -1.6109573e+00  -2.0791148e+00  -2.0749202e+00  -2.1274710e+00  -1.9695392e+00
   2.0774119e+00   2.1715634e+00   6.8465615e-01  -1.1118544e-01  -7.3197274e-01  -6.5789243e-01  -7.5463980e-01  -1.0580150e+00  -1.4190365e+00  -1.5353775e+00  -1.3628941e+00  -1.7519918e+00  -2.1280557e+00  -2.2831480e+00  -2.2833656e+00  -2.1476767e+00
   2.4635695e+00   2.4827930e+00   8.8633320e-01   2.9873918e-02  -1.5323114e-01  -1.6932365e-01  -6.2110663e-01  -1.2584513e+00  -1.3051849e+00  -1.3592195e+00  -1.2128063e+00  -1.7189437e+00  -2.1088127e+00  -2.3453423e+00  -2.2035416e+00  -2.0057404e+00
   2.4155740e+00   1.5050421e+00   2.2104798e-01  -4.1226402e-01  -3.3824480e-01  -7.7799997e-01  -9.6521163e-01  -1.2821199e+00  -1.4033024e+00  -1.5518397e+00  -1.3457030e+00  -1.5549858e+00  -2.1357662e+00  -2.3605164e+00  -2.3770522e+00  -2.1736031e+00
   2.2291742e+00   1.7979978e+00   4.3576116e-01   1.4874638e-01  -1.5369290e-01  -3.6193893e-01  -7.8727255e-01  -1.0128984e+00  -1.2072170e+00  -1.4661739e+00  -1.1779018e+00  -1.4029120e+00  -1.7034075e+00  -1.7100014e+00  -1.6742028e+00  -1.4990211e+00
   2.4037924e+00   2.1997962e+00   5.5196683e-01  -1.4040906e-01  -4.8236862e-02  -5.8904342e-01  -1.2647016e+00  -1.0428571e+00  -1.5624560e+00  -1.4988201e+00  -1.8109663e+00  -1.6674124e+00  -1.9062325e+00  -1.9927456e+00  -1.9498887e+00  -1.9836056e+00
   2.8805068e+00   2.4300660e+00   5.4152139e-01  -1.4521908e-01   2.5917689e-01  -4.7322642e-01  -1.0085044e+00  -1.0374144e+00  -1.4384886e+00  -1.4745159e+00  -1.1895179e+00  -1.5143579e+00  -1.9142794e+00  -2.3565083e+00  -2.2816925e+00  -2.4325951e+00
   2.5732761e+00   2.2402840e+00   1.2182971e+00   7.3573154e-01  -3.1598202e-01  -6.2911261e-01  -9.6682527e-01  -1.4401964e+00  -1.5179098e+00  -1.5407714e+00  -1.3005190e+00  -1.7821283e+00  -1.9870846e+00  -2.2060111e+00  -2.3804786e+00  -1.9466341e+00
   2.7908741e+00   2.0507270e+00   7.8783950e-01   3.4690292e-01   2.6406979e-03  -1.3451256e-01  -6.8127028e-01  -1.0395868e+00  -9.1074605e-01  -1.2257677e+00  -1.1955298e+00  -1.2323778e+00  -1.4195840e+00  -1.4633557e+00  -1.4609687e+00  -1.3913050e+00
   2.6432248e+00   1.7821825e+00   9.0752393e-01   2.5476100e-01   1.0034733e-01  -3.6966159e-01  -7.4534533e-01  -8.6357391e-01  -6.1927374e-01  -4.2730572e-01  -5.1802992e-01  -1.6054560e-01  -5.0934846e-01  -1.0388034e+00  -1.0639068e+00  -1.1019506e+00
   2.8288248e+00   2.1266360e+00   1.0973629e+00   3.0411902e-01  -2.3421529e-01  -3.1450996e-01  -7.0992228e-01  -9.4144351e-01  -7.8078805e-01   1.3855850e-02   4.4178088e-01   1.0139714e+00   6.9015107e-01   1.6003851e-01  -6.3284701e-01  -1.6918718e+00
   2.9161381e+00   2.6928658e+00   1.4485491e+00   1.1335339e+00   2.3735564e-01  -4.2867484e-01  -8.8187738e-01  -1.1488154e+00  -9.9835215e-01  -5.7848168e-01   4.9596823e-01   1.1962624e+00   9.7008204e-01   6.8736946e-01  -5.9161094e-02  -1.3603588e+00
   3.0535970e+00   2.6751702e+00   1.6198714e+00   1.4646628e+00   5.1555612e-02  -2.2633799e-01  -6.8023050e-01  -1.0316763e+00  -7.4002034e-01  -3.3057980e-01   5.1695938e-01   9.8256269e-01   8.0898031e-01   4.8024040e-01   2.0744538e-01  -1.0005636e+00
   2.3878649e+00   2.2450853e+00   1.5273553e+00   1.1356756e+00   4.8561349e-01  -3.4247898e-02  -9.5386274e-01  -1.0923660e+00  -8.8119398e-01  -5.6452576e-01   5.1953464e-01   9.1387279e-01   7.7916975e-01   5.4940052e-01   2.9612192e-01  -7.1782343e-01
   2.4792575e+00   2.1728123e+00   1.5155494e+00   1.1951665e+00   1.8873274e-01  -5.2306828e-01  -7.6007926e-01  -8.7413234e-01  -7.6407013e-01  -6.8117792e-01   2.7719232e-01   9.2412344e-01   9.1492070e-01   6.0023477e-01   2.1593824e-01  -7.8293679e-01
   2.8514870e+00   2.2772818e+00   1.4942393e+00   1.0609152e+00   1.4956291e-01  -2.1295029e-01  -7.6361700e-01  -1.2620978e+00  -1.2567437e+00  -8.4443735e-01   1.3663651e-01   8.9489129e-01   9.4813695e-01   7.2377330e-01   2.6481138e-01  -8.5090505e-01
   2.0412460e+00   2.0102541e+00   1.5716552e+00   1.2913460e+00   5.3644735e-01   1.7400505e-01  -4.7164180e-01  -7.3786239e-01  -7.9216562e-01  -9.1941755e-01   1.9936295e-01   9.9064358e-01   8.5177279e-01   4.8967615e-01   1.7788316e-01  -8.1161049e-01
   1.9745132e+00   2.0253322e+00   1.7600597e+00   1.1171148e+00   7.2480939e-01  -6.1110753e-04  -6.3251484e-01  -8.1126339e-01  -1.1481494e+00  -9.8393784e-01  -4.2147741e-02   9.8778823e-01   1.0125916e+00   5.8800896e-01   1.1501550e-01  -9.8196973e-01
   2.3882433e+00   1.9159903e+00   1.3980751e+00   1.1371731e+00   2.0479046e-01   9.4641796e-02  -9.1136695e-01  -1.0717340e+00  -1.0785511e+00  -1.2781591e+00  -3.3884923e-02   8.3638599e-01   1.0022773e+00   4.5882058e-01  -3.6652539e-02  -1.0251103e+00
   2.5032925e+00   2.5023960e+00   1.6236809e+00   7.2418612e-01   1.2606473e-01  -1.9520819e-01  -8.4804529e-01  -8.7248257e-01  -8.0130001e-01  -9.3588886e-01  -1.6795393e-01   9.6901776e-01   9.5501431e-01   2.7208134e-01  -2.0617723e-01  -1.1360183e+00
   2.8532303e+00   2.1479278e+00   1.5387218e+00   8.2623927e-01   5.6795379e-01  -3.2250978e-01  -1.0066603e+00  -9.1662619e-01  -7.8779287e-01  -7.6596649e-01  -1.3978330e-01   8.8112054e-01   6.6482851e-01   2.4670653e-01  -2.1583224e-01  -1.0459902e+00
   3.2014079e+00   2.3490504e+00   1.2165528e+00   2.5074157e-01   3.6078881e-01  -3.3558317e-01  -8.4812803e-01  -9.1335275e-01  -8.1424008e-01  -8.7621728e-01  -2.6915260e-01   6.8578871e-01   4.5184967e-01   1.8620289e-01  -4.1822302e-01  -1.1378482e+00
   2.6502911e+00   1.8297613e+00   1.1874015e+00   8.1293965e-01   5.3608127e-01  -4.4864189e-01  -1.1746366e+00  -1.1026120e+00  -6.3552357e-01  -9.8301048e-01  -4.2126185e-01   6.3238970e-01   6.3852639e-01   1.6564904e-01  -4.6961580e-01  -1.4463703e+00
   2.0612937e+00   1.7841967e+00   1.2222385e+00   7.0271454e-01   4.1409097e-01  -2.6445954e-01  -9.7691215e-01  -1.5599811e+00  -1.2340377e+00  -1.3740027e+00  -6.3979005e-01   5.7159044e-01   6.2364156e-01   2.0542623e-02  -5.4080702e-01  -1.5169409e+00
   2.3578771e+00   1.7658114e+00   1.2890489e+00   1.0327595e+00   3.5927704e-01  -6.0113548e-01  -1.2806124e+00  -1.2279718e+00  -1.1363069e+00  -1.0371162e+00  -4.0828774e-01   5.6457405e-01   4.8192364e-01  -1.9499439e-02  -5.0328213e-01  -1.4593771e+00
   2.6454370e+00   2.3249989e+00   1.4873316e+00   6.1238800e-01   3.2042811e-01   2.4244941e-01  -9.2191856e-01  -1.4744752e+00  -1.8312430e+00  -1.4080368e+00  -3.3895059e-01   6.6653780e-01   1.6573431e-01  -1.4688596e-01  -6.7337460e-01  -1.6271349e+00
   2.2085993e+00   1.9878484e+00   1.3639117e+00   5.6641197e-01   2.9694244e-02  -4.4312305e-01  -8.5949321e-01  -9.8728550e-01  -8.7580150e-01  -1.3907945e+00  -1.4160822e-01   8.9894784e-01   3.9373953e-01   9.9130079e-03  -6.4411643e-01  -1.4472461e+00
   2.3347538e+00   2.0635080e+00   1.2801278e+00   6.2765397e-01  -8.9566313e-03  -7.7412409e-01  -6.8755788e-01  -8.3377554e-01  -1.1712139e+00  -1.2553868e+00  -5.9207291e-01   6.1510421e-01   3.8730466e-01  -8.8964096e-02  -7.4817181e-01  -1.2809205e+00
   2.5179425e+00   1.5153218e+00   1.3756583e+00   8.1903429e-01   2.1657146e-01  -5.4803120e-01  -1.0124664e+00  -7.9204436e-01  -1.3380980e+00  -1.2808266e+00  -5.3031852e-01   5.0411629e-01   6.0277365e-02  -1.4778371e-01  -6.9241153e-01  -1.4240582e+00
   2.3065194e+00   1.3702309e+00   1.0481181e+00   2.3911135e-01  -2.3173415e-01  -3.4543689e-01  -8.3795705e-01  -1.1502882e+00  -1.4710415e+00  -1.3727471e+00  -1.7434449e-01   8.0081289e-01   2.0185167e-01  -1.7731853e-01  -7.3179242e-01  -1.4713577e+00
   2.2020250e+00   1.8943301e+00   8.5541988e-01   2.1244278e-01  -2.2083018e-01  -1.7072417e-01  -7.1761949e-01  -1.2447558e+00  -1.0865872e+00  -1.0485653e+00  -2.0534938e-01   9.6076452e-01   2.7019609e-01  -3.3931809e-01  -8.7689860e-01  -1.5429694e+00
   2.1573666e+00   1.9615546e+00   1.1935362e+00   9.8210848e-01   3.9472877e-01   9.8794758e-02  -7.5576381e-01  -1.0893591e+00  -1.0452259e+00  -1.2643219e+00  -4.3732900e-01   8.5722316e-01   2.5831582e-01  -2.3171293e-01  -7.7499957e-01  -1.4570736e+00
   2.4272124e+00   2.3465807e+00   8.2594397e-01   1.1065573e+00   1.7462761e-01  -1.3158937e-01  -6.8855306e-01  -7.3633256e-01  -1.3800926e+00  -1.8662372e+00  -6.1657065e-01   3.1914243e-01  -2.7043960e-01  -7.0849065e-01  -1.2369516e+00  -1.9785115e+00
   2.3289362e+00   2.5734604e+00   6.5555088e-01   1.1785673e+00   5.9850790e-01  -8.7395329e-02  -8.7726306e-01  -1.0955680e+00  -1.2064746e+00  -1.4849562e+00  -7.3344521e-01   1.5398287e-01  -3.1220471e-01  -9.6677038e-01  -1.2974239e+00  -1.8526347e+00
   2.0725955e+00   1.7843912e+00  -3.2682717e-02   7.9028520e-01   1.4491288e-01  -1.1019660e-01  -1.1990643e+00  -1.2162027e+00  -1.2056105e+00  -1.4168325e+00  -9.8652546e-01  -2.1676785e-01  -4.1256592e-01  -1.2123287e+00  -1.3850466e+00  -1.8605139e+00
   1.9696153e+00   1.8847782e+00   3.5012642e-01   3.7283547e-02   2.2453001e-01  -5.3949519e-01  -1.1782781e+00  -1.0232897e+00  -1.3041217e+00  -1.4503189e+00  -1.1962236e+00  -3.3231078e-01  -8.8621409e-01  -1.2236473e+00  -1.6058345e+00  -2.1192759e+00
   2.1650186e+00   2.3143529e+00   3.3878650e-01   2.6308853e-02  -1.1624430e-02  -7.1050061e-02  -8.4539816e-01  -7.6609614e-01  -7.8760936e-01  -1.2515403e+00  -1.3229228e+00  -1.0523233e+00  -1.2952431e+00  -1.3851896e+00  -1.6540409e+00  -1.9602523e+00
   2.3805256e+00   2.2471003e+00   5.3005739e-01   5.1599172e-01  -1.4118757e-02  -2.7057458e-01  -9.4140197e-01  -1.1497983e+00  -1.1429566e+00  -1.2794658e+00  -9.2356137e-01  -8.6035426e-02  -4.9296867e-01  -8.5805224e-01  -1.5253301e+00  -1.7047008e+00
   1.7317935e+00   1.4832064e+00   5.3347180e-01   1.8037494e-01  -2.7392719e-01  -3.3860876e-01  -6.6053795e-01  -1.0102807e+00  -1.1746723e+00  -1.1646324e+00  -1.0378615e+00  -8.5889865e-01  -1.2109107e+00  -1.2551479e+00  -1.3807917e+00  -1.3963922e+00
   2.6092268e+00   2.5541624e+00   1.0176397e+00   9.7757569e-02  -3.7648107e-02  -3.0665920e-01  -9.3700378e-01  -1.3998390e+00  -1.4568888e+00  -1.5942646e+00  -1.5075451e+00  -1.5051870e+00  -1.6519256e+00  -1.9523439e+00  -2.3242638e+00  -2.4585997e+00
   2.7553523e+00   2.3549348e+00   3.8261821e-01   3.4561488e-01   3.6266582e-02  -5.7679278e-01  -1.1539571e+00  -1.6202184e+00  -1.4878595e+00  -1.3426446e+00  -1.3177138e+00  -1.6162168e+00  -1.9515221e+00  -1.8435186e+00  -2.3746280e+00  -2.2444126e+00
   2.3819303e+00   2.4874549e+00   8.2387930e-01   5.3967074e-02  -1.7276527e-01  -3.4738441e-01  -1.1206216e+00  -1.1665683e+00  -1.5267588e+00  -1.5117394e+00  -1.4006359e+00  -1.4788692e+00  -1.7020723e+00  -1.8580498e+00  -1.8863943e+00  -1.9254827e+00
   2.8036308e+00   2.1776517e+00   8.9330646e-01   2.5588285e-01   5.2907372e-01  -6.0318551e-01  -1.3789594e+00  -1.2853448e+00  -9.5338037e-01  -1.1545036e+00  -9.7336064e-01  -1.2816031e+00  -1.6632098e+00  -1.6839080e+00  -1.7477167e+00  -1.6803679e+00
   2.9471814e+00   2.1685250e+00   4.8341856e-01   4.7914347e-01   1.4911341e-01  -4.2368679e-01  -1.3603994e+00  -1.1280800e+00  -1.1401262e+00  -1.5489481e+00  -1.3155316e+00  -1.4871160e+00  -1.8214945e+00  -1.8847961e+00  -1.7733804e+00  -1.7681296e+00
   2.1800062e+00   2.0149767e+00   8.5964506e-01   1.4618116e-01  -1.9181561e-01  -6.0816974e-01  -1.0122766e+00  -7.8580285e-01  -1.3472755e+00  -1.4349261e+00  -1.3238528e+00  -1.2922326e+00  -1.5301381e+00  -1.8965548e+00  -1.8365605e+00  -1.9514825e+00
   2.0674999e+00   2.1761595e+00   2.2606133e-01   1.3051454e-01   9.9061669e-02   7.3188027e-02  -9.9299559e-01  -7.3469351e-01  -1.5549408e+00  -2.0099057e+00  -1.5787696e+00  -1.8948524e+00  -1.8643299e+00  -2.4679607e+00  -2.2920393e+00  -2.3645179e+00
   2.0652789e+00   1.8405941e+00   6.5662445e-01   3.4687742e-02  -1.9497926e-01  -2.6114033e-01  -1.1268138e+00  -1.4998677e+00  -1.4909675e+00  -2.0787574e+00  -1.4835717e+00  -2.0151584e+00  -1.9181903e+00  -2.4078245e+00  -2.2149636e+00  -2.0755562e+00
   2.3196835e+00   2.1297177e+00   5.7382553e-01  -3.0281513e-01  -3.9554690e-01  -6.0100281e-01  -8.2333353e-01  -1.4160106e+00  -1.6428106e+00  -1.7488134e+00  -9.8990935e-01  -1.7238021e+00  -1.9122091e+00  -2.1908229e+00  -2.1176663e+00  -1.9836265e+00
   2.3983324e+00   2.1152259e+00   6.6720553e-01   2.5053418e-01   3.8288137e-01  -3.5519390e-01  -7.1310809e-01  -8.8000251e-01  -1.1347824e+00  -1.3692473e+00  -1.0166188e+00  -1.2628114e+00  -1.4131310e+00  -1.4747354e+00  -1.3969805e+00  -1.3813602e+00
   2.8666028e+00   2.2261546e+00   4.2417829e-01   2.4564944e-01   1.7906580e-01  -3.8323658e-01  -6.9308099e-01  -7.5112291e-01  -8.9273089e-01  -1.0924234e+00  -9.8270874e-01  -1.0791548e+00  -1.2285115e+00  -1.2213618e+00  -1.2284110e+00  -1.2249136e+00
   2.8986338e+00   2.4188936e+00   9.7955322e-01   3.6353464e-01  -9.5533057e-03   8.0776009e-02  -3.3972489e-01  -1.0325800e+00  -1.1397771e+00  -1.3537199e+00  -1.1526840e+00  -1.6438211e+00  -1.6972654e+00  -1.9097463e+00  -1.9640828e+00  -1.9220210e+00
   2.5275560e+00   2.5350839e+00   8.0034975e-01   6.0044555e-01  -1.7636857e-01  -4.6556428e-01  -8.4833996e-01  -1.4248203e+00  -1.2266568e+00  -1.1843098e+00  -1.2985922e+00  -1.7602889e+00  -2.2375996e+00  -2.4135987e+00  -2.2690312e+00  -1.9542815e+00
   2.5631937e+00   2.6672398e+00   8.9734928e-01   4.4520501e-01  -2.4908098e-01  -6.9470432e-01  -7.6177085e-01  -9.1796326e-01  -9.9959277e-01  -1.3891382e+00  -1.4542486e+00  -1.4493558e+00  -1.9626300e+00  -2.5641874e+00  -2.1892512e+00  -2.0245142e+00
   3.0220093e+00   2.5624181e+00   8.6251908e-01   2.1615352e-01   1.9505264e-01   1.1356703e-01  -9.2075313e-01  -1.4488489e+00  -1.0536999e+00  -9.0985554e-01  -1.3937128e+00  -1.6427104e+00  -1.8317081e+00  -1.9400161e+00  -1.7732283e+00  -1.7866838e+00
   2.6255180e+00   2.1287677e+00   1.0115732e+00   6.0011331e-01  -1.1995890e-01  -5.6863286e-01  -8.2433423e-01  -1.1514617e+00  -1.0336829e+00  -1.1420312e+00  -1.3920271e+00  -1.6618707e+00  -1.9467323e+00  -2.0192102e+00  -1.9835782e+00  -2.3645486e+00
   2.4518170e+00   2.0596688e+00   2.3020010e-01   2.2694115e-01   5.5223818e-02  -2.9905394e-01  -8.4386853e-01  -8.7054746e-01  -1.0555719e+00  -1.5101143e+00  -1.3971606e+00  -1.7372301e+00  -1.8255220e+00  -1.8748303e+00  -1.9108119e+00  -2.0904749e+00
   3.1498532e+00   2.3855195e+00   1.0462591e+00   2.7787422e-01   1.9624682e-01  -1.7049210e-01  -1.0863337e+00  -1.4291848e+00  -1.2166889e+00  -1.4253561e+00  -1.2146128e+00  -1.8207215e+00  -1.6849079e+00  -1.9300350e+00  -1.7995363e+00  -1.8014403e+00
   2.8647225e+00   1.7046694e+00   9.9517663e-01   3.5599503e-01  -2.1607691e-01  -3.5664353e-01  -9.6271077e-01  -1.3053692e+00  -7.5995448e-01  -1.1937630e+00  -1.0794853e+00  -1.5403798e+00  -1.8209291e+00  -2.0591422e+00  -2.1081393e+00  -2.0066605e+00
   2.8387505e+00   1.2857725e+00   9.7290680e-01   7.0921357e-01  -2.1036700e-01  -6.8827157e-01  -7.5380758e-01  -4.5499029e-01  -1.3738737e-01  -5.0302310e-01  -4.5387957e-01  -9.1170025e-01  -1.2044018e+00  -1.2191987e+00  -1.2460998e+00  -1.2756483e+00
   3.1623229e+00   1.8122264e+00   4.9035900e-01   5.9052236e-01  -1.0236539e-01  -4.0895590e-01  -5.5071401e-01  -7.3992020e-01  -7.2034922e-01  -9.7486752e-01  -9.8191227e-01  -1.1822239e+00  -1.3860042e+00  -1.4195752e+00  -1.3715017e+00  -1.3174861e+00
   3.0480007e+00   2.5450928e+00   1.0432626e+00   4.8326871e-01   4.0061503e-01   1.3722684e-01  -7.0617612e-01  -9.8482844e-01  -9.6602699e-01  -1.2808821e+00  -1.2607382e+00  -1.3366305e+00  -1.5009328e+00  -1.5160802e+00  -1.5005383e+00  -1.4451097e+00
   3.0034768e+00   1.9683128e+00   9.3660814e-01   8.1439062e-02   7.0310463e-02  -5.9231818e-01  -1.1322175e+00  -1.2823883e+00  -1.2298186e+00  -1.2565640e+00  -8.0624643e-01  -1.3116091e+00  -1.3627404e+00  -1.2964584e+00  -1.5115847e+00  -8.5156277e-01
   3.2008115e+00   2.0695174e+00   8.9465394e-01   7.0256747e-01  -4.5254739e-01  -5.3821998e-01  -5.7010356e-01  -8.7782630e-01  -7.9891379e-01  -8.0216427e-01  -5.9996493e-01  -6.8800270e-01  -8.1937074e-01  -8.5683657e-01  -1.0375055e+00  -4.4086268e-01
   3.0193938e+00   2.1557489e+00   6.7542976e-01   1.1196663e+00  -1.1395128e-01  -4.9200863e-01  -5.9662332e-01  -8.0983961e-01  -1.3257175e+00  -1.3507259e+00  -1.0024455e+00  -1.4333309e+00  -1.4536207e+00  -1.8040511e+00  -1.7424485e+00  -1.5588342e+00
