   1.5269433e+00   1.2140613e+00   8.4450266e-02  -1.8108944e-02  -2.5125167e-01   2.8098566e-02  -8.7111044e-01  -1.2688247e+00  -1.3066114e+00  -1.6966463e+00  -2.0013366e+00  -1.9327455e+00  -2.0151128e+00  -1.9103025e+00  -1.7625693e+00  -1.6394396e+00
   2.2601044e+00   1.3014245e+00   8.1090806e-01   2.8046894e-01   2.3243311e-01  -1.5122870e-01  -5.9376534e-01  -8.2474546e-01  -1.1646576e+00  -1.5732031e+00  -1.7002335e+00  -2.1336861e+00  -2.0024893e+00  -1.8618373e+00  -1.8109402e+00  -1.6520557e+00
   2.3577784e+00   1.5625539e+00   6.6885393e-01   3.0559109e-01  -2.6912915e-01   2.5849409e-02  -5.9800649e-01  -1.1782570e+00  -1.4347441e+00  -1.6455236e+00  -1.6684878e+00  -1.9646042e+00  -1.8987002e+00  -1.8175428e+00  -1.8552208e+00  -1.6679696e+00
   2.4309641e+00   1.3934739e+00   3.7265816e-01   2.0510725e-01  -6.3565664e-02  -7.5580558e-02  -5.6292050e-01  -1.1270240e+00  -1.0356104e+00  -1.5716618e+00  -1.5841729e+00  -1.5741692e+00  -1.7020715e+00  -1.7391198e+00  -1.7938053e+00  -1.5514629e+00
   2.6754683e+00   1.6885552e+00   2.2938606e-01   6.5483300e-01   5.3899994e-01   5.7117196e-03  -2.3813347e-01  -1.1943983e+00  -1.0036661e+00  -1.4275020e+00  -1.6990767e+00  -1.6077675e+00  -1.6896543e+00  -1.5285198e+00  -1.4147988e+00  -1.6862793e+00
   2.7665110e+00   1.7615935e+00   2.5405083e-01   1.5129348e-01   3.2901066e-01  -7.9270939e-02  -7.2404776e-01  -1.4523097e+00  -1.3480707e+00  -1.5534623e+00  -1.5460139e+00  -1.7498873e+00  -2.0545791e+00  -1.8467854e+00  -1.8139838e+00  -1.7127195e+00
   2.3283723e+00   1.2487254e+00   3.0521637e-01   2.9777198e-01  -2.1801457e-01  -5.2918950e-01  -7.5686864e-01  -9.6773474e-01  -8.8452455e-01  -1.3405453e+00  -1.6931038e+00  -1.5557158e+00  -1.3985488e+00  -1.3441037e+00  -1.5950388e+00  -1.4432918e+00
   2.6666143e+00   8.1785730e-01   3.1647290e-02   1.3401301e-01  -3.5513505e-01   3.9657272e-01  -4.4012307e-01  -1.0760713e+00  -1.3326548e+00  -1.3755920e+00  -1.7456450e+00  -1.9459520e+00  -1.7423387e+00  -1.5773349e+00  -1.8243562e+00  -1.7758146e+00
   2.3106822e+00   1.2067433e+00   2.0501821e-02   4.8546238e-01  -6.3112562e-03   1.2525813e-01  -6.4927937e-01  -1.0671855e+00  -1.5277982e+00  -1.4658926e+00  -1.5199266e+00  -1.4478710e+00  -1.7161340e+00  -1.7967099e+00  -1.7385191e+00  -1.8288060e+00
   2.5377927e+00   1.7759890e+00   4.9607159e-01   1.2327289e-01  -1.1212982e-01   1.4493707e-01  -5.7645263e-01  -1.1002083e+00  -1.5520635e+00  -1.7898449e+00  -1.7515947e+00  -1.4732137e+00  -1.7594392e+00  -1.8653389e+00  -2.1452437e+00  -1.6354484e+00
   2.6900502e+00   1.7258235e+00   6.9053257e-01   2.0391049e-01  -5.4023400e-01  -4.2619271e-01  -1.0013527e+00  -1.3441135e+00  -1.4020623e+00  -1.6350977e+00  -1.6889199e+00  -1.5468232e+00  -2.0059845e+00  -1.8284118e+00  -1.7060078e+00  -1.5491186e+00
   2.5163631e+00   1.3925365e+00  -3.9514271e-01  -5.4513282e-02  -1.0494392e-01  -2.7400000e-01  -1.0568097e+00  -1.2496204e+00  -1.4403258e+00  -1.3063628e+00  -1.4159880e+00  -1.6649560e+00  -2.0209370e+00  -1.9664784e+00  -1.7074509e+00  -1.6183422e+00
   1.9116180e+00   1.4284425e+00  -2.4401938e-01   2.6175450e-01   4.2915613e-01  -4.8772233e-02  -5.7045074e-01  -8.9087338e-01  -1.3966640e+00  -1.8102434e+00  -1.7327352e+00  -1.6530073e+00  -2.1996157e+00  -2.2929317e+00  -2.1727798e+00  -1.9077163e+00
   1.6280073e+00   1.5227933e+00  -1.2884579e-01  -2.3853891e-01   5.1110274e-01  -2.1878057e-01  -7.3641410e-01  -1.4950682e+00  -1.3525248e+00  -1.6803896e+00  -1.8001401e+00  -1.9509572e+00  -2.1587738e+00  -2.1297301e+00  -2.2683419e+00  -2.0799075e+00
   1.2719249e+00   1.0111557e+00   5.0789835e-01  -2.8773358e-02  -2.7374102e-02   2.7124585e-01  -5.6445474e-01  -1.3189266e+00  -1.4508446e+00  -1.2990473e+00  -1.5883632e+00  -1.6805847e+00  -1.8413914e+00  -1.7745327e+00  -1.9267186e+00  -1.7751683e+00
   1.9238183e+00   9.4204944e-01   2.3973569e-01  -8.3735510e-02   1.0397230e-01   2.6457234e-01  -3.5545511e-01  -9.5834945e-01  -1.5745465e+00  -1.5371026e+00  -1.6100090e+00  -1.7289863e+00  -1.9318953e+00  -2.1860275e+00  -1.9826033e+00  -1.7206092e+00
   2.4192343e+00   8.5660791e-01   3.6754667e-01   2.8264167e-01   3.6147848e-01   3.9016838e-01  -3.2818471e-01  -9.1755345e-01  -1.0368463e+00  -1.5016095e+00  -1.7137970e+00  -1.7936702e+00  -1.8422784e+00  -2.1019519e+00  -2.2699466e+00  -2.0090749e+00
   2.1358758e+00   1.0636752e+00   3.5454275e-01   3.6746315e-01   6.5760896e-02  -2.2580164e-01  -1.0614468e+00  -9.1292414e-01  -1.3060765e+00  -1.4341950e+00  -1.5395947e+00  -1.6392490e+00  -1.8277325e+00  -1.7029548e+00  -1.6415090e+00  -1.5867690e+00
   1.8815633e+00   7.4728838e-01   1.0816429e-01   4.8464290e-01   6.1230402e-02  -7.9661820e-02  -7.7505224e-01  -9.0756127e-01  -1.2879412e+00  -1.5198296e+00  -1.5004177e+00  -1.8291471e+00  -2.0541081e+00  -1.8823410e+00  -1.9230884e+00  -1.8749631e+00
   2.0524627e+00   1.0009461e+00   6.6142468e-01   5.7423037e-01   5.4586745e-02   6.1373224e-02  -6.3863197e-01  -8.2673830e-01  -9.8274396e-01  -1.4625814e+00  -1.6210940e+00  -1.8015398e+00  -1.6368619e+00  -1.6557127e+00  -1.9610593e+00  -1.6511145e+00
   2.4760872e+00   1.3351517e+00   4.8677611e-01   2.6744547e-01  -9.6169025e-02   2.0043174e-01  -7.0444371e-01  -8.4376642e-01  -1.3144416e+00  -1.5480505e+00  -1.7631293e+00  -2.0525686e+00  -1.9280735e+00  -1.9178555e+00  -1.8863778e+00  -1.7461031e+00
   2.5164488e+00   9.4926714e-01  -2.0550785e-01  -1.2157073e-01  -7.3877765e-02  -1.7953636e-01  -9.4180119e-01  -9.5165345e-01  -1.2833029e+00  -1.3162629e+00  -1.6709454e+00  -1.5669805e+00  -1.5754911e+00  -1.6688686e+00  -1.5948666e+00  -1.5187847e+00
   3.0202579e+00   1.4443910e+00   3.9384835e-01  -3.5226893e-01   5.9386843e-02   3.2315901e-03  -6.6368977e-01  -9.8455660e-01  -1.0422921e+00  -1.2228589e+00  -1.3996676e+00  -1.4656800e+00  -1.3999201e+00  -1.3981361e+00  -1.3764791e+00  -1.4140985e+00
   3.0497946e+00   1.5657243e+00   1.6442300e-01  -1.2689099e-01   5.2533740e-01   4.2580428e-01  -2.6373712e-01  -7.2382489e-01  -1.1182423e+00  -1.3591296e+00  -1.3318620e+00  -1.4766479e+00  -1.6070534e+00  -1.7132784e+00  -1.5678470e+00  -1.4190656e+00
   2.9114797e+00   1.2205366e+00  -2.5025422e-01  -9.1832610e-02  -2.0594046e-01  -2.9165403e-01  -6.0234378e-01  -1.0217409e+00  -1.1964212e+00  -1.5879510e+00  -1.7855813e+00  -1.5773045e+00  -1.7763541e+00  -1.9734050e+00  -1.9129879e+00  -1.9029150e+00
   2.0228600e+00   1.1488284e+00   2.9368058e-01   4.3006522e-01   2.7769507e-01  -3.1261596e-01  -9.8602144e-01  -1.2832015e+00  -1.1594683e+00  -1.3070967e+00  -1.2975758e+00  -1.4640995e+00  -1.5720711e+00  -1.5179651e+00  -1.4440409e+00  -1.4482038e+00
   2.3859198e+00   1.4468992e+00   2.2766157e-01   1.8580858e-01   3.9234844e-01   3.9495287e-02  -1.1337702e-01  -1.0314472e+00  -1.0875387e+00  -3.7197838e-01  -7.0754959e-01  -7.4138463e-01  -6.9467990e-01  -2.2473650e-01  -5.1537195e-01  -6.4091296e-01
   2.1260260e+00   1.4764520e+00  -3.3946293e-01   5.0676867e-01   7.7038918e-02  -1.9728321e-01  -3.1057298e-01  -1.0173035e+00  -1.1644377e+00   4.0790126e-01  -2.7815547e-01  -6.7516616e-01  -8.1166334e-01  -2.8913951e-01  -6.4982925e-01  -7.1813409e-01
   2.4192254e+00   1.6953051e+00   2.6456243e-01   3.2428306e-01   2.1825176e-01   1.5242821e-01  -3.6723981e-01  -1.3625514e+00  -1.0945486e+00  -1.5103136e-01  -2.8126181e-01  -6.4638168e-02  -1.1636344e+00  -3.6553820e-01  -7.6077841e-01  -8.7428826e-01
   2.1899766e+00   1.0923129e+00  -1.3293890e-01   1.0713999e-02   2.0952902e-01   4.5309898e-01  -1.2644181e-01  -9.3989984e-01  -1.1970594e+00  -5.7470723e-01  -3.6759302e-01  -2.8900932e-01  -1.0407683e+00  -3.5213043e-01  -5.7554511e-01  -5.1236064e-01
   1.5467409e+00   9.1629955e-01   2.5337913e-01   3.6301895e-01   2.0010838e-01  -3.3536224e-01  -4.2941805e-01  -6.8545095e-01  -9.6797946e-01  -1.0021130e+00  -6.6130788e-01  -3.9488907e-01  -1.1587889e+00  -6.1951653e-01  -6.7744291e-01  -7.9502699e-01
   2.4160719e+00   1.2660613e+00   5.8245130e-01   2.7656534e-01   3.8726430e-01  -4.5341890e-03  -3.4839019e-01  -8.1598327e-01  -1.0581398e+00  -6.2618354e-01  -7.5619052e-01  -8.0514891e-01  -1.0883522e+00  -5.6090572e-01  -7.1295383e-01  -1.0959605e+00
   2.2640105e+00   1.7136278e+00   1.1092189e+00   5.6164718e-01  -3.9382704e-01   9.1516767e-02  -5.2026043e-01  -1.0145382e+00  -1.0494776e+00  -8.2756720e-02  -8.4289873e-02  -3.0653497e-01  -6.3236018e-01   7.4574194e-02  -8.0049410e-01  -9.3649926e-01
   2.7977762e+00   1.5000377e+00   1.0322470e+00   4.0805622e-01  -4.6809474e-01   6.5781545e-02  -4.0582945e-01  -9.8992860e-01  -1.0352600e+00   1.8748149e-01   1.8687058e-01   1.4105403e-01   4.1969037e-02   6.0326715e-01  -7.9274453e-01  -9.4659692e-01
   2.3051656e+00   1.3311761e+00   1.1777054e+00   9.6836956e-01   5.4161951e-01  -3.3025910e-01  -5.4957462e-01  -1.1272635e+00  -9.7591071e-01  -2.1279074e-01   4.3475632e-02   1.2966417e-01  -7.2787018e-03   6.1281697e-01  -1.1338448e+00  -1.3164538e+00
   2.5519314e+00   1.5912546e+00   1.0087929e+00   1.1850102e+00   5.0284317e-01  -5.9640693e-01  -9.4387596e-01  -1.1998851e+00  -8.6987348e-01  -3.4848309e-02   2.0323867e-01  -5.6615389e-02  -1.2036354e-01   3.4729633e-01  -1.3911312e+00  -1.3745737e+00
   2.4937114e+00   1.3808255e+00   1.2892317e+00   6.0031794e-01  -6.1858453e-01  -6.4365543e-01  -7.2532081e-01  -1.3159643e+00  -9.2896926e-01  -2.6054762e-01   9.1185734e-02  -9.8090077e-03  -4.6499784e-02   5.2774631e-01  -1.3585917e+00  -1.5738366e+00
   3.0672617e+00   2.1528930e+00   1.5235296e+00  -1.8057653e-03  -2.1482723e-01  -7.3252094e-01  -4.2113431e-01  -7.0377590e-01  -1.1111024e+00  -2.4569184e-01   3.0739490e-01   1.0544070e-01   1.2805859e-01   8.4546669e-01  -1.0779381e+00  -1.4574183e+00
   2.9248993e+00   1.7873627e+00   1.2611838e+00   3.6716707e-01  -2.3039844e-01  -2.6583622e-01  -6.5965528e-01  -1.3319299e+00  -1.5790347e+00  -3.9951311e-01   1.5357422e-01   3.3761930e-02   7.0967257e-02   6.9498511e-01  -1.4172762e+00  -1.6571540e+00
   2.2946247e+00   1.8120177e+00   1.2021465e+00   6.2056214e-01   3.1176551e-02  -5.3813435e-02  -7.8485616e-01  -1.2890554e+00  -1.5334018e+00  -3.3863024e-01   3.1420369e-01   1.5708729e-01   1.7438764e-01   9.8737495e-01  -1.2133854e+00  -1.6760434e+00
   2.5059852e+00   1.9074183e+00   7.0116584e-01   5.1278257e-01  -1.1270950e-01   7.9941424e-02  -6.1253604e-01  -1.3629838e+00  -1.2742188e+00  -6.0950412e-01   3.0276644e-01   1.3620294e-01  -4.2123702e-02   8.5160874e-01  -1.3368212e+00  -1.3504918e+00
   2.7771136e+00   1.2638588e+00   1.4079687e-01   2.6045282e-01   2.0406283e-01  -4.0683673e-01  -7.1675923e-01  -1.0560048e+00  -9.6589347e-01  -7.7424230e-01  -1.2903009e-02  -1.8176820e-01  -1.7750768e-01   4.0584066e-01  -1.6640942e+00  -1.4642825e+00
   2.5853163e+00   1.3509718e+00   8.4132810e-01   5.9199086e-01   3.4487880e-01  -5.0354236e-03  -4.4228743e-01  -8.8001053e-01  -1.0818478e+00  -1.0157083e+00  -5.7701891e-02  -2.5618909e-01  -3.8522584e-01   1.9620230e-01  -1.7088515e+00  -1.4714705e+00
   1.8540893e+00   1.5025109e+00   4.8755484e-01   4.2317961e-01  -1.7123163e-01  -2.7229373e-01  -5.1017732e-01  -8.1557032e-01  -9.7510815e-01  -1.0706455e+00  -3.8536040e-01  -4.8761599e-01  -7.0055249e-01   2.0331105e-01  -1.3449117e+00  -1.2626491e+00
   2.2591492e+00   1.6575171e+00   8.2542362e-01   6.8911314e-01  -5.7999198e-02   2.1124894e-01  -4.5508906e-01  -1.2543988e+00  -1.2928831e+00  -1.0591235e+00  -1.5761734e-01  -3.1091245e-01  -5.8753805e-01   3.2122413e-01  -1.4414069e+00  -1.6482143e+00
   1.9115224e+00   1.6619052e+00   2.2505857e-01   5.7679200e-01   3.6884428e-01  -2.5944750e-01  -1.0747258e+00  -1.1888057e+00  -1.4465288e+00  -9.1170602e-01  -2.1236354e-01  -5.4873970e-01  -5.3180416e-01   6.1061011e-01  -1.3322567e+00  -1.6809010e+00
   1.9566076e+00   1.4684368e+00   9.3905381e-01   6.6810714e-01  -4.0550282e-01  -8.3901321e-02  -6.0580989e-01  -9.1145148e-01  -1.4874828e+00  -1.1901228e+00  -2.2169293e-01  -4.8162900e-01  -1.0480858e+00   6.3740905e-02  -1.4012581e+00  -1.6125260e+00
   2.1019647e+00   9.3402694e-01   5.6168420e-01   6.0836998e-01   3.0096121e-02   1.9767495e-01  -1.6822615e-01  -6.2170444e-01  -1.1691399e+00  -1.3322630e+00  -7.2173711e-01  -1.0060143e+00  -1.5280061e+00  -4.5578386e-01  -1.5066994e+00  -1.4002806e+00
   2.0113054e+00   1.7502609e+00   6.8428099e-01   5.8683511e-01   8.2955067e-02  -1.4700681e-01  -6.2426208e-01  -7.8563085e-01  -1.2172942e+00  -1.3366590e+00  -5.4645609e-01  -1.1264567e+00  -1.5647991e+00  -1.0849341e+00  -1.8101764e+00  -1.5986924e+00
   2.2754014e+00   1.2602250e+00   5.8062523e-01   4.4124865e-01  -1.3726903e-01   2.9372693e-01  -3.3828830e-01  -6.8111290e-01  -7.8639112e-01  -1.2849969e+00  -6.7087308e-01  -1.0092258e+00  -1.4620816e+00  -1.0911998e+00  -1.6993794e+00  -1.3696043e+00
   2.4297331e+00   6.6290440e-01   2.2895776e-01   1.9233504e-01   5.5368986e-01   9.5979461e-02  -5.6270972e-01  -1.0786452e+00  -1.1209625e+00  -1.4683640e+00  -8.5213298e-01  -1.0703832e+00  -1.6612134e+00  -1.4051860e+00  -1.7010210e+00  -1.3349036e+00
   1.6953913e+00   1.1351632e+00  -2.3865944e-01   1.9829959e-01   6.1116627e-01   2.0132008e-01  -5.0881220e-01  -1.4268325e+00  -1.2834518e+00  -1.4951724e+00  -1.2924446e+00  -1.2725151e+00  -1.6872252e+00  -1.5921543e+00  -1.7104851e+00  -1.4063906e+00
   1.4065652e+00   1.2776809e+00   2.5095929e-01   6.0478947e-01   3.4449755e-01  -5.7140955e-02  -4.7683330e-01  -1.1191183e+00  -1.0888674e+00  -1.3588142e+00  -1.3857192e+00  -1.3042555e+00  -1.6569746e+00  -1.4293564e+00  -1.6825171e+00  -1.7342746e+00
   1.8210570e+00   1.4052005e+00   5.8474597e-01   3.2040886e-01   2.4837109e-01  -7.7039606e-03  -1.0629758e+00  -1.2087683e+00  -1.2732140e+00  -1.1874533e+00  -1.5984729e+00  -1.4705099e+00  -1.6615225e+00  -1.7209206e+00  -1.9251307e+00  -1.6946664e+00
   2.3783703e+00   9.4116236e-01   2.4288979e-01  -1.9184928e-01  -3.7026815e-01   2.6778010e-01  -4.1390619e-01  -8.8591601e-01  -1.1412857e+00  -1.2835420e+00  -1.6451916e+00  -1.4307951e+00  -1.6658911e+00  -1.8524964e+00  -1.8589678e+00  -1.5424172e+00
   2.1482946e+00   8.7046631e-01   4.0121146e-01  -4.9574330e-01  -4.7832523e-02   1.6909422e-01  -8.6381235e-02  -9.9446115e-01  -1.4264062e+00  -9.8174427e-01  -1.5401008e+00  -1.3501594e+00  -1.7354988e+00  -1.6646021e+00  -1.9549372e+00  -1.8860963e+00
   1.6929928e+00   1.4794736e+00   8.1734519e-01   4.7697697e-01   1.6116206e-01  -1.7167198e-01  -9.3178325e-01  -9.5992029e-01  -1.2231101e+00  -1.0958391e+00  -1.7195753e+00  -1.7687637e+00  -1.9757461e+00  -1.7341860e+00  -1.6847904e+00  -1.6090682e+00
   2.1259729e+00   1.7200908e+00   4.5541173e-01   5.2231860e-01   4.7106543e-01   4.3147118e-01  -4.0985757e-01  -1.3041831e+00  -1.4686034e+00  -1.0855886e+00  -1.4403219e+00  -1.6966498e+00  -2.0084213e+00  -1.7740738e+00  -1.5556136e+00  -1.4757652e+00
   2.2044012e+00   1.5680218e+00   2.2481141e-01  -1.8886043e-01  -4.1153504e-02   5.3430465e-01  -2.8440128e-01  -6.5131091e-01  -1.2453445e+00  -1.3991404e+00  -1.7781269e+00  -1.9901768e+00  -1.9369325e+00  -1.8662666e+00  -1.8512749e+00  -1.7123196e+00
   2.2434498e+00   1.4097026e+00   7.3081835e-01   8.0930189e-02   1.7228017e-01   3.6369365e-01  -7.4190656e-01  -1.0707103e+00  -1.3212930e+00  -1.4340088e+00  -1.7227792e+00  -1.6271717e+00  -1.8440619e+00  -2.1017055e+00  -1.9759469e+00  -1.8557074e+00
   2.0831839e+00   8.6627768e-01   6.5037118e-01   7.2143204e-01   2.7345347e-01  -1.7153980e-01  -6.7525857e-01  -7.9366698e-01  -1.5201492e+00  -1.4677630e+00  -1.7088045e+00  -1.7882976e+00  -1.6306741e+00  -1.9102709e+00  -1.8984765e+00  -1.9068877e+00
   2.1174526e+00   8.4269267e-01   1.3372769e-01   5.7520454e-01  -6.7909732e-02  -6.8480914e-01  -4.8875530e-01  -9.1322044e-01  -1.6040224e+00  -1.6948608e+00  -1.5648849e+00  -1.5440664e+00  -1.6999205e+00  -1.8505132e+00  -1.9350191e+00  -1.7897316e+00
   2.4710164e+00   1.5453822e+00   4.9644024e-01   2.6161900e-01  -3.7195900e-01   1.8833899e-01  -6.0620429e-01  -1.0120340e+00  -1.2458173e+00  -1.5266472e+00  -1.7195318e+00  -1.7365347e+00  -2.0331249e+00  -2.0156435e+00  -1.8456537e+00  -1.8080954e+00
   2.2186369e+00   1.5272390e+00   7.3923234e-01   2.0176683e-01   4.5932493e-01  -1.0252900e-01  -7.1333995e-01  -1.0537576e+00  -1.4095904e+00  -1.7885105e+00  -1.9494827e+00  -1.7980514e+00  -1.9289636e+00  -1.9096509e+00  -1.9704848e+00  -1.8899124e+00
   2.0789849e+00   1.6848186e+00   7.0721350e-01   6.8233026e-01   4.7397616e-01   6.3165727e-02  -9.1254042e-01  -1.1979680e+00  -1.5521165e+00  -1.8533260e+00  -1.8083701e+00  -1.8546705e+00  -1.9622861e+00  -1.7044987e+00  -1.8811587e+00  -1.8272505e+00
   2.0936972e+00   1.0595841e+00  -8.1496223e-02   5.8141923e-01   5.2390660e-02   2.4344631e-01  -3.8580965e-01  -1.0984771e+00  -1.2289316e+00  -1.5488192e+00  -1.8596316e+00  -1.7916623e+00  -1.8029830e+00  -1.8808147e+00  -1.6380450e+00  -1.5902562e+00
   2.4690093e+00   1.5834266e+00  -1.2097690e-01  -1.1961053e-01  -5.4754353e-01   1.4881651e-01  -5.2707002e-01  -9.1201535e-01  -1.2215261e+00  -1.6940729e+00  -1.4125253e+00  -1.6586089e+00  -1.6272056e+00  -1.7391951e+00  -1.6857908e+00  -1.6798776e+00
   2.6402755e+00   1.5326282e+00   2.8779492e-01   1.4491316e-01  -1.1048365e-01   3.8117939e-01  -6.9042164e-01  -1.3794143e+00  -1.6293052e+00  -1.6444622e+00  -1.6201768e+00  -1.5397174e+00  -1.5135840e+00  -1.8175318e+00  -1.9195183e+00  -1.6715946e+00
   2.4880816e+00   1.7375034e+00   1.7308091e-01   6.7081268e-02   2.0806309e-01  -3.1767041e-01  -7.6896360e-01  -1.3512917e+00  -1.1044556e+00  -1.3844032e+00  -1.7879520e+00  -1.7843072e+00  -1.6883639e+00  -1.8782137e+00  -1.8902983e+00  -1.6963119e+00
   2.4398016e+00   1.6573939e+00   1.8086756e-01  -2.6640446e-01   2.8486435e-01  -5.9442389e-02  -5.5018926e-01  -1.1638663e+00  -1.5154494e+00  -1.4634970e+00  -1.7676261e+00  -1.9118224e+00  -1.8096947e+00  -1.9137802e+00  -2.0377332e+00  -1.6616645e+00
   2.6656536e+00   1.3521866e+00   8.6398177e-01   5.5860833e-01  -4.3803777e-02  -9.9761294e-02  -6.5660790e-01  -1.1619343e+00  -1.1455303e+00  -1.2664172e+00  -1.4215968e+00  -1.7809494e+00  -2.3127497e+00  -2.2075101e+00  -2.0338406e+00  -1.9758018e+00
   2.2999729e+00   1.1991453e+00   5.3689213e-01   6.1971049e-02   8.0601406e-02  -1.0235889e-01  -7.6822927e-01  -1.6626606e+00  -1.3034164e+00  -1.4820622e+00  -1.8635992e+00  -1.7804005e+00  -1.9624428e+00  -2.0327917e+00  -2.0137509e+00  -1.9355291e+00
   1.6519247e+00   1.3024204e+00   9.3911630e-02  -6.1165089e-02  -1.8377677e-01  -1.6993163e-02  -6.3271408e-01  -1.3717534e+00  -1.2380585e+00  -1.5847944e+00  -1.8546850e+00  -1.8860362e+00  -2.0806306e+00  -2.0057170e+00  -2.1305563e+00  -1.6241119e+00
   1.9221267e+00   9.2145043e-01   3.7064225e-01  -2.0650743e-01  -1.7536400e-01   6.4862465e-02  -7.1612978e-01  -1.3026545e+00  -1.0932465e+00  -1.7176839e+00  -2.0136772e+00  -1.8928979e+00  -2.1203049e+00  -1.9009279e+00  -1.8264189e+00  -1.7206000e+00
   2.1872457e+00   9.0240400e-01   2.3341990e-01  -1.1497954e-01  -5.0494225e-01  -1.9724553e-01  -7.4423429e-01  -9.3422068e-01  -1.0367941e+00  -1.5266084e+00  -1.7493299e+00  -1.6476620e+00  -1.7712852e+00  -1.7021615e+00  -1.6272063e+00  -1.5949188e+00
   2.1692381e+00   1.2897094e+00   5.0175430e-01   5.7173558e-01  -4.9814316e-01  -4.3121302e-01  -5.2644915e-01  -1.1349775e+00  -1.3056418e+00  -1.4604851e+00  -1.5529860e+00  -1.5514304e+00  -1.8125888e+00  -1.6961195e+00  -1.7898240e+00  -1.6469097e+00
   2.0857460e+00   7.3286335e-01  -2.7222524e-01   3.5544916e-01   6.2157488e-02  -6.5021045e-01  -1.0475169e+00  -1.2458062e+00  -1.3328455e+00  -1.5698221e+00  -1.7302215e+00  -1.8016290e+00  -2.0529499e+00  -1.6809019e+00  -1.7461926e+00  -1.7452055e+00
   2.0161356e+00   1.1266099e+00   7.3682239e-01   1.2483908e-01  -3.5530091e-02  -5.5184718e-02  -3.2827727e-01  -8.2676786e-01  -1.3483973e+00  -1.5153190e+00  -1.9166181e+00  -1.7530136e+00  -2.0124693e+00  -1.9713244e+00  -1.7464692e+00  -1.7110863e+00
   2.0704539e+00   1.4806424e+00   5.9912069e-01   1.0596281e-01  -7.2976943e-02  -3.0253637e-01  -4.8776732e-01  -9.1509360e-01  -1.2056303e+00  -1.6035269e+00  -1.5354254e+00  -1.6228137e+00  -1.9249437e+00  -1.8617395e+00  -1.6811916e+00  -1.6530640e+00
