   2.5604946e+00   2.0656350e+00   1.3677630e+00   1.8666088e+00   1.5344307e+00   9.9174673e-01   7.9145936e-01   1.0066583e+00   1.2097150e+00   9.1351994e-01   3.6191326e-01   1.1882990e-01   2.1991027e-02  -2.5402242e-01  -2.8817443e-01  -2.3195616e-01
   4.0459632e+00   2.7623000e+00   1.2941294e+00   1.4214029e+00   1.0627059e+00   1.2697203e+00   1.1008888e+00   8.2949532e-01   6.1984384e-01   5.5524797e-01   4.1285391e-01  -1.7116793e-01  -3.4559268e-01  -8.1488493e-01  -1.1589535e+00  -8.0174750e-01
   3.8488705e+00   2.6255215e+00   1.6788137e+00   1.2307781e+00   1.3057681e+00   1.2711636e+00   1.4563362e+00   1.2397275e+00   8.8930561e-01   9.5496665e-01   5.1316632e-01   4.4557982e-02  -3.9324010e-01  -5.5212482e-01  -7.8183111e-01  -8.5095740e-01
   3.8620473e+00   2.4865975e+00   1.5876063e+00   1.0136188e+00   1.4633310e+00   1.5646306e+00   1.5247810e+00   1.0279123e+00   7.7904472e-01   1.2211558e+00   1.0036601e+00   3.1417522e-01   7.0636103e-01   6.1835168e-01   1.0209214e-01   1.0962556e-02
   3.3987587e+00   2.1752979e+00   1.8289294e+00   1.5120921e+00   1.1718507e+00   1.3765922e+00   1.1751318e+00   1.1167639e+00   9.3643089e-01   9.7234425e-01   4.0260295e-01   1.2157169e-01   1.2206900e-02  -1.7122084e-01  -4.0360219e-01  -4.9268960e-01
   3.3951079e+00   2.5394551e+00   1.6966551e+00   9.7675822e-01   8.8173467e-01   1.1600710e+00   8.3257753e-01   1.2179582e+00   1.0004575e+00   7.3113103e-01   5.6089529e-01   7.5074130e-02  -2.7895159e-01  -6.1125597e-01  -7.1318920e-01  -5.9865298e-01
   3.2418001e+00   1.6463780e+00   1.3755454e+00   1.2476942e+00   6.7718265e-01   1.3267379e+00   1.4561473e+00   1.2892118e+00   7.8279229e-01   5.2827848e-01   5.1747404e-01  -5.0688843e-02  -2.1907549e-01  -5.4795628e-01  -4.5739145e-01  -4.1569186e-01
   3.0508458e+00   2.0842120e+00   1.5513671e+00   1.3200357e+00   1.1579550e+00   1.1161180e+00   1.1282680e+00   8.8084401e-01   1.0937892e+00   8.1268750e-01   5.3853542e-01   6.7379235e-03  -5.1409911e-01  -7.0913290e-01  -6.9198131e-01  -6.9909438e-01
   3.6643347e+00   1.9086946e+00   1.4249142e+00   1.4384291e+00   1.3488268e+00   1.4279374e+00   1.0971996e+00   5.1071971e-01   6.2328303e-01   6.1788344e-01   5.0165308e-01  -1.6631981e-01  -7.0572921e-01  -4.5071478e-01  -7.5087913e-01  -7.9099696e-01
   3.4794359e+00   2.2432233e+00   1.9503437e+00   1.1708835e+00   1.2307413e+00   1.3662511e+00   1.2675425e+00   1.0372703e+00   9.4235420e-01   9.6563505e-01   3.9529947e-01  -3.9972043e-01  -5.9599443e-01  -6.2932253e-01  -7.3684774e-01  -7.5193145e-01
   2.8975327e+00   2.0044975e+00   1.6626424e+00   1.4805831e+00   1.0288769e+00   1.5769883e+00   9.3149932e-01   8.4942068e-01   7.5391420e-01   6.3464733e-01   1.1750167e-01  -2.3867036e-01  -5.6183510e-01  -7.1767357e-01  -6.4591143e-01  -7.0935117e-01
   3.3495491e+00   2.1983924e+00   9.4727148e-01   1.5151576e+00   9.0679151e-01   1.3937030e+00   1.5462143e+00   1.1534808e+00   1.0089863e+00   7.7687811e-01   3.9074279e-01   5.1443232e-02  -1.7163849e-01  -5.6509504e-01  -7.2918295e-01  -7.6783089e-01
   2.8369805e+00   2.3242798e+00   1.8637873e+00   1.4230145e+00   9.2550471e-01   1.4289608e+00   1.2541936e+00   1.1036131e+00   1.0461379e+00   5.4943019e-01   4.5468337e-01  -7.7247310e-02  -3.5399849e-01  -4.0086999e-01  -5.6272850e-01  -5.3453766e-01
   3.5203772e+00   1.9788356e+00   1.2113492e+00   1.2188580e+00   1.1145265e+00   1.1686167e+00   9.6944825e-01   1.1816899e+00   9.9634585e-01   7.1319232e-01   3.5591630e-01  -3.4172350e-01  -8.1480728e-01  -9.3694153e-01  -9.3543962e-01  -8.1705280e-01
   3.4338024e+00   2.3884949e+00   1.5733019e+00   1.1555167e+00   1.1163323e+00   1.8033097e+00   1.0445462e+00   1.2805944e+00   8.7767507e-01   4.6025225e-01   4.7163500e-01  -1.7407680e-01  -3.3759437e-01  -9.6694262e-01  -9.6324496e-01  -7.4077257e-01
   3.3981728e+00   2.5950456e+00   1.6978630e+00   1.2486240e+00   1.2657141e+00   1.2327854e+00   1.4319025e+00   1.0854994e+00   7.8618609e-01   5.2901845e-01   8.1453649e-02  -2.5350566e-01  -3.9285806e-01  -9.3945851e-01  -9.2296163e-01  -9.5367574e-01
   4.0981244e+00   2.8574008e+00   1.5632613e+00   1.3073985e+00   9.6383801e-01   1.0593552e+00   1.3187611e+00   1.2331517e+00   5.9547625e-01   7.1455242e-01   3.4007608e-01  -2.6912493e-01  -4.3049494e-01  -1.2290836e+00  -8.3018365e-01  -6.9328927e-01
   3.9027097e+00   2.4795591e+00   1.3235626e+00   1.0679157e+00   7.2245945e-01   1.5164360e+00   1.3472824e+00   1.3396824e+00   6.3389853e-01   7.1277514e-01   4.4446337e-01  -6.1816487e-02  -3.7249237e-01  -7.0031839e-01  -1.0020138e+00  -8.7193150e-01
   3.9761015e+00   2.3490280e+00   1.6110822e+00   1.2602421e+00   1.2541764e+00   1.3497823e+00   1.0165741e+00   1.0358254e+00   8.7046872e-01   6.6666227e-01   7.5389141e-01   3.6781727e-01  -5.5000648e-02  -1.0801273e-01  -2.2340635e-01  -2.1178347e-01
   4.3846476e+00   2.7142954e+00   1.8482822e+00   7.9839029e-01   1.1444031e+00   1.6557404e+00   1.6987777e+00   1.8421745e+00   1.3661708e+00   7.0051466e-01   3.8081072e-01  -8.9406773e-02  -2.2061753e-01  -4.4169674e-01  -7.4600663e-01  -6.3164983e-01
   4.1798264e+00   2.2167110e+00   1.3044737e+00   6.3006513e-01   1.0677244e+00   1.6917755e+00   1.4770766e+00   1.1060350e+00   7.8252463e-01   8.9737520e-01   6.9375216e-01  -1.6602900e-01  -4.3552053e-01  -6.9961012e-01  -1.0097950e+00  -7.0015443e-01
   3.9323606e+00   1.6847016e+00   1.4189368e+00   1.1842742e+00   5.9884878e-01   1.2360756e+00   1.1673183e+00   1.5966093e+00   1.1806740e+00   6.1450336e-01   3.2070546e-01  -1.1253970e-01  -4.4221029e-01  -6.8307217e-01  -9.2477593e-01  -9.2853285e-01
   4.1239281e+00   2.2888078e+00   1.8449157e+00   1.7231822e+00   1.2561394e+00   1.0973009e+00   1.3156609e+00   1.3095928e+00   1.2888021e+00   7.3336352e-01   5.9977490e-01   3.7269997e-01   2.7917885e-01   3.0250398e-01   2.7374182e-01   3.0429251e-01
   4.1829897e+00   2.4162969e+00   1.6027823e+00   1.2317448e+00   1.2666297e+00   1.5761339e+00   8.8844768e-01   1.0896499e+00   9.6895590e-01   6.6350424e-01   4.4325584e-01  -3.1927905e-01  -3.6813256e-01  -4.9932069e-01  -7.2658267e-01  -6.8182780e-01
   3.7011610e+00   2.2254811e+00   9.4486790e-01   1.0056663e+00   1.0915632e+00   1.4876599e+00   1.0833403e+00   1.0174542e+00   9.1060739e-01   7.6413857e-01   3.3851879e-01   1.2868339e-01   1.5103677e-01   1.1876984e-02   5.2195220e-02   7.4408531e-02
   3.4116319e+00   1.1460414e+00   1.1507670e+00   1.6145167e+00   1.2321189e+00   1.4528953e+00   1.2139000e+00   1.1324824e+00   9.3858267e-01   4.4994488e-01   1.9249590e-01   3.9564856e-02   1.8882257e-02  -3.1215839e-01  -3.7009756e-01  -4.2684549e-01
   3.6743634e+00   2.2317844e+00   1.3231966e+00   1.6078152e+00   7.9964540e-01   1.8281650e+00   1.1352924e+00   1.0534348e+00   1.1283620e+00   4.0893290e-01   4.0177013e-01   3.0174406e-01  -7.9466691e-02  -3.5172799e-01  -4.4019653e-01  -3.5846136e-01
   2.5326778e+00   2.1486025e+00   1.6370934e+00   1.6146704e+00   1.0760071e+00   1.7047315e+00   1.1686750e+00   8.5744243e-01   9.4014233e-01   8.2849045e-01   3.4636025e-01   5.3311782e-02  -5.3413563e-01  -7.6910810e-01  -7.5360066e-01  -6.0856758e-01
   2.8500085e+00   2.1820080e+00   1.4764264e+00   9.6677440e-01   1.0880468e+00   1.5119722e+00   1.3752675e+00   8.3447599e-01   1.1066892e+00   9.9409327e-01   6.8049964e-01   7.1347743e-02   3.0255871e-02  -6.1011748e-01  -4.8671661e-01  -5.5575635e-01
   2.3507627e+00   1.6128361e+00   1.3770127e+00   1.3123653e+00   1.2016222e+00   1.6064401e+00   1.0616319e+00   1.2423137e+00   1.1991757e+00   8.9770338e-01   4.5486720e-01   1.1784701e-01   3.8909544e-02   3.5652653e-02   1.2580745e-01   4.7689945e-02
   2.4931642e+00   1.9460510e+00   1.1443595e+00   1.6243183e+00   1.6905943e+00   1.3776989e+00   9.9676341e-01   1.0409706e+00   1.0261837e+00   8.9373740e-01   8.1538562e-01   4.2354587e-01   3.6349523e-01   3.3350118e-01   2.4485857e-01   1.3527818e-01
   2.9685773e+00   2.5254084e+00   2.4162785e+00   2.0584675e+00   1.1742052e+00   9.7225386e-01   7.3229564e-01   6.7297931e-01   1.2170834e+00   1.0827281e+00   1.0478902e+00   7.4298130e-01   8.4066887e-01   4.3133823e-01  -4.5280035e-01  -7.4355116e-01
   3.1212220e+00   2.7091509e+00   2.8143540e+00   2.4849225e+00   1.7894099e+00   1.0702269e+00   8.7216195e-01   1.0427739e+00   1.2720208e+00   1.5926546e+00   1.4565738e+00   1.3760388e+00   1.2201642e+00   1.0286318e+00  -1.3965708e-02  -6.3603431e-01
   3.2427729e+00   3.0065992e+00   2.6832558e+00   1.8266803e+00   6.4335214e-01   1.0997516e+00   9.7409165e-01   7.5596060e-01   7.7864713e-01   1.7388181e+00   2.1063773e+00   2.0331944e+00   1.6668139e+00   1.7192786e+00   2.1343235e-01  -7.2462819e-01
   3.3209996e+00   2.8901549e+00   2.4774652e+00   1.9885783e+00   1.2494295e+00   1.5377644e+00   1.2006562e+00   1.0098107e+00   1.2929140e+00   1.5456092e+00   2.1739996e+00   2.2482237e+00   1.8503692e+00   2.0040820e+00   5.7121185e-01  -6.9997763e-01
   3.0536342e+00   2.6838744e+00   2.6245581e+00   2.0626297e+00   1.1862497e+00   1.2513152e+00   9.8242570e-01   1.0826259e+00   1.3658677e+00   1.3950507e+00   2.2350302e+00   2.3736880e+00   1.8799130e+00   2.1318619e+00   6.8922244e-01  -6.6303400e-01
   3.2721244e+00   3.1648948e+00   2.6032021e+00   1.7113040e+00   1.1036088e+00   1.2003883e+00   1.2356666e+00   1.3456491e+00   9.8774671e-01   1.1339231e+00   2.0577833e+00   2.4178185e+00   2.0655541e+00   2.1546879e+00   8.1952326e-01  -5.6959237e-01
   2.8139154e+00   3.0342162e+00   2.4406307e+00   2.0285490e+00   1.5339503e+00   1.3339818e+00   1.3470718e+00   1.1142208e+00   6.3167758e-01   7.5460415e-01   2.0000852e+00   2.3783485e+00   2.1758115e+00   2.1304209e+00   8.7619426e-01  -7.9955901e-01
   2.6238540e+00   2.5482120e+00   2.3760234e+00   2.1786663e+00   1.3689757e+00   1.4554679e+00   1.2841548e+00   1.0103653e+00   7.1770599e-01   1.1883486e+00   1.8534951e+00   2.3362055e+00   2.3009436e+00   2.4213715e+00   9.6918960e-01  -4.9184093e-01
   3.4259108e+00   3.0970755e+00   2.5277316e+00   1.9496347e+00   1.4502664e+00   1.1805573e+00   1.0566893e+00   1.0453421e+00   7.8013131e-01   9.5132757e-01   1.8379208e+00   2.4277994e+00   2.2573950e+00   2.2392551e+00   8.8877719e-01  -6.6295650e-01
   2.8108236e+00   2.7873022e+00   2.5216822e+00   1.8356474e+00   1.4431378e+00   1.6804649e+00   1.3815186e+00   9.9854472e-01   5.0307885e-01   7.4348098e-01   1.7024218e+00   2.2754976e+00   2.1613307e+00   2.2244236e+00   9.7417060e-01  -4.9721916e-01
   3.2016438e+00   2.9357566e+00   2.6452924e+00   1.7768647e+00   1.3160274e+00   1.4253060e+00   1.2331050e+00   1.2983343e+00   1.3021854e+00   8.3095092e-01   1.5223434e+00   2.2110965e+00   2.1952511e+00   2.3049570e+00   1.0772931e+00  -6.8074738e-01
   3.0985007e+00   2.9420577e+00   2.6408723e+00   1.2777125e+00   1.0170541e+00   1.5871339e+00   1.7944412e+00   1.1840514e+00   1.1039204e+00   8.0865143e-01   1.2597068e+00   2.1850108e+00   2.1732055e+00   2.3207245e+00   9.7637162e-01  -7.7086009e-01
   3.4861329e+00   3.1752211e+00   2.7744929e+00   1.7097382e+00   1.4386295e+00   1.3212706e+00   1.3967786e+00   1.0812826e+00   1.0774304e+00   7.7465283e-01   1.4322076e+00   1.8817244e+00   1.8759750e+00   2.0699823e+00   7.4417511e-01  -5.0158171e-01
   3.6357113e+00   2.9886641e+00   2.8437384e+00   2.0022705e+00   1.2505992e+00   1.3176572e+00   1.2883910e+00   1.2238056e+00   1.2745085e+00   1.0293462e+00   1.2214886e+00   1.7051995e+00   1.8021109e+00   2.0629765e+00   9.3920759e-01  -6.6575636e-01
   3.5442864e+00   3.1106892e+00   2.8236215e+00   1.5520279e+00   8.2656236e-01   1.3564675e+00   6.9744651e-01   1.0210132e+00   9.7547530e-01   9.6474054e-01   1.0899114e+00   1.5753277e+00   1.6883754e+00   2.0958190e+00   8.4937261e-01  -6.8755943e-01
   3.0574637e+00   2.7720969e+00   2.7358122e+00   1.8884026e+00   1.1876463e+00   1.3448675e+00   1.4034172e+00   1.1810509e+00   1.1084944e+00   7.7915452e-01   6.1457976e-01   1.0849865e+00   1.2945483e+00   1.5757094e+00   3.7903474e-01  -1.5286117e-01
   3.3374203e+00   2.5527348e+00   2.5897624e+00   1.3463965e+00   1.2547006e+00   1.4014719e+00   1.1718722e+00   1.3567965e+00   6.8110189e-01   3.3606510e-01   1.3350193e-01   2.7345651e-01   7.2767299e-01   9.8067787e-01  -2.9321400e-03  -7.5570181e-01
   3.7718509e+00   2.4491426e+00   2.1891060e+00   1.8393307e+00   1.0548112e+00   1.0503318e+00   9.2207245e-01   1.2037118e+00   1.2181620e+00   4.6040657e-01   4.4577709e-01   6.7895602e-01   7.5539401e-01   7.8563283e-01  -3.0823903e-01  -7.7717189e-01
   3.1506600e+00   2.5314889e+00   2.2226964e+00   1.9178079e+00   1.1342290e+00   1.3814977e+00   1.1897307e+00   1.0992234e+00   1.0605624e+00   1.1277098e+00   4.6325304e-01   7.4196765e-01   6.7407223e-01   4.6238271e-01  -2.0541609e-01  -7.4878800e-01
   3.3666269e+00   2.3915635e+00   1.9656867e+00   1.3278395e+00   1.1584241e+00   1.3730678e+00   1.2469789e+00   1.0125596e+00   9.0371704e-01   6.9992916e-01   4.4076064e-01   4.0775398e-01   4.4787575e-01   3.2459695e-01  -1.1301753e-01  -5.2470726e-01
   2.6141724e+00   2.5254337e+00   2.2924978e+00   1.8832760e+00   1.4062668e+00   1.5131072e+00   1.3153489e+00   9.1426430e-01   7.2003908e-01   5.8464306e-01   4.2227202e-01   5.1947462e-01   4.3370711e-01   2.3108230e-01  -3.1309850e-01  -6.8696451e-01
   2.8609081e+00   2.9844431e+00   1.9562317e+00   1.3285915e+00   1.0120217e+00   1.8620525e+00   1.4661165e+00   7.5421981e-01   6.0389458e-01   7.0053299e-01   4.6665922e-01   1.1758460e-01   3.5097235e-01   2.3913415e-01  -5.4056136e-01  -7.3905327e-01
   2.4251976e+00   2.4848522e+00   2.0527580e+00   1.8393619e+00   1.9550406e+00   1.3639603e+00   1.2066698e+00   8.9190487e-01   8.1727199e-01   7.5338252e-01   3.6447582e-01   1.0348229e-01   2.7935161e-01   9.5855931e-02  -4.8600767e-01  -7.2808127e-01
   2.9931538e+00   2.9814213e+00   1.8674694e+00   1.4763505e+00   1.0366269e+00   8.4620086e-01   9.6556851e-01   7.2606343e-01   6.3375529e-01   8.5332229e-01   2.0254626e-01   4.2334617e-01   3.7165234e-01  -3.1786688e-01  -5.0152159e-01  -7.0069090e-01
   2.9706326e+00   2.4255783e+00   1.2684526e+00   1.0609582e+00   1.1920824e+00   7.5137639e-01   8.8949549e-01   1.1307827e+00   8.1809693e-01   8.1141278e-01   4.2597011e-01   2.2914323e-01  -8.3969260e-02  -5.1546665e-01  -5.7239516e-01  -7.1530692e-01
   3.2798765e+00   2.4656045e+00   1.1104420e+00   1.0012205e+00   1.3850211e+00   9.7912516e-01   1.3949376e+00   1.4106848e+00   8.5232691e-01   6.9505517e-01   4.2633951e-01   3.1033461e-02  -2.8688464e-01  -5.0223249e-01  -6.5620344e-01  -6.9505967e-01
   2.8182325e+00   2.6121821e+00   1.4665286e+00   1.1360596e+00   1.1714318e+00   1.5685101e+00   1.3077793e+00   9.6454870e-01   7.5888118e-01   6.7740307e-01   4.8333289e-01  -4.5634118e-01  -4.4220246e-01  -6.5254446e-01  -7.7244551e-01  -1.1334114e+00
   2.2811593e+00   2.0832900e+00   1.1951680e+00   3.4150567e-01   1.4293278e+00   1.6338327e+00   1.4887161e+00   1.0187680e+00   8.3932407e-01   1.2234344e+00   3.5737686e-01  -2.6696669e-01  -5.7939501e-01  -8.7851802e-01  -8.7361982e-01  -9.4518184e-01
   2.9175044e+00   1.9200828e+00   1.0680213e+00   1.2938542e+00   1.3266387e+00   1.2834449e+00   1.4405995e+00   1.0695509e+00   1.0140339e+00   1.3463357e+00   4.2156894e-01   8.6710747e-02  -3.9198662e-01  -7.1990626e-01  -7.1639222e-01  -8.7598433e-01
   2.6242385e+00   2.5959045e+00   1.6798802e+00   1.5637419e+00   1.5784055e+00   1.8576474e+00   1.1665989e+00   9.4729557e-01   1.1013581e+00   6.6723675e-01   1.7424712e-01  -1.9629960e-01  -6.2132989e-01  -6.6092265e-01  -7.1069685e-01  -8.4864679e-01
   2.4013899e+00   2.4851770e+00   1.2956696e+00   1.4851597e+00   1.3424199e+00   1.9996707e+00   1.4431689e+00   8.8671750e-01   9.1571840e-01   8.9400245e-01   4.0776611e-01  -1.4563396e-01  -5.0061838e-01  -6.2390044e-01  -8.5884607e-01  -8.5748257e-01
   2.4444430e+00   2.2101199e+00   1.2923318e+00   9.0412406e-01   1.3517535e+00   2.0275016e+00   1.3507962e+00   1.0022536e+00   8.9095801e-01   5.7105334e-01   2.2136036e-01   5.1858966e-02  -1.9322743e-01  -5.2332457e-01  -5.2369760e-01  -4.9291304e-01
   3.3363419e+00   1.2942664e+00   1.2393065e+00   7.2923885e-01   9.9247869e-01   1.4093328e+00   1.1293696e+00   1.3826658e+00   1.0606998e+00   5.8062141e-01   2.6172615e-01  -1.3160614e-01  -4.4041694e-01  -1.1800398e+00  -9.3951759e-01  -1.0264747e+00
   3.2564966e+00   2.5668928e+00   2.0853356e+00   1.6342046e+00   1.1372404e+00   1.5997561e+00   1.1303281e+00   1.1261276e+00   1.0616810e+00   6.8094861e-01   5.6319953e-01  -8.6455440e-02  -4.6683330e-01  -1.0204345e+00  -8.2319471e-01  -9.4696457e-01
   3.0698409e+00   1.8615590e+00   1.5142053e+00   1.2110340e+00   1.0071461e+00   1.6931263e+00   1.4087837e+00   8.3233273e-01   8.8493730e-01   5.8505442e-01   7.4577879e-01   3.0938678e-02  -5.9262417e-01  -6.8965299e-01  -7.9393591e-01  -8.0706902e-01
   3.2484893e+00   2.5265720e+00   1.8707829e+00   1.7278143e+00   1.2100080e+00   1.5025886e+00   1.4774037e+00   1.0385391e+00   1.0189498e+00   6.0625759e-01   6.0019106e-01  -1.0349298e-01  -3.9449893e-01  -5.2512116e-01  -9.4099953e-01  -1.1090864e+00
   2.7012536e+00   1.8568595e+00   1.3463196e+00   1.3471669e+00   1.5026508e+00   1.5979251e+00   1.5905335e+00   1.2613411e+00   1.0209001e+00   7.4209620e-01   5.6451212e-01  -3.2851382e-01  -7.1327584e-01  -8.3740031e-01  -9.9210229e-01  -1.1528247e+00
   3.2666811e+00   1.4702503e+00   1.0732747e+00   1.0364754e+00   9.9878895e-01   1.0979008e+00   1.0850333e+00   6.6585732e-01   7.3968054e-01   7.6574415e-01   1.8669920e-01  -4.4384365e-01  -3.3437618e-01  -4.1936018e-01  -7.9128618e-01  -9.1102983e-01
   2.5897304e+00   2.1330501e+00   1.8364783e+00   1.2641190e+00   1.2903216e+00   1.2359806e+00   9.8470985e-01   9.6278102e-01   9.4813750e-01   7.4434700e-01   3.2799988e-01  -3.5450920e-01  -5.2894400e-01  -5.4590871e-01  -8.0081057e-01  -1.0036958e+00
   2.4405756e+00   1.8866175e+00   1.9688292e+00   1.2446185e+00   9.9892234e-01   1.5042374e+00   1.1985101e+00   6.7434048e-01   8.9344541e-01   4.5435435e-01   1.0631748e-01  -8.5385974e-02  -3.5672770e-01  -6.3181508e-01  -8.6508093e-01  -1.2378152e+00
   2.8960088e+00   2.5239100e+00   1.7810735e+00   9.8571179e-01   3.9314172e-01   1.1596526e+00   9.3451133e-01   7.3335417e-01   7.2912845e-01   5.5450343e-01   2.8348113e-01  -4.7299303e-01  -4.1556035e-01  -6.7678211e-01  -8.4483460e-01  -8.8839750e-01
   2.4940045e+00   2.0356699e+00   1.7500362e+00   1.1963274e+00   7.1998304e-01   9.0060342e-01   1.1863571e+00   5.7591123e-01   6.7062050e-01   4.3849739e-01   2.8530926e-01  -4.9112016e-01  -7.0313981e-01  -8.2686790e-01  -8.7099016e-01  -7.9013788e-01
   2.6887713e+00   2.0548809e+00   1.7566131e+00   1.4471299e+00   1.2824894e+00   1.6440350e+00   1.1215070e+00   5.6397328e-01   7.2141483e-01   1.0320345e+00   6.8687585e-01  -3.6091629e-01  -9.4946406e-01  -4.3441120e-01  -8.4190634e-01  -1.0627997e+00
   2.2732024e+00   1.7104062e+00   1.5237221e+00   1.2518971e+00   1.0675573e+00   2.0494786e+00   1.2174985e+00   5.3570205e-01   8.7708820e-01   7.0637965e-01   4.2253549e-01  -1.0830392e-01  -6.4515850e-01  -6.1889310e-01  -6.9430197e-01  -9.2747387e-01
   2.6656127e+00   1.7713938e+00   1.5744358e+00   1.0920854e+00   1.6223612e+00   1.8498026e+00   1.6907626e+00   1.1647440e+00   1.1449770e+00   7.7538356e-01   3.6683440e-01   6.0844716e-02  -4.6693408e-01  -5.4510983e-01  -5.8278393e-01  -8.3312142e-01
   3.2195012e+00   2.3257135e+00   1.6603737e+00   8.9483277e-01   1.3036326e+00   1.5151027e+00   1.3066252e+00   1.3666886e+00   1.0168446e+00   9.9486434e-01   6.0590943e-01   1.0937098e-02  -3.7953859e-01  -7.5050295e-01  -7.9691482e-01  -1.0362353e+00
   3.2281178e+00   2.0103811e+00   1.4711508e+00   1.3402992e+00   1.0372292e+00   1.4945203e+00   1.3438508e+00   1.1816867e+00   7.8639316e-01   8.0923464e-01   4.5428268e-01  -4.0757813e-02  -2.8190744e-01  -3.1037888e-01  -5.1415687e-01  -4.9038727e-01
   2.9661410e+00   2.6870412e+00   1.7039148e+00   1.6055996e+00   1.4992652e+00   1.5249438e+00   1.3194579e+00   9.2118268e-01   9.9854709e-01   1.0946657e+00   4.9357009e-01  -2.9777663e-01  -4.9351378e-01  -4.0041550e-01  -8.6102398e-01  -8.2907397e-01
