   3.2615007e+00   2.6142246e+00   2.7020486e+00   2.1306878e+00   1.6515674e+00   1.3614978e+00   1.3774455e+00   8.5492556e-01   1.0170511e+00   4.0534005e-01   2.2039236e-02   8.7786712e-02  -8.1869939e-03  -1.8538436e-01  -4.4739974e-01  -4.2403836e-01
   3.5594168e+00   3.0921355e+00   2.8849510e+00   2.2048579e+00   1.4898225e+00   7.4211593e-01   8.5884184e-01   9.2893610e-01   1.0558339e+00   6.0064574e-01   1.8866404e-01   1.4040156e-01  -5.6185835e-04  -2.2625995e-01  -4.1475101e-01  -6.3905063e-01
   3.1407607e+00   2.0780562e+00   2.1323817e+00   1.7929927e+00   1.3906593e+00   1.6038063e+00   1.1880072e+00   1.2583365e+00   7.0677084e-01   5.0319612e-01   3.7349524e-01   3.0730497e-01   2.7436571e-02   1.2554893e-01  -3.5411421e-01  -4.5026080e-01
   3.9331730e+00   2.5311299e+00   2.2338967e+00   1.4137541e+00   1.9735078e+00   1.7200578e+00   1.1025289e+00   1.0121590e+00   1.0248502e+00   5.2352925e-01   1.6138386e-01   1.0929456e-01   1.3296684e-01  -1.6805113e-01  -9.0617173e-02   1.6555009e-02
   3.1573495e+00   2.9724910e+00   2.8097933e+00   1.4113906e+00   1.4813015e+00   1.3108482e+00   9.2754680e-01   1.1897548e+00   1.1919493e+00   2.4871185e-01   4.4502418e-01   6.6152737e-02   6.7343761e-03  -7.2407018e-02  -1.5049896e-01  -3.1130768e-01
   3.1193677e+00   3.1318633e+00   2.2179449e+00   1.5337196e+00   1.0309825e+00   1.2145528e+00   1.0817186e+00   1.1261496e+00   6.4541043e-01   1.3013238e-01   3.8669551e-01   3.3786083e-01   1.5906306e-01  -5.9160939e-03  -1.7062782e-01  -1.5776944e-02
   3.3401420e+00   2.2547303e+00   1.6533497e+00   1.3816160e+00   7.1076055e-01  -1.4909373e-01   2.8589957e-01   2.2910162e-01   4.6073619e-02  -1.7294572e-01  -5.5565083e-01  -4.5755467e-01  -5.9737765e-01  -7.0972778e-01  -3.1307018e-01  -3.5552554e-02
   3.4799241e+00   2.9990627e+00   2.0906265e+00   2.2757710e+00   1.5291230e+00   5.3079829e-01   8.6386073e-01   3.1459257e-01   1.9189936e-01  -1.6249397e-01  -1.3075753e-01  -2.4158279e-01  -2.5904663e-01  -3.0178772e-01  -3.8838103e-02   2.5808396e-01
   3.4256448e+00   2.9130708e+00   1.9492218e+00   1.8448881e+00   1.5318383e+00   1.3722670e+00   1.7111732e+00   6.1470036e-01   4.9977226e-01   1.6503793e-01   2.2790546e-01   9.0696322e-02   8.1134309e-02  -4.0501303e-01  -1.6055847e-01  -3.5119444e-02
   3.1944596e+00   2.7533103e+00   2.1342788e+00   2.0926260e+00   2.0473457e+00   1.2850784e+00   1.9194528e+00   1.0144110e+00   8.2450706e-01   5.4788586e-01   1.3018772e-01   3.1802303e-01   1.0135673e-01  -2.3987723e-01  -2.3886462e-01  -3.0527022e-01
   3.0653450e+00   1.9142013e+00   1.5276645e+00   1.4273967e+00   1.0105387e+00   9.8161666e-01   1.2752696e+00   4.5415714e-01   3.3636542e-01   8.8978941e-02  -5.7310589e-01  -3.3301235e-01  -1.6242268e-01  -2.4435621e-01  -8.0469643e-02  -4.8044429e-02
   3.2204809e+00   2.7583809e+00   2.6648674e+00   2.1615770e+00   1.6114534e+00   1.4205849e+00   1.1024287e+00   7.3485635e-01   5.0634732e-01   3.1367846e-01  -3.2935718e-02   3.3609097e-01   7.3662141e-02  -1.4860943e-01  -7.7910216e-02   1.3407217e-01
   3.9671155e+00   3.4395256e+00   2.3345517e+00   2.3813911e+00   1.4956702e+00   1.8686000e+00   1.2729854e+00   6.5932244e-01   7.0743071e-01   4.9395076e-01   4.6879921e-01   1.5501132e-01   1.6040506e-02  -1.0724679e-01  -1.9752356e-01  -1.2625706e-01
   3.9535158e+00   3.3698006e+00   2.6123033e+00   2.5184413e+00   2.2018961e+00   1.7539691e+00   1.2713112e+00   9.7270855e-01   8.2622920e-01   1.1078103e-01   2.7944118e-01   5.6549330e-02   2.0729229e-01   2.2421968e-01   2.8432657e-02  -1.9256405e-01
   3.8952898e+00   2.4388827e+00   2.0964270e+00   1.8289143e+00   1.2716011e+00   1.1926807e+00   8.7964380e-01   9.0257915e-01   1.3555570e-01  -6.0169432e-02  -2.5984274e-01  -4.7355762e-01  -4.7486078e-01  -4.5130367e-01  -1.9163826e-01   2.1676837e-01
   3.5488998e+00   3.0637493e+00   2.4947848e+00   1.7518562e+00   4.8745943e-01   3.4450552e-03  -4.4634437e-02   8.7500216e-02   2.1422496e-01  -4.3052985e-02  -6.0787880e-01  -5.5978721e-01  -5.4833782e-01  -3.0237231e-01  -5.5411395e-01  -5.6743000e-01
   3.7390768e+00   3.2836206e+00   2.4745509e+00   2.2749590e+00   1.9345192e+00   1.2602957e+00   7.4390382e-01   1.1449936e+00   7.7869288e-01   4.9528485e-01   1.1350386e-01   4.0056419e-02   2.5182962e-01   9.6645061e-03  -1.6144504e-01  -2.3542909e-01
   3.7165001e+00   2.9429162e+00   2.3140071e+00   1.6183889e+00   1.8275789e+00   1.5728899e+00   1.0262370e+00   1.1251669e+00   9.3336585e-01   5.2727748e-01   6.0718634e-01   6.2248915e-01   6.6695102e-01   3.7107293e-01   5.4839941e-02  -1.7617222e-01
   4.1405542e+00   2.9346326e+00   2.4520817e+00   2.0543344e+00   1.4294167e+00   1.1285357e+00   9.2225221e-01   9.8024588e-01   1.1237444e+00   6.3109656e-01   3.0401497e-01   3.0983951e-01   3.7895842e-01   4.9073785e-01   6.6204557e-01   8.0494362e-01
   3.4669537e+00   2.6251318e+00   2.0836633e+00   1.6172778e+00   9.6683115e-01   2.3764728e-01  -2.2302879e-01  -9.0226554e-03   1.2237154e-01  -6.1538855e-02  -1.7450678e-01  -5.3140187e-01  -3.3975429e-01  -1.9815229e-01   3.0594393e-01   6.3326151e-01
   3.7026319e+00   2.9007771e+00   2.7853203e+00   2.4476453e+00   2.2633234e+00   1.2253135e+00   1.3975035e+00   6.5243253e-01   9.3753322e-01   3.9475226e-01   4.0043846e-01   2.7559366e-01   5.2014215e-01   6.3395116e-01   1.4300779e+00   1.5687493e+00
   3.6418688e+00   3.0174351e+00   2.3617399e+00   2.2859560e+00   1.9805697e+00   1.3745504e+00   1.4535372e+00   1.0047760e+00   7.0934555e-01   1.8019916e-01   1.5469067e-01   2.1242580e-01   3.6022532e-01   8.8552848e-01   1.6541932e+00   2.0269772e+00
   3.8087538e+00   3.2692360e+00   2.1874518e+00   2.5609080e+00   2.2160354e+00   1.2601491e+00   1.0038655e+00   6.9830163e-01   3.5791905e-01   1.7973127e-01   3.2020569e-01   3.5633293e-01   6.8883415e-02   8.5198950e-01   1.7420896e+00   1.9304228e+00
   3.3080519e+00   2.8204679e+00   2.2583625e+00   1.8137062e+00   1.6022130e+00   1.6251879e+00   1.4908639e+00   1.3611714e+00   7.7973337e-01   4.1066869e-01   1.6239404e-01   5.2506587e-01   2.6327967e-01   1.1590285e+00   1.9679921e+00   2.1378551e+00
   3.9757856e+00   3.4790051e+00   2.1889659e+00   1.7672852e+00   1.8414315e+00   1.9234213e+00   1.5841356e+00   9.9818702e-01   1.0197528e+00   6.4867823e-01   1.5437964e-01   6.5204867e-01   3.0967185e-01   1.2696655e+00   2.2542047e+00   2.5839314e+00
   3.9274398e+00   3.3709077e+00   2.2072609e+00   2.3111780e+00   1.9200813e+00   1.4075590e+00   1.0844539e+00   8.6560885e-01   4.8451437e-01   5.3623474e-01   4.5498631e-01   4.2777296e-01   4.3521901e-01   9.9327810e-01   2.2338346e+00   2.3910482e+00
   4.1553751e+00   3.3064683e+00   2.1789574e+00   2.2564065e+00   2.1833393e+00   1.7053990e+00   1.2195592e+00   9.2745779e-01   8.6117246e-01   6.3038464e-01   5.5068024e-01   4.9950579e-01   7.3448273e-01   1.2943203e+00   2.1255514e+00   2.4280224e+00
   3.6979645e+00   2.8574857e+00   2.0040197e+00   1.7528170e+00   1.2286087e+00   1.6720153e+00   1.1463473e+00   1.0813810e+00   7.1648513e-01   2.7886702e-01   1.6885768e-01   3.8948482e-01   7.1876712e-01   1.5100937e+00   2.2757870e+00   2.6387522e+00
   2.9366973e+00   2.8579657e+00   2.1761672e+00   1.5665791e+00   1.7500081e+00   1.8466289e+00   1.6867515e+00   1.3245118e+00   7.0692752e-01   5.2107374e-01   2.4582788e-01   3.4892239e-01   6.7991976e-01   1.3893205e+00   2.4153350e+00   2.6226790e+00
   3.6268756e+00   2.8513954e+00   2.2321134e+00   1.8417378e+00   2.0419161e+00   1.4348563e+00   1.1890312e+00   1.0036649e+00   4.9507645e-01   4.1004034e-01   1.5029896e-01   4.4153658e-01   5.1132724e-01   1.0902813e+00   2.2637800e+00   2.9199929e+00
   3.7174352e+00   3.0955542e+00   2.5880669e+00   2.1266244e+00   1.8080945e+00   1.6069695e+00   1.1360831e+00   1.0375762e+00   5.6890073e-01   5.5215114e-01   4.8480760e-01   7.3677530e-01   5.6898843e-01   1.1489509e+00   2.0053555e+00   2.4437158e+00
   3.4459273e+00   2.7534868e+00   2.3519999e+00   2.2024749e+00   1.5193610e+00   1.7050483e+00   1.4756136e+00   1.1485350e+00   6.5724948e-01   6.8142362e-01   6.9579547e-01   7.0507151e-01   7.0976373e-01   1.0190795e+00   1.5228256e+00   2.2992647e+00
   3.8135802e+00   2.2613344e+00   2.4500762e+00   2.1911538e+00   1.7135297e+00   1.8675248e+00   1.4544675e+00   1.0093982e+00   9.4851862e-01   6.0829994e-01   4.6039603e-01   2.0028171e-01   5.3864319e-01   9.4562139e-01   2.0228421e+00   2.3633766e+00
   3.6070043e+00   3.1026963e+00   2.3304546e+00   2.4726890e+00   1.8786719e+00   1.8143086e+00   1.1727024e+00   7.4921424e-01   9.5049342e-01   7.7675104e-01   6.3143774e-01   3.4873429e-01   3.8275358e-01   1.1887398e+00   1.9985369e+00   2.6376826e+00
   3.6598901e+00   3.1036961e+00   2.2930519e+00   2.0783472e+00   1.9801486e+00   1.3614413e+00   1.3033971e+00   9.8766706e-01   5.8151198e-01   3.2931721e-01   6.0678458e-01   3.6144247e-01   6.2200348e-01   1.3277707e+00   1.9514578e+00   2.6586278e+00
   3.5401787e+00   2.8895098e+00   2.3013882e+00   2.1368868e+00   1.6705835e+00   1.9044432e+00   1.4303585e+00   9.9009898e-01   7.5728473e-01   4.8942322e-01   4.9572084e-01   4.9720055e-01   8.2984754e-01   1.1694326e+00   1.6700010e+00   2.3187489e+00
   3.5734054e+00   2.6294026e+00   2.6267076e+00   2.3092882e+00   1.7072273e+00   1.2375829e+00   1.3424675e+00   1.0636508e+00   7.8894634e-01   6.9666320e-01   3.3694952e-01   5.5379779e-01   5.1468880e-01   9.6862926e-01   1.4477225e+00   1.4580556e+00
   3.4851064e+00   3.0546994e+00   2.3993105e+00   2.1404519e+00   1.4300442e+00   1.4885992e+00   1.4676542e+00   1.1230259e+00   1.1009760e+00   1.0706086e+00   4.7459901e-01   5.6052525e-01   5.1829335e-01   6.1625812e-01   4.8882713e-01   3.5692927e-01
   4.1552470e+00   3.0930661e+00   2.2488118e+00   2.0448785e+00   1.8798307e+00   1.5231634e+00   1.5341055e+00   8.7763274e-01   1.0370298e+00   1.5531013e+00   9.1652419e-01   1.2114868e+00   9.7087775e-01   1.5335080e+00   8.3453607e-01   1.7171746e-01
   4.4528715e+00   3.6990516e+00   2.4276508e+00   2.2564117e+00   1.8937521e+00   1.4622470e+00   1.6241192e+00   1.0040028e+00   1.0795311e+00   1.3993195e+00   1.2645322e+00   1.4946136e+00   1.1296944e+00   1.6186089e+00   7.8037890e-01   1.9312846e-01
   3.7352302e+00   3.5128729e+00   2.8748173e+00   2.2924062e+00   1.7386526e+00   1.3816552e+00   1.0585480e+00   8.6170232e-01   8.0566644e-01   1.0813493e+00   1.2865767e+00   1.5302659e+00   8.0966205e-01   1.3130630e+00   7.6668716e-01   2.9327194e-01
   3.7518006e+00   3.3268626e+00   2.3016210e+00   2.2825257e+00   1.5720432e+00   1.4520348e+00   1.0643904e+00   7.6281665e-01   4.5395406e-01   4.3433029e-01   6.5443988e-01   9.1798810e-01   1.0042885e+00   1.4409529e+00   7.9997265e-01   1.0823060e-01
   3.9124946e+00   3.6023482e+00   2.7987499e+00   2.5438894e+00   2.1875653e+00   1.5285892e+00   1.0568223e+00   5.2840450e-01   2.3336236e-01   7.3838357e-01   1.0481632e+00   1.1478462e+00   1.3041943e+00   1.8059554e+00   7.8560372e-01  -2.3785075e-01
   4.0643142e+00   3.6181310e+00   2.8961257e+00   1.8999025e+00   1.9868370e+00   1.6643155e+00   9.1691185e-01   4.0813941e-01   7.7551929e-01   8.7878384e-01   1.0575477e+00   1.2400346e+00   1.1492731e+00   1.4368861e+00   5.4876320e-01   1.5505668e-01
   3.4698071e+00   3.6090102e+00   2.7044917e+00   2.0058424e+00   1.6088396e+00   1.6620547e+00   1.2098917e+00   1.0200740e+00   7.6090913e-01   3.5387617e-01   6.8213539e-01   9.8852164e-01   1.0158997e+00   1.5871913e+00   6.3553649e-01  -2.2886008e-01
   3.8518843e+00   3.4128448e+00   3.0383986e+00   2.2254423e+00   1.5418330e+00   1.4238654e+00   1.4707944e+00   1.3505773e+00   7.0391302e-01   2.9406361e-01   9.2099600e-01   1.3584237e+00   9.9197952e-01   1.4621957e+00   6.8357858e-01   8.3183677e-02
   4.3578375e+00   3.5589339e+00   3.1246150e+00   2.1182526e+00   1.6543208e+00   1.1142630e+00   1.3211431e+00   1.0780264e+00   6.1949493e-01   4.4541072e-01   1.2036080e+00   1.5406324e+00   1.1283416e+00   1.4241185e+00   5.7982781e-01   4.1675458e-01
   3.9999420e+00   3.2630791e+00   2.9632267e+00   1.9951141e+00   8.9553174e-01   5.1008305e-01   1.1435019e+00   4.4704575e-01   6.4556834e-01   6.0426242e-01   1.0467111e+00   1.2164395e+00   1.0252683e+00   1.1401997e+00   6.2691376e-01   5.5336115e-01
   3.7115080e+00   3.2597815e+00   2.6218837e+00   1.9688226e+00   1.4393761e+00   1.2503639e+00   1.4154820e+00   8.2399319e-01   3.3711512e-01   1.6053906e-01   8.5138119e-01   9.4597665e-01   4.1867657e-01   3.3353184e-01  -1.3173167e-01   7.3604169e-02
   3.8160240e+00   3.1843165e+00   1.8434614e+00   2.0891865e+00   2.0341842e+00   1.6335403e+00   1.1331500e+00   1.1356899e+00   1.0163382e+00   6.2103752e-01   1.1932981e+00   1.6157051e+00   1.4331995e+00   1.0940258e+00  -1.1062458e-01  -3.2044324e-01
   4.3615859e+00   2.6081724e+00   2.4639493e+00   2.4839416e+00   1.9908483e+00   1.7418526e+00   1.7505618e+00   1.0885683e+00   6.5052498e-01   7.0883221e-01   1.3272721e+00   1.8246351e+00   1.7530595e+00   1.3758235e+00   1.5899450e-01   8.7548904e-02
   3.4146978e+00   2.2546464e+00   1.9825464e+00   1.9295210e+00   1.3487496e+00   6.3265014e-01   9.4966465e-01   5.3765485e-02  -8.7620249e-02  -3.6428825e-02   1.0804901e+00   1.6352582e+00   8.5914365e-01   1.2241801e+00   3.7871653e-01   6.4912707e-01
   3.5875249e+00   2.8490838e+00   2.2835103e+00   2.1965731e+00   1.4982264e+00   1.1208676e+00   1.0420593e+00   1.0198891e+00   8.3094736e-01   5.6452476e-01   1.1422876e+00   1.6503831e+00   1.4393078e+00   1.4819299e+00   4.4467097e-01   5.3539201e-01
   4.5253187e+00   3.6523255e+00   3.1590105e+00   2.0246202e+00   1.4728839e+00   1.5281528e+00   1.1402149e+00   1.0248668e+00   9.7769865e-01   7.9541207e-01   1.0869076e+00   1.9673192e+00   1.9002877e+00   2.0280540e+00   8.7025197e-01   5.9744759e-01
   4.4317068e+00   3.1074607e+00   2.9422744e+00   2.2708892e+00   1.8292461e+00   1.2647125e+00   1.1910421e+00   9.2968830e-01   6.7885046e-01   3.3511128e-01   1.1519795e+00   1.8156753e+00   1.9113642e+00   1.5765707e+00   3.1224319e-01  -5.5065958e-02
   3.8827696e+00   2.6956904e+00   2.0730095e+00   1.5133133e+00   8.2929044e-01   6.4085875e-01   8.1749880e-01   4.6380848e-01   9.7336231e-02  -8.2164281e-02   7.0788268e-01   1.2403153e+00   1.1488273e+00   1.0244396e+00   1.5542071e-02  -1.9257644e-01
   3.7919295e+00   3.3522524e+00   3.2493007e+00   2.2355468e+00   1.5519447e+00   1.9844890e+00   1.4729815e+00   8.5957452e-01   3.9218423e-01   3.8088334e-02   5.6283763e-01   1.1885453e+00   1.3849043e+00   1.0946985e+00   1.4874916e-01  -2.4428019e-01
   4.0826316e+00   3.0342729e+00   2.0968980e+00   1.8365463e+00   1.8031274e+00   1.4996994e+00   1.1738494e+00   6.3466090e-01   5.7092458e-01   1.8466976e-01   2.3868744e-01   6.6388435e-01   9.1987094e-01   8.5765287e-01   8.9885747e-02   4.4297578e-02
   4.7732601e+00   3.0957315e+00   1.6482955e+00   7.7135302e-01   6.4289530e-01   1.2865114e+00   1.2631766e+00   7.9660685e-01   2.5621348e-01  -1.4335828e-01   7.8500637e-02   5.2653998e-01   3.2175634e-01   4.7581268e-01   2.1266887e-01   4.6414503e-01
   3.3127097e+00   1.8188372e+00   1.4003004e+00   1.2537139e+00   8.6019515e-01   7.3851937e-01   4.7967382e-01   3.3069758e-01   3.1276098e-01  -2.4285123e-02   4.6324585e-02   1.0111229e-01   6.8318909e-02   2.1701895e-01   3.0055201e-01   6.8143126e-01
   3.8294415e+00   2.9197450e+00   2.6491413e+00   1.8544460e+00   1.4339562e+00   6.8457282e-01   4.6546650e-01   7.9935375e-01   7.5478991e-01   1.4573552e-01   2.7526055e-01   3.4895478e-01   1.1013563e-01  -1.3878402e-01   7.5685876e-02   1.1519429e-01
   4.0810235e+00   3.2456141e+00   2.5478540e+00   1.5412153e+00   1.4573260e+00   1.4661107e+00   1.3398921e+00   9.8088017e-01   9.7840998e-01   3.3814291e-01   5.7251977e-01   7.1892767e-01  -3.3534305e-02  -2.6461052e-01  -4.0212409e-02  -3.7925082e-01
   4.2182749e+00   3.6553703e+00   2.7092069e+00   2.5297815e+00   1.8948299e+00   1.6081808e+00   1.4636403e+00   1.2741279e+00   8.4059125e-01   6.0960682e-02   4.6478629e-02   5.3415374e-01   4.4221144e-01   3.6305339e-01  -2.0370260e-03  -2.6534843e-01
   3.2304738e+00   3.2342750e+00   2.6614595e+00   2.1436716e+00   1.9387252e+00   1.4354452e+00   1.3836576e+00   7.0041696e-01   6.0683135e-01   2.0530572e-01   3.6869312e-01   3.0126566e-01   5.2220800e-01   4.3061987e-01   2.0078764e-01   1.2115862e-01
   3.1290298e+00   2.1066567e+00   1.4706737e+00   1.1240960e+00   1.1409937e+00   9.8527428e-01   8.5493465e-01   8.0056121e-02  -1.3409377e-01  -5.9700540e-01  -5.2622468e-01  -3.9952212e-01  -1.2199655e-01  -1.4410690e-01  -2.0282656e-01  -1.0274564e-02
   3.9665132e+00   3.1006823e+00   2.5259408e+00   2.3167414e+00   1.6532319e+00   1.1946884e+00   8.2958889e-01   6.2478777e-01   8.1519975e-02   5.6272664e-02  -1.4138454e-01   3.2877268e-01   5.2612375e-02  -6.5289203e-02  -1.2536871e-01  -2.9425182e-01
   3.9290663e+00   2.7623673e+00   2.5972938e+00   2.3747593e+00   1.8322677e+00   1.8456042e+00   6.6571124e-01   6.7865598e-01   9.5574615e-01   6.4011713e-01   5.5709290e-02   5.4110056e-01   5.2586021e-01   3.9315156e-01   1.5015055e-01  -6.9361267e-02
   3.7356460e+00   2.9030194e+00   2.4001437e+00   1.9235294e+00   2.0142463e+00   1.6628497e+00   9.5261716e-01   1.2151110e+00   9.3158582e-01   4.8065974e-01   3.3014069e-01   5.7329823e-01   4.8344416e-01   4.6801453e-01   2.2763392e-01   2.2053931e-01
   3.7748153e+00   2.2292846e+00   2.0316791e+00   1.6845217e+00   1.8110222e+00   1.5964177e+00   7.7130737e-01   8.2702211e-01   1.7344618e-01  -1.7994005e-01  -2.8692357e-01  -2.0672876e-01  -2.2418707e-01  -3.4021162e-01  -2.6683416e-01   7.4604920e-01
   3.6761998e+00   2.9500430e+00   1.9362812e+00   2.0270185e+00   1.8765428e+00   1.4880784e+00   1.4164745e+00   7.2613710e-01   1.0657833e+00   4.0353229e-01   2.3718576e-01   2.1957525e-01   2.6533413e-01  -8.8392893e-02   4.2474758e-02   1.2351031e-01
   3.6247614e+00   3.0207755e+00   1.8605941e+00   1.5146360e+00   1.7680757e+00   1.7147540e+00   1.5631986e+00   1.2689117e+00   1.3476181e+00   5.9558587e-01   3.1257667e-01   3.7206931e-01   4.5940857e-02  -2.7034437e-01  -1.9603116e-01  -3.0164212e-01
   3.2321130e+00   2.6269050e+00   2.3503766e+00   1.5712461e+00   1.4182225e+00   1.0655691e+00   1.2829446e+00   1.1616549e+00   9.4091781e-01   2.4165292e-01  -1.2587333e-01   2.9376908e-01  -2.9538693e-01  -5.7889488e-01  -4.9945379e-01  -5.7508175e-01
   3.0376995e+00   2.7994979e+00   2.9059333e+00   2.2374750e+00   1.9358421e+00   1.6438924e+00   1.0455707e+00   1.1575074e+00   8.5613885e-01   2.8647871e-01   5.0962432e-01   2.1152564e-01   3.8181166e-01  -2.7126998e-01  -3.1311292e-01  -5.5116459e-01
   3.4396421e+00   3.2493948e+00   2.5888236e+00   2.0724981e+00   2.0445119e+00   1.7389938e+00   1.6468199e+00   8.3877383e-01   8.7278095e-01   7.7988334e-01   5.5714235e-01   3.8751756e-01   3.2228698e-01  -3.2202959e-01  -1.8465816e-01  -3.7677194e-01
   2.7782899e+00   2.7708530e+00   2.8370077e+00   1.9063123e+00   2.3342847e+00   1.8026422e+00   1.4107184e+00   1.0688848e+00   6.7543833e-01  -2.0284170e-02   1.2300179e-01   1.8914024e-01   2.6779807e-01  -2.6313531e-01  -3.2994444e-01  -4.7469195e-01
   2.7431973e+00   2.7186491e+00   2.6839364e+00   1.9611623e+00   1.7644797e+00   1.3880464e+00   1.1065351e+00   6.2843005e-01   6.1902713e-01   3.7205371e-01   2.5582725e-01   4.4389181e-01   1.8143760e-01  -2.4326863e-01  -6.3871269e-01  -5.9029305e-01
   3.1243452e+00   2.7084637e+00   2.8145835e+00   2.0496543e+00   1.5466610e+00   1.1424425e+00   9.2736482e-01   1.0139168e+00   9.5332156e-01   6.8540712e-01   5.0032810e-01   2.0262540e-01   3.1212556e-01  -7.4983254e-02  -1.9381147e-01  -4.0864677e-01
   3.5337010e+00   2.4115439e+00   2.4678919e+00   2.0131538e+00   1.9060115e+00   1.4899101e+00   1.2021663e+00   9.6901676e-01   4.9769430e-01   4.2836176e-02   3.8665299e-01   2.6685567e-01  -1.5767900e-02  -2.6819457e-01  -1.9104515e-01   2.0258306e-01
   3.4871955e+00   2.8297805e+00   2.7086916e+00   1.6685281e+00   1.3220953e+00   1.4456799e+00   1.1800300e+00   6.6428350e-01   8.0868425e-01   1.7394460e-01   5.2953622e-02   1.9643358e-01   2.7821729e-01   5.4447527e-02  -4.0463361e-01  -1.7246079e-01
   3.6505158e+00   2.7651684e+00   2.3529488e+00   1.6295393e+00   1.8348327e+00   1.3453227e+00   1.3343037e+00   1.2170018e+00   9.7512611e-01   6.5801645e-01   1.7109802e-01  -1.7427964e-01   2.3513710e-01  -2.0414206e-01  -4.4798272e-01  -6.8890202e-01
