   3.6300472e+00   1.9413688e+00   1.7914371e+00   1.2283874e+00   4.3885053e-01   8.4674363e-01   3.7779903e-01   2.3349021e-01  -2.8378871e-01  -4.7285478e-01  -5.0442704e-01  -3.1712861e-01  -6.1410859e-01  -9.7132935e-01  -1.1062352e+00  -1.0282962e+00
   3.4304785e+00   1.9588442e+00   1.8590691e+00   1.0365044e+00   1.0423792e+00   7.0458048e-01   4.6612403e-01  -6.2002039e-02  -1.5068065e-01  -2.1521021e-01  -3.2154767e-01  -5.4483923e-01  -7.2573140e-01  -6.6214353e-01  -8.9944925e-01  -9.6621074e-01
   3.4242258e+00   2.1875261e+00   2.0421977e+00   1.2906727e+00   9.6853112e-01   7.8171745e-01   2.9365954e-01   2.1584411e-01  -4.5562112e-02   5.1028844e-02  -3.4917221e-01  -3.9400799e-01  -4.5524707e-01  -6.0602069e-01  -7.3371736e-01  -5.8614017e-01
   3.5499375e+00   1.9175597e+00   1.7610137e+00   9.6637130e-01   2.8278891e-01   8.4381622e-01   4.4120408e-01   8.5136698e-02   1.8297636e-01  -2.5716240e-01  -3.3011061e-01  -3.4227619e-01  -3.0919063e-01  -3.4926976e-01  -3.7101666e-01  -3.2348281e-01
   3.5900567e+00   2.1369866e+00   1.5387716e+00   1.2004650e+00   6.0959065e-01   8.9504567e-01   1.5066001e-01  -3.5282907e-01  -4.6651995e-01  -6.0453285e-01  -4.8752845e-01  -5.1380427e-01  -3.7884941e-01  -5.7166342e-01  -7.1386188e-01  -7.7111285e-01
   2.9603891e+00   2.1762488e+00   1.1831869e+00   1.5217614e+00   7.8492997e-01   7.0127288e-01   7.0359307e-02  -5.0106176e-02  -2.3043322e-01  -4.0664978e-01  -4.5645284e-01  -1.2639300e-01  -5.3637552e-01  -8.1228605e-01  -8.4153527e-01  -8.4164372e-01
   3.4460152e+00   1.6423404e+00   1.2314319e+00   1.5393900e+00   9.6709859e-01   5.7609934e-01   1.9834730e-01   1.3798060e-01  -2.3369767e-01  -3.0229286e-01  -3.0681414e-01  -3.5416371e-01  -7.4029734e-01  -7.5989054e-01  -1.1405993e+00  -8.8708477e-01
   3.7380341e+00   2.1287841e+00   1.2077083e+00   1.2514931e+00   7.5927639e-01   5.0618780e-01   2.3786984e-01  -9.3110816e-02  -1.3690218e-01  -4.6823635e-01  -3.8099882e-01  -3.4061022e-01  -4.7079848e-01  -7.0121626e-01  -9.3642423e-01  -1.0129793e+00
   3.4227458e+00   2.0677582e+00   1.4678475e+00   9.1372820e-01   5.5790128e-01   1.5435921e-01   3.9026316e-01   1.2848867e-01   1.1765320e-01  -3.3627013e-01  -2.2919099e-01  -3.1864243e-01  -5.4174694e-01  -4.3125178e-01  -5.2187293e-01  -5.3295893e-01
   2.5760906e+00   1.8169727e+00   1.2449389e+00   1.3365183e+00   7.0547785e-01   6.8591667e-01   5.5742416e-01   1.2149876e-01   3.4284643e-01  -3.3560891e-02  -4.1973517e-01  -4.5027800e-01  -3.9478480e-01  -7.5036019e-01  -9.8713788e-01  -8.8636722e-01
   2.1933743e+00   1.5767068e+00   1.5686802e+00   1.1866187e+00   9.0785470e-01   8.4772424e-01   4.0127227e-01  -5.4569800e-01   1.3762451e-01  -4.1440745e-01  -4.7949021e-01  -8.1107552e-02  -5.6628301e-01  -6.6739413e-01  -6.8500598e-01  -8.0657597e-01
   2.0939085e+00   1.8582538e+00   1.5360520e+00   1.2670027e+00   5.9856411e-01   9.6935395e-01   4.6214418e-01   8.2969904e-02   3.5035434e-01  -4.0687345e-02  -4.3999131e-01  -3.7185668e-01  -6.0440221e-01  -8.3715782e-01  -7.2081661e-01  -1.1143739e+00
   3.3249034e+00   1.8628853e+00   1.6502646e+00   1.1542068e+00   7.6656111e-01   1.0893456e+00   6.4706990e-01   1.5625906e-01  -3.0854659e-02  -2.3435130e-01  -3.3650884e-01  -4.0508576e-01  -2.3418840e-01  -4.9006536e-01  -8.2702028e-01  -1.0176139e+00
   3.6658346e+00   2.2515005e+00   1.9425711e+00   1.2436100e+00   8.9996507e-01   3.1352345e-01   3.5787104e-01   3.4820376e-01  -1.0571432e-01  -1.7937549e-01  -1.9699558e-01  -3.1861062e-01  -1.8822586e-01  -4.2583130e-01  -6.5071755e-01  -5.2292917e-01
   3.7584733e+00   2.3070671e+00   1.4358495e+00   1.1317180e+00   8.9442831e-01   6.6771580e-01   3.4105337e-01   6.0628491e-02  -1.4996355e-01  -3.0701489e-01  -3.4489850e-01  -3.5346926e-01  -3.0471064e-01  -6.6753574e-01  -6.7643329e-01  -6.6841239e-01
   3.1040395e+00   2.2610670e+00   1.8388288e+00   1.0526322e+00   9.4688612e-01   1.0489407e+00   7.2908114e-01   2.7972796e-03  -4.4155507e-01  -4.6504463e-01  -3.7465877e-01  -6.7682530e-01  -4.8779724e-01  -6.3900744e-01  -7.6838768e-01  -7.5509304e-01
   3.5337898e+00   2.1964255e+00   1.7852915e+00   1.0800548e+00   1.2276937e+00   1.0537138e+00   3.9157063e-01   1.8686873e-01  -3.3061495e-01  -4.9355466e-01  -7.4830039e-01  -7.5814128e-01  -4.6052916e-01  -6.6294208e-01  -8.3353806e-01  -9.4016448e-01
   3.4676869e+00   2.0661399e+00   1.8371855e+00   9.2855586e-01   7.2321874e-01   8.9806884e-01   3.1074260e-01  -4.8176251e-02   4.1169830e-01   4.2118917e-01  -2.0109362e-01   1.8900318e-02   4.3854638e-01   3.6094451e-01   4.4982594e-01  -8.9492023e-02
   3.7605187e+00   2.0770444e+00   1.3342829e+00   7.8831525e-01   4.3344844e-01   9.8248629e-01   1.3060329e-01  -2.4583101e-01  -2.6032129e-01  -2.2957305e-01  -2.9284624e-01  -3.4031330e-01  -6.3428053e-02  -1.4615871e-01   6.9490238e-02  -2.7961600e-01
   3.5579827e+00   1.9673608e+00   1.7745708e+00   1.0716923e+00   6.1607866e-01   5.6286216e-01   1.7210632e-01  -5.2799884e-03  -1.8766282e-01  -7.4438975e-02  -4.0539462e-02  -2.7250835e-01  -4.7818778e-01  -6.2922964e-02   2.2680955e-02  -6.1152466e-01
   3.4899599e+00   1.9562919e+00   1.6487094e+00   1.3105050e+00   9.2413712e-01   6.5376008e-01   9.8006660e-02   2.1998429e-01  -3.0142365e-02   1.0353716e-01  -2.9594902e-01  -1.4075222e-01  -5.5832290e-01  -3.6883869e-01  -5.0975805e-02  -7.2140064e-01
   4.1282431e+00   2.0756193e+00   1.7852288e+00   1.4786427e+00   1.0219165e+00   6.4674739e-01   2.2534763e-01   7.2735000e-02   2.7771211e-01   3.4820978e-01   4.3156952e-01   1.0196714e+00   4.5889388e-01   3.8290818e-02   6.6798724e-02  -3.5352342e-01
   4.2616732e+00   2.4184914e+00   1.7971669e+00   1.0642220e+00   6.5311386e-01   8.5955904e-01   4.2816067e-01   1.4289738e-01   3.6481395e-01   5.4493894e-01   9.8606553e-01   1.6572924e+00   1.2324534e+00   9.0901185e-01   1.0626995e+00   2.7530816e-01
   3.9947759e+00   2.2971446e+00   1.7434620e+00   9.4195401e-01   7.9577725e-01   8.4392764e-01   5.8241225e-01   3.4800398e-01   1.6236391e-01   2.3935137e-01   1.4590228e+00   2.0491035e+00   1.6274596e+00   1.2535548e+00   1.5941224e+00   5.1355226e-01
   3.7521624e+00   2.4974199e+00   1.8651002e+00   2.1680150e+00   1.4378418e+00   1.1953201e+00   3.9762865e-01   1.1065127e-01   4.3385577e-01   4.3008492e-01   1.3257041e+00   2.0075116e+00   1.5421943e+00   1.2822148e+00   1.8275702e+00   3.0541946e-01
   4.0432982e+00   2.3774417e+00   1.9943247e+00   2.3181181e+00   1.5334493e+00   1.4337597e+00   7.2498518e-01  -6.0511918e-02   1.0008070e-01   2.6992209e-01   1.1123876e+00   1.7388372e+00   1.4410310e+00   1.0454519e+00   1.4455559e+00   4.8708413e-01
   3.8497773e+00   2.3354597e+00   1.1509066e+00   2.5390221e+00   1.4471318e+00   8.2269811e-01   5.8761480e-01   2.5321533e-01   4.9248955e-01   3.8257127e-01   1.2527283e+00   1.9376364e+00   1.6081202e+00   1.1441292e+00   1.4495427e+00   3.8670087e-01
   3.6509168e+00   2.1439198e+00   1.2937980e+00   2.4928947e+00   1.8509388e+00   1.0698150e+00   5.5931468e-01   2.2481284e-01   1.1235435e-01   3.6683601e-01   1.2951164e+00   1.9867224e+00   1.5145610e+00   1.1458669e+00   1.3715090e+00   3.6400974e-01
   3.8003345e+00   2.6198674e+00   1.6098054e+00   2.1915325e+00   7.7821589e-01   3.5840578e-01   3.6842628e-01   5.4483585e-02   1.4256628e-01   2.0318335e-01   1.3065986e+00   2.0509138e+00   1.4321105e+00   1.1263623e+00   1.4600071e+00   2.7334634e-01
   3.3208928e+00   2.0632713e+00   1.8096339e+00   2.3340488e+00   1.1112343e+00   1.0197439e+00   7.6908770e-01   2.8907109e-02   9.3347358e-02   2.3733834e-01   1.2901360e+00   2.0794018e+00   1.4731950e+00   1.0984014e+00   1.4974236e+00   1.1648525e-01
   3.0989279e+00   2.7637173e+00   2.0420740e+00   2.4442093e+00   1.3911495e+00   4.6882527e-01   2.5201928e-01   2.0471751e-01   9.1810722e-02   1.6180395e-01   1.3189406e+00   2.0712322e+00   1.5472465e+00   1.2465096e+00   1.5995560e+00   1.1487586e-01
   3.5299946e+00   1.4789616e+00   1.2556497e+00   2.2914673e+00   1.1743029e+00   8.9801140e-01   4.7308782e-01   5.9306829e-01   2.1994677e-01   2.4031894e-01   1.2662343e+00   2.0707806e+00   1.6702997e+00   1.3107962e+00   1.7704833e+00   2.8676464e-01
   3.9147534e+00   2.0898169e+00   1.5214681e+00   2.3686393e+00   1.5546781e+00   1.1292782e+00   4.7731197e-01   5.3465564e-01   2.3825402e-01   2.5463540e-01   1.1501786e+00   2.3189026e+00   1.7451310e+00   1.3079514e+00   1.9037753e+00   4.6463365e-01
   4.3844236e+00   2.4665193e+00   2.0953064e+00   1.7872217e+00   1.1132310e+00   9.5234548e-01   3.8820094e-01   4.3596057e-01   1.8670800e-01   3.7500206e-01   1.1960245e+00   2.2561409e+00   1.8178402e+00   1.1234431e+00   1.6661922e+00   7.2285402e-01
   3.7384207e+00   2.6773516e+00   1.7020214e+00   1.6733034e+00   1.0395036e+00   8.3516696e-01   1.1078645e-01  -1.4281413e-01  -2.7742231e-02   1.5942375e-01   7.9138847e-01   1.9617251e+00   1.9578899e+00   1.2682042e+00   1.5741546e+00   7.5083866e-01
   3.5835674e+00   2.1817507e+00   1.6266373e+00   1.3371170e+00   9.2714120e-01   8.4672052e-01   3.8025008e-01  -3.6983675e-01  -7.5458001e-03  -2.3401224e-01   6.0075901e-01   2.0547913e+00   1.9514460e+00   1.0734302e+00   1.3520356e+00   6.4538013e-01
   3.3234248e+00   1.8214972e+00   1.6880654e+00   1.1566238e+00   1.0104901e+00   1.0489425e+00   5.5386565e-01  -3.7478083e-01  -2.3978043e-01  -8.3428672e-02   8.4839530e-01   1.7314808e+00   1.4791785e+00   3.3105130e-01   7.1565272e-01   5.2309302e-01
   2.6573626e+00   1.8519985e+00   1.4779991e+00   9.7380186e-01   1.2120180e+00   8.0273513e-01   3.7019046e-01  -4.1906100e-01  -1.8636611e-01  -1.5057937e-01   2.6164051e-01   9.2701292e-01   5.6922945e-01  -3.9335693e-01  -3.7193338e-02  -2.9838893e-01
   3.4568049e+00   2.0917244e+00   1.7928349e+00   1.2150107e+00   1.2773018e+00   1.0585309e+00   6.5004398e-01   3.6332124e-01   5.5451539e-02  -2.9290314e-01   1.2201206e-01   5.5347789e-01   2.6537834e-01  -6.2426655e-01  -9.0180554e-02  -3.7733867e-01
   3.7847074e+00   2.3975779e+00   1.8143825e+00   1.3235293e+00   1.3802567e+00   7.9302215e-01   6.1706665e-01   1.8859833e-01  -1.5751220e-01   8.9800989e-03  -4.0797488e-01  -1.2397201e-01  -1.8748661e-01  -6.1329045e-01  -3.9347424e-01  -5.7742783e-01
   3.8605900e+00   2.0942606e+00   1.8323673e+00   1.2542682e+00   9.1388459e-01   4.3959995e-01   4.0811760e-01  -7.0311063e-02  -2.7795822e-01  -3.5384522e-01  -4.1578316e-01  -1.1855814e-01  -1.7619198e-01  -5.0515591e-01  -2.4081265e-01  -2.9694895e-01
   4.0319634e+00   2.0256154e+00   1.0090234e+00   1.3402991e+00   9.1803566e-01   4.9807635e-01   2.9954406e-01   3.1101751e-01  -1.0820722e-01  -3.7495480e-01   3.0630008e-02  -1.3212458e-01  -2.6503822e-01  -6.5778947e-01  -5.7622784e-01  -7.8063459e-01
   4.1915215e+00   2.3631051e+00   1.2348133e+00   8.4470971e-01   3.8556969e-01   5.0287549e-01   5.8593716e-01   3.1651594e-01  -1.3215859e-01  -1.1003860e-01  -1.1273197e-01  -2.0155716e-01  -3.8010044e-01  -4.7248610e-01  -4.2711833e-01  -2.9580889e-01
   3.7151799e+00   2.2385570e+00   1.9065725e+00   1.4625436e+00   5.9248986e-01   2.1292888e-01   3.4583633e-02   8.9771381e-02  -1.3553819e-01   1.2973298e-01  -4.3397466e-02  -3.3478930e-01  -6.1976761e-01  -6.2054070e-01  -8.9092175e-01  -8.6020063e-01
   3.5611087e+00   2.4405360e+00   1.6087550e+00   8.4871208e-01   1.1448523e+00   7.4399951e-01   3.5073490e-01   1.4371903e-01  -7.5753452e-02   1.2321861e-02  -1.7116363e-01  -2.0423389e-01  -4.0736633e-01  -7.8459652e-01  -6.3496064e-01  -6.9596985e-01
   3.2581650e+00   2.2714256e+00   1.1727795e+00   9.6922960e-01   6.6699301e-01   7.1604455e-01   3.8104532e-01  -2.3810075e-01   3.4158031e-01  -2.7716509e-01  -1.1927595e-01  -2.5042328e-01  -5.5520611e-01  -5.8682570e-01  -4.7542640e-01  -5.2940709e-01
   2.9777819e+00   2.0030816e+00   1.4413608e+00   9.5161983e-01   3.5916137e-01   7.8022496e-01   1.5334228e-01   1.8055774e-01   6.9570933e-02  -1.6761183e-01  -6.5790317e-02  -4.5826805e-01  -3.5524265e-01  -4.9386850e-01  -5.6934942e-01  -6.4344171e-01
   3.1637425e+00   2.6336087e+00   1.7219591e+00   1.6350966e+00   1.1120507e+00   5.5970096e-01   4.6542601e-01   1.4908594e-01   4.2413641e-01  -7.3114891e-02  -3.8099935e-01  -3.4469162e-01  -3.2585019e-01  -1.0873945e+00  -6.9199218e-01  -5.8559373e-01
   3.3240979e+00   1.9808824e+00   1.5382233e+00   1.6859785e+00   1.1269624e+00   5.0412753e-01   3.0255323e-01   8.6462194e-02   1.6679195e-01  -1.8220540e-01  -4.4275273e-01  -1.9916386e-01  -5.5951713e-01  -7.2517222e-01  -7.7305855e-01  -7.6810299e-01
   3.5816462e+00   1.7183972e+00   2.1198289e+00   1.9659091e+00   8.3629102e-01   7.8150443e-01  -4.6004488e-02  -2.7658357e-01  -3.8281923e-01  -5.3138393e-01  -3.9429284e-01   1.3120259e-01  -4.4314205e-01  -7.0214523e-01  -7.7682406e-01  -1.0071786e+00
   3.6786526e+00   2.1720317e+00   1.5910007e+00   1.2562918e+00   6.1341500e-01   1.2824639e+00   3.7808331e-01   8.5008092e-02  -1.0772462e-01  -4.5353179e-01  -6.0064378e-01  -5.1396667e-01  -5.7048527e-01  -7.9732312e-01  -9.2161261e-01  -8.4080569e-01
   2.3575368e+00   1.9263041e+00   1.6802443e+00   7.9322707e-01   1.1550949e+00   9.3016127e-01   4.9907442e-01   3.3624075e-01   4.9480208e-01  -2.4490318e-01  -2.8549821e-01  -4.2311158e-01  -6.2607236e-01  -1.1133514e+00  -1.0626604e+00  -7.4531370e-01
   3.0989030e+00   2.2053056e+00   1.7080919e+00   1.1820149e+00   1.3198728e+00   7.0737429e-01   4.9508023e-01   4.6637647e-01  -2.9613186e-02  -1.0517710e-01  -6.3780545e-01  -5.5471712e-01  -7.9286735e-01  -9.7631859e-01  -9.2324920e-01  -7.2630398e-01
   3.3443645e+00   1.6068357e+00   1.5789717e+00   1.3802812e+00   1.0170292e+00   8.1466978e-01  -8.2919329e-03  -1.2868962e-02  -2.5046678e-01  -1.1369689e-01  -5.1242466e-01  -3.2696662e-01  -4.0904687e-01  -8.0182900e-01  -8.3650924e-01  -9.6393423e-01
   3.1388589e+00   1.6448526e+00   1.3451551e+00   1.1778112e+00   1.1618135e+00   5.8110427e-01   1.2901456e-01  -3.6611081e-01  -3.5537817e-01  -3.4724497e-01  -5.0211810e-01  -2.3916524e-01  -4.0598541e-01  -8.2279708e-01  -1.0203437e+00  -8.5669891e-01
   3.2580713e+00   1.8711017e+00   1.5622641e+00   9.8990658e-01   7.8063149e-01   8.3842681e-01   2.1428995e-01   3.5028825e-02   1.3012065e-01  -1.0784753e-01  -4.6331181e-01  -4.8397181e-01  -4.8744120e-01  -6.6237618e-01  -8.1722760e-01  -7.7745196e-01
   3.0300085e+00   1.9408160e+00   1.3012628e+00   1.4256901e+00   7.0871218e-01   6.5897439e-01   1.8779541e-01  -3.5262138e-02   6.8505204e-02  -9.0384372e-02  -2.7998174e-01  -3.4758767e-01  -5.3390254e-01  -5.1323526e-01  -9.4033185e-01  -7.2999309e-01
   3.0936220e+00   1.9890560e+00   1.1428738e+00   8.3808368e-01   4.8893180e-01   7.8304650e-01   4.8586727e-01   1.9459424e-01   1.9400721e-01   4.4302740e-02  -8.9376836e-02  -2.7797579e-01  -1.9907908e-01  -4.8716599e-01  -6.8534793e-01  -6.3594765e-01
   3.4840981e+00   1.5900292e+00   1.4009184e+00   6.9366628e-01   7.2218677e-01   2.8194613e-01   1.6552893e-01   3.4877671e-01   2.4767887e-01  -3.2299966e-01  -4.5265897e-01  -3.4310764e-01  -7.6801419e-01  -7.6105449e-01  -9.5766562e-01  -8.9129215e-01
   2.9875641e+00   2.3401136e+00   1.5590238e+00   8.8764408e-01   4.8895238e-01   6.3239796e-01   2.5627454e-01  -3.7075865e-01  -1.2364654e-01  -1.1115663e-01  -3.6308266e-01  -5.0903850e-01  -9.0207859e-01  -9.3665421e-01  -1.1036135e+00  -1.0342076e+00
   3.5148138e+00   1.5084286e+00   1.5863764e+00   1.0002181e+00   7.9704923e-01   1.0210188e+00   4.6212980e-01  -7.2229317e-02  -1.5210358e-01  -7.8743800e-03  -3.0486801e-01  -5.1124745e-01  -4.8584104e-01  -7.3072093e-01  -7.6754612e-01  -7.5105935e-01
   3.8485433e+00   2.4777573e+00   1.6035581e+00   1.2063166e+00   1.0646373e+00   1.2165112e+00   2.5159747e-01   3.8123701e-02  -1.5945366e-02  -2.4009151e-01  -4.4930339e-01  -2.4103726e-01  -4.6653744e-01  -5.3977893e-01  -5.0267740e-01  -5.2219743e-01
   3.9171801e+00   2.2983331e+00   1.4992354e+00   8.5568708e-01   5.4209824e-01   4.8310973e-01   4.3181337e-01   2.2191423e-01   1.3369237e-01  -1.9116383e-01  -3.4440282e-01  -3.0049941e-01  -3.1310049e-01  -5.8573823e-01  -5.1120232e-01  -6.1112992e-01
   4.1365783e+00   2.4054841e+00   1.2763742e+00   8.3497838e-01   6.0870394e-01   5.7069237e-01   4.0098391e-01   2.3856901e-01  -9.2828037e-02  -3.1774495e-01  -5.7064677e-01  -4.5278444e-01  -6.5781058e-01  -7.4672151e-01  -1.0158465e+00  -8.5965858e-01
   4.0318904e+00   1.8158416e+00   1.4919629e+00   8.5978772e-01   7.2431096e-01   3.8344119e-01   2.1046733e-01  -1.0045288e-01  -2.5733711e-01  -1.9676955e-01  -2.3939075e-01  -4.5498109e-01  -4.0656505e-01  -4.5797380e-01  -4.4267325e-01  -4.7004792e-01
   4.2656164e+00   2.0098605e+00   1.3980468e+00   1.0051548e+00   1.0581635e+00   1.1905338e+00   2.8444544e-01  -2.7721815e-01  -3.4026154e-01  -2.2624298e-01  -3.2493217e-01  -4.1032367e-01  -3.2112766e-01  -5.6513934e-01  -5.6130739e-01  -6.5139308e-01
   4.1285436e+00   2.4969170e+00   2.0659822e+00   1.0872625e+00   8.0718980e-01   9.9028037e-01   3.2999187e-01   1.5263822e-01  -1.1146785e-01  -2.5482806e-01  -2.2721493e-01  -4.4251342e-01  -5.1842391e-01  -3.9727521e-01  -7.8355904e-01  -7.6220128e-01
   3.9913423e+00   2.1410606e+00   1.5539648e+00   1.4682952e+00   1.2300636e+00   1.1389934e+00   8.0673456e-01   5.4207855e-01   4.5031723e-01   1.6618870e-01   1.1163949e-01   8.3698462e-02   7.2098815e-03  -9.1958696e-02  -8.6278351e-02  -2.5428000e-02
   4.0908237e+00   1.8758131e+00   1.2250386e+00   1.2417363e+00   8.8653170e-01   1.3878210e+00   8.3458585e-01   8.2219228e-02  -1.3527419e-01   4.3415569e-02  -2.5001818e-01  -1.0787642e-01  -2.3213157e-01  -8.0486655e-01  -7.3018874e-01  -7.4694566e-01
