   3.6759003e+00   2.2902939e+00   1.8122070e+00   1.6882735e+00   1.1674872e+00   1.2413582e+00   8.1072645e-01   4.4101335e-01   5.1166072e-01   3.9233922e-02  -2.4575982e-01  -2.1481785e-01  -2.1024455e-01  -7.7496052e-01  -8.2593689e-01  -9.0256854e-01
   3.1334942e+00   2.4960401e+00   1.8905765e+00   1.4691737e+00   9.6074625e-01   1.1778835e+00   6.9172937e-01   3.6990145e-01   3.3722929e-01   2.6347312e-01  -1.7032616e-01  -3.4422304e-01  -5.6180463e-01  -6.2925354e-01  -7.3990696e-01  -7.5990181e-01
   2.5799017e+00   2.1256088e+00   1.6096477e+00   1.1006062e+00   8.6824721e-01   5.7739449e-01   3.7503617e-01   4.0210676e-01   5.6211832e-01   5.0160173e-02   6.4536848e-02  -3.0669693e-01  -1.5213894e-01  -3.6892171e-01  -7.8137981e-01  -8.5115299e-01
   3.0798214e+00   2.4872230e+00   2.0320631e+00   7.4406625e-01   5.8272264e-02   7.5752440e-01   4.5747204e-01   4.3834427e-02   1.8759431e-01  -1.1131079e-01   6.8799341e-02   3.3321236e-02  -2.9225111e-01  -4.4987982e-01  -7.3968716e-01  -8.0835077e-01
   3.7238817e+00   2.2931849e+00   1.9486474e+00   1.4466003e+00   1.0290161e+00   6.8434866e-01   5.1311037e-01   7.3765718e-02   7.3499893e-01   2.2522191e-01   1.5456376e-01   1.7991827e-01  -5.9859205e-02  -3.0101658e-01  -4.4993124e-01  -5.3671937e-01
   3.8191129e+00   2.3856467e+00   1.8651805e+00   1.0452289e+00   7.6353664e-01   6.6511641e-01   6.0514554e-01  -1.0723705e-01   8.7729765e-02  -5.8077136e-02  -1.7874261e-01  -4.9066324e-02  -3.2827039e-01  -3.9459813e-01  -4.4963409e-01  -4.3038539e-01
   3.3929622e+00   2.3261754e+00   1.9154080e+00   1.3888051e+00   1.3546184e+00   9.4048790e-01   5.5663894e-01  -1.4719090e-01   3.7963117e-01   7.2182733e-02  -4.1693454e-02   4.7184162e-02  -7.2051810e-02  -3.9413647e-01  -4.0636804e-01  -5.9979083e-01
   3.3802333e+00   2.3510752e+00   1.4563084e+00   1.0499746e+00   1.2293011e+00   1.1364453e+00   3.8608539e-01   2.2169602e-01   3.3024445e-01  -2.5492527e-01  -2.1691913e-01  -1.8557748e-01  -1.5852534e-01  -7.3489826e-01  -6.5165179e-01  -6.9676145e-01
   3.5450742e+00   1.9445862e+00   1.7144662e+00   1.4060019e+00   7.0962027e-01   7.5693285e-01   3.1648656e-01   1.9024112e-01   4.0846279e-02   2.5782466e-01  -2.8041512e-01  -1.7276438e-01  -1.2500823e-01  -5.2191434e-01  -5.9392131e-01  -6.5597879e-01
   3.9621469e+00   2.0262070e+00   1.8156968e+00   1.2404247e+00   1.1563503e+00   1.0796118e+00   7.8228169e-01   2.6882097e-01   9.4593056e-02  -8.3045898e-02  -3.2537608e-01  -3.1337388e-01  -8.0705257e-02  -6.4849461e-01  -6.9867940e-01  -6.7422166e-01
   4.0958715e+00   2.4084177e+00   2.1145950e+00   1.3335883e+00   1.4293527e+00   1.1952136e+00   5.7825841e-01   4.2585692e-02   2.0496385e-01  -2.6113916e-02  -3.5898103e-01   1.8227347e-02  -2.5371721e-01  -5.2215679e-01  -7.0421584e-01  -7.8972966e-01
   3.8306054e+00   2.3390650e+00   1.8403273e+00   1.3954654e+00   1.2315218e+00   1.0395014e+00   4.2508543e-02  -4.6551615e-02   4.4352704e-02   2.5765124e-03   2.8402342e-02   1.6053035e-02  -1.0984240e-01  -2.9428679e-01  -3.9893214e-01  -4.6346688e-01
   3.7360397e+00   2.2078368e+00   1.8267442e+00   1.3789926e+00   1.3932630e+00   8.9715455e-01   8.0930557e-01   2.6213958e-01  -1.2957534e-01  -7.8885655e-02  -1.7429260e-02  -4.1486300e-02  -2.0446042e-01  -4.7589277e-01  -6.4827100e-01  -3.5481924e-01
   3.3167460e+00   2.2911900e+00   1.7017607e+00   1.3145289e+00   6.7622300e-01   7.9101652e-01   4.6629298e-01   3.4230767e-02   1.9836630e-01   1.0461329e-01  -8.5164781e-02  -1.2846706e-02  -2.3372319e-01  -5.2058168e-01  -6.0471736e-01  -5.2116879e-01
   3.1157597e+00   2.3963248e+00   1.5951590e+00   1.4059894e+00   8.3187252e-01   8.7090733e-01   6.3946070e-01   2.1363086e-01   6.2534190e-01  -3.5162777e-01  -4.1891562e-01  -1.0622288e-01  -2.5639327e-01  -6.8961771e-01  -7.1784941e-01  -8.6355220e-01
   2.7613741e+00   1.7193898e+00   1.2560142e+00   9.6580504e-01   7.7319504e-01   9.3619820e-01   1.7356512e-02   5.0866321e-01   1.5102445e-01   3.4040620e-02  -1.4933207e-01  -2.7886902e-01  -4.1560136e-01  -5.8120076e-01  -6.8372959e-01  -7.5166826e-01
   2.9949473e+00   2.1100427e+00   1.7115622e+00   1.8355187e+00   9.6438066e-01   6.5296233e-01   6.2307443e-01  -1.9297911e-01   1.5974241e-02  -1.2878381e-01  -3.0183876e-01  -1.4760869e-01  -1.9870552e-01  -6.6450374e-01  -6.1257748e-01  -6.5749516e-01
   3.9498605e+00   2.1270225e+00   1.5663643e+00   1.4336688e+00   7.7951326e-01   1.0453401e+00   6.8257887e-01   1.3673421e-01   1.7937454e-01   2.5954040e-01  -2.6272374e-01  -1.9058150e-01  -5.1262767e-01  -1.0307251e+00  -8.6721452e-01  -9.3476485e-01
   3.8858511e+00   2.3733360e+00   1.8109199e+00   1.6819613e+00   6.6811128e-01   1.2703063e+00   7.7958080e-01   2.2720269e-02   4.3327375e-01   1.0901670e-01  -1.4468843e-01  -1.0847976e-01  -5.1690016e-01  -7.1685074e-01  -4.6019628e-01  -9.5041898e-01
   4.1197788e+00   2.3379673e+00   1.3781787e+00   1.3997490e+00   7.4035558e-01   9.7152266e-01   5.5916000e-01   4.4422862e-01   4.3241930e-01   1.8008490e-01  -6.7076636e-02  -1.5657954e-01  -9.5528263e-02  -5.6242372e-01  -5.4806602e-01  -6.1683540e-01
   4.0889628e+00   2.4765830e+00   1.7214660e+00   1.3884202e+00   1.3106570e+00   1.2466384e+00   7.8000085e-01   3.0778796e-01   2.5612468e-01   4.7931256e-02  -4.5619403e-02   5.2224313e-02  -5.0761916e-02  -4.3608063e-01  -3.6210575e-01  -4.2321432e-01
   3.3490839e+00   2.2966997e+00   2.1012630e+00   1.3602043e+00   1.3849792e+00   1.2327029e+00   7.6460021e-01   1.4406870e-01   3.1705953e-01   7.7251656e-02   2.1685989e-01   1.0045943e-01   1.8305836e-03  -2.1136741e-01  -1.7817879e-01  -2.1847714e-01
   3.3976008e+00   1.7975545e+00   1.7620992e+00   1.1332992e+00   8.2025634e-01   7.8510183e-01   4.1628700e-01  -4.2274962e-02   7.8918094e-02  -2.2262118e-01   2.2263797e-02  -1.4306810e-01  -2.3309033e-01  -6.8679691e-01  -7.1190249e-01  -9.0192399e-01
   3.3157286e+00   2.5533959e+00   2.1046896e+00   1.4639111e+00   9.2458742e-01   1.5084672e+00   6.1367410e-01  -9.5240318e-03   2.5353357e-01   1.6524016e-01  -2.5714671e-03  -2.6113356e-01  -3.3103058e-01  -5.4742576e-01  -2.0895913e-01  -5.0836370e-01
   3.2377971e+00   2.6009398e+00   1.5347330e+00   1.3039866e+00   9.4343583e-01   9.4863162e-01   3.0035021e-01  -3.6744156e-01   6.4931876e-02   1.7804274e-01  -2.4128783e-01   2.5682625e-02  -2.4841822e-01  -4.2945280e-01  -4.4207961e-02  -2.5735559e-01
   2.9535318e+00   1.8809283e+00   1.5797387e+00   1.2138089e+00   7.7819549e-01   1.0639425e+00   9.3791879e-01   2.6236425e-01   4.4689103e-02   2.1153012e-01  -3.3090856e-01  -6.7473470e-02  -4.5922814e-01  -3.8034444e-01  -1.2981003e-01  -1.5382332e-01
   3.7619569e+00   2.5236738e+00   1.7753568e+00   1.1330466e+00   1.4049379e+00   1.0401357e+00   4.7165967e-01   4.3404633e-01   4.6707576e-01   1.3451787e-01  -8.7194492e-02  -1.9570190e-01  -8.0082719e-02  -2.3114893e-01   4.4191120e-02  -1.7352616e-01
   3.8260750e+00   2.0003134e+00   1.8191520e+00   1.4390014e+00   1.2631311e+00   1.3582864e+00   3.8040104e-01   1.7615339e-01   4.3856711e-01  -1.5763775e-01  -1.4437130e-01  -1.6757967e-02  -1.8110743e-01  -1.8675706e-01   5.3628819e-01   6.9080595e-01
   3.9272144e+00   2.1274570e+00   1.3772008e+00   1.3248020e+00   1.3070770e+00   1.0983993e+00   3.6670929e-01   2.5519299e-01  -1.1169134e-01  -7.8941667e-02  -3.8943774e-02  -2.1187783e-02   9.1129255e-02   7.1348568e-02   7.5750454e-01   1.1200711e+00
   4.1800101e+00   2.5478151e+00   1.4362252e+00   1.0756540e+00   9.5259432e-01   1.2083515e+00   1.0132004e+00   1.1356257e-01   4.4818311e-01  -4.1258031e-02  -2.2240695e-01  -1.1275464e-01  -1.1913974e-01   2.9518595e-01   1.1287233e+00   1.0399842e+00
   3.7219917e+00   2.3881312e+00   2.1398190e+00   1.6497580e+00   8.5120962e-01   1.2014676e+00   6.6835371e-01   2.2369609e-01   2.3690420e-01   2.6409428e-01   4.4254166e-02   2.0268644e-01   7.9302546e-02   4.4365217e-01   1.1041010e+00   9.3576720e-01
   3.7869900e+00   2.7304476e+00   1.8245464e+00   1.5358530e+00   7.2660414e-01   9.5137693e-01   5.8382881e-01   1.7830053e-01   2.3404740e-01   2.0305095e-01   1.4396480e-01  -2.6511117e-02  -3.9381106e-03   2.7320562e-01   1.1979271e+00   1.1749273e+00
   2.9232084e+00   2.5387289e+00   1.4691031e+00   1.1318730e+00   6.1941764e-01   6.7677747e-01   5.1785585e-01   1.8259665e-01   2.9027100e-01   9.4184205e-02  -1.1981840e-01   6.3999579e-02  -5.4626657e-02   1.9471865e-01   1.2918440e+00   1.4620869e+00
   2.2535151e+00   1.9025990e+00   1.6823878e+00   1.2003369e+00   1.4871968e+00   8.6532437e-01   2.2109648e-01   8.2344481e-02  -2.2467255e-01   2.2212638e-01   8.0710076e-02   1.1611385e-01  -1.4456401e-01   6.5311818e-01   1.3576241e+00   1.5566288e+00
   3.0782540e+00   1.9549679e+00   1.7780996e+00   7.9770659e-01   1.6625463e+00   1.0442429e+00   7.3628995e-01   5.6156221e-01   5.6163954e-01   2.9447244e-01   9.3780549e-03   4.4173938e-01   1.5213705e-01   1.9480607e-01   1.3870336e+00   1.4385814e+00
   2.8594359e+00   2.1240744e+00   1.5277076e+00   6.1411374e-01   1.0349511e+00   6.6548076e-01   3.4453960e-01   2.8357273e-01  -3.2000877e-02  -3.7759635e-01  -8.1480600e-02   9.5955025e-02   6.4545310e-03   3.5003651e-02   8.6683725e-01   9.5818035e-01
   2.6125618e+00   1.6473126e+00   1.7888321e+00   1.0826884e+00   8.5708824e-01   7.6535165e-01   4.8178468e-01   2.7686759e-01   3.7411832e-01   2.9801920e-02   4.1780884e-02   4.4847041e-01   9.4248848e-02  -1.6952308e-01   3.1220875e-01   2.7470291e-01
   3.6356190e+00   2.5908372e+00   2.2749682e+00   1.3308308e+00   9.6116221e-01   5.6272833e-01   4.0442717e-01   1.7092197e-01   6.3489537e-01   1.0908034e+00   5.9878938e-01   8.1972581e-01   5.0387737e-01   1.0782483e-01   1.0061981e+00   1.4773977e-02
   3.4390942e+00   2.5334757e+00   1.7522329e+00   1.1233660e+00   1.0250937e+00   1.3231157e+00   5.7509133e-01   3.9265085e-01   3.9929147e-01   1.1616003e+00   8.8152773e-01   1.1544817e+00   5.2853448e-01   1.4242417e-01   6.7024144e-01  -5.2563269e-01
   3.4198624e+00   1.8523158e+00   1.8744484e+00   1.6112217e+00   7.7831616e-01   1.1505381e+00   5.9512309e-01   5.1355291e-01   5.7606028e-01   8.3839860e-01   6.0948540e-01   1.2181546e+00   6.1837739e-01  -2.0489338e-01   6.2037446e-01  -3.5671960e-01
   3.1901165e+00   2.3728115e+00   1.7108467e+00   2.1359137e+00   1.1990187e+00   7.0844967e-01   4.4999121e-01   5.6312851e-01   5.4500459e-01   7.6011212e-01   9.0154546e-01   1.1066535e+00   4.2975496e-01   1.8177352e-01   1.2305898e+00  -2.6125880e-02
   3.6559654e+00   2.5287667e+00   1.6962574e+00   1.1835025e+00   1.3130211e+00   8.4069129e-01   7.7213328e-01   6.9683483e-01   5.1027509e-01   5.8884751e-01   6.2209128e-01   1.1876596e+00   7.7573861e-01   3.3660793e-01   1.6440327e+00   2.4650917e-01
   3.0017285e+00   2.6166927e+00   2.0684728e+00   1.3713709e+00   1.1736412e+00   9.6810760e-01   6.3584091e-01   1.0091249e-01   5.7335071e-01   2.7642803e-01   5.9016753e-01   1.3784170e+00   1.0318622e+00   3.2410001e-01   1.7932552e+00   4.1814946e-01
   2.9858716e+00   2.7058059e+00   1.9065207e+00   1.8352369e+00   1.2218285e+00   1.1536340e+00   9.6733512e-01   2.8506408e-01   5.2999829e-01   3.7466794e-01   6.7928641e-01   1.2713690e+00   1.0897582e+00   3.1760976e-01   1.8573008e+00   6.9585647e-01
   3.6065490e+00   2.5112100e+00   2.2177362e+00   1.6318082e+00   6.4494342e-01   5.1985134e-01   2.5161797e-01   1.5909439e-01   4.3754018e-01   3.5662112e-01   8.3531257e-01   1.1741017e+00   1.1042633e+00   3.6722400e-01   1.5891640e+00   7.3874817e-01
   4.1053842e+00   2.6322079e+00   2.4631431e+00   1.6344712e+00   1.1213667e+00   5.6264011e-01   4.5999268e-01   4.5126516e-01   6.4627897e-01   2.3700443e-01   1.0263732e+00   1.5404878e+00   1.2466368e+00   6.8443729e-01   1.7187537e+00   9.5092418e-01
   4.4158617e+00   2.9422106e+00   2.4301480e+00   1.6233283e+00   8.0571510e-01   6.1749629e-01   5.8283777e-01   7.0354697e-01   3.2320160e-01   4.1569817e-01   1.2544514e+00   2.0271793e+00   1.4517978e+00   9.2272503e-01   1.7880814e+00   1.0222270e+00
   4.3051079e+00   2.9686377e+00   2.0429762e+00   1.5219600e+00   1.0844333e+00   8.9744670e-01   6.7286234e-01   1.2841145e-01  -7.2014556e-02   1.1213135e-01   1.3874578e+00   2.1552080e+00   1.3704548e+00   8.7424712e-01   1.7631074e+00   8.6033283e-01
   3.5768610e+00   2.5465251e+00   2.1574148e+00   1.7829794e+00   1.1158153e+00   8.2401472e-01   4.7266746e-01   1.2595044e-02   6.0935712e-02  -6.4667697e-02   1.1925137e+00   2.1618940e+00   1.4896341e+00   9.3752747e-01   1.8315472e+00   7.2410371e-01
   3.1958708e+00   2.2151266e+00   2.2849510e+00   1.4748429e+00   1.2084360e+00   1.3351117e+00   7.4618897e-01   7.8348857e-01   6.8471023e-01  -9.3155318e-03   1.2868435e+00   2.2458350e+00   1.5377402e+00   9.3643416e-01   1.6797607e+00   6.6123465e-01
   2.9877402e+00   2.3497726e+00   1.6367863e+00   1.5861710e+00   1.6581761e+00   1.1708699e+00   4.3025945e-01   3.8108132e-01   1.6165614e-01   1.3656489e-02   1.1944417e+00   2.3090499e+00   1.7096617e+00   8.7459559e-01   1.5284169e+00   5.8882761e-01
   2.5365618e+00   2.5610415e+00   2.0029678e+00   1.1999124e+00   1.3053014e+00   1.2072400e+00   7.4898061e-01   2.1774098e-01   3.3419088e-01  -2.3492230e-02   1.3888257e+00   2.4936928e+00   1.7925642e+00   9.6106549e-01   1.7596674e+00   5.9060131e-01
   3.6322531e+00   2.3001318e+00   2.2902753e+00   1.1549657e+00   1.4294161e+00   1.1504314e+00   4.6561605e-01   3.5602484e-01   1.8352263e-01   3.3487890e-01   1.3335822e+00   2.4540589e+00   1.7217396e+00   1.2241207e+00   2.1098537e+00   6.5511528e-01
   3.4241875e+00   2.6278645e+00   2.3720163e+00   1.5555910e+00   1.5606131e+00   1.1851661e+00   6.1575506e-01   3.2396304e-01  -4.4302923e-03  -5.6019020e-02   6.3013798e-01   2.0718212e+00   1.7877897e+00   7.2325655e-01   1.3451153e+00   3.3786440e-01
   3.2003660e+00   2.2104195e+00   1.8188885e+00   1.1968386e+00   1.0794785e+00   7.3526425e-01   7.9388559e-01   4.5069282e-01   6.9802960e-01  -6.4636615e-02   3.0551788e-01   1.2965873e+00   1.1743690e+00  -5.4148705e-02   4.2265497e-01  -1.7390902e-01
   3.0611894e+00   2.1386029e+00   2.3205206e+00   1.5001184e+00   1.0386052e+00   1.2161450e+00   7.8926880e-01   2.6462056e-01   4.8003219e-01  -1.8755009e-02   4.2609320e-01   1.1729424e+00   6.3281994e-01   3.0068543e-02   4.5047734e-01  -1.3473350e-01
   3.6295245e+00   2.5226997e+00   2.4324506e+00   1.5340778e+00   1.3662676e+00   1.6131578e+00   6.9770566e-01   2.1891144e-01   1.5635887e-01  -3.1789058e-01   5.1966701e-02   1.2405984e-01   8.4292047e-02  -3.0901251e-01   2.6782901e-01  -2.8535868e-01
   3.7179578e+00   2.3789993e+00   2.2372978e+00   1.2550511e+00   7.7950877e-01   7.7531730e-01   7.1398321e-01   2.9375242e-01   4.4199496e-01   5.2890834e-02  -5.4181205e-02   3.8697936e-02  -1.9260775e-01  -3.9410120e-01   3.9373742e-01  -1.6256907e-01
   3.6434491e+00   2.1517066e+00   2.0599704e+00   8.6322802e-01   5.5922025e-01   1.0141415e+00   4.2247843e-01   2.6397771e-01   4.2192568e-01   9.0938678e-02   1.8188802e-01   2.5669027e-01   7.3361222e-02  -4.7876544e-01  -4.6950086e-02  -3.3584575e-01
   3.3599694e+00   2.8563590e+00   2.1301748e+00   1.0225227e+00   1.0235854e+00   1.1253305e+00   5.2443264e-01   1.2485118e-01   5.4852199e-01  -2.2143737e-01  -2.5279824e-02   3.0436026e-01  -9.9649034e-02  -3.0413241e-01   7.4887118e-02  -3.3579577e-01
   3.6875857e+00   2.5692214e+00   1.9558232e+00   1.1812407e+00   1.4373840e+00   1.0685149e+00   7.7369988e-01   3.9220644e-01   4.3103010e-01   2.3873665e-01   2.1153409e-01  -7.2440587e-02  -3.4988293e-01  -4.0215397e-03  -1.8842584e-02  -2.1824887e-01
   3.3065856e+00   2.0085001e+00   1.9442463e+00   9.9217491e-01   1.2824908e+00   1.1900624e+00   9.9721856e-01   4.5942412e-01   4.0266342e-01   2.4551505e-01   2.5599496e-01  -1.7849472e-02  -1.3156800e-01   4.7937196e-02  -2.7830104e-01  -3.4491996e-01
   2.9601389e+00   2.1088545e+00   1.9559673e+00   1.2815517e+00   1.2648667e+00   1.4246955e+00   4.3542355e-01  -1.3849868e-02   3.1257624e-02  -4.5304461e-01  -7.0035908e-03   2.5141719e-02  -4.4998775e-01  -5.3760046e-01  -5.2119948e-01  -7.6780051e-01
   2.5175571e+00   2.2621137e+00   1.8026682e+00   1.3172130e+00   1.3176849e+00   1.1992689e+00   4.0940265e-02  -2.6403715e-01   2.1365798e-01   3.3296980e-01  -2.5596419e-01  -3.8182361e-02  -7.1804245e-02  -4.6669086e-01  -7.2761907e-01  -1.0366420e+00
   3.2232490e+00   2.2056671e+00   1.8959869e+00   1.4144422e+00   1.3658465e+00   9.9605405e-01   2.8453006e-01  -3.9279605e-01   3.5619926e-01   2.8484103e-01  -3.2433363e-01  -1.5046268e-01  -6.3567388e-02  -3.7490716e-01  -8.7987512e-01  -1.0111885e+00
   3.8230194e+00   1.8964115e+00   2.0347517e+00   1.5995530e+00   1.0316770e+00   8.5681460e-01   4.1802665e-01  -2.1361737e-01  -3.3210089e-02  -9.1085341e-03  -3.0932462e-03  -1.3632154e-01  -3.0242857e-01  -4.6043377e-01  -7.6529177e-01  -8.4607072e-01
   3.8227273e+00   2.4036330e+00   2.2097329e+00   1.1977826e+00   1.3221387e+00   1.2073451e+00   8.1765434e-01   3.4216445e-01   3.1553566e-01   7.9496269e-03  -9.9333940e-02   5.0429509e-02  -1.3200611e-01  -3.8455657e-01  -5.2340560e-01  -4.7819212e-01
   3.2942274e+00   1.7451896e+00   1.7649283e+00   1.3297103e+00   7.5129537e-01   1.1489754e+00   7.5367575e-01   3.3774662e-01   4.7728191e-01   4.2930168e-01  -1.3245699e-01  -6.7609696e-02  -7.8129894e-02  -4.7887250e-01  -7.3717826e-01  -8.4509321e-01
   3.2415646e+00   1.6920437e+00   1.4451358e+00   1.5352427e+00   1.2770567e+00   9.2780824e-01   7.0181793e-01   1.3408258e-01   2.1219874e-01   2.0525774e-02  -6.4041447e-02  -1.1721247e-01  -1.7374688e-01  -7.8240474e-01  -7.3155461e-01  -8.9645352e-01
   4.0390990e+00   2.3169229e+00   1.6677252e+00   1.0084565e+00   7.7183466e-01   1.0229513e+00   3.9946673e-01  -9.8056844e-02  -2.4723104e-02  -7.6144014e-02  -9.5502991e-02   2.5388127e-01  -3.0966550e-01  -9.7488899e-01  -9.1659909e-01  -8.7094074e-01
   3.1790508e+00   2.2079750e+00   1.7913968e+00   1.2360414e+00   6.1919493e-01   1.1330430e+00   8.9993800e-01  -1.1044972e-02   1.9244878e-01  -2.3213587e-01  -1.0909345e-01   1.5125292e-01  -1.0087849e-01  -6.5328904e-01  -8.1850754e-01  -1.0303494e+00
   3.0289615e+00   1.6797428e+00   1.6490517e+00   1.6209504e+00   1.3221602e+00   9.8196517e-01   9.2974867e-01   4.8355976e-01   3.8882729e-01  -1.0631631e-01  -2.6236965e-01  -6.9725897e-02  -2.4065100e-01  -3.5245024e-01  -2.9689023e-01  -3.1565265e-01
   4.1818215e+00   2.1297799e+00   1.7883383e+00   1.1281000e+00   1.0829382e+00   8.3935918e-01   5.6570342e-01   4.9980095e-01  -1.5454472e-01  -9.3241568e-02  -3.2434746e-01  -1.6788083e-01  -2.3938038e-01  -7.5207221e-01  -6.8140190e-01  -9.5510058e-01
   4.2786396e+00   2.6830130e+00   2.1005543e+00   1.3147679e+00   9.6733524e-01   8.6851663e-01   3.4121136e-01   2.2087561e-01   1.3617560e-01  -1.2037629e-01  -2.0797843e-01  -2.1856225e-01  -2.8178437e-01  -4.2362047e-01  -4.1555110e-01  -5.2719964e-01
   4.1828830e+00   2.3630412e+00   1.7230622e+00   1.7079604e+00   1.3686758e+00   1.3793359e+00   8.0175370e-01   4.2902819e-01   2.5525716e-01  -2.5273588e-01  -3.7870028e-02   4.2485630e-02  -1.5945122e-01  -4.2714296e-01  -5.0590763e-01  -6.1112261e-01
   3.7489519e+00   2.0008178e+00   1.8322613e+00   1.5680078e+00   1.5235853e+00   8.9272118e-01   2.5302953e-01   3.7041767e-01   2.6488396e-01   1.6338870e-01  -1.8491978e-02   4.8661376e-02  -2.7820279e-01  -5.8910499e-01  -7.0122368e-01  -7.1617343e-01
   3.1658234e+00   2.0060439e+00   1.5831934e+00   1.2628244e+00   1.0552657e+00   7.7998101e-01   4.7873009e-01   4.1711896e-01   3.9497843e-01   1.3583701e-01   1.4006834e-01   2.1911229e-01   6.8133119e-02  -2.4624628e-01  -3.1515633e-01  -2.9290318e-01
   4.0270062e+00   2.6227808e+00   2.0663230e+00   1.4129929e+00   9.2683233e-01   8.5966394e-01   3.3380176e-01   5.1717631e-01   3.5743095e-01  -1.6750073e-01  -3.2728246e-01  -1.6681737e-01  -3.2724290e-01  -5.2235692e-01  -6.4095009e-01  -7.9032011e-01
   3.4841991e+00   2.4834256e+00   1.8860146e+00   1.0560480e+00   1.1627026e+00   1.1806933e+00   7.9648162e-01   2.4229183e-01   1.8239901e-03  -1.0017975e-01  -1.9060486e-01  -2.2966939e-01   2.8620748e-02  -3.0963619e-01  -5.6834285e-01  -5.6008996e-01
   3.4078547e+00   2.2576887e+00   2.1323398e+00   1.2502448e+00   9.2597609e-01   8.8140399e-01   4.3445977e-01   3.5033444e-01  -7.2413913e-02  -4.0089069e-01  -1.5715902e-01  -2.2034436e-01  -2.9043953e-01  -5.1050507e-01  -6.7345602e-01  -6.3248608e-01
   3.8207623e+00   2.3041165e+00   1.4525411e+00   1.2876531e+00   1.3372239e+00   9.2536534e-01   2.8324971e-01   3.3070259e-01  -2.6972275e-01  -3.3553050e-01  -2.1502005e-01  -1.6628601e-01  -1.5761745e-01  -5.5479442e-01  -4.8770104e-01  -6.6357084e-01
   3.3192408e+00   2.6535537e+00   1.7547866e+00   2.0223167e+00   1.0486972e+00   4.1944057e-01   5.2499503e-01   4.6869276e-01   3.0462744e-01  -1.4629430e-01  -1.7842006e-01  -1.2500708e-01  -1.9907708e-01  -3.7499788e-01  -5.3481611e-01  -5.8854275e-01
   3.3467686e+00   2.3666585e+00   1.5391661e+00   1.2741889e+00   9.5702820e-01   8.6540169e-01   3.7122288e-01   2.7049015e-01   2.4315048e-01  -2.0810469e-01  -3.0281678e-01  -1.9452325e-01  -4.1016884e-01  -5.5073861e-01  -5.9609144e-01  -7.6030872e-01
   3.3644114e+00   2.5248188e+00   2.2986007e+00   1.3776322e+00   1.3817599e+00   9.7165785e-01   7.0789546e-01   3.0218718e-01   8.4345971e-03   1.0962353e-02  -4.7212401e-02  -1.0811080e-01  -4.2738569e-01  -8.4392492e-01  -5.4097399e-01  -6.9428181e-01
   2.8513631e+00   2.1008264e+00   1.6904452e+00   1.4687835e+00   1.2699202e+00   1.2380424e+00   3.9314015e-01   1.0256877e-02   2.7893522e-01  -1.6682885e-01  -1.9056763e-01   1.5010217e-01   1.2788699e-02  -6.4005458e-01  -6.0268825e-01  -5.8615789e-01
   3.5467348e+00   1.9032598e+00   1.5688198e+00   1.4749653e+00   1.3307456e+00   1.4327495e+00   6.3476103e-01   2.6989437e-02   2.5975738e-01  -1.1912773e-01  -1.6601823e-01  -1.2832126e-01  -2.9468797e-01  -4.9689583e-01  -5.4328250e-01  -6.0109260e-01
   3.9890781e+00   1.9215700e+00   1.7930098e+00   1.1544519e+00   1.3018602e+00   8.0063435e-01   1.8381672e-01  -2.3864995e-01  -3.1130925e-01  -3.0154328e-01  -4.8660655e-02  -4.1684361e-01  -3.7772567e-01  -2.4412884e-01  -3.9828780e-01  -8.1292013e-01
