   2.9863999e+00   2.2410427e+00   1.6016206e+00   1.3290929e+00   5.1136402e-01   4.6881279e-01  -2.9891618e-01  -9.6328800e-01  -1.2672192e+00  -1.1976936e+00  -9.7728780e-01  -1.5721811e+00  -1.7091960e+00  -1.6724914e+00  -1.6847475e+00  -1.6171611e+00
   2.7545880e+00   1.8148836e+00   1.2618131e+00   1.1012286e+00   9.5633873e-01   2.3854110e-01  -5.0787877e-02  -8.0146200e-01  -1.2226050e+00  -1.0025547e+00  -1.0839205e+00  -1.2952444e+00  -1.3915061e+00  -1.4741261e+00  -1.5351484e+00  -1.3804561e+00
   2.8612867e+00   2.5450059e+00   1.8983117e+00   9.1407460e-01   7.8227557e-01   3.3526422e-01  -1.3163848e-01  -7.2307807e-01  -1.0026720e+00  -1.0420567e+00  -8.6016807e-01  -1.2266795e+00  -1.3498713e+00  -1.3458846e+00  -1.3866421e+00  -1.2647295e+00
   3.2035964e+00   2.2344310e+00   1.6260943e+00   8.3793174e-01   6.7185623e-01   3.8272446e-01  -3.0385576e-01  -8.2795898e-01  -1.0054269e+00  -9.4236857e-01  -9.6109341e-01  -1.4871344e+00  -1.3576231e+00  -1.4199246e+00  -1.6568470e+00  -1.3833038e+00
   3.2853837e+00   1.5396269e+00   9.6265462e-01   1.0202609e+00   4.0288283e-01  -4.8097913e-01  -5.7519103e-01  -4.4200558e-01  -1.1685570e+00  -1.1331591e+00  -1.1450580e+00  -1.6151805e+00  -1.5436966e+00  -1.4379542e+00  -1.7823331e+00  -1.7084638e+00
   3.1825423e+00   2.0168509e+00   1.0184515e+00   7.1569692e-01   6.1187454e-01   2.5463538e-01  -8.8705304e-01  -1.1700149e+00  -1.2152338e+00  -1.0702692e+00  -1.1245799e+00  -1.3822658e+00  -1.7913501e+00  -1.6941012e+00  -1.6254687e+00  -1.4201192e+00
   3.2996945e+00   1.8565647e+00   1.3444785e+00   9.7497303e-01   8.3892692e-01   3.8921774e-01  -2.8179283e-01  -6.8268035e-01  -8.3757838e-01  -8.5332363e-01  -9.1131341e-01  -1.2412819e+00  -1.4641344e+00  -1.5419086e+00  -1.5467975e+00  -1.4657180e+00
   2.8899348e+00   2.0140113e+00   1.1233775e+00   1.1536189e+00   9.9311640e-01   1.9942682e-01  -3.4691081e-01  -5.9584762e-01  -1.0396962e+00  -1.0963473e+00  -1.2302860e+00  -1.5647846e+00  -1.5474375e+00  -1.5508887e+00  -1.4373577e+00  -1.3224223e+00
   2.2355909e+00   2.6158295e+00   1.8802445e+00   1.8358327e+00   1.3529926e+00   5.2948804e-01  -2.4740135e-01  -8.6376401e-01  -1.4906612e+00  -1.1199488e+00  -1.0486604e+00  -1.4897004e+00  -1.3371771e+00  -1.3671587e+00  -1.5138747e+00  -1.3786771e+00
   2.9340116e+00   2.4316044e+00   2.0696095e+00   1.8250460e+00   1.0064854e+00   5.2647601e-01   2.3513414e-01  -5.0415955e-01  -1.1048688e+00  -1.0762015e+00  -1.2062115e+00  -1.7868073e+00  -1.5416697e+00  -1.3830804e+00  -1.9279301e+00  -1.6778797e+00
   2.5589556e+00   2.4235825e+00   1.6182335e+00   1.1512814e+00   6.5104975e-01  -1.4044444e-01   1.1042850e-01  -6.1208206e-01  -1.0528575e+00  -9.9257294e-01  -9.1231958e-01  -1.4633583e+00  -1.4528082e+00  -1.2875707e+00  -1.3799791e+00  -1.4479612e+00
   2.9475138e+00   2.0318573e+00   1.8042271e+00   8.6228983e-01   5.7560740e-01  -1.2543785e-01  -1.9250395e-01  -6.0189325e-01  -9.6603221e-01  -1.0869728e+00  -1.0704115e+00  -1.7602660e+00  -1.5432112e+00  -1.5162899e+00  -1.6629792e+00  -1.5078341e+00
   3.3085984e+00   2.0997517e+00   1.4728334e+00   1.4552769e+00   5.1825120e-01   2.9517308e-01   1.1769442e-02  -1.0569665e-01  -2.2641527e-01  -2.6582648e-01  -2.5676236e-01  -3.7196225e-01  -3.6833074e-01  -3.8081083e-01  -3.8852178e-01  -3.6976828e-01
   4.0617822e+00   2.3064478e+00   1.4982519e+00   8.5211660e-01   8.4719702e-01   1.6295528e-01  -1.4770200e-01  -3.0810920e-01  -4.6407743e-01  -5.8610664e-01  -5.7915558e-01  -7.6221654e-01  -7.4330634e-01  -7.1546216e-01  -7.3162503e-01  -6.6872137e-01
   3.8118244e+00   1.9018918e+00   1.3712862e+00   8.9207933e-01   7.0792228e-01  -1.3483031e-02  -5.8980197e-01  -9.4514338e-01  -1.3665907e+00  -1.0505870e+00  -9.1580332e-01  -1.6887570e+00  -1.7311498e+00  -1.7457964e+00  -1.8092849e+00  -1.3633665e+00
   3.3116143e+00   1.7224420e+00   1.1561461e+00   9.0729656e-01   5.6771133e-01  -2.3523738e-02  -1.5888260e-01  -3.7246549e-01  -4.8296379e-01  -5.1545521e-01  -5.1964506e-01  -6.4912397e-01  -6.4433853e-01  -6.1527654e-01  -5.8187658e-01  -5.8108155e-01
   2.9843236e+00   2.3215586e+00   1.6270604e+00   6.0999949e-01   1.9151852e-01  -9.0291096e-02  -1.6622967e-01  -3.7789647e-01  -6.8170254e-01  -8.0158438e-01  -6.6745793e-01  -8.8225450e-01  -1.0612639e+00  -1.0423297e+00  -1.0582997e+00  -9.6607137e-01
   3.1742293e+00   2.5201464e+00   8.3744622e-01   3.5352016e-01   3.8005780e-01   2.2654306e-01  -2.4314561e-01  -9.1220006e-01  -1.1458181e+00  -1.3731777e+00  -9.3957152e-01  -1.3456656e+00  -1.5259748e+00  -1.4895657e+00  -1.5980303e+00  -1.4970435e+00
   3.2111863e+00   2.6056977e+00   1.3905699e+00   1.1575608e+00   8.2825013e-01   2.8157539e-01  -7.7763058e-02  -6.8556923e-01  -8.9303612e-01  -8.8121584e-01  -8.0698605e-01  -1.0592527e+00  -1.0857934e+00  -1.0594398e+00  -1.0345855e+00  -1.0672149e+00
   3.2124720e+00   3.1398152e+00   1.7436757e+00   1.0299813e+00   8.8236758e-01  -7.1032513e-02  -2.6682644e-01  -6.7808455e-01  -1.0755676e+00  -9.4019498e-01  -1.0685514e+00  -1.5791894e+00  -1.7480142e+00  -1.6976555e+00  -1.7347268e+00  -1.6997776e+00
   3.7410280e+00   3.0135258e+00   1.6213455e+00   1.4897761e+00   5.6578066e-01   1.7300228e-02  -4.1559372e-02  -5.7740207e-01  -7.8401429e-01  -8.2958040e-01  -8.2134740e-01  -1.2641817e+00  -1.2488122e+00  -1.2505510e+00  -1.2562299e+00  -1.1858225e+00
   3.0323907e+00   2.4832342e+00   1.3913484e+00   1.4166901e+00   9.3299847e-01   5.7577878e-02  -4.1840021e-01  -8.8312801e-01  -1.1539324e+00  -9.8406258e-01  -1.0351422e+00  -1.2073311e+00  -1.3561310e+00  -1.2602599e+00  -1.4141736e+00  -1.3603944e+00
   3.2634348e+00   2.6197927e+00   1.3574330e+00   1.2234805e+00   8.3946340e-01   3.3603789e-01  -2.9429882e-01  -2.1609311e-01  -3.8116499e-01  -3.6631233e-01  -4.6039836e-01  -5.8460210e-01  -6.1728539e-01  -6.5064249e-01  -6.2215462e-01  -5.5869137e-01
   3.2303141e+00   2.3623142e+00   9.2805046e-01   1.0284538e+00   6.1519670e-01  -1.2175477e-01  -6.5202403e-02  -6.5583209e-01  -8.7301537e-01  -6.7241979e-01  -7.7917011e-01  -1.2786780e+00  -1.1225908e+00  -1.2895585e+00  -1.2297459e+00  -1.2285496e+00
   3.3953195e+00   2.5123874e+00   1.1341761e+00   1.3420113e+00   8.1288870e-01   2.3356976e-01  -5.3697037e-03  -8.1452867e-01  -1.4696081e+00  -1.2218305e+00  -1.3280821e+00  -1.5274483e+00  -1.6645292e+00  -1.3592145e+00  -1.6669380e+00  -1.6342303e+00
   3.5017981e+00   2.9313268e+00   1.3606797e+00   7.4711789e-01   3.2665087e-01   8.5484902e-03  -2.0734651e-01  -4.1064145e-01  -8.2536579e-01  -9.5038482e-01  -8.0958325e-01  -6.9748159e-01  -9.0326187e-01  -7.9114669e-01  -8.8590265e-01  -9.6347226e-01
   2.7942834e+00   2.4388886e+00   1.7895444e+00   1.5111762e+00   8.9479714e-01   4.5522449e-02  -1.5610655e-01  -2.7462038e-01  -2.7497062e-01  -6.5233298e-01  -3.1055143e-01  -1.3914070e-02  -5.4814541e-01  -1.3861932e-01  -5.1354481e-01  -4.6998347e-01
   3.1427771e+00   2.1012553e+00   1.6432051e+00   1.8720289e+00   1.2458219e+00  -1.8036435e-01  -4.8021239e-01  -8.3071135e-01  -9.0786287e-01  -9.8162875e-01  -6.9416131e-01  -6.6770174e-01  -1.3762451e+00  -9.2580531e-01  -1.0207229e+00  -8.4780774e-01
   2.0059236e+00   2.0155984e+00   1.1822752e+00   1.3628808e+00   7.8133555e-01   4.0944715e-01  -1.0250820e-01  -5.4600417e-01  -8.6760079e-01  -7.3815696e-01   1.3284783e-01   4.2824530e-01  -7.9394047e-01  -6.8985612e-01  -2.7898314e-01  -2.6120282e-01
   1.9427654e+00   1.5995140e+00   1.1968996e+00   1.2857957e+00   6.3851182e-01   8.2936200e-02  -2.2436449e-01  -9.2397888e-01  -1.0716282e+00  -9.0633666e-01   1.6647718e-01   8.8657925e-01   5.8882236e-02  -3.5391548e-01  -1.3803372e-01   1.0369925e-01
   2.3727034e+00   2.1983691e+00   1.4409471e+00   1.1923702e+00   4.7091031e-01   2.4774381e-01  -2.9068069e-01  -5.3268489e-01  -5.8275133e-01  -5.4360300e-01  -2.6316869e-01   5.3725151e-01   8.6130394e-02  -2.4094221e-01   9.5860556e-02   3.9956066e-02
   3.9575934e+00   3.2605908e+00   1.6974130e+00   1.0543964e+00   6.8610408e-01   5.1388493e-01  -5.2557706e-01  -7.0031297e-01  -8.0254430e-01  -7.4317665e-01  -3.2985704e-01   6.5749160e-01   1.9750557e-02  -5.4410175e-01   1.5361759e-02  -1.8402654e-01
   4.0400900e+00   3.1706628e+00   1.8605411e+00   1.5017037e+00   9.3815297e-01   1.1007884e-01  -2.2624208e-01  -6.6791858e-01  -9.0307078e-01  -8.7530320e-01  -2.4651216e-01   9.0902061e-01  -1.1451613e-01  -1.0133210e+00  -3.2115312e-01  -3.4934591e-01
   3.6766893e+00   3.0413532e+00   2.0830240e+00   1.5079408e+00   1.1466418e+00   4.7054814e-01  -3.0359855e-01  -8.3936200e-01  -1.0564117e+00  -9.9038483e-01  -4.5936052e-01   1.9299684e-01  -1.5249749e-01  -3.6859405e-01  -2.7537959e-01  -5.3708471e-01
   3.1054589e+00   3.4616791e+00   2.4364971e+00   1.1009237e+00   1.8133618e+00   7.9688514e-01   3.2199932e-02  -1.4333200e-01  -6.7012824e-01  -9.1143105e-01  -1.6548261e-01   9.2009099e-01   3.2638126e-02   3.3478935e-01   5.7162610e-02  -3.5501631e-01
   4.3405633e+00   3.2467680e+00   2.2018136e+00   1.2487478e+00   1.6353818e+00   1.2784444e+00   1.3111795e-01  -5.4391110e-01  -6.4821892e-01  -9.1083947e-01   4.1057330e-01   1.4345856e+00   9.2595267e-01   9.7015994e-01   6.1664890e-01  -1.4216429e-01
   4.1648559e+00   2.9802782e+00   2.1481542e+00   1.8502480e+00   1.3366396e+00   1.1051702e+00   1.6870077e-01  -2.6468881e-01  -3.0459485e-01  -3.3802553e-01   8.6819866e-01   1.7004051e+00   1.4276780e+00   1.4947730e+00   1.0497921e+00   1.4927726e-01
   4.4120576e+00   3.3788225e+00   2.2593895e+00   1.8004300e+00   5.8034515e-01   4.5715207e-01  -3.2473645e-01  -8.7674094e-01  -1.2958477e+00  -6.7125097e-01   7.5588586e-01   1.9252434e+00   1.4457506e+00   1.6885771e+00   1.3499968e+00   7.2064244e-02
   3.9159530e+00   3.4784750e+00   2.4153938e+00   1.6847928e+00   1.0746960e+00  -1.0416313e-01  -5.9663438e-01  -1.2389160e+00  -7.7932971e-01  -3.7452448e-01   6.7349427e-01   1.9763981e+00   1.2195393e+00   1.4787144e+00   1.2703771e+00   1.6672841e-01
   3.7206513e+00   3.6794014e+00   2.4816579e+00   1.8401016e+00   1.0404273e+00  -5.1918674e-03  -1.8692453e-01  -8.4001675e-01  -8.1840053e-01  -7.6126982e-01   6.4795624e-01   1.9968658e+00   1.0162228e+00   1.2889701e+00   1.1247960e+00   1.4157239e-01
   3.3921535e+00   3.5409401e+00   2.1922468e+00   1.6534432e+00   8.8829526e-01   2.3869205e-01  -1.8312301e-01  -7.1866147e-01  -7.6360915e-01  -7.3958639e-01   6.2436931e-01   2.0342804e+00   9.3069089e-01   1.3153286e+00   1.0205165e+00   8.9855917e-02
   3.9655284e+00   3.2918563e+00   1.9201456e+00   1.7264643e+00   1.0359384e+00   3.5771066e-01   3.9709961e-02  -6.4026564e-01  -9.6353442e-01  -5.5421907e-01   6.5719773e-01   2.0474275e+00   9.6005415e-01   1.2366716e+00   1.0081329e+00   2.1855557e-01
   3.6420116e+00   2.6058815e+00   2.2022229e+00   1.9057210e+00   1.0462864e+00  -2.5042524e-01  -4.8932079e-01  -5.4022580e-01  -1.1851177e+00  -6.6430740e-01   6.1557467e-01   2.0065502e+00   8.9929559e-01   1.1564300e+00   1.1070731e+00   2.1260628e-01
   3.4132754e+00   2.6001471e+00   2.0794097e+00   2.0412739e+00   1.0443927e+00   3.6513081e-01  -1.1553313e-01  -4.9265544e-01  -8.6564834e-01  -5.7026239e-01   6.5151597e-01   1.9723926e+00   1.1812626e+00   1.3520403e+00   1.2462699e+00   1.7360353e-01
   3.0539429e+00   3.3604256e+00   2.5288710e+00   1.8702561e+00   8.0007613e-01   2.1532660e-01  -6.1824286e-01  -8.7443887e-01  -9.1663974e-01  -8.4943460e-01   5.8317823e-01   1.9359364e+00   1.3728669e+00   1.4748833e+00   1.2890939e+00   2.2739154e-01
   2.8710938e+00   3.4673137e+00   2.2614494e+00   1.7079084e+00   8.4897774e-01   6.1832652e-01  -2.2397604e-01  -7.4446215e-01  -9.6991865e-01  -8.6847690e-01   4.6075463e-01   1.6711787e+00   1.1733955e+00   1.2716587e+00   1.2457758e+00   1.8472352e-02
   3.1858425e+00   3.3812704e+00   2.2867794e+00   1.6698518e+00   7.4449355e-01   6.6125557e-01  -2.4210368e-01  -7.9358171e-01  -7.8877390e-01  -6.5188883e-01   5.0564402e-01   1.6756181e+00   1.1715026e+00   1.2457321e+00   1.0937905e+00  -1.8339619e-02
   2.9912653e+00   2.7308709e+00   2.2151873e+00   1.9742004e+00   1.3033235e+00   4.0739461e-01  -1.7089845e-01  -4.0639926e-01  -8.1165390e-01  -7.9559489e-01   4.2237356e-01   1.6759464e+00   1.0593008e+00   1.0290673e+00   8.8639626e-01  -1.4764741e-01
   3.9565610e+00   2.0408823e+00   1.7594903e+00   1.9152373e+00   1.0268269e+00   6.7029341e-02  -3.1662899e-01  -4.0304516e-01  -7.9737589e-01  -6.4377203e-01   3.8016913e-01   1.6646579e+00   9.5828355e-01   8.8162205e-01   7.4173010e-01  -2.0196042e-01
   3.6001538e+00   2.1842397e+00   1.6705789e+00   1.6824015e+00   8.6892097e-01   4.7585410e-01   1.5855773e-01  -4.3127705e-02  -1.8035937e-01  -1.8018503e-01   6.8499508e-01   1.9226398e+00   7.6762362e-01   7.9079023e-01   6.9448623e-01   5.4422959e-02
   3.7023169e+00   2.4554787e+00   1.5867035e+00   1.6864938e+00   7.9094070e-01   5.6374545e-01  -9.2834233e-02  -1.8300867e-01  -3.2426035e-01  -3.7843519e-01   6.0546934e-01   2.0217050e+00   7.0376019e-01   6.3242311e-01   7.8058042e-01  -1.0773888e-02
   3.5069081e+00   2.7395728e+00   1.7023969e+00   1.6207709e+00   9.9504737e-01   8.7569301e-01   1.0370912e-01   1.0786751e-02  -1.2713973e-01  -1.9746711e-01   6.1886171e-01   2.0337173e+00   6.9218598e-01   5.3782388e-01   6.8681380e-01   8.2156078e-02
   4.0428084e+00   2.8104343e+00   1.7767699e+00   1.6563650e+00   1.2802872e+00   8.9002757e-01  -3.0143002e-01  -4.7501555e-01  -5.9231190e-01  -4.5416132e-01   3.8443468e-01   1.9373637e+00   9.9833395e-01   5.8957658e-01   6.0778121e-01  -1.4911159e-01
   3.7119394e+00   3.2031511e+00   2.1896374e+00   1.2058615e+00   1.0411543e+00   1.2797539e+00   7.9972749e-02  -6.9302571e-01  -5.1765552e-01  -6.8766367e-01   4.7537974e-01   1.6504985e+00   9.4583076e-01   5.1390065e-01   4.8655736e-01  -3.6069830e-01
   4.5341195e+00   3.4716089e+00   1.8186342e+00   1.2077075e+00   7.1541098e-01   7.2885023e-01   3.7663841e-01  -4.9038663e-01  -4.6817286e-01  -6.6862018e-01   3.4755449e-01   1.8616793e+00   6.5621801e-01   4.5225508e-01   4.4033215e-01  -2.4263377e-01
   4.4158901e+00   3.3973249e+00   2.2169215e+00   7.4802800e-01   6.2155383e-01   1.2172281e-01  -3.0808978e-01  -6.0167076e-01  -7.1539604e-01  -8.2194237e-01   3.5847521e-01   1.7377283e+00   5.5594355e-01   1.3430990e-01   1.7837492e-01  -5.2856751e-01
   3.5955275e+00   3.0893712e+00   1.8973316e+00   1.3407178e+00   8.7886309e-01  -2.1273689e-02  -3.0720788e-01  -5.9851719e-01  -7.1503147e-01  -1.1744707e+00   9.4197460e-02   1.0854454e+00  -7.8969533e-02  -2.8864141e-01  -2.3095580e-01  -6.6140963e-01
   3.2487353e+00   2.1383622e+00   1.5541648e+00   1.4215613e+00   7.8586514e-01  -1.5211781e-02  -2.9824012e-01  -3.2751048e-01  -6.9208990e-01  -7.1987214e-01  -5.2159802e-02   9.3724594e-01  -5.5079593e-01  -6.9938599e-01  -6.6596322e-01  -5.7729156e-01
   3.3499948e+00   2.9354904e+00   2.0132385e+00   9.6926543e-01   9.1150003e-01   7.4557241e-02  -4.3840780e-01  -4.2439740e-01  -7.7449853e-01  -9.0742650e-01  -3.2475870e-01   6.7570081e-01  -6.4243107e-01  -9.6761562e-01  -6.2713258e-01  -6.9042148e-01
   3.5882178e+00   3.3302262e+00   1.8372214e+00   1.6812783e+00   9.6022673e-01   1.8245119e-01  -3.5536479e-01  -3.9249977e-01  -6.3960861e-01  -6.7262563e-01  -3.3442212e-01   3.1423184e-01  -6.7355484e-01  -7.3274197e-01  -7.7952553e-01  -7.9816849e-01
   3.7418386e+00   2.7118849e+00   2.0243772e+00   1.4950413e+00   1.0406159e+00   3.4567305e-01   1.3533293e-01  -1.5119908e-03  -2.1701479e-01  -2.5213751e-01  -2.3682579e-01   1.8355992e-02  -3.2056533e-01  -3.5938386e-01  -3.4498398e-01  -3.3346942e-01
   4.2270897e+00   2.3296015e+00   1.2096642e+00   1.3155811e+00   9.5893003e-01   5.3182316e-02   9.2081396e-02  -4.5856817e-01  -7.5571391e-01  -9.5709582e-01  -8.5282123e-01  -3.0772339e-01  -1.0219615e+00  -1.1918562e+00  -1.1216698e+00  -1.1484473e+00
   3.1470153e+00   2.5251264e+00   1.6358476e+00   1.2729316e+00   8.0468825e-01   2.2631249e-01  -1.5531317e-01  -3.0024272e-01  -2.9076622e-01  -3.8305030e-01  -4.3993864e-01  -1.8588868e-01  -5.0435332e-01  -5.5419462e-01  -5.4933806e-01  -5.0790915e-01
   3.2310083e+00   2.2456958e+00   1.7590766e+00   9.2888808e-01   2.3941205e-01   1.7037205e-01  -3.6879846e-01  -7.7286178e-01  -1.0792275e+00  -1.0978657e+00  -1.0747681e+00  -8.6132239e-01  -1.2170705e+00  -1.5799078e+00  -1.5028318e+00  -1.6473578e+00
   3.3518623e+00   1.8059372e+00   1.1298998e+00   1.1005197e+00   5.6021019e-01   5.6582986e-01   4.1802193e-01  -2.1172031e-01  -3.2312266e-01  -3.1327829e-01  -2.6439660e-01  -3.5647305e-01  -4.8306428e-01  -4.2874448e-01  -4.2348008e-01  -3.9147521e-01
   3.6927119e+00   1.7735355e+00   1.2381335e+00   1.2586224e+00   6.9649943e-01   6.8504138e-01   2.5978347e-02  -2.8445365e-01  -4.9624535e-01  -4.3940806e-01  -3.8645521e-01  -4.7989746e-01  -6.4038687e-01  -6.6010569e-01  -6.5532518e-01  -6.3545249e-01
   3.3711947e+00   2.3026508e+00   1.4468231e+00   1.3092962e+00   5.3793567e-01   3.8688010e-03  -6.4418791e-01  -3.8808850e-01  -7.5794296e-01  -7.9018824e-01  -7.6351525e-01  -8.1297185e-01  -1.2434232e+00  -1.2029251e+00  -1.0517985e+00  -1.1227339e+00
   3.1856175e+00   2.0094422e+00   1.5925237e+00   1.2512065e+00   9.4479883e-01   2.5829961e-01  -6.0489890e-01  -7.9710897e-01  -1.0978623e+00  -9.6800730e-01  -6.8914332e-01  -1.0299761e+00  -1.1727813e+00  -1.0577830e+00  -1.0714324e+00  -1.1003870e+00
   2.0345256e+00   2.0703821e+00   1.0744873e+00   7.2767944e-01   1.2953883e-01  -2.0152069e-01  -1.9725135e-01  -5.9808520e-01  -9.9394543e-01  -1.2789917e+00  -1.1255730e+00  -1.4020646e+00  -1.4863373e+00  -1.6261518e+00  -1.8057873e+00  -1.5812927e+00
   3.3707935e+00   2.4038287e+00   1.3829459e+00   1.2663356e+00   6.8082448e-01   5.2148501e-01   2.4686511e-02  -6.6069892e-01  -6.1096469e-01  -7.4541247e-01  -6.6192471e-01  -9.8395892e-01  -9.9843400e-01  -1.0979237e+00  -1.0326482e+00  -9.5679858e-01
   4.0421254e+00   2.6646799e+00   1.6176242e+00   1.0103327e+00   4.4491484e-01   2.6300104e-01  -1.9608800e-01  -5.9056851e-01  -1.1998425e+00  -1.1169987e+00  -1.0325073e+00  -1.5125226e+00  -1.4856339e+00  -1.6134962e+00  -1.4636535e+00  -1.1987792e+00
   3.0402979e+00   2.3325814e+00   1.7188570e+00   1.3667709e+00   7.1603019e-01   6.2196128e-01   3.4884120e-01   1.2340181e-01   9.9686214e-02   4.7061831e-02  -8.8029864e-03  -3.8386236e-02  -3.5910871e-02  -2.0039555e-02  -2.0190055e-02   1.4920515e-03
   3.7052439e+00   2.1229350e+00   1.0978725e+00   1.5089086e+00   9.8087443e-01   4.2363787e-01   1.5289279e-02  -6.2192205e-01  -1.2235762e+00  -8.1074770e-01  -7.8611770e-01  -1.4953252e+00  -1.6063890e+00  -1.4763712e+00  -1.3671824e+00  -1.4082466e+00
   3.4448732e+00   1.7462912e+00   1.5445332e+00   1.4300607e+00   1.1812577e+00   4.7101826e-01  -2.9155226e-01  -3.3020474e-01  -1.0360767e+00  -8.8747994e-01  -7.7150399e-01  -1.2196056e+00  -1.3536743e+00  -1.3353378e+00  -1.2337406e+00  -1.1885570e+00
   3.9770185e+00   2.6619953e+00   1.8317067e+00   1.3578866e+00   9.3520068e-01   1.7253146e-01  -2.5520522e-01  -2.8098997e-01  -5.9646652e-01  -5.3759149e-01  -6.5254990e-01  -8.8085320e-01  -8.7309522e-01  -8.8617395e-01  -8.7608168e-01  -8.7865520e-01
   3.1207377e+00   2.5787177e+00   1.3916486e+00   1.4426828e+00   1.1932079e+00   6.3256863e-01   4.5987493e-01   3.1074384e-01   2.1421866e-01   1.7443125e-01   1.5246220e-01   8.2224879e-02   7.8451417e-02   7.5955861e-02   8.4706678e-02   1.0561212e-01
   3.8457534e+00   2.1710582e+00   1.3930141e+00   1.3482079e+00   7.4034938e-01   2.6089408e-01  -1.5716965e-01  -6.3283744e-01  -7.6282985e-01  -7.8293845e-01  -9.4898570e-01  -1.3048420e+00  -1.3156475e+00  -1.1303201e+00  -1.0479625e+00  -1.0561489e+00
   4.1095096e+00   1.9410254e+00   1.3263824e+00   6.6528760e-01   6.7662185e-01   4.7632986e-01  -2.4643806e-01  -8.0465095e-01  -1.0275883e+00  -9.7437428e-01  -1.0072245e+00  -1.3434794e+00  -1.3770302e+00  -1.2892715e+00  -1.3002912e+00  -1.3631457e+00
   3.3754785e+00   1.7160034e+00   9.1456917e-01   1.1387746e+00   7.6117617e-01   2.5273612e-01   1.5267874e-02  -5.1844280e-02  -3.4652527e-01  -2.7272396e-01  -2.8568286e-01  -4.1342885e-01  -4.1464284e-01  -4.4844819e-01  -4.2823778e-01  -3.9640247e-01
   3.4388500e+00   1.8628261e+00   1.6009810e+00   1.0212014e+00   7.3416189e-01   2.0661933e-01  -1.1909284e-01  -4.4269211e-01  -6.1753594e-01  -5.4417028e-01  -4.8784033e-01  -6.7053839e-01  -6.5338128e-01  -7.0898967e-01  -6.7952532e-01  -6.8671825e-01
   3.5425246e+00   2.3390051e+00   8.5444504e-01   1.0615760e+00   5.6205037e-01   3.4287938e-01  -1.2313742e-01  -5.9555469e-01  -1.4448032e+00  -1.2996967e+00  -1.1885648e+00  -1.5957339e+00  -1.3547780e+00  -1.6613413e+00  -1.6457986e+00  -1.5194101e+00
   2.8901440e+00   1.5225623e+00   1.1665007e+00   1.0337495e+00   3.6017441e-01  -1.2015935e-01  -1.1468114e-01  -7.5474280e-01  -1.2017153e+00  -1.2052185e+00  -1.1077137e+00  -1.3178398e+00  -1.4414925e+00  -1.4925786e+00  -1.4461093e+00  -1.4333404e+00
   3.1185973e+00   2.2829033e+00   1.1448790e+00   1.1407189e+00   9.9720392e-01   1.1212629e-02  -1.1851678e-01  -3.2062907e-01  -9.9620560e-01  -1.0668912e+00  -7.6241570e-01  -1.1413229e+00  -1.2005292e+00  -1.2381915e+00  -1.2825354e+00  -1.2567319e+00
   3.5037513e+00   2.7542278e+00   1.4252494e+00   1.2878737e+00   7.4848682e-01  -1.6262262e-01  -2.2137609e-01  -7.3926464e-01  -1.0963528e+00  -1.1100856e+00  -1.0194411e+00  -1.3200874e+00  -1.4001704e+00  -1.4396928e+00  -1.5819951e+00  -1.4820684e+00
   3.3271008e+00   2.3574072e+00   1.4334228e+00   8.8631142e-01   5.4262297e-01   2.8917605e-01  -3.9648600e-01  -6.0813687e-01  -8.1257978e-01  -7.2996757e-01  -7.6594225e-01  -1.0524105e+00  -1.0344097e+00  -1.1304815e+00  -1.1042626e+00  -1.0090106e+00
   3.5506189e+00   1.9400717e+00   1.3393480e+00   9.7829337e-01   4.5882184e-01   3.1287496e-01   1.5395687e-01  -4.7105838e-01  -9.3536867e-01  -8.9114529e-01  -1.0777154e+00  -1.6916784e+00  -1.4661884e+00  -1.5752382e+00  -1.5226665e+00  -1.4726590e+00
   3.4116887e+00   2.4636566e+00   1.0588605e+00   8.4740946e-01   2.9705044e-01   4.0748283e-01  -1.8130743e-01  -4.9175425e-01  -5.6848318e-01  -5.8451814e-01  -6.2900634e-01  -7.3478857e-01  -7.6683198e-01  -7.5159805e-01  -7.4146565e-01  -7.1436250e-01
   3.3815038e+00   2.5506909e+00   1.8396985e+00   1.0879092e+00   8.6625018e-01   7.0095221e-01   1.2893511e-01  -4.5660357e-01  -1.0092043e+00  -9.2931948e-01  -1.0389048e+00  -1.3833082e+00  -1.3734537e+00  -1.3246925e+00  -1.4102173e+00  -1.3744248e+00
   2.9128251e+00   2.2324108e+00   1.4790188e+00   9.8370843e-01   6.3031120e-02   2.3839398e-01  -8.4493063e-02  -8.9184490e-01  -1.2113807e+00  -1.2369728e+00  -8.8894452e-01  -1.4688995e+00  -1.6962995e+00  -1.4319673e+00  -1.5332322e+00  -1.4951033e+00
