   4.8879756e+00   3.7002750e+00   2.6566594e+00   2.3586404e+00   2.4232417e+00   2.2313520e+00   2.3624202e+00   2.1850740e+00   2.0231466e+00   2.2473116e+00   2.1615612e+00   1.8757084e+00   1.4846021e+00   1.5599011e+00   1.4712828e+00   1.3700403e+00
   3.8591322e+00   3.2370556e+00   3.1206945e+00   2.8131062e+00   2.3572229e+00   2.3342554e+00   2.3151186e+00   2.0773270e+00   1.5491505e+00   1.7407119e+00   2.2198349e+00   2.1520751e+00   1.4216450e+00   1.3160290e+00   1.6033797e+00   1.5969806e+00
   4.4208669e+00   3.7630107e+00   2.9503491e+00   2.9330089e+00   2.9318970e+00   2.4785603e+00   1.9473475e+00   1.7441298e+00   1.7234527e+00   1.9402979e+00   2.1629839e+00   1.8036804e+00   1.1990888e+00   1.2129588e+00   1.3538601e+00   1.4711334e+00
   4.4463872e+00   3.5129753e+00   3.2161194e+00   3.3664196e+00   2.6829076e+00   2.2764444e+00   2.3038535e+00   2.2518148e+00   1.6409782e+00   1.8409954e+00   1.8869711e+00   1.5336559e+00   1.4511723e+00   1.2241487e+00   1.1022637e+00   1.3080235e+00
   4.7763854e+00   3.6519898e+00   2.5779019e+00   2.8320401e+00   2.7136294e+00   2.4417784e+00   2.2180686e+00   2.2062375e+00   2.2813470e+00   2.0674795e+00   2.1075363e+00   2.1194987e+00   1.6914652e+00   1.1534521e+00   1.5329618e+00   1.5484056e+00
   4.1500115e+00   3.5822230e+00   2.8905271e+00   2.7018604e+00   2.7758315e+00   2.5179957e+00   2.0374249e+00   2.2265620e+00   2.4996862e+00   2.2181557e+00   2.7141361e+00   2.3058235e+00   1.5449537e+00   1.5109997e+00   1.3762471e+00   1.3229042e+00
   4.6640253e+00   3.9323898e+00   2.8077989e+00   2.7552034e+00   2.7458008e+00   2.4016246e+00   2.0284986e+00   2.2220363e+00   2.2440089e+00   2.6178149e+00   2.4764071e+00   1.9748193e+00   1.5193899e+00   1.4340956e+00   1.4709267e+00   1.3839087e+00
   4.5046489e+00   3.5962442e+00   3.0878412e+00   2.9435977e+00   2.7698098e+00   2.9239522e+00   2.6465095e+00   2.1312812e+00   2.1275574e+00   2.4757639e+00   2.5353233e+00   2.3130273e+00   1.8422448e+00   1.5563513e+00   1.5922597e+00   1.6794006e+00
   4.1272516e+00   3.7402694e+00   2.6190177e+00   2.5521001e+00   2.6328014e+00   2.8932420e+00   2.4801335e+00   2.2265437e+00   1.9830336e+00   2.2072975e+00   2.1622680e+00   2.0487843e+00   1.4323578e+00   1.4909804e+00   1.4300741e+00   1.5074853e+00
   4.7002816e+00   3.2013955e+00   2.8565975e+00   2.8006021e+00   2.7645520e+00   2.4925637e+00   2.2584597e+00   1.8543997e+00   1.6001406e+00   2.0123715e+00   1.9678634e+00   1.7790264e+00   1.4097682e+00   1.3541632e+00   1.5614944e+00   1.4441840e+00
   4.3118891e+00   3.0106035e+00   2.8284918e+00   3.0881918e+00   2.5864758e+00   2.5028885e+00   2.6595375e+00   1.9351818e+00   1.9100389e+00   1.9808914e+00   1.8984965e+00   1.8968551e+00   1.3077114e+00   1.3849330e+00   1.5552475e+00   1.5365246e+00
   4.1278727e+00   2.7882163e+00   2.8862407e+00   3.0198158e+00   2.7568883e+00   2.3315508e+00   2.6238192e+00   2.7194278e+00   2.3492518e+00   2.0267760e+00   2.2229065e+00   1.8816949e+00   1.5545546e+00   1.5345818e+00   1.3304043e+00   1.3259223e+00
   4.5624936e+00   3.1588102e+00   2.7482830e+00   2.8885738e+00   2.4632048e+00   2.3459115e+00   2.1709320e+00   2.5699076e+00   2.0531399e+00   1.9820449e+00   2.0598043e+00   1.8562505e+00   1.3146313e+00   1.3544685e+00   1.4830685e+00   1.4432766e+00
   4.9628029e+00   3.6779606e+00   2.0922591e+00   2.7857758e+00   2.7907703e+00   2.5913003e+00   2.2223232e+00   2.3904679e+00   2.1168343e+00   2.1978890e+00   1.6911763e+00   1.5726980e+00   1.4373622e+00   1.4595882e+00   1.3107982e+00   1.4999821e+00
   4.7980775e+00   4.0339924e+00   2.8732614e+00   3.1627864e+00   2.7367354e+00   2.5341477e+00   2.6867681e+00   2.5561640e+00   2.2304501e+00   1.9786778e+00   1.8421398e+00   1.7484692e+00   1.6414831e+00   1.4467606e+00   1.4854516e+00   1.4768781e+00
   4.4432731e+00   3.2040417e+00   2.8807870e+00   3.2872506e+00   2.3597250e+00   1.9698577e+00   2.6929343e+00   2.1996596e+00   2.0734415e+00   2.1374691e+00   2.0004893e+00   1.6472910e+00   1.5702561e+00   1.4540124e+00   1.4174145e+00   1.2606434e+00
   3.9591129e+00   3.4098163e+00   3.1352310e+00   2.6059570e+00   2.1254864e+00   2.5028182e+00   2.6797947e+00   2.0893592e+00   2.0592044e+00   2.1687835e+00   2.2515441e+00   1.5061986e+00   1.4402790e+00   1.4913390e+00   1.6263266e+00   1.3916772e+00
   4.5109912e+00   3.5217306e+00   2.5883957e+00   2.4386903e+00   2.8160407e+00   3.0061213e+00   2.1894598e+00   2.0744659e+00   1.8406855e+00   1.6553130e+00   1.5646313e+00   1.6190637e+00   1.1791178e+00   1.2665261e+00   1.2424499e+00   1.2647031e+00
   4.8545381e+00   3.7522374e+00   2.6153521e+00   2.9951938e+00   3.0597439e+00   2.8959574e+00   2.5029027e+00   2.2992309e+00   2.0109574e+00   2.2548363e+00   1.9797917e+00   1.8581727e+00   1.1719885e+00   1.2766447e+00   1.2390534e+00   1.2870239e+00
   4.3592511e+00   3.6449517e+00   3.1392284e+00   3.1208333e+00   3.0427632e+00   2.4595163e+00   2.2766433e+00   2.7315763e+00   2.2409241e+00   2.4883975e+00   2.2043228e+00   2.1082076e+00   1.4452292e+00   1.0572179e+00   1.5895066e+00   1.4310128e+00
   3.2402608e+00   3.6841283e+00   3.2160874e+00   2.8057248e+00   2.2548366e+00   2.0862435e+00   2.4144939e+00   2.5895673e+00   2.2700461e+00   2.2734383e+00   2.1695740e+00   1.9368178e+00   1.4353255e+00   1.5103371e+00   1.6933739e+00   1.4353284e+00
   4.1336782e+00   4.2792384e+00   2.9772002e+00   2.5483061e+00   2.2268705e+00   2.4169014e+00   2.7390670e+00   2.5540379e+00   2.1028610e+00   1.9023826e+00   2.2607350e+00   1.9503797e+00   1.5585203e+00   1.5382132e+00   1.3465841e+00   1.4088984e+00
   4.3973512e+00   3.8034797e+00   2.6328848e+00   3.2299544e+00   2.5595277e+00   2.3314186e+00   2.5046755e+00   2.3441641e+00   1.9238339e+00   2.3671106e+00   2.2593273e+00   1.6775458e+00   1.6406230e+00   1.6280018e+00   1.6678382e+00   1.5975140e+00
   4.9496687e+00   3.8424112e+00   2.8840873e+00   3.0844749e+00   2.4380309e+00   2.5171606e+00   2.4534401e+00   2.1753197e+00   1.8610038e+00   2.0525764e+00   2.0586788e+00   1.8259276e+00   1.0093300e+00   1.4010820e+00   1.5857664e+00   1.5383430e+00
   4.2838138e+00   3.5471980e+00   3.1043011e+00   3.0584288e+00   2.4444300e+00   2.7411282e+00   2.6227368e+00   2.5077046e+00   1.8464379e+00   1.9430595e+00   2.1178052e+00   2.0120479e+00   1.5465729e+00   1.5887829e+00   1.2831374e+00   1.2121171e+00
   4.1264989e+00   4.2055090e+00   3.8252193e+00   3.1775752e+00   2.9481568e+00   2.4557152e+00   2.7401347e+00   2.6158762e+00   2.3231493e+00   2.2652887e+00   2.1969307e+00   2.0771358e+00   1.4343967e+00   1.4541424e+00   1.6085782e+00   1.4478298e+00
   4.3947526e+00   4.1461632e+00   3.5695800e+00   3.1176357e+00   2.5568596e+00   2.4113407e+00   2.6584537e+00   2.5904402e+00   2.0135147e+00   1.8163857e+00   2.3818379e+00   2.2517364e+00   1.1692862e+00   1.0587062e+00   1.1964566e+00   1.2667827e+00
   4.6582804e+00   3.8874405e+00   3.0129891e+00   3.5791279e+00   3.3208934e+00   2.8579172e+00   3.0984404e+00   2.3974301e+00   2.1622653e+00   2.2115917e+00   1.8932123e+00   1.7142282e+00   1.3514495e+00   1.3088983e+00   1.4016020e+00   1.4906703e+00
   4.4371445e+00   4.1318843e+00   3.6611550e+00   3.8343292e+00   3.4931599e+00   2.9894351e+00   2.9559355e+00   2.5166451e+00   2.0429183e+00   2.0447017e+00   1.7848618e+00   1.8027180e+00   1.9030338e+00   1.7229103e+00   1.5555672e+00   1.5117358e+00
   4.6752099e+00   4.6634675e+00   4.1176175e+00   3.7604857e+00   3.5419803e+00   3.0166186e+00   2.5686328e+00   2.6024714e+00   1.9364453e+00   2.1601501e+00   2.1991084e+00   2.0404598e+00   1.8632878e+00   1.7733824e+00   1.7375989e+00   1.4321545e+00
   4.5212298e+00   3.8027906e+00   3.1187763e+00   3.2788699e+00   3.0852392e+00   2.7959238e+00   2.5147062e+00   2.3941711e+00   1.8906243e+00   1.9023171e+00   2.2550511e+00   1.7712329e+00   1.4438746e+00   1.2819817e+00   1.6193895e+00   1.4401681e+00
   4.3392061e+00   3.2643792e+00   2.7323571e+00   3.0675780e+00   2.7724751e+00   2.3992984e+00   2.2807535e+00   2.6856831e+00   2.2065246e+00   2.0542556e+00   2.2245799e+00   1.7202090e+00   1.6867772e+00   1.5272478e+00   1.6841665e+00   1.6081923e+00
   4.3366154e+00   3.9779045e+00   3.5060917e+00   3.1178827e+00   2.5750272e+00   2.1922351e+00   2.7080723e+00   2.3558120e+00   2.3487100e+00   2.4240969e+00   2.3428558e+00   2.0330861e+00   2.0017373e+00   1.8958771e+00   1.5377189e+00   1.8989912e+00
   4.2799341e+00   3.3298763e+00   3.5506259e+00   3.6373201e+00   2.4031783e+00   2.3049730e+00   2.3169990e+00   2.6311890e+00   2.2802255e+00   2.3552384e+00   1.8019418e+00   1.8695269e+00   2.2354339e+00   2.4860404e+00   2.0474527e+00   2.1411811e+00
   4.0106848e+00   2.7146996e+00   2.4110318e+00   2.5716278e+00   2.4862654e+00   2.9160498e+00   2.3532463e+00   2.5473460e+00   2.3898197e+00   2.3988975e+00   2.2634652e+00   2.0120620e+00   2.4631483e+00   2.4500758e+00   2.0768779e+00   2.5212138e+00
   3.9745606e+00   3.3157515e+00   2.8245440e+00   2.7314626e+00   2.3325848e+00   2.6712072e+00   2.1933652e+00   2.3484424e+00   2.1051019e+00   1.7796613e+00   2.2508354e+00   2.1235285e+00   2.3980770e+00   2.5712793e+00   2.0695204e+00   2.4572402e+00
   4.3929746e+00   3.5382607e+00   2.9578365e+00   3.0950648e+00   2.5840280e+00   2.8548047e+00   2.0342461e+00   1.7241787e+00   1.8895964e+00   2.1452919e+00   1.9757980e+00   2.0838073e+00   2.7889668e+00   2.9367062e+00   2.1233625e+00   2.6477385e+00
   4.4074509e+00   3.8631909e+00   3.2815137e+00   3.1583819e+00   2.4407559e+00   2.8575214e+00   2.3931751e+00   1.9698769e+00   2.1146028e+00   2.1857529e+00   2.2400801e+00   2.0958686e+00   3.0606695e+00   3.1910216e+00   2.0276279e+00   2.6992764e+00
   5.1525002e+00   3.8274109e+00   2.5866622e+00   3.5070962e+00   2.7180658e+00   2.5692609e+00   2.0845767e+00   2.0175543e+00   1.5858980e+00   2.0925042e+00   2.0464047e+00   2.4021213e+00   2.5052745e+00   2.8109179e+00   2.2518618e+00   2.5843931e+00
   3.8065681e+00   3.3533384e+00   3.3354640e+00   3.2339899e+00   2.7593906e+00   2.3927611e+00   2.3683693e+00   2.6432041e+00   2.1760480e+00   1.9335422e+00   2.0402186e+00   1.9573624e+00   2.1772641e+00   2.5536916e+00   2.1358631e+00   2.3233520e+00
   3.4683901e+00   3.1807812e+00   2.5877764e+00   2.7072393e+00   2.5120235e+00   2.1760907e+00   2.5447716e+00   2.2854684e+00   1.9728672e+00   2.0298618e+00   2.5788499e+00   2.0913582e+00   1.9264877e+00   2.5422181e+00   1.9921270e+00   2.0842218e+00
   4.6478938e+00   3.9908414e+00   2.9899319e+00   2.4368100e+00   2.5331391e+00   2.5596786e+00   2.2116256e+00   2.3422995e+00   1.9129708e+00   1.7041977e+00   2.4510348e+00   2.1631933e+00   2.3345962e+00   2.5189513e+00   1.9226375e+00   1.7575423e+00
   4.6311573e+00   3.5993441e+00   3.0790531e+00   2.7235817e+00   2.9785741e+00   2.6734025e+00   2.5967117e+00   2.2310520e+00   1.8177310e+00   1.9557087e+00   2.4822936e+00   2.3098122e+00   2.5041251e+00   2.6929874e+00   1.7611579e+00   1.6379975e+00
   4.3670800e+00   3.5122249e+00   3.0660508e+00   3.2890800e+00   3.1925221e+00   2.6249388e+00   2.4317520e+00   1.8124884e+00   1.8149783e+00   1.9214965e+00   2.4513220e+00   2.5052757e+00   2.7870125e+00   3.0115548e+00   2.2033534e+00   1.9038161e+00
   4.7697221e+00   4.0770219e+00   3.0996072e+00   3.4726740e+00   2.6337741e+00   2.0254061e+00   2.4935498e+00   2.0265244e+00   1.8842114e+00   2.3826145e+00   2.3720790e+00   2.6572491e+00   2.6211869e+00   3.0349684e+00   2.4555102e+00   1.8683732e+00
   4.9127646e+00   3.1896591e+00   2.4985070e+00   2.9263561e+00   2.7836118e+00   2.5813497e+00   2.3517954e+00   2.1710902e+00   2.0441821e+00   1.9376833e+00   2.3489681e+00   2.7374826e+00   2.5196678e+00   2.9651389e+00   2.6834193e+00   1.9787776e+00
   4.9427939e+00   3.7199737e+00   2.8671273e+00   2.8918356e+00   2.6027213e+00   2.5882729e+00   2.0270648e+00   2.2709485e+00   2.2183073e+00   1.9409262e+00   2.2928395e+00   2.7644011e+00   2.5931882e+00   2.8025255e+00   2.5146282e+00   1.6620116e+00
   4.4375597e+00   3.0741462e+00   2.7594480e+00   2.6082218e+00   1.7510340e+00   1.8999081e+00   1.9393674e+00   1.8282200e+00   1.8223801e+00   1.9747761e+00   2.3325990e+00   2.8328777e+00   2.5879321e+00   2.6629782e+00   2.4351536e+00   1.6817678e+00
   3.8941111e+00   3.4876685e+00   3.1911292e+00   2.9490371e+00   2.4628732e+00   2.5412380e+00   2.2410235e+00   2.1710288e+00   2.0287760e+00   1.9923985e+00   2.5501199e+00   2.9790720e+00   2.5098260e+00   2.5668029e+00   2.4876151e+00   1.7322637e+00
   3.8427000e+00   3.1294817e+00   2.6867042e+00   2.7944432e+00   2.3076041e+00   2.4433330e+00   2.8518778e+00   2.7359135e+00   1.9207384e+00   2.2377309e+00   2.7713735e+00   3.0473490e+00   2.3553990e+00   2.5248006e+00   2.7985208e+00   1.9635485e+00
   4.4259934e+00   3.8856232e+00   3.2045399e+00   3.3610639e+00   2.8428287e+00   2.4584426e+00   2.4100738e+00   2.4199595e+00   2.0273066e+00   2.6337842e+00   3.0650409e+00   3.2902445e+00   2.6426424e+00   2.5429783e+00   2.8274207e+00   1.9750235e+00
   4.8130901e+00   3.9220310e+00   3.1773894e+00   3.1731723e+00   2.5477577e+00   2.0437230e+00   2.3146137e+00   2.4262258e+00   1.6903842e+00   2.3399253e+00   2.7908239e+00   2.9562390e+00   2.5056992e+00   2.4092806e+00   2.6452633e+00   2.0099851e+00
   4.5126861e+00   3.6995761e+00   2.7955439e+00   2.5800682e+00   2.4661675e+00   2.1390734e+00   2.3641564e+00   2.1793030e+00   1.8135283e+00   2.0937301e+00   2.6027448e+00   2.8121550e+00   2.6285065e+00   2.5601577e+00   2.6719224e+00   1.7548119e+00
   4.0265812e+00   3.8777940e+00   3.1563813e+00   3.1911728e+00   2.8713473e+00   2.3383871e+00   2.3174674e+00   1.9759241e+00   1.8085177e+00   2.0496547e+00   2.2442462e+00   2.8750043e+00   2.7676448e+00   2.4830398e+00   2.7834394e+00   1.8953025e+00
   3.7987602e+00   4.2053257e+00   3.5099766e+00   3.1159478e+00   2.5098470e+00   2.4320741e+00   2.9085612e+00   2.6919052e+00   2.1858912e+00   2.0770887e+00   2.5853976e+00   3.2291394e+00   2.3176245e+00   2.2878969e+00   2.6286495e+00   1.7847525e+00
   3.9123632e+00   3.1828534e+00   3.0822416e+00   3.1363518e+00   2.2372805e+00   2.7251014e+00   2.6645796e+00   1.9095318e+00   2.0917307e+00   2.1395043e+00   2.6575084e+00   3.2439204e+00   2.3622689e+00   2.5005705e+00   2.5677424e+00   1.8305540e+00
   4.1035944e+00   3.1586746e+00   2.3701809e+00   2.5975306e+00   2.5781414e+00   2.4317878e+00   2.2642776e+00   2.2100142e+00   1.7773905e+00   1.6573807e+00   2.4601820e+00   2.6795695e+00   2.4258709e+00   2.3488009e+00   2.5931130e+00   1.6974755e+00
   4.6825064e+00   4.4802406e+00   3.1372853e+00   3.4267273e+00   2.8935651e+00   2.6204996e+00   2.3318679e+00   2.0835132e+00   2.0689460e+00   2.0039020e+00   2.4705717e+00   2.7854185e+00   2.3211493e+00   1.9912064e+00   2.2501942e+00   1.7774833e+00
   3.6969982e+00   4.1073694e+00   3.3389160e+00   3.0232294e+00   2.5255351e+00   2.0128745e+00   2.0526114e+00   2.4349644e+00   2.1244244e+00   2.0613857e+00   2.3934169e+00   2.8217163e+00   2.0525135e+00   2.0099441e+00   2.3447158e+00   1.8302714e+00
   4.0563594e+00   3.8674669e+00   3.0049416e+00   2.8579589e+00   2.4948875e+00   2.1894102e+00   2.3330457e+00   2.2886025e+00   2.1340766e+00   1.8828840e+00   2.4781178e+00   2.4926967e+00   2.2159904e+00   2.0632166e+00   2.1655282e+00   1.6479135e+00
   4.6162481e+00   4.1929216e+00   3.0405779e+00   1.8954854e+00   1.8059750e+00   2.1637847e+00   2.3091908e+00   1.8368869e+00   1.7757145e+00   1.9129510e+00   2.0473675e+00   2.4370116e+00   2.0073995e+00   1.9437812e+00   2.0323929e+00   1.5568059e+00
   4.3120844e+00   4.1282604e+00   2.6184424e+00   2.2992069e+00   2.0009770e+00   2.2555987e+00   2.6077794e+00   2.5033722e+00   1.9827996e+00   2.1510307e+00   2.5803410e+00   2.5740695e+00   1.8452619e+00   1.7767889e+00   1.7624561e+00   1.6665851e+00
   4.3338513e+00   4.2136212e+00   3.3245288e+00   2.8071274e+00   2.5290834e+00   2.8181340e+00   2.5982509e+00   2.1817794e+00   2.0420509e+00   1.9870466e+00   2.4791651e+00   2.3014650e+00   1.6011537e+00   1.6071853e+00   1.7970329e+00   1.5658679e+00
   4.4264203e+00   4.0750617e+00   3.2113230e+00   2.6350386e+00   2.2276444e+00   2.5364899e+00   2.3379302e+00   1.9347539e+00   1.6910813e+00   2.0949843e+00   2.2658788e+00   2.1004404e+00   1.9967754e+00   1.9539009e+00   1.6875252e+00   1.5496450e+00
   4.8586951e+00   3.5801827e+00   2.9127411e+00   3.0583629e+00   2.5828017e+00   2.2179692e+00   2.2882187e+00   2.7291524e+00   1.9543447e+00   1.8047163e+00   2.6673015e+00   2.6859831e+00   1.7824801e+00   1.6643190e+00   1.6957271e+00   1.5380835e+00
   4.8414123e+00   3.6930172e+00   3.2972421e+00   3.2198044e+00   2.9835066e+00   2.5477337e+00   2.2591955e+00   2.4725819e+00   2.1961365e+00   2.1571345e+00   2.4302149e+00   2.3114990e+00   1.6476178e+00   1.7737530e+00   1.7068476e+00   1.3879637e+00
   4.5311350e+00   3.3693788e+00   3.0599303e+00   2.9819016e+00   2.4493839e+00   2.3225703e+00   2.5039311e+00   2.3676475e+00   1.8526494e+00   1.7363181e+00   2.2680834e+00   2.2674769e+00   1.7940556e+00   1.7683732e+00   1.8048375e+00   1.6070466e+00
   4.8198703e+00   3.6277337e+00   2.7643841e+00   2.7300592e+00   2.6048039e+00   2.2606634e+00   2.2430968e+00   1.9904893e+00   1.7917423e+00   2.2310135e+00   2.5320831e+00   2.3443962e+00   1.7016314e+00   1.7418840e+00   1.4236353e+00   1.3462445e+00
   4.3566595e+00   3.0539014e+00   3.0271321e+00   3.1627598e+00   2.6328493e+00   2.4286099e+00   2.4823379e+00   2.2544779e+00   2.0679229e+00   2.3423725e+00   2.1058120e+00   2.0384499e+00   1.9627613e+00   1.5352874e+00   1.5303148e+00   1.2141584e+00
   4.6993911e+00   2.9834890e+00   3.0824553e+00   2.7116499e+00   2.0081516e+00   2.9152316e+00   2.6266926e+00   2.2978641e+00   1.9420382e+00   1.6916167e+00   1.9371196e+00   1.7221267e+00   1.2755556e+00   1.3652095e+00   1.2021894e+00   1.4291772e+00
   4.5245660e+00   3.2970939e+00   2.6633240e+00   2.5195689e+00   2.4024449e+00   2.5814431e+00   2.5542859e+00   1.9708664e+00   1.7270184e+00   1.6835658e+00   1.7783532e+00   1.6324159e+00   1.1994813e+00   1.2922929e+00   1.4166483e+00   1.4607262e+00
   4.4678733e+00   3.3972281e+00   2.7770231e+00   2.8455552e+00   2.6371627e+00   2.4379508e+00   2.8099121e+00   2.1944155e+00   1.5865799e+00   1.6960305e+00   2.0439736e+00   1.7123524e+00   1.4606419e+00   1.5543331e+00   1.6997123e+00   1.5746325e+00
   3.9521569e+00   3.6975826e+00   3.1162077e+00   2.6473932e+00   2.5621501e+00   2.3698146e+00   2.6274290e+00   2.3467817e+00   2.0705751e+00   2.4851740e+00   2.2055027e+00   2.1912966e+00   1.4705816e+00   1.4720443e+00   1.5584938e+00   1.3913333e+00
   4.4935938e+00   2.6565902e+00   2.2487578e+00   2.2202369e+00   2.2070928e+00   2.4877668e+00   2.3849069e+00   2.5538858e+00   2.0926532e+00   1.9669311e+00   2.1539488e+00   1.8081651e+00   1.3257187e+00   1.1671884e+00   1.1122016e+00   1.1367896e+00
   4.4533152e+00   3.0294757e+00   2.2137219e+00   2.7284084e+00   2.5564130e+00   1.8089214e+00   2.6607312e+00   2.3574235e+00   1.7206834e+00   1.6065891e+00   1.9333814e+00   1.7650811e+00   1.5464526e+00   1.1888828e+00   1.2151352e+00   1.2815725e+00
   4.5177783e+00   3.3872268e+00   2.4504688e+00   3.0063059e+00   2.1099272e+00   2.5222919e+00   2.3061267e+00   2.0675396e+00   1.8937909e+00   1.8402240e+00   2.0324024e+00   2.1642018e+00   1.2460942e+00   1.4427162e+00   1.4787697e+00   1.1745240e+00
   4.2256624e+00   3.2984642e+00   3.0158172e+00   2.7763685e+00   2.5261281e+00   2.6342220e+00   2.4172617e+00   2.5278086e+00   1.9469240e+00   1.8500118e+00   2.0845887e+00   1.5830625e+00   1.1975121e+00   1.2665299e+00   1.4544434e+00   1.1809280e+00
   3.8137887e+00   2.9776314e+00   2.4206282e+00   2.4126603e+00   2.3779210e+00   2.5477432e+00   2.0457061e+00   2.2661648e+00   2.0367649e+00   2.1746151e+00   2.0470859e+00   1.8348628e+00   1.3297303e+00   1.2030491e+00   1.4705621e+00   1.3943949e+00
   4.3820652e+00   3.4557478e+00   2.8177897e+00   2.8978074e+00   2.6018961e+00   2.4278843e+00   2.0868773e+00   1.9697984e+00   2.0950405e+00   1.9518850e+00   1.7779899e+00   1.6337592e+00   1.2856198e+00   1.1140234e+00   1.1452077e+00   1.3237414e+00
   4.1517982e+00   3.5795065e+00   2.6473987e+00   2.6642976e+00   2.8009045e+00   2.0377411e+00   2.2725702e+00   2.5721206e+00   2.2715776e+00   2.1732294e+00   1.9858572e+00   1.8833362e+00   1.4606551e+00   1.5254926e+00   1.2236892e+00   1.3120150e+00
   4.0495684e+00   2.9267920e+00   2.8802602e+00   2.9731331e+00   2.5576618e+00   2.2123612e+00   2.1999082e+00   2.4332761e+00   2.1130886e+00   1.8779797e+00   1.8933531e+00   1.7702844e+00   1.3225554e+00   1.3615697e+00   1.2782204e+00   1.1024922e+00
   3.8768660e+00   3.1245370e+00   2.6442979e+00   3.1437785e+00   2.3285796e+00   1.8170689e+00   1.8804910e+00   2.5917101e+00   1.9613596e+00   1.7373463e+00   1.8947816e+00   1.6781195e+00   1.0526329e+00   1.2906223e+00   1.2361006e+00   9.7636969e-01
