   1.8164838e+00   8.0856177e-01   4.1159414e-01   4.3337154e-01  -4.0944944e-01  -1.1390837e+00  -1.6856073e+00  -1.2128709e+00  -1.2353283e+00  -1.3954480e+00  -1.2429122e+00  -1.8052860e+00  -1.4946236e+00  -1.6765165e+00  -1.8310805e+00  -1.5284311e+00
   2.1124560e+00   1.0168127e+00   7.2763548e-02   5.9413280e-02  -4.8076336e-01  -8.9600042e-01  -1.4565089e+00  -1.2082133e+00  -1.1469060e+00  -1.3240243e+00  -1.1210069e+00  -1.7619101e+00  -1.4813743e+00  -1.5262638e+00  -1.7284184e+00  -1.5204065e+00
   1.9557052e+00   8.2190577e-01   1.6172993e-01  -2.1720986e-01  -5.9672621e-01  -9.2294405e-01  -1.6757211e+00  -1.0647078e+00  -1.0551771e+00  -1.2736931e+00  -1.3536508e+00  -1.9628026e+00  -1.6350112e+00  -1.5431462e+00  -1.8137737e+00  -1.5610523e+00
   1.8450385e+00   6.9175395e-01   7.0779763e-01   1.6785973e-01  -8.2495644e-01  -1.0171173e+00  -1.4040388e+00  -1.2463434e+00  -1.2254506e+00  -1.3457025e+00  -1.3859595e+00  -1.8640659e+00  -1.6001170e+00  -1.2860459e+00  -1.6535959e+00  -1.5152168e+00
   1.9307616e+00   1.0480111e+00   6.0118236e-01   2.6266548e-01  -2.4649675e-01  -1.4191452e+00  -1.7264122e+00  -1.2981823e+00  -1.4220530e+00  -1.3337864e+00  -1.2924921e+00  -2.0020069e+00  -2.0754718e+00  -1.6175069e+00  -1.6060741e+00  -1.4877344e+00
   1.3952453e+00   1.0035268e+00   3.9590852e-01   3.6622246e-01  -4.7053315e-01  -1.3825664e+00  -1.7892665e+00  -1.0130156e+00  -1.0657893e+00  -1.4411961e+00  -1.0727166e+00  -1.8857253e+00  -1.7102173e+00  -1.6332787e+00  -1.7668597e+00  -1.6889752e+00
   1.5031478e+00   6.3171385e-01   3.4391452e-01   2.7729630e-01  -1.7429225e-01  -1.2092973e+00  -1.4033437e+00  -1.7718090e+00  -1.1459213e+00  -1.1543173e+00  -1.0010864e+00  -1.8878499e+00  -1.7526184e+00  -1.3323671e+00  -1.8971441e+00  -1.4107186e+00
   1.4897887e+00   8.5286411e-01   5.3476853e-01   4.3386199e-01   8.2315312e-02  -9.8434819e-01  -1.4463202e+00  -1.2537624e+00  -7.6558823e-01  -9.7702626e-01  -9.5882404e-01  -1.9431906e+00  -1.7555640e+00  -1.5023722e+00  -1.5027164e+00  -1.2481250e+00
   2.0102490e+00   1.2361116e+00   3.6620859e-01   7.7238247e-01   1.0443889e-02  -6.7498544e-01  -1.3079665e+00  -1.5468882e+00  -1.2936202e+00  -1.0438690e+00  -9.6923465e-01  -1.7714817e+00  -1.3966831e+00  -1.5188137e+00  -1.5936675e+00  -1.3428412e+00
   2.0223558e+00   1.0326146e+00   7.1734568e-01   4.4599890e-01  -1.4462699e-02  -1.0330920e+00  -1.6148365e+00  -1.4141399e+00  -1.2649516e+00  -1.4240259e+00  -1.0004445e+00  -1.9580558e+00  -1.7746724e+00  -1.5378972e+00  -1.5655396e+00  -1.4731506e+00
   1.8148865e+00   8.6572370e-01   4.4975898e-01   4.7269397e-01  -3.1283944e-01  -9.9239689e-01  -1.2625655e+00  -1.1868815e+00  -1.3951250e+00  -1.5964598e+00  -1.1561243e+00  -1.8417471e+00  -1.8512578e+00  -1.3827999e+00  -1.5335127e+00  -1.2987201e+00
   1.9252519e+00   9.0057982e-01   3.5574063e-01   4.4784221e-01  -4.3703045e-01  -1.0609325e+00  -1.3146243e+00  -1.3592493e+00  -1.2012315e+00  -1.2935654e+00  -1.2190283e+00  -1.6464331e+00  -1.4173954e+00  -1.4646236e+00  -1.5161682e+00  -1.2188565e+00
   1.8875639e+00   1.3918209e+00   1.3890241e-01   7.9134570e-01   2.4925733e-01  -7.4910626e-01  -1.4820928e+00  -1.4550815e+00  -1.3638675e+00  -1.1986955e+00  -9.2314258e-01  -1.8673280e+00  -1.4486647e+00  -1.6187404e+00  -1.5018826e+00  -1.4083500e+00
   1.6464286e+00   1.2535929e+00   5.7501358e-01   6.0203562e-01  -4.4867925e-02  -1.0853100e+00  -1.3890225e+00  -1.0664191e+00  -8.8375873e-01  -1.3522543e+00  -1.2120849e+00  -1.9540620e+00  -1.6412454e+00  -1.5513923e+00  -1.4758828e+00  -1.4201411e+00
   1.0377340e+00   1.1407367e-01   1.2971736e-01   6.7472066e-01   1.3648027e-01  -9.8551809e-01  -1.7714085e+00  -1.2707613e+00  -9.4082028e-01  -1.0382397e+00  -1.1492557e+00  -1.6107907e+00  -1.3788543e+00  -1.5819844e+00  -1.6570541e+00  -1.4667424e+00
   1.3411818e+00   3.6532275e-01   2.2129613e-01   5.1766108e-01  -8.4104436e-02  -7.9935805e-01  -1.4322106e+00  -1.0592310e+00  -1.1470562e+00  -1.3827066e+00  -1.3682901e+00  -1.7934974e+00  -1.5773005e+00  -1.6084699e+00  -1.8759960e+00  -1.7211734e+00
   1.4647564e+00   7.3297775e-01  -6.3320330e-02   4.7669098e-01  -3.1559369e-01  -9.0148989e-01  -1.4566662e+00  -1.3217953e+00  -1.3323333e+00  -1.3279918e+00  -1.0608260e+00  -1.7469341e+00  -1.4383678e+00  -1.5674263e+00  -1.5663815e+00  -1.3329329e+00
   2.0703962e+00   7.2450610e-01   4.3715842e-01  -9.1539666e-02  -6.3406362e-01  -1.5318236e+00  -1.7645197e+00  -1.3977148e+00  -1.3693209e+00  -1.2601824e+00  -1.0071489e+00  -1.4532398e+00  -1.3076818e+00  -1.0733001e+00  -1.3750716e+00  -1.3958280e+00
   1.7694788e+00   3.6308019e-01  -3.4341076e-01   1.1193256e-01  -3.9607068e-01  -1.2071339e+00  -1.3680061e+00  -1.2134280e+00  -1.1827558e+00  -1.0073988e+00  -9.0439736e-01  -1.6319180e+00  -1.2850115e+00  -1.2574522e+00  -1.4594950e+00  -1.3264545e+00
   1.7636237e+00   7.0338652e-01   1.8120230e-01  -2.1243619e-01  -4.1347953e-01  -9.9445123e-01  -1.4336659e+00  -1.2289304e+00  -1.0274271e+00  -1.1402313e+00  -1.0980313e+00  -1.7842947e+00  -1.6619659e+00  -1.6030775e+00  -1.6056761e+00  -1.3133426e+00
   1.9458677e+00   6.5814135e-01   4.4649815e-01   4.1717454e-01  -2.3995746e-01  -4.0837872e-01  -1.0771656e+00  -1.2454264e+00  -1.1599623e+00  -1.1832253e+00  -9.3208911e-01  -1.5812561e+00  -1.4947099e+00  -1.6574355e+00  -1.5575703e+00  -1.3726999e+00
   1.8784767e+00   1.0127745e+00   2.8438909e-01   4.4815136e-01  -5.7119295e-01  -8.5682021e-01  -1.3207718e+00  -1.0660131e+00  -1.0379370e+00  -1.1636268e+00  -1.0738830e+00  -2.0078239e+00  -1.6749148e+00  -1.4765310e+00  -1.7843680e+00  -1.5740463e+00
   1.3469730e+00   1.0410396e+00   8.2269276e-01   2.2693194e-01   3.0921565e-02  -7.2348563e-01  -1.5774178e+00  -1.1912475e+00  -1.3859810e+00  -1.5342076e+00  -1.1983910e+00  -1.9931404e+00  -1.7746417e+00  -1.6299664e+00  -1.7220942e+00  -1.5652478e+00
   1.6747505e+00   2.4786892e-01   1.3452334e-01  -4.0912510e-01  -8.6711598e-01  -8.0175679e-01  -1.1887213e+00  -8.9402535e-01  -9.7879406e-01  -1.7645019e+00  -1.2348731e+00  -2.1136722e+00  -1.7250474e+00  -1.5590708e+00  -1.4544431e+00  -1.2596638e+00
   1.5224903e+00   6.0109290e-01   2.3940688e-01   6.7525716e-01   9.6840186e-02  -8.7118112e-01  -1.4950116e+00  -1.0692609e+00  -8.5983326e-01  -9.5590470e-01  -1.2960432e+00  -2.0405900e+00  -1.9377107e+00  -1.5735209e+00  -1.4913579e+00  -1.3137392e+00
   2.0281474e+00   8.8998026e-01   6.8596855e-01   6.8864913e-01   3.3005604e-01  -8.5191989e-01  -1.4578017e+00  -9.1851950e-01  -9.9456115e-01  -1.1345229e+00  -1.2213434e+00  -1.8345776e+00  -1.4385184e+00  -1.4515893e+00  -1.6281470e+00  -1.4393333e+00
   2.0561115e+00  -4.4492515e-02   1.8952969e-01   6.0111209e-01  -2.1770249e-03  -9.0766660e-01  -1.4096536e+00  -1.4297815e+00  -1.1484520e+00  -1.2484985e+00  -1.2580988e+00  -2.1170295e+00  -1.4886699e+00  -1.5527070e+00  -1.6687262e+00  -1.5201464e+00
   1.9232737e+00  -8.7790146e-03   4.0241083e-01   2.8621196e-01  -5.0276698e-01  -7.5660333e-01  -9.6260768e-01  -1.2167907e+00  -9.5695919e-01  -1.3803978e+00  -1.0114157e+00  -1.6330945e+00  -1.4222524e+00  -1.5312903e+00  -1.5335940e+00  -1.4690080e+00
   2.1233587e+00   9.6165098e-01   1.9911401e-01   6.8459442e-01   1.9507117e-02  -9.6048494e-01  -1.3628181e+00  -1.1010642e+00  -1.1693937e+00  -1.3235540e+00  -1.0188005e+00  -1.8966279e+00  -1.4947196e+00  -1.4488953e+00  -1.7172651e+00  -1.5378720e+00
   1.7696749e+00   5.8769004e-01   9.7349837e-02  -6.2850536e-01  -1.0074280e+00  -1.3320833e+00  -1.7353552e+00  -1.1891848e+00  -1.2002297e+00  -1.4491215e+00  -1.1812824e+00  -1.7333677e+00  -1.3495414e+00  -1.2353357e+00  -1.4454077e+00  -1.2037868e+00
   1.4157645e+00   1.2858931e+00   7.6523808e-01   1.4256524e-01   1.1998390e-01  -1.1076982e+00  -1.3538304e+00  -1.0408994e+00  -8.1644845e-01  -1.1353596e+00  -1.1535663e+00  -2.0514599e+00  -1.5585583e+00  -1.6328561e+00  -1.8776190e+00  -1.4711427e+00
   1.4418597e+00   4.6127397e-01   7.4860344e-01   1.2245149e+00   1.7058094e+00   2.1684751e+00   1.6789867e+00   1.6654326e+00   2.5000768e+00   2.7663774e+00   1.3647094e+00   1.5229136e+00   2.0563589e+00   1.6035230e+00   6.6687465e-01   9.8019577e-01
   1.6078872e+00   1.3042863e+00   8.7119563e-01   1.3179833e+00   1.4310950e+00   1.9848924e+00   1.9409506e+00   1.3893168e+00   2.1201324e+00   2.5087830e+00   1.2033798e+00   1.0707335e+00   1.6605218e+00   1.1664934e+00   2.8026323e-01   5.7992930e-01
   1.8265991e+00   1.9000654e+00   1.2249546e+00   1.1798081e+00   1.8673287e+00   2.3003969e+00   2.2559565e+00   2.0798897e+00   2.4851131e+00   2.5983543e+00   1.3425198e+00   1.2599800e+00   1.7756565e+00   1.0985661e+00   3.1178849e-01   3.9864557e-01
   2.5336152e+00   1.8304241e+00   1.3171491e+00   1.5434381e+00   2.1876105e+00   2.8039974e+00   2.5990504e+00   2.3910254e+00   2.7434509e+00   2.7527159e+00   1.6963264e+00   1.5034128e+00   2.0972501e+00   1.6586464e+00   6.7674892e-01   8.7312749e-01
   2.5325264e+00   1.7199898e+00   1.4479531e+00   1.6147330e+00   2.2135013e+00   2.7331200e+00   2.6197647e+00   2.3836357e+00   2.6834186e+00   2.6880070e+00   1.5113957e+00   1.4807311e+00   1.9753610e+00   1.2717457e+00   2.0673396e-01   5.4256996e-01
   2.1633603e+00   1.9548024e+00   1.3786503e+00   1.9752195e+00   2.3005827e+00   2.8028276e+00   2.6117489e+00   2.4577422e+00   2.7235263e+00   2.6245601e+00   1.5425046e+00   1.4215680e+00   1.6863115e+00   1.0851727e+00   3.0513451e-01   4.6757380e-01
   2.3431919e+00   2.3026864e+00   1.3607557e+00   1.9349603e+00   2.1294382e+00   2.7928388e+00   2.6481438e+00   2.0770111e+00   2.1986331e+00   2.4667388e+00   1.6494569e+00   1.5886562e+00   1.8557832e+00   1.1239123e+00   3.2419312e-01   5.0464886e-01
   2.0826588e+00   2.3211527e+00   1.4178049e+00   1.7202439e+00   2.0350602e+00   2.4936164e+00   2.5421000e+00   2.0991604e+00   2.1915820e+00   2.3248570e+00   1.5722922e+00   1.4866931e+00   1.8303999e+00   1.1612228e+00   4.3991102e-01   3.6297549e-01
   1.8865784e+00   2.2795314e+00   1.3915785e+00   1.6791081e+00   2.0490325e+00   2.5483613e+00   2.4492715e+00   2.0829853e+00   2.2055966e+00   2.4317872e+00   1.6237732e+00   1.6709248e+00   1.8959866e+00   1.0848382e+00   2.7548054e-01   8.2272192e-02
   2.1949490e+00   2.6511248e+00   1.7114792e+00   1.9108483e+00   2.0715974e+00   2.5203184e+00   2.4451089e+00   1.9764531e+00   2.1371090e+00   2.4519718e+00   1.6570664e+00   1.6267547e+00   1.6791267e+00   9.4734124e-01   2.9765486e-01   2.6579444e-01
   1.8616533e+00   2.2193073e+00   1.4326710e+00   1.8419210e+00   1.9986902e+00   2.6105765e+00   2.5313926e+00   1.9195772e+00   2.1085859e+00   2.3828005e+00   1.5860640e+00   1.7031485e+00   1.7162977e+00   6.8516093e-01   1.3570531e-01   2.7536866e-01
   2.2329590e+00   2.2989074e+00   1.2420451e+00   1.6570888e+00   1.9431588e+00   2.6259430e+00   2.4151786e+00   1.9609081e+00   2.3009545e+00   2.6049356e+00   1.6843547e+00   1.7822287e+00   1.6838494e+00   6.4598505e-01   6.2750085e-02   3.0160159e-01
   2.2805345e+00   2.2001131e+00   1.2172721e+00   1.6029906e+00   1.8379875e+00   2.5501815e+00   2.3356690e+00   1.7983431e+00   2.1474600e+00   2.5773107e+00   1.5168189e+00   1.6310529e+00   1.5926068e+00   2.9819439e-01  -2.5750470e-01   3.2708686e-01
   2.0974625e+00   2.3143889e+00   1.2699356e+00   1.7963753e+00   1.9795742e+00   2.6411877e+00   2.3109162e+00   1.7610556e+00   2.1136081e+00   2.4898419e+00   1.1983060e+00   1.4589310e+00   1.4526079e+00   2.2084123e-01  -2.9212342e-01   2.7748236e-01
   2.1669734e+00   2.3953921e+00   1.3849020e+00   1.8357063e+00   2.0788190e+00   2.8333631e+00   2.3433982e+00   1.8113018e+00   2.1656864e+00   2.4519863e+00   1.3843753e+00   1.5928117e+00   1.5255742e+00   3.7128089e-01  -1.8574894e-01   2.7738311e-01
   1.8013595e+00   2.0822154e+00   1.1896239e+00   1.8471920e+00   2.0251200e+00   2.9445417e+00   2.5435945e+00   2.0442545e+00   2.2034610e+00   2.1793969e+00   1.1644756e+00   1.4087766e+00   1.4857922e+00   4.4414211e-01  -2.6236867e-01   1.3728270e-01
   1.6482297e+00   2.0332182e+00   1.1361621e+00   1.8842691e+00   2.0633049e+00   2.9035500e+00   2.4976755e+00   1.9632850e+00   2.1303543e+00   1.9788032e+00   8.4590754e-01   1.3508054e+00   1.3504816e+00  -4.6012123e-02  -4.1569470e-01  -1.5006179e-02
   2.2483259e+00   2.0574044e+00   5.9153792e-01   1.8930901e+00   2.2674034e+00   2.7070232e+00   2.1580575e+00   2.0168131e+00   2.3560695e+00   2.1010423e+00   7.6374128e-01   1.3426703e+00   1.2477892e+00   8.0517205e-02  -3.7942727e-01   2.5610797e-03
   2.1075568e+00   1.8121796e+00   1.0377538e+00   1.7634289e+00   2.3533018e+00   2.4308238e+00   1.9079202e+00   1.7596110e+00   1.9394014e+00   1.7990187e+00   3.3853994e-01   1.1962181e+00   1.2505192e+00   2.0670189e-01  -5.8797043e-01  -1.2396577e-01
   2.1632806e+00   1.7070040e+00   1.1442896e+00   1.7269787e+00   2.2192625e+00   2.3959102e+00   1.4828869e+00   1.5137249e+00   1.8398868e+00   1.7292252e+00   9.6291657e-02   6.9929120e-01   8.9405647e-01   1.0039679e-01  -6.1271020e-01  -4.3416678e-01
   2.0384983e+00   1.7950587e+00   9.2458312e-01   1.2278464e+00   2.1878760e+00   2.1722619e+00   1.2593824e+00   1.1384724e+00   1.6245290e+00   1.6012095e+00   1.5028373e-01   6.7020895e-02   4.0607447e-01  -3.8217725e-01  -5.4267978e-01  -2.0416439e-01
   2.3851455e+00   2.2684684e+00   1.3905078e+00   1.2795555e+00   2.4026649e+00   2.0950697e+00   1.4006054e+00   1.3416038e+00   1.9285666e+00   1.8801903e+00   4.8307849e-01   3.4442201e-01   4.6948093e-01  -2.4150153e-01  -5.0013016e-01   2.0507818e-01
   2.3060969e+00   2.0130581e+00   1.2505346e+00   1.5093966e+00   1.8135353e+00   1.3988738e+00   6.5193500e-01   4.8631156e-01   1.1160156e+00   1.2200103e+00   1.3739203e-01   3.6924697e-03   4.0024992e-01  -6.4308707e-01  -7.3703054e-01  -4.5431751e-01
   2.3999870e+00   2.2617026e+00   1.2738756e+00   1.1836671e+00   1.8025813e+00   1.3014253e+00   8.5525007e-01   8.8174130e-01   1.4625274e+00   1.4468835e+00  -1.2249461e-01  -2.7012920e-01   3.4301529e-01  -5.6638322e-01  -4.9883931e-01  -2.0368703e-01
   1.9269938e+00   2.2425747e+00   1.1860637e+00   1.3800192e+00   1.5088029e+00   8.6362017e-01   5.1892998e-01   5.9950031e-01   1.1140614e+00   1.1935919e+00  -2.9094634e-01   4.0964703e-02   2.8542235e-01  -9.5698565e-01  -6.3480057e-01  -1.8843703e-01
   1.7532636e+00   2.2355250e+00   1.1156761e+00   8.4263133e-01   1.1313155e+00   6.2552853e-01   1.9523406e-02   1.3182119e-01   7.8475825e-01   7.7095869e-01  -5.7719625e-01  -4.9180264e-01   8.9968043e-02  -9.7685673e-01  -6.0869504e-01  -2.8427700e-01
   1.7894817e+00   2.2727266e+00   1.1271029e+00   7.4735048e-01   4.9627351e-01  -3.9307344e-02  -4.5960404e-01  -4.1326505e-01  -4.1040605e-01  -3.9303442e-02  -5.1442576e-01  -4.7611383e-01  -5.4045059e-01  -9.7784763e-01  -7.4618418e-01  -3.3000854e-01
   1.8883828e+00   2.1117055e+00   1.0029658e+00   1.5753680e-02  -1.7772795e-01  -2.9516591e-01  -7.3465783e-01  -8.4096938e-01  -3.0717068e-01  -3.7629619e-01  -7.8555164e-01  -8.0596815e-01  -3.0165766e-01  -5.2194279e-01  -4.3428717e-01  -1.0901919e-01
   1.7922851e+00   1.3557067e+00   6.0013411e-01   2.2513756e-01   2.0110835e-01  -4.5688601e-01  -3.8954907e-01  -2.2120388e-01  -2.8450608e-01   8.7549240e-02  -7.5033512e-01  -3.9451923e-01   1.3632493e-01  -3.4099525e-01  -1.1871091e-01   6.4634168e-01
   2.2642408e+00   8.1400528e-01   1.4747642e-01  -2.4101223e-01  -8.5434351e-03  -7.9030757e-01  -7.2641921e-01  -4.7262904e-01  -2.7839178e-01  -3.5269100e-02  -2.4413731e-01   8.4761144e-02   2.6513964e-01  -8.2976772e-02  -1.3402150e-01   7.6901881e-01
   1.8963472e+00   5.3768460e-01   1.7448685e-02   7.7514491e-01   2.6942573e-01  -7.4275424e-01  -1.0685390e+00  -6.7304818e-01  -3.3558453e-01  -9.2036520e-02  -4.4570045e-01  -1.8720645e-01  -6.7855736e-02   1.0364303e-01  -1.4679431e-01   6.0417549e-01
   2.2199522e+00   6.5235033e-01   1.5370578e-01   5.1237679e-01   2.1560092e-01  -1.0884885e+00  -1.3007197e+00  -9.0827549e-01  -7.5808586e-01  -8.7996456e-01  -6.4375863e-01  -5.6459967e-01  -1.4341086e-01   9.0529201e-02  -1.9465564e-01   7.4155596e-01
   2.0582962e+00   9.7962401e-01   2.0423819e-01   3.2315971e-01  -1.2872171e-01  -1.0585933e+00  -1.3823456e+00  -1.2502804e+00  -1.1118232e+00  -7.8846314e-01  -6.0865696e-01  -8.7776263e-01  -5.5216721e-01  -5.7165247e-01  -2.1984541e-01   7.0107930e-01
   1.6221270e+00   1.2210265e+00   5.5014448e-01  -1.1523218e-01  -5.2600256e-01  -1.0607039e+00  -1.7104156e+00  -1.2889848e+00  -6.2262015e-01  -8.5898232e-01  -6.7237927e-01  -7.3810511e-01  -3.6291911e-01  -6.4012816e-01  -4.8966640e-01   4.7288537e-01
   1.7570937e+00   6.4192482e-01  -2.9034668e-01   6.3132058e-01  -3.0018789e-02  -9.1592192e-01  -1.7121366e+00  -1.0383368e+00  -1.1340781e+00  -9.7899557e-01  -6.4003863e-01  -8.4899244e-01  -9.5674075e-01  -5.6715522e-01  -6.2118725e-01   3.6673522e-01
   1.3890043e+00   4.0343621e-01   5.3103431e-01   3.6468591e-01   2.5624016e-02  -8.2264047e-01  -1.3840271e+00  -1.1281031e+00  -8.3862683e-01  -9.8786417e-01  -7.3669166e-01  -7.5030999e-01  -4.4335799e-01  -4.1142862e-01  -6.2793767e-01   5.1774107e-01
   1.8532641e+00   1.0561632e+00   4.5179798e-01   1.0312048e-01   4.4440422e-02  -8.3975955e-01  -1.3403856e+00  -6.1906150e-01  -6.3523824e-01  -9.9457165e-01  -6.9146892e-01  -7.4908179e-01  -6.6700727e-01  -7.4057150e-01  -3.5701868e-01   7.3850923e-01
   2.0360415e+00   1.1975998e+00   7.4489458e-01   2.9493368e-01   9.6863052e-03  -7.2728014e-01  -1.7972928e+00  -9.2116520e-01  -8.1597322e-01  -1.0396329e+00  -9.3703327e-01  -7.4432253e-01  -5.9253337e-01  -5.5305398e-01  -6.0186934e-01   3.2493870e-01
   2.2025556e+00   1.0658513e+00   4.4837039e-01   5.8817927e-01  -2.6321875e-02  -8.7556093e-01  -1.5208758e+00  -1.2278710e+00  -6.3676017e-01  -1.0295997e+00  -9.5697806e-01  -9.7033963e-01  -1.0325851e+00  -7.2407723e-01  -5.5827513e-01   4.5223579e-01
   2.3764218e+00   9.5716300e-01   2.7728913e-01  -4.7978191e-01  -4.8104855e-01  -1.1269155e+00  -1.7496537e+00  -1.1727190e+00  -9.1845260e-01  -1.2972783e+00  -8.7498472e-01  -1.0013209e+00  -6.7292202e-01  -6.2057324e-01  -6.8207257e-01   5.8077647e-01
   2.2567372e+00   1.1164299e+00   9.9585349e-02   1.7959742e-01  -2.8803758e-01  -1.0073968e+00  -1.3729634e+00  -8.2922856e-01  -9.9764799e-01  -8.0229020e-01  -8.5350531e-01  -1.0513080e+00  -6.6765247e-01  -7.3942377e-01  -6.9392658e-01   2.2952538e-01
   2.3219066e+00   1.1309653e+00   2.4500584e-01  -1.0400810e-01  -2.9446544e-01  -7.7821305e-01  -1.2286798e+00  -1.0095642e+00  -7.3141537e-01  -7.4221025e-01  -8.9094654e-01  -7.5117626e-01  -8.3029102e-01  -6.2700703e-01  -7.3095066e-01   4.8699078e-01
   1.7866242e+00   1.2856803e+00   5.7017174e-01   2.6580814e-01  -2.6328133e-01  -7.3772108e-01  -1.3755291e+00  -1.2092125e+00  -8.4460694e-01  -5.9650196e-01  -7.1692521e-01  -1.0858648e+00  -6.6943906e-01  -6.8379075e-01  -7.7067333e-01   4.2894393e-01
   1.8347832e+00   9.0902979e-01   6.8889380e-01   2.4020434e-01  -2.7726560e-01  -1.2456806e+00  -1.2531942e+00  -7.8923217e-01  -7.5870446e-01  -9.6489115e-01  -8.6262247e-01  -7.6599504e-01  -8.1102185e-01  -6.8395039e-01  -7.6094918e-01   2.2380365e-01
   1.7594101e+00   4.7804074e-01  -3.9639318e-01   2.0437413e-02  -1.5720880e-01  -9.6677022e-01  -1.3823302e+00  -1.3956932e+00  -7.7607806e-01  -9.6476090e-01  -9.5353706e-01  -9.1640204e-01  -7.2615978e-01  -4.7613417e-01  -7.0991581e-01   3.5879292e-01
   1.8061552e+00   6.0134972e-01   1.5526388e-01   3.4227531e-01  -2.2860419e-01  -9.7832270e-01  -1.4793952e+00  -1.2618585e+00  -9.6929570e-01  -1.0812772e+00  -9.6876543e-01  -1.1418819e+00  -8.9396505e-01  -7.3533381e-01  -7.9012037e-01   1.6181987e-01
   2.1406307e+00   7.5308258e-01   3.9151364e-01   3.8407665e-01  -2.5862687e-01  -5.8227452e-01  -1.3518912e+00  -1.0886408e+00  -8.4137199e-01  -1.0712940e+00  -7.5037097e-01  -8.4892202e-01  -7.9946599e-01  -5.3166859e-01  -6.8431816e-01   1.9972174e-01
   1.8603013e+00   1.0502045e+00   6.6893869e-01   5.1346171e-01  -3.2063410e-01  -6.6327838e-01  -1.5892724e+00  -1.1871844e+00  -8.7713357e-01  -1.3943942e+00  -1.0990594e+00  -6.6542806e-01  -6.9465543e-01  -8.0182380e-01  -8.1627843e-01   1.6113876e-01
   2.1760546e+00   1.2431815e+00   6.4189675e-01   1.2852899e-02  -1.2625694e-01  -9.3497707e-01  -1.6019433e+00  -1.2918726e+00  -8.9928102e-01  -1.0053737e+00  -1.1500494e+00  -1.2470496e+00  -1.0422407e+00  -6.2429622e-01  -7.9222381e-01   2.2079853e-01
   1.9745948e+00   9.1544816e-01   4.7713672e-01   3.4151428e-01   6.5444619e-02  -8.4531792e-01  -1.4461844e+00  -1.2912642e+00  -9.4705836e-01  -9.3553777e-01  -1.3066455e+00  -1.2921631e+00  -1.0836875e+00  -8.8294110e-01  -7.1078244e-01   7.5182939e-02
   1.6291350e+00   6.6067116e-01   3.9720705e-01   1.8530062e-01  -4.4156965e-01  -8.1739440e-01  -1.2746841e+00  -1.2589936e+00  -8.8266264e-01  -9.9478822e-01  -1.0467575e+00  -1.4582489e+00  -1.4005147e+00  -1.2955581e+00  -8.6035614e-01  -1.7863890e-01
   1.8040845e+00   5.9453606e-01   2.6542970e-01  -8.2232329e-02  -5.3818973e-01  -9.2793956e-01  -1.2359098e+00  -1.1793570e+00  -1.0904783e+00  -1.1057760e+00  -7.8429102e-01  -1.4680421e+00  -1.2354362e+00  -1.4128634e+00  -9.2400990e-01  -2.7479538e-01
   1.9589553e+00   8.6470003e-01   5.5104945e-02  -1.4512272e-01  -4.7884712e-01  -8.5428707e-01  -1.1420232e+00  -9.1693768e-01  -1.1821334e+00  -7.7652669e-01  -6.9799406e-01  -1.2181753e+00  -1.1995359e+00  -1.1435055e+00  -6.6898911e-01  -4.3073419e-01
   2.0593647e+00   1.1445239e+00   2.3115945e-01   4.4881786e-01  -6.4674136e-01  -1.1435687e+00  -1.3741632e+00  -1.1197359e+00  -1.2593124e+00  -7.8254629e-01  -8.7280916e-01  -1.7703415e+00  -1.6496012e+00  -1.2181943e+00  -9.9864548e-01  -7.7434983e-01
   1.6322936e+00   1.1641679e+00   8.5473655e-01   4.7077707e-01  -1.1814370e+00  -1.5925253e+00  -1.3343268e+00  -1.1380539e+00  -8.2096782e-01  -7.9674224e-01  -1.0540224e+00  -1.6102596e+00  -1.4817765e+00  -1.5194522e+00  -1.2301089e+00  -1.1366024e+00
   2.1992543e+00   7.9306994e-01   3.6448359e-01   1.1376500e-01  -5.5790738e-01  -1.2545797e+00  -1.5956334e+00  -1.5680055e+00  -9.7592327e-01  -1.1484561e+00  -1.0465468e+00  -1.6794702e+00  -1.3782347e+00  -1.5203137e+00  -1.6004607e+00  -1.3628623e+00
