   3.1170158e+00   2.8808749e+00   2.2177653e+00   1.8074784e+00   9.5607458e-01   1.3857247e+00   7.5137514e-01   5.4816022e-01   3.7538626e-02   3.3540131e-01   9.8514256e-03  -5.0457121e-01  -8.6394480e-01  -1.1813644e+00  -1.3348983e+00  -1.3199666e+00
   3.0257251e+00   2.4468884e+00   2.1373154e+00   2.0636147e+00   1.2699831e+00   1.6041393e+00   1.0586106e+00   5.6708056e-01   9.1324786e-01   8.4811903e-01  -1.4937520e-01  -3.0208902e-01  -7.9374820e-01  -1.0475534e+00  -1.3620307e+00  -1.1726207e+00
   3.3807497e+00   2.4525327e+00   1.6927980e+00   1.5490369e+00   1.1958926e+00   9.5402728e-01   7.9498090e-01   8.6466640e-01   7.9896429e-01   7.5083844e-01  -5.0959599e-02  -4.4213351e-01  -5.9988735e-01  -9.8628452e-01  -1.1025298e+00  -1.0129969e+00
   2.8775661e+00   2.7578112e+00   2.1413733e+00   1.7910134e+00   1.3963672e+00   1.6923941e+00   1.1626901e+00   6.7196910e-01   1.2539368e-01   3.8786547e-01   1.1829996e-02  -4.2953417e-01  -8.9746971e-01  -8.6986952e-01  -9.5960243e-01  -1.1089549e+00
   2.7230458e+00   2.0685687e+00   1.5951667e+00   1.4566719e+00   1.2782649e+00   1.3923790e+00   1.3468291e+00   9.2152224e-01   4.9597217e-01   4.8018318e-01   4.1647150e-01  -3.0471851e-01  -7.4964831e-01  -9.6468902e-01  -8.9302119e-01  -1.2059742e+00
   3.1766505e+00   3.0702959e+00   1.5654721e+00   1.1482958e+00   1.1149906e+00   1.1341823e+00   1.4558316e+00   1.1280338e+00   4.8738537e-01   7.3259318e-01   5.2403811e-01  -4.2255557e-01  -5.4672818e-01  -7.1841514e-01  -8.0851417e-01  -8.8319222e-01
   3.4176315e+00   2.8990653e+00   1.8091355e+00   1.2966314e+00   1.6402791e+00   1.2997251e+00   1.1990731e+00   1.1075468e+00   4.2216833e-01   4.5176898e-01   4.7640480e-02  -4.6841542e-01  -7.0454595e-01  -9.2652652e-01  -1.1639063e+00  -1.0642054e+00
   3.0428559e+00   2.4323554e+00   2.0871394e+00   1.5881775e+00   1.4501159e+00   1.2530405e+00   7.3267961e-01   7.8627761e-01   2.4899442e-01   5.1296420e-01   9.6190504e-02  -1.1230997e-01  -4.6706350e-01  -8.5924767e-01  -9.3098024e-01  -1.0254989e+00
   3.2426267e+00   2.2579622e+00   2.4027636e+00   1.7049114e+00   5.8385544e-01   1.1967762e+00   7.9876517e-01   8.4723711e-01   8.0001140e-01   6.8830249e-01   2.4587730e-01  -3.3134015e-01  -8.4004551e-01  -8.4948624e-01  -1.2051391e+00  -1.0889203e+00
   3.1832562e+00   2.0211973e+00   2.0258500e+00   1.5915218e+00   1.0684423e+00   4.9762206e-01   6.9398987e-01   8.8185806e-01   7.4656006e-01   3.4063768e-01   4.9816984e-02  -4.4479822e-01  -1.0213025e+00  -1.1271697e+00  -1.4067198e+00  -1.1640826e+00
   3.1572746e+00   2.4692954e+00   2.0345287e+00   1.8255844e+00   1.1852253e+00   1.0681463e+00   1.0529915e+00   9.9940584e-01   8.2366200e-01   5.9138753e-01  -5.1298344e-02  -5.6023589e-01  -1.1184892e+00  -1.1211524e+00  -1.1906117e+00  -9.8858094e-01
   3.7768946e+00   2.6527048e+00   2.0653752e+00   1.6015018e+00   1.2821895e+00   1.7870017e+00   1.0372745e+00   6.2142324e-01   4.6954703e-01   4.9839531e-01   1.8889759e-01  -1.8731347e-01  -6.9877108e-01  -7.9455106e-01  -1.0419054e+00  -9.9146613e-01
   3.8757935e+00   2.6686931e+00   2.1393087e+00   1.9998740e+00   1.3426511e+00   1.6757686e+00   1.2567421e+00   6.1922841e-01   6.1020379e-01   8.3068107e-01   5.5621688e-02  -4.9966484e-01  -1.1932717e+00  -1.0711904e+00  -1.1856803e+00  -1.0702020e+00
   3.9763960e+00   3.2532826e+00   1.9000763e+00   1.4009916e+00   1.1196730e+00   7.7838397e-01   9.9184483e-01   9.1854427e-01   5.1422827e-01   6.0694368e-01   2.6562809e-02  -5.0076192e-01  -1.0318094e+00  -9.8016308e-01  -1.1022381e+00  -1.1576984e+00
   3.6043769e+00   2.9633547e+00   1.6436578e+00   1.3779005e+00   1.4997556e+00   1.5639749e+00   9.7973062e-01   8.1701538e-01   6.8656433e-01   6.3891178e-01  -2.0412568e-01  -4.1233499e-01  -8.6012377e-01  -1.0645318e+00  -1.0352567e+00  -1.0110691e+00
   3.0359381e+00   2.5414229e+00   1.3803133e+00   1.0228837e+00   1.5275057e+00   1.4513412e+00   7.0360376e-01   5.2161305e-01   4.7334151e-01   2.6763603e-01  -4.6151137e-01  -6.5718302e-01  -6.4400156e-01  -1.0652082e+00  -1.2345415e+00  -1.0738357e+00
   3.1524436e+00   2.4013932e+00   1.5504699e+00   1.5996574e+00   1.3837791e+00   1.3289999e+00   8.5645101e-01   6.5806546e-01   3.0650717e-01   2.4119555e-01   5.3353849e-02  -2.6066468e-01  -7.5339438e-01  -8.4258314e-01  -9.6899062e-01  -1.0211608e+00
   3.1565572e+00   2.9516453e+00   1.7407976e+00   1.2259440e+00   1.1120843e+00   1.4525269e+00   8.2144509e-01   5.8620396e-01   2.5638660e-01   2.9252879e-01   1.9049077e-01  -5.4766253e-01  -8.7372434e-01  -1.2231477e+00  -1.2028884e+00  -1.1310271e+00
   3.5295924e+00   2.8838589e+00   2.2272726e+00   1.6117160e+00   1.2326237e+00   1.5926153e+00   1.3207136e+00   6.7869965e-01   6.3136938e-01   5.4962204e-01   5.7467083e-03  -7.6223826e-01  -9.4806576e-01  -1.1590029e+00  -1.1587055e+00  -1.1267958e+00
   3.2519225e+00   2.9472562e+00   2.3042282e+00   1.8861874e+00   1.5573005e+00   1.5462358e+00   1.2741831e+00   7.7560434e-01   5.2025849e-01   1.0152014e+00   3.9460211e-01  -2.3455798e-01  -5.9860341e-01  -9.2943126e-01  -1.3420719e+00  -1.0059984e+00
   2.5117356e+00   2.7923315e+00   2.5089846e+00   1.7179203e+00   7.5046285e-01   1.3884836e+00   8.9286215e-01   9.5388282e-01   4.7617703e-01   9.2108961e-01   8.7698783e-02  -4.9052853e-01  -1.0354756e+00  -1.0954887e+00  -1.0516344e+00  -1.1166350e+00
   3.2165503e+00   2.5951088e+00   2.3024051e+00   1.8099834e+00   9.1291483e-01   8.4231149e-01   9.7498767e-01   9.6766467e-01   4.7263556e-01   6.2410998e-01   2.1003801e-01  -2.9478546e-01  -8.0602796e-01  -6.9500136e-01  -9.6793667e-01  -9.9611520e-01
   3.1178943e+00   2.1794318e+00   2.1571672e+00   1.8375730e+00   1.1139279e+00   9.6366248e-01   6.3620938e-01   5.9931753e-01   7.5631117e-01   7.8226530e-01  -6.9165453e-03  -4.9142868e-01  -7.3285136e-01  -7.9651645e-01  -1.0564425e+00  -1.0957478e+00
   3.1689470e+00   1.8133453e+00   2.1196465e+00   1.7857617e+00   1.3505248e+00   1.4408673e+00   8.6116606e-01   1.0206416e+00   7.4687772e-01   9.2631604e-01  -5.7768123e-02  -4.7127411e-01  -6.8823104e-01  -6.9296852e-01  -8.4334608e-01  -9.1027016e-01
   3.7681621e+00   2.1905801e+00   2.0993635e+00   1.4176918e+00   1.4736709e+00   1.5540051e+00   1.1455556e+00   1.1370631e+00   8.4828481e-01   6.5018484e-01  -5.2700821e-02  -3.7928636e-01  -6.3314876e-01  -6.7102947e-01  -6.6227158e-01  -6.8530811e-01
   3.7955606e+00   2.3559640e+00   1.5423299e+00   1.8490687e+00   1.2646746e+00   1.4036417e+00   8.6138343e-01   7.7671181e-01   6.5894175e-01   5.9378006e-01  -5.0435193e-02  -5.0141837e-01  -9.7528540e-01  -1.0257926e+00  -1.1963915e+00  -1.2943513e+00
   4.0371191e+00   2.8443022e+00   2.0115925e+00   1.8619507e+00   1.1162049e+00   7.1822578e-01   9.4878309e-01   1.0734571e+00   6.5944024e-01   5.5005010e-01   4.8872002e-02  -5.8687855e-01  -6.2605643e-01  -9.6058535e-01  -1.0643558e+00  -9.6329821e-01
   4.1530866e+00   2.9867802e+00   1.9737564e+00   1.7720261e+00   1.1173870e+00   1.3953785e+00   1.0134343e+00   9.1387010e-01   8.5738904e-01   3.2387741e-01   2.9988197e-01  -2.6927868e-01  -4.5558045e-01  -5.5952142e-01  -6.8064319e-01  -7.0309534e-01
   3.0901374e+00   2.1379451e+00   2.3247157e+00   1.7623907e+00   1.1684755e+00   1.0238871e+00   8.4016925e-01   6.9603648e-01   7.3161020e-01   6.8398901e-01   6.8541687e-02   1.9361957e-02  -1.6821146e-01  -2.0722181e-01  -1.5487138e-01  -1.5960327e-01
   3.4786826e+00   2.8574682e+00   2.1189761e+00   1.5530682e+00   1.3388865e+00   1.3971957e+00   8.2683406e-01   9.4258092e-01   9.4416344e-01   8.0438205e-01   1.7961541e-02  -3.4412332e-01  -7.0901086e-01  -9.6622807e-01  -8.5388660e-01  -7.5378697e-01
   3.5594674e+00   2.6429853e+00   2.2404305e+00   1.2098908e+00   9.0004552e-01   1.3521894e+00   1.2911008e+00   8.3008570e-01   5.9335103e-01   5.6606099e-01   3.4059776e-01  -2.7945794e-01  -7.2876239e-01  -7.7632234e-01  -9.1200149e-01  -7.8349769e-01
   3.5385810e+00   2.5810280e+00   1.8997600e+00   1.4709605e+00   1.0859795e+00   1.3994458e+00   9.3519053e-01   6.1777866e-01   5.3954991e-01   6.3867491e-01   3.6090453e-02  -8.9156513e-01  -7.6207505e-01  -9.3612626e-01  -1.2246634e+00  -1.1086313e+00
   3.3286843e+00   3.1957996e+00   2.1266517e+00   1.4573873e+00   8.0977801e-01   1.4974708e+00   7.3034262e-01   7.1806718e-01   7.2850231e-01   5.4905709e-01   1.7709929e-01   6.6041198e-02   8.2565647e-02   6.6581471e-01   5.7832870e-01   1.2887492e+00
   3.6452314e+00   2.4939698e+00   2.0226605e+00   1.9075661e+00   1.3145005e+00   1.2017732e+00   5.7067106e-01   7.7295322e-01   8.6244657e-01   8.1155881e-02  -1.1308154e-01   2.9029212e-01   3.0692417e-01   6.1200916e-01   1.2829017e+00   2.1839814e+00
   3.4754714e+00   3.0096536e+00   1.4522060e+00   1.7533219e+00   1.2956272e+00   1.1022189e+00   8.5860163e-01   2.8209996e-01   6.6929910e-01   5.6919851e-01  -1.1064109e-01  -3.9079259e-02   2.1436064e-01   6.0854861e-01   1.2778151e+00   2.3538328e+00
   3.2293789e+00   3.1095140e+00   1.9170107e+00   1.6850623e+00   8.8133996e-01   8.5396771e-01   1.0375246e+00   4.6924267e-01   7.9825383e-01   8.4861209e-01   4.7429791e-01   1.8184629e-01   2.8971265e-01   8.3112661e-01   1.3875866e+00   2.2821227e+00
   3.2341095e+00   2.4081060e+00   1.9577449e+00   1.8250506e+00   1.7019025e+00   1.3501186e+00   1.0548983e+00   5.0164241e-01   5.6167098e-01   9.9479633e-01   5.6343827e-01   3.0810076e-01   4.5178559e-01   6.9176502e-01   1.4058633e+00   2.2073158e+00
   2.9919690e+00   2.6340840e+00   2.5958780e+00   1.8760956e+00   1.0368220e+00   9.3939806e-01   5.0597786e-01   8.5090462e-01   8.1158059e-01   8.5297827e-01   4.4643878e-01   4.7870297e-01   7.2584315e-01   4.6647258e-01   1.4622427e+00   2.2550752e+00
   3.3298755e+00   3.0878672e+00   2.9157365e+00   1.9619464e+00   1.8531287e+00   1.3557179e+00   8.6932371e-01   8.6176850e-01   4.0672794e-01   8.3084815e-01   3.6445472e-01   6.1611060e-01   9.5327373e-01   1.0658507e+00   1.5284118e+00   2.3533712e+00
   3.6947273e+00   2.3707637e+00   2.4814148e+00   2.1786233e+00   1.6574225e+00   1.3963124e+00   1.0477645e+00   6.9801033e-01   4.7378834e-01   8.4139010e-01   3.1223430e-01   3.6215231e-01   7.9466655e-01   8.3594170e-01   1.3523725e+00   2.0258154e+00
   3.6310550e+00   2.6283424e+00   2.4876061e+00   2.0910594e+00   1.2240095e+00   6.7052762e-01   5.9008778e-01   5.9904454e-01   5.9363718e-01   4.5431608e-01   4.9614710e-01   3.5306909e-01   2.9874422e-01   3.7358539e-01   6.5629775e-01   1.1950953e+00
   3.4432278e+00   2.7351643e+00   2.7160313e+00   1.6803625e+00   1.6368835e+00   1.2513480e+00   6.9078985e-01   4.8646299e-01   4.4907041e-01   5.6025746e-01   4.1546868e-01   2.8340339e-01   3.4536214e-01  -3.6471801e-01   3.2365514e-01   4.8221479e-01
   3.9406288e+00   3.0834605e+00   2.2273823e+00   1.5711878e+00   1.0693046e+00   8.9096787e-01   7.7915159e-01   6.1111812e-01   6.2011720e-01   1.0112673e+00   3.1425789e-01   4.0676113e-01   4.5575320e-01  -2.4138168e-01  -1.6901848e-02  -2.2658445e-01
   4.1090276e+00   3.2874346e+00   2.1923983e+00   2.2467939e+00   1.6252457e+00   9.4734318e-01   1.1612423e+00   7.9393043e-01   4.7716053e-01   5.1722183e-01   5.6533474e-01   1.4320276e+00   1.4589270e+00   3.9464667e-01   5.1617935e-01   9.7264378e-02
   3.8957926e+00   3.0858001e+00   2.2798437e+00   2.4556238e+00   1.9677074e+00   1.6045012e+00   1.1886361e+00   1.1731727e+00   7.2515376e-01   6.1601746e-01   6.8816332e-01   1.4704985e+00   1.5674461e+00   6.8794445e-01   6.7135072e-01   1.9263975e-01
   3.5404854e+00   3.4743405e+00   2.7090811e+00   2.1732584e+00   1.6251873e+00   1.2814624e+00   8.0892720e-01   7.7671385e-01   1.0047426e+00   8.4705565e-01   8.9170950e-01   1.6549238e+00   1.4738615e+00   6.1973605e-01   8.0176396e-01   4.2660883e-01
   4.0777536e+00   3.1280140e+00   1.9768253e+00   2.1020685e+00   9.5658218e-01   1.0801519e+00   1.0565894e+00   8.0156814e-01   5.7365667e-01   6.7025325e-01   7.7661249e-01   1.8551916e+00   1.5906640e+00   8.0539454e-01   8.4581133e-01   2.6246178e-01
   3.4100818e+00   3.0967186e+00   2.3202555e+00   2.3013885e+00   8.9123414e-01   8.0093915e-01   9.7726847e-01   8.2623048e-01   4.1988018e-01   7.7759983e-01   5.4589677e-01   1.7396394e+00   1.5761191e+00   8.5055612e-01   7.5499133e-01   2.7345022e-01
   3.6467275e+00   3.4818857e+00   2.4829041e+00   2.3391374e+00   7.6299716e-01   1.2559796e+00   1.1355697e+00   7.8994510e-01   5.0913693e-01   1.1197349e+00   7.4887012e-01   1.8050627e+00   1.7513557e+00   1.0003196e+00   8.1645463e-01   3.8747931e-01
   3.4854988e+00   2.5565444e+00   2.5124056e+00   2.6900527e+00   1.1561411e+00   9.7000697e-01   1.0712952e+00   6.6582980e-01   5.8247977e-01   1.0912744e+00   6.4140864e-01   1.6089992e+00   1.6751622e+00   8.0105910e-01   6.7557308e-01   2.3303514e-01
   3.3418760e+00   2.9506019e+00   2.5448776e+00   2.6890144e+00   1.4098963e+00   1.6054687e+00   8.5356755e-01   8.0558178e-01   6.9620976e-01   7.7702814e-01   2.6395706e-01   1.6031387e+00   1.7744319e+00   8.4667838e-01   8.2180364e-01   3.6348990e-01
   3.5592096e+00   3.4547686e+00   3.0337106e+00   2.6866166e+00   1.7584065e+00   1.3566516e+00   1.0770245e+00   9.2084993e-01   7.1340794e-01   7.8814215e-01   5.4306247e-01   1.5410989e+00   1.5657070e+00   7.6927936e-01   5.2708745e-01   2.2454447e-01
   3.3068233e+00   3.3048372e+00   2.9807073e+00   2.6869486e+00   1.2623857e+00   1.1682374e+00   1.0404671e+00   8.2367650e-01   7.2267958e-01   1.1164460e+00   4.7374901e-01   1.5589054e+00   1.4833782e+00   7.6939331e-01   4.2831756e-01  -1.2250884e-02
   3.5714264e+00   3.5922496e+00   2.8850672e+00   2.5303344e+00   1.3606782e+00   1.6200607e+00   1.2321473e+00   4.9514684e-01   6.1845981e-01   2.1390907e-01   1.8670042e-01   1.6342362e+00   1.5385311e+00   8.7925257e-01   3.6557631e-01  -7.6289077e-02
   3.6657263e+00   3.4892991e+00   2.8031522e+00   2.4638081e+00   1.6654125e+00   1.4143748e+00   1.1873679e+00   7.3112753e-01   6.2892075e-01   5.1174078e-01   2.2066582e-01   1.6344238e+00   1.5735252e+00   9.2044083e-01   4.9827721e-01   6.8845556e-02
   3.6276107e+00   2.8994143e+00   2.9866345e+00   2.5757085e+00   1.4653470e+00   1.3948765e+00   9.8173920e-01   7.9515255e-01   5.5295752e-01   6.9197926e-01   3.9045795e-01   1.8646887e+00   1.8117379e+00   1.0190729e+00   7.5244260e-01   1.6611892e-01
   3.4599064e+00   2.9171644e+00   3.1930795e+00   2.5470740e+00   1.4496556e+00   1.4729884e+00   1.0973606e+00   4.7359985e-01   6.6779094e-01   7.1715070e-01   2.4464646e-01   1.7735529e+00   1.6930389e+00   9.9372827e-01   6.2069849e-01  -1.4016631e-01
   3.3702711e+00   2.7133176e+00   3.0331833e+00   2.3902473e+00   1.4440050e+00   1.4226503e+00   1.0777053e+00   9.6201858e-01   7.5395456e-01   8.1327115e-01   4.5934464e-01   1.7713336e+00   1.7592188e+00   9.9549804e-01   5.4741112e-01   1.4008947e-01
   3.5459022e+00   2.7176439e+00   2.9127740e+00   2.6087049e+00   1.4496472e+00   8.0828614e-01   9.3042188e-01   1.1407052e+00   7.5070105e-01   5.5003642e-01   2.4615539e-01   1.6471674e+00   1.7710458e+00   1.0759031e+00   5.3311941e-01   1.2449784e-01
   4.2721689e+00   2.9923745e+00   2.9550568e+00   2.5514820e+00   1.4269608e+00   1.2086487e+00   8.2910614e-01   1.1386604e+00   6.2439226e-01   7.2566763e-01   4.1854979e-01   1.6154036e+00   1.6902329e+00   9.2760758e-01   6.8309520e-01   2.9114777e-01
   3.8326417e+00   2.6234680e+00   3.1094685e+00   2.3021126e+00   1.5220682e+00   1.3960261e+00   1.0739810e+00   1.2576819e+00   6.2349338e-01   7.0421191e-01   3.1706095e-01   1.7451544e+00   1.8188059e+00   9.8893542e-01   7.1577276e-01   3.0293927e-01
   3.4859518e+00   2.6342116e+00   3.0510052e+00   2.5831491e+00   1.5024369e+00   7.9383142e-01   7.2987819e-01   1.0435006e+00   7.3377720e-01   8.5529289e-01   4.7785986e-01   1.4474110e+00   1.5773375e+00   7.9875078e-01   5.1527417e-01   4.5171763e-02
   3.1581046e+00   2.6867103e+00   3.1339346e+00   2.1894149e+00   1.5341005e+00   1.3361063e+00   7.7665576e-01   6.7574867e-01   4.0347873e-01   5.4755134e-01   2.0327417e-01   1.3468493e+00   1.4475332e+00   6.7683821e-01   3.9038531e-01   9.9414419e-02
   3.3605442e+00   2.5250877e+00   2.9534664e+00   2.1347285e+00   8.6805871e-01   1.0774231e+00   6.7446175e-01   6.5249294e-01   5.1844789e-01   5.8897103e-01  -6.2469537e-02   1.5223379e+00   1.5823294e+00   6.9936544e-01   4.3332377e-01  -1.8699030e-01
   3.5318418e+00   1.8789240e+00   2.8379663e+00   2.4201427e+00   1.2667939e+00   1.1153777e+00   8.8727270e-01   9.4822136e-01   5.4227934e-01   4.5545171e-01   1.3593236e-01   1.2612610e+00   1.3732971e+00   6.3688743e-01   4.6535467e-01  -1.4906034e-01
   3.7608857e+00   3.1203433e+00   2.8122152e+00   2.3177317e+00   1.5192833e+00   1.4677469e+00   9.4166468e-01   5.9976356e-01   3.2351811e-01   5.7644900e-01   1.1393091e-01   1.0437844e+00   1.3263839e+00   5.9364590e-01   2.1901287e-01  -2.0846215e-01
   3.5782129e+00   3.2180239e+00   2.6116264e+00   2.1740094e+00   1.2138660e+00   1.3844672e+00   9.5374608e-01   9.7383048e-01   1.5186273e-01   2.0816061e-01   6.1744986e-03   1.0995885e+00   1.2653972e+00   5.1836938e-01   3.8539723e-01  -2.5040957e-01
   3.9644622e+00   2.7348633e+00   2.8044824e+00   2.6277434e+00   1.8381122e+00   1.3073991e+00   9.2618529e-01   1.0713602e+00   6.5671772e-01   4.0001076e-01   3.9852539e-01   1.2749685e+00   1.1673626e+00   4.3544780e-01   1.3167924e-01  -7.3717668e-02
   3.4922304e+00   2.6262472e+00   2.7023072e+00   2.5156952e+00   1.2398562e+00   1.3879474e+00   9.5100763e-01   9.4337802e-01   5.1450257e-01   4.0679743e-01   4.0747435e-01   8.6023165e-01   1.0228717e+00   3.3684367e-01  -5.2316960e-02  -2.4333011e-01
   3.4324554e+00   2.8659749e+00   2.6469631e+00   2.2804363e+00   1.3346845e+00   1.3298215e+00   7.8980100e-01   8.9652387e-01   4.8178152e-01   3.1094338e-01   2.4721706e-01   8.7050020e-01   9.8371635e-01   3.9879260e-01   4.8360066e-02  -1.8489118e-01
   3.6294924e+00   2.7096297e+00   2.4237223e+00   1.8901662e+00   1.0276319e+00   1.0115340e+00   8.5230808e-01   3.5815937e-01   3.1770745e-01   1.1065320e-01   4.2724450e-01   1.2120229e+00   1.2616854e+00   5.9511159e-01   1.6615504e-01  -2.1116226e-01
   3.2987944e+00   2.5935046e+00   2.5308665e+00   1.7845506e+00   1.2013526e+00   1.1206721e+00   1.1195261e+00   8.8589933e-01   4.5154704e-01   3.4970962e-01   2.9833315e-01   1.5990756e+00   1.5350403e+00   4.6222345e-01  -4.4616392e-02  -2.7547846e-01
   3.6137959e+00   3.5319558e+00   3.0857789e+00   2.4242608e+00   8.4736381e-01   1.2411501e+00   1.0925643e+00   7.9596323e-01   5.9963645e-01   6.0059357e-01   4.0848175e-01   1.1979127e+00   1.0712342e+00   3.1175760e-01  -7.6952634e-03  -6.9320726e-02
   3.5090798e+00   3.4015564e+00   2.7788602e+00   2.2331781e+00   1.2581402e+00   1.4411869e+00   8.9149764e-01   7.7712518e-01   3.7265977e-01   8.0820384e-01   5.5070234e-01   1.1042173e+00   9.3042706e-01   2.9404130e-01  -2.9118128e-01  -4.2766755e-01
   3.3633553e+00   2.3739306e+00   2.4483400e+00   2.4609167e+00   1.2684088e+00   1.0059780e+00   7.7381144e-01   6.5445163e-01   7.5018388e-01   5.5569514e-01   2.3968289e-01   1.1290219e+00   1.1961108e+00   2.4019001e-01  -1.6013324e-01  -5.8837802e-01
   3.9360046e+00   3.2254474e+00   2.4364754e+00   2.5227158e+00   1.3968883e+00   1.4246633e+00   1.1424113e+00   1.2913513e+00   7.1763384e-01   4.4670612e-01   2.8927878e-01   1.2685075e+00   1.1161433e+00   1.7988107e-01  -3.0465274e-01  -5.8036921e-01
   3.9142214e+00   3.5168622e+00   2.3984435e+00   2.3768879e+00   1.4003440e+00   1.5800222e+00   9.6442153e-01   1.0477241e+00   3.5252265e-01   3.4387848e-01   2.3100977e-01   9.9467450e-01   5.1446835e-01  -9.1772711e-02  -4.0948063e-01  -6.1365015e-01
   2.9432067e+00   2.9169961e+00   2.2672508e+00   2.4200700e+00   1.2884628e+00   1.3172916e+00   1.1280335e+00   1.0282155e+00   7.2997565e-01   9.1294599e-01   7.6275493e-01   1.2291746e+00   4.9167392e-01   1.1881023e-01  -7.6067584e-02  -2.8058842e-01
   3.6223855e+00   2.9404491e+00   1.9471285e+00   1.6290541e+00   1.2005729e+00   1.3345833e+00   8.6960068e-01   6.1843701e-01   5.7542257e-01   6.0038642e-01   8.2836780e-01   1.1703800e+00   9.5960051e-01   7.8348338e-02  -4.6698372e-01  -5.2615299e-01
   3.3516117e+00   3.1215662e+00   1.7120285e+00   1.7288969e+00   1.1263478e+00   7.0997230e-01   8.0291961e-01   1.0719968e+00   3.4386249e-01   4.8321358e-01   2.7128930e-01   2.2405650e-01   3.6265471e-01  -2.1221890e-02  -3.0607574e-01  -9.6005517e-02
   2.9926523e+00   3.1373166e+00   2.2527111e+00   1.9045074e+00   1.0262042e+00   4.1557281e-01   6.3961099e-01   6.9708621e-01   7.4269905e-01   8.5684022e-01   2.8766178e-01   4.0233055e-01   2.1149104e-01  -4.1628930e-01  -4.5310885e-01  -2.1800699e-01
   2.8577803e+00   1.9951845e+00   2.0337485e+00   1.6052295e+00   1.4798543e+00   1.1457067e+00   5.8230852e-01   6.2279712e-01   6.3081989e-01   8.8646207e-01   5.2389062e-01   8.4767224e-02  -4.7534698e-01  -7.0038486e-01  -5.4343818e-01  -2.2395781e-01
   3.4084886e+00   2.7119969e+00   1.8170307e+00   1.9577813e+00   1.2510467e+00   1.8976331e+00   1.2957177e+00   5.1468836e-01   3.6081085e-01   5.4720526e-01   2.6178083e-01   9.7134485e-02  -4.5976273e-01  -5.3944872e-01  -5.6185011e-01  -3.3109020e-01
   3.6943141e+00   2.7550956e+00   1.7351204e+00   1.1436684e+00   1.3543562e+00   1.3781034e+00   9.8207813e-01   3.6851872e-01   4.7751158e-01   4.8152200e-01   4.4254730e-02  -1.4797311e-01  -5.8628513e-01  -7.3391196e-01  -7.5611776e-01  -4.9823517e-01
   3.3565908e+00   2.4314419e+00   1.9962624e+00   1.8119245e+00   1.0925838e+00   1.2061447e+00   1.0251831e+00   5.5182445e-01   7.1267834e-01   9.3973072e-01   3.4688891e-01  -3.8277136e-01  -6.4893752e-01  -7.6406866e-01  -1.0089765e+00  -8.3435571e-01
   3.8332656e+00   2.7439940e+00   2.3443338e+00   1.8856230e+00   1.4668030e+00   1.2834408e+00   1.1341023e+00   9.4414763e-01   2.5864985e-01   8.8064400e-01   1.7389653e-01  -4.2418224e-01  -5.6791988e-01  -6.9463480e-01  -7.3883728e-01  -7.7212748e-01
   3.9422638e+00   2.9909943e+00   1.7369906e+00   1.5012056e+00   1.2462101e+00   1.2375595e+00   1.0889355e+00   1.0843589e+00   4.9410018e-01   7.7817870e-01   3.9052687e-01  -1.6117028e-01  -4.7386138e-01  -6.3585796e-01  -5.0847231e-01  -4.7230771e-01
   4.2103040e+00   2.8588383e+00   1.9769060e+00   1.5417556e+00   1.4587999e+00   1.0635852e+00   9.1163889e-01   8.4605868e-01   2.2864290e-01   5.1200863e-01   1.8121852e-01  -1.3841924e-01  -5.6431447e-01  -7.7943262e-01  -8.9272406e-01  -8.1114042e-01
   3.4836088e+00   2.6851689e+00   2.3974249e+00   1.3055910e+00   1.0378499e+00   1.1668015e+00   6.4530377e-01   7.6399822e-01   6.3947503e-01   4.9098646e-01   5.1067196e-01  -1.7560668e-01  -4.2666537e-01  -5.3658743e-01  -5.3915063e-01  -5.1996132e-01
   3.3797150e+00   2.7301212e+00   2.3413121e+00   1.4016371e+00   1.4069882e+00   1.0613367e+00   9.2945101e-01   4.7812591e-01   5.4457812e-01   4.6209580e-01   5.5403622e-02  -2.9934165e-01  -5.3360333e-01  -5.2959686e-01  -5.2446444e-01  -4.4688874e-01
   3.8325989e+00   2.2539317e+00   1.7515242e+00   1.1364591e+00   1.3019553e+00   1.2782720e+00   1.2647518e+00   1.0009051e+00   3.6037899e-01   5.6882917e-01   2.5067348e-01  -4.8390905e-01  -7.9557072e-01  -7.2642994e-01  -1.0445143e+00  -1.1014107e+00
   3.8689466e+00   2.2186402e+00   1.8602234e+00   1.5304876e+00   1.4496627e+00   1.4981316e+00   1.4054721e+00   7.1852744e-01   4.9675436e-01   5.5831325e-01   2.9051610e-02  -2.8746434e-01  -6.6398650e-01  -7.4425730e-01  -8.3155380e-01  -8.5652648e-01
   3.8353232e+00   2.2387333e+00   1.6925525e+00   1.9025344e+00   1.6499462e+00   1.0659504e+00   8.9629941e-01   3.7013164e-01   7.5131248e-01   7.5248852e-01   1.8112437e-01  -1.9660647e-01  -6.8043202e-01  -8.5101712e-01  -1.0558463e+00  -8.7335372e-01
   3.7635940e+00   2.9086682e+00   1.9397853e+00   1.2417022e+00   8.5197264e-01   1.1304406e+00   1.1493280e+00   6.1902031e-01   6.7003178e-01   7.6295013e-01   1.3513878e-01  -2.5341102e-01  -6.2246623e-01  -6.4161993e-01  -6.6001040e-01  -6.3999807e-01
   3.6158657e+00   3.2998099e+00   1.8232638e+00   1.2011660e+00   9.3697362e-01   1.1858704e+00   1.2552547e+00   8.0327521e-01   3.2753470e-01   7.2019916e-01  -1.6205433e-01  -2.7139580e-01  -4.1792344e-01  -7.0027769e-01  -9.1720021e-01  -1.0642987e+00
   3.2939076e+00   2.6203964e+00   1.3527412e+00   1.4179185e+00   1.2486827e+00   1.1967695e+00   6.4185161e-01   1.0453779e+00   4.6694789e-01   3.1422493e-01  -6.5305124e-02  -5.0771099e-01  -9.1995585e-01  -1.0048990e+00  -1.1939833e+00  -1.3480109e+00
   3.6534746e+00   3.1394972e+00   2.0534566e+00   1.4905362e+00   9.0341162e-01   1.6115695e+00   1.1682398e+00   9.9770146e-01   6.5111371e-01   3.7369267e-01  -2.5935527e-01  -5.5911630e-01  -1.0451620e+00  -9.1686604e-01  -1.0870703e+00  -1.0095263e+00
   3.8334164e+00   3.0972692e+00   2.7843926e+00   2.4658188e+00   1.4419885e+00   1.2408823e+00   9.7175805e-01   7.5126439e-01   4.6976634e-01   3.1804545e-01  -2.9805917e-01  -2.8239207e-01  -6.0910011e-01  -8.6794113e-01  -1.0067673e+00  -1.0674710e+00
   3.3591353e+00   2.7169998e+00   2.1084611e+00   2.3256380e+00   1.2588019e+00   1.0512637e+00   9.0168217e-01   7.0198944e-01   5.4396228e-01   3.7858075e-01   1.5390943e-01  -2.9820608e-01  -5.7344215e-01  -7.7588480e-01  -6.5556144e-01  -6.9007121e-01
   3.9690026e+00   3.0863695e+00   2.4752172e+00   2.3122846e+00   1.8324030e+00   1.2248804e+00   8.2199176e-01   6.7283527e-01   5.2719901e-01   4.7044811e-01   1.1202681e-01  -5.5207091e-01  -8.6075049e-01  -1.0816420e+00  -1.1018907e+00  -1.0313097e+00
   4.1199329e+00   3.2655458e+00   2.3135080e+00   1.8108752e+00   1.5613563e+00   1.3942195e+00   1.2049049e+00   6.6773229e-01   6.1009230e-02   6.4434719e-01   1.9279405e-01  -2.0100864e-01  -3.5928734e-01  -3.8356108e-01  -5.0834095e-01  -4.2791014e-01
   4.2475747e+00   2.9655403e+00   1.7678567e+00   1.7478655e+00   1.5166164e+00   1.2183557e+00   8.5241783e-01   5.2415591e-01   6.9435204e-01   6.3343854e-01   1.8416275e-01  -3.6829571e-01  -4.0186240e-01  -4.5292075e-01  -6.5942790e-01  -7.2933928e-01
   4.0244045e+00   3.3075589e+00   1.8576548e+00   1.7418846e+00   1.5683417e+00   1.2720188e+00   1.2688201e+00   8.9354352e-01   5.0579688e-01   9.7141242e-01   3.2374622e-01  -5.9747643e-01  -8.1723161e-01  -8.0341669e-01  -6.3832680e-01  -8.9761563e-01
   3.4109541e+00   2.4610412e+00   2.1410745e+00   2.0908603e+00   1.2157680e+00   1.2869634e+00   1.1656364e+00   7.2690530e-01   5.9330087e-01   5.3376653e-01   2.3004904e-01  -6.7771575e-02  -3.1477360e-01  -2.5765688e-01  -2.6782611e-01  -2.6764482e-01
   3.8494611e+00   2.5276114e+00   2.3200913e+00   1.9548113e+00   1.5961638e+00   1.1913964e+00   9.7671410e-01   9.9734027e-01   9.7637743e-01   3.4277420e-01   1.1265191e-01  -3.0988988e-02  -4.1187239e-01  -6.4693326e-01  -8.5820565e-01  -7.3433586e-01
   3.2662077e+00   2.2299193e+00   1.8751761e+00   1.4602854e+00   1.1561767e+00   1.9457386e+00   1.0592246e+00   8.3383568e-01   8.2185406e-01   8.2306742e-01   2.4458895e-01  -2.4016226e-01  -6.2757861e-01  -7.1387634e-01  -8.3442170e-01  -7.8321247e-01
   3.7579772e+00   3.3387194e+00   1.7030067e+00   1.8757220e+00   1.6971778e+00   1.7370627e+00   1.1135032e+00   8.7734435e-01   6.7479638e-01   7.5242085e-01   1.6150096e-01  -5.2743407e-01  -6.9330649e-01  -8.6633525e-01  -1.1016161e+00  -1.2393259e+00
   3.5555627e+00   2.8563271e+00   1.8428355e+00   1.4134849e+00   1.4695805e+00   9.3934443e-01   1.0380082e+00   8.4730742e-01   5.3240891e-01   2.2372962e-02  -2.3026775e-01  -2.7877198e-01  -4.8741677e-01  -5.7500892e-01  -4.6847830e-01  -7.0277411e-01
