   4.4796721e+00   3.5898553e+00   2.4014553e+00   1.5754545e+00   1.2509077e+00   1.1726125e+00   4.1207004e-01  -2.4938079e-01  -4.3353030e-01  -6.4069459e-01  -8.9571667e-01  -9.9041127e-01  -7.5449975e-01  -9.0179075e-01  -1.0035688e+00  -1.0482462e+00
   4.7833912e+00   3.5459850e+00   2.2282802e+00   1.5610840e+00   1.3362803e+00   8.3983211e-01   2.2829916e-01  -2.5227626e-01  -4.8734099e-01  -6.0566191e-01  -8.1825149e-01  -6.1534922e-01  -6.2835691e-01  -9.9446039e-01  -9.0835592e-01  -1.0083927e+00
   4.9114082e+00   4.0567274e+00   2.0630047e+00   2.0252414e+00   1.6431954e+00   1.1723656e+00   1.0224547e+00   7.9036240e-01   7.1356238e-01   6.4520989e-01   6.1150257e-01   5.8339978e-01   5.7032111e-01   5.6231221e-01   5.8188141e-01   6.0152455e-01
   4.3769652e+00   2.8678931e+00   2.1568358e+00   1.8356902e+00   1.6537984e+00   9.7504814e-01   2.3761472e-01  -3.4233416e-01  -3.9940695e-01  -7.0092003e-01  -4.8607216e-01  -4.9394293e-01  -9.2357836e-01  -1.1068105e+00  -9.6707709e-01  -1.4248924e+00
   4.8115937e+00   2.8882582e+00   2.1175065e+00   1.5381993e+00   1.8356340e+00   1.3899453e+00   6.8413728e-01   3.2715064e-01  -1.5684525e-02  -3.1621106e-02  -2.0120532e-01  -3.2453736e-01  -3.6842910e-01  -4.8716939e-01  -5.2302736e-01  -5.4624145e-01
   5.2694670e+00   4.5964375e+00   3.9294711e+00   3.3426129e+00   2.9463650e+00   2.5911641e+00   2.2356285e+00   1.9481466e+00   1.7163916e+00   1.5252986e+00   1.3178251e+00   1.0877030e+00   9.6704575e-01   7.5535014e-01   6.1837226e-01   5.2137255e-01
   4.6110079e+00   3.8392009e+00   2.9638938e+00   2.2746441e+00   1.7770024e+00   1.5395469e+00   1.0558074e+00   7.6708639e-01   6.0190284e-01   5.2179927e-01   4.4731914e-01   4.5735421e-01   3.7424987e-01   3.3802316e-01   3.4059176e-01   3.6417587e-01
   5.0584967e+00   3.9539587e+00   2.0932615e+00   1.9548838e+00   1.6774961e+00   1.0042930e+00   8.2999260e-01   4.8667871e-01   4.3904152e-01   3.8325449e-01   3.6293250e-01   3.5454233e-01   3.1308880e-01   2.8699445e-01   3.0253280e-01   3.3089474e-01
   4.5964258e+00   3.0885585e+00   2.4818469e+00   2.3104016e+00   1.4400117e+00   1.3651636e+00   1.1039435e+00   9.0105491e-01   8.0902114e-01   7.7345708e-01   7.4934733e-01   7.3625036e-01   7.1695434e-01   7.0586490e-01   7.1719481e-01   7.4447588e-01
   4.6472972e+00   3.9627854e+00   2.5718583e+00   1.9719976e+00   1.6875569e+00   1.5683633e+00   7.4436775e-01   5.4599834e-01   3.4425394e-01   2.9596701e-01   2.9423799e-01   3.0857858e-01   2.4934272e-01   2.5087267e-01   2.5543601e-01   2.8997620e-01
   4.6062250e+00   3.4432380e+00   2.9095575e+00   1.6112845e+00   1.5411828e+00   1.0020667e+00   7.3156784e-01  -2.3041640e-01  -4.9826592e-01  -9.3584269e-01  -8.2331862e-01  -7.9654605e-01  -9.4278064e-01  -8.7295139e-01  -1.0329759e+00  -1.0342118e+00
   4.7009718e+00   3.9016804e+00   2.8523829e+00   1.3150603e+00   1.0429747e+00   7.9111712e-01   5.5299303e-01   2.0538248e-01  -4.5741051e-02  -1.6391725e-01  -1.7187903e-01  -1.4436069e-01  -2.2819811e-01  -2.7646101e-01  -2.5724784e-01  -2.4529892e-01
   4.5539671e+00   3.3708652e+00   3.0438587e+00   1.8123503e+00   1.3229227e+00   1.0585615e+00   4.8607082e-01  -4.2028582e-02  -3.6246891e-01  -4.9954823e-01  -6.9233921e-01  -5.5475413e-01  -5.8856871e-01  -6.9941367e-01  -7.2630535e-01  -6.7126844e-01
   4.1101915e+00   3.2331703e+00   2.2522107e+00   1.6026471e+00   1.3351281e+00   1.1707373e+00   4.9047518e-01  -2.2712016e-01  -4.7247343e-01  -6.3856123e-01  -7.1840035e-01  -6.3704450e-01  -7.6620530e-01  -1.0010631e+00  -9.9952863e-01  -9.3324827e-01
   4.2541192e+00   3.2878382e+00   2.6603634e+00   1.7397159e+00   1.4330159e+00   1.1925205e+00   2.9916401e-02  -1.2376930e-01  -6.8470255e-01  -8.1810857e-01  -1.1601795e+00  -9.4090639e-01  -1.2279650e+00  -1.5506795e+00  -1.4733145e+00  -1.3357879e+00
   3.7272875e+00   3.2463691e+00   2.5676943e+00   1.6070683e+00   1.2526298e+00   9.1768200e-01   2.3131431e-01  -4.3201388e-02  -1.4371609e-01  -7.0058003e-01  -9.4232129e-01  -9.8795375e-01  -8.3086821e-01  -1.0225785e+00  -1.2574556e+00  -1.1305539e+00
   4.4997276e+00   3.2770613e+00   2.0154110e+00   1.3123176e+00   1.4611955e+00   1.1658769e+00   2.7963827e-01   6.0854975e-02   2.2819609e-02  -4.9450569e-01  -7.5246241e-01  -5.1028243e-01  -5.9068989e-01  -8.0852524e-01  -8.6966307e-01  -7.6863655e-01
   4.7367410e+00   3.7090433e+00   1.6340068e+00   1.3082153e+00   1.2053270e+00   1.2720144e+00   3.8039388e-01  -1.3047567e-01  -6.1865403e-01  -4.6749175e-01  -2.7349107e-01  -6.3558789e-01  -7.0446034e-01  -7.6069735e-01  -1.0415156e+00  -1.3180697e+00
   4.9538381e+00   3.6163941e+00   1.8909828e+00   1.5846610e+00   1.7060477e+00   1.5241802e+00   2.5093136e-01   1.8234051e-01  -1.0290408e-02  -1.6652570e-01  -2.7989160e-01  -5.4651781e-01  -5.0121379e-01  -5.7938704e-01  -7.7188092e-01  -9.3922620e-01
   4.5984071e+00   3.4615981e+00   1.4024270e+00   1.9794365e+00   1.7060444e+00   1.0830008e+00   3.5705757e-01   1.9697602e-01   8.1152505e-02  -2.3094363e-02  -2.0908117e-02   3.5491830e-02  -1.1193069e-01  -1.2637405e-01  -1.2817206e-01  -1.1594037e-01
   3.9509978e+00   3.6952115e+00   2.1114639e+00   2.1633571e+00   1.6900552e+00   1.2689710e+00   1.0425666e+00   8.7779963e-01   7.9860719e-01   7.1941924e-01   6.9307853e-01   6.7468191e-01   6.7207116e-01   6.6072336e-01   6.6142665e-01   6.9057573e-01
   4.8602636e+00   3.8208808e+00   2.5005000e+00   1.6034789e+00   9.9149252e-01   6.3459422e-01   8.9736501e-02  -5.7538139e-01  -8.3006831e-01  -8.8764674e-01  -1.1646466e+00  -8.5942396e-01  -9.3476672e-01  -1.1735961e+00  -1.2247795e+00  -1.2808737e+00
   4.6914298e+00   4.1090990e+00   2.7230900e+00   1.9276530e+00   1.1323079e+00   1.0758809e+00   8.6532305e-01  -2.3111300e-01  -5.0971697e-01  -8.9849341e-01  -9.3184180e-01  -1.1953405e+00  -1.2648395e+00  -1.1641698e+00  -1.1598683e+00  -1.0971318e+00
   4.7460833e+00   4.0726417e+00   2.5918487e+00   1.6505033e+00   1.3404201e+00   9.6392594e-01   2.6070038e-01   1.4823675e-01  -2.4782548e-02  -1.3093012e-01  -1.9809777e-01  -1.7095506e-01  -2.5337548e-01  -2.4563200e-01  -2.0739244e-01  -1.5947424e-01
   4.5878708e+00   3.8960644e+00   2.7287403e+00   1.8512329e+00   1.4549085e+00   1.4841112e+00   4.9092333e-01   5.9605160e-01   2.1533531e-01   8.8114399e-02   6.7671893e-02   4.3668495e-02   1.4734369e-02  -2.1869910e-02  -7.6449254e-04   2.5378910e-02
   3.9235106e+00   3.8201485e+00   1.8822467e+00   1.5397490e+00   1.1862016e+00   1.2071087e+00   1.4622458e-01  -2.0663362e-01  -4.8251240e-01  -8.8557080e-01  -1.0645310e+00  -8.6202162e-01  -9.2598808e-01  -1.1275554e+00  -1.0996374e+00  -1.3598276e+00
   4.5384076e+00   3.5303873e+00   2.2698736e+00   1.1191454e+00   1.0947566e+00   7.2937882e-01   4.2579663e-01  -3.0222994e-02  -1.7017735e-01  -2.5806137e-01  -3.6437195e-01  -4.2256108e-01  -3.4424510e-01  -2.4882922e-01  -1.8351397e-01  -4.5278322e-01
   4.1999718e+00   3.2699933e+00   2.1358457e+00   1.7371149e+00   1.3013850e+00   9.0261739e-01   5.3876384e-01  -1.6951139e-01  -3.6533474e-01  -7.0624088e-01  -7.8810590e-01  -7.3106916e-01  -6.9290881e-01  -7.2886870e-01  -8.8405467e-01  -1.0610202e+00
   3.7040855e+00   3.2576301e+00   2.1535761e+00   1.8530250e+00   1.7263586e+00   1.0326160e+00   4.7498773e-01   1.0167939e-01  -1.1625177e-01  -2.6964175e-01  -2.5026059e-01  -2.3901660e-01  -3.2424596e-01  -3.0132014e-01  -2.8752245e-01  -2.9392318e-01
   4.5373306e+00   3.0536416e+00   2.1451830e+00   1.9330542e+00   1.0829219e+00   9.5812092e-01   3.0559735e-01  -4.4406725e-02  -2.3412501e-01  -3.0813723e-01  -2.7142309e-01  -2.7724072e-01  -2.8403889e-01  -2.3914569e-01  -2.7075831e-01  -3.1780874e-01
   4.5593997e+00   3.6918961e+00   2.2476101e+00   1.5923965e+00   1.2434334e+00   9.2934496e-01   4.2627013e-01  -2.2876840e-02  -7.8540280e-01  -1.5395381e+00  -1.5770689e+00  -8.4144654e-01  -1.0404611e+00  -7.3484071e-01  -8.3458881e-01  -1.3977947e+00
   4.3546659e+00   3.5423575e+00   2.7362417e+00   2.0641014e+00   1.5967271e+00   6.5339998e-01   2.5581098e-01  -5.2166255e-02  -6.1599755e-01  -5.6898660e-01  -6.9805126e-01  -2.7294219e-01  -2.5739908e-01   2.8383842e-01   3.2191761e-01  -6.3915292e-01
   3.7357403e+00   3.4158679e+00   2.5486097e+00   1.5091413e+00   1.6603983e+00   9.5718156e-01   3.2343203e-01  -6.1865025e-01  -5.5690561e-01  -1.0896985e+00  -7.8782822e-01  -4.6422547e-02   6.6556243e-02   8.7151894e-01   9.6534216e-01  -1.7450056e-01
   3.1851002e+00   2.8285137e+00   2.2877598e+00   2.0175866e+00   6.7806425e-01   6.7756091e-01   5.8871924e-01  -1.2207403e-02  -2.0838350e-01  -3.6474616e-01  -3.3800043e-01   4.0997275e-02   4.7555097e-01   1.2379069e+00   1.3225034e+00   1.7531247e-01
   4.2050358e+00   2.7472590e+00   2.1695129e+00   1.3332104e+00   5.8663156e-01   6.5083222e-01   3.1626068e-01   1.5178961e-01  -5.1115410e-01  -6.6863777e-01  -3.2975110e-01   3.3185862e-01   6.0570057e-01   1.8487504e+00   2.0610309e+00   4.0317617e-01
   4.0980284e+00   3.0490504e+00   1.9611044e+00   1.8319722e+00   1.1022698e+00   1.1126616e+00   3.5029861e-01  -1.5041988e-01  -1.8777471e-01  -2.8226620e-01  -1.5967389e-01   3.9325163e-01   7.9501321e-01   1.7232336e+00   1.9467998e+00   2.0701676e-01
   4.1306527e+00   3.3981475e+00   2.3301321e+00   1.9828285e+00   1.4442168e+00   1.2506058e+00   8.5496777e-01   4.3566510e-01   3.5066445e-01   3.6298219e-01   3.7956819e-01   7.7548998e-01   7.3694168e-01   1.4141044e+00   1.7203679e+00   3.3687796e-01
   4.1389417e+00   3.0919236e+00   2.5702562e+00   1.9788444e+00   1.7396788e+00   1.5562269e+00   4.2730063e-01  -8.2076295e-02  -2.7565573e-01  -1.6936097e-01  -1.3840466e-01   5.8760297e-01   8.0799770e-01   1.2843031e+00   1.2342348e+00  -8.6828726e-02
   4.6858889e+00   3.6251623e+00   2.7001913e+00   1.5226798e+00   1.3568700e+00   1.4695898e+00   6.0658313e-01  -9.7725196e-02  -4.0446089e-02  -9.1124277e-02  -1.2695662e-01   5.5645797e-01   6.9846568e-01   1.2545190e+00   1.1919134e+00  -4.2506986e-02
   4.1078916e+00   3.0857785e+00   2.6147632e+00   1.8769919e+00   1.4290675e+00   8.9748015e-01   2.9997856e-01  -1.4836116e-01  -3.8483638e-01  -7.4478436e-01  -5.9687569e-01   2.4438538e-01   8.8967894e-01   1.7472140e+00   1.6200113e+00  -1.9393187e-01
   4.4079707e+00   3.4768279e+00   1.9530506e+00   1.8911199e+00   1.5811498e+00   1.1136280e+00   7.9950034e-01   1.1167927e-01  -6.0007548e-02  -1.5986778e-01   2.0611200e-02   4.9550124e-01   1.3053218e+00   2.1172671e+00   2.0871341e+00   3.2704458e-01
   4.3263029e+00   3.2861405e+00   2.3677960e+00   2.2382366e+00   1.3944668e+00   9.9705520e-01   5.4740018e-01  -1.4472865e-02  -9.4849195e-02  -2.9544127e-01  -3.8878525e-01   7.5359018e-01   1.5262664e+00   1.9392162e+00   2.0676695e+00   2.7678984e-01
   4.5811988e+00   3.6337844e+00   2.5782168e+00   1.8136991e+00   1.1112321e+00   8.8511425e-01   6.0990516e-01  -4.4600122e-01  -1.9178463e-01  -3.0061937e-01  -3.0969898e-01   9.1436274e-01   1.4835383e+00   1.8676220e+00   1.8781660e+00   1.2055629e-01
   4.7364679e+00   3.4866931e+00   2.1969130e+00   1.6084025e+00   1.5441416e+00   1.6095997e+00   4.5985447e-01  -2.1414610e-02  -5.8922776e-02  -1.1442707e-01   2.5699076e-02   5.4187254e-01   1.4423537e+00   1.9621952e+00   1.9145696e+00   1.2307928e-01
   4.5596818e+00   3.4903102e+00   1.9764210e+00   1.9924060e+00   1.6797038e+00   1.1770135e+00   5.3486522e-01  -2.3001165e-01  -3.5311242e-01  -2.1155709e-01  -6.0171805e-02   2.3594932e-01   1.2810396e+00   1.8260624e+00   1.8229678e+00  -5.1138926e-02
   4.4769828e+00   3.5631256e+00   2.1965037e+00   1.9854965e+00   1.7016568e+00   4.7152441e-01   4.8657842e-01  -1.6959772e-01  -2.9585202e-01  -4.0946583e-01  -4.9636114e-01   2.4686148e-01   1.2782867e+00   1.8335062e+00   1.8372204e+00   3.1198277e-03
   4.2456618e+00   3.8200109e+00   2.7292884e+00   2.4853254e+00   1.7969165e+00   9.4890644e-01   3.3340350e-01   1.6683087e-01  -9.2965133e-02  -3.2893518e-01  -3.2889175e-01   3.6000691e-01   1.2978294e+00   1.8165427e+00   1.8628080e+00   1.0693008e-01
   4.0541655e+00   3.8715167e+00   2.6552430e+00   2.0499324e+00   1.3510642e+00   1.2434641e+00   5.7280679e-01   3.0523548e-01   3.2183344e-01   1.5634314e-01   1.8839809e-01   6.9375106e-01   1.4025740e+00   1.7363780e+00   1.7916756e+00   4.0271674e-01
   4.5967072e+00   3.6616730e+00   2.5378071e+00   2.2500410e+00   1.4496936e+00   1.0453055e+00  -2.8097212e-02  -4.2545964e-01  -1.2074148e-01  -5.3085637e-01  -3.8126077e-01   4.8319103e-01   1.3770883e+00   1.6573202e+00   1.7210532e+00  -1.8031735e-01
   3.9526859e+00   3.5308300e+00   2.5990706e+00   1.8614593e+00   1.1708068e+00   1.0959858e+00   5.4135347e-01  -7.2228285e-02  -1.6692278e-01  -2.3899472e-01  -2.5517599e-01   6.2262813e-01   1.3601833e+00   1.4826364e+00   1.5499836e+00  -7.8519744e-02
   4.5795375e+00   3.5066263e+00   2.7093917e+00   2.2935885e+00   1.0581577e+00   6.0568305e-01   4.4564418e-01   1.3984642e-01  -5.1140089e-01  -3.7153988e-01  -3.6943372e-01   6.2973521e-01   1.3453644e+00   1.5030547e+00   1.5550306e+00  -3.0007105e-01
   4.8336536e+00   3.3357269e+00   2.2966956e+00   1.7916311e+00   1.6906374e+00   1.2800594e+00   2.2230472e-01   1.4270986e-01   9.0772767e-02  -7.1688115e-03   8.1426485e-02   4.4847728e-01   1.2687537e+00   1.4214331e+00   1.4591817e+00   7.6231635e-02
   4.6195491e+00   3.1830079e+00   2.5294800e+00   2.1629651e+00   1.9017766e+00   1.3002031e+00   2.7861070e-01  -1.6529215e-01  -9.9389934e-02  -3.6448811e-01  -1.6869543e-01   4.9814753e-01   1.2290888e+00   1.4292437e+00   1.3910798e+00  -2.5237416e-01
   4.3161870e+00   3.5708793e+00   2.7583896e+00   2.2440862e+00   2.1432644e+00   1.4366686e+00   8.2072845e-01   5.1319297e-01   4.7031689e-01   4.2675029e-01   4.7152652e-01   7.2220137e-01   1.2623377e+00   1.4681291e+00   1.4084134e+00   4.5512534e-01
   4.7625181e+00   3.4658529e+00   2.5013265e+00   2.3018852e+00   9.0230930e-01   7.6721568e-01   2.5556706e-01   9.3716603e-02  -4.1541200e-02  -1.7640047e-01  -1.3540842e-01   3.1267531e-01   9.8440230e-01   1.2141530e+00   1.0082129e+00  -1.4697454e-01
   4.1965995e+00   3.1794721e+00   2.2629303e+00   1.9235493e+00   1.3886454e+00   1.2817890e+00   5.7512009e-01   1.0200061e-01  -5.8810196e-02  -1.1374910e-01  -1.1283168e-02   3.8654030e-01   9.6401097e-01   1.2043132e+00   9.7364293e-01  -2.4539337e-02
   5.3269354e+00   3.8801491e+00   2.6309510e+00   2.1245044e+00   1.6408145e+00   1.1947239e+00   7.2904691e-01   5.0018958e-01   3.5589920e-01   1.6288623e-01   3.3372285e-01   5.5154528e-01   9.2814387e-01   1.1300289e+00   9.7204969e-01   1.3552195e-01
   4.0228481e+00   3.2598365e+00   2.5417488e+00   2.2333115e+00   1.5867314e+00   1.1306639e+00   9.2413483e-01   8.9075292e-01   7.8685762e-01   6.9474010e-01   7.7412673e-01   9.3911375e-01   1.2005702e+00   1.2427382e+00   1.0551131e+00   6.7173398e-01
   4.3073635e+00   3.6953372e+00   2.4612007e+00   1.9617649e+00   1.2766604e+00   8.0975101e-01   2.0010744e-01   1.5929628e-01   1.7007443e-01   5.5009823e-02   2.2699912e-01   4.6696313e-01   5.7037872e-01   6.2526396e-01   3.3712415e-01  -5.6925672e-02
   4.1139884e+00   3.6953728e+00   2.4661382e+00   2.1938220e+00   1.2965744e+00   1.4488661e+00   7.6295081e-01   2.8999639e-01   3.7404527e-02   6.1889451e-02  -6.3889295e-02   1.2401190e-01   4.8041088e-01   2.4657117e-01   4.7994354e-02  -6.5384927e-02
   3.3719391e+00   2.9321032e+00   2.1522169e+00   2.6216351e+00   1.8282930e+00   1.2991961e+00  -5.3895992e-02  -5.5191165e-01  -8.2864083e-01  -6.1686060e-01  -5.3361753e-01   2.9247455e-01   6.9665973e-02  -6.9097823e-01  -6.8396658e-01  -8.6532755e-01
   4.1320243e+00   3.8468726e+00   2.8410851e+00   2.4296603e+00   1.9111951e+00   1.3156702e+00   5.3219134e-01   2.2013884e-01  -5.7494322e-02  -1.1308151e-01  -5.6362629e-02   1.1190318e-01   1.1708907e-01  -9.6788541e-02  -1.1630086e-01  -1.3481052e-01
   4.6345970e+00   2.8212380e+00   2.0774637e+00   2.7194138e+00   2.4801067e+00   1.4901065e+00   3.9447104e-01   3.6348618e-01  -1.2976086e-01  -2.5895151e-01  -1.2626776e-01  -8.9851669e-03   1.6625400e-01  -4.4039543e-02  -3.0979016e-01  -2.8258193e-01
   4.4266499e+00   3.5864674e+00   1.7528061e+00   2.3357838e+00   2.1068268e+00   1.6772378e+00   5.4165429e-01   4.8871673e-02  -2.5332855e-01  -7.8406208e-01  -4.7538881e-01  -1.1848841e-01  -6.2580775e-02  -4.4435142e-01  -6.4881198e-01  -6.9197316e-01
   3.7662501e+00   3.8878164e+00   2.8419530e+00   2.1920078e+00   1.8885497e+00   1.3290163e+00   4.0847767e-01   2.3720353e-01   1.0151110e-01   4.5414362e-02   4.9167921e-02   7.9080309e-02   1.0861886e-01   3.4803931e-03   6.0182059e-03  -3.4572156e-03
   4.1908565e+00   2.4581681e+00   1.8926272e+00   1.8057187e+00   1.3596761e+00   8.5060015e-01   7.1630948e-01   1.6588092e-01  -2.6232168e-01  -4.4859916e-01  -4.4275283e-01  -3.3962395e-01  -4.1994422e-01  -4.5990818e-01  -5.4723988e-01  -5.3022203e-01
   4.5839371e+00   3.3595409e+00   1.7658811e+00   1.9389714e+00   8.9705629e-01   8.1992723e-01   4.8336621e-01  -1.4035311e-01  -8.4160861e-01  -9.2218471e-01  -6.7656598e-01  -7.1296633e-01  -6.8753500e-01  -6.8465205e-01  -1.1717759e+00  -1.5728840e+00
   4.1888959e+00   3.1029128e+00   2.2954517e+00   1.5990993e+00   1.1118750e+00   1.3094280e+00   8.0278251e-01   1.3462115e-01  -3.7012735e-02  -1.1524383e-01  -1.9178828e-01  -2.4075181e-01  -2.0274452e-01  -2.6893881e-01  -3.1393114e-01  -3.0762009e-01
   4.3580149e+00   3.0898922e+00   2.4052775e+00   1.9889722e+00   9.8662263e-01   7.7046648e-01   2.9523158e-01  -7.9932369e-02  -5.6544075e-01  -8.1121538e-01  -7.4241337e-01  -9.9675400e-01  -7.9920951e-01  -5.8607377e-01  -9.2421202e-01  -1.1765131e+00
   4.3017278e+00   3.1481866e+00   2.1962746e+00   1.5303975e+00   1.1538634e+00   1.3675331e+00   7.2114821e-01   2.0491006e-01   3.9464154e-02   2.3490631e-03  -7.0623001e-02  -1.4534110e-01  -1.4359363e-01  -1.5123736e-01  -1.2730836e-01  -1.1663582e-01
   4.9295142e+00   3.5858721e+00   2.5258684e+00   1.3152846e+00   1.2191919e+00   1.4758330e+00   5.3155087e-01  -1.7271676e-01  -2.7871116e-01  -4.0326127e-01  -6.7042480e-01  -7.9494500e-01  -8.3303364e-01  -8.5090297e-01  -8.3840590e-01  -8.9695401e-01
   4.8763889e+00   3.4899028e+00   1.9668839e+00   1.0773948e+00   1.3935660e+00   8.4717382e-01   4.2265091e-01  -1.7288943e-01  -8.6235508e-02  -3.8179036e-01  -6.7992836e-01  -6.8102463e-01  -5.5842467e-01  -7.2008627e-01  -7.1009931e-01  -7.7092267e-01
   4.0655589e+00   3.4579933e+00   2.1184288e+00   1.3105502e+00   1.2417434e+00   1.5482423e+00   7.1978805e-01   5.3245110e-01   3.9934053e-01   3.6647218e-01   3.1070758e-01   2.9223420e-01   2.9766778e-01   2.4891751e-01   2.7220277e-01   3.0043129e-01
   4.3778205e+00   3.6442329e+00   2.3061015e+00   1.5988205e+00   1.1065134e+00   5.7512299e-01  -2.0254820e-01  -4.1244704e-01  -6.5521768e-01  -4.9738129e-01  -8.1418991e-01  -8.5783181e-01  -8.1336874e-01  -8.7962475e-01  -9.6518518e-01  -1.1179913e+00
   3.6658251e+00   3.2533854e+00   2.2516480e+00   1.9238500e+00   1.3641200e+00   1.0857359e+00   3.4821270e-01  -1.2518916e-01  -3.3493246e-01  -3.3141267e-01  -5.3016936e-01  -6.3411780e-01  -5.7474031e-01  -5.9666576e-01  -5.9471502e-01  -6.2714219e-01
   3.8623922e+00   3.2481244e+00   2.3519637e+00   1.3276770e+00   1.2206204e+00   9.5253317e-01   1.6605619e-01  -4.4303626e-01  -4.9893544e-01  -7.4242220e-01  -1.1053389e+00  -1.0929806e+00  -1.3247089e+00  -1.3783905e+00  -1.3533982e+00  -1.5695370e+00
   3.3585722e+00   3.2548093e+00   1.7658013e+00   1.5322707e+00   1.4818728e+00   9.7540004e-01   4.1068691e-02  -2.8387809e-01  -8.4467521e-01  -8.0701436e-01  -8.4211030e-01  -1.0074791e+00  -1.0972773e+00  -1.2206666e+00  -1.1882531e+00  -1.2583351e+00
   3.6883474e+00   3.4180079e+00   2.1167713e+00   1.1372370e+00   1.3410666e+00   9.4031890e-01   6.0907254e-01  -1.3916375e-01  -6.8006159e-01  -6.6055186e-01  -8.9740143e-01  -1.0672515e+00  -1.3662938e+00  -1.4245894e+00  -1.2693155e+00  -1.3273523e+00
   3.8672603e+00   3.6482648e+00   2.1770902e+00   1.5821389e+00   1.5109139e+00   1.1394411e+00   6.2944243e-01   4.3226304e-02  -3.9495396e-01  -6.7387758e-01  -8.6086700e-01  -8.9283270e-01  -1.1016592e+00  -1.6069456e+00  -1.3891231e+00  -1.5814980e+00
   3.5691546e+00   2.8922406e+00   1.8711954e+00   1.4711829e+00   1.7002765e+00   9.4897895e-01   4.4475998e-01  -1.1670866e-01  -3.2007889e-01  -7.0248764e-01  -7.5149497e-01  -7.7093071e-01  -8.3021338e-01  -9.0784823e-01  -8.3793435e-01  -9.1539364e-01
   4.0109040e+00   3.5779792e+00   2.2735758e+00   1.2233690e+00   1.3788145e+00   9.3554189e-01   5.1032351e-01  -4.1252160e-01  -6.3349571e-01  -8.1937611e-01  -1.1267670e+00  -1.1010227e+00  -1.3923147e+00  -1.0643925e+00  -1.2452496e+00  -1.3144151e+00
   3.6892086e+00   3.6849589e+00   2.2959176e+00   1.8542055e+00   1.1998567e+00   8.5528603e-01   1.8621055e-01  -6.4583747e-01  -6.8522867e-01  -7.1294280e-01  -1.2317244e+00  -1.2022372e+00  -9.8819851e-01  -1.2171916e+00  -1.5694923e+00  -1.5002549e+00
   4.6652743e+00   3.0546937e+00   2.0690492e+00   1.9387841e+00   1.0561043e+00   8.9027807e-01  -3.2504642e-02  -4.5572654e-01  -2.8650144e-01  -4.6740284e-01  -1.1497505e+00  -1.0275498e+00  -1.0928546e+00  -1.4572614e+00  -1.5730508e+00  -1.3856697e+00
   4.2333194e+00   3.4286233e+00   1.5840195e+00   1.4060066e+00   1.5052439e+00   1.1451889e+00   4.0106118e-01  -1.5814714e-01  -6.5761707e-01  -9.0071465e-01  -9.8881385e-01  -9.5423711e-01  -1.0341759e+00  -1.1459984e+00  -1.2857319e+00  -1.0937458e+00
   4.0205071e+00   2.7682803e+00   1.9415154e+00   1.7054343e+00   1.3661477e+00   1.4451346e+00   4.4015422e-01  -6.3959770e-01  -6.9333726e-01  -8.1041652e-01  -1.0475673e+00  -1.0226599e+00  -1.3129337e+00  -1.3534739e+00  -1.2445456e+00  -1.3430830e+00
   4.4821866e+00   3.0194354e+00   2.3751147e+00   1.5048320e+00   1.4374362e+00   1.0249092e+00   5.8902591e-01  -1.0168574e-01  -3.6573762e-01  -3.9531805e-01  -4.7360996e-01  -3.8893880e-01  -4.9023397e-01  -6.9073944e-01  -7.8528612e-01  -6.9256086e-01
   4.0254468e+00   2.9250982e+00   2.1159463e+00   1.7288799e+00   1.6246829e+00   9.8428118e-01   6.2013997e-01  -1.8771612e-02  -1.4343273e-01  -2.4661332e-01  -3.6381076e-01  -3.2716029e-01  -3.1686725e-01  -3.9795330e-01  -4.0914165e-01  -3.6437673e-01
   3.7903138e+00   2.6054207e+00   2.4158151e+00   1.5212571e+00   1.3053697e+00   7.1023099e-01   2.8535059e-02  -3.2492253e-01  -7.7431843e-01  -8.7362482e-01  -7.8400538e-01  -8.6901082e-01  -1.1978216e+00  -1.3835106e+00  -1.5675420e+00  -1.3243483e+00
   4.5637499e+00   3.1324631e+00   1.8720118e+00   1.6444862e+00   1.1425516e+00   7.7765672e-01   5.3640181e-01   9.8571215e-02   1.9357601e-02  -5.1599941e-02  -8.6810215e-02  -1.2827734e-01  -1.4392945e-01  -1.5284581e-01  -1.4151007e-01  -1.1442145e-01
   4.1339398e+00   2.6753084e+00   2.1272029e+00   1.8930201e+00   1.0786375e+00   1.0534346e+00   3.2785746e-01  -2.0301020e-01  -1.7194352e-01  -7.7248000e-01  -8.5339506e-01  -9.1376565e-01  -9.8487383e-01  -9.7583674e-01  -9.2134487e-01  -9.7079255e-01
   4.1761622e+00   3.3230099e+00   2.2711397e+00   1.6412817e+00   1.5916340e+00   1.1054223e+00   2.5277632e-01   1.4111109e-01   7.4761457e-04  -1.3166930e-01  -3.5794083e-01  -3.7855551e-01  -3.4194158e-01  -3.7165627e-01  -3.6784393e-01  -3.2890259e-01
   4.2270755e+00   2.7517705e+00   1.6781677e+00   1.5451583e+00   1.3884981e+00   1.1901302e+00   3.5427734e-01   1.3086972e-01  -8.0842235e-02  -2.0196707e-01  -3.0149460e-01  -3.4997383e-01  -3.3026205e-01  -3.7762947e-01  -3.6019606e-01  -3.2187264e-01
   4.5412666e+00   3.6697556e+00   2.5666627e+00   1.7178628e+00   8.5520017e-01   7.6799659e-01   5.0235979e-01  -1.9509777e-01  -4.3778495e-01  -5.6108745e-01  -8.1127821e-01  -5.7012741e-01  -7.4516701e-01  -9.8003476e-01  -1.0299675e+00  -9.4116346e-01
