   1.2057422e+00   2.0128688e-01  -4.3316212e-01   5.6747363e-01   1.8859834e-01  -6.7664463e-01  -1.0532038e+00  -1.3772974e+00  -1.2464946e+00  -1.4932793e+00  -1.7786066e+00  -2.2837018e+00  -2.2818725e+00  -2.1100803e+00  -1.9848688e+00  -2.0663136e+00
   1.9463105e+00   9.2364719e-01   5.0328532e-01   8.0931591e-01  -1.1883191e-01  -9.9716346e-01  -1.3689008e+00  -1.2197188e+00  -1.2372266e+00  -1.5983274e+00  -1.6908136e+00  -2.0258083e+00  -1.7427946e+00  -1.5341479e+00  -1.8087568e+00  -1.9925174e+00
   1.4184097e+00   1.2468273e+00   5.1124184e-01   5.6165805e-01  -3.6265973e-01  -9.6041575e-01  -1.1501038e+00  -1.3628191e+00  -1.2857014e+00  -1.1312202e+00  -1.5320460e+00  -1.5908555e+00  -1.0220845e+00  -3.8303055e-01  -1.0902560e+00  -1.8507821e+00
   1.1362072e+00   7.8763031e-01   1.7628028e-01   6.0022018e-01   2.9230464e-01  -7.3101529e-01  -1.1359955e+00  -1.2653734e+00  -1.1407506e+00  -1.5349292e+00  -1.7802505e+00  -1.8667084e+00  -1.5842893e+00  -1.6112545e+00  -1.8442319e+00  -1.8457368e+00
   8.4934793e-01   2.4084493e-01  -2.7293761e-01   3.9952271e-01   4.1885935e-02  -6.6996403e-01  -1.5900665e+00  -1.2394068e+00  -1.3770867e+00  -1.6734249e+00  -1.8106112e+00  -1.9562209e+00  -2.0339616e+00  -1.8349798e+00  -2.0730590e+00  -2.0041888e+00
   1.4035450e+00   6.1733439e-01   2.4670907e-01   4.7947245e-01  -6.2806652e-02  -4.7653306e-01  -1.3104357e+00  -1.3179605e+00  -1.1121481e+00  -1.8211908e+00  -1.7388874e+00  -1.8344400e+00  -1.7884305e+00  -1.5308690e+00  -1.5357620e+00  -1.8813123e+00
   1.5857401e+00   8.3976793e-01   2.1043512e-01   8.0913010e-01   2.9449762e-01  -7.0288523e-01  -1.4425139e+00  -8.4710770e-01  -8.7206604e-01  -1.3119321e+00  -1.4350450e+00  -1.7353047e+00  -1.5001343e+00  -1.3294356e+00  -1.1662576e+00  -1.6601650e+00
   1.8001731e+00   3.5668819e-01  -8.7608159e-02   8.7901124e-01   2.1885582e-01  -8.4652950e-01  -1.6795144e+00  -1.1075786e+00  -1.1955505e+00  -1.4298837e+00  -1.6614522e+00  -2.2333990e+00  -1.6387055e+00  -1.8218608e+00  -1.9972131e+00  -1.9511103e+00
   9.3168912e-01   9.0675909e-01   3.4269693e-01   9.7124967e-01   4.9659853e-01  -8.0216890e-01  -1.4859295e+00  -1.7259533e+00  -1.4249886e+00  -1.5808149e+00  -1.7950898e+00  -1.9781145e+00  -1.7418121e+00  -1.8925062e+00  -1.9785986e+00  -1.8221774e+00
   1.2677456e+00   7.1628009e-01   4.0240786e-01   6.0417487e-01   1.7547731e-02  -1.4618552e+00  -1.2713415e+00  -1.0996185e+00  -1.3430490e+00  -1.7943435e+00  -1.6868323e+00  -1.9763458e+00  -2.0512459e+00  -1.9236409e+00  -2.4434780e+00  -2.1856695e+00
   1.4707949e+00   8.2363548e-01   1.1276896e-01   6.3747966e-01  -3.1138190e-01  -1.1059109e+00  -1.4948032e+00  -9.6950033e-01  -1.2135546e+00  -1.6062134e+00  -1.7846710e+00  -1.9920553e+00  -2.2445649e+00  -2.1186614e+00  -2.1416587e+00  -1.6863852e+00
   9.7883060e-01   7.4989940e-01   2.9164415e-01   5.2348145e-01  -1.7450451e-01  -9.6433646e-01  -1.3890699e+00  -1.2024064e+00  -1.3204000e+00  -1.5755638e+00  -1.9470072e+00  -1.9689590e+00  -1.9373632e+00  -1.9733219e+00  -2.0276137e+00  -2.0264563e+00
   1.3568065e+00   6.7106465e-01   4.4586432e-01   9.4545702e-01   1.7153535e-01  -7.8430310e-01  -1.1632821e+00  -9.9079730e-01  -1.6046409e+00  -1.5639274e+00  -2.2106935e+00  -2.3726064e+00  -1.9500191e+00  -1.7529526e+00  -1.8042332e+00  -1.8090809e+00
   1.8633900e-01   2.3181875e-02   3.9799683e-01   7.5235091e-01   8.3698586e-02  -1.0666503e+00  -1.2452776e+00  -1.3866404e+00  -1.1259255e+00  -1.2596717e+00  -1.7458206e+00  -1.6636927e+00  -1.7566583e+00  -1.2080356e+00  -7.2589100e-01  -9.8353734e-01
   9.8764363e-01   3.8297642e-02  -6.9067759e-02   7.3093127e-01   2.7241841e-02  -7.4428679e-01  -1.3109834e+00  -1.3986957e+00  -9.6381429e-01  -1.5819391e+00  -1.9416709e+00  -1.8287418e+00  -1.8499585e+00  -1.9624442e+00  -1.8458873e+00  -1.9389838e+00
   1.2769669e+00   2.9613539e-01   3.6561337e-01   7.2238843e-01   1.5382692e-01  -6.6613358e-01  -1.5345108e+00  -1.4385130e+00  -1.0524382e+00  -1.4393112e+00  -1.8758511e+00  -1.6208773e+00  -1.6520967e+00  -1.7612523e+00  -2.0474087e+00  -1.9909213e+00
   1.4586749e+00   1.1021140e+00   6.8738723e-01   9.0558988e-01   9.1404301e-01   3.6309772e-01  -4.7286903e-01  -1.9876014e-01   3.6718670e-01  -2.6697962e-01  -1.3921111e+00  -1.6796427e+00  -1.7487155e+00  -1.2876678e+00  -1.7568048e+00  -2.0629381e+00
   1.5929691e+00   1.7836986e+00   6.4142602e-01   1.4976338e+00   1.5811842e+00   1.2579467e+00   1.9904404e-01   4.6819441e-01   1.3344992e+00   6.5577274e-01  -6.4951843e-01  -7.9182550e-01  -9.9070026e-01  -4.4955305e-01  -8.6375602e-01  -1.8437432e+00
   1.6322380e+00   1.3010490e+00   4.2836594e-01   1.0756471e+00   1.5890330e+00   1.8276246e+00   4.2491345e-01   7.5025687e-01   1.7130384e+00   9.1980344e-01  -4.1953273e-01  -1.7240373e-01  -7.7196361e-01   5.5248424e-02  -3.7265774e-01  -1.8071677e+00
   1.5573054e+00   1.6821145e+00   5.2129221e-02   9.6687481e-01   1.6691329e+00   1.8065589e+00   5.3128840e-01   7.0748804e-01   1.4946450e+00   7.4355616e-01  -7.4440176e-01  -5.1489589e-01  -1.0325896e+00  -7.1710623e-01  -9.3046406e-01  -1.7603755e+00
   1.6094459e+00   1.7407126e+00   1.1449793e+00   1.2878590e+00   1.7029237e+00   1.7260836e+00   5.1885855e-01   1.0096978e+00   1.7092394e+00   7.8606580e-01  -7.2359598e-01  -2.3434084e-01  -6.1193673e-01  -4.1187468e-01  -8.0805315e-01  -1.6707757e+00
   1.7643864e+00   1.9640617e+00   6.9613277e-01   1.1062194e+00   1.6425578e+00   1.8036691e+00   5.9580585e-01   1.0573007e+00   1.8459661e+00   8.6740019e-01  -3.5780711e-01  -4.3324720e-01  -7.0835715e-01  -1.5931356e-01  -7.1745860e-01  -1.8298460e+00
   1.7827313e+00   2.0408065e+00   7.1868384e-01   8.5565782e-01   1.3591006e+00   1.6503913e+00   6.9449789e-01   9.8164834e-01   1.7520680e+00   7.4852886e-01  -5.0202703e-01  -8.7315575e-01  -8.1720829e-01  -1.1009111e-01  -6.1635304e-01  -1.6741962e+00
   1.8221999e+00   2.1338444e+00   5.1168556e-01   6.3374510e-01   1.3404106e+00   1.5449783e+00   6.9766510e-01   1.1376864e+00   1.7704443e+00   6.7102508e-01  -5.9919845e-01  -6.5883773e-01  -7.2267015e-01  -3.2371042e-02  -4.8587590e-01  -1.6186240e+00
   1.4321105e+00   2.0481593e+00   5.5897784e-01   7.6919178e-01   1.5129674e+00   1.6119147e+00   6.5531197e-01   1.2126505e+00   1.7850973e+00   5.0899934e-01  -6.2840546e-01  -2.4967931e-01  -7.1848122e-01  -2.2403528e-01  -6.2577271e-01  -1.6417952e+00
   1.7325487e+00   1.9893125e+00   6.6902488e-01   1.0151937e+00   1.6380420e+00   1.4118022e+00   7.1244530e-01   1.1991820e+00   1.6540073e+00   4.4484497e-01  -8.8410208e-01  -4.9326289e-01  -8.2284987e-01  -2.9223380e-01  -7.3996040e-01  -1.7695184e+00
   1.5727911e+00   2.1255818e+00   5.6556785e-01   7.9698724e-01   1.5178098e+00   1.6332509e+00   6.2582214e-01   1.3004333e+00   1.5634373e+00   3.4630783e-01  -8.9530631e-01  -8.3303992e-01  -8.8809452e-01  -2.6399675e-01  -6.6997304e-01  -1.7295213e+00
   1.6201695e+00   1.6790090e+00   1.5386307e-01   4.9063345e-01   1.4364834e+00   1.6829585e+00   7.3387471e-01   1.3415529e+00   1.6278801e+00   2.7369222e-01  -8.3265371e-01  -8.2796645e-01  -5.8042523e-01  -2.2243262e-01  -7.0676539e-01  -1.6153682e+00
   1.7563426e+00   2.0137383e+00   9.9842082e-01   4.6627831e-01   1.3164069e+00   1.4450651e+00   7.1039441e-01   1.4258846e+00   1.5433318e+00   2.6854473e-01  -9.1574531e-01  -1.0482333e+00  -8.4512947e-01  -2.6843202e-01  -8.4433519e-01  -1.7695690e+00
   1.8323722e+00   2.1903868e+00   8.5087380e-01   1.0240068e+00   1.3013440e+00   1.4317456e+00   6.5379057e-01   1.4354438e+00   1.4778957e+00   1.0623840e-01  -9.6534649e-01  -9.0508808e-01  -7.3769325e-01  -3.0782883e-01  -7.8001011e-01  -1.7514896e+00
   1.6372356e+00   2.0336153e+00   8.6934273e-01   1.1594726e+00   1.4579043e+00   1.4566150e+00   6.8328257e-01   1.5659645e+00   1.5804332e+00   8.8487032e-02  -9.9035481e-01  -1.0319639e+00  -6.8319149e-01  -1.2695633e-01  -5.5070040e-01  -1.5555160e+00
   1.9944744e+00   2.2017362e+00   7.2682450e-01   1.0538350e+00   1.5474186e+00   1.2921422e+00   6.3900136e-01   1.6595891e+00   1.5129879e+00  -1.5786578e-01  -1.0112992e+00  -7.6889859e-01  -9.3627123e-01  -4.3640911e-01  -9.4827571e-01  -1.5216399e+00
   1.5263876e+00   1.8720970e+00   2.1045317e-01   1.0516699e+00   1.6425913e+00   1.3659067e+00   4.6190993e-01   1.6348357e+00   1.4959834e+00  -2.0457988e-01  -1.2396697e+00  -1.0774554e+00  -9.3098277e-01  -4.6534679e-01  -9.4058421e-01  -1.4724319e+00
   1.5377201e+00   1.9780781e+00   2.3891463e-01   6.4854278e-01   1.4815938e+00   1.3213538e+00   5.1638891e-01   1.7513986e+00   1.4088102e+00  -3.1851956e-01  -1.4430995e+00  -9.3659084e-01  -5.2780687e-01  -3.8009899e-01  -1.0473236e+00  -1.7164794e+00
   1.5994439e+00   1.8266970e+00   6.0489027e-02   7.2363599e-01   1.6507516e+00   1.2963288e+00   9.1620773e-02   1.5374130e+00   1.2139800e+00  -5.4551098e-01  -1.2659286e+00  -1.0908417e+00  -7.2909729e-01  -7.1830086e-01  -1.3015203e+00  -1.8636679e+00
   1.8523111e+00   1.9342303e+00   8.4816439e-01   1.2186154e+00   1.4229243e+00   1.2450300e+00   4.6735954e-01   1.0307577e+00   6.2330522e-01  -8.0062499e-01  -1.6443337e+00  -1.5673688e+00  -9.1580395e-01  -9.1058104e-01  -1.5033921e+00  -1.7675041e+00
   1.8683209e+00   2.1033053e+00   7.9905059e-01   1.2411412e+00   1.5482176e+00   1.0142572e+00   3.0054587e-01   1.1035131e+00   6.1670953e-01  -7.1025493e-01  -1.7429285e+00  -1.2825208e+00  -8.8756843e-01  -1.0999246e+00  -1.4189816e+00  -2.0118377e+00
   1.8320563e+00   2.0166888e+00   1.3462743e+00   1.3145336e+00   1.4925265e+00   1.1832733e+00   4.3360364e-01   1.1822887e+00   6.4727507e-02  -9.7455210e-01  -1.6872235e+00  -1.4704562e+00  -1.1692997e+00  -1.0730001e+00  -1.5619262e+00  -1.7713024e+00
   1.8225782e+00   1.8774599e+00   3.9945470e-01   7.0960015e-01   1.2846091e+00   1.0851153e+00   4.5154891e-01   1.2244857e+00   2.8865681e-01  -9.6476764e-01  -1.6716771e+00  -1.4939410e+00  -1.2497220e+00  -1.3443738e+00  -1.7405733e+00  -2.0409854e+00
   1.7847266e+00   2.1323043e+00   4.8049081e-01   5.7877253e-01   1.2705007e+00   1.0678349e+00   5.1930210e-01   1.2450201e+00   1.7745045e-01  -7.1224431e-01  -1.5719157e+00  -1.6619757e+00  -1.2383947e+00  -1.3012840e+00  -1.7260772e+00  -1.9734223e+00
   1.7871374e+00   1.9244468e+00   5.7193151e-01  -1.5250988e-01   1.1230543e+00   1.0705459e+00   3.6947696e-01   1.0301296e+00  -9.7822747e-02  -8.0657376e-01  -1.3733693e+00  -1.6083284e+00  -1.2872020e+00  -1.6481782e+00  -1.7269570e+00  -1.5448773e+00
   1.8965714e+00   1.9263643e+00   3.6388081e-01   9.5627121e-01   9.6788475e-01   8.6537222e-01   3.3901941e-01   9.4559991e-01  -2.3825885e-01  -1.0292777e+00  -1.6622830e+00  -1.5080817e+00  -1.4877065e+00  -1.8196303e+00  -1.9069259e+00  -1.8467925e+00
   1.9501202e+00   2.1511820e+00   6.7909876e-01   7.4313572e-01   9.0020792e-01   9.6396378e-01   2.1213412e-01   8.2880398e-01  -5.0485059e-01  -1.2572013e+00  -2.2252780e+00  -2.0641302e+00  -1.8151092e+00  -1.8061103e+00  -1.9610021e+00  -1.7657942e+00
   1.5491104e+00   1.8062858e+00   8.4979913e-01   9.4409941e-01   6.7675685e-01   9.2220896e-01   2.9608820e-01   6.7381362e-01  -7.0015464e-01  -1.4252073e+00  -1.8380169e+00  -2.1617274e+00  -1.6860896e+00  -2.0394764e+00  -1.8965994e+00  -1.9217117e+00
   1.8402620e+00   2.3150552e+00   5.0332112e-01   8.9116631e-01   7.4742382e-01   7.0756971e-01   1.7705861e-01   4.3021430e-01  -6.4538697e-01  -1.2175785e+00  -1.3715863e+00  -1.6631116e+00  -1.5615227e+00  -1.8884561e+00  -1.8356074e+00  -1.6641210e+00
   1.6634251e+00   2.0604627e+00  -3.0898461e-01   9.6746442e-01   8.2655474e-01   6.9460853e-01   2.0793895e-01   2.0082452e-01  -8.0633690e-01  -1.1725158e+00  -1.2562822e+00  -1.5898278e+00  -1.9064453e+00  -2.0781369e+00  -2.0534629e+00  -1.8656030e+00
   1.6276079e+00   2.0405879e+00   7.2957716e-02   1.2633664e+00   8.4164118e-01   4.9208450e-01  -2.2494034e-02   2.1495517e-02  -6.7028757e-01  -1.2259852e+00  -1.5313599e+00  -1.8197867e+00  -1.6346985e+00  -2.0826693e+00  -1.9150752e+00  -1.9044938e+00
   1.5245264e+00   2.0776653e+00   4.9815414e-01   7.2744841e-01   3.3242289e-01   2.9202284e-01  -6.3115233e-02  -3.5595969e-01  -7.9593251e-01  -1.3340493e+00  -1.7332519e+00  -1.9708110e+00  -1.5791515e+00  -1.7363074e+00  -2.1751522e+00  -2.0173064e+00
   1.2469828e+00   1.9275428e+00   6.5729597e-01   4.8784352e-01   6.7397653e-02  -1.3830111e-01  -3.6603131e-01  -7.2359429e-01  -1.0386742e+00  -1.4091304e+00  -1.7523661e+00  -1.8907495e+00  -1.6824537e+00  -1.8249024e+00  -1.9962496e+00  -1.8916279e+00
   1.4149789e+00   2.0518499e+00   3.5896171e-01   1.0297563e-01  -3.3481163e-01  -3.1981083e-01  -3.4246273e-01  -7.1587240e-01  -8.8668597e-01  -1.5015991e+00  -2.3355400e+00  -2.2309117e+00  -1.9311870e+00  -2.0022460e+00  -1.9864657e+00  -1.9814456e+00
   1.5314402e+00   1.7840851e+00   2.9048260e-01   1.2664406e-01  -3.5620851e-01  -7.2858010e-01  -8.7596096e-01  -1.1243196e+00  -9.3384141e-01  -1.3296331e+00  -1.8407926e+00  -2.0254811e+00  -1.9310032e+00  -1.8963826e+00  -2.0807606e+00  -1.8333968e+00
   1.7469746e+00   1.7228346e+00   3.4281012e-01   7.0622202e-01  -9.0104946e-02  -9.1637070e-01  -1.1179697e+00  -9.7016315e-01  -8.7215452e-01  -1.3546246e+00  -1.7604751e+00  -1.7967147e+00  -1.8129466e+00  -2.0111249e+00  -1.9783916e+00  -1.7839841e+00
   1.4990405e+00   1.1370237e+00   2.4670579e-01   5.2086425e-01  -2.2922396e-01  -5.3111846e-01  -1.0861669e+00  -8.6233059e-01  -1.6119609e+00  -1.6170964e+00  -1.8339129e+00  -1.9462651e+00  -1.8061998e+00  -1.7466822e+00  -1.8585599e+00  -1.8722784e+00
   1.4599563e+00   1.0227373e+00   1.3119330e-02   1.0358843e+00   2.6998783e-01  -4.4439887e-01  -8.9238923e-01  -8.6621709e-01  -1.2010503e+00  -1.0572242e+00  -1.5996833e+00  -2.1107903e+00  -2.0146287e+00  -1.8555725e+00  -1.8834523e+00  -2.0719024e+00
   1.2509531e+00   1.0597332e+00   2.8994759e-01   7.3660339e-01   3.5048024e-01  -5.9953628e-01  -8.4166222e-01  -5.3926688e-01  -1.0126879e+00  -1.3258922e+00  -1.8312736e+00  -1.8965041e+00  -1.7801522e+00  -1.9169941e+00  -1.8812446e+00  -1.7612975e+00
   1.2569589e+00   9.5524923e-01   4.7661416e-01   8.9531628e-01   8.2080393e-02  -5.5271060e-01  -7.3851712e-01  -8.9631448e-01  -1.2563668e+00  -1.5444231e+00  -1.8529005e+00  -2.1633696e+00  -2.1686796e+00  -1.9751414e+00  -2.1711219e+00  -1.8963234e+00
   1.3976527e+00   7.8367679e-01   6.4110357e-01   9.5985428e-01   7.3745798e-02  -5.8421301e-01  -8.0443887e-01  -8.0927567e-01  -9.1271413e-01  -1.4249320e+00  -1.7760647e+00  -1.9526058e+00  -2.0207800e+00  -2.0306574e+00  -2.1430775e+00  -1.7785461e+00
   1.5420341e+00   6.1487991e-01   2.8433616e-01   7.7344570e-01  -1.5223986e-01  -2.8267936e-01  -1.0667206e+00  -1.4098721e+00  -1.5328529e+00  -1.5867263e+00  -1.6915652e+00  -1.9049599e+00  -1.8830615e+00  -1.9378623e+00  -2.1077228e+00  -1.9588282e+00
   1.1552070e+00   1.4121660e-01   1.5016782e-01   6.3900767e-01  -1.9456799e-01  -2.8391273e-01  -8.0716988e-01  -1.1703786e+00  -1.3186350e+00  -1.5639524e+00  -1.7983184e+00  -2.2311251e+00  -1.7978683e+00  -2.0618473e+00  -2.0713241e+00  -1.9918294e+00
   1.1626418e+00   1.6184145e-01   1.1702874e-01   6.8405206e-01   3.5590576e-02  -8.9726118e-01  -1.3290502e+00  -1.1794404e+00  -8.0074842e-01  -1.5206521e+00  -2.0423697e+00  -2.3713191e+00  -1.9555550e+00  -1.9196777e+00  -1.8776702e+00  -1.8460390e+00
   8.3975074e-01   1.9332388e-01  -6.4286984e-03   7.0598770e-01   6.9853752e-02  -7.5448065e-01  -9.4271903e-01  -9.9072645e-01  -1.1066579e+00  -1.8687620e+00  -2.2457166e+00  -2.0616026e+00  -1.7071016e+00  -1.8725389e+00  -2.0427055e+00  -2.0149421e+00
   1.4807304e+00   1.0081116e+00   2.8831944e-01   7.4021413e-01   1.8077266e-01  -1.4983400e+00  -1.3032009e+00  -1.3141183e+00  -1.1510945e+00  -1.3282287e+00  -1.5736067e+00  -2.0084359e+00  -1.7472707e+00  -2.0645545e+00  -1.8392173e+00  -2.0122221e+00
   1.1979765e+00   9.2307541e-01   4.2811103e-02   7.9500355e-01   4.4048541e-01  -6.2836766e-01  -9.4142215e-01  -1.0996482e+00  -1.4305703e+00  -1.7523733e+00  -2.0738473e+00  -2.0912802e+00  -1.7873450e+00  -1.8083128e+00  -2.1278281e+00  -2.0992699e+00
   1.7685519e+00   4.2277969e-01  -1.4372491e-01   9.5982661e-01   5.3887730e-02  -8.2192469e-01  -1.3064324e+00  -1.4759232e+00  -1.7162365e+00  -1.6702367e+00  -2.2842527e+00  -2.1241449e+00  -2.1349712e+00  -1.9421579e+00  -2.1731639e+00  -2.0828529e+00
   1.3922145e+00   4.0399424e-01   1.5054939e-01   6.1760370e-01  -5.9341531e-02  -1.0138172e+00  -1.3938500e+00  -1.5244400e+00  -1.4012884e+00  -1.5875921e+00  -1.8124175e+00  -1.8329639e+00  -2.0074808e+00  -2.0308599e+00  -2.4824102e+00  -2.0284842e+00
   1.6603431e+00   7.3154919e-01  -1.3875218e-01  -4.8823801e-01  -4.0311369e-01  -9.2916864e-01  -1.2115247e+00  -1.2403285e+00  -1.4800209e+00  -1.5750296e+00  -1.8039086e+00  -2.1551915e+00  -2.0187678e+00  -1.8761112e+00  -2.2167149e+00  -1.9480735e+00
   8.8674794e-01   3.8922980e-01  -3.7214777e-02   3.7517439e-01   4.8825959e-02  -7.9206416e-01  -1.2848535e+00  -7.5478722e-01  -1.6673372e+00  -1.9199626e+00  -2.2801359e+00  -2.4272480e+00  -2.0501435e+00  -1.8950357e+00  -1.8682081e+00  -1.9125423e+00
   6.0985889e-01   9.2758970e-01  -1.3796459e-02   2.9747766e-01  -1.9322069e-01  -3.7222984e-01  -1.2117443e+00  -7.6428054e-01  -1.0115522e+00  -1.4735841e+00  -1.9659422e+00  -2.2044172e+00  -1.8596190e+00  -2.0058586e+00  -2.0913205e+00  -1.9229917e+00
   1.3777552e+00   6.2209502e-01  -1.7155768e-01   3.3298375e-01  -2.7865237e-01  -9.4275497e-01  -1.5269201e+00  -9.4525913e-01  -1.1475052e+00  -1.3152356e+00  -1.9826419e+00  -1.7866254e+00  -1.6168611e+00  -2.0790188e+00  -2.2265592e+00  -2.0850163e+00
   1.5379817e+00   4.6387301e-01   1.4649286e-01   6.5808724e-01  -5.8983214e-01  -1.0632769e+00  -1.4272268e+00  -1.4295676e+00  -1.3251998e+00  -1.5249781e+00  -1.4819520e+00  -1.9349240e+00  -1.9868667e+00  -1.6561784e+00  -2.0620200e+00  -2.0083229e+00
   1.4068409e+00   1.7603158e-01   1.0422895e-01   5.7124136e-01  -7.4271935e-02  -1.5635327e+00  -1.4828990e+00  -1.4434322e+00  -1.5293041e+00  -1.3621533e+00  -1.7248581e+00  -2.3551592e+00  -1.9340731e+00  -1.7086043e+00  -2.1936354e+00  -2.0055902e+00
   1.2749990e+00   4.4897562e-01  -2.2595621e-01   6.2442425e-01   1.2280822e-02  -1.1405813e+00  -1.5972702e+00  -1.1905781e+00  -8.1389886e-01  -1.5056849e+00  -1.6445439e+00  -2.2222429e+00  -1.9948820e+00  -1.7555776e+00  -2.0471723e+00  -1.9837326e+00
   5.2508774e-01  -9.7322220e-02   2.9538565e-01   9.4063012e-01  -1.2561756e-01  -1.0636738e+00  -1.1113050e+00  -1.2729010e+00  -1.2335506e+00  -1.3104221e+00  -2.0445318e+00  -1.9438442e+00  -1.8612691e+00  -1.9751463e+00  -2.2090269e+00  -1.9587046e+00
   1.7256352e+00   1.1500456e+00   4.4362292e-01   2.6802578e-01  -2.5306287e-01  -1.0942145e+00  -1.1398876e+00  -1.2862346e+00  -1.6744149e+00  -1.6126153e+00  -1.7057882e+00  -2.0839564e+00  -1.8736496e+00  -1.9942695e+00  -2.1690729e+00  -2.0462530e+00
