   3.8700932e+00   3.1035808e+00   2.8264647e+00   1.8226943e+00   1.8940688e+00   1.9078706e+00   1.2416720e+00   8.9933816e-01   5.7775279e-01   5.1187776e-01   4.5922378e-01   6.5011496e-01   4.2428660e-01   4.2303986e-01   1.2053709e-01   6.7848893e-02
   4.4989456e+00   3.1128347e+00   2.3273503e+00   1.8038899e+00   1.7942913e+00   1.6042280e+00   1.2841824e+00   8.6694403e-01   4.7391079e-01   2.7728289e-01  -2.3897886e-03   1.6093869e-01   1.8196303e-01   6.8395805e-03  -3.8200680e-01  -3.9329611e-01
   3.8476314e+00   2.9545796e+00   1.6124215e+00   1.9048883e+00   1.9996807e+00   1.6961384e+00   1.0539793e+00   1.0157528e+00   1.0204618e+00   3.2696372e-01   1.5918217e-01   1.2794606e-01   6.2200633e-02  -1.6683203e-02  -5.2077550e-02  -2.2498265e-01
   3.2767458e+00   2.4685968e+00   2.5114940e+00   1.7467807e+00   1.4545405e+00   1.6281724e+00   1.2763676e+00   1.3596149e+00   1.1494302e+00   6.0263201e-01   3.4338586e-01   3.5204101e-01   2.6631677e-01   6.2239763e-02  -4.1724631e-01  -5.1906605e-01
   2.9043462e+00   3.3459133e+00   2.6355610e+00   2.2139001e+00   1.3134990e+00   1.5183764e+00   1.3484949e+00   9.6308873e-01   1.0338314e+00   4.4261731e-01   3.8233871e-01   1.8656949e-01   4.2012971e-02  -1.4721032e-01  -3.0188288e-01  -5.2725890e-01
   3.3292461e+00   2.4987047e+00   2.3366987e+00   1.7247684e+00   1.2038736e+00   1.6606640e+00   1.2359704e+00   6.2386073e-01   7.4865253e-01   5.3345527e-01   3.3445564e-01   3.0547961e-01  -1.4649613e-01  -3.5345593e-01  -1.6418227e-01  -4.5334178e-01
   3.9772935e+00   2.8088788e+00   1.7033806e+00   1.4896688e+00   1.5095355e+00   1.9297193e+00   1.2645434e+00   8.9600224e-01   8.4807609e-01   2.5028031e-01   3.3436337e-01   2.3895687e-01   6.4901037e-02  -2.7998180e-01  -4.1236786e-01  -9.2190248e-01
   3.6776080e+00   2.4538411e+00   2.1450452e+00   2.2197999e+00   1.6740089e+00   1.6077424e+00   1.2010379e+00   4.5405511e-01   5.6947858e-01   3.2863009e-01  -7.8961271e-02  -1.5976737e-01   9.0519404e-03  -4.4719265e-01  -6.4713690e-01  -9.3013055e-01
   3.7372076e+00   3.4993015e+00   2.7816189e+00   1.9332981e+00   1.1669519e+00   1.5526071e+00   1.0691211e+00   8.1860351e-01   5.7156404e-01   2.4796683e-01   2.3541438e-01   1.8568479e-01  -1.2856885e-01  -3.6593114e-01  -3.5168396e-01  -7.2456040e-01
   3.7775998e+00   3.3469616e+00   2.8239429e+00   1.9197772e+00   1.6805429e+00   1.9508476e+00   1.2236900e+00   4.5900149e-01   5.1836717e-01  -4.6760183e-02   1.7131016e-01   1.6240861e-01  -2.5067951e-02  -3.9480637e-01  -3.7298071e-01  -7.9032985e-01
   3.6687054e+00   2.9291726e+00   2.3599197e+00   1.6971836e+00   1.5050757e+00   1.7728327e+00   1.5037512e+00   9.6959359e-01   6.2255008e-01   4.9388988e-01   1.5100089e-01   4.6616818e-01   3.0831263e-01  -3.9467549e-01  -8.6827910e-01  -1.0736995e+00
   3.4126783e+00   2.7726889e+00   1.8619280e+00   1.0157210e+00   9.9839964e-01   1.4202235e+00   1.0767165e+00   1.3738042e+00   8.2932307e-01   3.1852526e-01   2.1520897e-01   3.4135516e-01   3.3949715e-01  -3.3518097e-01  -8.6267937e-01  -7.9953433e-01
   3.5777451e+00   2.4680172e+00   1.8493246e+00   1.5210216e+00   9.4549361e-01   1.0703114e+00   9.1066833e-01   1.0792221e+00   6.9980100e-01   5.8582892e-01   2.2504061e-01   1.7911931e-01   7.5635650e-02  -2.6208701e-01  -5.6408323e-01  -8.9770467e-01
   3.9794179e+00   2.7379669e+00   2.0254781e+00   1.7659597e+00   1.4913848e+00   1.6091952e+00   1.4884644e+00   1.0437800e+00   7.7421578e-01   4.5727930e-01   2.7301987e-01   4.3887569e-01   1.4288590e-01  -1.1334752e-01  -2.8175083e-01  -2.6157226e-01
   4.2550532e+00   3.1489343e+00   2.8924900e+00   2.4089795e+00   1.7136172e+00   1.7711703e+00   1.4552376e+00   1.1589322e+00   7.6026875e-01   2.7077004e-01   3.8541751e-01   4.3151990e-01   2.4283512e-01  -2.8997910e-01  -5.4965231e-01  -5.1738523e-01
   3.0656986e+00   2.9111684e+00   2.6804148e+00   1.7423157e+00   1.7038193e+00   1.6050479e+00   9.5440748e-01   1.1221658e+00   6.8119004e-01   5.2053610e-01   5.4845534e-01   5.4453524e-01   4.2912756e-01   3.3786114e-01   3.7173708e-01   3.8816038e-01
   4.3728866e+00   3.1377868e+00   2.1576874e+00   1.8971774e+00   1.9231686e+00   1.8003620e+00   1.1210564e+00   1.0288542e+00   9.3592061e-02   4.9438345e-02   1.3440696e-01   8.1076692e-02  -4.5415699e-02  -4.4745868e-01  -8.4019045e-01  -8.6916036e-01
   3.7669748e+00   2.7442962e+00   2.3894072e+00   2.4382738e+00   1.5378957e+00   1.1747264e+00   8.1678074e-01   9.9435909e-01   7.0901548e-01   6.8193268e-02   2.6112709e-01   3.1449136e-01   6.3294168e-02  -4.4617463e-01  -7.8502031e-01  -7.8427499e-01
   4.1961833e+00   3.1864274e+00   2.3257928e+00   2.3054382e+00   1.5596977e+00   1.6927776e+00   1.2771932e+00   1.5756185e+00   1.1457337e+00   5.1210158e-01   5.7995942e-01   8.3566410e-01   5.0137952e-01  -6.1745696e-02  -4.7985649e-01  -7.3193854e-01
   3.8489266e+00   3.0214796e+00   2.4714270e+00   2.0698587e+00   1.3378514e+00   9.4072052e-01   8.0031132e-01   1.0320443e+00   7.9074429e-01   5.6850899e-01   2.0931870e-01   6.1424733e-01   5.0796428e-01  -1.5542746e-01  -5.0956520e-01  -6.7745158e-01
   3.5165956e+00   3.3484290e+00   2.1497789e+00   1.7230027e+00   1.5411658e+00   1.4847658e+00   1.1065840e+00   1.0659841e+00   4.9185418e-01   2.6534228e-01   1.0931152e-01   4.5772768e-01   4.2781657e-01  -2.8000757e-01  -4.5540501e-01  -7.3444811e-01
   3.1866503e+00   3.3589878e+00   2.3295034e+00   1.7483723e+00   1.3291191e+00   1.3055595e+00   1.4391301e+00   1.1189776e+00   7.9842294e-01   4.4577423e-01  -9.6551287e-02   2.4462560e-01   2.9286736e-01  -3.2610652e-01  -5.1431625e-01  -6.7509124e-01
   3.3746214e+00   2.9109247e+00   2.4320842e+00   1.9552636e+00   1.4799011e+00   1.3668130e+00   1.0156421e+00   1.0104649e+00   4.5788702e-01   4.5859637e-01   2.8039920e-01   2.4224513e-01  -3.0406714e-01  -3.9172813e-01  -4.8652346e-01  -7.5351348e-01
   3.1693363e+00   2.5722914e+00   1.9528801e+00   1.4279293e+00   1.4466194e+00   1.8311514e+00   8.9197389e-01   1.1487754e+00   7.4421400e-01   5.2758684e-01   2.8018088e-01   2.5164131e-01   1.8264449e-01   7.7698167e-02  -1.0818351e-01  -2.2094456e-01
   4.0766081e+00   2.8146594e+00   2.7630101e+00   2.1247850e+00   1.8458295e+00   1.5751034e+00   7.2040990e-01   7.8964826e-01   7.3634454e-01   4.1153121e-01   1.5967772e-01   3.0005527e-01   7.7220890e-02   8.3432784e-02  -4.8261314e-01  -6.9787557e-01
   3.7145000e+00   3.0438396e+00   2.4044805e+00   1.3888863e+00   1.5280401e+00   1.3658597e+00   9.9294570e-01   1.2671010e+00   7.1568664e-01   2.7583218e-01   3.4362433e-01   4.2621460e-01   3.4109902e-01   1.4080517e-01  -2.0239938e-01  -4.3988601e-01
   3.7315511e+00   3.0347890e+00   2.2248442e+00   1.9600051e+00   1.5934383e+00   1.7723135e+00   1.3087537e+00   1.2570206e+00   5.7569982e-01   4.5405405e-01   3.2212712e-01   7.7387363e-01   6.0972113e-01   5.8353916e-01  -2.4883938e-01  -1.3655059e-01
   2.7744862e+00   2.4991916e+00   2.2739721e+00   1.5740912e+00   1.6312214e+00   1.6981715e+00   1.0839895e+00   1.1082141e+00   9.2071314e-01   3.4214683e-01  -2.0052602e-01   3.2164621e-01   4.7192772e-01   4.5183038e-01  -2.0498442e-01  -9.4091338e-02
   3.6915388e+00   2.6878216e+00   2.1208877e+00   2.0976235e+00   1.3344745e+00   1.5161255e+00   1.6957191e+00   1.1398292e+00   1.0714213e+00   1.2594540e-01   1.4894866e-01   3.3299194e-01   5.6175311e-01   2.3773880e-01  -4.7050047e-01   9.3181613e-02
   3.7117398e+00   3.1249836e+00   3.0753838e+00   2.2362469e+00   1.5645093e+00   1.8043180e+00   1.3173434e+00   8.5669455e-01   9.2019504e-01   2.4668167e-01   4.2877248e-01   7.5809009e-01   8.5031358e-01   5.9030345e-01  -4.4441274e-01   1.2597222e-01
   4.2446133e+00   3.2633353e+00   2.6383934e+00   1.7489711e+00   1.4739381e+00   1.5491583e+00   1.0226011e+00   1.0026196e+00   1.1162516e+00   6.1274311e-01   8.7119820e-01   1.0246477e+00   1.5199544e+00   1.1208672e+00  -2.2363400e-01  -4.7667172e-02
   3.3501770e+00   3.4009745e+00   3.0227182e+00   1.7264694e+00   1.5627705e+00   1.2887697e+00   6.7912529e-01   1.0332903e+00   9.9735176e-01   4.9056566e-01   6.2197437e-01   9.4238698e-01   1.6814437e+00   1.7991045e+00   6.4818180e-01   7.4285628e-01
   4.0903708e+00   3.7186915e+00   3.1819919e+00   2.0483586e+00   1.7695507e+00   1.3088419e+00   8.7958530e-01   1.0057541e+00   1.0152528e+00   6.8347871e-01   1.2860297e+00   1.3228485e+00   1.8096864e+00   1.7166662e+00   6.8209082e-01   7.5446341e-01
   3.9365143e+00   3.7358386e+00   2.9606469e+00   1.9906161e+00   1.6203475e+00   1.7547104e+00   1.6566623e+00   1.3998723e+00   1.1748228e+00   1.2771082e+00   1.8126928e+00   2.2246588e+00   2.9891687e+00   2.7901284e+00   1.2487506e+00   7.1225133e-01
   4.3026151e+00   3.8031298e+00   3.2898915e+00   2.6348438e+00   1.7685741e+00   1.7964205e+00   1.4626783e+00   9.8205198e-01   1.2203605e+00   9.9122649e-01   2.0261231e+00   2.0747690e+00   3.1270847e+00   3.0949225e+00   1.7296730e+00   1.0368025e+00
   4.6120664e+00   3.5565829e+00   2.9773479e+00   2.3399331e+00   1.9927103e+00   1.8895911e+00   1.4603239e+00   1.0679880e+00   8.5858578e-01   9.8150883e-01   1.8405411e+00   2.1174889e+00   3.1332091e+00   2.9947385e+00   1.8734502e+00   1.2284370e+00
   4.1608648e+00   3.5294745e+00   2.8132637e+00   1.9959028e+00   1.6467224e+00   1.4934550e+00   1.2074629e+00   1.2105025e+00   8.4475393e-01   1.0300268e+00   1.9162468e+00   2.1201129e+00   3.1635205e+00   3.0515462e+00   2.0445215e+00   1.4887226e+00
   4.2306491e+00   3.8677695e+00   3.1357447e+00   2.3690588e+00   1.7431226e+00   1.4775741e+00   1.5077449e+00   1.0446583e+00   9.2399467e-01   6.7752899e-01   1.9783430e+00   2.1116075e+00   3.0607479e+00   2.9436295e+00   1.8903002e+00   1.3308427e+00
   4.0338394e+00   3.3496327e+00   2.9299648e+00   2.3057441e+00   1.7078471e+00   1.7412899e+00   1.2450585e+00   1.1468001e+00   9.1215169e-01   8.4798051e-01   2.0092446e+00   2.1028881e+00   3.1957953e+00   3.1251805e+00   2.0984925e+00   1.4789447e+00
   3.7608032e+00   3.2446381e+00   3.0018454e+00   1.9282979e+00   1.4078299e+00   1.7424165e+00   1.0068681e+00   7.0716475e-01   6.7158824e-01   1.0504810e+00   2.1748986e+00   2.2083074e+00   3.2103708e+00   3.1801240e+00   2.1917120e+00   1.5209118e+00
   3.6374671e+00   3.6008564e+00   3.0475447e+00   2.4585670e+00   2.0194056e+00   1.9649693e+00   1.1595815e+00   1.0129650e+00   9.5318821e-01   1.0396899e+00   2.3441375e+00   2.1781752e+00   3.1171102e+00   3.0716405e+00   2.1443615e+00   1.3928378e+00
   3.8034967e+00   3.9398691e+00   3.1886659e+00   2.4032668e+00   1.9639616e+00   1.7704729e+00   1.2358755e+00   1.2386437e+00   1.0637658e+00   1.1698878e+00   2.4145440e+00   2.1870300e+00   3.1147539e+00   3.0360638e+00   2.1177059e+00   1.3584325e+00
   4.5301287e+00   3.7525330e+00   2.9109478e+00   2.0882910e+00   1.8971306e+00   1.6396129e+00   8.3225971e-01   5.3907430e-01   8.2383473e-01   1.2755239e+00   2.2778117e+00   2.0877473e+00   2.8588092e+00   2.8963978e+00   2.0164969e+00   1.1769116e+00
   4.0206355e+00   3.7369495e+00   2.9364882e+00   2.5494744e+00   1.8199970e+00   1.5976783e+00   1.2788095e+00   4.4119052e-01   6.2701610e-01   8.4613267e-01   2.1268505e+00   2.1403365e+00   2.8958446e+00   2.9665669e+00   2.0442596e+00   9.2885546e-01
   3.7785786e+00   3.2878835e+00   2.7601486e+00   2.1328317e+00   1.4902127e+00   1.3662780e+00   1.1775072e+00   1.1056313e+00   8.0918177e-01   6.7286368e-01   2.1665368e+00   2.2338927e+00   2.9786134e+00   2.9861921e+00   1.9713419e+00   8.8320526e-01
   3.9422485e+00   3.5549033e+00   2.5148059e+00   2.1570695e+00   1.3001823e+00   1.2588963e+00   1.0728539e+00   8.5976199e-01   9.8444765e-01   8.0514742e-01   2.1434950e+00   2.1893615e+00   2.8685651e+00   2.7397003e+00   1.9179295e+00   7.2923759e-01
   4.0078593e+00   3.0649042e+00   2.4510762e+00   2.3304654e+00   1.5027925e+00   1.1999655e+00   1.0930488e+00   1.2397542e+00   1.2406440e+00   1.0690807e+00   2.2332567e+00   1.9833374e+00   2.6581147e+00   2.7789915e+00   1.8488720e+00   6.4032058e-01
   3.5802462e+00   3.2326253e+00   2.3866611e+00   1.9238127e+00   9.8399545e-01   1.3106357e+00   8.2907419e-01   1.1095964e+00   8.3574223e-01   7.8471527e-01   2.1333300e+00   1.9547874e+00   2.5855938e+00   2.6097205e+00   1.5277341e+00   2.2193784e-01
   4.3072961e+00   2.7661849e+00   2.1308881e+00   1.7103609e+00   1.6178451e+00   1.3130652e+00   9.4742942e-01   6.3891376e-01   4.5824022e-01   7.7412104e-01   1.8868597e+00   1.8868717e+00   2.3498586e+00   2.3574028e+00   1.2808380e+00  -3.8620736e-03
   3.5659318e+00   2.4723389e+00   1.8047940e+00   1.9498302e+00   1.6085506e+00   1.5304839e+00   9.1000901e-01   8.5037565e-01   8.3234732e-01   7.0041073e-01   1.7083850e+00   1.2747685e+00   1.3925377e+00   1.5364901e+00   5.7516048e-01   2.1168190e-01
   3.7161021e+00   3.3557775e+00   2.3211532e+00   2.1033824e+00   1.9490083e+00   1.6751506e+00   6.3444580e-01   8.7892288e-01   8.2230526e-01   3.3091497e-01   1.2374697e+00   6.3294873e-01   6.7860003e-01   9.3531006e-01   6.9186685e-02  -4.0636660e-01
   4.1424423e+00   3.7033865e+00   2.8409280e+00   2.4614367e+00   1.7688301e+00   1.8350920e+00   1.1296470e+00   6.3267237e-01   2.9010122e-01   1.0772741e-01   8.1196287e-01   6.9071920e-01   6.9744389e-01   5.1219327e-01  -2.7326319e-01  -5.9142766e-01
   3.7364815e+00   3.4840415e+00   1.9099467e+00   1.5313403e+00   1.6582908e+00   1.8952559e+00   1.3122509e+00   8.7666515e-01   3.2165549e-01  -8.6252039e-02   3.4968393e-01   3.2521825e-01   6.7343740e-01   6.4064225e-01  -4.5414321e-01  -6.2262876e-01
   3.5683869e+00   3.3508038e+00   2.3513101e+00   1.9272263e+00   1.6770925e+00   1.3251069e+00   1.4444756e+00   9.5527022e-01   7.9804298e-01   2.2740996e-01   1.2703381e-01   3.3833545e-01   2.7898017e-01   1.0709356e-01  -1.8242139e-01  -2.3210106e-01
   4.0730294e+00   2.8389639e+00   2.3062303e+00   1.7120071e+00   1.5603945e+00   1.8231967e+00   1.2388214e+00   5.6142977e-01   8.7483295e-01   3.8270862e-01   2.4418641e-01   1.5796407e-01   2.1491169e-01   3.0932646e-02  -3.7759560e-01  -3.2467102e-01
   3.9433593e+00   2.6828330e+00   2.5610248e+00   1.6535640e+00   1.3478765e+00   1.5546089e+00   1.1799929e+00   5.3614373e-01   7.4965955e-01   6.1975877e-02   5.9250090e-02   1.8553419e-01   1.8135560e-01  -3.0043795e-01  -5.7716104e-01  -8.1491450e-01
   4.1210321e+00   2.9341280e+00   2.7710844e+00   1.9416515e+00   1.4110252e+00   1.3427853e+00   1.3844437e+00   1.0784007e+00   7.4919553e-01   6.4394392e-01   4.1298339e-01   5.6930588e-01   3.5314307e-01   1.9844296e-01  -3.6207231e-04  -2.5290216e-02
   3.8336949e+00   3.2290538e+00   2.7169836e+00   1.9054099e+00   1.9155137e+00   1.7421944e+00   1.1144312e+00   7.7219444e-01   8.1420465e-01   4.3887417e-01   8.4712798e-02   3.7391652e-01   3.0292347e-01   1.0683248e-01  -5.0433749e-01  -7.0502588e-01
   4.0789926e+00   2.6254431e+00   2.0990342e+00   2.0321647e+00   2.0532914e+00   1.6917801e+00   1.0107796e+00   7.0352097e-01   7.2304663e-01   2.8974593e-01   4.6484356e-01   5.2735083e-01   4.7589038e-01   2.9712568e-01   2.6449060e-01   2.4584636e-01
   4.4832354e+00   2.7479242e+00   2.1842297e+00   1.8585008e+00   1.4570296e+00   1.5004735e+00   1.0477798e+00   1.6619997e-01   6.3999686e-02  -2.7760285e-01   7.0574739e-02   8.4442470e-02   1.0678582e-01  -7.6913672e-03   6.8093900e-02  -6.7124447e-02
   3.7375633e+00   3.3672748e+00   2.4877541e+00   2.0999064e+00   1.7345326e+00   1.6776746e+00   1.4262927e+00   7.9717998e-01   7.2641666e-01   6.6686264e-01   6.0490043e-01   7.1110838e-01   6.1672038e-01   5.3883235e-01   5.3800987e-01   5.1531392e-01
   4.0279664e+00   2.8793259e+00   2.3867280e+00   1.9277810e+00   1.5597296e+00   9.7372128e-01   6.7727790e-01   4.7490364e-01   6.8207608e-01   5.3535566e-01   3.6331064e-01   4.2419583e-01   3.5713441e-01   2.9311517e-01   2.1749147e-01  -2.9639989e-01
   4.3254954e+00   2.8091081e+00   2.5126011e+00   1.9486387e+00   1.7331687e+00   1.2847012e+00   1.0083376e+00   1.0291133e+00   6.8476663e-01   4.9795623e-01   5.5270887e-01   6.3050287e-01   5.8845519e-01   3.8637882e-01   5.2789984e-01   2.6825565e-01
   3.9899165e+00   2.8001135e+00   2.6625165e+00   1.8101300e+00   1.6251658e+00   1.4694995e+00   1.1969965e+00   4.8548306e-01   3.8249272e-01   3.7654685e-01   4.3071309e-01   5.1397435e-01   3.4837039e-01   2.5304055e-02   1.8806304e-01  -6.1514129e-02
   4.1457019e+00   2.8948029e+00   2.0934120e+00   1.9483354e+00   1.7166450e+00   1.6690583e+00   8.7567090e-01   8.5455380e-01   9.1067999e-01   4.7447972e-01   3.9412126e-01   4.5086797e-01   2.4708777e-01   1.4060865e-01   2.2421692e-01  -2.5224366e-02
   3.5596548e+00   2.9491153e+00   2.6199604e+00   2.0260078e+00   1.9031943e+00   9.5602170e-01   6.2231818e-01   3.2897785e-01   2.3650960e-01   4.6844501e-01  -3.6996440e-03   8.9348360e-02   2.2651674e-01  -2.8505124e-01  -1.1322206e-01  -7.6289573e-01
   3.4875067e+00   2.9568317e+00   2.0820231e+00   1.7292342e+00   1.8407440e+00   1.8774563e+00   1.2618184e+00   7.2150012e-01   5.9062162e-01   5.2406408e-01   3.4518019e-01   3.1209609e-01   3.7150127e-01   2.6578582e-01   2.5434129e-01   2.0952139e-01
   4.6753362e+00   3.1691539e+00   2.1807138e+00   1.5558283e+00   1.4230810e+00   1.3982232e+00   1.0722588e+00   4.5645231e-01   2.8198911e-01   1.3300444e-01   2.8493018e-02   2.8060528e-01  -4.9147600e-02  -3.1161613e-01  -2.3307692e-01  -2.5802201e-01
   4.1207232e+00   3.1802581e+00   2.1140072e+00   1.7611291e+00   1.3192119e+00   1.4401845e+00   6.4740437e-01   5.7890811e-01   6.1621664e-01   1.2399231e-01   2.2732502e-01   2.2222649e-01   1.9151947e-01  -1.1485152e-01  -1.5664354e-01  -2.3807008e-01
   3.5757824e+00   3.2969081e+00   2.8080939e+00   2.3212790e+00   1.7402565e+00   1.8129103e+00   9.9544095e-01   4.2890953e-01   4.6934659e-01   3.1356906e-02   2.7175200e-01   3.9618898e-01   3.3305263e-01  -2.2206061e-01  -4.6063503e-01  -6.4702226e-01
   3.0091466e+00   3.1596595e+00   2.2876893e+00   1.8943880e+00   1.3851589e+00   1.6544322e+00   1.1184470e+00   8.3000952e-01   6.0455896e-01   2.0491140e-01   1.5860432e-01   2.8985984e-01   9.9624638e-02  -3.2531022e-01  -4.6946403e-01  -8.3567708e-01
   2.8861176e+00   2.9321578e+00   2.3514771e+00   1.5783497e+00   1.3578002e+00   1.3368976e+00   8.9351096e-01   9.4212859e-01   1.0007777e+00   4.7781238e-01  -1.6899316e-01   1.2503966e-01  -7.5672751e-02  -3.1496492e-01  -4.7898824e-01  -8.1029185e-01
   3.1983620e+00   2.7785452e+00   1.9392057e+00   1.5772415e+00   1.7698675e+00   1.5418129e+00   9.9703837e-01   8.2088917e-01   6.7643522e-01   8.8186524e-02  -2.5400070e-02   2.0813152e-01  -2.4807803e-01  -5.3246488e-01  -4.8260474e-01  -8.0947920e-01
   3.5241732e+00   2.6415675e+00   2.2936334e+00   2.2980608e+00   1.6538971e+00   1.7033783e+00   1.3427182e+00   4.6744259e-01   6.0126146e-01   4.9948339e-01   5.4657968e-02   1.7322210e-01  -6.7354857e-02  -4.4931940e-01  -6.3879007e-01  -6.8683015e-01
   3.9024837e+00   3.0464224e+00   2.4018430e+00   2.1754535e+00   1.6058695e+00   9.4066181e-01   7.1607745e-01   6.2878177e-01   7.5059575e-01   5.0023414e-01   1.5152749e-01   3.7691959e-01   2.6083033e-01   2.7859066e-02  -8.0838186e-02  -7.7830954e-02
   4.1777393e+00   2.6326491e+00   2.3457718e+00   1.8002506e+00   1.1289084e+00   9.3457649e-01   7.8162851e-01   7.3705460e-01   8.5078222e-01   1.2346696e-01   1.5165892e-01   3.3417991e-01   1.5519453e-01  -1.8183948e-01  -4.4855988e-01  -5.9927257e-01
   3.7285218e+00   2.6958810e+00   1.9576248e+00   1.4273400e+00   1.0847239e+00   1.2003229e+00   8.6298047e-01   6.5615703e-01   8.4559555e-01   3.8915479e-01   1.4965947e-01   3.1778148e-01   9.9428135e-02  -6.4541689e-02  -3.8328227e-01  -4.7979218e-01
   2.9067598e+00   2.9244241e+00   2.5630219e+00   1.8090647e+00   1.3518318e+00   1.5406930e+00   1.0256797e+00   7.1686220e-01   6.4572131e-01   1.3417707e-01   5.8713570e-03   3.2279154e-01   1.6085210e-01  -2.7212053e-01  -3.8167789e-01  -3.3843305e-01
   4.0242636e+00   3.0298805e+00   2.9297870e+00   2.3474008e+00   1.9275467e+00   1.6715045e+00   1.1286197e+00   2.2595191e-01   4.2808540e-01   1.7350894e-01  -2.1342473e-01   2.7721923e-01  -1.5226715e-01  -3.4449802e-01  -3.8710099e-01  -7.8385935e-01
   4.2634329e+00   3.3433454e+00   2.1007697e+00   1.6813144e+00   1.0266604e+00   1.2031524e+00   1.2982237e+00   6.8650358e-01   5.4595622e-01   3.0327851e-01  -2.3082568e-01   3.0352339e-01   1.3927737e-02  -3.6432892e-01  -6.3918812e-01  -7.9309500e-01
   4.1186966e+00   2.4412806e+00   1.6747817e+00   2.2984640e+00   2.0171511e+00   1.3000667e+00   7.2462164e-01   8.1058839e-01   7.2536578e-01   3.6658701e-01  -5.8130963e-02  -7.1487602e-03  -1.1865753e-02  -4.7130075e-01  -4.9685142e-01  -6.8760806e-01
