  -2.9043000e+00  -5.3880839e+00  -6.0503226e+00  -6.4570588e+00  -6.2569703e+00  -6.1322831e+00  -6.1839888e+00  -5.7671600e+00  -5.7289081e+00  -5.5861431e+00  -5.7649048e+00  -5.4208288e+00  -5.2595576e+00  -5.2120942e+00  -5.0195221e+00  -5.3894526e+00
  -3.2685110e+00  -6.5442361e+00  -6.0975846e+00  -6.2970416e+00  -6.8549459e+00  -6.2862272e+00  -5.8929890e+00  -5.8894299e+00  -6.0323253e+00  -5.8398174e+00  -6.1842760e+00  -5.5916707e+00  -5.5235800e+00  -5.4275325e+00  -5.4245321e+00  -5.2387997e+00
  -3.2485650e+00  -6.9515862e+00  -6.9093632e+00  -6.6506649e+00  -6.2103420e+00  -6.1920474e+00  -6.3472701e+00  -6.4444222e+00  -6.3797181e+00  -5.9305173e+00  -5.8045974e+00  -5.7861401e+00  -5.4871786e+00  -5.4423249e+00  -5.3534114e+00  -5.0352540e+00
  -3.2440722e+00  -6.5782326e+00  -6.5083766e+00  -6.6638995e+00  -6.5337336e+00  -6.2518491e+00  -6.1367061e+00  -6.2259161e+00  -6.1985947e+00  -6.1193891e+00  -6.0030716e+00  -5.4087733e+00  -5.6243400e+00  -5.4795397e+00  -5.3740460e+00  -5.0683922e+00
  -3.1987114e+00  -6.4878541e+00  -6.3498916e+00  -6.8040844e+00  -6.5652380e+00  -6.6041311e+00  -6.4504026e+00  -5.9336749e+00  -5.8345553e+00  -5.5605242e+00  -5.4756447e+00  -5.5450228e+00  -5.6813436e+00  -5.1961576e+00  -5.3350170e+00  -5.1279912e+00
  -3.3315991e+00  -6.6859267e+00  -6.5426811e+00  -6.5016175e+00  -6.0854399e+00  -6.5688943e+00  -6.3539728e+00  -6.2981011e+00  -6.1277924e+00  -5.8106057e+00  -5.7301359e+00  -5.4031772e+00  -5.2695096e+00  -5.0636269e+00  -5.1187835e+00  -5.2202966e+00
  -3.2912822e+00  -6.8035259e+00  -6.7860840e+00  -6.4315022e+00  -6.8582037e+00  -6.5644692e+00  -6.6101905e+00  -6.2555237e+00  -6.0403179e+00  -6.0831254e+00  -5.5824994e+00  -5.6433376e+00  -5.4833184e+00  -5.3222192e+00  -5.1706188e+00  -5.1821355e+00
  -3.1932667e+00  -6.4694654e+00  -6.8440558e+00  -6.4700606e+00  -6.7901503e+00  -7.0678327e+00  -6.5155172e+00  -5.9777696e+00  -6.2545199e+00  -6.1457846e+00  -6.0239289e+00  -5.9896968e+00  -5.5597160e+00  -5.5448901e+00  -5.4378171e+00  -5.5087949e+00
  -3.1978345e+00  -6.2790129e+00  -6.6503546e+00  -6.3093090e+00  -6.1989958e+00  -6.7527112e+00  -6.7391128e+00  -6.0317651e+00  -5.9038487e+00  -6.2232942e+00  -5.9745022e+00  -5.8019582e+00  -5.0651915e+00  -4.8918522e+00  -5.2311012e+00  -4.9764756e+00
  -3.2214132e+00  -6.5572745e+00  -6.8074136e+00  -6.5790723e+00  -6.6776525e+00  -6.3101889e+00  -6.3952295e+00  -6.2198765e+00  -5.9227030e+00  -6.0399122e+00  -5.9408310e+00  -5.7836604e+00  -5.2436063e+00  -5.4210572e+00  -5.2769550e+00  -5.0992744e+00
  -3.2573328e+00  -5.9022919e+00  -6.7414070e+00  -6.7456171e+00  -6.6028304e+00  -6.6026033e+00  -6.1887372e+00  -6.1682321e+00  -6.1931556e+00  -6.0048317e+00  -5.6954243e+00  -5.4789866e+00  -5.3495878e+00  -5.5663117e+00  -5.2126208e+00  -5.3389466e+00
  -3.2438004e+00  -6.2461221e+00  -6.6241202e+00  -6.9103871e+00  -6.3489576e+00  -6.6688637e+00  -6.8644538e+00  -6.2042450e+00  -6.3110883e+00  -5.7991585e+00  -5.5283077e+00  -5.4773779e+00  -5.5774190e+00  -5.5928524e+00  -5.3613437e+00  -5.2833978e+00
  -3.1397235e+00  -5.9840296e+00  -6.3413250e+00  -6.3456091e+00  -6.5180682e+00  -6.7119330e+00  -6.6149118e+00  -6.3270263e+00  -6.0156640e+00  -5.8374347e+00  -5.9560239e+00  -5.6573687e+00  -5.7246381e+00  -5.4519335e+00  -5.4124565e+00  -5.1553730e+00
  -3.2228041e+00  -6.1674975e+00  -6.4237567e+00  -6.6115310e+00  -6.8540144e+00  -6.4359342e+00  -6.3030015e+00  -6.4812451e+00  -6.2356683e+00  -5.9049804e+00  -5.9186648e+00  -5.8879806e+00  -5.5242705e+00  -5.1523439e+00  -5.4901904e+00  -5.1591461e+00
  -3.3132563e+00  -6.9250992e+00  -6.8501330e+00  -6.6055933e+00  -6.8495986e+00  -6.4360873e+00  -6.2538141e+00  -6.1584524e+00  -6.3930129e+00  -5.9014993e+00  -5.7709227e+00  -5.6637874e+00  -5.4638827e+00  -4.9151333e+00  -5.1560243e+00  -5.2044947e+00
  -3.1291504e+00  -6.1110853e+00  -6.4103343e+00  -6.4828279e+00  -6.4607125e+00  -6.2649003e+00  -6.1642865e+00  -6.4007856e+00  -6.0313325e+00  -5.6162105e+00  -5.5919348e+00  -5.5469840e+00  -5.3689531e+00  -5.2167655e+00  -5.3359908e+00  -5.4509302e+00
  -3.1463681e+00  -6.0470544e+00  -6.4811866e+00  -6.0020544e+00  -6.4144190e+00  -6.4404031e+00  -6.1441433e+00  -6.2335788e+00  -6.2811649e+00  -6.1859878e+00  -5.9000361e+00  -5.3525855e+00  -5.2719496e+00  -5.1977248e+00  -5.2845889e+00  -5.3805368e+00
  -3.2615252e+00  -6.1727616e+00  -6.3129300e+00  -6.3616999e+00  -6.5662157e+00  -6.4054084e+00  -6.2220262e+00  -6.2606961e+00  -6.0101773e+00  -6.1755523e+00  -6.0211352e+00  -5.6176405e+00  -5.2989454e+00  -5.2931459e+00  -5.2264214e+00  -5.2299673e+00
  -3.2703511e+00  -6.7567464e+00  -6.5045403e+00  -5.9197019e+00  -6.3200522e+00  -6.2360585e+00  -6.0580799e+00  -6.3855945e+00  -6.2805345e+00  -6.0400775e+00  -5.8194762e+00  -5.6659376e+00  -5.2016294e+00  -5.1706271e+00  -5.0419225e+00  -5.1503020e+00
  -3.1877908e+00  -6.7215492e+00  -6.8645721e+00  -6.5511437e+00  -6.5067499e+00  -6.1989748e+00  -6.0150313e+00  -6.3071949e+00  -6.0315534e+00  -6.0375666e+00  -6.0458593e+00  -5.4035357e+00  -5.5486554e+00  -5.0643451e+00  -5.0275612e+00  -4.9493673e+00
  -3.2508045e+00  -7.1683492e+00  -6.4619029e+00  -6.7218075e+00  -6.9839036e+00  -6.5778626e+00  -5.8411988e+00  -6.1121781e+00  -6.1336471e+00  -6.1511234e+00  -5.4717521e+00  -5.4000910e+00  -5.2943440e+00  -5.1179104e+00  -5.2266603e+00  -5.1408032e+00
  -3.2338550e+00  -6.1286587e+00  -5.9651029e+00  -6.2832357e+00  -6.8416320e+00  -6.2249153e+00  -6.2508360e+00  -6.2078630e+00  -6.0388251e+00  -5.8385807e+00  -5.7927151e+00  -5.4913732e+00  -5.2331708e+00  -5.3908417e+00  -5.2868994e+00  -4.8985252e+00
  -3.2417540e+00  -6.2034905e+00  -6.0837198e+00  -6.3348263e+00  -7.1245984e+00  -6.4374372e+00  -6.2516805e+00  -6.3786879e+00  -6.1566474e+00  -5.9772797e+00  -5.7939841e+00  -5.3403878e+00  -5.3702113e+00  -5.3796279e+00  -5.4343200e+00  -5.0949612e+00
  -3.2398346e+00  -6.5246835e+00  -6.8402401e+00  -6.4238278e+00  -6.6498346e+00  -6.2299294e+00  -5.9816509e+00  -6.4191409e+00  -6.1288153e+00  -5.9879862e+00  -6.1073903e+00  -5.6178217e+00  -5.4226479e+00  -5.3944810e+00  -5.3126963e+00  -5.4736116e+00
  -3.1798405e+00  -6.4067302e+00  -6.9575630e+00  -6.5727520e+00  -6.0493251e+00  -6.4176764e+00  -6.6163333e+00  -6.6834473e+00  -6.2296281e+00  -5.7956266e+00  -5.5887375e+00  -5.4970812e+00  -5.2576505e+00  -5.1373080e+00  -5.2674871e+00  -5.2341789e+00
  -3.1640890e+00  -6.1317828e+00  -6.7036604e+00  -6.7226168e+00  -6.2713248e+00  -6.6787674e+00  -6.5392045e+00  -6.4149200e+00  -6.0322844e+00  -5.7951695e+00  -5.6905979e+00  -5.9822974e+00  -5.5918900e+00  -5.4385303e+00  -5.2191384e+00  -5.1894726e+00
  -3.2608960e+00  -6.0113546e+00  -6.5854030e+00  -7.1761677e+00  -6.4045769e+00  -6.5619581e+00  -6.2677980e+00  -6.0500471e+00  -5.9651203e+00  -5.8649075e+00  -5.5667502e+00  -5.5393210e+00  -5.3812668e+00  -5.2813950e+00  -5.2034233e+00  -5.3356080e+00
  -3.2874988e+00  -6.7547344e+00  -7.1259225e+00  -7.2657611e+00  -6.7620697e+00  -6.4992374e+00  -6.1365060e+00  -6.2980462e+00  -6.1651031e+00  -5.5877075e+00  -5.4515757e+00  -5.3588810e+00  -5.5005732e+00  -5.4349071e+00  -5.3585549e+00  -5.3595985e+00
  -3.1953480e+00  -6.7020265e+00  -6.0874033e+00  -6.6999131e+00  -6.5557861e+00  -6.8754817e+00  -6.5346416e+00  -5.8211753e+00  -5.6415598e+00  -5.7893155e+00  -5.7087193e+00  -5.6827819e+00  -5.4660061e+00  -5.1015821e+00  -5.1802589e+00  -5.0632917e+00
  -3.2465471e+00  -7.4356826e+00  -6.1586982e+00  -6.2843097e+00  -6.4981058e+00  -6.5115165e+00  -6.0855954e+00  -6.4349820e+00  -6.1668033e+00  -5.7553615e+00  -5.4495775e+00  -5.5067689e+00  -5.6722058e+00  -5.4037217e+00  -5.0822197e+00  -5.4248373e+00
  -3.2695900e+00  -6.2881456e+00  -6.2529867e+00  -6.6058986e+00  -6.5226648e+00  -6.6003690e+00  -6.3170998e+00  -6.6160961e+00  -6.2788256e+00  -6.2451238e+00  -6.1755113e+00  -5.6793811e+00  -5.4599362e+00  -5.1819927e+00  -5.2309323e+00  -5.2740473e+00
  -3.2590401e+00  -6.7230798e+00  -6.9868953e+00  -6.4350868e+00  -6.6315205e+00  -6.5168931e+00  -5.9522579e+00  -6.2671847e+00  -6.1636673e+00  -6.1872419e+00  -6.2631062e+00  -5.9646447e+00  -5.7637908e+00  -5.2275301e+00  -5.4871174e+00  -5.3917361e+00
  -3.1762121e+00  -6.1293674e+00  -6.5558421e+00  -6.5617670e+00  -6.3987953e+00  -6.5773087e+00  -6.4410887e+00  -6.5537220e+00  -6.0763902e+00  -6.1122012e+00  -5.7502232e+00  -6.0730361e+00  -5.7359814e+00  -5.2348451e+00  -5.5444842e+00  -5.5605059e+00
  -3.1489708e+00  -6.1708790e+00  -6.7703260e+00  -6.6329804e+00  -6.1431135e+00  -6.8973667e+00  -6.3598598e+00  -6.2099885e+00  -5.8645364e+00  -5.8660268e+00  -5.6611676e+00  -5.7876215e+00  -5.1660345e+00  -4.9520679e+00  -5.1829722e+00  -5.0632490e+00
  -3.3342617e+00  -6.3901410e+00  -6.6941514e+00  -6.1975444e+00  -6.3602911e+00  -6.3810745e+00  -6.2122053e+00  -5.8050426e+00  -5.8264312e+00  -5.9611743e+00  -5.7574320e+00  -5.6482190e+00  -5.3356450e+00  -5.1521916e+00  -5.0579671e+00  -5.3210654e+00
  -3.3486550e+00  -6.7227701e+00  -6.8126005e+00  -6.3135058e+00  -6.5792243e+00  -6.4659888e+00  -6.8168172e+00  -6.0705515e+00  -5.9846433e+00  -6.0375565e+00  -6.0185227e+00  -5.8032077e+00  -5.2318315e+00  -5.2588000e+00  -5.5127975e+00  -5.3451646e+00
  -3.1278206e+00  -6.2897429e+00  -6.1530337e+00  -6.3460980e+00  -6.4467474e+00  -6.7741098e+00  -6.6801110e+00  -6.7380465e+00  -6.4250734e+00  -6.0345092e+00  -6.0849218e+00  -5.6740623e+00  -5.5560073e+00  -5.5366794e+00  -5.4224044e+00  -5.3315184e+00
  -3.1501238e+00  -6.0525323e+00  -6.5617597e+00  -6.2889903e+00  -6.2487455e+00  -6.2572758e+00  -6.3196340e+00  -6.2846332e+00  -6.3103975e+00  -5.7626613e+00  -5.8013497e+00  -5.5105992e+00  -5.1482148e+00  -5.2651229e+00  -5.4527983e+00  -5.5596034e+00
  -3.3264113e+00  -6.2836353e+00  -6.9854563e+00  -6.7821220e+00  -6.4960945e+00  -6.4538525e+00  -6.3894671e+00  -6.2541926e+00  -5.7792554e+00  -5.9275314e+00  -5.7032991e+00  -5.8576554e+00  -5.5468208e+00  -5.3234271e+00  -5.2701252e+00  -5.1970406e+00
  -3.2986766e+00  -6.1051559e+00  -6.2976257e+00  -6.3643455e+00  -6.8056450e+00  -7.1436351e+00  -6.5437251e+00  -6.0888434e+00  -5.9577883e+00  -6.0154396e+00  -6.0776237e+00  -5.5849077e+00  -5.4548500e+00  -5.1549047e+00  -5.0749891e+00  -5.2526317e+00
  -3.1848472e+00  -6.4769400e+00  -6.8575988e+00  -5.9534948e+00  -6.1433960e+00  -6.7116403e+00  -6.3850481e+00  -6.1671869e+00  -5.9105290e+00  -5.9032819e+00  -5.6990180e+00  -5.7716127e+00  -5.4371433e+00  -5.1335607e+00  -4.9416407e+00  -5.0728475e+00
  -3.2228598e+00  -7.1588055e+00  -6.6001635e+00  -6.3164161e+00  -6.3714823e+00  -6.4692736e+00  -6.7462501e+00  -5.9681426e+00  -5.6701917e+00  -5.9443687e+00  -5.6830809e+00  -5.5796804e+00  -5.7307805e+00  -5.3583263e+00  -5.1681285e+00  -5.1933322e+00
  -3.3027763e+00  -6.2600609e+00  -6.3312753e+00  -6.0260628e+00  -6.2343994e+00  -6.2363305e+00  -6.6466344e+00  -6.3297204e+00  -5.9025427e+00  -6.3248755e+00  -5.9291616e+00  -5.5860808e+00  -5.5466596e+00  -5.6292222e+00  -5.3673714e+00  -5.2082797e+00
  -3.1901815e+00  -6.2913128e+00  -6.3482054e+00  -6.9585509e+00  -6.4911925e+00  -6.5662751e+00  -6.4961466e+00  -6.5990287e+00  -6.4219220e+00  -6.1550453e+00  -5.9120650e+00  -5.6789451e+00  -5.7194053e+00  -5.4974855e+00  -5.2464135e+00  -5.0645366e+00
  -3.2363289e+00  -6.4199320e+00  -6.5474550e+00  -6.4913936e+00  -6.3550844e+00  -6.5838631e+00  -6.4970997e+00  -6.0639721e+00  -5.9160544e+00  -6.0699369e+00  -5.8183096e+00  -6.0009868e+00  -5.4646637e+00  -5.3297998e+00  -5.0738523e+00  -5.1601834e+00
  -3.1812834e+00  -6.7181994e+00  -6.4945434e+00  -6.6725255e+00  -6.8319126e+00  -7.3534953e+00  -6.9678724e+00  -6.2874032e+00  -6.1016996e+00  -5.9225063e+00  -6.1014820e+00  -5.7328878e+00  -5.8617704e+00  -5.3559196e+00  -5.3467950e+00  -5.3468898e+00
  -3.1125516e+00  -6.4967089e+00  -6.6641939e+00  -6.7638306e+00  -6.6161994e+00  -7.3896865e+00  -6.9086895e+00  -6.3485832e+00  -5.9864079e+00  -5.8807601e+00  -5.9409393e+00  -5.6971842e+00  -5.5027191e+00  -5.1943070e+00  -5.2398951e+00  -5.3868265e+00
  -3.2678196e+00  -6.4013542e+00  -6.7192864e+00  -6.5994690e+00  -6.2781259e+00  -6.6230461e+00  -6.3942319e+00  -6.2057531e+00  -6.0289824e+00  -6.0260906e+00  -5.8816351e+00  -5.7066205e+00  -5.4380581e+00  -5.4672468e+00  -5.4431587e+00  -5.3826129e+00
  -3.3202398e+00  -7.0216902e+00  -6.8077812e+00  -6.9042022e+00  -6.8258465e+00  -6.2741365e+00  -6.5413082e+00  -6.6287095e+00  -6.3602078e+00  -6.1005750e+00  -5.7034283e+00  -5.7382226e+00  -5.6275853e+00  -5.4272905e+00  -5.5466128e+00  -5.2392315e+00
  -3.1642161e+00  -6.7304379e+00  -6.6685782e+00  -6.8063398e+00  -6.6112776e+00  -6.0479926e+00  -6.4316397e+00  -6.1660990e+00  -5.9984840e+00  -5.8769260e+00  -6.0364310e+00  -5.5939908e+00  -5.6676731e+00  -5.4503059e+00  -5.3700664e+00  -5.2207625e+00
  -3.1350236e+00  -5.7398975e+00  -6.1269335e+00  -7.3145179e+00  -6.8412838e+00  -6.3664800e+00  -6.5816120e+00  -6.2346145e+00  -5.7402527e+00  -5.9187795e+00  -5.4072704e+00  -5.3623157e+00  -5.2777752e+00  -5.2858549e+00  -5.0332865e+00  -5.1696352e+00
  -3.2908096e+00  -6.0510901e+00  -6.6845826e+00  -6.8509910e+00  -6.6869521e+00  -6.2481787e+00  -6.3411746e+00  -6.2294458e+00  -6.1011015e+00  -6.2295001e+00  -6.2807210e+00  -5.6743009e+00  -5.5102659e+00  -5.3475323e+00  -5.3092571e+00  -5.2540017e+00
  -3.2956952e+00  -6.1454288e+00  -7.1761644e+00  -6.4265981e+00  -6.8109853e+00  -6.3344808e+00  -6.3076939e+00  -6.1870088e+00  -6.1656670e+00  -5.6487345e+00  -5.9757185e+00  -5.6699434e+00  -5.4278356e+00  -5.2821999e+00  -5.2737999e+00  -5.4099433e+00
  -3.1680356e+00  -5.8380295e+00  -6.3421572e+00  -6.5704497e+00  -6.8695564e+00  -6.4472576e+00  -6.3212558e+00  -6.1761771e+00  -6.0454007e+00  -6.0335403e+00  -5.8873445e+00  -5.4662140e+00  -5.3279643e+00  -5.2157427e+00  -5.3989544e+00  -5.5104145e+00
  -3.1663514e+00  -6.0888412e+00  -6.4586300e+00  -6.6746877e+00  -6.9318595e+00  -6.3124852e+00  -6.3052375e+00  -6.4675764e+00  -6.0757866e+00  -5.6921323e+00  -6.0736146e+00  -5.6585483e+00  -5.4356427e+00  -5.0399263e+00  -5.1461913e+00  -5.5740805e+00
  -3.2956315e+00  -6.3158196e+00  -6.4943550e+00  -6.5796812e+00  -7.0708694e+00  -6.5427993e+00  -6.8850521e+00  -7.1001526e+00  -6.1606820e+00  -5.7628802e+00  -5.6990695e+00  -5.6849725e+00  -5.1695614e+00  -5.3581969e+00  -5.3020383e+00  -5.2628888e+00
  -3.2154666e+00  -6.0749815e+00  -6.3161330e+00  -6.9729061e+00  -6.8988300e+00  -6.6412972e+00  -6.5669243e+00  -6.2211790e+00  -6.1434162e+00  -5.8543224e+00  -6.1793641e+00  -5.4714670e+00  -5.4483685e+00  -5.4816506e+00  -5.4289929e+00  -5.0127281e+00
  -3.1712288e+00  -5.7232884e+00  -5.9795045e+00  -5.8770032e+00  -6.7831628e+00  -6.9805173e+00  -6.0714913e+00  -6.1111507e+00  -6.2100003e+00  -5.7961205e+00  -5.8744641e+00  -5.7304226e+00  -5.6090357e+00  -5.2195493e+00  -5.3378574e+00  -5.2232692e+00
  -3.1664560e+00  -5.7194966e+00  -6.6052359e+00  -6.7631843e+00  -6.5714947e+00  -6.4034548e+00  -6.3902367e+00  -6.4414732e+00  -5.6430791e+00  -5.8854234e+00  -5.7528870e+00  -5.4627415e+00  -5.4487383e+00  -5.1491379e+00  -5.0831907e+00  -5.2394742e+00
  -3.2349231e+00  -5.6955169e+00  -6.0272104e+00  -6.1781873e+00  -6.2939235e+00  -6.5651664e+00  -6.6822113e+00  -6.4174150e+00  -6.0835442e+00  -5.9346668e+00  -5.6028879e+00  -5.4507253e+00  -5.5055836e+00  -5.3440452e+00  -5.4501587e+00  -5.1190720e+00
  -3.2024941e+00  -6.0459971e+00  -6.0284294e+00  -6.3865624e+00  -6.9228200e+00  -6.5451772e+00  -6.2142048e+00  -6.2728952e+00  -5.9374131e+00  -5.8286971e+00  -5.6803414e+00  -5.5656684e+00  -5.5364839e+00  -5.3626792e+00  -5.3975168e+00  -5.4075154e+00
  -3.2467251e+00  -6.3930867e+00  -6.4696645e+00  -6.4578926e+00  -6.0005971e+00  -6.2757253e+00  -6.3994794e+00  -6.0429535e+00  -5.9058483e+00  -5.6971782e+00  -5.4883201e+00  -5.9088842e+00  -5.4946099e+00  -5.1454128e+00  -5.1661088e+00  -5.1701088e+00
  -3.2167589e+00  -5.6545372e+00  -6.1962823e+00  -6.6951308e+00  -6.2433056e+00  -6.6991689e+00  -6.1366879e+00  -6.2138543e+00  -6.6156552e+00  -6.1019545e+00  -5.6117413e+00  -5.4827121e+00  -5.5987945e+00  -5.3606756e+00  -5.3094132e+00  -5.2184746e+00
  -3.2417609e+00  -6.3664140e+00  -6.3893436e+00  -6.2481695e+00  -6.4669395e+00  -6.6888596e+00  -6.4397888e+00  -6.1277512e+00  -6.1904436e+00  -5.8018440e+00  -5.9005032e+00  -5.3775191e+00  -5.2451490e+00  -5.3044629e+00  -5.3910973e+00  -5.2083915e+00
  -3.2294220e+00  -6.5570694e+00  -6.8018713e+00  -6.3567957e+00  -6.2165058e+00  -6.1696930e+00  -6.3852492e+00  -5.9879800e+00  -5.8694074e+00  -5.9692671e+00  -5.7273535e+00  -5.3825395e+00  -5.2600044e+00  -5.3005765e+00  -5.2135446e+00  -5.4521739e+00
  -3.2274624e+00  -6.4311357e+00  -6.6847326e+00  -6.7474549e+00  -7.2239695e+00  -6.2857521e+00  -6.1885357e+00  -6.2844347e+00  -5.9723195e+00  -5.6958212e+00  -5.6843485e+00  -5.4892946e+00  -5.4297123e+00  -5.4209257e+00  -5.2567732e+00  -4.9971942e+00
  -3.2188820e+00  -6.1942776e+00  -6.4204172e+00  -6.3945319e+00  -6.4019381e+00  -6.9683427e+00  -6.8535618e+00  -6.4293303e+00  -5.8584920e+00  -5.8572166e+00  -5.7256969e+00  -5.5227638e+00  -5.4889151e+00  -5.2766010e+00  -5.2953843e+00  -5.2105360e+00
  -3.2348949e+00  -5.5240873e+00  -6.4216470e+00  -6.4587330e+00  -6.5000667e+00  -6.2929571e+00  -6.7708086e+00  -6.2339342e+00  -6.1412624e+00  -5.7702306e+00  -5.9432946e+00  -5.5832667e+00  -5.3585207e+00  -5.2449241e+00  -5.3962227e+00  -4.9676169e+00
  -3.2253452e+00  -6.3646499e+00  -6.4955061e+00  -6.8171379e+00  -6.5892145e+00  -6.2270809e+00  -6.3416195e+00  -6.3101626e+00  -5.6837309e+00  -5.6100707e+00  -6.1134251e+00  -5.7320719e+00  -5.5549000e+00  -5.2813309e+00  -5.2287494e+00  -5.1133690e+00
  -3.2688687e+00  -6.1564382e+00  -7.1039798e+00  -6.7297280e+00  -6.2039132e+00  -6.1177797e+00  -6.3001365e+00  -6.0307310e+00  -6.1718281e+00  -5.7827596e+00  -6.0762775e+00  -5.3679020e+00  -5.4229185e+00  -5.4145505e+00  -5.3192066e+00  -5.2052693e+00
  -3.1652459e+00  -6.4305686e+00  -6.4435638e+00  -6.4422573e+00  -7.2266978e+00  -6.6793824e+00  -6.7802924e+00  -6.2297478e+00  -6.3992680e+00  -6.4941190e+00  -5.9730795e+00  -5.6627540e+00  -5.7489089e+00  -5.4306054e+00  -5.0306800e+00  -5.6057338e+00
  -3.1824496e+00  -6.4910925e+00  -6.7376407e+00  -6.6979781e+00  -6.6426389e+00  -6.2559842e+00  -6.3679894e+00  -6.4038768e+00  -6.3176967e+00  -6.1709374e+00  -5.8172697e+00  -5.7758015e+00  -5.8165263e+00  -5.4102763e+00  -5.2627456e+00  -5.4578708e+00
  -3.3135406e+00  -6.6567798e+00  -6.8484533e+00  -6.7988787e+00  -6.8990006e+00  -6.3662414e+00  -6.5865627e+00  -6.2539686e+00  -6.1925047e+00  -6.1433062e+00  -5.7903139e+00  -6.0172540e+00  -5.8183719e+00  -5.2674575e+00  -5.1658434e+00  -5.3953421e+00
  -3.1975440e+00  -6.1017764e+00  -6.7849572e+00  -6.5537758e+00  -6.7053507e+00  -6.2592592e+00  -6.1656940e+00  -6.1488781e+00  -5.9772082e+00  -5.7452885e+00  -5.4996807e+00  -5.2406744e+00  -5.2132531e+00  -5.3988339e+00  -5.3464378e+00  -5.2569320e+00
  -3.0464096e+00  -6.1404387e+00  -6.7497269e+00  -6.8922447e+00  -6.8048602e+00  -6.0997388e+00  -6.5919498e+00  -6.1191177e+00  -6.0515807e+00  -5.8037643e+00  -5.8962715e+00  -5.3404766e+00  -5.4494608e+00  -5.3905997e+00  -5.3693828e+00  -5.2000416e+00
  -3.2157771e+00  -6.1661928e+00  -6.6136528e+00  -6.7526913e+00  -6.6811365e+00  -6.5001356e+00  -6.5744345e+00  -6.2049405e+00  -6.1726391e+00  -5.9079834e+00  -5.8726766e+00  -5.5158045e+00  -5.2937962e+00  -5.1291237e+00  -5.2122549e+00  -5.0586994e+00
  -3.3203966e+00  -6.1466244e+00  -5.9217092e+00  -6.3838014e+00  -6.7746115e+00  -6.3785299e+00  -6.4344053e+00  -5.8370242e+00  -5.8376871e+00  -6.0997351e+00  -5.9158125e+00  -5.6980461e+00  -5.4137845e+00  -5.2034324e+00  -5.3984885e+00  -5.2680764e+00
  -3.1652321e+00  -5.9427983e+00  -6.9118421e+00  -7.0125982e+00  -6.8697015e+00  -6.2363011e+00  -6.2990892e+00  -6.0190734e+00  -6.0617330e+00  -5.9521276e+00  -5.6965395e+00  -5.7076428e+00  -5.6011972e+00  -5.2367734e+00  -5.4123137e+00  -5.2267566e+00
  -3.1408519e+00  -6.3390036e+00  -6.5194853e+00  -6.4964312e+00  -6.5795865e+00  -5.9550366e+00  -6.6185771e+00  -6.3182789e+00  -6.0781858e+00  -5.5759566e+00  -5.6111245e+00  -5.8067649e+00  -5.7026917e+00  -5.4620427e+00  -5.4724050e+00  -5.2162102e+00
  -3.2896637e+00  -6.4940033e+00  -6.2487625e+00  -6.3436651e+00  -6.6661708e+00  -6.4306789e+00  -6.2065765e+00  -5.9701221e+00  -5.7688730e+00  -5.7322307e+00  -5.5144861e+00  -5.7602047e+00  -5.4537290e+00  -4.9398346e+00  -5.1633304e+00  -5.0053728e+00
  -3.3477811e+00  -6.4918253e+00  -6.4937293e+00  -6.7868582e+00  -6.5136735e+00  -6.3674699e+00  -6.2510032e+00  -5.9929933e+00  -6.0288185e+00  -5.7550924e+00  -5.7784840e+00  -5.4461991e+00  -5.3532397e+00  -5.1360659e+00  -5.0116455e+00  -5.1433032e+00
  -3.1322388e+00  -6.2721441e+00  -6.8664196e+00  -6.7656097e+00  -6.8553894e+00  -6.4115564e+00  -6.2624538e+00  -6.1673387e+00  -6.3286563e+00  -5.9587841e+00  -5.9098294e+00  -5.5454908e+00  -5.6673714e+00  -5.2660835e+00  -5.3888549e+00  -5.0795955e+00
  -3.2582458e+00  -6.5553314e+00  -6.4773637e+00  -6.6598385e+00  -6.8259647e+00  -6.4839693e+00  -6.2879735e+00  -6.4739914e+00  -6.2946656e+00  -5.6737010e+00  -5.7208169e+00  -5.6405084e+00  -5.3943033e+00  -5.3806089e+00  -5.7087238e+00  -5.2852406e+00
  -3.2837703e+00  -6.4299210e+00  -6.8849264e+00  -6.6924164e+00  -6.3811532e+00  -6.4478255e+00  -6.6481480e+00  -6.6260756e+00  -6.0553574e+00  -5.7610265e+00  -5.8548052e+00  -5.3613154e+00  -5.0818447e+00  -5.2477777e+00  -5.4922020e+00  -5.1359048e+00
  -3.2954116e+00  -6.4680037e+00  -6.9577749e+00  -6.8688602e+00  -6.3227359e+00  -6.5206387e+00  -6.5648384e+00  -6.6498347e+00  -6.2597320e+00  -6.0297820e+00  -6.1362062e+00  -5.6069919e+00  -5.5539914e+00  -5.6791146e+00  -5.4938268e+00  -5.2110377e+00
  -3.2174046e+00  -6.1184190e+00  -6.3961847e+00  -6.9645234e+00  -6.6584014e+00  -6.9780541e+00  -6.2110830e+00  -6.9333694e+00  -6.3133233e+00  -5.8023552e+00  -5.8792459e+00  -5.5545871e+00  -5.5836986e+00  -5.5344096e+00  -5.2477591e+00  -5.2043804e+00
  -3.1479836e+00  -6.5727242e+00  -6.2409543e+00  -5.9746382e+00  -6.3506854e+00  -6.5696296e+00  -6.5336879e+00  -6.1263254e+00  -6.0358401e+00  -6.0162626e+00  -5.7236256e+00  -5.6128924e+00  -5.3762803e+00  -5.1350964e+00  -5.2754908e+00  -5.3209071e+00
  -3.1368009e+00  -6.2907841e+00  -6.6433775e+00  -6.5140757e+00  -6.5839077e+00  -6.9363342e+00  -6.7250840e+00  -6.7943666e+00  -6.1621329e+00  -5.9062089e+00  -6.1608972e+00  -5.8066337e+00  -5.6315833e+00  -5.3636826e+00  -5.3175276e+00  -5.2254684e+00
  -3.1944510e+00  -6.4454884e+00  -6.7096104e+00  -6.7083657e+00  -6.6652362e+00  -6.4324291e+00  -6.5790748e+00  -6.7296680e+00  -6.2655030e+00  -6.0837261e+00  -5.7559455e+00  -5.5784633e+00  -5.2749410e+00  -5.6085937e+00  -5.4675787e+00  -5.2903365e+00
  -3.2542484e+00  -7.2022070e+00  -6.7413736e+00  -6.4577905e+00  -6.9999234e+00  -6.7913734e+00  -6.4967654e+00  -6.5081633e+00  -6.1741252e+00  -5.8984679e+00  -5.8728458e+00  -5.7642863e+00  -5.3537176e+00  -5.2839863e+00  -5.2831026e+00  -5.2844083e+00
  -3.2064051e+00  -6.4349445e+00  -6.6796933e+00  -6.7316990e+00  -7.1809063e+00  -6.4676057e+00  -6.4576198e+00  -6.0743888e+00  -6.1904178e+00  -6.0559053e+00  -5.7138649e+00  -5.9356354e+00  -5.6799890e+00  -5.2587059e+00  -5.2807867e+00  -5.3516732e+00
  -2.9811047e+00  -6.2586025e+00  -6.3876516e+00  -6.4086890e+00  -6.6728701e+00  -6.3044342e+00  -5.9154818e+00  -6.1637589e+00  -6.1554372e+00  -5.9737672e+00  -6.0344535e+00  -5.5882988e+00  -5.3748380e+00  -5.2604893e+00  -5.2306640e+00  -5.1773313e+00
  -3.2709144e+00  -6.1718590e+00  -6.6012669e+00  -6.5907397e+00  -6.8421615e+00  -6.5634919e+00  -6.7288552e+00  -6.2282501e+00  -6.1194013e+00  -6.0556481e+00  -6.0362829e+00  -5.8308475e+00  -5.3644170e+00  -5.2258082e+00  -5.1551971e+00  -5.1333634e+00
  -3.3083894e+00  -6.5070994e+00  -7.0752349e+00  -6.7609687e+00  -7.2002526e+00  -6.3887157e+00  -6.5626212e+00  -6.1505907e+00  -6.2165791e+00  -5.9018571e+00  -5.9834064e+00  -6.1964856e+00  -5.6340214e+00  -5.1561653e+00  -5.2566484e+00  -5.2183114e+00
  -3.1464970e+00  -6.0701536e+00  -6.1472468e+00  -6.8057688e+00  -7.0710602e+00  -6.7316656e+00  -6.5808992e+00  -6.1420618e+00  -5.9586622e+00  -5.9297387e+00  -5.8164805e+00  -5.6446366e+00  -5.3552057e+00  -5.1146126e+00  -5.3076475e+00  -5.1184994e+00
  -3.0984145e+00  -5.9624723e+00  -6.7182172e+00  -6.5919340e+00  -6.5593902e+00  -6.5084103e+00  -6.3840728e+00  -6.1206801e+00  -6.4039558e+00  -6.4301315e+00  -5.9165352e+00  -5.7641082e+00  -5.9336979e+00  -5.4462713e+00  -5.3907711e+00  -5.2652331e+00
  -3.2368359e+00  -6.4761495e+00  -6.5832571e+00  -6.4417735e+00  -6.6376547e+00  -6.6131194e+00  -6.5610766e+00  -6.3087826e+00  -6.3005088e+00  -6.2862561e+00  -6.1552350e+00  -5.8889424e+00  -5.9065970e+00  -5.4705695e+00  -5.3101211e+00  -5.1469947e+00
  -3.2931802e+00  -6.6693439e+00  -7.0179749e+00  -7.0047005e+00  -6.8094048e+00  -6.4540324e+00  -6.7834385e+00  -6.6204020e+00  -6.2608375e+00  -5.9678400e+00  -6.2623746e+00  -6.0627337e+00  -5.8386937e+00  -5.6427951e+00  -5.5125387e+00  -5.4526714e+00
  -3.1563888e+00  -5.9614088e+00  -6.3743063e+00  -6.4607436e+00  -6.1442334e+00  -6.2511331e+00  -6.5367556e+00  -6.1355463e+00  -5.9932795e+00  -5.7373283e+00  -6.1168407e+00  -5.6789369e+00  -5.3093752e+00  -5.6449088e+00  -5.2116501e+00  -5.3276085e+00
  -3.1148645e+00  -6.4914154e+00  -6.3560293e+00  -6.3094135e+00  -6.1354554e+00  -6.2800125e+00  -6.1525015e+00  -5.9559629e+00  -5.7081119e+00  -5.8109175e+00  -5.5879252e+00  -5.4052615e+00  -5.5828609e+00  -5.2964920e+00  -5.2058147e+00  -5.0320516e+00
  -3.2366438e+00  -6.7530882e+00  -6.5906026e+00  -6.8955519e+00  -6.8659862e+00  -6.5802067e+00  -6.3180597e+00  -6.3275367e+00  -6.2797237e+00  -6.0004687e+00  -5.7910479e+00  -5.5817699e+00  -5.6828841e+00  -5.3807485e+00  -5.3139709e+00  -5.0692383e+00
  -3.2372790e+00  -6.4212369e+00  -6.5990360e+00  -6.8051159e+00  -6.4489175e+00  -6.7228748e+00  -6.6000756e+00  -6.3743770e+00  -6.3720316e+00  -6.0156802e+00  -6.0647634e+00  -5.8433571e+00  -5.9144981e+00  -5.7138832e+00  -5.4862275e+00  -5.4179450e+00
  -3.1825172e+00  -6.0789513e+00  -6.6547203e+00  -7.0159088e+00  -6.4109105e+00  -6.5721010e+00  -6.5168000e+00  -6.0565836e+00  -6.1054149e+00  -5.9262294e+00  -5.8425898e+00  -5.2383234e+00  -5.4054717e+00  -5.3887943e+00  -5.3327436e+00  -5.3219759e+00
  -3.2165987e+00  -6.0784746e+00  -6.6838728e+00  -6.2442229e+00  -6.3378605e+00  -6.6958344e+00  -6.5090256e+00  -6.2192630e+00  -6.0763029e+00  -6.2723430e+00  -5.9796627e+00  -5.9793762e+00  -5.6783227e+00  -5.2707267e+00  -5.1136359e+00  -5.1031231e+00
  -3.3129294e+00  -6.3392674e+00  -7.0745826e+00  -6.8300415e+00  -6.2089344e+00  -6.6758857e+00  -6.7389367e+00  -6.4215822e+00  -6.4186080e+00  -5.8397311e+00  -5.8507327e+00  -5.5630530e+00  -5.6055746e+00  -5.4963451e+00  -5.3667787e+00  -5.0192786e+00
  -3.2756281e+00  -6.4317951e+00  -6.6635326e+00  -6.4025261e+00  -6.5370494e+00  -6.5680133e+00  -6.1481932e+00  -6.2223710e+00  -6.4429586e+00  -5.5430458e+00  -5.9410833e+00  -5.8304091e+00  -5.6343562e+00  -5.5629530e+00  -5.1952773e+00  -5.0130083e+00
  -3.2151500e+00  -6.7343164e+00  -6.8451615e+00  -6.6803219e+00  -6.2895787e+00  -6.5403882e+00  -6.3323085e+00  -6.0765495e+00  -5.9172669e+00  -5.7778179e+00  -5.8512510e+00  -5.6631684e+00  -5.3023628e+00  -5.3689517e+00  -5.2923511e+00  -5.2760693e+00
  -3.2518664e+00  -6.6621655e+00  -6.9288856e+00  -6.7567803e+00  -6.8579253e+00  -6.7081015e+00  -6.2424789e+00  -6.2764509e+00  -5.7615094e+00  -5.5725521e+00  -5.6026927e+00  -5.6999362e+00  -5.2529084e+00  -5.4151562e+00  -5.2334406e+00  -5.1639028e+00
  -3.1555451e+00  -6.1383123e+00  -6.6136585e+00  -6.6126914e+00  -6.5916785e+00  -6.8057552e+00  -6.2141140e+00  -5.9928202e+00  -5.8379116e+00  -5.9701766e+00  -5.8180967e+00  -5.7544933e+00  -5.5016666e+00  -5.3641234e+00  -5.5870371e+00  -5.2979662e+00
  -3.2338104e+00  -6.2282295e+00  -6.9680635e+00  -7.4017970e+00  -6.7802454e+00  -6.6673342e+00  -6.5177061e+00  -6.3419895e+00  -6.0059125e+00  -5.8509721e+00  -5.7697800e+00  -5.5887690e+00  -5.5344970e+00  -5.3215060e+00  -5.6084784e+00  -5.5777375e+00
  -3.2410030e+00  -5.8996890e+00  -6.5196572e+00  -6.6167624e+00  -6.7016373e+00  -6.3343059e+00  -6.4129360e+00  -6.4453025e+00  -6.0200232e+00  -5.6181995e+00  -5.5686550e+00  -5.5125597e+00  -5.3924015e+00  -5.1718088e+00  -5.1594617e+00  -5.1690083e+00
  -2.9521691e+00  -5.6575384e+00  -6.0490946e+00  -5.9930085e+00  -6.1188742e+00  -6.2752583e+00  -6.0752037e+00  -5.8114476e+00  -6.1852434e+00  -5.5073164e+00  -5.5745154e+00  -5.4795525e+00  -5.3700462e+00  -5.3790062e+00  -5.4003240e+00  -5.1545159e+00
