   1.2760322e+00   5.8861675e-01   1.0737153e+00   8.8932097e-01  -9.2029263e-03  -1.0943853e-01  -3.0543575e-01  -8.2964225e-01  -1.4343213e+00  -1.9567479e+00  -2.0891632e+00  -1.7867395e+00  -1.1105540e+00  -6.2211152e-01   9.8502624e-02   7.3356564e-01
   8.4643424e-01   1.0583148e-01   5.3557605e-01   1.5975979e-01  -8.1893893e-01  -6.6350364e-01  -1.2021441e+00  -1.5916717e+00  -1.7051876e+00  -2.3374017e+00  -2.6153828e+00  -2.3650216e+00  -1.6443467e+00  -9.2171906e-01  -2.7067222e-01   4.7424382e-01
  -2.9287426e+00  -6.0938880e+00  -6.2974607e+00  -6.5177724e+00  -6.3658590e+00  -6.1947256e+00  -6.0439276e+00  -6.0306712e+00  -5.9794012e+00  -5.8018356e+00  -5.4752653e+00  -5.6396445e+00  -5.6234822e+00  -5.3245994e+00  -5.3129874e+00  -5.2727739e+00
  -3.1562844e+00  -5.7980206e+00  -6.2420324e+00  -6.2936105e+00  -6.4265775e+00  -6.3030550e+00  -6.2990208e+00  -6.1095479e+00  -6.0400003e+00  -5.8204486e+00  -5.6005988e+00  -5.3973926e+00  -5.5379508e+00  -5.3961223e+00  -5.3759407e+00  -5.1738710e+00
  -3.3451948e+00  -5.9151705e+00  -6.3136777e+00  -6.5313925e+00  -6.6363065e+00  -6.4441226e+00  -6.4701950e+00  -6.3665563e+00  -6.0435943e+00  -6.0735646e+00  -5.6510896e+00  -5.3256753e+00  -5.5165609e+00  -5.2453759e+00  -5.1104772e+00  -5.2940615e+00
  -3.6389260e+00  -6.0836115e+00  -6.5282432e+00  -6.6128347e+00  -6.7227814e+00  -6.3040701e+00  -6.6580522e+00  -6.2631682e+00  -5.8315937e+00  -6.0540320e+00  -5.8277441e+00  -5.5339071e+00  -5.3765841e+00  -5.2242264e+00  -5.1974073e+00  -5.2193624e+00
  -4.3988922e+00  -5.7699920e+00  -6.3335981e+00  -6.3093311e+00  -6.2966073e+00  -6.4541676e+00  -6.1196629e+00  -5.8276476e+00  -6.2961837e+00  -6.2225014e+00  -5.7329379e+00  -5.5592469e+00  -5.4096679e+00  -5.3251258e+00  -5.2155407e+00  -5.2215798e+00
  -2.6861078e-01  -1.9373616e-01  -2.2990812e-01  -3.8304918e-01  -7.5652120e-01  -1.3276838e+00  -1.4085382e+00  -1.3657713e+00  -1.5892351e+00  -1.2513662e+00  -1.2975151e+00  -1.4242038e+00  -1.4112997e+00  -1.4260437e+00  -1.3822572e+00  -1.3956141e+00
   2.8142086e+00   2.6855189e+00   2.1508624e+00   9.2023359e-01   3.9886975e-01   5.6937096e-01  -1.8144247e-01  -5.8853831e-01   3.6714042e-01  -9.6883802e-02  -7.9060739e-01  -1.2554289e+00  -6.2915826e-01  -5.6189971e-01  -5.7737902e-01   2.4356800e-01
   2.0652192e+00   1.8938412e+00   1.3526409e+00   1.6049842e-01  -5.6804750e-01  -4.6052385e-01  -1.0512421e+00  -1.1351405e+00  -4.3368399e-01  -1.1854072e+00  -1.6846502e+00  -1.8261155e+00  -1.0811882e+00  -9.8827449e-01  -9.3031428e-01  -1.1282833e-01
  -1.2582648e+00  -4.8472427e+00  -5.1384678e+00  -5.2719108e+00  -5.3854142e+00  -5.5697680e+00  -5.5785690e+00  -5.6450292e+00  -5.5812978e+00  -5.5418571e+00  -5.5473365e+00  -5.5515122e+00  -5.2629007e+00  -5.0876026e+00  -5.3278094e+00  -5.2277358e+00
  -1.4574214e+00  -5.0996021e+00  -5.2210477e+00  -5.3977016e+00  -5.5399200e+00  -5.6299639e+00  -5.6071867e+00  -5.6429215e+00  -5.7605903e+00  -5.7386142e+00  -5.4866162e+00  -5.6659282e+00  -5.3810759e+00  -5.1836792e+00  -5.2306142e+00  -5.2790643e+00
  -1.6211852e+00  -5.1561083e+00  -5.3902693e+00  -5.5263593e+00  -5.6584709e+00  -5.7841455e+00  -5.7047767e+00  -5.7878993e+00  -5.8644703e+00  -5.5832952e+00  -5.5091579e+00  -5.6242046e+00  -5.5521884e+00  -5.2736115e+00  -5.1574031e+00  -4.9354654e+00
  -1.8092403e+00  -5.1113093e+00  -5.3440605e+00  -5.5001449e+00  -5.7696557e+00  -5.8844903e+00  -5.8266282e+00  -5.8965099e+00  -5.8187957e+00  -5.6228379e+00  -5.4706603e+00  -5.3174687e+00  -5.2367375e+00  -5.1336909e+00  -5.1928461e+00  -5.1253226e+00
  -1.9873910e+00  -4.9518300e+00  -5.6372635e+00  -5.7640825e+00  -5.8745832e+00  -5.9921208e+00  -5.9303608e+00  -5.8885099e+00  -5.8847043e+00  -5.9695562e+00  -5.7674477e+00  -5.2102417e+00  -5.3915566e+00  -5.1812007e+00  -5.1588681e+00  -5.2079171e+00
  -2.1976464e+00  -5.5514987e+00  -5.8544680e+00  -5.9482886e+00  -6.0755535e+00  -5.9056915e+00  -6.0607024e+00  -5.8830224e+00  -5.7314303e+00  -5.8194103e+00  -5.6599912e+00  -5.7151015e+00  -5.4608439e+00  -5.1235783e+00  -5.3563909e+00  -5.3496057e+00
  -2.4246604e+00  -5.6026117e+00  -5.8658553e+00  -6.0839433e+00  -6.0250059e+00  -6.0127086e+00  -6.1216784e+00  -5.8302422e+00  -5.5572182e+00  -5.7233278e+00  -5.7159896e+00  -5.4930214e+00  -5.4080486e+00  -5.5139371e+00  -5.2369987e+00  -5.0425998e+00
  -2.7637447e+00  -5.4113686e+00  -6.0914097e+00  -6.0199292e+00  -6.2095668e+00  -6.1867472e+00  -6.3727080e+00  -6.1840433e+00  -6.1551166e+00  -5.9400068e+00  -5.8264181e+00  -5.3488128e+00  -5.3248997e+00  -5.1366769e+00  -4.9709095e+00  -5.2521631e+00
   1.3730879e+00   1.0087625e+00  -1.3365543e-01   2.6502459e-01   4.2048899e-01   2.4955610e-01  -6.8069057e-01  -1.0141021e+00  -4.0269609e-01  -5.6074892e-01  -1.0942509e+00  -7.8286327e-01  -8.6190112e-01  -3.2149849e-02  -2.7700164e-01  -9.9830006e-01
   3.6279596e+00   2.7226823e+00   1.6593390e+00   1.7820112e+00   2.6367273e+00   2.1821539e+00   1.1180631e+00   6.1123834e-01   1.7487856e+00   1.4887769e+00   1.3848432e+00   7.4949108e-01   6.0848735e-01   1.8440383e+00   1.5494577e+00   3.9767577e-01
   2.7416213e+00   2.2158007e+00   1.8199603e+00   2.3356297e+00   2.6344074e+00   2.0740697e+00   1.4018943e+00   1.4054341e+00   1.5158072e+00   1.2249709e+00   1.1690745e+00   5.3988060e-01   1.0334668e+00   1.7451066e+00   1.4719858e+00   8.7001762e-01
   1.1139307e+00   1.5297848e-01  -4.2299711e-01   2.8134056e-01   7.1716420e-01   2.5243296e-01  -6.2534289e-01  -3.5936756e-01  -5.3291510e-01  -6.0718029e-01  -7.6679995e-01  -1.5106845e+00  -8.8695755e-01  -2.3994804e-01  -4.8997242e-01  -1.1459173e+00
   1.7514006e-01  -3.5608699e+00  -3.7083127e+00  -3.8374935e+00  -3.5782585e+00  -3.9293291e+00  -4.0803569e+00  -4.1003160e+00  -3.7491211e+00  -3.9581532e+00  -4.1001077e+00  -4.3131315e+00  -4.2771712e+00  -3.9669613e+00  -4.0223938e+00  -4.1515118e+00
  -8.4520013e-03  -3.5000920e+00  -3.8579324e+00  -3.5286078e+00  -2.8690479e+00  -3.2785002e+00  -3.5700842e+00  -3.5876051e+00  -2.9626842e+00  -3.4836439e+00  -3.5576849e+00  -4.1510806e+00  -3.9657311e+00  -3.3932708e+00  -3.4332552e+00  -3.5914436e+00
  -1.6174832e-01  -4.0539138e+00  -4.1604282e+00  -4.2782969e+00  -4.1823047e+00  -4.3418179e+00  -4.6700915e+00  -4.8924291e+00  -4.5660006e+00  -4.6462389e+00  -4.8693408e+00  -4.7989541e+00  -4.7585909e+00  -4.6247876e+00  -4.5191045e+00  -4.5843890e+00
  -3.2918560e-01  -4.0569701e+00  -4.1874507e+00  -4.3738403e+00  -4.4968922e+00  -4.6124760e+00  -4.6998865e+00  -4.7732453e+00  -4.8137539e+00  -4.8694533e+00  -4.8488751e+00  -4.8352380e+00  -4.8896483e+00  -4.8229782e+00  -4.7658923e+00  -4.6788260e+00
  -5.0887424e-01  -4.1812891e+00  -4.3136371e+00  -4.4858981e+00  -4.6245388e+00  -4.7268503e+00  -4.8378294e+00  -4.8311934e+00  -4.8428430e+00  -4.9739049e+00  -4.7938363e+00  -4.9457784e+00  -4.9175780e+00  -4.7982431e+00  -4.8081927e+00  -4.7456896e+00
  -7.0171263e-01  -4.3634621e+00  -4.4805702e+00  -4.6159301e+00  -4.7755572e+00  -4.8758483e+00  -4.9810422e+00  -5.0153405e+00  -5.0452831e+00  -5.1285616e+00  -5.0064270e+00  -5.0936081e+00  -4.9611860e+00  -4.7653732e+00  -4.8996927e+00  -4.7821643e+00
  -8.9233597e-01  -4.4949452e+00  -4.6270093e+00  -4.7421342e+00  -4.8849037e+00  -5.0232901e+00  -5.1607611e+00  -5.0730942e+00  -4.9997150e+00  -5.2554381e+00  -5.1789490e+00  -5.1124175e+00  -4.9148031e+00  -4.8093625e+00  -4.9589504e+00  -4.8878315e+00
  -1.0919297e+00  -4.5925087e+00  -4.7594048e+00  -4.9256278e+00  -5.0023363e+00  -5.1362523e+00  -5.2669539e+00  -5.1134186e+00  -5.0441177e+00  -5.3577709e+00  -5.2993437e+00  -5.2181001e+00  -5.1665482e+00  -4.9966656e+00  -4.8848854e+00  -4.8265543e+00
  -1.3032305e+00  -4.8375857e+00  -4.9289626e+00  -4.9877934e+00  -5.0039343e+00  -5.0687278e+00  -5.3591349e+00  -5.0543496e+00  -4.9611790e+00  -5.4305528e+00  -5.1605191e+00  -5.2258295e+00  -4.9136587e+00  -4.6746262e+00  -4.7336777e+00  -5.0487227e+00
  -1.5566264e+00  -4.7559053e+00  -5.0956222e+00  -5.2063746e+00  -5.0367435e+00  -5.2780760e+00  -5.6084957e+00  -5.2084137e+00  -5.1188431e+00  -5.6068122e+00  -5.4467737e+00  -5.3551532e+00  -5.0390456e+00  -4.7951177e+00  -4.7870012e+00  -4.9494360e+00
  -1.7749940e+00  -5.0822982e+00  -5.1802971e+00  -5.4354949e+00  -5.4616190e+00  -5.6347113e+00  -5.6665657e+00  -5.6881248e+00  -5.5778256e+00  -5.3782336e+00  -5.4408982e+00  -5.2792818e+00  -5.3020166e+00  -5.1587504e+00  -5.1719554e+00  -5.2336560e+00
   3.5864234e+00   3.0488595e+00   2.1033566e+00   1.3248088e+00   8.2546518e-01   1.1914638e+00   5.4368647e-01  -1.8527170e-01  -2.1745360e-01  -7.1221744e-01   4.7055693e-02  -2.1611527e-01  -3.9280548e-01  -7.2187272e-01  -1.0025863e+00  -7.1044585e-01
   4.1918230e+00   3.4747219e+00   2.0900319e+00   1.7819328e+00   1.4068102e+00   1.4203362e+00   9.7032825e-01   2.6407250e-01   5.2856765e-01  -1.4931223e-02   3.6869522e-01   2.4756481e-02  -6.1804725e-02   5.6618884e-02   3.3200145e-01   1.6908580e-01
   1.4666247e+00   9.3478332e-01   6.2259991e-01   2.7633707e-01   7.1998415e-02  -2.9104929e-01  -2.6849638e-01  -2.9612988e-01  -2.5970310e-01  -4.7934176e-01  -4.9462134e-01  -5.3490010e-01  -4.9887200e-01  -4.7474631e-01  -4.2601864e-01  -4.3484733e-01
   2.7408589e+00   1.9402980e+00   1.0080935e+00   6.7690326e-02  -3.4782899e-01  -2.8792679e-01  -5.8901154e-01  -7.2880054e-01  -6.8262873e-01  -1.3920082e+00  -1.5325084e+00  -1.4833858e+00  -1.1249613e+00  -8.6874273e-01  -1.2541747e+00  -9.8569274e-01
   3.9042664e+00   3.1934963e+00   1.8082025e+00   9.7314009e-01   6.5844520e-01   9.0946516e-01   6.6470608e-01   2.8322859e-01   2.3429855e-01  -3.3783910e-01  -3.1779244e-01  -5.6429342e-01   2.0446483e-01   2.7812520e-01   2.3328722e-01   2.7214550e-01
   3.3538456e+00   2.7826338e+00   1.2710743e+00   6.5194900e-01   7.6787798e-01   2.9846644e-01  -4.8667932e-02  -2.7790102e-01  -6.1226833e-01  -4.1155965e-01  -6.8518147e-01  -6.0141651e-01  -4.4117215e-01  -1.6341659e-01   9.9765632e-02   4.5551899e-01
   1.1164047e+00  -2.6871228e+00  -2.8207327e+00  -2.9968777e+00  -3.1537292e+00  -3.2663785e+00  -3.3600607e+00  -3.4408411e+00  -3.4980221e+00  -3.5434192e+00  -3.5649325e+00  -3.5889505e+00  -3.6008218e+00  -3.5864012e+00  -3.5825994e+00  -3.5588027e+00
   9.5334837e-01  -2.8233995e+00  -2.9492291e+00  -3.1311108e+00  -3.2761378e+00  -3.3905863e+00  -3.4804499e+00  -3.5510279e+00  -3.6063860e+00  -3.6571560e+00  -3.6815949e+00  -3.7000721e+00  -3.7073097e+00  -3.7050838e+00  -3.6971013e+00  -3.6624080e+00
   7.8425059e-01  -2.9657507e+00  -3.1092767e+00  -3.2815744e+00  -3.4304521e+00  -3.5468908e+00  -3.6354415e+00  -3.7051265e+00  -3.7603763e+00  -3.8025405e+00  -3.8322619e+00  -3.8480365e+00  -3.8573366e+00  -3.8718755e+00  -3.8393586e+00  -3.7981851e+00
   6.1136689e-01  -3.1242577e+00  -3.2525698e+00  -3.4198655e+00  -3.5836062e+00  -3.6951529e+00  -3.7764180e+00  -3.8467409e+00  -3.9042827e+00  -3.9446011e+00  -3.9799160e+00  -3.9957158e+00  -3.9877519e+00  -3.9973223e+00  -3.9614962e+00  -3.9401896e+00
   4.3815421e-01  -3.2634765e+00  -3.4073114e+00  -3.5839682e+00  -3.7321925e+00  -3.8457867e+00  -3.9315466e+00  -3.9961805e+00  -4.0671965e+00  -4.0991533e+00  -4.1278068e+00  -4.1447212e+00  -4.1551513e+00  -4.1291874e+00  -4.1261793e+00  -4.0932691e+00
   2.5825030e-01  -3.4157698e+00  -3.5474083e+00  -3.7232391e+00  -3.8770455e+00  -3.9916933e+00  -4.0782802e+00  -4.1353132e+00  -4.1830755e+00  -4.2416828e+00  -4.2739294e+00  -4.2896800e+00  -4.2832105e+00  -4.2898248e+00  -4.2736164e+00  -4.2261975e+00
   6.2335878e-02  -3.5609275e+00  -3.6932421e+00  -3.8661972e+00  -4.0246516e+00  -4.1340436e+00  -4.2295707e+00  -4.2926649e+00  -4.3363946e+00  -4.3848780e+00  -4.4093172e+00  -4.4366841e+00  -4.3760754e+00  -4.3936340e+00  -4.3296268e+00  -4.2838424e+00
  -1.3246557e-01  -3.7252477e+00  -3.8525752e+00  -4.0316692e+00  -4.1862310e+00  -4.2985782e+00  -4.3836238e+00  -4.4342401e+00  -4.4930128e+00  -4.5380209e+00  -4.5717275e+00  -4.5617136e+00  -4.5531909e+00  -4.5253693e+00  -4.5078821e+00  -4.4865219e+00
  -3.3386975e-01  -3.8923179e+00  -3.9924209e+00  -4.1545711e+00  -4.3196364e+00  -4.4295878e+00  -4.5137255e+00  -4.5864898e+00  -4.6303756e+00  -4.6409507e+00  -4.7151764e+00  -4.7010574e+00  -4.6658056e+00  -4.6058660e+00  -4.6342771e+00  -4.5839399e+00
  -5.6411210e-01  -3.9716804e+00  -4.1556732e+00  -4.3298250e+00  -4.4856161e+00  -4.5992747e+00  -4.6838479e+00  -4.7298547e+00  -4.7961148e+00  -4.8452635e+00  -4.8725979e+00  -4.8633152e+00  -4.8095520e+00  -4.6595004e+00  -4.7887712e+00  -4.7806229e+00
  -7.9885033e-01  -4.1964688e+00  -4.3257977e+00  -4.5217104e+00  -4.6406930e+00  -4.7421047e+00  -4.8454782e+00  -4.9195021e+00  -4.9457252e+00  -4.9559567e+00  -4.8830961e+00  -4.9515119e+00  -5.0069144e+00  -4.8989437e+00  -4.7711322e+00  -4.8024004e+00
  -1.0418698e+00  -4.3469889e+00  -4.4466416e+00  -4.5918743e+00  -4.7600034e+00  -4.8670406e+00  -4.9415639e+00  -5.0439559e+00  -5.0349167e+00  -5.0676065e+00  -5.0415600e+00  -5.0661369e+00  -5.0713324e+00  -4.8879794e+00  -4.8143910e+00  -4.8687270e+00
  -1.3645263e+00  -4.3520176e+00  -4.5653720e+00  -4.7335262e+00  -4.9462475e+00  -5.0155972e+00  -5.1188491e+00  -5.1544547e+00  -5.2051752e+00  -5.2648825e+00  -5.2290414e+00  -5.1677561e+00  -5.0678476e+00  -4.9046485e+00  -5.1360035e+00  -4.9899061e+00
  -1.6625825e+00  -4.6319835e+00  -4.8239679e+00  -5.0283416e+00  -5.1289162e+00  -5.2231799e+00  -5.2499775e+00  -5.3717785e+00  -5.4510268e+00  -5.3884785e+00  -5.2805408e+00  -5.3389297e+00  -5.1765972e+00  -5.0481716e+00  -5.2301273e+00  -5.0140107e+00
  -2.0394724e+00  -4.7982302e+00  -4.9563207e+00  -5.1367490e+00  -5.2901703e+00  -5.3723473e+00  -5.4356541e+00  -5.5000829e+00  -5.5466133e+00  -5.6516122e+00  -5.5606220e+00  -5.3523614e+00  -5.3150100e+00  -5.1851269e+00  -5.0515940e+00  -5.1136102e+00
  -2.6821908e+00  -4.9647595e+00  -5.1325733e+00  -5.2638985e+00  -5.4100912e+00  -5.5509913e+00  -5.5824498e+00  -5.6091156e+00  -5.7081556e+00  -5.5537711e+00  -5.5184049e+00  -5.3144314e+00  -5.4457471e+00  -5.1945566e+00  -5.0037267e+00  -5.0250721e+00
  -3.1653811e+00  -5.1309957e+00  -5.2781883e+00  -5.4180588e+00  -5.6340309e+00  -5.6938185e+00  -5.7808769e+00  -5.7535695e+00  -5.8524717e+00  -5.7147953e+00  -5.5615595e+00  -5.4340999e+00  -5.4226573e+00  -5.2342639e+00  -5.2072608e+00  -5.0640412e+00
  -3.1822516e+00  -5.3546317e+00  -5.4249798e+00  -5.6412959e+00  -5.7288135e+00  -5.8108059e+00  -5.9875178e+00  -5.8876556e+00  -5.8237770e+00  -5.6129485e+00  -5.5722658e+00  -5.4454436e+00  -5.3317736e+00  -5.2045357e+00  -5.1126466e+00  -5.3934097e+00
  -2.7505359e+00  -5.5193762e+00  -5.6065524e+00  -5.7949732e+00  -5.8726274e+00  -6.0813733e+00  -5.9968981e+00  -6.1212772e+00  -5.8113633e+00  -5.7639274e+00  -5.8264312e+00  -5.7257609e+00  -5.4778259e+00  -5.2969230e+00  -5.4282552e+00  -5.2139175e+00
  -2.4237081e+00  -5.7390765e+00  -5.7931596e+00  -5.9596562e+00  -6.1471580e+00  -5.9217387e+00  -6.2277605e+00  -6.2812386e+00  -6.0335056e+00  -6.0531805e+00  -6.0628681e+00  -5.5879124e+00  -5.2454209e+00  -5.2222225e+00  -5.1297017e+00  -5.2074865e+00
  -2.2658985e+00  -5.7066414e+00  -6.0888373e+00  -6.1044707e+00  -6.3285044e+00  -6.0920107e+00  -6.1372884e+00  -6.1973408e+00  -5.9983776e+00  -5.9341475e+00  -5.7053951e+00  -5.7649971e+00  -5.4063821e+00  -5.3450919e+00  -5.3525134e+00  -5.1907141e+00
  -2.0935659e+00  -5.9665295e+00  -6.2609825e+00  -6.4844474e+00  -6.1892495e+00  -6.2630834e+00  -6.2322900e+00  -6.1365934e+00  -6.0655489e+00  -5.9240185e+00  -5.6284131e+00  -5.2952839e+00  -5.4129370e+00  -5.2517122e+00  -5.5435953e+00  -5.2140125e+00
  -2.0357210e+00  -5.7655765e+00  -6.0705804e+00  -6.3861566e+00  -6.5965980e+00  -6.3310637e+00  -5.8426404e+00  -5.8029553e+00  -6.0719258e+00  -6.0430817e+00  -5.8399005e+00  -5.3039116e+00  -5.4069151e+00  -5.3768031e+00  -5.3201935e+00  -5.1869824e+00
   1.8252428e+00   1.8187992e+00   1.5956171e+00   1.0592414e+00   8.9240258e-02   1.6907254e-02  -5.0829715e-01  -6.6555353e-01  -9.5203515e-01  -8.9627226e-01  -7.9171515e-01  -9.9796918e-01  -1.0498328e+00  -9.2917462e-01  -8.3305859e-01  -7.5266353e-01
   1.7448627e+00   1.7299053e+00   1.5199246e+00   1.0494918e+00   3.2035646e-01   5.7513719e-02  -6.9655923e-01  -8.7054923e-01  -1.2149418e+00  -1.0515998e+00  -8.3212220e-01  -8.5138298e-01  -9.1871852e-01  -7.8688722e-01  -8.2192740e-01  -7.3404488e-01
  -3.5766771e+00  -5.0032480e+00  -5.3769126e+00  -6.0470335e+00  -6.2277377e+00  -6.0573939e+00  -5.8754329e+00  -5.9020399e+00  -5.9101606e+00  -5.8744254e+00  -5.8836127e+00  -5.5317596e+00  -5.2807871e+00  -5.1811382e+00  -5.3002562e+00  -5.2275803e+00
  -2.3453168e+00  -3.3374747e+00  -3.6866106e+00  -4.0569485e+00  -4.6082839e+00  -4.9496465e+00  -5.4505084e+00  -5.8237147e+00  -5.9208168e+00  -5.5998943e+00  -5.8685097e+00  -5.3710990e+00  -5.2255589e+00  -5.2564408e+00  -5.6020702e+00  -5.1508921e+00
  -2.5969107e+00  -4.5251106e+00  -5.0238132e+00  -5.1485783e+00  -5.6130567e+00  -5.9348608e+00  -6.0107735e+00  -6.0546545e+00  -5.9847604e+00  -5.7678597e+00  -5.7854999e+00  -5.4094613e+00  -5.4402031e+00  -5.3156377e+00  -5.3936631e+00  -5.2894617e+00
  -2.5426933e+00  -5.7433557e+00  -6.2077256e+00  -6.3284836e+00  -6.1658389e+00  -6.2787991e+00  -6.3838910e+00  -6.3543265e+00  -6.1721443e+00  -6.0237823e+00  -5.7451453e+00  -5.5329857e+00  -5.7144049e+00  -5.3552012e+00  -5.0450571e+00  -5.2817805e+00
  -2.4669445e+00  -6.3108808e+00  -6.3840587e+00  -6.4260805e+00  -6.3840434e+00  -6.5554467e+00  -6.6264653e+00  -6.2611521e+00  -6.3612323e+00  -6.0016028e+00  -5.6136925e+00  -5.4848633e+00  -5.3557289e+00  -5.2053524e+00  -5.1480504e+00  -5.1130555e+00
  -2.3319762e+00  -5.7346504e+00  -6.2752318e+00  -6.5178906e+00  -6.4639512e+00  -6.8742493e+00  -6.2095972e+00  -6.1048397e+00  -5.9654278e+00  -6.4385079e+00  -5.7437251e+00  -5.4250217e+00  -5.4085778e+00  -5.1541480e+00  -5.2362363e+00  -5.2233085e+00
  -2.2073625e+00  -5.1324608e+00  -5.7341158e+00  -6.0679392e+00  -6.5773190e+00  -6.3208013e+00  -6.3415309e+00  -6.3324689e+00  -5.9823164e+00  -6.1758693e+00  -5.8492186e+00  -5.4596191e+00  -5.4296318e+00  -5.3516494e+00  -5.2634701e+00  -4.9254220e+00
  -2.2255913e+00  -5.8573433e+00  -5.9126112e+00  -5.9866963e+00  -6.4205428e+00  -6.2522385e+00  -6.4904873e+00  -6.3374538e+00  -6.0970020e+00  -6.2167616e+00  -5.8427467e+00  -5.8359982e+00  -5.2374210e+00  -5.1760906e+00  -5.1336611e+00  -5.0480829e+00
  -2.2318858e+00  -6.6171383e+00  -6.9481494e+00  -6.7486704e+00  -7.0107707e+00  -6.3956295e+00  -6.1614711e+00  -6.1835001e+00  -6.3171709e+00  -6.2083848e+00  -6.0062573e+00  -5.7827620e+00  -5.4645499e+00  -5.4051144e+00  -5.2381913e+00  -5.1878082e+00
  -2.1877752e+00  -6.3848546e+00  -6.3248898e+00  -6.7677580e+00  -6.7050793e+00  -6.6064948e+00  -6.3946583e+00  -6.1818983e+00  -6.2969561e+00  -6.3245311e+00  -5.9776103e+00  -5.9625027e+00  -5.4939708e+00  -5.0608466e+00  -5.3051522e+00  -5.3100838e+00
