   3.6817085e+00   2.3995127e+00   2.1256143e+00   2.2409017e+00   2.1126172e+00   1.7509858e+00   1.1506443e+00   1.5810353e+00   1.3439025e+00   1.0983885e+00   1.2549122e+00   1.1313423e+00   1.0201569e+00   8.0082600e-01   1.2156241e+00   1.0852670e+00
   3.8793772e+00   3.2966123e+00   2.7323228e+00   2.0194600e+00   2.0995959e+00   1.5903930e+00   1.7176774e+00   1.1206093e+00   9.8227717e-01   1.2383415e+00   1.1767998e+00   1.1935966e+00   1.1348799e+00   9.6948633e-01   1.0366098e+00   1.2711437e+00
   3.9600257e+00   3.5801300e+00   2.4384409e+00   2.1404037e+00   2.2405722e+00   1.7644410e+00   1.4312803e+00   1.0692381e+00   1.3095235e+00   1.2139662e+00   1.5498367e+00   1.3539982e+00   1.1590054e+00   9.4059212e-01   1.0572900e+00   1.1536089e+00
   4.2423078e+00   3.2437642e+00   2.5237486e+00   2.6515855e+00   1.7431519e+00   1.7753028e+00   1.7908759e+00   1.6454330e+00   1.4336379e+00   1.2675682e+00   1.1552802e+00   1.2306562e+00   1.0407330e+00   8.1947963e-01   1.1290380e+00   1.2223479e+00
   4.4320088e+00   3.3942656e+00   2.8629311e+00   2.0542419e+00   1.9220467e+00   1.3746723e+00   1.4775080e+00   1.5513138e+00   1.2874629e+00   1.0771081e+00   1.0672137e+00   1.2413867e+00   9.1788668e-01   9.6101296e-01   1.2783758e+00   1.1022745e+00
   3.6723500e+00   3.1728263e+00   2.3618200e+00   2.5120575e+00   2.4615179e+00   1.8181011e+00   1.3730690e+00   1.5656869e+00   1.5225782e+00   1.3667004e+00   1.0622502e+00   1.3039052e+00   8.6022068e-01   1.2413874e+00   1.1254214e+00   1.4147858e+00
   3.2553083e+00   3.5254488e+00   2.7938297e+00   2.1796340e+00   2.3785769e+00   1.7628543e+00   1.6641958e+00   2.0223528e+00   1.6770121e+00   9.3267450e-01   9.3092537e-01   1.3978790e+00   1.1282981e+00   1.0993293e+00   1.0018094e+00   1.3472459e+00
   3.7879006e+00   3.2859434e+00   2.7873303e+00   2.0675282e+00   2.0409541e+00   1.8899237e+00   2.0564014e+00   1.9919496e+00   1.5907519e+00   1.2726166e+00   1.0967884e+00   1.3573275e+00   1.5097007e+00   1.1317476e+00   1.2102332e+00   1.1268638e+00
   4.2608782e+00   3.0847035e+00   2.6725812e+00   1.8400773e+00   1.5348191e+00   1.6865625e+00   1.6329298e+00   1.6829019e+00   1.1525100e+00   1.3373691e+00   1.2026047e+00   1.3533655e+00   1.1695334e+00   1.0964881e+00   9.6750122e-01   1.1071993e+00
   4.0731588e+00   3.2641316e+00   2.2260784e+00   1.8614630e+00   1.7891024e+00   1.8115901e+00   1.3385939e+00   1.4743143e+00   9.2915616e-01   1.1464977e+00   1.1541508e+00   1.4502452e+00   1.1474855e+00   1.2174921e+00   1.3483641e+00   1.2430040e+00
   3.9555155e+00   2.5951645e+00   2.0217661e+00   2.1486483e+00   2.1275722e+00   1.9250038e+00   1.9878161e+00   1.5942012e+00   1.5461139e+00   1.0691400e+00   1.0866855e+00   1.4248291e+00   1.3663774e+00   1.3221230e+00   1.2571411e+00   1.0719155e+00
   4.1335951e+00   3.5503732e+00   2.0474508e+00   1.9930481e+00   1.6138762e+00   2.0736252e+00   1.5241560e+00   1.7698074e+00   1.3370312e+00   1.0800359e+00   1.0515384e+00   1.3096298e+00   1.3014225e+00   1.2121636e+00   1.0857960e+00   1.0499117e+00
   4.3719168e+00   3.7237413e+00   2.3294486e+00   2.3966285e+00   2.1293554e+00   2.2270475e+00   1.9900230e+00   1.7950342e+00   1.7647834e+00   1.2389034e+00   1.3095164e+00   1.0292367e+00   1.1812637e+00   1.0160608e+00   9.4535848e-01   1.0431102e+00
   3.9940453e+00   3.3473633e+00   2.8344383e+00   2.2362687e+00   2.3189105e+00   1.8655774e+00   1.4950517e+00   1.4745350e+00   1.2870428e+00   1.0111733e+00   9.3343434e-01   1.1831800e+00   1.2064297e+00   1.0398099e+00   1.1604726e+00   1.1521232e+00
   3.9563726e+00   3.3238614e+00   2.5897260e+00   2.5672416e+00   1.8887821e+00   1.7782347e+00   1.8698995e+00   1.6769059e+00   1.2555780e+00   9.8002448e-01   1.1140140e+00   1.2231858e+00   9.6704808e-01   8.5039628e-01   1.0589921e+00   1.2081100e+00
   3.9335680e+00   2.9391672e+00   2.2956153e+00   1.8624359e+00   1.9685388e+00   2.0357510e+00   1.3015403e+00   1.3616146e+00   1.3103222e+00   1.5206318e+00   1.1031021e+00   1.0381463e+00   1.2133362e+00   8.0172301e-01   1.1029234e+00   1.0312964e+00
   3.5347885e+00   2.6320625e+00   3.0913323e+00   2.8902808e+00   1.9093755e+00   1.4583573e+00   1.0624452e+00   1.2820921e+00   1.3061384e+00   1.0208626e+00   1.1588547e+00   1.1352242e+00   1.2755361e+00   1.2150634e+00   1.3816349e+00   1.1729236e+00
   3.6196127e+00   3.2489940e+00   2.8624524e+00   2.7195888e+00   1.9912990e+00   1.5201672e+00   1.1026157e+00   1.8764884e+00   1.5236884e+00   9.9607613e-01   9.1914935e-01   1.0037058e+00   8.9696085e-01   1.0494609e+00   1.1318263e+00   9.8798304e-01
   3.0811225e+00   2.8597989e+00   2.6567888e+00   2.1690626e+00   1.9661614e+00   1.8598105e+00   1.3902645e+00   1.7344361e+00   1.5769487e+00   1.2365235e+00   1.3290004e+00   1.2845759e+00   1.3628288e+00   1.1605278e+00   9.1328037e-01   1.2799499e+00
   3.7980634e+00   2.4510343e+00   1.8651442e+00   2.1623145e+00   1.9132957e+00   2.1967547e+00   1.6705705e+00   1.7240920e+00   1.4687826e+00   1.8086289e+00   1.4465494e+00   1.0416580e+00   1.3540851e+00   1.2597136e+00   1.2541598e+00   1.2408282e+00
   3.3613243e+00   2.5001920e+00   2.7937144e+00   2.6286666e+00   1.9387214e+00   2.0145126e+00   1.6101494e+00   1.4364656e+00   1.3324410e+00   1.4162029e+00   1.1016411e+00   7.1188030e-01   1.0086653e+00   1.1162807e+00   1.2626505e+00   1.1991064e+00
   3.5637561e+00   2.7709114e+00   3.0137830e+00   2.4853546e+00   1.8681532e+00   1.8676655e+00   1.7683647e+00   1.7100388e+00   1.5105039e+00   1.5364705e+00   1.2785158e+00   1.3885044e+00   1.2742344e+00   1.4033587e+00   1.3680175e+00   1.1890941e+00
   4.0649499e+00   2.4472560e+00   2.8167288e+00   2.4531802e+00   1.9508865e+00   1.6780014e+00   1.5770162e+00   1.7078314e+00   1.4427395e+00   1.6406053e+00   1.4324661e+00   1.4603022e+00   9.7402787e-01   9.8362223e-01   1.0038387e+00   1.0824454e+00
   3.2273116e+00   2.7556922e+00   2.5404922e+00   2.3221805e+00   1.7249605e+00   1.8195889e+00   1.7517997e+00   1.4052576e+00   1.2378320e+00   1.2401930e+00   1.1655015e+00   1.4736288e+00   1.3991140e+00   1.1957005e+00   1.3203263e+00   1.0712446e+00
   3.9100584e+00   2.7428217e+00   2.3096581e+00   2.3202240e+00   2.0272388e+00   1.9551884e+00   1.5626716e+00   1.5553620e+00   1.5964935e+00   1.1011529e+00   1.2842216e+00   1.1631612e+00   1.3887735e+00   1.1681028e+00   1.3584379e+00   1.1532877e+00
   4.4325092e+00   3.4528092e+00   2.8042786e+00   1.7347911e+00   1.8006510e+00   1.4209486e+00   1.7413633e+00   1.7053823e+00   1.7461360e+00   1.5326449e+00   1.6083717e+00   1.1724430e+00   1.3521202e+00   1.4379221e+00   1.6802068e+00   1.2340579e+00
   4.1354534e+00   2.9704105e+00   2.2320272e+00   1.9928188e+00   1.7259004e+00   1.9254958e+00   1.6350899e+00   1.4425614e+00   1.1713188e+00   1.6671867e+00   1.2556250e+00   1.0051316e+00   1.2971344e+00   1.3975608e+00   1.3577531e+00   1.1745613e+00
   3.7707280e+00   2.6629516e+00   2.3689839e+00   2.1832696e+00   1.8035812e+00   2.2108843e+00   1.3234997e+00   1.1703147e+00   1.3453362e+00   1.3896002e+00   1.2708529e+00   1.2869405e+00   1.5710821e+00   1.3141516e+00   1.4069454e+00   1.2227525e+00
   4.1954201e+00   3.3789462e+00   2.4196071e+00   2.5435003e+00   1.8929746e+00   1.9249635e+00   1.4949478e+00   1.4882417e+00   1.1982061e+00   8.3217553e-01   9.8983080e-01   1.0980006e+00   1.2485583e+00   1.2225972e+00   1.5944102e+00   1.3767154e+00
   4.0975637e+00   3.3806480e+00   2.7322589e+00   2.5452065e+00   1.4993707e+00   1.4803131e+00   1.4169367e+00   1.2916203e+00   1.4983366e+00   1.3418537e+00   1.3251712e+00   1.3514155e+00   1.2332366e+00   1.1538091e+00   1.5083425e+00   1.3183154e+00
   3.5792093e+00   3.0868611e+00   2.9439742e+00   2.8628750e+00   1.8681823e+00   1.7083907e+00   1.5207849e+00   1.4843928e+00   1.7762185e+00   1.9986948e+00   1.4748932e+00   1.2025879e+00   1.6037044e+00   1.4627785e+00   1.0184339e+00   1.3363307e+00
   4.7195696e+00   3.7916453e+00   3.0958919e+00   2.8927391e+00   2.2130134e+00   1.9803295e+00   1.7243521e+00   1.6669393e+00   2.0938678e+00   2.5624274e+00   2.0558965e+00   1.4615819e+00   2.0910239e+00   1.7173983e+00   9.3536440e-01   1.2195981e+00
   4.7484204e+00   3.8690272e+00   3.0577224e+00   2.4190217e+00   1.6229235e+00   1.6524025e+00   1.3901422e+00   1.4455782e+00   2.0779354e+00   3.1231418e+00   2.3821634e+00   1.9201217e+00   3.1430045e+00   2.5751744e+00   1.1783503e+00   1.2008182e+00
   3.9547625e+00   3.3587141e+00   3.2425126e+00   2.8089884e+00   2.1747632e+00   1.9289496e+00   2.0783146e+00   1.8526145e+00   2.1184047e+00   3.3844829e+00   2.6479654e+00   2.4117900e+00   3.6289979e+00   2.8652646e+00   1.2144931e+00   1.0741928e+00
   3.5358216e+00   3.4457690e+00   2.9720448e+00   2.5624017e+00   2.1078542e+00   1.5835006e+00   1.6140101e+00   1.4972008e+00   2.2911634e+00   3.4923406e+00   2.7126909e+00   2.4151891e+00   3.8239129e+00   2.9749307e+00   1.1180111e+00   1.0414679e+00
   3.9748568e+00   3.4245540e+00   3.2249141e+00   2.7018831e+00   1.6738343e+00   1.8281727e+00   1.4470729e+00   1.4451929e+00   2.1248728e+00   3.2822947e+00   2.6409537e+00   2.4193436e+00   3.7981913e+00   3.0283436e+00   1.2912673e+00   1.2338323e+00
   4.6707012e+00   4.3299121e+00   3.5196059e+00   3.4191347e+00   2.4796007e+00   2.0132013e+00   1.8209788e+00   1.6654105e+00   1.9695010e+00   3.2038849e+00   2.7044322e+00   2.4699846e+00   3.7402100e+00   2.9858301e+00   1.2805450e+00   1.2974548e+00
   4.4811887e+00   3.3659966e+00   3.2923533e+00   2.8592242e+00   1.7718645e+00   1.6707866e+00   1.8203360e+00   1.8916203e+00   2.0034071e+00   3.2442618e+00   2.7641303e+00   2.4282251e+00   3.7275966e+00   2.9515158e+00   1.3839213e+00   1.2071296e+00
   4.1625493e+00   4.2546401e+00   3.6968912e+00   2.8049610e+00   2.1189403e+00   1.5696539e+00   1.6422408e+00   1.4273259e+00   2.0433953e+00   3.2778439e+00   2.8001275e+00   2.5656031e+00   3.4860744e+00   2.7949968e+00   1.2213621e+00   1.2955464e+00
   4.5101357e+00   3.8173545e+00   3.4280505e+00   2.7696165e+00   2.0787185e+00   1.3835849e+00   1.5845396e+00   1.4174531e+00   1.4571661e+00   3.1894832e+00   2.7682251e+00   2.5927335e+00   3.3630319e+00   2.9980438e+00   8.5627819e-01   8.5158520e-01
   4.5688245e+00   3.7532326e+00   3.3197610e+00   2.6598109e+00   1.5426178e+00   1.7096689e+00   1.6762862e+00   1.2972516e+00   1.5850385e+00   3.0618411e+00   2.6768206e+00   2.6003744e+00   3.5066291e+00   3.0418823e+00   1.0931496e+00   1.1320201e+00
   4.2112426e+00   3.5167279e+00   3.1812063e+00   2.5833172e+00   1.5050415e+00   1.8358964e+00   2.0775677e+00   1.4557811e+00   1.7821566e+00   3.0485788e+00   2.5654426e+00   2.4359364e+00   3.6363439e+00   3.0174077e+00   1.0639257e+00   1.3305434e+00
   3.3972714e+00   3.1616392e+00   2.9731518e+00   2.8477935e+00   1.9746944e+00   1.9819992e+00   1.6408739e+00   1.7192768e+00   1.7337076e+00   2.8007528e+00   2.5366721e+00   2.3646242e+00   3.4579658e+00   2.9835761e+00   1.0221126e+00   1.0928506e+00
   4.6707332e+00   3.4832200e+00   2.4291600e+00   2.7744495e+00   1.9284061e+00   1.8319268e+00   1.5816624e+00   1.6516982e+00   1.3641561e+00   2.9639935e+00   2.6917030e+00   2.4643673e+00   3.3643371e+00   3.0023824e+00   1.3399749e+00   1.3337454e+00
   4.3891553e+00   3.4661816e+00   3.0646213e+00   2.6398507e+00   1.7172009e+00   1.7648725e+00   1.3668135e+00   1.4095226e+00   1.6519774e+00   2.9804911e+00   2.5893012e+00   2.1429001e+00   3.1922638e+00   2.7601791e+00   1.2298459e+00   1.1504593e+00
   4.3244583e+00   3.7481069e+00   3.4603138e+00   2.7440382e+00   2.1455799e+00   1.6602918e+00   9.9790731e-01   1.3386434e+00   1.8090261e+00   2.7008706e+00   2.2580082e+00   2.0051144e+00   3.1032279e+00   2.6642603e+00   9.4116168e-01   1.0060958e+00
   4.1855997e+00   3.3318335e+00   3.4632984e+00   2.6545330e+00   2.1729524e+00   1.5542951e+00   1.0525324e+00   1.2547510e+00   1.4412815e+00   2.4299528e+00   2.2567978e+00   1.8220022e+00   2.8368009e+00   2.7193686e+00   1.1643740e+00   1.2741578e+00
   4.1012500e+00   3.2887234e+00   3.3596704e+00   1.9441435e+00   1.9300810e+00   1.4150135e+00   1.1347704e+00   1.6977056e+00   1.5577778e+00   2.5810160e+00   2.1823946e+00   1.6071441e+00   2.7155833e+00   2.6192299e+00   1.1242374e+00   1.1221374e+00
   3.8836170e+00   3.4281816e+00   2.8552149e+00   3.1821452e+00   2.5950135e+00   2.1493030e+00   1.7466333e+00   1.9249762e+00   1.6436925e+00   2.3108268e+00   1.9911527e+00   1.7165424e+00   2.5131956e+00   2.4497153e+00   9.0218737e-01   1.0066296e+00
   4.7607583e+00   3.6755712e+00   3.5032326e+00   3.2904825e+00   2.3845959e+00   1.9505836e+00   1.7429987e+00   1.8327990e+00   1.5307921e+00   2.1649442e+00   1.8910389e+00   1.4287944e+00   2.1084612e+00   2.1895990e+00   1.3064945e+00   1.3241235e+00
   4.4124875e+00   3.0553038e+00   3.0551972e+00   2.7553316e+00   2.0996895e+00   1.6602543e+00   1.4553815e+00   1.5843191e+00   1.1961257e+00   1.9161349e+00   1.6292125e+00   1.3042661e+00   1.7912333e+00   1.8474665e+00   1.2484820e+00   1.0912317e+00
   4.0573643e+00   2.7346647e+00   2.7238019e+00   2.4861689e+00   1.8836017e+00   1.9414264e+00   2.0603790e+00   1.5927002e+00   1.3428175e+00   1.7829403e+00   1.5204494e+00   1.4556135e+00   1.7097507e+00   2.1284693e+00   1.1925901e+00   1.0577304e+00
   3.9793737e+00   2.9699696e+00   2.5830366e+00   2.5866318e+00   1.8326284e+00   1.8508837e+00   1.6440130e+00   1.7292525e+00   1.4361257e+00   1.5364306e+00   1.8121140e+00   1.6972312e+00   1.5244157e+00   1.9533609e+00   1.4243495e+00   1.1464143e+00
   3.7028965e+00   3.2969003e+00   2.4118632e+00   2.3228360e+00   1.8996038e+00   1.6618450e+00   1.1012960e+00   1.7338435e+00   1.7141113e+00   1.4476478e+00   1.3945582e+00   1.2155928e+00   1.2016767e+00   1.2799860e+00   1.2873618e+00   1.3454506e+00
   4.2620645e+00   3.3306599e+00   2.3151979e+00   2.7495910e+00   2.0412028e+00   1.7120511e+00   1.3059755e+00   1.6681979e+00   1.5560398e+00   1.2282682e+00   1.0354196e+00   1.3034397e+00   1.0856103e+00   1.0220991e+00   1.2512580e+00   1.4056491e+00
   4.3799898e+00   2.8812638e+00   2.5165257e+00   2.2864865e+00   2.0329890e+00   2.1553086e+00   1.9637124e+00   1.1789879e+00   1.3434166e+00   1.4000358e+00   1.4297639e+00   1.2245600e+00   1.2239864e+00   1.1916038e+00   1.3595479e+00   1.4277896e+00
   3.7649070e+00   2.2615300e+00   2.2529113e+00   1.9773097e+00   1.5672728e+00   1.3565963e+00   1.7855278e+00   1.2858765e+00   1.2403273e+00   1.4051370e+00   1.4224591e+00   1.3097811e+00   8.9013730e-01   1.1129445e+00   1.1207696e+00   1.2224915e+00
   4.5906198e+00   3.0143435e+00   2.3101476e+00   2.0711987e+00   1.4111566e+00   1.7102216e+00   1.6194687e+00   1.8152369e+00   1.4973652e+00   9.3033095e-01   9.0143214e-01   1.1534597e+00   1.0118849e+00   8.9536976e-01   1.0963598e+00   1.0395449e+00
   4.7057786e+00   3.5966483e+00   3.0100866e+00   2.8914937e+00   2.0301016e+00   1.6235102e+00   1.6904396e+00   1.8167561e+00   1.3772522e+00   9.5695325e-01   1.0804796e+00   9.4083317e-01   9.2410292e-01   1.0387597e+00   1.0259194e+00   1.1609561e+00
   4.7896540e+00   3.8713386e+00   2.9923637e+00   3.0957530e+00   2.3928413e+00   1.8754115e+00   1.5811164e+00   1.6940361e+00   1.1778940e+00   9.8519908e-01   1.1896426e+00   1.1895145e+00   1.4558866e+00   1.2493210e+00   1.3201814e+00   1.2078521e+00
   4.0341026e+00   3.3514019e+00   2.8664059e+00   2.5864774e+00   2.5333020e+00   2.1289744e+00   1.5744240e+00   1.6559305e+00   1.5052054e+00   1.5060761e+00   1.4472697e+00   1.4764386e+00   1.3270832e+00   1.0259753e+00   1.1418338e+00   1.2242860e+00
   4.3098947e+00   3.2284636e+00   2.4670512e+00   2.6230240e+00   1.9626770e+00   1.5609953e+00   1.7104854e+00   1.6347908e+00   1.5240251e+00   1.3062639e+00   1.6908158e+00   1.7740780e+00   1.4598640e+00   1.0855650e+00   1.2811558e+00   1.2690466e+00
   4.3390245e+00   3.8963437e+00   2.5039188e+00   2.9503869e+00   2.0222135e+00   1.5983080e+00   1.8088385e+00   1.7714518e+00   1.5749294e+00   1.3623273e+00   1.4414115e+00   1.4657554e+00   1.5730262e+00   1.2383284e+00   1.2822363e+00   1.2641585e+00
   4.3360372e+00   3.3815432e+00   2.7860363e+00   2.1108857e+00   2.0067686e+00   1.7088111e+00   1.7466222e+00   1.8066666e+00   1.7218112e+00   1.5963304e+00   1.5143818e+00   1.3847302e+00   1.4269668e+00   1.4609353e+00   9.1068198e-01   1.1654797e+00
   3.8214649e+00   3.3698743e+00   2.7681549e+00   1.7530589e+00   2.1318122e+00   2.0655442e+00   1.7498449e+00   1.7476564e+00   1.4922565e+00   1.5251493e+00   1.4777780e+00   1.4613464e+00   1.4788849e+00   1.2319168e+00   9.6110627e-01   1.4435430e+00
   3.5710478e+00   3.4003861e+00   3.1931418e+00   2.3404891e+00   2.3201167e+00   1.7636503e+00   1.1170476e+00   1.1020715e+00   1.2283278e+00   1.3400090e+00   1.4832719e+00   1.1906782e+00   1.0471065e+00   1.1173934e+00   1.2180779e+00   1.2264366e+00
   4.2967879e+00   4.3064858e+00   2.6218325e+00   2.5367879e+00   1.8984381e+00   1.8527390e+00   1.3515634e+00   1.4239993e+00   1.7139583e+00   1.3010283e+00   9.7555894e-01   1.3302588e+00   1.1816793e+00   8.7354717e-01   1.4051292e+00   1.2644750e+00
   4.1860056e+00   4.4300635e+00   3.4034872e+00   3.0273732e+00   2.0367263e+00   1.7003215e+00   1.5453848e+00   1.2838005e+00   1.3924338e+00   1.1531092e+00   1.1798556e+00   1.1645009e+00   8.9207326e-01   1.0915275e+00   1.2534468e+00   8.6435639e-01
   3.9642448e+00   4.3086857e+00   3.9236069e+00   2.3293325e+00   2.2825704e+00   2.0932824e+00   1.7895576e+00   1.6043298e+00   1.6412633e+00   1.3794127e+00   9.2443784e-01   1.2532344e+00   1.0640538e+00   8.7443643e-01   9.6927519e-01   9.7156011e-01
   3.1570814e+00   3.1983380e+00   2.7420682e+00   2.5593872e+00   1.7657193e+00   1.7051890e+00   1.6914244e+00   1.4404070e+00   1.3575286e+00   1.2708609e+00   1.1376715e+00   1.3313664e+00   1.2722015e+00   9.1681265e-01   7.0261780e-01   1.0378629e+00
   4.0051590e+00   3.4939319e+00   3.0423403e+00   2.4200082e+00   1.8661666e+00   1.7231551e+00   1.5762307e+00   1.7228170e+00   1.4433211e+00   9.6596637e-01   1.0301457e+00   1.0096696e+00   1.3026780e+00   8.3337892e-01   8.7531986e-01   1.0416081e+00
   3.8355897e+00   3.1480367e+00   2.9805977e+00   2.9003800e+00   2.4438319e+00   1.9611948e+00   1.8585415e+00   1.9084949e+00   1.6621605e+00   1.6026605e+00   1.3450273e+00   1.2063994e+00   1.2728355e+00   1.0859586e+00   8.2439916e-01   1.0222788e+00
   4.0024146e+00   3.0480137e+00   2.3380133e+00   2.2221962e+00   2.0145982e+00   1.7072610e+00   1.8814436e+00   1.7686198e+00   1.3737247e+00   1.1944795e+00   1.5497132e+00   1.7187763e+00   1.5590985e+00   1.1807327e+00   1.2316939e+00   1.0128222e+00
   3.5995356e+00   2.5555437e+00   2.2923469e+00   2.3383315e+00   2.3707282e+00   2.1011214e+00   1.7055192e+00   1.6962087e+00   1.4876739e+00   1.0092785e+00   1.0955526e+00   1.2848126e+00   1.4372477e+00   1.1179896e+00   9.1500842e-01   9.3623979e-01
   4.4517428e+00   3.1728991e+00   2.5323092e+00   2.6962547e+00   2.3732940e+00   2.0964927e+00   1.7136149e+00   1.7366144e+00   1.4332544e+00   1.0232886e+00   9.8436474e-01   1.2522211e+00   1.1121779e+00   8.6815064e-01   7.7070142e-01   1.0680658e+00
