   3.3854417e+00   2.7741591e+00   2.0255827e+00   1.4920528e+00   7.5877874e-01   6.0275750e-01   1.9308793e-01  -1.2759737e-01  -2.6456442e-01  -3.1383233e-01  -2.7412727e-01  -6.1620828e-01  -6.1152238e-01  -6.6406597e-01  -6.4174733e-01  -6.4454022e-01
   3.8500879e+00   2.9868808e+00   1.6989037e+00   4.3468600e-01   8.1980948e-01   7.2562399e-01   3.8022192e-01  -1.2371063e-03  -2.9235043e-01  -2.0641701e-01  -1.5623898e-01  -4.2339970e-01  -3.2930820e-01  -5.7569811e-01  -5.5491631e-01  -5.0372749e-01
   3.8832383e+00   2.5565800e+00   1.7428944e+00   5.9157201e-01   1.1569799e+00   5.5846972e-01   1.3796601e-01  -1.1705505e-01  -3.1249794e-01  -6.5518954e-01  -3.5701762e-01  -8.9186917e-01  -8.7881725e-01  -1.2293604e+00  -1.3273082e+00  -1.3868436e+00
   3.8696764e+00   2.8263758e+00   1.6394086e+00   1.4484786e+00   1.3713149e+00   9.7389331e-01   5.0315636e-01   9.3773590e-02  -1.6904386e-01  -5.8979157e-01  -4.2310391e-01  -6.8677946e-01  -6.8555417e-01  -1.0569140e+00  -1.1137292e+00  -9.9981389e-01
   3.8620846e+00   2.8273740e+00   1.9547921e+00   1.5090982e+00   1.4946563e+00   4.8913550e-01   6.8260595e-01   2.0572942e-01   1.6194508e-01  -1.4866892e-01  -1.2904702e-01  -3.6041525e-01  -4.9691291e-01  -4.6348350e-01  -5.1345861e-01  -5.0281414e-01
   3.7188411e+00   3.5587060e+00   1.7791542e+00   9.8481504e-01   1.1340659e+00   4.5295220e-01   1.9224610e-01  -1.7085740e-01  -1.9169928e-01  -5.2005180e-01  -5.4404949e-01  -5.3315316e-01  -8.7178640e-01  -9.1657049e-01  -1.1546219e+00  -1.1708360e+00
   3.4926941e+00   3.0898320e+00   1.8261814e+00   1.2507510e+00   1.3094779e+00   7.7568965e-01   7.1412946e-01   6.3697786e-02  -6.1846549e-01  -4.7371743e-01  -4.4820669e-01  -4.7216196e-01  -8.1185427e-01  -1.0799716e+00  -1.0293424e+00  -9.9941937e-01
   3.6220008e+00   2.7488450e+00   1.8797593e+00   1.7131851e+00   9.4856870e-01   6.6560722e-01   1.7475899e-01  -8.5010929e-02  -2.9204459e-01  -3.9927681e-01  -3.2133884e-01  -3.4361084e-01  -5.9710904e-01  -6.1548560e-01  -6.5154819e-01  -5.4814165e-01
   3.8393561e+00   3.1121020e+00   1.7632229e+00   1.2114673e+00   1.1144312e+00   4.9550543e-01   2.3526463e-01  -1.7515953e-01  -5.7683817e-01  -5.9248824e-01  -5.9542854e-01  -5.7687010e-01  -7.0849072e-01  -8.0347703e-01  -8.3947864e-01  -8.4552102e-01
   3.6795746e+00   2.6963055e+00   2.2422185e+00   1.2647552e+00   1.0018698e+00   6.0336476e-01   2.4619365e-01   1.0615510e-01  -5.4642472e-01  -3.5108127e-01  -4.8679747e-01  -5.4048623e-01  -6.7506337e-01  -9.6095183e-01  -1.1239900e+00  -9.8128028e-01
   4.2190347e+00   2.8466811e+00   1.8648111e+00   1.6559989e+00   1.6269556e+00   8.5684365e-01   4.7093965e-01   4.1714496e-02  -3.8987799e-01  -1.8036242e-01  -3.0779815e-01  -5.1239859e-01  -8.3223197e-01  -7.5160235e-01  -5.2157407e-01  -6.4228016e-02
   3.8672203e+00   3.0878632e+00   2.1131831e+00   1.3301103e+00   1.3098803e+00   8.1909482e-01   3.0930370e-01  -1.1495955e-02  -7.5788000e-02  -2.2086955e-01  -2.1960700e-01  -3.6484942e-01  -5.2573935e-01  -7.3427988e-01  -6.6580629e-01  -6.0340054e-01
   3.7482400e+00   2.5947972e+00   1.6449420e+00   6.7755535e-01   1.2547079e+00   9.1181686e-01   2.2539271e-01   1.2718200e-01  -5.1114408e-01  -4.5048555e-01  -5.4338288e-01  -6.0928228e-01  -8.8889700e-01  -9.2342121e-01  -1.1785901e+00  -1.3796652e+00
   3.7980141e+00   2.6602773e+00   1.6751358e+00   1.3579070e+00   1.3131808e+00   7.5810648e-01   1.7848684e-01  -2.6682940e-02  -4.7145413e-01  -2.6679327e-01  -1.7477378e-01  -7.8089482e-01  -9.4915370e-01  -1.2188910e+00  -1.3872947e+00  -1.1429690e+00
   3.5847605e+00   2.6877974e+00   1.6787430e+00   1.2292379e+00   1.0300014e+00   7.9770222e-01  -1.4922627e-01  -7.9464768e-01  -6.4965668e-01  -5.3357066e-01  -4.8056912e-01  -7.4446478e-01  -9.7122623e-01  -1.1743301e+00  -1.0708518e+00  -8.5861036e-01
   3.9286372e+00   2.6897810e+00   1.5968343e+00   1.2085278e+00   1.1010874e+00   5.5104782e-01   2.8258690e-02  -5.3000392e-01  -2.3925752e-01  -4.2282158e-01  -6.2137327e-01  -1.0132399e+00  -7.4235088e-01  -1.2517718e+00  -1.4087200e+00  -1.2793408e+00
   3.0326739e+00   2.4297171e+00   1.7942902e+00   1.6419027e+00   8.1012445e-01   1.3522842e-03  -2.8451927e-01  -5.0427880e-01  -5.0860642e-01  -5.9780619e-01  -6.3925614e-01  -6.6307486e-01  -8.6623842e-01  -1.3164359e+00  -1.4175789e+00  -1.3234004e+00
   3.1590428e+00   2.0805860e+00   1.8912711e+00   1.5143312e+00   1.5740325e+00   3.3120342e-01   4.8076931e-01  -1.1291626e-01   9.9801639e-02  -4.1559686e-01  -7.6580979e-01  -6.1669980e-01  -8.2340810e-01  -8.3337461e-01  -8.7324738e-01  -9.2297039e-01
   3.6421305e+00   2.9812457e+00   2.1741796e+00   1.1207692e+00   1.4407801e+00   1.0264972e+00   5.8326153e-01  -1.7163916e-01  -2.9402708e-01  -3.7569351e-01  -4.6471012e-01  -5.5937794e-01  -8.0557317e-01  -7.3854968e-01  -5.4400105e-01  -1.7129940e-01
   3.2906771e+00   3.0096280e+00   2.3574366e+00   1.2424384e+00   7.7646477e-01   8.1745662e-01   4.7165705e-01   7.5217545e-02  -3.6393094e-01  -6.4321147e-01  -6.3684112e-01  -6.1349600e-01  -1.0279998e+00  -8.5003304e-01  -9.7764995e-02  -1.9619946e-01
   3.6569525e+00   2.7958198e+00   1.7840401e+00   1.1889520e+00   1.3795474e+00   6.7195707e-01   6.2522874e-01  -1.1184230e-01  -3.2290323e-01  -4.8345619e-01  -4.2135243e-01  -5.1876046e-01  -7.7222610e-01  -3.4175219e-01  -6.4506442e-02   1.9507509e-01
   3.1309361e+00   2.3697777e+00   8.2502507e-01   1.3227646e+00   1.4749477e+00   1.7225016e-01   8.9450408e-02  -1.5494701e-01  -2.6978920e-01  -1.9341252e-01  -6.3145291e-01  -6.1631332e-01  -1.0048670e+00  -5.2485695e-01   1.4880305e-01   6.8417685e-01
   3.2000653e+00   2.7245120e+00   2.0279976e+00   1.4977675e+00   1.3268277e+00   2.2744847e-01   4.5018268e-01   1.1101956e-01   6.1946573e-03  -3.2611719e-01  -4.3676478e-01  -5.7647561e-01  -6.8175830e-01  -3.9734033e-01  -1.2042167e-01   7.6085413e-01
   4.1153781e+00   2.6479704e+00   1.8843006e+00   1.3074700e+00   8.5396335e-01   5.7852421e-01   2.3217551e-01   2.3096841e-01  -7.6413342e-03  -4.2943194e-01  -4.6740083e-01  -4.8077327e-01  -5.9816096e-01  -4.1663294e-01   2.9696211e-01   1.1583200e+00
   3.5163609e+00   2.0386391e+00   1.4329785e+00   1.4262683e+00   8.7271149e-01   5.5672012e-01   3.5893289e-01   7.5954568e-02  -4.5497155e-02  -2.7363696e-01  -2.6161385e-01  -2.5733150e-01  -3.1016379e-01  -2.1570157e-01   3.3475007e-01   8.5881635e-01
   3.9793561e+00   2.2562750e+00   1.4754441e+00   1.4032978e+00   1.1325407e+00   5.2741079e-01   1.3845267e-01   1.1952493e-02  -2.6853414e-01  -3.5099545e-01  -3.2454985e-01  -5.5711537e-01  -9.9918978e-01  -3.6277927e-01   3.2317423e-01   1.0493065e+00
   3.8360487e+00   3.2888554e+00   1.7071613e+00   1.4417668e+00   1.1766956e+00   9.3304144e-01   3.2750635e-01   3.2766937e-01   4.9218609e-02   3.8999441e-02  -6.5393097e-02  -1.6031166e-01  -2.4957148e-01  -3.9592516e-02   2.9925605e-01   9.7386239e-01
   3.9352422e+00   3.0346471e+00   1.6923661e+00   1.6561919e+00   1.1856703e+00   2.6434989e-01  -1.3717501e-01  -1.2085235e-02  -3.0358203e-02  -3.8270437e-01  -4.6561898e-01  -5.2143067e-01  -7.3416814e-01  -2.9539315e-01   1.6545468e-01   9.3576095e-01
   3.9656481e+00   2.8690960e+00   1.7775679e+00   1.6215215e+00   1.5134206e+00   3.9147977e-01   8.6009328e-03   2.6645445e-01   4.9275130e-03  -3.9112315e-01  -2.6041106e-01  -3.9903612e-01  -4.6603531e-01  -2.4265035e-01   4.3308956e-01   1.1127563e+00
   3.3796724e+00   2.7574589e+00   1.6953783e+00   9.3159017e-01   1.3347614e+00   8.8778837e-01   5.4955699e-01  -1.9923726e-01  -7.5295447e-02  -4.1321826e-01  -4.5244610e-01  -4.2792645e-01  -4.6528946e-01  -2.9549976e-01   5.8103030e-01   1.3221483e+00
   3.3723766e+00   2.6153678e+00   1.9875885e+00   1.3788560e+00   7.8828035e-01   8.4927385e-01   5.7825080e-01  -3.0067909e-01  -3.1710145e-01  -5.9413583e-01  -7.2386014e-01  -6.0772320e-01  -8.2990418e-01  -3.2826197e-01   6.2403580e-01   1.4883991e+00
   4.0943087e+00   3.0250050e+00   1.6847736e+00   1.1579370e+00   8.7011267e-01   6.7087502e-01   1.8801922e-01   9.6187971e-02  -3.2179005e-01  -3.9405720e-01  -3.6352988e-01  -4.1598866e-01  -6.2120923e-01   1.0135586e-01   1.2200382e+00   2.1801897e+00
   4.1045408e+00   2.9003069e+00   1.5725475e+00   1.0705642e+00   1.4690825e+00   9.6925816e-01   3.1223544e-01   5.4313263e-01  -8.7821524e-02   6.6357647e-02  -6.1683733e-02  -5.9468762e-02  -1.8510270e-01   7.4894188e-01   1.7246169e+00   2.6653769e+00
   3.9853479e+00   2.7520527e+00   2.2959235e+00   1.6370313e+00   1.3970602e+00   7.7129957e-01   2.3140822e-01   8.7030937e-02   1.1671248e-01  -1.4838472e-02  -1.4975897e-01  -3.7627721e-02  -7.0311127e-02   7.9924030e-01   1.7629311e+00   2.3041627e+00
   3.3881813e+00   2.6650529e+00   2.0747021e+00   1.6411051e+00   1.3366342e+00   5.3405198e-01   1.0259528e-02  -2.5073081e-02   3.1049814e-01   1.4027418e-01   1.3962693e-01   3.1983888e-01  -2.1634019e-02   1.1049461e+00   2.1806159e+00   1.6847419e+00
   3.8587723e+00   2.6267244e+00   2.0541788e+00   1.5794809e+00   1.4760220e+00   2.8617147e-01  -1.6594747e-01   3.8473927e-01   6.2150483e-01   7.6818465e-01   1.3752109e-01   5.0271443e-01   2.6655326e-01   1.4451167e+00   2.1353258e+00   1.3827484e+00
   4.0791830e+00   3.0105105e+00   2.0582266e+00   1.5850852e+00   1.1292838e+00   6.4719943e-01  -5.1119315e-02   1.6861964e-01   5.1064589e-01   1.0900695e+00   5.2370035e-01   7.6776027e-01   3.5211897e-01   1.8311735e+00   2.0109842e+00   9.5562327e-01
   2.9362081e+00   2.4481982e+00   2.0702791e+00   1.6941265e+00   1.2677323e+00   6.4379404e-01   1.7067435e-01   6.0484861e-01   5.4988120e-01   1.3012788e+00   6.5467210e-01   1.0054923e+00   8.3738901e-01   2.3213120e+00   1.8066746e+00  -9.4163443e-02
   4.1069013e+00   3.4560398e+00   2.6294632e+00   1.7762933e+00   9.3390158e-01   5.9046894e-01   6.5251577e-02  -5.1233405e-02   3.8150426e-01   1.2505650e+00   9.0957078e-01   1.1448879e+00   1.1988216e+00   2.3369081e+00   1.8579028e+00  -3.2054361e-01
   3.4892657e+00   2.9923776e+00   2.5186291e+00   1.6422479e+00   6.8109159e-01   9.1236920e-01   3.0837321e-01   2.7585234e-01   3.3183054e-01   1.3674138e+00   1.1968552e+00   1.4336002e+00   1.0673330e+00   2.4891895e+00   1.9291541e+00  -4.7186928e-01
   3.4940945e+00   3.0508182e+00   2.3763828e+00   1.3808231e+00   1.0314413e+00   8.6337925e-01   3.9273299e-01   2.2371712e-01   2.6476315e-01   1.0395579e+00   1.1983067e+00   1.5910402e+00   1.2779530e+00   2.5314184e+00   1.9694480e+00  -5.0839314e-01
   3.2935737e+00   2.9303556e+00   1.8919863e+00   1.8378222e+00   1.2688804e+00   1.0064559e+00   7.6905796e-01   4.1293425e-01   1.1073584e-02   9.2672631e-01   1.0925148e+00   1.3355365e+00   1.4028040e+00   2.6127100e+00   2.1723991e+00  -2.1009866e-01
   3.1990451e+00   3.2237517e+00   2.1640812e+00   1.4917141e+00   1.3353016e+00   1.1710086e+00   6.1838250e-01   3.4708555e-01   2.9072705e-01   9.3506189e-01   1.2580663e+00   1.3892508e+00   1.4669428e+00   2.6320601e+00   2.2825527e+00  -7.5587727e-02
   4.0980719e+00   3.3715916e+00   2.4777430e+00   1.6727804e+00   9.2222665e-01   1.0610638e+00   6.3552269e-01   4.0536308e-02   1.5972494e-01   8.5904504e-01   1.3141767e+00   1.5110874e+00   1.4680138e+00   2.4966197e+00   2.0231975e+00  -2.5899789e-01
   4.0713383e+00   3.5759444e+00   2.3087839e+00   1.5979238e+00   1.2183664e+00   8.3581760e-01   6.5186449e-01  -7.5778463e-02  -5.7700577e-02   7.2387972e-01   1.1577366e+00   1.5504588e+00   1.3762718e+00   2.3817621e+00   2.0133328e+00  -1.7932129e-01
   4.0974578e+00   3.4787801e+00   2.2245720e+00   1.4763135e+00   1.5352059e+00   1.1181449e+00   6.4505937e-01   1.6513322e-01   1.4776047e-01   6.2568878e-01   1.0377672e+00   1.4529589e+00   1.2521715e+00   2.2708132e+00   1.7891177e+00  -2.3348154e-01
   3.1847893e+00   2.7243206e+00   2.3053539e+00   1.4307020e+00   1.3028646e+00   8.8781286e-01  -7.8713366e-02  -2.7076806e-01  -5.4546824e-01   2.0431020e-01   7.2689123e-01   1.2041546e+00   1.1264292e+00   2.1232547e+00   1.6513709e+00  -5.5695492e-01
   3.8733490e+00   3.1270968e+00   2.3678276e+00   2.0193954e+00   1.5392210e+00   1.0410285e+00   3.3837472e-01   3.9844779e-01   1.8070280e-01   3.7678852e-01   8.3015807e-01   1.0981159e+00   1.1036249e+00   2.0849543e+00   1.6281195e+00  -2.6807491e-02
   4.0170945e+00   2.7274640e+00   2.5184902e+00   1.6764450e+00   1.1595447e+00   1.0236655e+00   5.2749076e-02   5.4021268e-02  -1.4066872e-01  -1.9014550e-01   3.4780129e-01   5.7653199e-01   1.1146175e+00   2.0309546e+00   1.5444371e+00  -6.8419447e-01
   3.8946833e+00   2.9457451e+00   1.7363135e+00   1.4649490e+00   1.4566660e+00   8.5998909e-01   5.0117662e-01   2.1914727e-01   2.1295851e-01   1.2542179e-01   3.5975038e-01   7.1073040e-01   1.0294372e+00   1.9415954e+00   1.4814220e+00  -2.9339282e-02
   3.8138087e+00   2.9370495e+00   1.9289068e+00   1.1946644e+00   1.3755013e+00   1.0338046e+00   5.4714696e-02  -1.7836391e-01  -8.9078289e-02  -2.2219928e-01   4.4364587e-02   4.4406971e-01   9.0638240e-01   1.7093783e+00   1.2198200e+00  -4.5770775e-01
   3.8701482e+00   2.9830436e+00   1.9669880e+00   1.1526623e+00   5.4984163e-01   6.4909640e-01   1.9251749e-01  -7.9826564e-02   3.7403034e-02  -2.0731206e-02   1.6684150e-01   4.1273814e-01   9.2272509e-01   1.5712860e+00   1.1278658e+00  -1.6660981e-01
   3.7379896e+00   3.0953211e+00   2.0817422e+00   1.0339765e+00   7.7508757e-01   8.7106134e-01   4.9554370e-01  -5.7294069e-02  -4.1088673e-01  -1.1476927e-01   2.1972500e-01   6.4936807e-02   7.7243975e-01   1.5031430e+00   1.0030637e+00  -1.1847167e+00
   3.7925212e+00   2.7210503e+00   2.3868921e+00   1.7023390e+00   6.8882238e-01   1.0590664e+00   8.1280917e-01   2.0467998e-01  -3.7747933e-02   2.9278615e-01   2.8986834e-01   3.9629967e-01   8.3975718e-01   1.4339167e+00   9.5843993e-01  -2.0240033e-01
   4.3064172e+00   3.3767299e+00   2.1896965e+00   1.5526693e+00   1.4831786e+00   9.4705058e-01   5.6341163e-01   9.7835844e-02  -1.0653538e-01   4.0059981e-02  -5.0803205e-02   5.1225181e-01   9.8349906e-01   1.5671642e+00   9.4330513e-01  -1.1164988e+00
   3.5891872e+00   3.0487764e+00   2.3391728e+00   1.4559658e+00   1.4002019e+00   9.1247869e-01   1.8064361e-01  -3.4938633e-01  -5.4377569e-01   1.4198610e-01  -1.1972094e-01   7.5461804e-01   1.0495278e+00   1.6205872e+00   1.0765603e+00  -1.0541966e+00
   3.4769629e+00   2.7258539e+00   2.0137784e+00   1.6188164e+00   6.2730157e-01   5.4074895e-01   5.1712710e-01  -1.3101907e-01  -2.8825943e-01   2.0954442e-01   1.1045740e-01   7.2431545e-01   1.0163736e+00   1.4999013e+00   8.7673263e-01  -8.2225804e-01
   3.0614786e+00   3.0088320e+00   2.1483407e+00   1.0218970e+00   1.0376894e+00   5.9951735e-01   3.1659869e-01   3.4896376e-01  -2.8553911e-02   2.3287146e-01   1.6161130e-01   7.8015521e-01   1.0596261e+00   1.5245472e+00   7.4846676e-01  -1.1624970e+00
   2.6876106e+00   2.8145541e+00   2.1947696e+00   1.5160191e+00   8.4470103e-01   1.1327053e+00   7.0788336e-01   5.1849900e-02  -4.0336305e-01   1.9977350e-01   2.6407455e-01   6.3454057e-01   9.4800730e-01   1.6833507e+00   1.0922733e+00  -8.3551178e-01
   3.3420716e+00   2.8530333e+00   1.9780340e+00   1.0599220e+00   5.6331584e-01   1.1530142e+00   4.8210419e-01  -2.4848123e-02  -6.3329943e-01  -1.2264337e-02   2.8493863e-01   7.6986351e-01   9.5153239e-01   1.7363248e+00   1.1361544e+00  -9.4005532e-01
   3.0819600e+00   3.2182795e+00   2.2389347e+00   1.1450658e+00   8.3499354e-01   5.4001046e-01   2.0875437e-01   5.5058063e-01  -3.4889899e-01   2.4513565e-01   5.7783881e-01   9.5386481e-01   8.0131510e-01   1.6801746e+00   1.2215717e+00  -7.6349733e-01
   3.8873881e+00   3.3563248e+00   1.8033137e+00   1.4730936e+00   1.1679730e+00   5.6723602e-01   3.0895368e-01   1.0537610e-01  -1.1092144e-01  -2.7892549e-02   2.2557108e-01   8.0135696e-01   2.5180632e-01   1.5402972e+00   1.3018626e+00  -7.2568626e-01
   3.5648651e+00   2.6929747e+00   2.2624041e+00   2.0684015e+00   1.0831916e+00   6.2766378e-01   1.9017842e-01  -6.2132333e-02   1.1989124e-01  -1.3246426e-01   3.8044745e-01   9.1520967e-01   3.1625070e-01   1.5306359e+00   1.3327518e+00  -6.5155334e-01
   4.2504259e+00   2.6622272e+00   1.9128934e+00   1.6797883e+00   1.0271723e+00   9.1753937e-01   2.3676717e-01   6.3429653e-02  -3.1273331e-01  -1.9862250e-01   2.3123085e-01   7.2940711e-01   6.8745132e-03   1.4613427e+00   1.3343751e+00  -6.1897528e-01
   3.3762500e+00   2.3356373e+00   1.5527538e+00   1.2656085e+00   8.9600633e-01   8.0890037e-01   4.3853662e-01  -9.5619875e-02  -3.5082455e-01  -3.8669902e-01   1.9153123e-01   1.1040926e-01  -6.0601298e-01   9.1022836e-01   1.0086660e+00  -9.8728312e-01
   3.3425786e+00   2.6323452e+00   1.9824354e+00   9.1485515e-01   1.2162506e+00   1.0857965e+00   4.7760165e-01  -1.1759351e-01  -3.2342013e-01  -3.5453968e-01  -4.5485196e-01  -2.7197610e-01  -7.1193989e-01   7.8065809e-03   2.7523110e-01  -8.5415653e-01
   3.7483054e+00   3.1190096e+00   1.9125940e+00   1.3717432e+00   1.0901231e+00   9.2630102e-01   5.9398490e-01   7.7501469e-02  -3.7718058e-01  -9.6910554e-02  -1.1951761e-01  -4.3376118e-01  -4.2049821e-01  -4.6194802e-01  -2.3883611e-01  -6.9398519e-01
   3.7175154e+00   3.3463458e+00   1.5296546e+00   1.4039094e+00   1.4319313e+00   9.7717003e-01   7.6542668e-01  -2.0745593e-02  -4.6503246e-01  -1.7953761e-01  -2.7213617e-01  -3.5259749e-01  -6.9029457e-01  -7.2170929e-01  -6.8591775e-01  -9.9179280e-01
   3.4120341e+00   2.4917742e+00   1.3816768e+00   1.3741977e+00   1.1981181e+00   7.1292645e-01   6.8110447e-01   1.1704982e-01   1.2626669e-01  -3.8742452e-02  -4.8211355e-01  -2.3377582e-01  -5.6781321e-01  -6.9630669e-01  -7.4224074e-01  -7.6083804e-01
   2.7351499e+00   2.4602575e+00   1.9420787e+00   9.0918232e-01   7.3424751e-01   9.3605315e-01   5.3623010e-01   2.9010319e-02  -1.1330670e-01  -1.5496452e-01  -2.5250347e-01  -2.4470918e-01  -4.5467302e-01  -7.9247484e-01  -5.7327611e-01  -9.1918067e-01
   3.5916049e+00   2.5715933e+00   2.1196730e+00   1.3856228e+00   1.2081527e+00   6.6107944e-01   3.0034764e-01   2.6960195e-01   8.1133689e-02  -1.3114301e-01  -9.8816953e-02  -3.1502782e-01  -7.2214281e-01  -8.5828000e-01  -9.7171137e-01  -8.8543795e-01
   3.6374677e+00   2.3742851e+00   1.7013297e+00   1.7152877e+00   1.3670759e+00   6.2434258e-01   4.2412571e-01   6.8616449e-02  -1.2357473e-01  -2.4762518e-01  -5.2971172e-01  -6.6337020e-01  -6.7315446e-01  -9.5430504e-01  -1.2927913e+00  -1.1700784e+00
   3.2360647e+00   1.7919827e+00   1.5831196e+00   1.7290035e+00   1.3918359e+00   1.1574215e+00   6.0595814e-01   4.7610921e-02   3.1186823e-02  -2.9598109e-02  -1.5462322e-01  -3.6485964e-01  -4.2379482e-01  -3.7219518e-01  -4.3721674e-01  -4.9289300e-01
   3.0088935e+00   2.0865609e+00   1.5211243e+00   1.7941462e+00   1.2157574e+00   5.9103901e-01   3.0319044e-01   3.5605135e-01   5.9861878e-02  -2.7666802e-01  -2.2178993e-01  -3.4854844e-01  -4.3619430e-01  -5.3361780e-01  -5.1872522e-01  -5.4910243e-01
   3.3424585e+00   2.5051147e+00   2.0842162e+00   1.3636921e+00   1.1741937e+00   4.4020849e-01   5.7949826e-01   2.0102579e-01  -6.2764938e-02  -1.2705048e-01  -1.7239455e-01  -3.6707687e-01  -4.8918355e-01  -4.9238628e-01  -5.4351518e-01  -4.7396719e-01
   3.4225109e+00   2.1548083e+00   1.2279943e+00   1.1663850e+00   1.4643903e+00   1.3304604e+00   5.1764385e-01  -1.0818921e-01  -3.1177245e-01  -2.4133535e-01  -6.4028296e-01  -8.3863731e-01  -8.3703401e-01  -7.6018372e-01  -1.0341382e+00  -1.2237780e+00
   3.6784494e+00   2.7205192e+00   1.8995631e+00   1.5517526e+00   9.6001415e-01   1.0191338e+00   5.5580657e-01   2.2698076e-01  -2.4233773e-01  -4.1854878e-01  -3.4184930e-01  -6.6772156e-01  -8.7173071e-01  -9.6426908e-01  -9.5156655e-01  -1.0704951e+00
   3.8127667e+00   2.5296121e+00   1.6316159e+00   1.1703990e+00   1.0999129e+00   9.1621286e-01   6.4303247e-01   4.7041696e-01   2.8946687e-02  -4.0534776e-02  -1.9457035e-01  -4.3366495e-01  -4.8853482e-01  -4.9924018e-01  -5.5586814e-01  -6.1261432e-01
   3.5555099e+00   2.6092893e+00   1.7009649e+00   9.6208105e-01   8.5823123e-01   9.7846233e-01   6.8955877e-01   5.7938088e-02  -1.1173872e-01  -2.3167274e-01  -3.1523784e-01  -3.3635754e-01  -2.0922130e-01  -4.3091796e-01  -4.6206143e-01  -4.4084304e-01
   3.4233803e+00   2.2275068e+00   1.9000243e+00   1.4750684e+00   5.6272834e-01   2.1840423e-01   5.6131087e-01  -8.1678916e-02  -6.2143874e-01  -4.3807383e-01  -4.7174135e-01  -6.1740724e-01  -7.0109483e-01  -8.4173640e-01  -8.4293951e-01  -9.1857081e-01
   3.2737684e+00   2.5263896e+00   1.7437043e+00   1.4531805e+00   9.9352894e-01   1.4084378e-01  -1.5857360e-01   1.6763598e-01  -7.7686311e-02  -2.8613418e-01  -2.1649108e-01  -5.8174495e-01  -6.6170084e-01  -6.4784098e-01  -7.5301898e-01  -7.4960035e-01
   3.6662586e+00   2.6178202e+00   1.0470501e+00   1.1617855e+00   8.9291457e-01   6.8349570e-01   3.5823445e-01  -6.2828459e-04   1.3092275e-01  -1.9273662e-01  -2.2070924e-01  -3.9664243e-01  -2.9615194e-01  -4.3487438e-01  -4.0943631e-01  -4.4115154e-01
   3.6267455e+00   2.5977105e+00   1.1746572e+00   1.4556276e+00   1.1748458e+00   6.0670385e-01   5.4355154e-01   8.4715221e-02  -2.8182533e-01  -3.7124480e-01  -3.9274563e-01  -3.4788891e-01  -4.2401732e-01  -5.5450054e-01  -5.1373080e-01  -6.4991092e-01
   3.2027361e+00   2.8090592e+00   1.7293876e+00   1.3364932e+00   1.0976762e+00   1.1058387e+00   2.4278290e-01  -1.3325599e-02  -3.1040915e-01  -6.7675431e-01  -9.2758703e-01  -5.4342959e-01  -8.5404458e-01  -1.0342350e+00  -1.1263537e+00  -1.3814603e+00
   3.6005273e+00   2.5293912e+00   1.6202271e+00   1.4082157e+00   7.5375154e-01   4.9185327e-01   4.7720074e-01  -1.0341131e-01  -9.2184809e-02  -6.9373379e-01  -8.4190461e-01  -7.8688951e-01  -9.4140298e-01  -9.5766741e-01  -1.0078615e+00  -1.0497377e+00
   2.8533389e+00   2.5932027e+00   2.1786688e+00   1.5406677e+00   1.4654246e+00   9.9972693e-01   5.2218648e-01   1.6452507e-01  -3.3228741e-01  -5.8188385e-01  -5.4580351e-01  -5.5116129e-01  -6.7301069e-01  -9.5598535e-01  -1.2552759e+00  -1.2362013e+00
   3.3782394e+00   2.9865009e+00   2.0085214e+00   1.2923413e+00   1.1879129e+00   1.1753254e+00   5.1905089e-01   5.4473310e-02  -1.2009112e-01  -4.9829743e-01  -6.8718586e-01  -4.7661981e-01  -6.6336223e-01  -7.7576741e-01  -1.1124340e+00  -1.1694346e+00
   3.7741143e+00   2.4397722e+00   1.8929370e+00   1.6285695e+00   1.6053976e+00   5.2397267e-01  -1.1221222e-02   8.7741685e-02  -3.9631944e-01  -3.3687175e-01  -6.5137303e-01  -6.6931900e-01  -6.1598961e-01  -9.2405022e-01  -9.4814381e-01  -1.0160478e+00
   3.6717591e+00   2.9094392e+00   1.7423787e+00   1.1616556e+00   1.0594712e+00   5.4433379e-01   1.7210430e-01   8.5119151e-02   5.6980452e-02  -1.2933512e-01  -2.8941683e-01  -3.0286060e-01  -5.5149708e-01  -6.5415960e-01  -7.2135980e-01  -7.2761214e-01
   3.8462206e+00   2.9487530e+00   1.6461391e+00   1.3188701e+00   7.9916195e-01   9.2284096e-01   4.8769871e-02  -2.5819962e-01   7.8257465e-02  -8.7574324e-02  -2.9805779e-01  -3.5580120e-01  -5.4708676e-01  -5.4555356e-01  -5.4740321e-01  -5.4062054e-01
   3.4344988e+00   2.6084318e+00   1.5671755e+00   1.4047535e+00   9.4274796e-01   1.1691247e+00   2.4703272e-01  -9.5143957e-02  -4.4227972e-02  -2.7599033e-01  -4.6283774e-01  -4.9007754e-01  -5.8526444e-01  -5.8808451e-01  -6.3706888e-01  -5.9672494e-01
