   4.8439081e+00   4.4055937e+00   3.8111290e+00   4.2658579e+00   4.4752467e+00   3.8211820e+00   4.2005212e+00   4.0152338e+00   3.5025668e+00   3.2572401e+00   2.0146367e+00   1.2088670e+00   7.3081666e-01   8.4929661e-01   6.0798238e-01   3.1321283e-01
   5.0465906e+00   4.6503674e+00   3.7097963e+00   3.1878590e+00   3.4029440e+00   3.3750169e+00   3.0822468e+00   3.0398492e+00   2.2771632e+00   2.2673998e+00   1.1930182e+00   8.2180394e-01   3.8274771e-01   3.9061113e-01   4.0842161e-01   1.5537290e-01
   5.2087006e+00   4.1730851e+00   4.1550177e+00   3.5768160e+00   3.6591773e+00   3.3897089e+00   2.8479353e+00   2.6152784e+00   2.2956667e+00   1.6601983e+00   1.2496867e+00   6.0524691e-01   4.5100610e-01   2.4152990e-01   4.8630214e-01   5.5083886e-01
   3.8983618e+00   3.6750504e+00   3.2575512e+00   3.2506955e+00   2.9106891e+00   2.3891040e+00   2.3308390e+00   1.9635861e+00   1.2011046e+00   1.4823583e+00   1.0136558e+00   6.8395784e-01   4.9284347e-01   3.4982047e-01   2.3854201e-01   3.9602001e-01
   4.2619852e+00   4.3605902e+00   3.8874671e+00   3.6867453e+00   3.4035279e+00   2.8484177e+00   2.5805006e+00   2.3203608e+00   2.0428637e+00   1.8891893e+00   1.2059965e+00   9.0333949e-01   4.2244726e-01   1.3300829e-01   1.7383382e-01   2.9994933e-01
   4.8898656e+00   4.5500098e+00   4.3315263e+00   3.5745184e+00   3.8368374e+00   3.4049139e+00   3.5101403e+00   2.9606226e+00   2.3900240e+00   2.5954626e+00   2.2376927e+00   1.5320595e+00   1.1524630e+00   1.1478084e+00   1.2205326e+00   7.9023067e-01
   5.2364121e+00   4.9371653e+00   4.5784151e+00   3.8803901e+00   4.1712028e+00   3.6275961e+00   3.6167480e+00   3.3287169e+00   3.1410185e+00   2.8230340e+00   2.5534971e+00   2.1703581e+00   1.8973894e+00   1.2715659e+00   1.1645966e+00   1.1448254e+00
   5.5105367e+00   5.1498945e+00   4.6316467e+00   4.7658601e+00   4.3986974e+00   3.7829970e+00   3.9395641e+00   3.7689095e+00   3.6037510e+00   3.2900399e+00   2.6595672e+00   2.2671187e+00   2.0770487e+00   1.8198264e+00   1.6631166e+00   1.4385710e+00
   5.4682254e+00   5.1458502e+00   4.4426939e+00   4.7735006e+00   4.6544644e+00   4.6738194e+00   4.3250097e+00   4.3389573e+00   4.1925255e+00   3.0463906e+00   3.6554102e+00   3.7142484e+00   3.5254760e+00   3.1683494e+00   2.6182806e+00   2.6259778e+00
   5.3954713e+00   5.7788333e+00   5.0374602e+00   5.0256039e+00   4.4170311e+00   4.6449748e+00   4.4170417e+00   3.8098273e+00   3.9881262e+00   3.6744239e+00   3.8352679e+00   3.7420088e+00   3.3544520e+00   3.2547257e+00   2.7386629e+00   2.3826380e+00
   5.3624103e+00   5.6745648e+00   4.7967337e+00   4.6238094e+00   3.9876963e+00   4.2218842e+00   3.7572003e+00   4.3002682e+00   4.3877280e+00   4.3337829e+00   3.9085046e+00   3.6137511e+00   3.5113224e+00   3.1270884e+00   2.5756110e+00   2.3115677e+00
   5.2021039e+00   4.6398350e+00   4.8816814e+00   4.5209065e+00   4.1634794e+00   3.8326098e+00   3.2658623e+00   3.5748759e+00   3.5093677e+00   3.6901314e+00   3.1751566e+00   3.0622091e+00   2.6480073e+00   2.3380408e+00   2.0065817e+00   1.7100521e+00
   5.1267151e+00   4.3018274e+00   4.5769147e+00   5.1074621e+00   3.8999165e+00   3.6554744e+00   3.8336170e+00   3.4051029e+00   3.4855340e+00   3.6110460e+00   3.0284266e+00   1.8360186e+00   2.0143956e+00   1.8052056e+00   1.2074195e+00   1.3014204e+00
   5.3012479e+00   4.8386459e+00   4.2950149e+00   4.0155623e+00   3.4656734e+00   2.9559552e+00   2.4895065e+00   2.4189331e+00   2.1247583e+00   1.7564813e+00   1.4952803e+00   7.4426489e-01   5.1196991e-01   5.1344206e-01   4.1575458e-01   4.1786560e-01
   4.9215944e+00   4.6785430e+00   3.8921552e+00   3.7632562e+00   3.3783811e+00   3.3191220e+00   3.3528434e+00   3.1184444e+00   2.5262438e+00   2.3228738e+00   1.7865121e+00   1.1085001e+00   5.4892245e-01   4.9037707e-01   8.0683862e-01   8.8105334e-01
   4.9597386e+00   4.6829913e+00   4.8892557e+00   4.8920721e+00   4.3213827e+00   4.4108279e+00   4.6215288e+00   4.1976364e+00   4.2232464e+00   4.5887619e+00   4.1534887e+00   3.0201796e+00   3.5623485e+00   3.1293816e+00   2.6174211e+00   2.1434153e+00
   4.7481544e+00   4.4512422e+00   4.5422532e+00   4.3682373e+00   4.0818165e+00   4.5339654e+00   4.3313808e+00   3.9002610e+00   4.0511183e+00   4.1428310e+00   3.9686630e+00   3.0811000e+00   3.0353438e+00   2.6726570e+00   2.2120701e+00   1.9094248e+00
   5.1554947e+00   4.7581478e+00   4.8586575e+00   4.0435326e+00   3.2212044e+00   4.1653472e+00   4.2892620e+00   4.0180180e+00   3.7976365e+00   3.6710921e+00   3.5501915e+00   3.0499988e+00   2.7892863e+00   2.6281558e+00   1.9934268e+00   1.4257769e+00
   5.2424823e+00   4.8718397e+00   4.4171484e+00   4.2470005e+00   3.7818287e+00   3.9159215e+00   4.2126903e+00   3.8876070e+00   4.0309852e+00   3.6960857e+00   3.4232290e+00   3.1137861e+00   2.3528829e+00   2.1408946e+00   1.4243595e+00   9.7687647e-01
   5.5436981e+00   5.2416439e+00   4.4141373e+00   4.4444341e+00   4.3355220e+00   3.9760345e+00   3.7921096e+00   3.6156881e+00   3.8010715e+00   3.4335636e+00   3.1736791e+00   2.9297525e+00   2.2643456e+00   1.4941842e+00   1.2309417e+00   1.0108626e+00
   4.5524935e+00   5.4498203e+00   5.0125413e+00   3.9287568e+00   3.7342193e+00   3.4639225e+00   3.5544375e+00   3.2872213e+00   3.0951408e+00   3.0319372e+00   2.7997363e+00   1.8933372e+00   1.9346008e+00   1.5067859e+00   1.2225078e+00   1.0865926e+00
   4.4624432e+00   4.4203942e+00   4.0908374e+00   4.1641919e+00   3.3163352e+00   3.2988586e+00   3.5633195e+00   3.0919935e+00   2.6363320e+00   2.2585191e+00   2.0413564e+00   1.5013577e+00   1.3005527e+00   1.2034424e+00   5.3876030e-01   5.8386479e-01
   5.0109525e+00   4.7935338e+00   4.3655580e+00   4.2505268e+00   4.1835832e+00   3.7039644e+00   4.3016020e+00   3.9023849e+00   3.5752478e+00   3.2383264e+00   3.2620247e+00   2.5466524e+00   2.3202141e+00   1.8103220e+00   8.2656268e-01   9.3374248e-01
   5.1807671e+00   4.8175666e+00   4.3871566e+00   3.9241482e+00   3.8538509e+00   4.0488416e+00   3.2688599e+00   3.1006502e+00   2.8034769e+00   2.6913233e+00   2.0119656e+00   1.4947332e+00   1.1374538e+00   7.6430711e-01   6.9518303e-01   5.3799699e-01
   5.2291294e+00   5.2491618e+00   4.4911916e+00   4.2697384e+00   3.9801801e+00   3.8501045e+00   3.7303157e+00   3.4731131e+00   3.5552598e+00   2.9406003e+00   2.2758406e+00   2.0496345e+00   1.5117317e+00   1.1960469e+00   1.0834064e+00   9.1857535e-01
   5.1967347e+00   4.7798226e+00   4.3359230e+00   4.6148614e+00   4.7367922e+00   3.9795906e+00   4.3778127e+00   4.3571418e+00   4.1596572e+00   3.7163078e+00   3.2931143e+00   3.1462879e+00   2.8377317e+00   2.4087798e+00   2.1640631e+00   2.0274509e+00
   4.8779488e+00   4.1973723e+00   4.7066210e+00   4.7877160e+00   4.5817227e+00   3.8962831e+00   4.2303640e+00   4.0076525e+00   3.6019596e+00   3.6698233e+00   3.5093516e+00   3.1313607e+00   2.7497237e+00   2.4785079e+00   2.3219285e+00   1.7527130e+00
   5.2603388e+00   4.3273477e+00   3.9843469e+00   4.6570582e+00   4.7223755e+00   3.9272006e+00   4.0059847e+00   4.1431920e+00   3.7013723e+00   3.5402651e+00   3.2547484e+00   2.4750303e+00   2.3796137e+00   2.7243420e+00   2.6872968e+00   1.5320889e+00
   5.7624897e+00   4.3971407e+00   4.4886963e+00   4.7270731e+00   4.7759593e+00   4.2528741e+00   3.6746195e+00   3.7166770e+00   3.5169816e+00   3.0777802e+00   2.8409032e+00   2.5260931e+00   2.1068648e+00   1.9980630e+00   1.7063611e+00   1.4114309e+00
   5.4575942e+00   5.0021487e+00   4.8350471e+00   4.3011492e+00   3.9522326e+00   4.1858853e+00   3.8092304e+00   3.6811394e+00   3.6436707e+00   3.4355472e+00   3.1791063e+00   3.0274648e+00   2.6239946e+00   2.2315677e+00   2.0293582e+00   1.3525084e+00
   5.3202197e+00   5.1496664e+00   5.0197009e+00   4.4674786e+00   4.2495415e+00   4.5485859e+00   3.8940956e+00   4.2641885e+00   4.5889710e+00   3.9917920e+00   4.0447061e+00   3.3133950e+00   3.0263344e+00   2.7392164e+00   2.5127335e+00   1.6916307e+00
   4.5653421e+00   4.3805651e+00   4.3127226e+00   3.5299692e+00   4.0393845e+00   4.3621081e+00   3.9371373e+00   3.9236284e+00   3.9705843e+00   3.2369645e+00   2.9670324e+00   2.5645047e+00   2.3130707e+00   2.5590190e+00   2.3876694e+00   1.2223335e+00
   5.0648989e+00   4.2885737e+00   4.1290799e+00   4.1864982e+00   3.9583790e+00   3.8978393e+00   3.7109417e+00   3.4280069e+00   3.3662721e+00   2.3512978e+00   1.9150109e+00   2.0281991e+00   1.4819645e+00   2.5128723e+00   2.2348872e+00   1.0131456e+00
   4.8701226e+00   3.7820286e+00   3.6827672e+00   3.8626898e+00   3.7579140e+00   2.9737916e+00   3.1050353e+00   2.9203717e+00   2.7397896e+00   2.0005828e+00   1.5602532e+00   1.9061255e+00   1.2489475e+00   2.2425283e+00   2.1160919e+00   7.8250671e-01
   5.2924722e+00   5.1402336e+00   4.5674490e+00   4.2572154e+00   4.3921085e+00   3.7460094e+00   3.4870567e+00   3.3978999e+00   2.8617476e+00   2.5965527e+00   2.3747279e+00   2.2151808e+00   1.8854741e+00   2.0640235e+00   1.8248631e+00   9.4518658e-01
   4.7674170e+00   5.0434818e+00   4.6394711e+00   4.2383845e+00   4.2243033e+00   3.5959004e+00   2.6975749e+00   3.3503562e+00   2.9258070e+00   2.7157829e+00   2.4379393e+00   2.2259132e+00   1.6164905e+00   1.8852349e+00   1.8060073e+00   1.5574606e+00
   5.1297712e+00   4.4167690e+00   4.5759023e+00   4.0514137e+00   4.1815829e+00   4.1353617e+00   3.1114840e+00   3.5746208e+00   3.9107991e+00   3.1658404e+00   3.2126280e+00   2.7754407e+00   2.1884357e+00   2.4278570e+00   2.1780789e+00   1.6335648e+00
   5.6584038e+00   5.0879607e+00   4.6003815e+00   3.8666709e+00   3.9333362e+00   3.9087862e+00   3.7367935e+00   3.6089028e+00   3.4921850e+00   2.8518213e+00   2.8264516e+00   2.3629174e+00   1.8326339e+00   1.6190838e+00   1.4066732e+00   1.2155494e+00
   5.3765731e+00   5.2931002e+00   4.7853072e+00   4.0967411e+00   4.2610264e+00   4.4937276e+00   3.8645702e+00   3.7486888e+00   3.5385767e+00   3.3966269e+00   3.3951650e+00   2.9544530e+00   2.3777670e+00   2.0581166e+00   1.9327654e+00   1.7031981e+00
   5.4552590e+00   4.7797061e+00   4.7272146e+00   5.0386730e+00   4.5451496e+00   4.7228091e+00   4.4218095e+00   3.8979786e+00   3.8261313e+00   3.7998972e+00   3.7783237e+00   3.2888666e+00   2.9385207e+00   2.7077581e+00   2.3199129e+00   2.2788733e+00
   5.4959088e+00   4.4391868e+00   4.3794268e+00   4.9510188e+00   4.5802445e+00   4.6494154e+00   4.5396692e+00   4.0291497e+00   3.8283986e+00   3.5871015e+00   3.5126132e+00   3.5003600e+00   2.6228465e+00   2.6238210e+00   2.0299604e+00   2.1872775e+00
   4.7147636e+00   4.2506933e+00   3.5677733e+00   3.9921441e+00   4.2433483e+00   4.0907036e+00   3.8768348e+00   3.4927414e+00   3.3617290e+00   3.3085202e+00   2.8320088e+00   2.4002248e+00   1.8602351e+00   1.6720700e+00   1.1280179e+00   7.9892733e-01
   4.0951377e+00   4.2062333e+00   3.4277607e+00   3.2025570e+00   3.7784436e+00   4.0458441e+00   4.2829772e+00   3.7832241e+00   3.0846966e+00   2.5940675e+00   2.4015492e+00   1.8944468e+00   1.4419143e+00   1.4222401e+00   1.0972482e+00   3.7023268e-01
   4.0085116e+00   3.8105787e+00   3.5614960e+00   3.2973149e+00   3.1147075e+00   3.2422312e+00   2.8506060e+00   2.3133107e+00   1.9343327e+00   1.5856420e+00   1.2292770e+00   1.1117584e+00   1.0574871e+00   1.4629971e+00   9.6778794e-01   4.9200285e-01
   4.4526481e+00   4.2883077e+00   4.1587632e+00   3.6484811e+00   3.8385497e+00   4.3270362e+00   3.8785912e+00   3.5639201e+00   3.3508515e+00   3.0165153e+00   2.0836053e+00   1.1292627e+00   1.2524840e+00   1.4803576e+00   9.7351523e-01   5.0742753e-01
   4.6622056e+00   4.2201780e+00   3.9652632e+00   3.4927969e+00   3.4849782e+00   3.5469586e+00   3.3969560e+00   2.9046548e+00   2.5913343e+00   2.1629289e+00   1.3921697e+00   9.1440024e-01   8.6072451e-01   1.2458218e+00   8.0759797e-01   4.2665966e-01
   4.1988951e+00   4.0572651e+00   4.0240602e+00   3.7731819e+00   3.6667078e+00   2.9497011e+00   2.3271113e+00   2.4147669e+00   2.2981900e+00   1.9054148e+00   1.1077566e+00   7.5929999e-01   7.3301311e-01   1.0556171e+00   5.8949071e-01   2.2385213e-01
   4.7917058e+00   4.0855088e+00   4.0833480e+00   4.2731256e+00   4.1318355e+00   3.2422038e+00   2.2979175e+00   2.7743759e+00   2.5615216e+00   2.3131472e+00   1.5268004e+00   1.2379707e+00   1.0470103e+00   1.0955056e+00   7.1340299e-01   6.5234941e-01
   4.4888735e+00   4.5357554e+00   4.8451283e+00   4.3998914e+00   4.3502016e+00   3.3728987e+00   3.4048006e+00   2.8968094e+00   2.2448360e+00   1.5500927e+00   1.5519983e+00   1.2724246e+00   8.4342505e-01   9.9836182e-01   4.2470740e-01   3.1675244e-01
   4.0911847e+00   4.1007983e+00   4.0353175e+00   3.7119888e+00   3.5895712e+00   3.2312474e+00   2.5387394e+00   2.4033865e+00   2.0915959e+00   1.1019649e+00   7.6363996e-01   8.5473655e-01   7.6625099e-01   8.4811192e-01   2.3719559e-01   1.6783357e-01
