   3.4069518e+00   1.3045380e+00   1.5180207e+00   1.0618964e+00   6.0314059e-01   5.5490344e-01  -3.3833005e-01   5.2737582e-02  -5.5578681e-01  -6.7752928e-01  -8.1233326e-01  -7.1945244e-01  -9.8586238e-01  -1.0739278e+00  -9.8311493e-01  -9.0289880e-01
   2.8606744e+00   1.9061291e+00   1.2734021e+00   1.0833267e+00   6.0019510e-01   4.6303202e-01   3.4070232e-01   1.5583061e-01  -3.8056650e-01  -4.7709286e-01  -6.5658668e-01  -4.9697630e-01  -1.0052175e+00  -1.0070594e+00  -6.0196822e-01  -9.0210639e-01
   3.0116499e+00   1.9979326e+00   1.3267504e+00   1.0298766e+00   2.1960318e-01   1.1990491e-01  -5.5412385e-02  -1.4636586e-01  -7.0955238e-01  -4.9738073e-01  -6.5874042e-01  -8.3796251e-01  -6.8588190e-01  -9.1194038e-01  -9.1383991e-01  -1.0853873e+00
   2.9724212e+00   2.1742532e+00   1.4157275e+00   9.3362758e-01   2.4332561e-01   4.0020210e-01   3.7056352e-01  -8.5698341e-02  -1.6351286e-01  -6.9217697e-01  -7.1630554e-01  -7.3628213e-01  -8.9490458e-01  -1.0195827e+00  -9.4224752e-01  -7.5466020e-01
   3.1154654e+00   2.4729972e+00   1.6729565e+00   1.2516846e+00   4.4590530e-01   5.6298792e-01   5.9557875e-01   8.5366632e-02  -4.5606889e-01  -6.7840218e-01  -1.0386672e+00  -8.1226820e-01  -1.1558158e+00  -1.3537150e+00  -9.9815079e-01  -1.2735865e+00
   3.1045961e+00   2.6545093e+00   1.5726872e+00   1.6024369e+00   9.6442602e-01   5.3253666e-01   2.1573363e-01  -3.1413812e-01  -5.8780596e-01  -4.7306592e-01  -1.0025981e+00  -1.2352374e+00  -8.5490403e-01  -1.1327039e+00  -8.0956860e-01  -1.0546107e+00
   2.8649379e+00   2.5494771e+00   1.7067475e+00   1.0225443e+00   6.6530925e-01   5.5885276e-01   4.6637074e-02  -1.8211218e-01  -6.5304646e-01  -8.0802045e-01  -9.2730848e-01  -8.9746345e-01  -1.1446471e+00  -9.7104874e-01  -9.1687837e-01  -1.0727339e+00
   2.8402650e+00   2.5766332e+00   1.6386506e+00   1.1998593e+00   9.6007030e-01   3.1538805e-01   2.2351859e-01  -3.6348306e-01  -4.7171684e-01  -5.8571981e-01  -7.7519524e-01  -7.2564067e-01  -1.2049152e+00  -1.0191638e+00  -9.5867174e-01  -1.3369112e+00
   2.7008324e+00   1.2960288e+00   1.3583685e+00   1.0563887e+00   7.4362905e-01   4.6424841e-01   1.8080951e-01  -2.4425923e-01  -4.9000801e-01  -5.1124919e-01  -7.1669664e-01  -9.1619759e-01  -8.7460648e-01  -1.2084473e+00  -1.0173422e+00  -1.2173460e+00
   3.0150126e+00   1.4781753e+00   6.5716621e-01   1.0509252e+00   3.9515218e-01   4.6786124e-01   5.2751231e-02  -3.0202645e-01  -1.4455141e-01  -8.0340360e-01  -8.8832698e-01  -7.2050701e-01  -6.5156392e-01  -9.5287220e-01  -9.6026504e-01  -8.8241491e-01
   2.4142129e+00   1.8142572e+00   1.3065181e+00   7.6431447e-01   4.0578986e-01   2.0739138e-01   1.4080634e-01  -2.1334642e-01  -6.4774539e-01  -7.9670200e-01  -7.1096958e-01  -5.1217285e-01  -7.5728938e-01  -1.0229133e+00  -9.3356380e-01  -8.8152821e-01
   3.1348814e+00   1.8653807e+00   1.7011779e+00   1.0340563e+00   1.8240186e-02   3.8336103e-02   2.8241043e-01  -4.4048223e-01  -7.2745114e-01  -1.1027790e+00  -1.3003730e+00  -9.7670182e-01  -1.0311525e+00  -9.8430317e-01  -1.0498906e+00  -1.0762792e+00
   2.4725318e+00   1.7419604e+00   1.6762087e+00   9.1622543e-01   4.0192344e-01  -1.1862276e-01  -2.1840549e-01  -4.0077384e-01  -5.1007490e-01  -1.0829742e+00  -1.1465424e+00  -8.9823491e-01  -9.9741987e-01  -1.2213139e+00  -9.8969046e-01  -1.2235889e+00
   2.1992867e+00   1.6880123e+00   1.2499608e+00   1.3150956e+00   9.5918638e-01   6.8980920e-02   6.3449924e-02  -1.8491410e-01  -7.2286378e-01  -1.0671876e+00  -7.9545582e-01  -1.1147810e+00  -1.1049119e+00  -1.1844694e+00  -9.6844439e-01  -9.2460007e-01
   2.1594320e+00   1.6966239e+00   1.3485591e+00   1.4259553e+00   1.0212364e+00   4.9477174e-02  -2.5942174e-02  -6.2111675e-02  -3.8660993e-01  -7.7765252e-01  -6.7457936e-01  -9.3535316e-01  -9.0479484e-01  -1.3871542e+00  -9.7355414e-01  -1.0621620e+00
   2.8715340e+00   1.6740452e+00   9.2101362e-01   7.5456265e-01   4.5383168e-01   7.1316187e-06  -4.4396639e-02   6.1129173e-02  -4.7533236e-01  -1.0249327e+00  -8.8668099e-01  -1.0549351e+00  -8.6285129e-01  -1.0499656e+00  -7.7364746e-01  -1.1124654e+00
   2.3653727e+00   2.0473394e+00   1.4655315e+00   1.3172689e+00   7.7558367e-01   4.3084928e-01   1.7941635e-01  -1.8928216e-02  -3.2338573e-01  -5.8393816e-01  -6.2968634e-01  -9.2792196e-01  -8.9245526e-01  -9.6647355e-01  -8.3487335e-01  -7.4192434e-01
   3.1853123e+00   2.4010213e+00   1.5093883e+00   1.1006259e+00   7.5281785e-01   3.3211988e-01   3.8823410e-01  -8.9307263e-02  -3.0287523e-01  -5.6947375e-01  -7.1141076e-01  -8.9191385e-01  -8.7400707e-01  -1.1593213e+00  -1.1655381e+00  -1.0285716e+00
   3.0643288e+00   2.0319742e+00   1.2572865e+00   1.2537861e+00   9.0145413e-01   8.8256576e-02   3.9662288e-01   1.6172661e-02  -2.4391360e-01  -6.9645275e-01  -7.7576199e-01  -7.7582496e-01  -8.8411539e-01  -1.0265096e+00  -9.8478219e-01  -1.2366560e+00
   3.3655608e+00   2.3457451e+00   1.2442869e+00   1.1629831e+00   6.9183638e-01   4.6999037e-01   2.0711015e-01  -3.3473661e-01  -2.7472527e-01  -3.5148330e-01  -9.6056236e-01  -9.5835033e-01  -8.8617204e-01  -9.9875107e-01  -8.6105640e-01  -1.1936324e+00
   3.0327576e+00   2.0004966e+00   1.9102534e+00   8.0785891e-01   5.3171406e-01   3.3752131e-01  -2.7050810e-01  -5.4547458e-01  -3.7593473e-01  -6.0455736e-01  -1.0787751e+00  -1.0302377e+00  -9.0130748e-01  -1.0575868e+00  -8.9313912e-01  -1.2131350e+00
   2.6778289e+00   1.9663052e+00   1.7817850e+00   8.7539569e-01   7.0697576e-01   6.8042912e-01   6.8972234e-03   5.5163194e-02  -2.0119169e-01  -5.4660757e-01  -1.0133226e+00  -1.3397806e+00  -1.0202764e+00  -1.1580838e+00  -9.6688100e-01  -1.0077093e+00
   2.3795287e+00   1.9499236e+00   9.8684984e-01   1.0772887e+00   6.2513744e-01   5.3784251e-01  -4.8637374e-02  -3.4297833e-01  -2.0220856e-01  -3.3782294e-01  -4.5442311e-01  -7.6939910e-01  -1.4281458e+00  -1.3942017e+00  -1.2866833e+00  -1.4749327e+00
   2.3006345e+00   2.1246775e+00   1.6392360e+00   1.1387504e+00   5.6014902e-01   5.1621206e-01  -1.5946015e-02  -7.2787642e-01  -7.2038025e-01  -7.4724665e-01  -7.7352740e-01  -1.0337708e+00  -1.3679645e+00  -1.1269792e+00  -1.0063695e+00  -1.1615949e+00
   3.0183045e+00   2.2037377e+00   1.8686977e+00   8.4510655e-01   4.1685174e-01   3.2015299e-01   1.9669417e-01  -3.3054163e-01  -5.5093514e-01  -5.1809347e-01  -8.0577455e-01  -1.0257415e+00  -1.1757368e+00  -1.2044887e+00  -9.7551097e-01  -8.4181394e-01
   3.0094607e+00   2.1871744e+00   1.7680127e+00   1.0647199e+00   4.7392374e-01   1.7037295e-01   5.5214135e-02  -1.0074188e-01  -2.8899884e-01  -5.2425368e-01  -8.0832286e-01  -5.9539261e-01  -1.0847664e+00  -1.1205772e+00  -8.4894892e-01  -1.1180929e+00
   2.7166126e+00   1.7306113e+00   1.3707418e+00   7.0999838e-01   5.3061754e-01   7.2029450e-01   8.1463203e-02  -3.6191875e-01  -2.3478666e-01  -4.7763845e-01  -2.6475846e-01  -1.6533904e-01  -2.1993251e-01   1.1123975e-01   5.1066965e-01   9.0121967e-02
   3.2194103e+00   2.0590911e+00   1.4588315e+00   6.6029074e-01   5.0351159e-01   7.1290543e-01   1.3787570e-02  -4.0334113e-01  -4.5759663e-01  -8.8059940e-01  -3.8601911e-01  -3.5910468e-01  -2.3865185e-01  -1.8244851e-01   6.2848127e-01   4.5084801e-01
   2.0723160e+00   1.7832073e+00   1.3544435e+00   5.6756921e-01   5.6683813e-01   6.2177506e-01   3.1525839e-01  -3.5984071e-01  -8.6891554e-01  -8.7429050e-01  -1.7835209e-01   6.9392734e-02   1.0677637e-01   8.2707561e-02   1.2228742e+00   4.9457459e-01
   2.5177165e+00   2.3064881e+00   1.7869336e+00   1.0364205e+00   7.2141317e-01   6.7323178e-01   1.5670235e-01  -4.5860190e-02  -3.3382996e-01  -4.5085527e-01   6.6697866e-02   9.6858005e-01   8.0230929e-01   6.1915214e-01   1.4437432e+00   3.4945104e-01
   2.5079399e+00   1.9984186e+00   1.4897798e+00   1.0748059e+00   1.1112998e+00   7.1619113e-01  -2.1995311e-01  -1.6633149e-01  -1.6071545e-01  -7.3662142e-01  -2.2321590e-01   8.2229032e-01   6.9347633e-01   6.1520141e-01   1.3086004e+00   5.1772706e-01
   2.4106982e+00   2.2250255e+00   1.0917469e+00   8.3674110e-01   8.9102136e-01   2.7866334e-01   7.6718798e-02  -5.9067759e-02  -2.9910622e-01  -6.8750770e-01  -6.3267058e-01   7.0292369e-01   7.1982535e-01   8.9122139e-01   1.4734164e+00   6.1545022e-01
   3.3370269e+00   2.4826980e+00   1.7758634e+00   1.2056031e+00   7.7770152e-01   2.5916605e-01   2.5151852e-01  -1.9306384e-01  -3.4333372e-01  -8.4893331e-01  -5.1826642e-01   7.6422565e-01   7.2627464e-01   9.3256312e-01   1.3604594e+00   3.7482795e-01
   3.0817333e+00   2.1132618e+00   1.8621642e+00   1.5533998e+00   8.7920072e-01   4.8991470e-01   2.7222100e-01  -5.1140517e-02  -6.2310419e-01  -9.4272365e-01  -5.6262266e-01   8.0632285e-01   9.4937769e-01   9.6395931e-01   1.3268506e+00   1.8831644e-01
   2.7329099e+00   2.3087406e+00   1.6803770e+00   1.4627432e+00   1.0004466e+00   6.4083565e-01   2.4353579e-01  -2.1908706e-01  -1.0474786e+00  -4.7575954e-01  -5.4382486e-01   6.6435256e-01   9.2785250e-01   7.5023902e-01   1.1841804e+00  -6.7586369e-02
   3.1507056e+00   2.2550796e+00   1.2077601e+00   9.7015029e-01   5.1511764e-01   3.2219741e-01   8.1789662e-02  -3.8111855e-01  -5.1322127e-01  -6.1193067e-01  -6.8177605e-01   6.1337461e-01   9.9803866e-01   8.1379776e-01   1.2427922e+00   2.4954743e-01
   3.3091362e+00   2.6391643e+00   1.1276684e+00   1.8236676e-01   4.6259755e-01  -9.4860567e-02  -1.9059724e-01  -5.4636122e-01  -4.5138995e-01  -6.0819906e-01  -6.8682520e-01   8.5148240e-01   1.0728222e+00   7.6374876e-01   1.1654761e+00   2.0947616e-01
   2.2958283e+00   2.3742961e+00   1.7769049e+00   1.2225594e+00   9.3917878e-01   1.1661689e-01   3.5151772e-01  -4.2986829e-01  -5.1221604e-01  -5.9599764e-01  -6.1794146e-01   9.5367137e-01   1.0491770e+00   7.6477569e-01   1.2400247e+00   4.2767341e-01
   2.8025597e+00   2.4398669e+00   1.8858312e+00   1.8794225e+00   8.3860231e-01   2.3462319e-01  -1.5532499e-01  -5.7980106e-01  -1.7204263e-01  -5.0680594e-01  -5.7184081e-01   1.1310852e+00   1.1944996e+00   8.9994555e-01   1.3789539e+00   4.6916777e-01
   2.9721889e+00   2.8343157e+00   1.2126026e+00   9.8367870e-01   7.9646807e-01   5.0960834e-01   5.3617051e-01   9.2391256e-02  -3.5431996e-01  -4.5742081e-01  -6.8203396e-01   1.1811086e+00   1.3146912e+00   9.9329479e-01   1.5651670e+00   5.0349898e-01
   1.9982275e+00   1.7112073e+00   1.4037422e+00   1.5942801e+00   5.4650144e-01   1.2119040e-01  -3.9614788e-02  -2.8839765e-01  -5.7988201e-01  -4.5692793e-01  -4.8972472e-01   1.1761683e+00   1.2303589e+00   8.6973476e-01   1.4190510e+00   6.5390193e-01
   2.2417577e+00   1.9856080e+00   1.0157590e+00   1.2402222e+00   5.0668956e-01   7.3048983e-01   4.8741034e-02  -5.2247198e-01  -5.4985736e-01  -6.0769854e-01  -4.8794397e-01   1.2146209e+00   1.3728440e+00   9.9965488e-01   1.6175834e+00   6.7084840e-01
   2.6961563e+00   2.0810925e+00   1.0250085e+00   9.0849410e-01   4.4523053e-01   5.0529625e-01   3.7944593e-01   2.0371361e-02  -5.5833143e-01  -5.2401964e-01  -4.4245279e-01   1.0790193e+00   1.2021640e+00   7.3289639e-01   1.3599011e+00   6.4425050e-01
   3.1217622e+00   2.6371787e+00   1.4061362e+00   1.0661035e+00  -1.1089811e-01   1.1652089e-01   6.0672439e-02  -1.7820636e-01  -1.6914888e-01  -3.3200801e-01  -4.7969408e-01   1.1351557e+00   1.1955481e+00   6.1616997e-01   1.3286989e+00   5.4886600e-01
   3.1039865e+00   2.2623528e+00   1.1464668e+00   9.1606105e-01   3.9898192e-01   4.6426742e-01   1.9787889e-01  -4.0102948e-01  -3.4323247e-01  -5.6601696e-01  -4.5146875e-01   9.5868192e-01   1.1028717e+00   4.5043939e-01   1.0845099e+00  -1.6542353e-03
   2.9025651e+00   2.2040804e+00   1.3710079e+00   6.9496680e-01   2.8740195e-01   5.2906989e-01   3.4353330e-01  -5.7050164e-01  -6.8558979e-01  -7.2127687e-01  -6.5749589e-01   8.0095682e-01   1.1098533e+00   5.2273594e-01   1.0991088e+00   1.2350260e-01
   2.5901393e+00   2.1104412e+00   1.3338411e+00   1.1626598e+00   3.6672817e-01   4.2138625e-01  -8.8346155e-02  -6.9161743e-01  -8.0386226e-01  -6.4483597e-01  -5.4240781e-01   6.8062112e-01   8.1692079e-01   2.8744474e-01   1.0237820e+00   3.9698002e-01
   2.9512552e+00   2.5762307e+00   1.7074167e+00   1.2392578e+00   7.2706296e-01   2.3502202e-01   2.2447233e-02  -1.6011732e-01  -3.7535780e-01  -4.8428667e-01  -6.6420128e-01   3.5656772e-01   3.7218039e-01   1.2225839e-01   7.2663918e-01   1.3175697e-01
   2.8766443e+00   2.4302096e+00   1.0177049e+00   7.4410531e-01   8.2905581e-01   5.4394362e-01   1.1666935e-01  -5.2393053e-01  -6.2815905e-01  -9.0357089e-01  -7.3197454e-01  -8.2243856e-02  -1.1963710e-01  -2.1119780e-01   3.2810429e-01  -2.0616649e-01
   3.2575922e+00   1.9663524e+00   1.6234299e+00   9.4635588e-01   4.3181350e-01   5.4735372e-01   2.7775780e-01   1.0401333e-01  -4.3559091e-01  -7.5435760e-01  -7.7352516e-01   7.0675029e-02   7.4032653e-02  -4.4570872e-02   3.1672975e-01  -5.1831659e-01
   3.3306966e+00   2.5401602e+00   1.5768143e+00   5.8602241e-01   3.8273220e-01   4.0087919e-01   2.4528153e-01  -1.6767361e-01  -6.2624333e-01  -1.0845940e+00  -8.5321452e-01   4.2517840e-01   6.8961430e-01  -6.8837647e-02   1.6697963e-02  -5.8249432e-01
   2.5463791e+00   2.4209171e+00   1.5322450e+00   1.2751265e+00   7.4999538e-01   5.1900353e-01   1.5500509e-01   9.0747689e-03  -4.4273922e-01  -3.9202822e-01  -5.7360577e-01  -1.1676502e-02   1.2570776e-01  -3.9115244e-01  -5.2821185e-02  -5.3715925e-01
   2.8272827e+00   2.8787734e+00   1.5724606e+00   8.5764691e-01   8.4654967e-01   6.4245355e-01  -5.9671211e-03  -1.9578520e-01  -2.4616585e-01  -4.2766063e-01  -8.4199780e-01  -3.8208004e-01  -3.0818433e-01  -8.5037495e-01  -4.8798207e-01  -9.7421167e-01
   3.2048661e+00   2.5613585e+00   1.5203397e+00   9.3059834e-01   5.2378431e-01  -1.5641763e-01  -1.7904610e-01  -4.1676262e-01  -2.8048953e-01  -3.1638955e-01  -6.9417773e-01  -4.4708590e-01  -6.8428969e-01  -8.8112446e-01  -4.7177299e-01  -8.6318313e-01
   2.8671537e+00   2.2850760e+00   1.5509399e+00   8.5319698e-01   7.9495886e-01   5.6201636e-01  -2.5697376e-02  -1.9460783e-01  -2.8799458e-01  -7.5008985e-01  -3.7967520e-01  -4.7324084e-01  -7.3306184e-01  -8.0458157e-01  -5.8372413e-01  -8.2466462e-01
   2.1478199e+00   2.2400137e+00   1.8471067e+00   4.8425486e-01   8.6185983e-01   2.5771632e-01   1.0334761e-01  -1.5460177e-01  -4.6809421e-01  -6.7636024e-01  -8.5036949e-01  -5.5142421e-01  -3.2276318e-01  -6.5647427e-01  -9.6309625e-01  -1.1294778e+00
   2.9090358e+00   2.6264188e+00   1.6212783e+00   5.5883106e-01   4.3609857e-01   3.4478565e-02   4.6447697e-02  -8.4521665e-01  -4.6992271e-01  -9.9268739e-01  -7.2849762e-01  -1.8884692e-01  -2.4749021e-01  -8.5389056e-01  -5.7843075e-01  -1.1405032e+00
   2.8551030e+00   1.6763493e+00   1.1649189e+00   4.2155723e-01   7.6613059e-01   2.2607588e-02  -1.1071646e-03  -8.4686409e-01  -5.3958894e-01  -7.1289063e-01  -7.5623998e-01  -3.6229295e-01  -2.2676249e-01  -9.4809618e-01  -6.4859072e-01  -1.2203870e+00
   2.1780585e+00   1.4701738e+00   1.2827478e+00   8.2496844e-01   4.9151146e-01   7.9240194e-02   4.8269044e-01   1.7876970e-01  -1.0630530e-01  -6.8184578e-01  -8.2536848e-01  -6.8987007e-01  -7.2131036e-01  -1.1154212e+00  -9.1684738e-01  -1.1525771e+00
   2.2426355e+00   2.3420095e+00   1.8164387e+00   9.8688813e-01   6.6026836e-01   1.7382000e-01   3.3674118e-01   6.6643973e-02  -1.2314763e-01  -4.8373972e-01  -8.2248690e-01  -6.3761404e-01  -3.3328837e-01  -7.9116265e-01  -7.0069072e-01  -1.0927182e+00
   2.7004584e+00   2.2563215e+00   1.4761784e+00   4.9688818e-01   6.7561080e-01   6.2745705e-01  -5.0948534e-02  -1.3970498e-01  -4.4655026e-01  -5.6111931e-01  -7.1199497e-01  -6.0959720e-01  -5.0670204e-01  -9.0319631e-01  -9.9670020e-01  -1.1022095e+00
   2.3830947e+00   2.0132310e+00   1.3022946e+00   1.3055849e+00   7.8265198e-01   4.4670726e-01   3.1950769e-01  -1.0871012e-01  -5.1347814e-01  -6.5366481e-01  -7.9173881e-01  -8.4822391e-01  -8.7777191e-01  -8.4794693e-01  -9.6704039e-01  -9.5230433e-01
   2.9908543e+00   1.4644141e+00   1.3132235e+00   1.1090635e+00   8.4878670e-01   2.5756560e-01   1.0382514e-01  -7.6463365e-02  -6.0709748e-01  -7.2186595e-01  -6.6105553e-01  -7.8407144e-01  -8.1320104e-01  -1.0775797e+00  -1.0664830e+00  -1.1975014e+00
   3.2944762e+00   1.7213124e+00   1.4604063e+00   1.1979667e+00   7.4746843e-01   9.5039641e-02   4.1717052e-01  -3.3232850e-01  -2.1615093e-01  -1.0298163e+00  -1.3224950e+00  -1.2330304e+00  -9.4852650e-01  -9.3565467e-01  -9.2416983e-01  -1.2148815e+00
   3.2798005e+00   2.3046252e+00   1.3781001e+00   7.8996970e-01   1.7677142e-02   2.1761494e-01   4.0116202e-01   6.4868738e-02  -1.1507294e-01  -5.0825290e-01  -7.5773357e-01  -8.3767809e-01  -7.2721757e-01  -9.2143210e-01  -8.8537662e-01  -1.1550245e+00
   2.8688808e+00   1.9103875e+00   1.7835960e+00   1.1803535e+00  -2.2005568e-02   1.9895819e-01   1.7417213e-01   9.4973567e-02  -2.3288043e-01  -6.2034687e-01  -6.9455866e-01  -7.6390752e-01  -9.2329051e-01  -1.0589759e+00  -1.0788361e+00  -1.1092658e+00
   3.3314858e+00   2.4146267e+00   1.3373543e+00   1.3057600e+00   8.7274854e-01   7.9260566e-01  -7.4896702e-03   6.4466957e-02  -5.4114234e-01  -7.4231993e-01  -7.9774278e-01  -8.0314378e-01  -8.3627373e-01  -1.2931231e+00  -9.7574834e-01  -1.3622210e+00
   3.0986369e+00   2.1831025e+00   1.5288249e+00   1.0824119e+00   1.0795167e+00   4.5175066e-01   3.2598119e-01  -3.0571866e-01  -6.2263944e-01  -6.5186856e-01  -9.1709246e-01  -8.6631589e-01  -9.9501069e-01  -1.3036533e+00  -1.0406540e+00  -1.1038634e+00
   2.7462411e+00   2.0057350e+00   6.4238202e-01   1.1520376e+00   4.4948034e-01   2.1943216e-03   6.4306301e-01  -3.6855950e-01  -5.1016028e-01  -5.3190867e-01  -8.8599454e-01  -7.2929942e-01  -8.0365623e-01  -1.0240312e+00  -9.9817491e-01  -1.0947386e+00
   2.7832128e+00   2.0488508e+00   1.3537927e+00   1.2021091e+00   9.1041159e-01   5.6880384e-01  -1.7070164e-01  -1.7521122e-01  -2.2500935e-01  -3.0765137e-01  -6.6710060e-01  -9.3268515e-01  -1.1183236e+00  -1.1729794e+00  -9.9140895e-01  -1.3240784e+00
   2.8775850e+00   1.8769519e+00   1.3409817e+00   1.5108514e+00   1.0248880e+00   7.0354910e-01   2.7316678e-01  -1.9438832e-02  -3.3211955e-01  -4.9143560e-01  -7.2821213e-01  -7.9777094e-01  -7.4982331e-01  -8.8868568e-01  -7.9474421e-01  -7.9120981e-01
   3.3180259e+00   2.1765684e+00   1.2403620e+00   1.1760601e+00   7.9487906e-01  -2.8626127e-02  -1.7956514e-02  -3.2218042e-01  -7.1339550e-01  -7.3643945e-01  -8.6584772e-01  -9.7206127e-01  -9.3620530e-01  -1.0832914e+00  -8.5586400e-01  -1.1384843e+00
   3.5108156e+00   2.6640402e+00   1.4359344e+00   1.0608076e+00   3.2096808e-01   8.8324571e-02   2.8677182e-01  -4.5084721e-01  -8.3445929e-01  -8.4025612e-01  -1.1001763e+00  -1.1900277e+00  -1.1647023e+00  -1.1233141e+00  -9.1459227e-01  -1.0400494e+00
   3.1143591e+00   1.7597705e+00   1.2317625e+00   9.3620752e-01   5.8534940e-01   5.3242198e-01   1.7296379e-01  -1.5142782e-01  -7.1474463e-01  -7.7769045e-01  -7.8640650e-01  -8.4913414e-01  -7.7884382e-01  -1.3635535e+00  -9.6349299e-01  -1.0783549e+00
