   6.6259219e-01  -2.6631703e-01  -1.1190215e+00  -5.1684305e-01  -7.7162081e-01  -2.0537364e+00  -2.7619643e+00  -2.6344696e+00  -2.3822443e+00  -2.7372123e+00  -2.3436812e+00  -2.4843104e+00  -2.6161412e+00  -2.4589566e+00  -2.2842356e+00  -2.2321935e+00
   8.3030595e-01  -4.5115473e-01  -8.1913457e-01  -3.7449910e-01  -8.4030682e-01  -1.8568810e+00  -2.3673452e+00  -2.4587842e+00  -2.1661620e+00  -2.5639724e+00  -2.5234312e+00  -2.6280422e+00  -2.6548597e+00  -2.3510622e+00  -2.3862428e+00  -2.1544827e+00
   8.1955470e-01  -5.2609811e-02  -7.6087302e-01  -5.0414021e-01  -7.7279117e-01  -1.9479141e+00  -2.5467222e+00  -2.4620649e+00  -2.5095583e+00  -2.2449215e+00  -2.4648786e+00  -2.4659936e+00  -2.6445862e+00  -2.4377132e+00  -2.1795632e+00  -2.1869506e+00
   1.2077543e+00  -2.1953034e-01  -1.2928962e+00  -3.3216518e-01  -9.1628635e-01  -2.1763119e+00  -2.6846828e+00  -2.5102906e+00  -2.2522133e+00  -2.0848302e+00  -2.7920298e+00  -2.5710213e+00  -2.4261612e+00  -2.3077422e+00  -2.3725796e+00  -1.9606733e+00
   7.9671002e-01  -1.8929201e-01  -1.2753155e+00  -8.7943883e-01  -1.5415324e+00  -1.8155467e+00  -2.5314525e+00  -2.5122420e+00  -2.0141117e+00  -2.0814311e+00  -2.3827652e+00  -2.3890904e+00  -2.3957092e+00  -2.3808570e+00  -2.4720306e+00  -2.1999829e+00
   4.8766631e-01  -5.4737964e-01  -1.4739903e+00  -4.9220649e-01  -1.0248584e+00  -1.8831263e+00  -2.8025749e+00  -2.3947133e+00  -2.5069274e+00  -2.1961499e+00  -2.4624482e+00  -2.6880503e+00  -2.4697317e+00  -2.2141636e+00  -2.3948058e+00  -2.1095836e+00
   6.6467271e-01  -2.1506150e-03  -4.3293616e-01   1.6291218e-01  -7.8073450e-01  -1.8612494e+00  -2.5174230e+00  -2.2292905e+00  -2.4772810e+00  -2.2073907e+00  -2.6272673e+00  -2.6171240e+00  -2.4336496e+00  -2.5644667e+00  -2.4455216e+00  -2.2241764e+00
   6.8896046e-01  -5.4987393e-01  -8.1821966e-01  -3.9980088e-01  -1.1487069e+00  -1.9626672e+00  -2.3776133e+00  -2.6642116e+00  -2.4128036e+00  -2.2616592e+00  -2.3942608e+00  -2.5992110e+00  -2.4319077e+00  -2.6595432e+00  -2.6210187e+00  -2.2197177e+00
   1.3301114e+00   3.3140784e-01  -7.9668451e-01  -1.3697201e-01  -6.5561466e-01  -2.1274640e+00  -2.8155785e+00  -2.6257457e+00  -2.7169475e+00  -2.1400440e+00  -2.4141323e+00  -2.6934661e+00  -2.3861545e+00  -2.2199190e+00  -2.3779636e+00  -2.0099462e+00
   1.5482088e+00   4.8396563e-01  -7.5109906e-01  -5.9591967e-01  -8.7114922e-01  -1.6969019e+00  -2.4047857e+00  -2.6657049e+00  -2.5480740e+00  -2.2089134e+00  -2.5074901e+00  -2.4702705e+00  -2.3525064e+00  -2.5166230e+00  -2.6226217e+00  -2.2512829e+00
   8.2549445e-01   2.2624304e-01  -7.3424710e-01  -2.1194486e-01  -1.2527659e+00  -2.1488344e+00  -2.4990011e+00  -2.2807606e+00  -2.3904241e+00  -2.2261910e+00  -2.4177237e+00  -2.4610085e+00  -2.5567914e+00  -2.2757469e+00  -2.2934643e+00  -2.4199072e+00
   9.5255325e-01   2.0002129e-01  -1.0586882e+00  -4.5266503e-01  -9.5013307e-01  -2.4733835e+00  -2.8417877e+00  -2.6788570e+00  -2.7532278e+00  -2.3271362e+00  -2.1965108e+00  -2.5924014e+00  -2.7171235e+00  -2.4485698e+00  -2.5790531e+00  -2.3230674e+00
   7.5376245e-01  -5.4562856e-01  -9.8100040e-01  -9.4793980e-02  -5.4945215e-01  -2.5636434e+00  -2.9981966e+00  -2.8162346e+00  -2.7268589e+00  -2.3332290e+00  -2.6071732e+00  -2.6092644e+00  -2.7002174e+00  -2.3544100e+00  -2.5171233e+00  -2.2276396e+00
   6.9904593e-01  -9.4832285e-01  -8.2915256e-01  -3.5570869e-01  -9.2921014e-01  -2.0717574e+00  -2.4869176e+00  -2.2562765e+00  -2.2002329e+00  -2.4505067e+00  -2.5458789e+00  -2.9080053e+00  -2.8006874e+00  -2.3600837e+00  -2.4731557e+00  -2.1214527e+00
   5.0984148e-01  -1.4718369e-01  -5.3845529e-01  -1.6070591e-01  -9.9445791e-01  -1.9338425e+00  -2.4110717e+00  -2.2882565e+00  -2.3807961e+00  -2.5792702e+00  -2.7365715e+00  -2.6808983e+00  -2.6381806e+00  -2.3268062e+00  -2.4239865e+00  -2.2212453e+00
   2.3040897e-01  -5.1500345e-01  -1.0172728e+00  -1.0751481e+00  -1.1502369e+00  -1.8139335e+00  -2.3987431e+00  -2.0264028e+00  -2.3448885e+00  -2.4848075e+00  -2.5928438e+00  -2.8102726e+00  -2.6533670e+00  -2.2608313e+00  -2.4724369e+00  -2.1324714e+00
   6.2392176e-01  -5.9574238e-01  -8.6301812e-01  -4.0570994e-01  -1.4116845e+00  -2.0359984e+00  -2.5520976e+00  -2.4502636e+00  -2.4064193e+00  -2.3103677e+00  -2.7143332e+00  -2.7589307e+00  -2.6959522e+00  -2.2474647e+00  -2.2872512e+00  -2.1665208e+00
   1.0642388e+00   2.9959629e-01  -7.4510501e-01  -4.9379740e-02  -9.8288687e-01  -2.2997658e+00  -2.7152303e+00  -2.2282019e+00  -2.2068537e+00  -2.4382077e+00  -2.6083598e+00  -2.3241179e+00  -2.4538940e+00  -2.4628038e+00  -2.4080813e+00  -2.1862290e+00
   5.9451602e-01  -4.7263003e-01  -8.9555850e-01  -3.1230471e-01  -9.5299383e-01  -2.0246115e+00  -2.4118274e+00  -2.0124324e+00  -2.3415119e+00  -2.2127843e+00  -2.5405190e+00  -2.5777644e+00  -2.5319330e+00  -2.3481785e+00  -2.4685980e+00  -2.3936914e+00
   2.5802793e-01  -7.1388528e-01  -1.1586881e+00  -7.5760800e-01  -1.0665864e+00  -1.8226720e+00  -1.6555705e+00  -1.5707631e+00  -2.0346346e+00  -2.2217921e+00  -2.5934315e+00  -2.5327973e+00  -2.4080492e+00  -2.3466249e+00  -2.5013475e+00  -2.3946979e+00
   1.2373935e+00  -1.0930994e-01  -1.3111314e+00  -2.1438061e-01  -7.1498362e-01  -2.3711276e+00  -2.4926179e+00  -2.1515209e+00  -2.3900014e+00  -2.3258321e+00  -2.5879601e+00  -2.5380855e+00  -2.3471375e+00  -2.6992169e+00  -2.7286166e+00  -2.1887488e+00
   1.3898776e+00  -1.2054026e-01  -7.8091111e-01  -9.3316067e-01  -1.2229916e+00  -2.2659840e+00  -2.1868161e+00  -2.2574872e+00  -2.4171588e+00  -2.4729973e+00  -2.5669592e+00  -2.7703739e+00  -2.5569431e+00  -2.4696934e+00  -2.2711676e+00  -2.0431530e+00
   2.0792755e-01  -3.1856929e-03  -8.0804497e-01  -4.6198945e-01  -1.0575868e+00  -1.8876699e+00  -2.3895477e+00  -2.2248119e+00  -2.1621117e+00  -2.3821674e+00  -2.4990479e+00  -2.4331063e+00  -2.5275754e+00  -2.3333948e+00  -2.1026568e+00  -2.1916360e+00
   5.9928510e-01  -3.1703775e-02  -9.1031750e-01  -4.3889141e-01  -8.2858521e-01  -1.6298175e+00  -2.2555977e+00  -2.2584787e+00  -2.0871887e+00  -2.2226694e+00  -2.5658883e+00  -3.0350972e+00  -2.4843794e+00  -2.4331753e+00  -2.4249134e+00  -2.2786215e+00
   1.0196079e+00  -6.1695426e-01  -1.0035307e+00  -1.0160029e-01  -5.8013078e-01  -2.0705124e+00  -2.2421259e+00  -2.5102007e+00  -2.2585195e+00  -2.5329762e+00  -2.6540260e+00  -2.4072743e+00  -2.5132370e+00  -2.4692215e+00  -2.2970929e+00  -2.1066538e+00
   2.2222271e-01  -6.7673371e-01  -1.4502776e+00  -4.7544441e-01  -6.3850201e-01  -1.7575571e+00  -2.0603864e+00  -2.1990926e+00  -2.4329844e+00  -2.5419307e+00  -2.8054259e+00  -2.6692582e+00  -2.6465364e+00  -2.4320520e+00  -2.6148418e+00  -2.3029194e+00
   7.5560773e-01  -6.4510286e-01  -9.6839443e-01  -5.2679389e-01  -1.0801728e+00  -2.0093967e+00  -2.5719676e+00  -2.4236534e+00  -2.1639849e+00  -2.6273555e+00  -2.2813803e+00  -2.7190886e+00  -2.5502533e+00  -2.3795142e+00  -2.3828847e+00  -2.0514755e+00
   3.6099064e-01  -3.7569291e-01  -7.2265268e-01  -2.4149474e-01  -1.1909270e+00  -2.1679236e+00  -2.4929917e+00  -2.3681482e+00  -2.3102732e+00  -2.2829236e+00  -2.4573800e+00  -2.7532439e+00  -2.6891562e+00  -2.4965983e+00  -2.6822646e+00  -2.3339419e+00
   5.0571743e-01  -7.5192426e-01  -1.0881435e+00  -4.1231974e-01  -1.0504162e+00  -1.8210725e+00  -2.1542038e+00  -2.0886127e+00  -2.4165271e+00  -2.1945458e+00  -2.4527640e+00  -2.4369453e+00  -2.7989007e+00  -2.3789441e+00  -2.4107672e+00  -2.1511528e+00
   7.3710600e-01  -7.9560898e-01  -1.7732765e+00  -3.5858897e-01  -1.0647006e+00  -2.2387883e+00  -2.6163909e+00  -2.3921983e+00  -2.4072570e+00  -2.1208935e+00  -2.5371921e+00  -2.3400013e+00  -2.2671132e+00  -2.3383676e+00  -2.4187448e+00  -2.2545560e+00
   7.7043067e-01  -5.8968789e-01  -6.7333059e-01  -5.5952390e-01  -1.3640750e+00  -1.7823826e+00  -2.4199860e+00  -2.3466392e+00  -2.4943746e+00  -2.0072771e+00  -2.3680320e+00  -2.3142526e+00  -2.4488731e+00  -2.0841367e+00  -2.2171334e+00  -2.0476053e+00
  -9.9443870e-02   3.3229555e-01  -1.8096087e-01  -1.2908013e-01   2.9751343e-01  -6.1158341e-01  -1.1500024e+00  -1.1603581e+00  -1.3906804e+00  -9.0487698e-01  -8.8057602e-01  -8.9891867e-01  -1.5522641e+00  -1.8227266e+00  -2.0796599e+00  -2.3777793e+00
   3.3409015e-01   5.5288593e-01  -1.5943220e-01   1.3098593e-01   6.1572292e-01  -3.6314644e-01  -1.1165980e+00  -9.4888254e-01  -7.8466594e-01  -5.6940620e-01  -5.8747691e-01  -6.4058111e-01  -1.2724900e+00  -1.4903312e+00  -2.0186272e+00  -2.2400053e+00
   8.0191767e-01   6.0392115e-01  -2.6149800e-01   2.2834862e-01   8.5812957e-01  -4.6006642e-01  -1.0127405e+00  -1.0310695e+00  -4.3151001e-01  -1.2481403e-01  -4.4228597e-01  -6.0441876e-01  -1.2947158e+00  -1.2537058e+00  -1.8262728e+00  -2.1383481e+00
   6.6003123e-01   8.4256923e-01  -2.7621953e-01   1.7441870e-01   4.2737728e-01  -3.0784096e-01  -6.6239674e-01  -5.1770808e-01  -9.6101700e-03  -1.3219592e-01  -3.3435271e-01  -3.8460483e-01  -1.0297996e+00  -1.3316093e+00  -2.0022833e+00  -2.2264591e+00
   1.1883376e+00   1.1002200e+00  -9.6138823e-02  -1.1284969e-01   3.6733930e-01   9.9640616e-03  -2.8269675e-01  -3.0590193e-01  -7.6103299e-02  -3.7175692e-01  -5.2120745e-01  -5.0032326e-01  -1.0388450e+00  -1.4046536e+00  -2.0967568e+00  -2.1146855e+00
   1.1701674e+00   1.0379732e+00   5.9362173e-03   5.5478006e-01   8.7857948e-01  -1.7538847e-01  -1.1224703e+00  -9.3221010e-01  -3.2599840e-01  -3.1249363e-01  -1.0533363e+00  -9.8649866e-01  -1.2288220e+00  -1.6466590e+00  -2.0464510e+00  -1.8190231e+00
   5.1081898e-01   1.1023073e+00  -7.4553964e-03   4.0681861e-01   8.1287751e-01  -2.4711587e-01  -1.5007527e+00  -7.5098296e-01  -1.6608495e-01  -4.1606606e-01  -1.1707579e+00  -1.1951262e+00  -1.8225624e+00  -1.5889696e+00  -1.9461445e+00  -1.9304422e+00
   7.2555547e-01   1.1449074e+00   2.6240399e-02   2.8970036e-01   3.8958404e-01  -9.8171813e-02  -8.7466609e-01  -4.3859501e-01   4.3373865e-02  -2.9696186e-01  -9.2549069e-01  -7.6980409e-01  -1.4733677e+00  -1.3245688e+00  -1.7542083e+00  -1.9987435e+00
   5.6312731e-01   1.0294644e+00   1.1960183e-01   2.8308399e-01   1.8845575e-01  -1.4701619e-01  -1.1083910e+00  -4.4117257e-01   5.9226459e-02  -2.4568417e-01  -1.0514943e+00  -1.0303000e+00  -1.2636929e+00  -1.2033627e+00  -1.7396013e+00  -1.8119308e+00
   1.0880213e+00   1.1425035e+00   1.2101084e-01   4.6633744e-01   5.4569463e-01  -1.0189938e-01  -9.6520202e-01  -4.5747074e-01   1.5779553e-01  -2.5321719e-01  -1.1962471e+00  -8.2050585e-01  -1.2856412e+00  -1.2177733e+00  -1.7709743e+00  -1.9506267e+00
   1.0970649e+00   9.8011453e-01   8.2110072e-02   3.2057378e-01   4.3895352e-01  -1.7698061e-01  -1.1406128e+00  -3.6671383e-01   2.2482473e-01  -2.8873730e-01  -1.2770272e+00  -8.7184933e-01  -1.3054001e+00  -1.2566303e+00  -1.9281471e+00  -2.0666940e+00
   8.0533893e-01   8.5029860e-01  -5.3706606e-02   3.0393484e-01   7.9687392e-02  -2.9916463e-01  -1.2608516e+00  -4.8652236e-01   2.2304999e-01  -3.4318843e-01  -1.0649074e+00  -7.1589861e-01  -1.3870790e+00  -1.1692972e+00  -1.6778676e+00  -1.8731247e+00
   9.7284133e-01   1.0776348e+00  -5.0523318e-02   3.2630254e-01   3.2015047e-01  -4.2941071e-01  -1.2973467e+00  -5.0573540e-01   1.9584608e-01  -3.9325748e-01  -1.1028750e+00  -9.1088520e-01  -1.3979058e+00  -1.1365281e+00  -1.7737226e+00  -2.0720279e+00
   1.0785874e+00   9.7523527e-01  -6.3163663e-02   2.1440839e-01   2.0987159e-01  -4.7705636e-01  -1.0922670e+00  -4.4708726e-01   1.7445920e-01  -5.6983933e-01  -1.2137998e+00  -8.7119931e-01  -1.2581810e+00  -1.2659046e+00  -1.7549393e+00  -1.9702191e+00
   6.5771610e-01   6.9578202e-01  -6.4414053e-02  -2.7274020e-01  -8.5601888e-02  -5.6236968e-01  -1.1650083e+00  -4.1784422e-01   1.4808209e-01  -8.0897282e-01  -1.2452020e+00  -8.2027450e-01  -1.7101895e+00  -1.6459776e+00  -2.0108284e+00  -1.9944157e+00
   1.2352884e+00   9.7321460e-01  -6.6334809e-02   2.2247344e-01  -4.4854390e-02  -7.4443011e-01  -1.3336281e+00  -5.6448271e-01   9.9176821e-02  -8.9071466e-01  -1.2343445e+00  -7.5911821e-01  -1.7373816e+00  -1.8190653e+00  -2.1506606e+00  -2.1248211e+00
   1.2373967e+00   1.0484354e+00   9.0561884e-02   3.1241504e-01  -1.4877062e-01  -9.2468111e-01  -1.2907902e+00  -6.5761749e-01  -2.1371208e-01  -1.3010924e+00  -1.2072193e+00  -9.3199245e-01  -2.0024318e+00  -2.1815099e+00  -2.3224497e+00  -2.2007475e+00
   6.2662111e-01   8.8760204e-01   1.1843299e-02   1.7482387e-01  -9.6535883e-02  -1.0115690e+00  -1.6076532e+00  -9.2919286e-01  -4.7606534e-01  -1.8017108e+00  -1.4645471e+00  -9.4358431e-01  -2.1502002e+00  -2.2106530e+00  -2.3159789e+00  -2.3601028e+00
   7.7526566e-01   1.0756940e+00  -3.4925382e-02   2.1900310e-01  -5.8091755e-01  -1.4288914e+00  -1.7902241e+00  -8.3524354e-01  -5.7744696e-01  -1.7118308e+00  -1.6358889e+00  -1.1881016e+00  -2.4591619e+00  -2.2462902e+00  -2.0536052e+00  -2.0713453e+00
   6.3929762e-01   1.0652183e+00  -3.8789863e-02  -2.0327105e-01  -1.0932322e+00  -1.7025884e+00  -2.0533482e+00  -1.0776605e+00  -9.2591413e-01  -2.0710738e+00  -1.7003634e+00  -1.2171953e+00  -2.2766911e+00  -2.2592768e+00  -2.2470524e+00  -2.3012471e+00
   1.2145580e+00   1.2544708e+00  -1.1093129e-01  -5.4167050e-01  -1.1808479e+00  -1.7942280e+00  -2.1683811e+00  -9.1069916e-01  -9.9032057e-01  -2.1432089e+00  -1.9065962e+00  -1.2438668e+00  -2.4502260e+00  -2.2609055e+00  -2.0867072e+00  -2.3554649e+00
   1.1420776e+00   1.3128505e+00   2.3854084e-01   3.3256170e-02  -5.1738679e-01  -1.7060292e+00  -2.2783317e+00  -1.0086766e+00  -9.7205560e-01  -2.0198487e+00  -1.4264922e+00  -1.3992329e+00  -2.4518446e+00  -2.1880183e+00  -2.3517279e+00  -2.4585625e+00
   1.2933767e+00   1.2191925e+00  -4.0428462e-03  -1.5538250e-02  -8.3048989e-01  -1.3505436e+00  -2.3213811e+00  -1.2110624e+00  -8.4750886e-01  -2.0139444e+00  -1.8075232e+00  -1.4397819e+00  -2.3144590e+00  -2.2386158e+00  -2.1529834e+00  -2.1402475e+00
   9.3105756e-01   1.0432871e+00  -9.6667530e-02  -3.1702734e-01  -1.6508980e+00  -1.7927779e+00  -2.2388989e+00  -1.3026189e+00  -1.0631782e+00  -2.4039133e+00  -2.2452110e+00  -1.6372937e+00  -2.3721160e+00  -2.1352550e+00  -2.1139988e+00  -2.0334033e+00
   9.4323559e-01   1.2156669e+00   9.7964690e-02  -1.1333312e-01  -1.0726083e+00  -1.8444212e+00  -2.4924820e+00  -1.2436230e+00  -1.2800324e+00  -2.3347725e+00  -2.0173060e+00  -1.5878588e+00  -2.3527986e+00  -2.0883808e+00  -2.4362018e+00  -2.1603584e+00
   1.2648609e+00   1.3099719e+00   3.7052444e-02   1.9635240e-02  -7.4928802e-01  -1.5786713e+00  -2.2580060e+00  -1.3643084e+00  -1.1775316e+00  -2.3580644e+00  -2.2950697e+00  -1.6967999e+00  -2.2568589e+00  -2.1283214e+00  -2.3116742e+00  -2.2280936e+00
   6.6304716e-01   1.1827462e+00  -1.3161720e-01  -6.3396369e-02  -4.7805744e-01  -1.9372985e+00  -2.1449098e+00  -1.4157247e+00  -1.4617634e+00  -2.3085555e+00  -2.1568922e+00  -1.7724960e+00  -2.1948260e+00  -2.0734575e+00  -2.3660142e+00  -2.4576734e+00
   1.1385010e+00   1.1499543e+00  -3.1888423e-01  -5.0275754e-01  -7.6247476e-01  -1.7416968e+00  -2.4411817e+00  -1.5743369e+00  -1.7256736e+00  -2.4624362e+00  -2.4024206e+00  -1.8073216e+00  -2.5636558e+00  -2.2264803e+00  -2.2434809e+00  -2.0725259e+00
   1.4355994e+00   1.0680597e+00  -1.4107504e-01   7.7845360e-02  -9.4554787e-01  -2.3412046e+00  -2.6678601e+00  -1.8887637e+00  -1.8546818e+00  -2.4990992e+00  -2.2762204e+00  -1.6932460e+00  -2.4641021e+00  -2.5462381e+00  -2.3965791e+00  -2.2029489e+00
   6.2259682e-01   1.1902766e+00  -1.9435188e-01  -5.3657429e-02  -4.8486486e-01  -1.9311225e+00  -2.2206685e+00  -2.1086911e+00  -2.0957611e+00  -2.5840315e+00  -2.5307992e+00  -1.8783515e+00  -2.1541523e+00  -2.1971909e+00  -2.3896990e+00  -2.2391653e+00
   7.0749679e-01   1.1647498e+00  -5.1612903e-01  -6.2533506e-01  -8.4659575e-01  -2.2141968e+00  -2.4523023e+00  -2.2968863e+00  -2.1707801e+00  -2.2693299e+00  -2.4655639e+00  -2.2067419e+00  -2.3869521e+00  -2.3999372e+00  -2.2850679e+00  -2.2596400e+00
   1.3451567e+00   1.0509868e+00  -5.0722172e-01  -5.9748434e-01  -1.2091730e+00  -1.8880036e+00  -2.1139353e+00  -2.0578252e+00  -2.2050956e+00  -2.1562055e+00  -2.3052306e+00  -2.2726624e+00  -2.5071588e+00  -2.2524613e+00  -2.3158203e+00  -2.2089589e+00
   6.9769627e-01   8.5918373e-01  -3.7332444e-01   4.1863106e-02  -1.2268846e+00  -1.9967596e+00  -2.4451472e+00  -2.5526592e+00  -2.3263239e+00  -2.2926695e+00  -2.3020325e+00  -1.9526675e+00  -2.3050035e+00  -2.2133616e+00  -2.3407253e+00  -2.2979564e+00
   5.4410955e-01   4.7611823e-01  -4.7392311e-01  -7.4831661e-02  -8.7218685e-01  -1.9565195e+00  -2.5841548e+00  -2.0540303e+00  -2.0398518e+00  -2.8988909e+00  -2.2508010e+00  -2.1526256e+00  -2.2580353e+00  -2.0668634e+00  -2.1380683e+00  -2.2566970e+00
   1.0181902e+00   4.4920568e-01  -8.4163772e-01  -3.9094357e-01  -9.1319161e-01  -1.6137282e+00  -2.2003150e+00  -2.0689175e+00  -2.0274456e+00  -2.5888637e+00  -2.1095480e+00  -1.8701948e+00  -2.2105796e+00  -2.2815636e+00  -2.2359587e+00  -2.2358059e+00
   4.8776466e-01  -6.0334448e-02  -1.3719404e+00  -4.1041949e-01  -1.2069526e+00  -1.8923839e+00  -2.7512231e+00  -2.1948225e+00  -2.4046008e+00  -2.2219172e+00  -2.2286627e+00  -2.2034773e+00  -2.3941609e+00  -2.2816258e+00  -2.2256931e+00  -2.0081946e+00
   5.4856282e-01  -5.8522107e-01  -1.4194105e+00  -7.8114926e-01  -1.2170808e+00  -2.6819356e+00  -3.0305060e+00  -2.5033323e+00  -2.0041054e+00  -2.2709909e+00  -2.1347613e+00  -1.9553759e+00  -2.2645247e+00  -2.2859090e+00  -2.4230267e+00  -2.2678181e+00
   2.7671276e-01  -7.5495658e-01  -7.4145942e-01  -4.7992612e-01  -1.0642635e+00  -2.0392025e+00  -2.5073022e+00  -2.3974814e+00  -1.7775456e+00  -2.4817873e+00  -2.2198800e+00  -2.1360653e+00  -2.3701798e+00  -2.5998982e+00  -2.6075101e+00  -2.0469841e+00
   9.4452659e-01  -1.0362693e-01  -1.1577593e+00  -1.0338752e-01  -8.0043305e-01  -1.9623693e+00  -2.3305862e+00  -2.4187823e+00  -1.9539638e+00  -2.4778248e+00  -2.2047598e+00  -2.0409551e+00  -2.3529656e+00  -2.2900749e+00  -2.2276013e+00  -2.0951336e+00
   1.1906142e+00   2.8067605e-02  -9.1801887e-01   3.7245453e-02  -7.7891854e-01  -2.2228731e+00  -2.3662694e+00  -2.2944646e+00  -1.9437850e+00  -2.5423741e+00  -2.5309782e+00  -2.5162606e+00  -2.3817348e+00  -2.0649542e+00  -2.2238080e+00  -2.0062784e+00
   1.0337547e+00   3.6184834e-01  -6.4449574e-01  -5.4512302e-01  -1.4126886e+00  -1.9171958e+00  -2.3890242e+00  -2.0534255e+00  -2.0760098e+00  -2.2869661e+00  -2.6101400e+00  -2.5689230e+00  -2.6190543e+00  -2.1574815e+00  -2.0423105e+00  -2.1063941e+00
   4.4087223e-01  -5.4724585e-01  -1.3836639e+00  -5.8242069e-01  -9.1288445e-01  -2.2606319e+00  -2.0848879e+00  -2.2607191e+00  -2.4168478e+00  -2.1045816e+00  -2.3090919e+00  -2.3106379e+00  -2.3111846e+00  -2.0954316e+00  -2.1926848e+00  -2.2298195e+00
   4.2524072e-01  -1.4243133e+00  -1.2412256e+00  -6.3638398e-01  -1.1585939e+00  -2.1226559e+00  -2.3738501e+00  -2.3281994e+00  -2.1828546e+00  -2.5951626e+00  -2.4843374e+00  -2.3027816e+00  -2.3484388e+00  -2.3040053e+00  -1.9961297e+00  -2.2627324e+00
   9.1811932e-01  -7.5410834e-01  -9.7124238e-01  -3.1554686e-01  -7.7025235e-01  -2.0583471e+00  -2.4602969e+00  -2.2075346e+00  -1.8696933e+00  -2.3294854e+00  -2.4427426e+00  -2.3116844e+00  -2.2907054e+00  -2.1187515e+00  -2.3140223e+00  -2.1690869e+00
   9.7671767e-01  -3.0991450e-02  -5.4973781e-01   5.9685919e-02  -4.9753945e-01  -1.6159085e+00  -1.9916820e+00  -2.0270581e+00  -2.1465702e+00  -2.5828182e+00  -2.7136467e+00  -2.8263068e+00  -2.2481796e+00  -2.0793280e+00  -2.4582336e+00  -2.2467277e+00
   4.3864452e-01  -1.9045659e-01  -1.1485212e+00  -6.3745247e-01  -1.1550438e+00  -1.8390733e+00  -2.5789124e+00  -2.4762403e+00  -2.3410829e+00  -2.3936618e+00  -2.3937167e+00  -2.6136877e+00  -2.6848118e+00  -2.0275887e+00  -2.1763987e+00  -2.2262115e+00
   9.9146243e-01  -4.4509944e-01  -1.5275171e+00  -9.2873220e-01  -1.1124226e+00  -2.3013847e+00  -2.8976825e+00  -2.2964073e+00  -2.2886089e+00  -2.0963569e+00  -2.5371959e+00  -2.5457468e+00  -2.5301650e+00  -2.4929831e+00  -2.4035402e+00  -2.2304584e+00
   6.0115880e-02  -9.3854938e-02  -1.0865532e+00  -6.0619930e-01  -1.2840438e+00  -2.1259248e+00  -2.5969129e+00  -2.6531735e+00  -2.3188823e+00  -2.3384818e+00  -2.4236066e+00  -2.3344555e+00  -2.4080095e+00  -2.3210458e+00  -2.0084869e+00  -2.2551281e+00
  -7.4957163e-02  -3.3391336e-01  -1.5718894e+00  -9.9073368e-01  -1.3362562e+00  -2.0432753e+00  -2.3968052e+00  -2.6453921e+00  -2.7883761e+00  -2.4233781e+00  -2.3820976e+00  -2.4867909e+00  -2.6228400e+00  -2.3257483e+00  -2.1872124e+00  -2.2832944e+00
   8.8952744e-01  -5.6241133e-01  -9.1493990e-01  -1.0447851e+00  -1.4560031e+00  -2.4724118e+00  -2.9814351e+00  -2.4230116e+00  -2.3799865e+00  -2.4814476e+00  -2.6245785e+00  -2.7167298e+00  -2.7026063e+00  -2.3964521e+00  -2.2077772e+00  -2.0640898e+00
   9.3555804e-01  -2.2797839e-01  -9.6961769e-01  -3.9431817e-01  -8.7023922e-01  -1.9414003e+00  -2.3535793e+00  -2.4199267e+00  -2.3171949e+00  -2.2816431e+00  -2.4363298e+00  -2.6235789e+00  -2.5278118e+00  -2.4334266e+00  -2.4279309e+00  -2.2683243e+00
   6.7695395e-01  -1.2691700e-01  -1.5520749e+00  -7.0037034e-01  -1.0626456e+00  -1.5353904e+00  -2.5182033e+00  -2.7489836e+00  -2.5665840e+00  -2.4488686e+00  -2.4032598e+00  -2.6327825e+00  -2.6284775e+00  -2.3843117e+00  -2.4115003e+00  -2.3174064e+00
   2.8735218e-01  -5.6267718e-01  -1.4536338e+00  -9.6560113e-01  -1.3417417e+00  -1.7958757e+00  -2.4977069e+00  -2.5151330e+00  -2.2742004e+00  -2.3328232e+00  -2.3303221e+00  -2.8659138e+00  -2.5452746e+00  -2.5999276e+00  -2.1555061e+00  -2.0368959e+00
   5.9345843e-01  -8.6122800e-02  -1.2270483e+00  -6.6519147e-01  -1.0517623e+00  -1.9138520e+00  -2.3714502e+00  -2.0671578e+00  -2.1008510e+00  -2.2990126e+00  -2.5285347e+00  -2.5827729e+00  -2.4644719e+00  -2.3786300e+00  -2.2492358e+00  -2.0163331e+00
