   1.0153687e+00   1.8942408e-02  -1.6824546e-01  -6.4228158e-01  -1.0096285e+00  -1.2863633e+00  -1.7252709e+00  -1.6987116e+00  -1.8647511e+00  -2.1811474e+00  -2.1919603e+00  -2.1926716e+00  -2.1668002e+00  -2.2171641e+00  -2.3755734e+00  -2.2632296e+00
   1.4664409e+00  -1.6973555e-02  -6.1412933e-01  -3.5517670e-01  -7.9245199e-01  -8.8933152e-01  -1.6869222e+00  -1.8489455e+00  -2.0050491e+00  -2.0759628e+00  -1.9438557e+00  -2.0073742e+00  -2.3927750e+00  -2.0532620e+00  -2.1864738e+00  -2.0535075e+00
   1.3238612e+00   6.9239253e-01  -1.8533472e-01  -6.9428734e-01  -1.0797623e+00  -9.1109639e-01  -1.5271732e+00  -1.5455708e+00  -1.7417511e+00  -1.5944502e+00  -1.7908749e+00  -2.1765671e+00  -2.2565745e+00  -2.0954781e+00  -2.2481896e+00  -2.2053155e+00
   1.4323258e+00   2.2961062e-01  -1.0073840e-01  -2.3980932e-01  -1.0750761e+00  -1.3963904e+00  -1.8113631e+00  -1.9339551e+00  -1.7111412e+00  -1.7847880e+00  -2.0866456e+00  -2.0939163e+00  -2.1543381e+00  -2.2417723e+00  -2.4653864e+00  -2.1575253e+00
   2.0238728e+00   3.3400640e-01  -4.9357373e-01  -3.1249415e-01  -1.2808081e+00  -1.3614439e+00  -1.9708761e+00  -1.7161241e+00  -1.8966415e+00  -2.1126401e+00  -2.5280645e+00  -2.3726430e+00  -2.2593591e+00  -2.1443543e+00  -2.1294097e+00  -2.0516470e+00
   1.9439037e+00   7.7127956e-01  -1.7963755e-01  -6.7736298e-01  -1.0156759e+00  -1.7979970e+00  -1.8414265e+00  -1.6600573e+00  -1.8939654e+00  -2.2681737e+00  -2.1999875e+00  -2.4223541e+00  -2.2247054e+00  -2.2503813e+00  -2.3555254e+00  -2.2553941e+00
   1.6902852e+00   9.4990080e-01   4.0434669e-01  -3.5340178e-01  -7.3903681e-01  -1.1490746e+00  -1.6165737e+00  -1.8281981e+00  -1.9362436e+00  -1.6911074e+00  -1.7588772e+00  -2.0589747e+00  -2.0289589e+00  -2.0862650e+00  -2.2267831e+00  -1.9818020e+00
   1.1337581e+00   3.8118835e-01   1.5336916e-01  -2.0057348e-01  -6.5223215e-01  -1.0969974e+00  -1.0523776e+00  -1.4955926e+00  -1.7524951e+00  -1.9667860e+00  -1.8369889e+00  -2.0952008e+00  -2.1551339e+00  -2.0688899e+00  -2.2440826e+00  -2.0070239e+00
   1.6983550e+00   6.4841047e-01   1.4270400e-01   1.9405850e-01  -4.8732673e-01  -9.9238603e-01  -1.1351324e+00  -1.5602774e+00  -1.8857687e+00  -1.6410254e+00  -1.6607532e+00  -1.9657487e+00  -2.2327275e+00  -2.2082962e+00  -2.0577764e+00  -2.1791788e+00
   1.4202402e+00   5.8921843e-01   5.5750292e-02   1.3521745e-02  -5.6175366e-01  -1.1965380e+00  -1.6053344e+00  -1.5502604e+00  -1.9144662e+00  -1.6921282e+00  -1.9076135e+00  -2.1610909e+00  -2.2778548e+00  -1.9436906e+00  -1.9508828e+00  -2.0786511e+00
   7.8710491e-01   1.0299260e-01  -1.4181260e-01   1.5918668e-01  -5.6186948e-01  -1.1767860e+00  -1.6862013e+00  -1.6195219e+00  -1.4521565e+00  -1.8085760e+00  -2.0496206e+00  -2.4034718e+00  -2.1623414e+00  -2.0023686e+00  -2.2521213e+00  -2.3738844e+00
   1.1033138e+00   1.2440207e-01   9.6238690e-02  -1.7464253e-01  -9.0127492e-01  -1.2159158e+00  -9.7465348e-01  -1.7399647e+00  -1.7518554e+00  -1.6545436e+00  -1.7141518e+00  -2.0821872e+00  -1.9212319e+00  -1.9853534e+00  -2.0779842e+00  -2.1321735e+00
   1.7361721e+00   3.1680766e-01  -4.6560764e-01  -4.6442822e-01  -4.2677320e-01  -1.2722522e+00  -1.6245175e+00  -1.6718326e+00  -1.4990034e+00  -1.6466064e+00  -1.9265010e+00  -1.9703683e+00  -2.0443443e+00  -2.0144801e+00  -1.9369464e+00  -1.9270322e+00
   1.9220777e+00   7.9566691e-01  -3.1626727e-01  -3.9484147e-01  -1.0128882e+00  -1.3775007e+00  -1.9701683e+00  -1.9968821e+00  -2.0593463e+00  -2.0331480e+00  -2.1329077e+00  -2.2030051e+00  -2.4281015e+00  -2.2717168e+00  -2.1908889e+00  -2.2613139e+00
   1.5751325e+00  -8.0320152e-02  -3.0087552e-01  -5.6078481e-01  -3.1471455e-01  -1.4530876e+00  -1.3644576e+00  -1.6522645e+00  -1.8214305e+00  -1.7430261e+00  -1.8496763e+00  -1.8855297e+00  -1.9121531e+00  -1.9752974e+00  -1.9008943e+00  -1.8888314e+00
   2.0658667e+00   8.1614702e-01   9.9513565e-02  -2.8260013e-01  -9.3204496e-01  -1.6000138e+00  -1.4864688e+00  -1.4914429e+00  -1.7502129e+00  -1.8392925e+00  -1.9723879e+00  -2.0408421e+00  -2.0662678e+00  -2.0454735e+00  -1.9813640e+00  -1.8834959e+00
   1.2509582e+00   8.6052017e-01   1.7307556e-01   1.9518856e-01  -3.4002062e-01  -1.0510124e+00  -1.6857895e+00  -2.2114182e+00  -1.7029914e+00  -1.9314155e+00  -2.1963854e+00  -2.1948145e+00  -2.2851737e+00  -2.1252924e+00  -1.9599698e+00  -2.1552476e+00
   1.3575926e+00   4.4977837e-01  -2.1483841e-01  -3.0693032e-01  -9.8039631e-01  -1.5009168e+00  -1.7246720e+00  -2.0054903e+00  -2.2042579e+00  -2.1014982e+00  -2.4237794e+00  -2.2693709e+00  -2.3317074e+00  -2.4574500e+00  -2.1723335e+00  -2.0713047e+00
   1.1131830e+00   2.8829736e-01  -4.7475042e-01  -5.9501395e-01  -1.1110122e+00  -1.6125701e+00  -1.9352739e+00  -1.9643778e+00  -2.3014522e+00  -2.0130657e+00  -2.2105862e+00  -2.2529702e+00  -2.3771681e+00  -2.2918715e+00  -2.1387664e+00  -2.1152706e+00
   1.2033788e+00   1.6018457e-01  -1.3809978e-01  -2.8299735e-01  -9.0740443e-01  -1.3908837e+00  -1.4991447e+00  -1.7044576e+00  -2.1504599e+00  -1.8497248e+00  -1.8923788e+00  -1.9423768e+00  -1.9617461e+00  -2.1465952e+00  -2.0361400e+00  -2.0890057e+00
   1.6585233e+00   4.9212123e-01   3.4719359e-01   7.5530830e-02  -7.6452965e-01  -1.3648301e+00  -1.3717376e+00  -1.3758054e+00  -1.9580977e+00  -2.0619011e+00  -2.2528581e+00  -1.9254018e+00  -2.2499163e+00  -2.1478674e+00  -2.2746213e+00  -2.1814054e+00
   2.0197613e+00   6.9531669e-01  -2.9959825e-01  -4.4571598e-01  -1.1818960e+00  -1.5372433e+00  -1.6316119e+00  -1.5781985e+00  -1.9349560e+00  -1.7397354e+00  -2.1060138e+00  -2.0051125e+00  -2.3550777e+00  -2.5334457e+00  -2.2217578e+00  -2.2558326e+00
   2.1571985e+00   1.1881810e+00   1.7413864e-01   2.9844003e-01  -5.0670596e-01  -1.2668415e+00  -1.2997392e+00  -1.5893869e+00  -1.9404604e+00  -1.9867214e+00  -1.8335656e+00  -2.0913125e+00  -2.3910151e+00  -1.9325111e+00  -2.1680979e+00  -2.0532829e+00
   2.0449070e+00   8.1279116e-01  -2.1812610e-01  -1.7259264e-02  -1.0709442e-01  -6.5248445e-01  -1.1599820e+00  -1.4998842e+00  -1.7713716e+00  -1.6310767e+00  -1.4425863e+00  -1.6000118e+00  -2.0523893e+00  -1.7634280e+00  -1.9491299e+00  -1.9493958e+00
   9.6320652e-01  -3.5506631e-01  -1.7539274e-01  -3.3984944e-01  -6.4331609e-01  -1.1620410e+00  -1.6574593e+00  -1.7778178e+00  -1.9516679e+00  -2.0349787e+00  -1.6100659e+00  -1.7554064e+00  -2.0211948e+00  -2.2349912e+00  -2.1544980e+00  -1.8681962e+00
   9.2595357e-01   9.4059758e-01   1.8505363e-01  -1.5623287e-01  -5.2178527e-01  -1.0590159e+00  -1.4697665e+00  -1.6804976e+00  -1.8052788e+00  -1.9616377e+00  -2.1721274e+00  -2.5314800e+00  -2.1591971e+00  -2.3310815e+00  -2.1853819e+00  -2.0222850e+00
   1.6630265e+00   6.1984305e-01  -1.1926409e-01  -3.7956058e-01  -5.4973176e-01  -9.8053787e-01  -1.0508902e+00  -1.5083724e+00  -1.9293661e+00  -1.9472373e+00  -2.2362995e+00  -2.3387073e+00  -2.0913891e+00  -2.1439570e+00  -2.0655576e+00  -2.2975279e+00
   1.0368903e+00   8.0018473e-01   3.6143626e-01  -3.7074525e-01  -1.1193219e+00  -1.2434331e+00  -1.3907441e+00  -1.0802980e+00  -1.8765051e+00  -2.1447853e+00  -2.2952097e+00  -2.2741283e+00  -2.2164388e+00  -2.0355079e+00  -2.2891311e+00  -1.9442229e+00
   1.8701334e+00   4.4553574e-01   4.9022295e-02  -5.8363946e-01  -1.3264117e+00  -1.4872998e+00  -1.1827324e+00  -1.6644461e+00  -2.0728117e+00  -1.9276658e+00  -2.2751432e+00  -2.2313348e+00  -2.4439497e+00  -2.2018817e+00  -2.2102633e+00  -2.0113566e+00
   1.4208744e+00   2.1191224e-01  -2.6861944e-01  -5.2632789e-01  -1.0873738e+00  -1.3679910e+00  -1.3660677e+00  -1.8213596e+00  -1.9524911e+00  -1.8327459e+00  -2.1491631e+00  -2.2096145e+00  -2.2320224e+00  -1.9461996e+00  -2.4184232e+00  -2.1480340e+00
   8.2845792e-01   1.4107549e-01   1.9671123e-01  -4.9624101e-01  -2.0053588e-01  -8.5330904e-01  -1.3831095e+00  -1.3048241e+00  -1.2646345e+00  -1.0733801e+00  -1.1755885e+00  -1.4712277e+00  -1.7506811e+00  -1.5501520e+00  -2.2196987e+00  -2.0190049e+00
   1.4728252e+00   1.6297845e-01   3.2723872e-01   2.9320382e-01   1.9182325e-03  -5.7096572e-01  -1.1012266e+00  -1.0547187e+00  -7.7415235e-01  -7.7548825e-01  -9.0725306e-01  -1.1892183e+00  -1.5422073e+00  -1.4819209e+00  -1.8229259e+00  -1.8766427e+00
   1.5947537e+00   7.7438431e-01  -6.1038283e-02   1.0052052e-01   5.5058566e-01   3.9777054e-02  -6.3026026e-01  -6.7187868e-01  -1.1076605e+00  -1.1939868e+00  -7.0102005e-01  -9.0478534e-01  -1.4049569e+00  -1.5022451e+00  -1.9128151e+00  -1.9367683e+00
   2.1291845e+00   1.4420936e+00  -3.9766708e-02   1.0099542e-01   7.5763084e-01   2.1926981e-01  -6.2835315e-01  -5.4895755e-01  -3.7382857e-01  -2.3952400e-01  -3.6832727e-01  -6.6700711e-01  -1.2496722e+00  -1.1631947e+00  -1.6951389e+00  -1.7737482e+00
   1.7624924e+00   1.1376306e+00   4.5331463e-02   2.7880238e-01   1.1018644e+00   5.6885718e-01  -2.3357637e-01  -2.9856428e-01   2.6520805e-01   4.9100825e-01   4.3446241e-01  -1.1794910e-02  -5.7249127e-01  -3.6699153e-01  -1.3628717e+00  -1.1827569e+00
   2.4116658e+00   6.2760241e-01   5.8373272e-01   6.7133904e-01   8.6455547e-01   6.8459208e-01  -3.0973495e-01  -5.1222987e-03   5.8884071e-01   5.7236420e-01   5.1885939e-01   1.6373187e-01  -6.1703329e-01  -2.8774762e-01  -1.2888722e+00  -1.0827429e+00
   1.9090902e+00   4.4745605e-01   1.8005431e-01   2.1269326e-01   5.8855179e-01   4.7097010e-01  -9.1047989e-02  -2.5383071e-01   2.5574338e-01   5.7350561e-01   5.6532653e-01   2.1397954e-01  -5.1529846e-01  -3.3317024e-01  -1.1937617e+00  -1.3068592e+00
   1.7756838e+00   1.0970590e+00   1.6881068e-01   4.8535750e-01   8.4262401e-01   6.5504868e-01   3.0085748e-02  -2.7631911e-02   3.5478504e-01   5.0176567e-01   4.9704534e-01   5.6857693e-02  -8.1500494e-01  -6.7670964e-01  -1.4896416e+00  -1.2211744e+00
   1.7569583e+00   1.0535119e+00   1.9600115e-02   2.1704543e-01   7.2650340e-01   7.3168811e-01  -1.5748876e-01  -3.1674682e-02   4.4548805e-01   5.3534321e-01   5.1875566e-01   8.8123397e-02  -7.2353737e-01  -7.1243317e-01  -1.5878540e+00  -1.4336418e+00
   1.4378198e+00   8.4945333e-01   5.6692550e-01   4.5668833e-01   8.9561707e-01   6.4469388e-01  -2.2992293e-01  -2.4522662e-01   2.6037773e-01   5.4448148e-01   3.7170640e-01  -3.3849736e-01  -1.2587073e+00  -1.0120049e+00  -1.7515918e+00  -1.6464689e+00
   1.5662549e+00   9.8173167e-01   1.7076837e-01   3.2971499e-01   6.6003292e-01   4.7676750e-01  -2.1389750e-01  -2.3494024e-01   1.7417144e-01   1.1759726e-01   2.1242373e-01  -3.2856032e-01  -1.3083686e+00  -1.0798490e+00  -1.6099372e+00  -1.6386313e+00
   1.4579934e+00   7.4419519e-01  -1.8545951e-01   5.2179620e-01   6.1272313e-01   3.9932511e-01  -3.5373184e-01  -2.1846240e-01   2.4012119e-01   5.2139554e-02   5.1372518e-02  -3.9759790e-01  -1.3218056e+00  -1.1919496e+00  -1.7049388e+00  -1.6767066e+00
   9.5619283e-01   4.4594086e-01   4.0164004e-01   4.6553798e-01   5.4551583e-01   1.9098103e-01  -7.6231430e-01  -4.8577929e-01   2.4356461e-01   3.4069473e-01   1.8690230e-01  -1.8254394e-01  -1.5544301e+00  -1.3037424e+00  -1.9404320e+00  -1.9509431e+00
   1.5010939e+00   8.8446959e-01  -1.4894670e-01   6.3867312e-01   4.7260786e-01   7.2961400e-02  -9.4522122e-01  -6.4284869e-01   3.4752861e-02   1.9454658e-01   1.8852406e-01  -2.7266647e-01  -1.7893049e+00  -1.4219800e+00  -1.8783998e+00  -2.0301947e+00
   9.6968419e-01   9.2549828e-01   5.5174801e-01   4.9867516e-01   5.9508676e-01   4.6239584e-02  -8.8344042e-01  -6.7653423e-01  -6.8914291e-02   1.5930905e-01  -1.1070089e-01  -7.4886316e-01  -1.9447677e+00  -1.8240211e+00  -1.9998448e+00  -2.0279895e+00
   9.8368327e-01   1.0909396e+00   9.8277691e-02   2.6143446e-01  -7.5588161e-02  -7.4143862e-01  -1.3833844e+00  -1.3545794e+00  -7.1537367e-01  -5.1266479e-01  -8.8905594e-01  -1.5404851e+00  -2.1106752e+00  -2.1221662e+00  -2.1244961e+00  -2.1578614e+00
   1.3056206e+00   1.1107665e+00  -2.7541549e-01  -9.3692684e-02  -4.3900183e-01  -1.0300811e+00  -1.4473587e+00  -2.1067466e+00  -1.4700808e+00  -1.1618218e+00  -1.1742195e+00  -2.0289053e+00  -2.1632066e+00  -2.3474060e+00  -2.2199364e+00  -2.1370760e+00
   1.6546126e+00   1.1328449e+00  -1.5795310e-01  -5.6958787e-02  -6.3413876e-01  -1.0411713e+00  -1.2664379e+00  -1.6436920e+00  -1.8691121e+00  -1.5528583e+00  -1.6090483e+00  -1.9742919e+00  -2.3027882e+00  -2.1232124e+00  -2.0137951e+00  -1.9236671e+00
   1.4538155e+00   8.5025432e-01  -2.8270940e-01  -5.8535566e-01  -9.3940150e-01  -1.4217197e+00  -1.6437697e+00  -1.6950359e+00  -2.3420663e+00  -2.0274041e+00  -2.0818768e+00  -1.9879488e+00  -1.9266460e+00  -2.0400212e+00  -2.2753075e+00  -2.0789191e+00
   2.3043905e+00   5.4037370e-01  -4.5961087e-01  -6.4441493e-01  -8.5254146e-01  -1.0543685e+00  -1.3292617e+00  -1.7160438e+00  -1.5320510e+00  -1.6941883e+00  -1.7873440e+00  -1.8165489e+00  -1.8422438e+00  -1.8848726e+00  -1.9941963e+00  -1.8263572e+00
   2.3331203e+00   4.1454651e-01  -7.6454104e-01  -4.0613893e-01  -8.4751591e-01  -1.1490102e+00  -1.6389811e+00  -1.6738522e+00  -1.8537183e+00  -1.5866456e+00  -1.9389766e+00  -2.1868106e+00  -1.9491333e+00  -2.0052478e+00  -2.1251167e+00  -2.1131691e+00
   1.6481002e+00   6.0695490e-01   9.0630295e-02  -1.2758744e-01  -6.4504011e-01  -1.5463834e+00  -1.7217487e+00  -1.8188458e+00  -2.0444578e+00  -1.6261981e+00  -1.7111685e+00  -2.0116159e+00  -2.0657166e+00  -1.9229573e+00  -2.0243748e+00  -1.8301398e+00
   1.3026840e+00   9.0649853e-01   7.6528994e-02   2.2214217e-01  -6.5179837e-01  -1.2202358e+00  -1.8225111e+00  -1.9140246e+00  -1.9390446e+00  -2.0929343e+00  -2.2579513e+00  -2.3377367e+00  -2.5672246e+00  -2.2224287e+00  -2.4591128e+00  -2.1519315e+00
   1.3254001e+00  -4.1741517e-03  -3.9411219e-01  -3.8547960e-01  -9.8219335e-01  -1.2306051e+00  -1.3685062e+00  -1.5902030e+00  -1.7468381e+00  -1.8850724e+00  -1.8769184e+00  -1.7465107e+00  -1.9191711e+00  -1.9838302e+00  -2.1661767e+00  -1.9798472e+00
   1.5686391e+00   1.9224135e-01  -8.8666042e-02  -4.0830667e-02  -5.9932402e-01  -1.3060820e+00  -1.2690576e+00  -1.4086134e+00  -1.8964479e+00  -1.8047177e+00  -1.8602235e+00  -1.6913004e+00  -1.8309778e+00  -1.8975617e+00  -1.8142464e+00  -1.7394166e+00
   1.7276175e+00   3.4894028e-01   3.0521675e-02   4.0602548e-01  -2.3368221e-01  -1.0708107e+00  -1.5500161e+00  -1.5379278e+00  -1.8419425e+00  -1.7364055e+00  -2.1326998e+00  -2.1845614e+00  -2.1134083e+00  -2.0774771e+00  -2.0611811e+00  -2.2473875e+00
   1.7509035e+00  -3.0694073e-01   2.0327491e-01  -1.4978165e-01  -9.0982691e-01  -1.3721482e+00  -1.8516107e+00  -1.4411096e+00  -1.5706531e+00  -1.7566383e+00  -2.0970138e+00  -1.9303093e+00  -1.8407731e+00  -2.0234262e+00  -1.9387783e+00  -2.0908620e+00
   9.2841680e-01   3.6378399e-01   4.9639971e-02   1.2336786e-01  -9.3292483e-01  -1.2320958e+00  -1.4190593e+00  -1.6720540e+00  -1.3810609e+00  -1.5262852e+00  -2.1908694e+00  -2.1392559e+00  -2.0331650e+00  -2.0160251e+00  -2.0237770e+00  -2.1343982e+00
   1.7131473e+00   9.0367743e-01  -5.4405549e-01  -7.0637114e-02  -5.8847533e-01  -8.2886234e-01  -1.5194945e+00  -2.0147627e+00  -1.8426787e+00  -1.5325931e+00  -1.6178509e+00  -1.7690489e+00  -1.9141607e+00  -2.1159167e+00  -2.4043329e+00  -1.8963792e+00
   1.8753634e+00   8.3377447e-01   9.7341410e-03  -5.7076972e-01  -1.1548622e+00  -1.3231871e+00  -1.7196034e+00  -2.1220788e+00  -1.6894199e+00  -1.7321923e+00  -1.8239444e+00  -2.0189189e+00  -1.9316173e+00  -1.8549107e+00  -1.9703005e+00  -1.5129232e+00
   1.6812026e+00   8.6529356e-01  -1.3311169e-01  -3.9915368e-01  -1.0674916e+00  -1.1406737e+00  -1.2701969e+00  -1.7097777e+00  -1.4019748e+00  -1.2399474e+00  -1.3907799e+00  -1.7766775e+00  -1.6142719e+00  -1.6926018e+00  -1.6218909e+00  -1.0697316e+00
   2.0086878e+00   4.6849131e-01   2.1446872e-02  -1.2549293e-01  -1.1299514e+00  -1.2519017e+00  -1.5162790e+00  -1.3630094e+00  -1.2081200e+00  -1.6178115e+00  -1.6107731e+00  -1.7636949e+00  -1.8791269e+00  -1.9278030e+00  -1.9769451e+00  -1.0021373e+00
   1.5837436e+00   9.3683637e-01  -1.5404677e-01  -2.2580445e-01  -8.8552953e-01  -1.1992676e+00  -1.5611367e+00  -1.3813376e+00  -1.2932638e+00  -1.7223861e+00  -1.7160709e+00  -1.4744272e+00  -1.4918631e+00  -1.5172891e+00  -1.6780209e+00  -1.0050494e+00
   1.7553355e+00   9.9967779e-01  -1.1981054e-01   4.2327999e-02  -6.6351714e-01  -6.3905015e-01  -1.4791110e+00  -1.9016139e+00  -1.6928624e+00  -2.0234396e+00  -1.7515361e+00  -1.7971158e+00  -1.5950066e+00  -1.6131010e+00  -1.8719415e+00  -1.1288655e+00
   1.4083839e+00   2.2542304e-01   2.1551220e-01  -1.5107042e-01  -5.4458053e-01  -9.3033690e-01  -1.1812035e+00  -1.4559237e+00  -1.5518402e+00  -1.2210795e+00  -1.4909285e+00  -1.6824380e+00  -1.6753414e+00  -1.6829420e+00  -1.5291684e+00  -1.0712539e+00
   1.0093492e+00   5.6120098e-01  -5.3635557e-01  -3.0588584e-01  -2.1734176e-01  -9.0317392e-01  -1.2841016e+00  -1.4358972e+00  -1.6460982e+00  -1.8211706e+00  -2.0741820e+00  -1.9026323e+00  -1.9874305e+00  -1.6594950e+00  -1.9330523e+00  -1.1504337e+00
   1.6543251e+00   7.2063395e-01  -3.5173551e-01  -4.1737161e-01  -8.1733662e-01  -1.1628608e+00  -1.4013198e+00  -1.3079231e+00  -1.4898253e+00  -1.9164861e+00  -1.8638997e+00  -2.0924178e+00  -2.0759707e+00  -1.7851473e+00  -1.9077636e+00  -1.3112378e+00
   2.1091123e+00   9.1289761e-01   4.3647664e-02   1.3917539e-01  -9.7596394e-01  -1.2647043e+00  -1.7462044e+00  -1.2950015e+00  -1.4704015e+00  -1.7830095e+00  -1.8570768e+00  -2.0743429e+00  -1.9032389e+00  -1.7326277e+00  -2.0057039e+00  -1.2646464e+00
   1.2857301e+00   7.0324390e-01   1.5061873e-01  -8.5598229e-01  -8.2502028e-01  -1.1604012e+00  -1.3363785e+00  -1.4167886e+00  -1.7646354e+00  -1.7909237e+00  -1.8015495e+00  -1.9455147e+00  -1.8849640e+00  -2.1604189e+00  -2.1585592e+00  -1.5922580e+00
   1.2142086e+00   6.1184516e-01   1.3071084e-01  -5.5616717e-01  -9.9318093e-01  -1.4537400e+00  -1.5428231e+00  -1.6444081e+00  -1.9077263e+00  -1.6095392e+00  -1.6091363e+00  -2.1630890e+00  -2.0454922e+00  -2.1302677e+00  -2.1305079e+00  -1.6405611e+00
   1.5586637e+00   2.1305908e-01   1.4281917e-01  -5.3714428e-01  -9.6771290e-01  -1.7520966e+00  -1.3761049e+00  -1.6072297e+00  -1.8759665e+00  -1.7779837e+00  -1.9959361e+00  -2.0735178e+00  -2.1355597e+00  -2.3319755e+00  -2.0860120e+00  -1.6497147e+00
   2.2673392e+00   1.0777240e+00  -6.4426222e-01  -3.5430988e-01  -5.3435873e-01  -1.4050341e+00  -1.5363044e+00  -1.8744563e+00  -1.9656011e+00  -1.7139762e+00  -1.8416342e+00  -2.0159397e+00  -1.8461866e+00  -1.8444397e+00  -1.9705581e+00  -1.7207453e+00
   1.5117490e+00   6.5286147e-01   3.0368014e-01  -3.6487547e-01  -5.4271347e-01  -9.7497402e-01  -1.3456894e+00  -1.5709314e+00  -1.6550938e+00  -1.5900997e+00  -1.9390117e+00  -2.1657303e+00  -1.8592946e+00  -1.6850207e+00  -1.9587751e+00  -1.7763540e+00
   1.2542083e+00   6.4641755e-01   3.2035643e-02  -3.0296128e-01  -3.8226927e-01  -8.8255670e-01  -1.3091030e+00  -1.3533062e+00  -1.5477439e+00  -1.9457524e+00  -2.2136240e+00  -2.4168737e+00  -2.0652788e+00  -1.9257205e+00  -2.1676493e+00  -1.6703527e+00
   1.3489308e+00   4.5827092e-01   1.5240385e-01  -3.6653940e-01  -4.1179058e-01  -9.0867880e-01  -9.2214552e-01  -1.2424585e+00  -1.8818415e+00  -1.5345790e+00  -1.7932927e+00  -2.2274243e+00  -1.8743361e+00  -1.8216318e+00  -2.1011439e+00  -1.5685550e+00
   9.1146958e-01   2.4395097e-01  -4.9589332e-01  -9.8973151e-01  -1.0809667e+00  -1.4619129e+00  -1.4215183e+00  -1.4584032e+00  -1.6909244e+00  -1.5200968e+00  -1.9105073e+00  -2.1074572e+00  -2.3102439e+00  -2.1914282e+00  -1.9458773e+00  -1.1932592e+00
