   2.6008388e+00   1.6054695e+00   9.7219006e-01   1.2097948e+00   6.5257894e-01   2.5669333e-01   6.1804678e-01   1.0643720e+00   6.4224336e-01   6.4503839e-02   2.7376897e-01   3.8546489e-01  -2.8999747e-01  -3.8759777e-01  -2.9634836e-01  -3.2387373e-01
   3.1059531e+00   1.6237246e+00   9.9363005e-01   3.7778273e-01   4.7533210e-01   6.9748921e-01   2.3888667e-01   1.1382300e+00   9.0075798e-01   3.0055279e-01  -3.4393461e-02   2.7539793e-01  -1.3388714e-01  -3.4836887e-01  -4.0028563e-01  -3.1844782e-01
   3.1178481e+00   1.8588445e+00   5.5293625e-01   4.3487481e-01   3.8660746e-01   2.9806157e-01   3.5749555e-01   8.9638094e-01   6.6924766e-01   4.2114898e-01   4.0706795e-01   3.3734394e-01  -3.1010270e-01  -7.4521393e-01  -7.0285239e-01  -8.3799176e-01
   2.1211077e+00   1.5901099e+00   5.9201643e-01   4.8073770e-01   8.2299726e-02  -4.0073541e-03   8.2211965e-01   1.0601267e+00   7.9829365e-01  -2.4405099e-02   2.3822224e-01  -1.9235855e-02  -6.5916424e-01  -7.4647350e-01  -9.2516900e-01  -1.0202141e+00
   2.7708136e+00   1.5747802e+00   4.1399246e-01   4.8756059e-01   1.9361703e-01   3.6653865e-01   6.7712631e-01   1.3003350e+00   9.5386253e-01  -3.5487614e-01   3.3886202e-01  -2.6737650e-02  -6.3964714e-01  -1.0036836e+00  -1.0032885e+00  -9.6454502e-01
   2.6188426e+00   1.9925881e+00   7.6146007e-01   8.7425067e-01   4.4332751e-01   8.9933696e-01   9.4709906e-01   1.3171785e+00   1.2184288e+00   4.4214186e-02  -5.6244768e-02  -1.0580466e-01  -6.1658595e-01  -8.7732207e-01  -8.5665722e-01  -1.1531527e+00
   2.8947763e+00   1.9884150e+00   8.4410366e-02   7.1244618e-01   4.6361838e-01   1.2168368e-01   2.9219038e-01   1.1056771e+00   1.0884091e+00   9.0600114e-02  -1.8981175e-01   2.9400119e-03  -4.2045073e-01  -6.2719827e-01  -8.5702872e-01  -1.0641454e+00
   2.6495384e+00   1.2104875e+00   2.7613591e-01   5.9210802e-01   5.4288060e-01   4.4868016e-01   2.4729400e-01   9.8775768e-01   8.4768162e-01   8.4434437e-02  -1.8303876e-02  -1.7505305e-01  -6.6076572e-01  -6.7756580e-01  -8.6187602e-01  -1.0571881e+00
   2.8105207e+00   1.1020769e+00   8.9626749e-01   6.1246787e-01  -1.2907188e-01   2.1521228e-01   3.7401255e-01   1.1974629e+00   8.8197691e-01   1.8390396e-01   9.3331721e-02  -3.5764636e-01  -8.0150911e-01  -9.9237105e-01  -9.4210214e-01  -1.0174561e+00
   2.4992669e+00   9.1126097e-01   4.4108112e-01   7.3378754e-01   2.8466957e-01   1.6461845e-01   2.3910909e-01   8.8700803e-01   3.5210207e-01   2.9743004e-01  -2.8337482e-01  -2.0758890e-01  -8.8067412e-01  -1.1837678e+00  -1.0221195e+00  -1.0807303e+00
   2.7408724e+00   7.5066306e-01   2.6362268e-01   3.6664140e-01   3.8586653e-01   5.6558954e-01   2.1021130e-01   5.9994264e-01   5.5230666e-01  -6.5349241e-02   9.2779057e-03  -2.1157466e-01  -7.9804228e-01  -1.1944214e+00  -1.2309381e+00  -1.1515905e+00
   2.6198287e+00   1.2536239e+00   3.5987324e-01   1.3353697e-01  -4.0557186e-02   3.0350368e-01  -1.0551456e-01   1.0252418e+00   9.0796775e-01   5.0445459e-07   5.6727921e-02  -1.4979090e-01  -1.2085162e+00  -1.2155816e+00  -1.1386522e+00  -1.0601523e+00
   2.4035754e+00   1.2395511e+00   3.4681470e-01   5.5548102e-01   1.2964791e-01  -8.2491752e-02   2.6542490e-01   4.9402125e-01   5.7288850e-01   4.5537941e-01  -1.6558056e-02  -2.0525213e-01  -7.3873123e-01  -1.0320898e+00  -1.0812366e+00  -8.7055157e-01
   2.6898850e+00   1.0439260e+00   3.1429068e-01   2.7029767e-01  -3.2287380e-01  -2.0432990e-01   3.1203533e-01   6.8391351e-01   7.3296039e-01   7.7413674e-02  -3.7499195e-01  -4.6684717e-01  -8.4778280e-01  -1.1388450e+00  -1.1820141e+00  -1.4836899e+00
   2.0678617e+00   9.7166090e-01   4.1148157e-01   5.5859233e-01   3.3892392e-01   6.6280963e-01   3.3654744e-01   7.5940645e-01   6.6803003e-01   1.6321322e-01  -2.3171046e-01  -3.1129858e-01  -9.1254462e-01  -1.1475221e+00  -1.2026668e+00  -1.3199594e+00
   2.3644678e+00   1.2999702e+00   7.3138921e-01  -1.6389862e-01   2.1046169e-01   3.5539375e-01  -1.0754075e-01   1.2109738e+00   9.0628492e-01   4.3970898e-02  -2.1686682e-01  -6.0559899e-01  -1.1560925e+00  -1.4474480e+00  -1.2086780e+00  -1.2931187e+00
   2.3172217e+00   1.5439852e+00   3.5787140e-01   6.4430402e-01  -2.8341899e-01  -2.1367610e-03   8.1338317e-02   1.0266542e+00   7.8813387e-01   4.4693651e-02  -2.2494785e-01  -4.3986566e-01  -1.3550107e+00  -1.2431003e+00  -1.2351561e+00  -1.3170130e+00
   2.7163492e+00   1.0490589e+00   4.7604563e-01   9.3415840e-01   6.0504013e-01   1.2504891e-01   3.0103350e-01   8.0327839e-01   8.9231560e-01  -1.2573419e-01  -3.1951345e-01  -1.6465045e-01  -9.0866237e-01  -1.0963819e+00  -1.2898583e+00  -1.4718269e+00
   2.8783986e+00   6.7245889e-01   1.6343416e-01   2.7225186e-01   3.2860804e-01   5.9678778e-01   3.0353573e-01   7.1301893e-01   7.6513798e-01   2.2599894e-02  -7.3295797e-02  -1.9177615e-01  -7.1220783e-01  -8.8899230e-01  -1.0729212e+00  -1.1895004e+00
   2.2543530e+00   1.0938373e+00   2.5035317e-01   4.1278644e-01   4.6620071e-01   6.7818621e-01   4.4395548e-01   7.2697806e-01   6.7237008e-01   1.2542456e-02   6.4619615e-02  -1.1831772e-03  -4.5759002e-01  -5.5760489e-01  -5.8082591e-01  -5.5565076e-01
   3.1422344e+00   1.3083698e+00   5.1554726e-01   5.8672381e-01  -1.3376630e-01   5.1250415e-01   7.3513092e-01   1.1809754e+00   8.3309759e-01   5.4228607e-01   1.0272005e-01  -5.2367224e-01  -8.8511366e-01  -1.2002581e+00  -1.2480504e+00  -1.2241582e+00
   2.7342827e+00   1.4318345e+00   5.4645224e-01   6.3294119e-01   1.1632436e-01   3.4200087e-01   1.9473352e-02   9.4785071e-01   8.7925910e-01   2.9733761e-01   8.7727668e-02  -3.6663848e-01  -6.5005598e-01  -8.0230462e-01  -8.2417056e-01  -8.2387071e-01
   2.9678708e+00   7.0408316e-01  -1.6283580e-01  -1.0101722e-01   1.4886453e-01   2.3143202e-01  -2.1821140e-02   7.7306695e-01   6.2205989e-01   3.5760752e-01  -8.8700252e-02  -2.3073681e-01  -6.5761301e-01  -8.6414749e-01  -8.8978039e-01  -7.5043333e-01
   2.2976208e+00   1.6297149e+00   5.9631801e-01   5.4903161e-01   3.9761972e-01   3.0244288e-01   5.2449986e-02   4.3340679e-01   5.8121931e-01   2.8056167e-01   8.2714919e-02  -1.2342189e-01  -6.8576753e-01  -1.1660424e+00  -1.0407871e+00  -9.7074341e-01
   2.1003934e+00   1.2208315e+00   7.8855288e-01   7.3437327e-01   9.6544017e-01   9.5435392e-01   7.1609754e-01   1.2727974e+00   9.7040708e-01   1.9459347e-01  -1.7196311e-01   2.2112537e-01  -4.9644693e-01  -9.2070505e-01  -9.8054299e-01  -1.0244191e+00
   2.6535135e+00   1.1004222e+00   5.8234736e-01   9.2305043e-01  -1.7030507e-01   2.1187499e-01   2.9583899e-01   1.0053811e+00   5.0127691e-01   1.0369118e-01   4.0803803e-02  -4.0991614e-01  -9.0683673e-01  -1.0616948e+00  -1.1140989e+00  -1.2535278e+00
   2.8463416e+00   1.4445360e+00   3.7179188e-01   7.6313419e-01  -9.0482643e-02  -8.6718414e-02   3.1424510e-01   1.0848829e+00   6.9596349e-01   1.5886597e-01  -1.3552305e-01  -6.4450630e-01  -8.1926660e-01  -1.3736627e+00  -1.3472574e+00  -1.6745865e+00
   2.7983732e+00   1.6949211e+00   7.2220289e-01   7.9758041e-02  -3.3002849e-01   2.6362689e-01   6.2982889e-01   8.6504897e-01   7.4658325e-01  -2.1959356e-02  -2.7713041e-01  -1.8139457e-01  -4.3728865e-01  -1.1581827e+00  -1.3536864e+00  -1.4120043e+00
   1.8075542e+00   1.1918967e+00   8.6227957e-01   2.9740416e-01  -2.3878565e-01   3.5250265e-01   5.1254229e-01   9.5025084e-01   4.7162060e-01   1.7647276e-01  -1.7766575e-01  -2.0990117e-01  -7.2100834e-01  -1.2848334e+00  -1.3652363e+00  -1.4615841e+00
   2.1911773e+00   1.2100353e+00   6.6004479e-01   3.5688876e-01  -8.2086207e-02   6.9455511e-02   2.5642377e-01   8.4005326e-01   6.4537776e-01   7.5770791e-02  -2.0005534e-01  -3.7808000e-01  -8.2228214e-01  -1.2954675e+00  -9.3667916e-01  -1.4057556e+00
   2.1953049e+00   8.1454290e-01   2.0565775e-01   5.3180594e-01   2.9782945e-01  -1.3432589e-01   4.7637566e-01   8.3148030e-01   5.3212020e-01  -6.0500562e-02   1.5882421e-01  -6.8425251e-01  -1.2933467e+00  -1.1738446e+00  -1.2591395e+00  -1.4422403e+00
   2.4537169e+00   1.0285445e+00  -4.9074764e-02  -1.0539467e-02  -6.2661041e-02  -1.3600868e-01   3.7162961e-01   1.0033475e+00   4.5370257e-01   2.0342644e-01  -5.1810400e-02  -2.6766932e-01  -9.3704801e-01  -1.3475858e+00  -1.4470616e+00  -1.4776490e+00
   1.8918112e+00   1.2172814e+00   3.0614457e-02   5.6611827e-02   2.1258951e-01   1.7597045e-01   5.4515053e-01   1.0840110e+00   9.3358330e-02  -2.4457758e-01  -5.3513800e-01  -4.5838667e-01  -9.1870922e-01  -1.2072718e+00  -1.2348857e+00  -1.3198201e+00
   2.7755133e+00   1.7170075e+00   3.7182901e-01   3.4462926e-01   1.5177891e-01   3.0575510e-01   4.8469357e-01   5.1618569e-01   1.2687179e-01  -3.7014734e-01   1.2193547e-01  -1.2264568e-01  -5.2759445e-01  -8.6013623e-01  -1.2107909e+00  -1.1755322e+00
   2.3548249e+00   1.4757897e+00   7.7699446e-01  -2.7480631e-01  -4.3565327e-03   4.8363025e-01   3.7383303e-01   1.0063766e+00   3.1030656e-01  -1.2696267e-01   4.3808583e-03  -3.2542195e-01  -5.4130602e-01  -7.2248363e-01  -1.1178083e+00  -1.1417936e+00
   2.1029051e+00   7.8396926e-01   4.6779027e-01   2.1936614e-01  -3.1163265e-01   3.2975106e-02   1.7226980e-01   9.7014250e-01   6.2276745e-01   2.3388265e-01  -2.5992001e-01  -4.6592004e-01  -4.1488655e-01  -8.1873168e-02  -4.1717535e-01   1.0054480e-01
   1.9150160e+00   4.9662951e-01   3.0530277e-01   3.4730647e-01  -8.5972005e-02   1.4882023e-01   2.2638990e-01   3.9847637e-01   2.1900366e-01   2.1983710e-02  -1.0046580e-01  -3.2384190e-01  -2.4824064e-01   3.2745772e-01   2.7892248e-01   9.2204267e-01
   3.2081890e+00   1.4312585e+00  -4.3645398e-02  -4.9037198e-01  -6.8456769e-02   5.5583499e-01   6.0521368e-01   9.3761365e-01   5.9143654e-01   1.2572740e-02  -3.1431834e-01  -3.6481198e-01  -1.4707796e-01   5.8717953e-01   6.3394723e-01   1.3491054e+00
   2.8466557e+00   1.5972165e+00   5.7394444e-01   6.2266840e-01   5.7070982e-01   8.2320138e-01  -9.6212873e-02   3.2344794e-01   4.3279097e-01   1.8753391e-01  -1.9224243e-02  -4.8949490e-02  -2.1429441e-01   1.6151290e-01   4.7914201e-01   8.5459442e-01
   2.3321886e+00   1.1390796e+00   5.4903909e-01   4.8932098e-01   1.9841593e-01   1.0973996e-01   3.7434094e-01   6.8373693e-01   4.7121051e-01   3.0164036e-01   2.9876896e-01  -5.9606594e-02   1.4757163e-01  -9.4992356e-02   4.9654340e-02   6.8225033e-01
   2.5018284e+00   1.9089232e+00   4.4292052e-01   8.6175354e-01   5.1413515e-01   4.3620198e-01   6.3231414e-01   9.1280394e-01   4.3530141e-01  -3.7480525e-01  -6.3527051e-02  -1.9084707e-01   2.5079631e-01  -1.8881372e-01  -4.0007312e-01  -9.6752008e-03
   2.2738006e+00   1.5296326e+00   7.4174506e-01   7.1034965e-01   6.8938469e-02  -1.3154945e-01   3.2604620e-01   6.7268995e-01   3.5262540e-01   8.4601789e-03  -5.5002517e-02   1.8643971e-03  -2.0299961e-01  -6.9600990e-01  -9.0715562e-01  -3.6015157e-01
   2.0980381e+00   1.8437612e+00   4.1064895e-01   7.5247734e-01   5.1644254e-02   4.0343603e-01   5.5504536e-01   9.4261054e-01   3.1210254e-01   1.0219178e-01  -3.8639836e-01  -3.4288902e-01  -4.6507482e-01  -6.6788632e-01  -8.4461623e-01  -9.9431289e-01
   2.4505490e+00   1.9511907e+00   1.1629987e+00   4.2945327e-01  -2.5497478e-02   3.7102964e-01   2.0223636e-01   7.4263483e-01   1.8232419e-01   8.0582246e-02  -1.8189433e-01  -1.9517129e-01  -5.6913983e-01  -1.0211461e+00  -1.0643355e+00  -1.3173408e+00
   2.0049744e+00   1.5890987e+00   1.2222006e+00   1.3443142e+00   7.3556375e-01  -3.0505642e-02   3.6732594e-01   7.0286714e-01   5.9615776e-01  -1.5807022e-02  -1.9025412e-01  -2.8633126e-01  -3.9505865e-01  -7.0694276e-01  -8.4201435e-01  -1.1254806e+00
   2.5183012e+00   1.6947339e+00   8.1174012e-01   1.5041411e+00   6.8139095e-01   4.1826200e-02   2.5805417e-01   1.0823342e+00   4.3742378e-01  -2.0357767e-01  -1.8198067e-01  -1.0130108e-01   7.2474497e-02  -3.6153893e-01  -5.4575557e-01  -1.0188709e+00
   3.0843830e+00   1.9855219e+00   8.8832953e-01   1.8212579e+00   7.7759039e-01  -2.7235746e-01   3.9274939e-01   6.9952117e-01   3.9538148e-01  -2.1569160e-03   4.4345669e-02  -2.8922070e-04   1.5656617e-01  -3.0226251e-01  -4.2155517e-01  -1.1452520e+00
   2.3612997e+00   1.5500900e+00   8.8673595e-01   1.8592151e+00   6.1389799e-01   2.5163612e-01   3.8039669e-01   5.5318663e-01   3.9984468e-01   6.2515066e-02   3.1996378e-01  -8.8722402e-03   3.9121666e-01   1.7044622e-01  -1.9963028e-01  -8.4962477e-01
   2.5595088e+00   1.3160856e+00   9.5568328e-01   2.0253414e+00   7.4224179e-01   1.9995051e-02  -3.1689805e-01   8.3557561e-01   4.0981984e-01   1.7451557e-01   1.1213348e-02   5.2216204e-02   6.5312712e-01   4.3147226e-01   1.0253673e-01  -6.6785684e-01
   2.2749527e+00   1.9836790e+00   1.0208487e+00   2.1053658e+00   9.1786184e-01   6.7819402e-01   3.5741064e-01   9.8293918e-01   7.4689522e-01   3.9053600e-02   1.5164719e-01   1.9833491e-01   4.9251076e-01   2.7586209e-01   5.5431613e-02  -7.6466807e-01
   2.5965874e+00   1.8671517e+00   1.0147595e+00   1.9405378e+00   7.6666288e-01   1.8229116e-01   7.0291997e-01   5.1151327e-01   4.6342172e-01   1.2502788e-01   8.5506199e-02   4.5215896e-01   6.6860282e-01   4.7980616e-01   3.0536537e-01  -6.5053636e-01
   2.5862340e+00   1.2723425e+00   7.5244164e-01   1.8139256e+00   6.3675415e-01   5.7177282e-02   5.1471552e-01   6.1202513e-01   5.1711406e-01  -5.5543968e-02  -6.4166965e-02   4.1331649e-01   6.7675495e-01   3.5676287e-01   3.4399965e-01  -6.1223984e-01
   2.2894773e+00   1.9721171e+00   8.6818898e-01   1.7041974e+00   5.1005368e-01  -2.7079670e-01   2.7627565e-01   8.4872956e-01   3.6504511e-01   1.5888665e-01   2.7437784e-02   1.7025156e-01   8.0943064e-01   5.1947247e-01   4.0749243e-01  -4.0359361e-01
   2.7271470e+00   1.7146380e+00   9.2660506e-01   2.0953886e+00   7.7852177e-01  -6.8025310e-02   6.4731445e-01   8.6707870e-01   4.8983692e-01  -3.8876266e-01  -4.0157350e-01   2.0092254e-01   7.5214931e-01   5.5078002e-01   3.6294212e-01  -5.4182330e-01
   2.2946901e+00   1.6510772e+00   7.5272106e-01   1.8611194e+00   8.9630007e-01   4.3595524e-01   3.6231418e-01   9.4213218e-01   7.7802730e-01  -4.6117230e-02  -2.2207204e-01   3.6540014e-01   9.0343912e-01   5.7142801e-01   4.6190365e-01  -3.6538781e-01
   2.7050983e+00   1.9655123e+00   1.0005235e+00   1.8729373e+00   9.4199558e-01   5.2533527e-01   7.0994525e-01   9.6769308e-01   6.4033726e-01  -7.8250958e-02  -6.0784662e-02   3.8058711e-01   7.8343783e-01   5.5831747e-01   4.1870399e-01  -3.7939681e-01
   2.7539534e+00   1.4476227e+00   4.5137484e-01   1.7242894e+00   7.3992324e-01   3.2066435e-01   5.4436321e-01   1.2295072e+00   9.8410398e-01   2.9016706e-01  -9.2871989e-02   4.1977023e-01   8.2467264e-01   5.6345611e-01   4.2217795e-01  -3.2854254e-01
   2.8835997e+00   1.8326359e+00   1.0355063e+00   2.0235097e+00   6.9365226e-01   5.9863917e-01   4.6330944e-01   4.8143202e-01   6.2357786e-01  -5.3020495e-02   2.0462661e-01   4.4626764e-01   8.3056349e-01   5.8445879e-01   5.2692182e-01  -1.4953621e-01
   2.3931740e+00   1.6812912e+00   1.1029559e+00   1.9195661e+00   6.4381445e-01   5.0690191e-01   1.3308785e-01   1.0816315e+00   5.5019420e-01   2.3891813e-03  -1.1459714e-01   4.6085881e-01   7.7870499e-01   5.3898325e-01   5.4925433e-01  -3.4335798e-01
   2.4027071e+00   1.1480455e+00   6.4699933e-01   1.6584963e+00   5.3476067e-01   2.4644785e-01   2.5796861e-01   7.3511429e-01   3.9104478e-01  -1.3266449e-01   2.6826096e-02   5.7822955e-01   8.4033164e-01   4.3905287e-01   4.6973767e-01  -3.6875008e-01
   2.2869571e+00   1.4781288e+00   7.2015271e-01   1.7273534e+00   6.0666011e-01   3.0005066e-01   2.6961400e-01   7.9096724e-01   3.9921696e-01  -1.9561006e-01  -4.0086635e-01   5.1769462e-01   7.8553835e-01   5.1923715e-01   4.9867690e-01  -2.6195880e-01
   2.4887762e+00   1.5634436e+00   8.0767138e-01   1.7462268e+00   5.7775923e-01   3.4053488e-01   6.4340554e-01   8.0399127e-01   5.2583921e-01  -4.0521331e-01  -4.9512370e-01   5.8614076e-01   7.0419105e-01   4.9144851e-01   3.8541626e-01  -2.9007104e-01
   2.6389089e+00   1.5188017e+00   8.4653666e-01   2.0249056e+00   8.9149925e-01   9.0529163e-02   7.5385652e-01   9.7804252e-01   2.5281191e-01  -1.1051520e-01  -1.6314649e-01   6.3560784e-01   6.8103451e-01   3.3789158e-01  -1.5470075e-01  -4.3158210e-01
   2.3140239e+00   1.5023968e+00   1.0396531e+00   1.8030448e+00   9.0031894e-01   3.9309583e-01   5.1939049e-01   8.2794849e-01   4.2190365e-01   1.3263825e-01  -1.1710488e-01   4.2645528e-01   7.1303818e-01   3.4782857e-01   9.6739695e-02  -3.5119431e-01
   2.5036149e+00   1.5565359e+00   9.2028536e-01   1.8640625e+00   9.6466309e-01   6.0590368e-01   2.5380331e-01   6.8310311e-01   6.1142916e-01   9.3217675e-02   3.1926206e-03   6.9773053e-01   6.2875384e-01   2.9193391e-01   1.4102824e-01  -5.2073797e-01
   2.5277864e+00   1.1953207e+00   1.0275182e+00   1.8602882e+00   9.3624549e-01   3.4748187e-01   1.3945952e-01   8.6800890e-01   5.0451549e-01   1.0353470e-01  -1.2374044e-01   4.0034645e-01   5.9746023e-01   3.5071346e-01   8.3144353e-02  -5.2394345e-01
   2.1568431e+00   1.8093430e+00   6.8715333e-01   1.7298769e+00   5.2091781e-01   2.9174832e-01   1.8076581e-01   8.7675232e-01   3.0942057e-01  -1.9911528e-01  -9.2264166e-02   5.2755655e-01   6.0775220e-01   2.8519224e-01   8.2918778e-02  -5.6696345e-01
   2.6185269e+00   1.7893767e+00   1.1976281e+00   1.6712580e+00   2.1903384e-01  -2.4563142e-01  -1.3671656e-01   6.6858351e-01   6.9315520e-01   7.9924846e-03  -3.5684366e-02   4.5093787e-01   6.2861205e-01   3.0588528e-01   2.2476690e-01  -4.7829813e-01
   2.3873424e+00   1.9805481e+00   6.1670884e-01   1.9471505e+00   7.1008321e-01   1.9354349e-01   3.0183275e-01   6.2135036e-01   8.2565219e-01  -8.9256338e-03  -2.5567845e-01   3.2648704e-01   4.3195885e-01  -5.1878954e-02   5.8273739e-02  -8.1478146e-01
   1.6875534e+00   1.4138311e+00   1.1023582e+00   1.9316901e+00   8.9399984e-01   6.7236722e-01   5.3391939e-01   5.6402365e-01   5.5772088e-01  -1.4837157e-01  -1.0791919e-01   4.8947717e-01   2.7087112e-01   5.7903070e-02  -1.7706242e-01  -7.0958967e-01
   2.1817472e+00   1.5197352e+00   1.2055134e+00   1.9669847e+00   8.7811776e-01   8.9026081e-02   4.8219256e-01   8.6850373e-01   4.3515714e-01  -3.1101514e-02   4.0393109e-02   2.5770357e-01  -3.7948926e-02  -2.3095222e-01  -4.4175457e-01  -9.1870409e-01
   2.6070048e+00   1.7814351e+00   8.9442071e-01   1.7691072e+00   8.2291804e-01   7.8564248e-03   1.5505078e-01   7.5403060e-01   5.8431508e-01  -1.1175783e-01   1.0246755e-01   3.0530777e-01   2.1856721e-01  -3.2155435e-01  -2.7938608e-01  -7.2926004e-01
   2.5535928e+00   1.8190103e+00   1.0319051e+00   1.8302286e+00   7.9723758e-01   2.4248770e-01   6.1105910e-01   9.4067044e-01   1.3062665e-01   1.4189999e-01  -2.1338178e-01   1.8935550e-01   7.3227532e-02  -7.0731230e-01  -1.4583007e-01  -1.1682979e+00
   2.3560197e+00   1.3246956e+00   8.1810996e-01   1.6994415e+00   9.2604526e-01   3.5574566e-01   7.2278460e-01   7.1674721e-01   3.9990058e-01   1.6790671e-01   1.5611423e-01   1.1130702e-01  -1.5791712e-01  -6.1821073e-01  -2.0369999e-01  -8.0372231e-01
   2.5550436e+00   1.1720496e+00   8.9751943e-01   1.4933277e+00   7.3052347e-01   2.2296036e-01   3.1630082e-01   1.0051626e+00   3.5582323e-01  -5.2023769e-01  -5.2339292e-01  -4.0558276e-01  -4.2336417e-01  -7.9991684e-01  -8.9205194e-01  -1.1933306e+00
   2.8564342e+00   1.3096383e+00   5.3428799e-01   1.4215060e+00   6.9550473e-01   6.6197304e-01   4.1445793e-01   1.2086199e+00   7.8366558e-01  -9.9646155e-02  -2.6548277e-01  -3.3633483e-01  -2.5809588e-01  -6.9795120e-01  -8.5200726e-01  -1.1194387e+00
   2.8866271e+00   1.4559781e+00   6.6158650e-01   1.0841155e+00   4.3481713e-01   2.2058463e-01   2.4483010e-01   1.0356640e+00   7.4032087e-01  -2.6776920e-01  -1.8919906e-01  -4.0923388e-01  -4.4465732e-01  -1.2679281e+00  -1.0426978e+00  -1.5396051e+00
   2.1135129e+00   1.0408062e+00   2.6664830e-01   9.5912990e-01   5.5511158e-01   2.4033325e-01   8.4675579e-02   7.8845206e-01   7.5764068e-01  -2.2877132e-03  -1.5611900e-01  -4.2599105e-01  -5.5430918e-01  -8.7604814e-01  -9.0902415e-01  -9.7949192e-01
   2.3399490e+00   1.7491612e+00   3.9175621e-01   2.3025336e-01  -1.1066184e-01  -2.2622376e-01   5.0819579e-01   8.4944565e-01   7.4357465e-01   6.6346956e-02  -7.0913259e-01  -7.0733258e-01  -7.8911567e-01  -1.0061055e+00  -1.1872656e+00  -1.4584381e+00
   2.2172284e+00   1.1918845e+00   5.7722671e-01   6.0079308e-01  -1.5355793e-02  -8.3517215e-02   6.5306969e-01   1.0507639e+00   7.0690981e-01  -1.3422976e-02  -4.3446041e-01  -6.7680944e-01  -7.9334263e-01  -7.6711186e-01  -1.0018573e+00  -1.1350441e+00
   2.2508511e+00   1.7447955e+00   6.1425818e-01   3.6644300e-01   4.3018454e-01  -1.2700030e-02   4.1102893e-01   8.6018492e-01   6.5163957e-01  -1.0384482e-03  -6.5996379e-01  -6.5927627e-01  -7.7977856e-01  -1.2559982e+00  -1.1203509e+00  -1.3184054e+00
   2.6134880e+00   1.2766851e+00  -5.2493005e-02   9.4943893e-02  -2.2593833e-02  -1.3951195e-01   3.0122254e-01   9.1354045e-01   6.5861308e-01  -1.4868479e-01  -3.1511936e-01  -7.1367200e-01  -7.9444953e-01  -1.2371051e+00  -1.0459736e+00  -1.1720318e+00
   2.7620872e+00   1.4160140e+00   4.8664099e-01   3.9694788e-01  -1.4935946e-01  -2.2449690e-01   4.6873994e-01   1.0413813e+00   2.8697604e-01  -3.8300788e-01  -6.4073093e-01  -6.5300234e-01  -7.4553437e-01  -1.2896082e+00  -1.2436704e+00  -1.4369970e+00
   2.8233917e+00   1.3299314e+00   2.4139188e-01   1.8919250e-01  -6.1524596e-02  -1.4850690e-01   1.2109298e-01   1.0548074e+00   6.8460571e-01  -2.8840268e-01  -5.4177744e-01  -1.1183968e+00  -1.2871663e+00  -1.2112597e+00  -1.3095857e+00  -1.4708605e+00
   2.3276340e+00   1.6929175e+00   5.2784285e-01   2.0845495e-01   1.2541171e-01   4.7179150e-01   2.6221820e-01   1.1267152e+00   5.6735623e-01  -5.7869628e-01  -5.7269507e-01  -8.9459995e-01  -1.2759462e+00  -1.2616438e+00  -1.3579053e+00  -1.5692236e+00
   1.7441918e+00   7.7650913e-01   1.6550949e-01  -5.0099631e-01   3.3416403e-01   8.0986897e-02   2.2481274e-01   1.0825025e+00   5.0524495e-01  -3.7280388e-01  -5.1036669e-01  -7.4935622e-01  -1.2161596e+00  -1.2211129e+00  -1.4308471e+00  -1.6144772e+00
   2.8009729e+00   1.1630589e+00   1.0231404e-01   2.1794756e-02   3.4277983e-01   4.6658380e-01   6.8241884e-01   1.2182571e+00   6.0197831e-01   1.1842287e-01  -2.3154118e-01  -6.0800988e-01  -1.2458584e+00  -1.3546547e+00  -1.4016030e+00  -1.6059232e+00
   2.1836549e+00   1.0557368e+00   2.8851914e-01   7.1498852e-01   4.1213065e-01   4.2010503e-01   9.3271455e-01   1.3119723e+00   9.2542490e-01   1.8799387e-01  -4.9382451e-01  -5.0637842e-01  -4.2831390e-01  -1.1244880e+00  -1.2852136e+00  -1.4649395e+00
   2.3577046e+00   1.0034631e+00   1.4242791e-01   3.7171442e-02   3.5592063e-01   5.6681566e-01   1.9606846e-01   9.3443482e-01   7.8868816e-01  -3.3663074e-01  -4.8696541e-01  -4.7153734e-01  -9.0436700e-01  -1.2956706e+00  -1.3582231e+00  -1.4954012e+00
   2.2316575e+00   1.1242678e+00   5.1375285e-01   5.8301090e-01   3.3095905e-02   1.1582101e-01   5.4448296e-01   8.9805429e-01   2.0546224e-01  -4.0467332e-01  -1.7676281e-01  -6.3065312e-01  -1.0245753e+00  -1.1483064e+00  -1.5805323e+00  -1.6425151e+00
   1.8095945e+00   1.0102904e+00   3.6683844e-01   2.6099186e-01   5.9052639e-02   2.0669983e-01   5.1921939e-01   7.7224414e-01  -4.5116084e-03  -1.1631617e-01  -2.2640690e-01  -4.6721439e-01  -7.8888470e-01  -1.1782500e+00  -1.3623955e+00  -1.3880133e+00
   2.4503018e+00   1.8646829e+00   5.5820596e-01   4.1870414e-01   5.9849444e-02  -4.8683724e-02  -1.1482166e-02   5.9411918e-01   7.4911199e-01  -4.3991429e-02  -3.2652070e-01  -7.2714242e-01  -1.2446879e+00  -1.1402697e+00  -1.5883531e+00  -1.5897490e+00
   2.5195830e+00   1.5449006e+00   2.8914058e-01   2.9012216e-01   1.1344724e-01  -3.2069443e-01   7.2883989e-04   5.3955109e-01   2.4414266e-01  -4.2642142e-01  -5.9194336e-01  -8.3732538e-01  -9.7414854e-01  -1.3601507e+00  -1.2999365e+00  -1.2666295e+00
   2.1238737e+00   1.2060327e+00   5.6306557e-02   2.0938191e-01   2.2645441e-01   2.1747396e-02   2.4465976e-01   8.6767355e-01   2.3278112e-01  -6.0306254e-01  -3.1301859e-01  -6.4747580e-01  -1.1288758e+00  -1.1485219e+00  -1.3872646e+00  -1.4982928e+00
   2.6144965e+00   1.4999820e+00   2.3988183e-01   1.7916774e-01   2.2075650e-02  -1.1271886e-01   3.0249300e-01   8.5432692e-01   3.7819312e-01  -1.0521784e-01  -1.8491914e-01  -6.5941275e-01  -1.0447078e+00  -1.3729436e+00  -1.3729868e+00  -1.4148749e+00
   1.9688405e+00   4.6529976e-01  -7.8591726e-02   5.7281774e-01   4.5205425e-01   2.0655103e-01   2.3609373e-01   1.0079360e+00   5.6048440e-01  -2.8777388e-01  -6.1165745e-01  -5.9231278e-01  -1.0164475e+00  -1.2916698e+00  -1.5478872e+00  -1.5607326e+00
   1.8830564e+00   1.2046485e+00   6.8885928e-02   3.6788217e-01   3.8704300e-02   9.4292463e-02   7.1541664e-02   8.7522638e-01   4.4320449e-01  -2.1089574e-01  -3.8163731e-01  -7.5725931e-01  -9.5237900e-01  -1.2471369e+00  -1.3623742e+00  -1.4483173e+00
   1.9637765e+00   1.6619860e+00   6.1361725e-01   1.7602909e-01  -1.4547224e-02   7.1730986e-02   1.2081601e-01   9.2746522e-01   4.9124623e-01  -1.2717461e-01  -6.2284529e-01  -1.0006949e+00  -8.7953741e-01  -1.1574412e+00  -1.3457874e+00  -1.5394852e+00
   2.2916157e+00   9.8113141e-01   3.9611367e-01   3.8553399e-01   1.0047598e-01   6.0647486e-02   1.3870473e-01   9.4204066e-01   6.6501932e-01   9.7311412e-02  -6.1918195e-01  -9.7190145e-01  -1.2778036e+00  -1.4023357e+00  -1.3403005e+00  -1.5536068e+00
   2.3049138e+00   1.0075396e+00   9.1106049e-02   2.9352229e-01  -1.6921874e-01  -5.0937052e-01   6.2503517e-01   8.6652360e-01   7.0482873e-01   2.8070741e-02  -2.6485131e-01  -3.0150729e-01  -7.7439045e-01  -1.3788902e+00  -1.0111966e+00  -1.2488403e+00
   2.6975187e+00   1.0773573e+00   1.7603000e-01   3.2277979e-01   3.1015417e-01  -1.7765962e-01   4.6426798e-01   1.0802868e+00   4.3309831e-01  -1.0953412e-01  -3.5825722e-01  -2.8900514e-01  -4.8780423e-01  -1.1544297e+00  -1.0032227e+00  -1.0200488e+00
   2.4482975e+00   1.7007443e+00   7.7299763e-01   2.6868536e-01   1.0545890e-01  -2.3456120e-03   4.2534843e-01   6.9923444e-01   4.8167880e-01  -2.2298515e-01  -3.2388148e-01  -5.2729880e-01  -6.1533148e-01  -8.4276182e-01  -8.7088292e-01  -8.3961752e-01
   2.5084734e+00   1.2619784e+00   1.4644828e-01  -1.4350509e-01   1.2198222e-01   4.6204992e-01   4.2535748e-01   6.1736931e-01   1.4032521e-01  -2.2202101e-01  -3.8963928e-01  -5.2501075e-01  -5.9386787e-01  -1.2064574e+00  -1.5510451e+00  -1.5556927e+00
   2.1295124e+00   1.2896508e+00   5.4314363e-01   4.2621450e-01   1.3115136e-01   3.3564487e-03   2.4335030e-01   8.1804346e-01   1.8692296e-01  -2.1346910e-01  -4.0838106e-01  -6.5985424e-01  -7.8858776e-01  -8.4072517e-01  -7.8277319e-01  -1.0466293e+00
   2.6409732e+00   1.9355198e+00   6.6169533e-01   5.6782187e-01   3.1435163e-01   5.3959151e-02   6.0392217e-01   1.0542736e+00   4.1702119e-01   1.1149387e-01  -2.7206441e-01  -4.2314411e-01  -7.0326974e-01  -8.2242504e-01  -7.2843584e-01  -1.1510319e+00
