   2.8576190e+00   1.7703911e+00   1.2201999e+00   1.3846468e+00   7.3543095e-01   1.2892995e-01   3.3419608e-01  -4.1883138e-01  -6.9328714e-01  -8.6934493e-01  -8.5345506e-01  -1.1126493e+00  -7.5253696e-01  -8.5179984e-01  -1.0263262e+00  -1.3278318e+00
   3.0015252e+00   1.5689249e+00   1.4069793e+00   1.2165455e+00   3.8498056e-01   1.7347151e-01  -9.3821038e-02  -3.0084905e-01  -4.7461934e-01  -8.1629356e-01  -6.2916401e-01  -1.1326798e+00  -1.0663543e+00  -1.0317776e+00  -1.1945431e+00  -1.3209167e+00
   2.7873669e+00   1.8885545e+00   1.2374250e+00   9.3456353e-01   2.3593559e-01   3.9086163e-01   2.0141907e-01  -3.3634657e-01  -4.8662551e-01  -8.0707221e-01  -7.8996920e-01  -8.2456263e-01  -8.8915116e-01  -1.0538749e+00  -9.6845258e-01  -1.0367347e+00
   2.6178724e+00   2.0928291e+00   1.2459994e+00   6.6000417e-01   2.3326781e-01   3.3635936e-01  -5.4541019e-02  -2.2381519e-01  -6.7643254e-01  -9.5744250e-01  -9.6023415e-01  -8.3672987e-01  -8.7018546e-01  -1.2425842e+00  -1.1594407e+00  -1.2776818e+00
   2.9128466e+00   1.7549360e+00   9.5775222e-01   4.0526667e-01   6.8845404e-01   8.6572598e-01   5.3557922e-01   3.8093938e-02  -5.3686498e-01  -7.0099326e-01  -9.1293834e-01  -9.2326075e-01  -1.0231556e+00  -1.4022228e+00  -1.3631201e+00  -1.5662792e+00
   2.7267525e+00   1.5232237e+00   1.2726025e+00   7.8809118e-01  -6.7126522e-02   9.7914165e-02  -1.6687915e-01  -4.0986149e-01  -4.7431896e-01  -9.1600538e-01  -7.4854061e-01  -7.7639123e-01  -1.0999303e+00  -1.1559025e+00  -1.0651084e+00  -1.3819358e+00
   2.5629057e+00   2.0792972e+00   1.1421846e+00   1.1110025e+00   6.7368092e-01   4.7362696e-01   2.0475983e-01  -3.0396320e-01  -5.8496196e-01  -6.9009641e-01  -1.1367775e+00  -5.9911058e-01  -1.1845594e+00  -1.3189467e+00  -9.1879525e-01  -1.2478635e+00
   2.6456229e+00   2.1313910e+00   1.1190751e+00   1.0034501e+00   7.6240370e-01   9.5637225e-01   4.6344036e-01   7.9876234e-02  -3.3185959e-01  -6.1154847e-01  -8.2673221e-01  -8.1364840e-01  -8.4132732e-01  -9.6163809e-01  -9.4180574e-01  -1.0262686e+00
   3.0808458e+00   2.1047459e+00   1.1824827e+00   7.3628000e-01   3.6014669e-01   2.9879336e-01  -2.1665114e-01  -2.7289839e-01  -2.2686883e-01  -6.4034440e-01  -1.0620340e+00  -9.9799779e-01  -1.0284073e+00  -1.2888650e+00  -1.3513501e+00  -1.3798709e+00
   2.7169989e+00   1.9533708e+00   1.3390831e+00   4.8463457e-01   7.3130772e-01   1.9643552e-01  -1.7842830e-01  -2.4084419e-01  -1.1070634e-01  -6.6032885e-01  -7.2219723e-01  -8.5990201e-01  -8.8745934e-01  -1.0716056e+00  -7.7607972e-01  -8.4811235e-01
   2.9489548e+00   2.2078040e+00   1.4349532e+00   5.6392328e-01   7.2556646e-01   6.1424655e-01  -4.1039927e-01  -2.9363348e-01  -2.3184139e-01  -7.1578910e-01  -9.8393194e-01  -1.2959287e+00  -1.0523552e+00  -1.5266143e+00  -1.3992762e+00  -1.2517921e+00
   2.7575418e+00   1.5391736e+00   1.5017656e+00   9.9639442e-01   4.4905237e-01   5.6694818e-01  -3.1434690e-01  -1.5636255e-01  -8.1138016e-01  -6.4438129e-01  -9.6146395e-01  -1.2383362e+00  -1.4889675e+00  -1.2637047e+00  -1.2322134e+00  -1.3960797e+00
   2.5336581e+00   1.4791603e+00   1.3047835e+00   8.7695625e-01   6.1035216e-01   8.2234685e-02  -4.7450575e-02  -2.7608430e-01  -6.3676678e-01  -8.7236034e-01  -8.7006704e-01  -1.2849553e+00  -1.2845109e+00  -1.2579793e+00  -1.0713776e+00  -1.2352982e+00
   2.9111449e+00   1.8092803e+00   9.2858606e-01   9.4596419e-01   3.8934945e-01   6.9608701e-01   3.8477410e-01  -5.3643330e-01  -1.2948397e-01  -6.3283496e-01  -1.0978516e+00  -1.2572484e+00  -1.2827062e+00  -1.3337064e+00  -1.1413036e+00  -1.4304282e+00
   2.7220058e+00   1.7929993e+00   1.4457771e+00   7.7480631e-01   8.8473822e-01   9.8591623e-01   2.6002237e-01  -4.0872607e-01  -9.0953583e-01  -7.9802511e-01  -1.0801116e+00  -8.2828530e-01  -1.3922324e+00  -1.3448900e+00  -1.2525624e+00  -1.2431182e+00
   2.8088459e+00   2.1242606e+00   1.1529826e+00   5.6887368e-01   5.0185633e-01   6.6592618e-01   4.6839391e-01  -1.5807259e-01  -5.0276287e-01  -4.8228321e-01  -1.0215256e+00  -1.0917132e+00  -1.0101685e+00  -1.1990002e+00  -1.2017657e+00  -1.3415376e+00
   2.3420901e+00   1.7108957e+00   1.2691727e+00   4.9088475e-01   5.6989421e-01   2.6247784e-01   2.3371671e-02  -4.3292390e-01  -4.0195796e-01  -8.3781025e-01  -8.8737134e-01  -9.7105343e-01  -1.1414947e+00  -1.1309549e+00  -1.3307214e+00  -1.1614900e+00
   3.0174658e+00   2.1212082e+00   1.4512018e+00   7.5882072e-01   6.1072576e-01   7.8862466e-01  -5.5204487e-02  -1.6277694e-01  -1.7367190e-01  -7.7653735e-01  -1.1433885e+00  -1.2309044e+00  -1.0749258e+00  -1.1686387e+00  -1.1328710e+00  -1.2569017e+00
   3.2936145e+00   2.5394102e+00   1.6858524e+00   8.7014421e-01  -1.4815369e-01   3.3353960e-01   2.4077874e-01  -3.5384827e-01  -4.3860251e-01  -5.6276496e-01  -8.3554916e-01  -1.0139239e+00  -1.2639209e+00  -1.4124874e+00  -1.3105371e+00  -1.5231244e+00
   2.9223152e+00   2.0513020e+00   1.6300749e+00   9.3641835e-01   5.2329432e-01   1.9301631e-01   2.7283544e-01  -4.0457692e-01  -4.2078836e-01  -6.4350717e-01  -1.0147334e+00  -9.7285766e-01  -1.0416200e+00  -1.1816321e+00  -1.0638080e+00  -1.1257406e+00
   2.4514939e+00   1.5306878e+00   1.2597561e+00   6.6353873e-01   4.2507416e-01   5.4078238e-01   2.4283645e-01  -1.9080636e-01  -6.9074015e-01  -7.2760398e-01  -1.1089515e+00  -1.1945998e+00  -1.2021504e+00  -1.4677626e+00  -1.2730143e+00  -1.3941559e+00
   2.2708316e+00   2.0740177e+00   1.3578187e+00   5.9999514e-01   2.1424003e-01   3.0878485e-01  -1.4807044e-01  -4.3008608e-01  -2.3038707e-01  -4.5885297e-01  -8.4433642e-01  -1.3296068e+00  -1.3099330e+00  -1.1802872e+00  -1.1047699e+00  -1.2449978e+00
   2.7177180e+00   2.0957493e+00   1.0417399e+00   9.9068025e-01   5.3921561e-01   5.4571728e-01   3.3707672e-01  -4.2839032e-01  -5.4367841e-01  -9.6356990e-01  -6.9381509e-01  -1.1444345e+00  -1.2656189e+00  -1.0954587e+00  -9.8986970e-01  -1.2229195e+00
   2.4293211e+00   2.3292793e+00   1.6395584e+00   7.9764412e-01   2.7748183e-01   6.7489609e-01   3.0905393e-01  -2.2090340e-01  -3.2987153e-01  -1.0169838e+00  -6.9575848e-01  -8.0294637e-01  -1.2172972e+00  -1.3028446e+00  -1.1962903e+00  -1.3673659e+00
   2.4985324e+00   2.4836631e+00   1.0913084e+00   6.7638552e-01   6.1025974e-01   1.0067598e-01   3.7807287e-02  -4.9994861e-01  -5.6421203e-01  -4.8110337e-01  -6.4251225e-01  -1.0101286e+00  -1.1273155e+00  -9.8397489e-01  -1.2399431e+00  -1.3863396e+00
   3.1253968e+00   1.8894430e+00   1.6645582e+00   9.4995132e-01   1.9158335e-01   1.7655784e-01   1.6907026e-03  -2.4523242e-01  -5.1657932e-01  -1.0263186e+00  -1.0151724e+00  -1.1965628e+00  -1.2664484e+00  -1.2136655e+00  -1.1440664e+00  -1.4877320e+00
   2.7735382e+00   1.5086627e+00   1.0074527e+00   6.0098765e-01   4.8518822e-01   4.5966414e-01   4.5633400e-01   9.4256999e-02  -3.2511992e-01  -9.6307032e-01  -8.1710591e-01  -1.0684186e+00  -1.0337519e+00  -1.1994557e+00  -9.7664954e-01  -1.2074807e+00
   2.8721003e+00   1.9408538e+00   1.4150537e+00   1.2731799e+00   8.7699432e-01   6.0915457e-01   3.0744365e-01  -1.9012826e-01  -4.7198660e-01  -6.7047102e-01  -7.3571092e-01  -5.7084272e-01  -5.6343638e-01  -7.3793200e-01  -8.2266911e-01  -8.8410265e-01
   3.4525792e+00   1.9655666e+00   1.4277000e+00   1.3046465e+00   4.7403840e-01   3.8216723e-01  -6.3345239e-03  -1.3656332e-01  -6.9348714e-01  -4.2243675e-01  -7.8277832e-01  -1.0417175e+00  -1.0144092e+00  -1.1557269e+00  -9.8814500e-01  -1.1106627e+00
   3.0392845e+00   2.1613001e+00   1.1847554e+00   7.0884363e-01  -3.1227349e-01   2.2374377e-01   1.9246506e-02  -2.0939868e-01  -6.4932612e-01  -8.2758717e-01  -9.1872635e-01  -7.7302087e-01  -7.8275723e-01  -1.1341679e+00  -1.0269748e+00  -1.2764624e+00
   2.7675138e+00   1.7244811e+00   1.1620576e+00   9.9776732e-01   4.0425375e-01   6.6818835e-01   4.6177195e-01  -1.8742384e-01  -7.0372387e-01  -7.4436751e-01  -9.6270369e-01  -1.0187386e+00  -5.9474942e-01  -9.8674450e-01  -8.9950947e-01  -1.1218019e+00
   2.7841336e+00   2.4479903e+00   1.6169498e+00   1.2528313e+00   9.0176068e-01   4.0606535e-01   4.2013681e-03   5.9884153e-02  -3.9126636e-02  -4.2717609e-01  -4.4040583e-01  -7.0493835e-01  -5.1178469e-01  -8.2773057e-01  -7.6647228e-01  -8.0473792e-01
   2.4594208e+00   1.6524419e+00   1.7597382e+00   1.1219056e+00   1.2158508e+00   6.0132626e-01  -1.0936163e-01  -1.8660398e-01  -3.4709158e-01  -4.1844890e-01  -2.2601331e-01  -2.0385883e-02  -3.2066730e-01  -3.5296231e-01  -4.6158972e-01  -1.0499673e+00
   2.7524144e+00   1.5776807e+00   1.2690067e+00   1.0281468e+00   8.8837568e-01   2.6027623e-01  -2.1416376e-01  -1.0105937e-01  -2.7314249e-01  -3.0153048e-01   3.3753766e-01   5.5601219e-01   4.5780298e-01  -1.1747227e-01  -2.1756269e-01  -8.2825246e-01
   2.5210097e+00   2.1961162e+00   1.8591313e+00   1.2393576e+00   7.0872785e-01   4.4031474e-01  -1.8918077e-02  -2.6200857e-01  -3.0807036e-01  -7.5306193e-01   1.6582796e-01   7.9703160e-01   8.5497851e-01   6.8793809e-02   3.7384143e-01  -3.7544005e-01
   3.2518876e+00   2.8061217e+00   2.3712864e+00   1.6453226e+00   8.7711932e-01   1.2724147e-01   2.8220405e-02  -2.3364668e-01  -3.3745472e-01  -6.2732267e-01  -4.7577196e-01   8.5121110e-01   1.1602189e+00   2.4154360e-01   6.8852126e-01   3.1363769e-02
   2.5929195e+00   2.2675136e+00   1.4109936e+00   7.6463947e-01  -3.1341408e-02  -2.2976227e-01   3.0978242e-01  -3.0085012e-01  -3.6979024e-01  -6.3501105e-01  -2.5940798e-01   7.0429155e-01   1.0142283e+00   1.7943057e-01   8.5981922e-01   3.8020716e-01
   3.2941482e+00   2.8300838e+00   2.0492829e+00   1.5523680e+00   5.5428499e-01  -2.3192383e-01   2.5524958e-02  -1.8299872e-02  -2.9428289e-01  -4.1640418e-01  -2.6137388e-01   7.1454784e-01   9.9077469e-01   2.3246749e-01   8.4911085e-01   3.9931434e-01
   2.8384820e+00   2.8591170e+00   1.9533013e+00   1.1511160e+00   9.6150315e-01   3.4292136e-01  -2.7506748e-01   1.8897060e-01  -4.4591508e-02  -6.9841232e-01  -7.3428412e-01   6.8806931e-01   9.1970002e-01   1.7738753e-01   6.9316862e-01   3.5679493e-01
   3.1805223e+00   2.2950976e+00   1.8372590e+00   1.3163377e+00   7.4559752e-01   1.0976795e-01   1.5535447e-01  -1.3198930e-01  -2.3479819e-01  -7.6566158e-01  -8.6708650e-01   7.2326521e-01   8.6455206e-01   1.0693257e-01   4.6926190e-01  -6.7817032e-02
   3.0154742e+00   2.2207440e+00   1.2473036e+00   1.3788575e+00   1.0517445e+00   6.0065821e-01   1.4401784e-02  -3.1412400e-01  -2.0396719e-01  -7.2525169e-01  -7.1023518e-01   5.5939378e-01   8.2170986e-01  -7.3031575e-02   1.0025168e-01  -1.9843013e-01
   3.2598334e+00   2.4161599e+00   2.0092215e+00   1.1686615e+00   7.1034633e-01   8.2675276e-01   3.1788839e-01  -1.4797766e-01  -9.9925763e-01  -7.9727776e-01  -6.1818317e-01   2.2101332e-01   5.2533459e-01  -7.0435108e-01  -5.0261412e-01  -5.7448014e-01
   2.2012735e+00   1.9791423e+00   1.3381832e+00   9.3885495e-01   7.9755765e-01   7.6847530e-01   1.2760294e-01  -1.9069143e-01  -5.1491480e-01  -4.3860355e-01  -7.6918786e-01   1.6810277e-01   1.1289766e-01  -6.0755752e-01  -5.8472203e-01  -7.4100689e-01
   2.5221007e+00   2.1397338e+00   1.7387071e+00   8.3390912e-01   7.2548880e-01   3.1625871e-01   4.1553229e-01  -1.5746914e-01  -4.5438777e-01  -5.2051136e-01  -8.0743416e-01  -3.2105687e-01   3.7537828e-02  -7.1685772e-01  -8.6482415e-01  -1.0184253e+00
   3.0793353e+00   1.8442592e+00   2.1060858e+00   1.2532765e+00   7.6888661e-01   4.7166458e-01  -3.2803262e-02  -4.6785795e-01  -5.1037440e-01  -7.0259774e-01  -5.3291234e-01   6.4307300e-02   4.8414720e-01  -4.9125854e-01  -2.9244105e-01  -4.5335566e-01
   2.3605887e+00   2.3614912e+00   1.7038355e+00   1.3387115e+00   6.0953793e-01   5.8939276e-01   1.1589445e-01  -5.4422027e-01  -4.5792521e-01  -7.5607504e-01  -5.6160992e-01   2.3537258e-01   4.5481481e-01  -5.2501225e-01  -1.8242368e-01  -3.6699286e-01
   3.1969263e+00   2.6743305e+00   1.8033909e+00   1.0631076e+00   4.0958309e-01   4.6736624e-01   3.0953577e-01  -3.8490590e-02  -4.0038862e-01  -7.6419481e-01  -4.7767005e-01   1.9214393e-01   5.2662616e-01  -4.1739956e-01  -2.4090173e-01  -3.8765529e-01
   2.9837712e+00   1.9398193e+00   1.4445019e+00   1.0391329e+00   6.1549054e-01   5.7326241e-01   4.7152460e-01   1.7014930e-02  -1.0918154e+00  -4.8233694e-01  -2.7633797e-01  -1.7113386e-01   4.7244146e-01  -7.3254685e-01  -5.1972442e-01  -6.8777570e-01
   3.1891506e+00   2.1515906e+00   1.3538000e+00   1.4583831e+00   1.2399975e+00   5.4228201e-01   4.6595641e-01  -1.1694362e-02  -2.8855835e-01  -5.8648726e-01  -7.2097003e-01  -1.4780197e-02   5.9523330e-01  -3.3919991e-01  -3.1440181e-01  -3.4209035e-01
   2.6399572e+00   1.4614264e+00   1.1400682e+00   1.6195539e+00   1.0881012e+00   4.7019422e-01   3.8850821e-01   2.5993329e-01  -8.1850649e-02  -6.4126618e-01  -1.0031691e+00   2.6194053e-02   7.2212026e-01  -5.7272133e-01  -2.8628101e-01  -2.0012472e-01
   2.8451054e+00   2.1927412e+00   1.3140099e+00   7.9866238e-01   5.7810399e-01   2.6629781e-01   4.6285868e-01   2.5280782e-01   1.4448389e-02  -4.5424275e-01  -6.3158256e-01  -3.0051967e-01   2.2269716e-01  -7.4149535e-01  -5.0112558e-01  -5.7238162e-01
   2.9881189e+00   2.0031022e+00   1.4055045e+00   1.2255754e+00   8.8812509e-01   2.3896582e-01   2.5464993e-01   2.0450054e-01  -2.3030255e-01  -8.2712899e-01  -9.7275034e-01  -5.4862262e-03   4.3136335e-01  -8.3017902e-01  -5.3147431e-01  -6.2432884e-01
   2.3944221e+00   2.2309103e+00   2.0580413e+00   1.0100570e+00   8.3920706e-01   4.0591488e-01   5.2137575e-01   1.4021990e-01  -3.3001366e-01  -7.7499826e-01  -5.9648841e-01  -4.5366604e-01  -2.4328598e-01  -8.7372603e-01  -6.7631733e-01  -7.9349327e-01
   2.8890232e+00   2.0253980e+00   1.3524465e+00   1.2384474e+00   7.9773038e-01  -1.8852432e-01  -3.0230211e-01  -1.5776121e-01  -1.4888010e-01  -5.4474539e-01  -4.4719617e-01  -5.3693691e-01  -5.6593110e-01  -1.2328816e+00  -9.7941911e-01  -9.0438088e-01
   3.0090025e+00   2.4079761e+00   1.5649210e+00   1.0504818e+00   4.3655761e-01   6.1868422e-01   1.4703402e-01  -2.5631655e-02  -3.1525657e-01  -5.8907324e-01  -5.6144698e-01  -6.1405724e-01  -3.5840363e-01  -6.6551260e-01  -5.3073420e-01  -5.8828966e-01
   3.6337768e+00   2.6178317e+00   1.4193405e+00   4.5550131e-01   3.3387350e-02   4.9279730e-01   3.7642601e-01   1.1620245e-01  -3.7447058e-01  -6.1358006e-01  -6.0658026e-01  -8.6648934e-01  -5.2174953e-01  -1.1429898e+00  -7.3304402e-01  -8.5177255e-01
   2.5800215e+00   1.9418813e+00   1.2448374e+00   1.4720255e+00   6.2201808e-01   7.1285177e-01   2.4033034e-01  -1.3926568e-01  -3.7266592e-01  -4.5123816e-01  -6.7724871e-01  -6.8943553e-01  -4.9603440e-01  -1.0582716e+00  -7.1119874e-01  -1.0453668e+00
   3.0503362e+00   2.3342539e+00   1.2399865e+00   1.4296227e+00   1.1085027e+00   3.2210996e-01   5.6619440e-02  -1.6657664e-01  -2.5127243e-01  -8.3150775e-01  -6.8238719e-01  -7.2157543e-01  -6.8533687e-01  -1.2069013e+00  -8.7791856e-01  -1.1655746e+00
   2.7002644e+00   1.8477262e+00   1.2022317e+00   1.2225750e+00   9.5663200e-01  -5.0945013e-02   9.7357877e-02   7.6196772e-02  -4.4943701e-01  -9.7112373e-01  -6.6380748e-01  -6.9376985e-01  -8.3815478e-01  -1.3478244e+00  -9.7151205e-01  -9.7901529e-01
   2.4409609e+00   2.2040380e+00   1.5909872e+00   8.5403725e-01   8.2247975e-01   3.9146966e-01   1.1933195e-01   7.6214616e-02  -4.7132871e-01  -6.6361568e-01  -6.4557555e-01  -5.8999114e-01  -6.3390155e-01  -8.3717459e-01  -6.8294975e-01  -7.9958407e-01
   2.6800543e+00   1.9460339e+00   1.1299873e+00   1.1116730e+00   6.4446676e-01   7.1099347e-01   1.6775067e-01  -1.0334015e-01  -1.5263972e-01  -4.7938222e-01  -7.2983169e-01  -9.3976759e-01  -9.7264392e-01  -1.2763202e+00  -7.2157790e-01  -1.1050461e+00
   2.8154311e+00   1.8643125e+00   9.8232240e-01   1.3406708e+00   8.0597897e-01   3.4968504e-01   8.2831376e-02  -1.0588180e-01  -6.4827342e-01  -4.9074842e-01  -8.0594037e-01  -1.2638864e+00  -1.1047378e+00  -1.0413178e+00  -9.4843088e-01  -1.1818786e+00
   3.2419142e+00   2.3409080e+00   1.3068699e+00   1.3254649e+00   1.2333478e+00   7.9731098e-01   9.2004981e-02  -2.2786054e-01  -7.3006371e-01  -9.4385008e-01  -9.9817760e-01  -1.0655359e+00  -1.3688796e+00  -1.2483245e+00  -1.0489223e+00  -1.1659335e+00
   2.9657816e+00   1.9984110e+00   1.4884064e+00   1.0998890e+00   8.9350316e-01   5.4025274e-01   1.3604155e-01   6.9456853e-02  -1.9772574e-01  -6.5419531e-01  -7.3512078e-01  -7.7625593e-01  -9.2790032e-01  -1.0098293e+00  -8.9548301e-01  -1.0036497e+00
   3.1317636e+00   2.0644309e+00   1.3535570e+00   1.1086423e+00   8.6074970e-01   4.6892139e-01  -8.1933238e-02  -2.8305970e-01  -4.1811097e-01  -6.6088875e-01  -6.5740996e-01  -1.0066420e+00  -1.2056843e+00  -1.2546480e+00  -1.0244805e+00  -1.1569538e+00
   2.9443464e+00   1.9011175e+00   1.2451401e+00   1.1409376e+00   7.8286135e-01   5.5229242e-01   1.4449401e-01   8.2479576e-02  -2.8176571e-01  -6.2925626e-01  -5.5767186e-01  -7.1127340e-01  -8.2203677e-01  -1.4437036e+00  -1.1127593e+00  -1.1435073e+00
   3.5934015e+00   2.2400658e+00   1.3509380e+00   9.4093616e-01   6.4160649e-01   1.6500662e-02  -1.4065444e-01  -4.0805960e-01  -8.5919017e-01  -6.7901100e-01  -8.8460813e-01  -8.9975464e-01  -1.1981127e+00  -1.3982839e+00  -1.2147717e+00  -1.1559746e+00
   2.6434912e+00   1.4201589e+00   1.4883437e+00   1.2173740e+00   6.1938924e-01   3.9492168e-01   1.6028474e-01  -2.1956396e-01  -2.7154500e-01  -4.1965316e-01  -7.3594058e-01  -7.7481585e-01  -8.0045649e-01  -1.1215027e+00  -1.1256004e+00  -1.0863037e+00
   2.3644003e+00   2.3247070e+00   1.4657202e+00   9.5641915e-01   7.8451567e-01   4.9777836e-01  -3.7565390e-01  -1.1055284e-01  -4.0206243e-01  -7.5174660e-01  -8.1363788e-01  -8.1732589e-01  -1.1970619e+00  -1.3328849e+00  -1.2769058e+00  -1.3195791e+00
   2.7976144e+00   2.0504912e+00   1.4350732e+00   1.2929059e+00   1.5675540e-01  -1.9929674e-01  -3.0894078e-01  -5.7062181e-01  -5.1627229e-01  -1.1037007e+00  -1.0690525e+00  -1.0253654e+00  -1.1199811e+00  -1.2708351e+00  -1.0830152e+00  -1.2614773e+00
   2.7154297e+00   1.7099172e+00   1.2054655e+00   6.3593879e-01   7.9176015e-01   5.1940022e-01  -3.4911881e-02  -5.0469993e-01  -9.1946791e-01  -1.0265913e+00  -1.0664380e+00  -1.0456089e+00  -1.0897158e+00  -1.2381194e+00  -1.1512831e+00  -1.1349561e+00
   2.2482119e+00   1.9237822e+00   1.6069428e+00   5.8015969e-01   5.5826984e-01   3.7878933e-01   1.9412765e-01  -2.1784340e-02  -4.5332303e-01  -4.1472528e-01  -4.8807006e-01  -9.3402962e-01  -1.0320057e+00  -1.2396618e+00  -1.0039071e+00  -1.2217014e+00
   2.3338161e+00   2.1460796e+00   1.5209193e+00   5.8016658e-01   2.5824840e-01   6.0852853e-01   1.6167183e-01  -2.3152315e-02  -4.1959213e-01  -9.5556616e-01  -6.6609243e-01  -8.2095972e-01  -8.2353889e-01  -8.5526146e-01  -1.0836964e+00  -1.0986922e+00
   2.8717710e+00   2.2197819e+00   1.7019276e+00   1.3434081e+00   5.4796085e-01   7.1556140e-01   1.3108020e-01  -7.2037104e-02  -4.6043969e-01  -4.6214850e-01  -6.0474688e-01  -8.3130874e-01  -8.6019001e-01  -1.1286744e+00  -1.2252866e+00  -1.1865526e+00
   3.4749171e+00   2.5401322e+00   1.5720305e+00   8.9688180e-01   2.7823867e-01   4.7777715e-01  -9.5730811e-03  -2.2390803e-01  -4.7507005e-01  -9.9665392e-01  -8.5778146e-01  -1.1122079e+00  -9.3847382e-01  -1.1702931e+00  -1.0968916e+00  -1.1974302e+00
   3.1972488e+00   2.1712131e+00   1.7483145e+00   9.9481735e-01   8.1330439e-01   3.4551711e-01   3.3404106e-02  -1.6682954e-01  -2.1005224e-01  -8.9601695e-01  -6.2160179e-01  -1.0865092e+00  -1.0632148e+00  -1.2114184e+00  -1.1720296e+00  -1.1878884e+00
   2.7870405e+00   2.4942615e+00   1.6833342e+00   1.4007668e+00   7.7144020e-01   8.9416272e-02  -3.7193148e-02  -2.4417842e-01  -3.6615960e-01  -8.9323111e-01  -5.9171847e-01  -1.0505679e+00  -1.2706614e+00  -1.3954565e+00  -1.5261749e+00  -1.4238873e+00
