   2.9075343e+00   1.8072287e+00   2.9436604e-01   2.7669482e-01  -7.5967356e-01  -9.8876115e-01  -1.2909051e+00  -1.4603229e+00  -1.4802824e+00  -1.8435262e+00  -1.6831899e+00  -1.8148920e+00  -2.0029890e+00  -1.5130261e+00  -1.9240974e+00  -1.5644289e+00
   2.5921111e+00   1.4829338e+00   2.3106356e-02  -3.0145464e-01  -5.6819873e-01  -9.7511123e-01  -8.6802425e-01  -1.3602418e+00  -1.3662457e+00  -1.7041443e+00  -1.6827400e+00  -2.0604170e+00  -2.0013806e+00  -1.8659317e+00  -1.8638207e+00  -1.8403092e+00
   2.4778625e+00   1.3555252e+00   5.9403922e-01  -1.9868754e-01  -1.6960769e-01  -5.8904969e-01  -6.2225562e-01  -1.3731897e+00  -1.3997222e+00  -1.4759866e+00  -1.9071021e+00  -1.7543997e+00  -1.9850527e+00  -1.9022467e+00  -1.8081455e+00  -1.6576702e+00
   2.3911044e+00   1.3541708e+00   1.0030529e+00   2.3558047e-02  -1.6302184e-01  -4.0002006e-01  -5.6401779e-01  -1.2181507e+00  -1.2706560e+00  -1.3862303e+00  -1.3196611e+00  -1.3836944e+00  -1.4407472e+00  -1.4226504e+00  -1.4235458e+00  -1.3784225e+00
   2.8924449e+00   1.5180964e+00   2.9610650e-01  -3.6845716e-01  -3.2062005e-01  -7.3692736e-01  -8.3077232e-01  -1.3058825e+00  -1.7616610e+00  -1.8857105e+00  -1.8627358e+00  -1.8827492e+00  -1.9932745e+00  -2.1208210e+00  -1.9830290e+00  -1.9650631e+00
   3.3034889e+00   1.1744110e+00   4.0779738e-01  -1.5336655e-01  -3.3355740e-01  -4.0693768e-01  -4.1928800e-01  -7.8209356e-01  -1.0259210e+00  -1.0599976e+00  -1.0846021e+00  -1.1508186e+00  -1.1754224e+00  -1.1784821e+00  -1.1562164e+00  -1.1348562e+00
   2.7627421e+00   1.3957541e+00   3.8321364e-01   4.7332482e-02  -1.3671247e-01  -2.3241617e-01  -2.6039507e-01  -6.0908254e-01  -7.1197133e-01  -7.7177696e-01  -8.0307712e-01  -8.2274588e-01  -8.4107710e-01  -8.3823784e-01  -8.2579784e-01  -7.8431411e-01
   2.6326456e+00   1.3566661e+00   8.9785074e-01   2.2884899e-01  -8.1528227e-02  -5.7492496e-01  -6.8630210e-01  -9.0938392e-01  -9.8481999e-01  -1.0774756e+00  -1.0677978e+00  -1.1489509e+00  -1.1595716e+00  -1.1585290e+00  -1.1331189e+00  -1.0825216e+00
   3.7099906e+00   1.6962419e+00   6.5497212e-01  -1.5578249e-01  -3.4820222e-01  -6.4882253e-01  -6.5635021e-01  -7.8034724e-01  -9.5268205e-01  -1.0194379e+00  -1.1325235e+00  -1.1534912e+00  -1.1724793e+00  -1.1702109e+00  -1.1680098e+00  -1.1454121e+00
   3.0540794e+00   1.5856358e+00   8.5130909e-01  -1.8026329e-01  -4.3731489e-01  -7.9150985e-01  -5.1964098e-01  -1.5257541e+00  -1.4988780e+00  -1.3163967e+00  -1.7581780e+00  -2.0116710e+00  -1.9478529e+00  -1.9275279e+00  -1.8232552e+00  -1.9608539e+00
   2.9848262e+00   1.4397123e+00   7.5108198e-01   4.3491849e-01  -1.3692201e-01  -7.4930719e-01  -1.0590497e+00  -1.2230301e+00  -1.1388098e+00  -1.2069735e+00  -1.4308257e+00  -1.5156414e+00  -1.4995345e+00  -1.5087433e+00  -1.4471766e+00  -1.4449784e+00
   3.2310336e+00   1.7633169e+00   1.7368781e-01  -1.4329238e-01  -7.0616061e-01  -1.0134156e+00  -1.0228673e+00  -1.2436774e+00  -1.3640944e+00  -2.0011838e+00  -2.1657821e+00  -2.6099234e+00  -2.5281503e+00  -2.5425911e+00  -2.1905914e+00  -1.8615489e+00
   2.4369600e+00   1.8045857e+00   5.4001395e-01  -2.1980933e-01  -5.7834410e-01  -5.4926008e-01  -4.8262729e-01  -1.2786560e+00  -1.4109526e+00  -2.0111544e+00  -2.1365662e+00  -2.2497886e+00  -2.0840971e+00  -2.3293425e+00  -2.1233125e+00  -2.1102466e+00
   2.1557914e+00   1.5446419e+00   1.5499817e-01   2.8774827e-01  -1.0936379e-01  -2.2293981e-01  -4.1869160e-01  -1.0941422e+00  -1.4463340e+00  -1.6232074e+00  -1.6468040e+00  -1.6667185e+00  -1.6518200e+00  -1.6568668e+00  -1.6351656e+00  -1.5813280e+00
   2.9473328e+00   1.4862536e+00   6.9373334e-01   4.8482265e-02  -4.4263832e-01  -6.6489477e-01  -5.3791437e-01  -8.2820916e-01  -1.0658784e+00  -1.2490187e+00  -1.3235644e+00  -1.3409390e+00  -1.3407273e+00  -1.3126316e+00  -1.2884643e+00  -1.2690744e+00
   3.1318563e+00   1.4332194e+00   6.9280305e-01   2.3194667e-01  -5.2553439e-01  -5.2220712e-01  -5.0614677e-01  -9.8043640e-01  -1.1097460e+00  -1.1773461e+00  -1.1612279e+00  -1.2444507e+00  -1.2548199e+00  -1.2313019e+00  -1.2417390e+00  -1.1763873e+00
   3.1156239e+00   1.3198387e+00   8.3822584e-01   1.8528822e-01  -5.3078794e-01  -6.8765010e-01  -9.3215231e-01  -1.5179824e+00  -1.6146017e+00  -1.7937119e+00  -1.5883928e+00  -1.9689913e+00  -1.9549980e+00  -1.7564803e+00  -1.8251501e+00  -1.7462374e+00
   2.6303014e+00   1.3862187e+00   4.1248610e-01   3.4750880e-01  -3.1622678e-01  -2.2026455e-01  -5.7311527e-01  -9.1918116e-01  -1.1629408e+00  -1.3154543e+00  -1.3615873e+00  -1.4648305e+00  -1.4810682e+00  -1.4684806e+00  -1.4338097e+00  -1.4169648e+00
   3.0396811e+00   1.5178532e+00  -1.1190787e-01  -2.6815659e-02  -5.3964622e-01  -5.3097870e-01  -4.4622433e-01  -1.2599052e+00  -1.6650044e+00  -2.2528884e+00  -2.2071715e+00  -2.3917199e+00  -2.4344841e+00  -2.2422336e+00  -1.9418348e+00  -2.0662730e+00
   2.8610459e+00   9.9372065e-01   5.1004164e-01  -1.4153618e-03  -7.8639124e-01  -8.5881502e-01  -4.8651797e-01  -1.1684598e+00  -1.5251635e+00  -1.7081923e+00  -1.7542924e+00  -1.8178607e+00  -1.8986299e+00  -1.8854452e+00  -1.8251335e+00  -1.7178240e+00
   2.6241880e+00   1.9319668e+00   8.1598151e-01   1.4204760e-01   2.6924484e-02  -1.2157729e+00  -1.0309712e+00  -1.4095560e+00  -1.8445731e+00  -1.9234058e+00  -1.9371944e+00  -2.3866484e+00  -2.2253429e+00  -2.3012069e+00  -2.3459895e+00  -1.9752909e+00
   2.6560305e+00   1.6573676e+00   9.7065565e-01   2.2780342e-01  -3.6388710e-02  -8.0737001e-01  -9.5407530e-01  -8.5751191e-01  -1.5467067e+00  -1.6142019e+00  -1.6712035e+00  -1.7227974e+00  -1.6514467e+00  -1.6831332e+00  -1.6840076e+00  -1.6684009e+00
   2.9378824e+00   1.7241218e+00   9.9275132e-01   2.9851676e-01  -4.5857949e-01  -5.5759317e-01  -4.0042417e-01  -1.0392794e+00  -1.5202385e+00  -1.4796618e+00  -1.5406139e+00  -1.6459620e+00  -1.5599790e+00  -1.6372824e+00  -1.5909112e+00  -1.4766207e+00
   2.8547026e+00   1.7286695e+00   2.6906661e-01  -5.2661634e-01  -5.9037883e-01  -1.9628962e-01  -7.6798231e-01  -9.7173676e-01  -1.7798393e+00  -1.6780481e+00  -2.2011920e+00  -2.0787220e+00  -1.9164459e+00  -2.1396238e+00  -2.0848216e+00  -2.1699237e+00
   2.9128405e+00   1.5919047e+00   9.8483180e-01  -2.0604799e-02  -3.8296312e-01  -5.4155542e-01  -7.4127028e-01  -7.9836930e-01  -1.1556871e+00  -1.3022274e+00  -1.3675065e+00  -1.3842764e+00  -1.3894160e+00  -1.3329516e+00  -1.3557580e+00  -1.3440283e+00
   2.6764563e+00   1.1705150e+00   6.1879662e-01  -2.0077777e-01  -6.4114577e-01  -7.7962192e-01  -8.1466563e-01  -1.1527897e+00  -1.5610971e+00  -1.7771971e+00  -1.8444698e+00  -2.1447611e+00  -2.1356058e+00  -2.0185589e+00  -2.0087941e+00  -1.8822253e+00
   2.7063128e+00   1.1514056e+00   3.3355043e-01   2.5237067e-01  -2.2574473e-01  -5.3521208e-01  -7.4141762e-01  -9.9135591e-01  -1.3295389e+00  -1.3744599e+00  -1.4451110e+00  -1.5939080e+00  -1.5926559e+00  -1.6042317e+00  -1.5309475e+00  -1.5090823e+00
   1.7497495e+00   1.0243375e+00   4.8812425e-01   3.5152753e-01  -2.7024958e-01  -3.4695649e-01  -7.4103925e-01  -1.0304387e+00  -1.5571422e+00  -1.5463440e+00  -1.5073430e+00  -1.7448212e+00  -1.7105672e+00  -1.7726554e+00  -1.7484291e+00  -1.6628965e+00
   2.9480410e+00   1.6073324e+00   3.0521876e-01   7.8482194e-02  -6.4058507e-01  -3.8596259e-01  -6.9540052e-01  -1.3453226e+00  -1.5458104e+00  -1.5532997e+00  -1.6547620e+00  -1.8498998e+00  -1.7234009e+00  -1.5944482e+00  -1.4381153e+00  -1.5891639e+00
   3.0253512e+00   1.4147471e+00   2.6924695e-01  -2.4609661e-01  -2.9305430e-01  -2.2858546e-01  -5.6254194e-01  -1.2202758e+00  -1.2947107e+00  -1.3619576e+00  -1.4051491e+00  -1.4535282e+00  -1.5021081e+00  -1.3993390e+00  -1.4212862e+00  -1.3831576e+00
   3.0076826e+00   1.3822559e+00   7.1428132e-01  -1.4509442e-01  -4.2679108e-01   7.2658532e-02   2.7948960e-01  -1.6491155e-02  -4.1269669e-02  -5.0421491e-01  -1.2408072e+00  -1.4759402e+00  -1.0407169e+00  -1.0828739e+00  -1.1121868e+00  -1.5013610e+00
   2.8897315e+00   1.1253145e+00   7.1897148e-01   1.0233470e+00   8.4352587e-01   9.6934291e-01   1.0630407e+00   8.6607670e-01   8.9045589e-01   4.5898510e-01  -1.5520239e-01  -8.4232349e-01  -4.1943800e-01  -6.0599142e-01  -4.0053311e-01  -1.0720522e+00
   2.7094826e+00   1.4434573e+00   6.6709868e-01   9.5109149e-01   7.3933098e-01   1.4444093e+00   1.4244125e+00   1.4069384e+00   1.4729754e+00   1.2106136e+00   3.9510081e-01  -9.2389697e-02   4.3028766e-01  -4.4019029e-03   1.1264761e-01  -1.0183455e+00
   2.8360354e+00   1.8471511e+00   7.0832945e-01   6.1445428e-01   9.3002840e-01   1.5652665e+00   1.1140294e+00   1.2378390e+00   1.7257054e+00   1.3785159e+00   6.5864673e-01   7.3877929e-02   6.9762129e-01   4.9626309e-01   5.9140318e-01  -7.0477486e-01
   2.2578175e+00   1.5920240e+00   7.9242787e-01   8.5762363e-01   1.2093341e+00   1.4425786e+00   9.1874209e-01   1.5105587e+00   1.9016463e+00   1.4297197e+00   8.0030918e-01   2.4600015e-01   1.1194164e+00   8.6828629e-01   1.0415917e+00  -3.5929199e-01
   2.3624794e+00   1.7165337e+00   9.3319562e-01   7.3071651e-01   1.0513555e+00   1.5236349e+00   9.9072378e-01   1.5922157e+00   2.0362420e+00   1.5336374e+00   7.7879474e-01   3.5592662e-01   1.2729247e+00   8.5955492e-01   1.0486075e+00  -2.6470168e-01
   2.6113606e+00   1.1989444e+00   9.3233412e-01   1.0473177e+00   1.1563120e+00   1.4268714e+00   1.1062777e+00   1.7136550e+00   2.0460459e+00   1.4368466e+00   7.4709977e-01   2.8138806e-01   1.2909488e+00   8.7458693e-01   9.5626114e-01  -3.3933492e-01
   2.9550654e+00   1.2813855e+00   9.4653895e-01   5.1247980e-01   9.3431978e-01   1.2746520e+00   9.7417852e-01   1.6491802e+00   1.8131406e+00   7.9541741e-01   5.0535800e-01  -5.6733985e-03   1.0880613e+00   9.7431233e-01   9.4395905e-01  -5.3364224e-01
   2.5025732e+00   1.5412429e+00   5.4235480e-01   6.6886916e-01   1.0046700e+00   1.2679110e+00   1.1152395e+00   1.7256720e+00   1.8270590e+00   1.0383680e+00   3.7381446e-01  -4.8437756e-02   9.2668140e-01   7.7500065e-01   7.4337235e-01  -7.9546655e-01
   2.3323851e+00   1.6733648e+00   7.2163102e-01   7.1947675e-01   8.7096439e-01   1.2230712e+00   1.1000857e+00   1.8163264e+00   1.9562791e+00   1.2835967e+00   2.2855812e-01   1.9164248e-02   7.9180413e-01   6.8600600e-01   5.3780473e-01  -8.9143933e-01
   3.1319567e+00   1.9639502e+00   9.3316826e-01   8.4280631e-01   1.1620593e+00   1.2793823e+00   1.2997991e+00   1.8442250e+00   2.0139240e+00   1.3424138e+00   7.7760510e-02  -8.3819945e-02   6.0738173e-01   5.9755920e-01   4.9506984e-01  -8.1956937e-01
   2.8412588e+00   1.3693585e+00   1.3370002e+00   6.9814896e-01   1.0863693e+00   1.2314936e+00   1.2564484e+00   1.7536927e+00   1.9902123e+00   1.2956845e+00   1.7192463e-02  -6.7861331e-02   6.0157015e-01   2.4002612e-01   2.3277090e-01  -9.5206595e-01
   2.5280862e+00   1.4495179e+00   9.4468940e-01   4.2971852e-01   9.6019155e-01   1.3159936e+00   1.3088323e+00   1.6473389e+00   1.9293112e+00   1.1468808e+00  -1.3514905e-01  -6.5044961e-02   8.6979238e-01   4.1321711e-01   3.3284333e-01  -1.0419957e+00
   2.3650731e+00   1.3907657e+00   1.3484372e+00   9.2435288e-01   9.5485801e-01   1.3702691e+00   1.3232801e+00   1.5775298e+00   1.8416489e+00   9.3467791e-01  -2.2164283e-01  -4.0450610e-01   8.8748366e-01   3.8802954e-01   3.1517150e-01  -1.0953247e+00
   2.3485875e+00   1.2252784e+00   4.8277127e-01   7.7955523e-01   8.7654790e-01   1.4628537e+00   1.3256719e+00   1.4718093e+00   1.7387507e+00   7.8132468e-01  -3.1840461e-01  -7.8381171e-01   6.5127137e-01   2.4656420e-01   8.7084072e-02  -1.0214536e+00
   2.9935151e+00   1.5965707e+00   8.1953322e-01   5.3491116e-01   8.3275122e-01   1.4927640e+00   1.1972394e+00   1.3310485e+00   1.7349633e+00   7.2778062e-01  -4.3033218e-01  -8.3475525e-01   3.9183942e-01   2.1680951e-01  -1.5678153e-01  -1.0619782e+00
   2.6609112e+00   1.8873726e+00   7.6301667e-01   6.8023128e-01   9.3141655e-01   1.6348025e+00   1.3609797e+00   1.2814115e+00   1.8394896e+00   6.0153219e-01  -8.1290261e-01  -1.3396190e+00   2.5514302e-01   1.7404534e-01  -7.1688080e-02  -9.6835340e-01
   3.0952223e+00   1.5909343e+00   1.3302191e-01   6.6681450e-01   9.3089439e-01   1.6041606e+00   1.3267278e+00   1.1557753e+00   1.7201557e+00   4.1333226e-01  -1.0049427e+00  -1.4815419e+00   5.6035763e-02   1.4670401e-01  -8.9233709e-02  -1.0777251e+00
   2.1703773e+00   1.4832890e+00   3.5822651e-01   8.0308578e-01   1.0103265e+00   1.5173374e+00   1.1587561e+00   1.0872348e+00   1.7752519e+00   2.7755800e-01  -6.6038590e-01  -1.0750589e+00  -1.6694804e-01  -1.1828081e-01  -4.9264765e-02  -7.4574779e-01
   2.5520805e+00   2.0545094e+00   1.3532313e+00   9.2501881e-01   9.9124071e-01   1.7496591e+00   1.1966146e+00   1.1246533e+00   1.8121765e+00  -9.4583977e-02  -1.0533339e+00  -1.9608497e+00  -5.0285801e-01   2.8343311e-02   2.5095423e-01  -1.0031723e+00
   2.7700581e+00   1.9315152e+00   7.3458824e-01   6.9290709e-01   7.9003087e-01   1.6739322e+00   1.0281443e+00   1.2340705e+00   1.6734686e+00  -6.8635190e-01  -1.2343509e+00  -1.9526998e+00  -5.6735272e-01  -1.3141537e-01  -6.4439577e-02  -1.0139755e+00
   2.4718179e+00   1.7548945e+00   7.2523997e-01   4.7793409e-01   8.1555938e-01   1.6511117e+00   9.7056546e-01   1.2295687e+00   1.4650388e+00  -6.5355295e-01  -1.0417176e+00  -1.4281202e+00  -7.3054847e-01  -1.2223810e-01   5.9998042e-02  -8.9175675e-01
   2.8286015e+00   1.8927456e+00   8.9614360e-01   5.9421105e-01   1.0420752e+00   1.6901720e+00   7.2892402e-01   1.2041568e+00   1.1215958e+00  -1.0549759e+00  -1.2583617e+00  -1.5706787e+00  -8.8174819e-01  -1.8746357e-01  -3.6874251e-02  -1.0982588e+00
   2.8089687e+00   1.9168021e+00   9.7894957e-01   9.8681188e-01   1.2660113e+00   1.3223542e+00   3.2852073e-01   1.1068881e+00   8.2974723e-01  -1.2678198e+00  -1.3732100e+00  -1.7025070e+00  -1.1254123e+00  -3.1357039e-01  -4.1331102e-02  -1.1572551e+00
   3.2335865e+00   1.2563996e+00   1.7190691e-01   8.3630135e-01   1.3763672e+00   1.3805833e+00   5.9015208e-01   1.1344893e+00   6.3432766e-01  -1.5086223e+00  -1.7524308e+00  -2.1299707e+00  -1.4103897e+00  -5.7788280e-01  -2.6436200e-01  -1.4303994e+00
   2.6842188e+00   1.2272940e+00   2.9272175e-01   5.4928296e-01   1.5394060e+00   1.2182560e+00   5.9205869e-01   9.5924195e-01   3.2879965e-01  -7.1125429e-01  -8.2304246e-01  -8.8536174e-01  -7.7942034e-01  -4.4339073e-01  -2.4190596e-01  -7.9130099e-01
   3.2267680e+00   1.8388742e+00   6.2613178e-01   8.2185138e-01   1.7099636e+00   1.0797740e+00   7.4789764e-01   8.5607013e-01  -1.9970940e-01  -1.1194659e+00  -1.5694903e+00  -1.9317696e+00  -1.8649297e+00  -8.5794270e-01  -3.3261967e-01  -1.4517818e+00
   2.5052323e+00   1.8014996e+00   8.8430648e-01   9.3479403e-01   1.5878919e+00   9.5879594e-01   5.8690316e-01   5.4059388e-01  -8.0877923e-01  -1.6250480e+00  -1.8148761e+00  -2.2066080e+00  -2.2960345e+00  -1.3826819e+00  -6.6015724e-01  -1.7734234e+00
   2.5846383e+00   1.6721375e+00   8.2700549e-01   1.1949624e+00   1.4279758e+00   8.6448618e-01   2.1527757e-01  -3.5829982e-02  -8.1138124e-01  -1.1416883e+00  -1.2548716e+00  -1.2572245e+00  -1.2697283e+00  -1.1039979e+00  -7.0463761e-01  -1.1699826e+00
   2.9752037e+00   9.7738260e-01   7.2344934e-01   1.3697124e+00   1.3130200e+00   7.3638484e-01   3.0696733e-01  -4.9630283e-01  -1.2001623e+00  -2.2161031e+00  -2.1775780e+00  -2.0149365e+00  -2.3737939e+00  -1.8980379e+00  -1.2044685e+00  -2.0880816e+00
   2.9453366e+00   1.7179351e+00   6.9254026e-01   1.5210892e+00   1.2411574e+00   1.8475362e-01   1.2524990e-01  -6.1941620e-01  -1.4388277e+00  -1.9243096e+00  -2.0173467e+00  -1.7304644e+00  -1.7039003e+00  -1.7349143e+00  -1.4855209e+00  -1.9519879e+00
   2.9935605e+00   1.3236103e+00   8.1937772e-01   1.4902396e+00   9.5438287e-01  -2.9225841e-01  -1.8353239e-01  -4.0077905e-01  -1.4685246e+00  -1.6978530e+00  -1.7558730e+00  -2.2346559e+00  -2.1402429e+00  -1.6498776e+00  -1.4696815e+00  -1.7730842e+00
   2.2729593e+00   1.1844288e+00   8.3933574e-01   1.5470246e+00   5.8482802e-01  -3.9208861e-01  -8.9182285e-01  -1.0455136e+00  -1.6374222e+00  -1.9328636e+00  -2.1397274e+00  -2.1419890e+00  -2.2490290e+00  -2.0307317e+00  -1.7025990e+00  -1.9011455e+00
   2.3598054e+00   1.1563483e+00   6.7446248e-01   1.3357088e+00   5.2472506e-01  -2.9518841e-01  -8.1437408e-01  -1.0542619e+00  -1.4815270e+00  -2.0468873e+00  -2.2568640e+00  -2.2307391e+00  -2.1904420e+00  -2.1477396e+00  -2.0433910e+00  -2.0426941e+00
   2.7326473e+00   1.2711828e+00   1.1855963e-02   8.8629449e-01   2.9361408e-01  -3.5439550e-01  -1.0456685e+00  -1.3755897e+00  -1.8944130e+00  -1.6399057e+00  -2.0972702e+00  -2.4127976e+00  -2.3187867e+00  -2.4153701e+00  -2.3348521e+00  -1.9533432e+00
   1.8161267e+00   1.3685537e+00   3.8626000e-01   5.4190771e-01   4.5645960e-02  -5.3682562e-01  -7.1432217e-01  -1.1195369e+00  -1.3378781e+00  -1.4650374e+00  -1.8056811e+00  -1.8237968e+00  -1.8196265e+00  -1.7916726e+00  -1.8204256e+00  -1.7664578e+00
   2.6393340e+00   1.4873639e+00   8.6947788e-01   4.2065269e-01   3.1346704e-03  -2.8001465e-01  -4.9062228e-01  -7.4895648e-01  -9.0595679e-01  -9.9764089e-01  -1.0546292e+00  -1.0905417e+00  -1.1016251e+00  -1.0880457e+00  -1.0479195e+00  -9.9878051e-01
   3.5332665e+00   1.6330911e+00   3.5244027e-01   4.4996589e-01  -2.0567313e-01  -2.4228371e-01  -8.6112390e-01  -1.3095928e+00  -1.4568636e+00  -1.6188227e+00  -1.6781959e+00  -1.7784656e+00  -1.7518811e+00  -1.7449011e+00  -1.6416324e+00  -1.7168541e+00
   3.0787717e+00   1.6937115e+00   6.2834308e-01   3.9875746e-01  -3.1000363e-01  -4.6764719e-01  -7.3922222e-01  -9.2260926e-01  -1.1199611e+00  -1.2790615e+00  -1.5034868e+00  -1.4935059e+00  -1.4921626e+00  -1.5047388e+00  -1.5091249e+00  -1.5048080e+00
   3.2715891e+00   2.0209256e+00   7.3001736e-01  -6.1885066e-02  -5.4859149e-01  -5.5762022e-01  -5.5396278e-01  -8.7644984e-01  -1.2749416e+00  -1.7973790e+00  -1.8869629e+00  -2.2323183e+00  -2.1299263e+00  -2.1181441e+00  -2.0612759e+00  -1.8944867e+00
   3.4508582e+00   2.0111165e+00   7.3750147e-01  -1.3390715e-01  -5.2407896e-01  -1.8704204e-01  -7.0439685e-01  -8.8085201e-01  -1.1685303e+00  -1.7922840e+00  -1.9436159e+00  -1.9198111e+00  -2.0130983e+00  -1.8908449e+00  -1.7470251e+00  -1.8079774e+00
   2.6751531e+00   1.3265564e+00   5.4139724e-01  -2.9505572e-01  -4.7207371e-01  -3.8757572e-01  -1.0970711e+00  -8.9627906e-01  -1.1492172e+00  -1.3200367e+00  -1.3648412e+00  -1.4694782e+00  -1.5316677e+00  -1.4629930e+00  -1.3731000e+00  -1.3910782e+00
   2.9871877e+00   1.6526311e+00   5.3295255e-01  -3.6308915e-03  -7.4120606e-01  -5.3868579e-01  -7.0440677e-01  -1.0314321e+00  -1.6114809e+00  -1.6452723e+00  -1.4310967e+00  -1.9946741e+00  -2.4871431e+00  -1.6814932e+00  -1.8956774e+00  -1.7421574e+00
   2.9401897e+00   2.0114463e+00   6.0249442e-01  -2.9296796e-01  -6.3126477e-01  -9.4118680e-01  -1.1204265e+00  -1.2124301e+00  -1.4108941e+00  -1.5247211e+00  -1.9576985e+00  -1.9549660e+00  -2.2736188e+00  -2.1005825e+00  -1.9331839e+00  -2.1002725e+00
   2.9786261e+00   1.2537011e+00   7.8127612e-01   1.4661508e-01  -5.9019263e-01  -8.2936829e-01  -8.8261828e-01  -8.7467791e-01  -1.2445277e+00  -1.4507554e+00  -1.7136856e+00  -1.7293505e+00  -1.8709258e+00  -1.8586867e+00  -1.7256388e+00  -1.7393047e+00
   3.2351692e+00   1.5889980e+00   2.9941929e-02   2.5670259e-01  -1.4734169e-01  -5.4398992e-01  -7.8414225e-01  -7.7104311e-01  -1.2809358e+00  -1.5822841e+00  -1.5904660e+00  -1.5104962e+00  -1.5428563e+00  -1.6720737e+00  -1.6379242e+00  -1.6099817e+00
   2.8137437e+00   1.5675515e+00   8.4737449e-01   5.8140139e-01   3.4136431e-02  -9.1316433e-01  -5.5271869e-01  -8.3575202e-01  -1.3267708e+00  -1.3403780e+00  -1.3167724e+00  -1.0968520e+00  -1.2769884e+00  -1.4960065e+00  -1.4324289e+00  -1.3386184e+00
   2.6180536e+00   1.4131765e+00   5.2326959e-01   5.8144064e-01  -1.1684137e-01  -7.4156440e-01  -7.0354258e-01  -1.3059149e+00  -1.5741111e+00  -1.6534581e+00  -1.7776489e+00  -1.8053246e+00  -1.7362318e+00  -1.7818253e+00  -1.7888964e+00  -1.7382334e+00
