4.39348 -0.05215 
2.12974 1.05440 
-2.91247 -2.93654 
0.80683 0.65035 
0.45943 0.95861 
-1.94346 -3.52161 
2.07988 -0.36876 
-3.12884 -3.10475 
1.55326 1.05258 
-2.81878 -3.73574 
1.86968 1.38459 
-1.89941 0.27239 
4.93502 2.52999 
6.29840 -0.04702 
1.77553 0.71876 
0.49975 -1.26711 
3.62031 2.97120 
1.84908 1.37816 
1.39639 3.68300 
0.19325 0.04825 
-2.85777 -3.66507 
3.26448 2.76529 
-3.00285 -2.22038 
1.66363 2.21632 
1.52839 3.84538 
-3.37548 -3.27404 
4.11527 4.51901 
5.47671 1.30565 
0.39904 2.45034 
2.61126 1.81853 
-1.65999 -0.10840 
4.11421 1.90049 
3.70643 1.15593 
2.47637 1.78235 
3.91928 1.44946 
3.68082 1.48162 
0.36279 1.13294 
-1.80739 -3.03620 
2.74606 3.36640 
-1.84128 0.39752 
1.78700 2.88010 
-3.22559 -2.91731 
4.92969 4.54687 
4.85676 1.52223 
1.56582 1.90142 
5.69968 3.57870 
1.16323 1.09665 
-0.69522 -1.44146 
3.70891 2.01380 
0.45781 1.37393 
4.80132 2.18361 
-1.81299 -2.53790 
-3.15097 -2.49870 
-2.72838 -2.78121 
6.34994 1.95236 
0.99371 2.11734 
-1.56527 -2.86445 
-0.02702 0.60813 
-0.07248 0.70898 
1.73379 0.10979 
5.22950 0.50593 
-2.87904 -3.19179 
4.45036 3.02636 
-0.33096 -0.78229 
5.17058 2.50398 
3.64085 3.42989 
2.97699 3.99182 
4.66370 0.31825 
3.06119 3.26945 
1.71603 0.12990 
2.29379 0.17219 
-3.87828 -2.16973 
3.87120 1.20041 
1.03570 -1.02200 
1.01682 1.29024 
-1.37045 0.57435 
3.41820 2.43488 
2.41790 2.23983 
-3.43448 0.68087 
5.02529 1.89132 
1.88262 1.39148 
3.78936 1.28044 
2.37032 1.10789 
4.60417 0.51445 
3.75989 0.78867 
3.44466 -0.21207 
-2.29207 -3.74250 
-0.28095 0.38734 
3.69067 4.90338 
2.71009 3.00096 
-1.10425 -1.96046 
6.07325 2.39731 
-1.55740 -1.38411 
0.06332 0.60146 
1.72754 3.24438 
2.04534 0.77081 
0.60220 1.95402 
-3.05920 -3.22932 
2.04294 0.61981 
0.69630 -0.53516 
5.87436 0.63056 
6.83525 0.68320 
-3.73414 -2.97055 
-2.21500 -2.63137 
0.84595 -0.99869 
5.65613 0.61572 
0.12503 0.67890 
2.39843 2.33427 
-3.49185 -2.77831 
-3.56884 -2.81113 
3.67198 3.61299 
0.51787 -1.26654 
1.99528 1.11611 
0.75204 -2.28017 
2.82906 1.26422 
0.22000 2.05769 
-3.31451 -2.97583 
2.11966 1.77303 
-2.92330 -3.11154 
2.73237 2.92005 
-4.11179 -2.57564 
2.73053 1.38044 
1.87066 1.13784 
0.72128 1.72072 
1.22192 -0.44255 
3.49290 4.13252 
1.82104 0.76359 
-2.94887 -2.48993 
4.11016 2.25363 
1.91127 1.85968 
-0.85145 -1.06526 
1.91559 2.08032 
3.23060 0.43722 
3.50913 1.35111 
4.07496 0.21523 
1.66291 1.93417 
6.10022 0.73302 
4.39727 4.70605 
3.98301 1.01072 
4.78922 2.33548 
-3.54606 -2.85682 
1.15361 0.86838 
-2.72543 -4.18198 
1.39863 3.99410 
5.14726 0.36591 
4.47254 0.02843 
0.35374 -0.25962 
2.24749 2.56689 
2.93313 4.77257 
3.81879 1.69766 
2.37213 1.45257 
3.90197 1.51856 
1.14585 1.01657 
5.80114 0.67339 
3.38696 0.93042 
1.71755 3.52986 
1.47562 1.97865 
0.39298 1.13298 
4.82673 1.83080 
0.10744 -3.08774 
0.20569 1.83848 
5.20493 1.81373 
1.54106 4.89364 
3.86463 4.45939 
0.05939 0.88223 
1.41453 1.04091 
4.39824 0.93751 
2.60990 1.75823 
4.29908 2.64602 
1.01678 3.53543 
4.20850 0.09656 
1.39646 1.17397 
3.54457 4.46743 
-3.25024 -2.78904 
3.01552 2.60704 
4.67963 1.60935 
2.89864 1.45915 
1.25036 2.42791 
0.28969 1.10042 
-2.97058 -2.78507 
2.23129 2.74959 
2.80729 0.73957 
4.09120 1.13773 
-4.21477 1.82369 
-2.10082 -3.33695 
2.56480 0.74597 
-4.16376 -3.59962 
-0.33947 -0.99327 
6.22644 0.97984 
4.03627 2.28890 
-2.96272 -2.26590 
0.92052 2.64615 
1.07014 3.84520 
3.04319 2.47200 
1.03980 1.81492 
-3.30055 -3.36753 
2.91791 3.21033 
-3.45094 -2.46547 
0.40534 2.55839 
0.45724 0.81683 
7.08166 -0.30024 
3.08886 3.83336 
6.80987 -0.63897 
1.83109 4.52798 
2.10654 2.79496 
1.26472 2.04737 
-0.25172 0.61813 
4.29838 4.23904 
-0.95536 0.00249 
2.80167 0.55212 
-3.36843 -2.77842 
5.08314 1.41094 
-2.83274 -2.30345 
3.34552 1.37584 
1.51103 1.18564 
-2.82884 -2.95425 
-3.02666 -2.70536 
-1.81975 -1.54743 
0.77999 2.09773 
-0.85535 1.14046 
3.29780 4.08604 
2.57137 0.42759 
4.58002 4.11758 
-2.65655 -2.30171 
1.36451 2.29656 
-0.35301 1.95651 
-1.66739 0.99103 
3.90488 2.72100 
5.49554 -0.76722 
-2.18279 -3.31488 
-2.97705 -3.36565 
-0.51816 0.87959 
1.13714 4.07208 
-0.35470 -2.73286 
-1.12608 1.27333 
-2.89379 -2.51514 
-3.22385 -3.14536 
-1.16852 -2.04597 
0.59714 -0.28727 
3.35470 1.64721 
4.30876 0.86695 
-2.38011 -3.21409 
-4.03588 -2.30801 
3.44006 1.48683 
-2.44714 -3.88914 
0.71006 3.14610 
2.26068 0.77374 
3.54299 2.01664 
0.66759 3.80667 
1.29259 3.36859 
2.23284 1.94423 
-0.40448 0.69465 
1.73128 -2.32900 
3.09749 3.49587 
0.83504 -1.68224 
1.74996 3.32708 
3.58666 1.08172 
-3.20366 -2.77108 
3.78491 -0.32237 
4.41226 1.54618 
0.83272 1.79382 
-2.35410 -1.55063 
1.01099 0.48477 
4.30521 1.92786 
-3.21316 -2.60971 
-2.40948 -2.58304 
3.67982 0.37621 
-3.17288 -3.46022 
2.55220 1.80561 
-2.36466 0.75313 
-0.42710 -1.13488 
1.61599 2.36016 
6.06466 0.05255 
-0.55748 1.51265 
-2.71214 -2.51435 
2.79930 1.13063 
3.35062 3.01991 
-0.91715 0.38170 
-2.47571 -3.72393 
2.99736 3.88635 
2.58727 1.10314 
6.23132 1.70267 
-0.07111 -1.91103 
-2.14713 -0.67928 
2.06776 0.96489 
1.30060 -0.63064 
-1.12572 -0.49295 
1.22217 0.78682 
1.17634 1.98543 
2.51681 4.30322 
-0.89001 -2.43581 
0.98496 -0.09536 
4.90085 4.52717 
4.78600 -0.50880 
4.59360 1.92254 
-0.21063 -1.72265 
1.04349 0.07983 
6.16545 0.28346 
2.03599 1.14371 
-2.47564 -2.38007 
-4.07801 -3.17292 
-0.60004 1.17719 
3.51086 2.34539 
4.06452 1.74306 
-2.84281 -3.04055 
-3.04141 -1.88617 
4.36276 2.24436 
0.58068 -0.70168 
2.67354 5.02629 
5.42451 0.99700 
2.11189 1.83610 
-0.43020 1.01104 
2.91882 2.42951 
6.98247 1.23987 
0.09430 -0.69985 
2.00307 2.46554 
4.07110 0.33375 
-1.10854 -0.44480 
2.02139 2.03371 
3.58714 0.26016 
-2.82909 -2.87107 
2.54492 3.13965 
4.83852 1.74548 
6.19621 0.66453 
2.46333 -3.10913 
3.17311 3.80609 
2.78413 0.10766 
-0.46209 0.82352 
2.78246 2.65240 
2.03604 0.04819 
6.52257 2.01712 
3.18399 4.86522 
0.80531 0.77158 
-2.73114 -2.50551 
2.41885 4.81166 
4.24471 -0.44247 
-3.18769 -2.65178 
-2.34843 -4.21195 
2.49315 2.27669 
0.23638 1.26848 
2.60028 0.75920 
-3.65483 -2.19623 
2.81733 -0.50349 
2.22925 1.69347 
5.20660 2.10400 
2.52270 -0.98791 
-3.52228 -2.90996 
-2.86344 0.74799 
2.27409 1.45621 
5.63627 1.24001 
3.93536 -0.08417 
5.12103 0.20031 
4.55338 2.72738 
1.49557 1.11250 
-2.27769 -0.67116 
-3.54465 -3.16528 
-4.36629 -3.10688 
4.31217 1.38929 
-2.84926 -3.24167 
2.62590 3.95139 
3.43756 1.35028 
4.75190 1.40087 
-2.77342 -3.08536 
-2.97783 -3.35766 
0.08665 0.42546 
1.85787 2.93482 
-3.02260 -2.94131 
-2.78495 -3.46209 
-2.60128 -0.99045 
3.49641 3.83988 
4.60083 1.72921 
-1.53718 -0.28554 
0.81672 -1.02627 
3.33397 3.26468 
4.19819 0.45687 
6.88883 0.66311 
6.34860 0.51924 
1.51809 -4.43924 
4.66960 1.59223 
2.01942 3.02327 
4.39993 0.38814 
0.45276 0.71353 
4.28869 4.84173 
3.66083 1.89931 
4.60532 0.67423 
4.50784 4.67280 
4.91852 1.20398 
4.46656 0.26538 
6.68852 2.44644 
1.71115 1.37557 
-2.56113 -1.14943 
4.38083 3.02469 
3.99454 4.36087 
0.85013 -0.73596 
-3.77826 -2.97480 
3.65597 2.21945 
-3.59179 -3.63912 
4.11895 0.65574 
3.47977 4.59591 
3.74985 2.93406 
-3.39339 -3.47726 
-2.84553 -3.67164 
-3.04750 -3.74814 
-3.11993 -1.79227 
4.85584 1.14522 
3.86131 2.91625 
3.33817 2.72224 
0.85883 1.17419 
-1.45180 -2.76994 
-0.74490 -2.89715 
1.10278 2.13369 
-2.46730 -3.29543 
5.17702 1.23982 
-2.71609 -3.79613 
-3.42269 0.64935 
4.89964 3.15589 
-1.03561 -0.34459 
0.32673 0.06412 
1.07875 3.13560 
-2.61662 -2.81857 
-2.48215 -3.10490 
-3.06380 -2.79793 
-3.52343 -3.13764 
1.09133 0.47006 
4.62302 1.00240 
-2.30092 -3.22114 
4.10124 2.04383 
4.45620 1.94908 
3.71893 -1.43511 
-3.53210 -2.59204 
-0.99459 -0.26253 
6.84465 1.23853 
0.51005 0.12480 
1.72907 0.10785 
-2.89897 -3.35503 
-2.44768 -2.49483 
7.07840 1.33382 
2.64183 3.46389 
1.65996 2.57535 
1.09502 4.86143 
-0.68521 1.14628 
2.43972 1.29303 
-0.43587 1.00643 
2.48618 4.09275 
2.59315 1.69445 
3.74069 1.16441 
3.63670 3.84349 
-0.36168 1.64233 
-2.61813 0.96572 
0.68495 0.78217 
-2.81918 -2.85534 
-0.86482 0.04561 
-2.62381 -3.38075 
2.50642 -0.37607 
-1.01116 -2.04034 
-3.09612 -3.57151 
-3.10978 -2.03621 
5.95575 0.19487 
3.90621 -0.44130 
-2.63307 -3.03811 
2.36558 4.58238 
-3.19907 -3.17120 
3.00527 2.78546 
4.00342 3.25685 
-2.50850 -2.85650 
3.84509 1.99501 
-3.54000 -2.71891 
-2.11745 0.95747 
4.87606 0.23850 
5.33752 2.62835 
2.93728 4.68862 
6.32484 -0.94532 
1.02309 3.07690 
1.49696 3.06029 
-2.67602 -3.87589 
2.09091 1.02680 
-2.87411 -3.41388 
-3.10319 -3.13572 
4.79791 1.93639 
0.04665 -0.41025 
1.76898 3.36738 
4.74115 1.35079 
0.23791 3.51953 
-3.18404 -2.99042 
-3.00389 -3.61501 
2.54274 3.00002 
1.67483 1.33955 
0.36752 0.59353 
5.36019 1.66218 
4.35873 1.49638 
3.12856 2.05304 
4.80142 4.01769 
3.78478 0.52378 
1.12401 0.39498 
0.27314 0.61644 
-1.94294 -0.86663 
-2.16183 -2.89077 
0.47756 0.47569 
4.96033 4.32089 
4.08665 0.65871 
5.49963 -0.08664 
5.09068 0.50279 
2.33800 1.10240 
-2.13095 1.53597 
6.00877 -0.06972 
-2.50842 -3.67385 
5.58909 0.34802 
2.11344 4.17628 
5.61266 1.99653 
3.90498 3.35616 
-3.76267 -2.91290 
-0.20371 -0.99184 
3.91743 4.79150 
-0.63769 0.28042 
3.47315 1.36391 
5.94605 0.52967 
3.73543 3.35828 
1.23923 0.52689 
-2.30496 -3.01554 
6.05006 1.35325 
4.31983 0.29909 
2.95713 3.29552 
-3.82306 -2.83950 
-3.51140 -3.41703 
1.07020 -0.32329 
1.22939 2.66596 
6.19613 0.23347 
2.16169 0.04306 
-3.33485 -3.80493 
-0.15057 0.29198 
4.46211 -0.62642 
2.59169 2.59557 
4.25614 1.50488 
5.19677 -0.24320 
-2.34816 -3.20896 
3.43829 3.82294 
2.69089 1.91795 
1.30699 4.76542 
-2.89983 -3.13038 
3.36027 4.55078 
1.05147 0.21697 
5.62832 1.11305 
2.87949 2.20528 
3.00078 -0.03272 
1.20206 0.27363 
4.39766 2.86661 
0.15216 0.28458 
0.45584 2.28011 
1.47524 2.92233 
1.25059 1.38831 
-3.07104 -2.91187 
4.04314 1.43824 
5.70988 1.30066 
-3.11462 -2.54202 
1.58154 1.87667 
-1.67217 -0.89970 
5.67806 0.99395 
0.16241 -0.62098 
4.41305 2.82321 
5.82143 -0.32373 
1.57971 1.22290 
5.29890 -0.56072 
3.10684 2.26027 
-4.01334 -2.44508 
-3.49282 -2.68205 
1.40256 1.51491 
4.80823 1.21332 
-0.81813 0.89700 
0.31340 1.77511 
4.48101 3.39971 
-1.42859 -0.63484 
-2.44876 -3.37163 
4.07923 4.00485 
1.27180 1.69452 
-2.86874 -2.99353 
-1.52068 0.35846 
-0.32716 -0.29167 
1.01989 1.08572 
2.97611 0.23974 
3.02516 4.34014 
-3.17957 -2.48188 
-0.59183 -0.31201 
2.26367 1.86177 
6.00489 1.57639 
5.31803 -0.00254 
3.83138 0.30305 
4.05963 2.78599 
3.58840 0.73049 
2.10095 2.28667 
1.61858 1.61723 
2.30762 3.96778 
-2.67891 -3.53077 
-2.24664 1.95565 
5.59307 1.08816 
4.89277 3.43243 
4.18763 4.45985 
0.27263 1.15682 
-0.42548 -2.92569 
-3.19567 -2.36349 
-3.90086 -3.47517 
7.43582 0.58226 
3.69970 2.72235 
1.43584 1.21185 
-3.15270 -2.56873 
4.74589 0.51540 
-3.03699 -2.71699 
6.05265 1.75899 
2.41847 1.41011 
1.57362 1.89325 
2.72811 2.18342 
1.14311 0.84907 
-3.75001 -2.88521 
4.75369 1.65929 
-2.82137 -3.20831 
3.75641 4.30927 
5.49679 0.83518 
0.89336 1.72813 
4.90548 1.52365 
5.60887 0.91622 
-2.30550 -2.53329 
4.39953 2.32139 
2.45501 0.10070 
1.85781 0.62255 
-0.10924 0.15811 
5.09851 0.87574 
2.66666 3.42151 
3.95846 1.48343 
-2.59993 -2.83052 
2.06888 -0.75004 
-0.10854 0.12327 
0.41607 0.89793 
1.77595 1.13052 
-1.61464 0.13371 
-1.93752 -2.41229 
-1.10633 2.43990 
-2.23621 -3.01621 
2.66803 2.71392 
-3.15361 -2.95018 
0.73049 -1.27906 
6.36963 2.08488 
5.44972 1.75794 
-3.69291 -3.58608 
3.03639 1.53411 
0.88040 0.96857 
3.32220 -1.70530 
2.25793 2.32341 
4.20513 2.39123 
-2.58703 -3.76689 
2.53420 1.47253 
-3.08056 -2.14030 
4.84844 3.71805 
3.64984 0.35500 
5.14581 0.97016 
4.42948 1.00849 
2.01535 1.13891 
3.08370 2.07304 
5.87395 0.93889 
3.52478 2.05523 
3.97298 0.22244 
0.50756 -0.97359 
-4.46528 -1.72756 
1.83631 2.85240 
3.29770 2.24329 
2.13087 1.57552 
-2.72973 -2.36587 
-1.77142 -3.03393 
1.18549 1.48056 
2.34135 -2.28773 
3.76157 2.67088 
-1.73161 -1.01757 
0.42337 0.70952 
-1.83872 0.59502 
5.58271 2.55221 
3.44767 1.40426 
0.79155 -1.53764 
-3.09305 -2.99081 
4.35988 0.45899 
3.87743 1.83777 
2.10329 2.70911 
-2.26931 -0.38224 
0.41984 -2.08137 
3.82934 1.42357 
4.35339 0.77440 
4.35100 0.34725 
4.59457 4.63886 
-0.82663 -0.84056 
4.93301 -0.37947 
2.83060 4.67709 
-2.99959 -0.23488 
2.29314 0.79021 
4.83038 0.36832 
4.36873 1.35111 
2.21398 2.50103 
-0.60445 -0.41987 
-2.92219 -2.59034 
5.58161 1.45832 
2.28198 4.06874 
0.72019 1.85351 
-0.44152 -0.26253 
-2.28035 -2.80756 
2.25915 0.93186 
2.20557 4.13370 
-2.55947 -3.07769 
1.29407 1.40862 
0.11989 -0.16050 
3.34071 2.42034 
-2.43001 -0.85650 
4.36033 2.95147 
-2.80688 -4.05090 
-4.26810 -2.19934 
2.03921 4.09515 
1.75116 2.99451 
1.84376 3.98896 
-3.19621 -2.73438 
3.97320 2.37747 
4.04572 4.42305 
-0.60521 -0.92830 
0.56581 -1.79880 
-2.00041 0.02390 
3.02556 3.27766 
-2.00499 -3.10689 
5.24200 -1.40534 
1.28220 1.91769 
4.98919 2.29139 
-2.78191 -0.81604 
-2.43400 -3.03657 
2.18378 -0.84826 
0.99254 -0.22747 
-1.23604 0.83894 
1.76781 2.29997 
2.82687 3.79439 
3.16040 0.17446 
5.69705 1.41588 
2.85814 2.01811 
4.65832 2.06636 
-2.99485 -2.65539 
3.69413 0.99977 
-1.21422 -0.72498 
-0.17917 0.02901 
5.59635 0.77260 
1.74036 -2.28187 
-2.23348 -1.32776 
5.37313 1.45955 
5.18841 1.31866 
0.83859 0.64360 
0.88185 -0.37906 
2.68397 2.20692 
3.54239 2.54564 
4.10949 0.05535 
-3.46040 -2.26983 
3.52046 2.12724 
3.66281 2.21004 
3.66071 0.68342 
3.55691 2.68721 
-3.55708 -3.08553 
5.27769 1.65717 
5.25861 1.58515 
-1.99328 0.85134 
-1.32173 -3.02847 
4.69771 0.27844 
1.32852 2.40502 
1.98417 2.94893 
4.06076 -0.09254 
4.83434 -1.28065 
4.05290 1.03247 
3.34146 1.10797 
-2.49574 -0.99841 
5.00718 0.66810 
5.50704 1.75618 
2.13154 3.20958 
-3.01140 -3.96157 
1.13934 3.49048 
3.68918 4.59454 
-2.19544 -2.75669 
-2.11400 -0.16678 
3.07948 3.52769 
-0.06810 -0.24554 
3.29746 1.21970 
-1.50365 1.63025 
4.37499 2.46694 
3.92032 2.47671 
-3.11794 -2.58938 
4.38367 2.12539 
-3.32838 -3.68858 
-0.63497 -0.03043 
1.84765 4.37068 
-3.61747 -2.37972 
4.26675 1.78040 
5.07373 1.33679 
2.99356 1.07439 
4.23726 3.53923 
-2.50785 -2.39519 
2.54705 2.09840 
5.94952 0.22035 
-0.34581 -1.70670 
6.20431 1.17812 
-0.39902 -2.33819 
3.55967 3.61859 
0.31838 1.87839 
3.55101 1.51941 
2.99775 1.68597 
-2.95813 -3.35801 
0.30261 -0.41992 
1.26660 0.23124 
-2.21289 -3.12132 
-3.64957 -2.48818 
-2.84860 -3.94922 
-3.02252 -2.62253 
-2.85824 -3.34842 
-2.58835 -4.04781 
5.50903 -0.47622 
-3.27237 -3.39861 
6.68078 1.46066 
-2.74897 -3.44224 
1.52551 2.29004 
2.56726 4.19448 
-3.07749 -2.98166 
3.85721 2.70327 
4.56177 0.64900 
3.85024 0.79208 
3.34498 4.80072 
4.49520 1.27702 
-2.59743 -1.52149 
4.51755 2.93929 
-3.02456 -3.35859 
1.90128 1.35497 
-2.84683 -3.40858 
-2.19867 4.10881 
-2.66751 -3.33530 
1.57631 -0.61956 
-0.06766 -1.11882 
-0.16892 -1.78293 
5.81944 -0.79281 
6.42728 0.72216 
-0.59367 0.69260 
2.25631 1.41224 
0.45058 0.78722 
0.06303 -0.02910 
-3.25506 -3.25077 
2.13293 4.23810 
4.81971 4.16262 
-0.68521 0.02804 
3.00295 3.26989 
1.76666 4.25672 
2.06919 3.08469 
1.31102 0.76706 
1.05056 -0.50486 
2.78970 4.20385 
4.82129 0.19343 
-1.90333 -0.19504 
6.31835 1.37528 
2.63908 2.80700 
5.02899 -1.04896 
-2.03080 -3.76843 
1.22779 1.10125 
0.95742 1.66941 
-3.08936 -3.27641 
-2.77305 -1.72984 
5.51611 0.65712 
-4.15065 -3.40754 
4.23356 0.28307 
1.98617 1.54998 
3.28416 2.78475 
-3.23319 -2.53290 
-1.58437 1.38328 
1.56666 2.97087 
2.88460 4.14723 
-1.53360 0.82301 
-1.44495 0.52872 
2.88550 0.24392 
5.85386 1.40691 
0.39165 -2.73985 
4.78282 0.60233 
6.99195 0.72132 
1.84900 1.12537 
2.41738 2.30787 
-3.10746 -3.26311 
1.18121 2.25254 
-0.69647 1.10374 
2.83167 4.84674 
5.89123 0.12909 
4.00226 2.84752 
2.77936 4.81468 
-0.44047 -0.17980 
1.13941 2.52978 
-0.68890 -3.38151 
-2.88442 -3.07258 
6.00200 -0.18705 
-0.31163 1.32509 
-4.03940 -2.71039 
-3.00661 -2.80587 
2.78468 3.41435 
-3.08356 -2.13492 
-0.02736 0.97880 
5.51632 2.67401 
1.81226 2.15071 
2.30125 -0.51145 
1.01086 -2.79595 
0.83536 0.19658 
-3.57560 -1.23939 
4.14465 2.94270 
2.65133 2.31879 
1.01702 1.39225 
-3.65281 -2.49082 
0.63659 -2.12471 
1.64512 2.70677 
4.81736 1.64792 
2.88463 2.60117 
1.30052 -0.09880 
3.02400 2.21063 
4.64072 2.82698 
-2.52948 -2.60382 
-3.41970 -2.45879 
4.82061 1.65231 
2.31380 1.95893 
-3.32045 -1.98846 
3.76094 3.38325 
4.11349 1.50285 
-0.13327 -0.77509 
-3.77355 -1.89089 
3.68809 1.54218 
4.89450 -0.95010 
2.16022 -0.41401 
2.24275 0.44124 
-0.09118 0.36318 
6.95580 0.60602 
-0.17263 2.83590 
3.08942 0.09053 
-3.27806 -3.32371 
-1.34843 -1.22928 
-1.80491 -2.91463 
1.48377 0.61006 
0.72800 -0.32659 
5.36389 1.25762 
3.64485 1.12616 
-3.07584 -2.96492 
2.77209 3.08693 
2.52374 3.40584 
-2.05371 3.07659 
3.30960 3.10747 
0.28903 0.67592 
-1.80434 -3.23115 
3.93846 -0.06106 
3.91469 3.83957 
4.40192 0.70087 
0.60790 0.36382 
6.38603 0.57922 
-2.68975 -1.26539 
4.51849 1.10638 
0.14363 -2.21753 
4.76712 1.73908 
6.01638 1.36710 
1.52888 1.28855 
4.30322 3.14233 
2.83411 3.15344 
4.67669 0.77741 
3.97689 -0.10708 
1.60622 -1.35638 
4.76853 1.21763 
1.67877 4.45181 
-3.14393 -3.17994 
-0.34454 -0.93935 
-1.76995 2.47271 
6.04277 1.23952 
7.19764 3.16574 
2.43609 2.26418 
-2.34748 -2.52550 
3.37559 3.44715 
-0.22800 -2.43213 
2.17387 3.25909 
-2.23384 -0.30905 
5.17627 1.47152 
0.68557 1.08213 
1.96602 0.71107 
-0.74698 -0.55755 
5.63984 1.18298 
5.97358 1.44390 
4.09819 1.12817 
5.98839 0.27705 
1.38000 3.57554 
3.90887 3.21309 
-2.49765 -2.97879 
0.07010 -1.53772 
-0.82658 -1.41040 
-3.46217 -3.21146 
-1.98788 -2.43254 
0.08495 0.71945 
-3.25279 -2.80263 
-1.72936 -1.21950 
7.29603 2.15636 
-3.10911 -3.20019 
1.05585 1.76797 
4.29654 4.79559 
1.45978 1.60291 
0.54292 -0.00662 
3.80468 -0.08425 
1.08324 3.58371 
2.60565 4.79442 
3.17696 2.02829 
3.82414 1.79622 
4.74394 0.66858 
6.89050 0.76710 
5.41160 1.33076 
3.57764 3.07253 
4.53018 1.27365 
2.21049 1.55009 
6.40055 1.40125 
-2.26005 -3.18333 
1.28147 0.05429 
4.27506 1.46463 
3.45907 4.26471 
4.02908 2.12673 
-0.69465 -3.33263 
-0.54918 0.99361 
-0.95859 -0.23784 
4.67270 3.61717 
6.15292 2.94033 
3.19350 0.68646 
4.80651 1.16762 
-1.03918 0.64956 
1.16865 2.78220 
2.65851 0.91970 
3.68771 0.85069 
2.04829 0.94064 
-3.16135 -2.64604 
4.96308 1.54953 
-2.62619 -3.02182 
5.97330 2.01539 
4.63863 4.74599 
0.80355 -0.18609 
0.84661 0.48460 
-2.71462 -0.37181 
2.47658 3.72782 
0.66353 2.53156 
-3.52297 -2.70794 
-1.80148 -0.25400 
-2.49042 -3.20269 
2.24535 2.58781 
3.55253 4.70475 
-3.27095 -3.65913 
4.19999 4.29837 
2.56907 3.71909 
-0.62994 1.21688 
6.02051 1.55838 
3.75592 4.02341 
3.70084 1.69892 
-3.38881 -2.98714 
4.08575 2.04500 
-2.75068 -2.75673 
2.17578 2.32469 
-3.15444 -3.30821 
-2.46535 -3.26108 
4.05921 0.28488 
0.64421 -0.17165 
2.22945 4.66738 
4.44452 1.12904 
0.63437 2.29620 
0.49742 1.87818 
5.01883 1.85853 
5.28237 1.15061 
1.93172 1.25463 
1.96995 2.36219 
-2.82645 -0.66148 
4.92549 1.93540 
2.53487 2.88239 
-2.77047 -2.48679 
4.64059 1.20851 
1.30475 -0.41411 
1.75763 3.48752 
1.07286 1.32487 
-2.13907 -0.06293 
6.10747 -0.05927 
1.13659 1.85020 
-3.49948 -2.84885 
3.26888 2.95374 
4.27930 2.93711 
-0.66039 -1.31418 
-0.45379 -0.94640 
0.36835 -0.91720 
1.20521 0.25276 
2.42572 4.96268 
2.44159 4.85538 
5.60330 0.83996 
3.21159 1.99068 
2.25866 -1.22848 
-3.39892 -2.81269 
4.52535 1.29438 
-1.93481 -0.23919 
1.66888 3.14431 
5.05050 0.60107 
5.63310 0.31817 
-1.83776 0.28075 
3.09225 2.65417 
-2.89966 -2.92153 
3.23522 1.21081 
2.29537 2.12662 
-2.60169 -3.42396 
-2.84611 0.69180 
1.77445 2.59264 
-2.99551 -3.55636 
3.77421 4.89595 
0.76886 1.70957 
3.87678 1.71159 
6.09037 1.05588 
2.75690 3.23733 
-3.52754 -3.78367 
0.10145 -1.25133 
2.91312 2.06999 
-2.68805 -2.93221 
-0.23269 -0.12137 
1.20199 -0.04759 
5.81628 1.73778 
-2.89588 -2.56943 
4.61860 -1.01143 
4.98608 0.68857 
-2.40669 -2.60426 
5.11477 2.25833 
-0.59782 3.43238 
6.34273 0.23310 
0.42137 1.21338 
0.32945 0.64738 
1.13129 2.02505 
0.05591 0.17995 
-1.98554 0.39412 
-0.82224 2.11951 
4.61930 -1.21324 
1.12896 3.58201 
0.69807 0.64367 
5.01439 -0.05634 
-2.88002 -3.05846 
0.76496 -1.83103 
4.18577 2.91705 
-0.48433 0.11304 
0.85179 0.08735 
5.27631 1.65955 
4.38274 0.48563 
0.64121 -0.11247 
1.36381 2.00172 
2.47461 1.73049 
4.45026 2.56873 
-2.58886 -3.05781 
5.33439 2.47794 
3.85934 3.21979 
4.41673 1.52136 
2.53330 1.69615 
5.15329 -0.27935 
1.57840 1.37494 
-3.35668 -2.35261 
4.41533 2.83561 
2.24932 -0.96163 
-2.98295 -3.04642 
-1.10627 -1.46045 
-3.15031 -3.53940 
4.41136 1.77531 
-2.63390 -3.90256 
-2.89965 -2.95808 
-0.95752 -1.22249 
0.32672 1.40686 
5.53739 1.62203 
2.23210 3.26017 
5.10856 2.64815 
4.66500 3.90031 
6.20315 -1.19682 
3.88153 -0.48375 
-0.36435 -1.72655 
-2.96795 -2.32079 
3.43135 0.72688 
1.10533 2.52751 
3.05182 4.31376 
-1.70549 -2.18894 
2.24769 1.98775 
-0.05000 1.80646 
1.27286 1.63675 
1.35871 1.65117 
-2.81096 -2.75254 
1.03853 -2.04001 
4.89469 4.53209 
-0.39414 0.39570 
5.16672 3.12915 
2.38826 4.83332 
4.30775 1.01637 
3.52223 2.32365 
1.19991 3.65991 
5.86922 1.26849 
5.23383 0.63425 
1.32323 4.60929 
3.17394 2.22904 
3.17526 4.76414 
-3.50704 -2.84702 
-0.50202 2.03436 
-3.36202 -2.55805 
-1.70612 -1.29129 
6.09017 1.05048 
1.74045 1.81065 
1.42348 2.69309 
-3.99702 -3.09157 
0.88026 3.46008 
3.14464 0.85884 
-2.31636 0.89723 
-1.77919 0.18710 
4.68282 -0.47777 
3.59971 2.83034 
-3.78566 -3.18359 
0.96128 -0.87093 
0.36376 -0.14213 
2.67774 1.79635 
0.17512 1.97773 
2.09275 4.12229 
0.28862 -0.90328 
1.41522 4.19407 
1.43358 1.65273 
4.12046 1.41462 
-0.49400 1.83260 
3.62999 0.34822 
4.34276 1.95703 
-0.10079 2.26068 
-1.41519 -1.22808 
2.18295 -1.73345 
5.02668 0.88719 
4.26771 3.87949 
0.22338 -0.69102 
-3.41114 -2.87290 
4.28761 4.79352 
3.44505 1.16099 
1.83649 0.25140 
3.61462 -1.66564 
0.87751 -2.33263 
-1.02409 1.01843 
5.40224 1.16387 
4.04603 2.21442 
1.53371 -1.24467 
0.11085 -0.65646 
-2.94596 -0.77606 
5.10725 0.83276 
-3.03861 -4.30187 
4.48207 1.12464 
3.72536 2.40560 
5.06603 0.83834 
1.31598 4.72697 
-0.50953 -0.18009 
-3.27533 -2.48150 
1.79129 4.49126 
2.66120 1.14379 
2.70557 3.62431 
2.06572 0.95789 
3.41444 1.70057 
3.50970 2.23993 
-2.05733 -2.41805 
2.87781 0.43285 
-0.39875 0.53707 
4.23413 2.29128 
4.75496 1.95812 
0.71927 3.27531 
3.73181 -1.03225 
0.90867 1.19686 
-3.53328 -2.94267 
-3.88224 -3.38756 
1.78645 -1.34749 
-3.14385 -2.34172 
-0.21275 0.10020 
-2.62232 -0.21607 
-3.67730 -3.59645 
4.54492 1.23709 
2.39907 4.36237 
0.11146 -0.92492 
1.47506 4.23016 
0.41238 0.48544 
2.33577 2.11594 
4.96821 4.60515 
5.85275 2.58272 
-1.91386 -2.43537 
0.30868 2.73885 
1.66051 2.60511 
1.78588 -2.02716 
3.53889 3.27076 
4.31113 0.83807 
0.98828 1.19556 
-3.30647 -3.39896 
-1.41356 1.13042 
4.23185 1.60182 
2.82609 0.73410 
4.45683 1.04090 
3.32815 0.39540 
6.32700 0.58989 
5.02139 1.91700 
-3.16284 -2.91516 
1.36912 1.17946 
-0.75702 -0.01027 
-3.21949 -2.72266 
1.27074 1.94316 
-1.39201 -0.02695 
4.76678 -0.14895 
-3.03105 -3.03207 
3.35548 1.49053 
4.37065 4.06099 
4.61638 1.13493 
-3.22442 -2.41882 
-1.01973 -2.72742 
-2.01114 0.05926 
4.65963 -0.07657 
0.04643 -0.30770 
3.34811 3.55265 
5.77945 1.22288 
3.34355 1.63240 
2.37592 2.50713 
-3.31318 -2.49321 
-3.25153 -2.37247 
0.13162 2.72431 
5.56107 -0.40533 
4.51131 2.62871 
4.75838 2.59169 
4.25131 1.70713 
-0.90786 -0.78921 
3.05516 1.98101 
4.77903 0.60358 
-2.90164 -3.63471 
-2.80002 -2.86472 
4.99716 1.94956 
5.82761 1.75192 
2.32616 1.98116 
-2.50428 -1.75474 
5.86879 0.17606 
1.66509 4.94915 
-0.71359 1.21737 
-0.06472 -0.89134 
4.21111 1.54958 
-0.83288 4.48193 
3.15618 -0.10138 
-2.53441 -2.39741 
3.89095 2.41907 
0.72836 1.68272 
2.09522 0.17365 
1.42047 3.13944 
1.53833 2.45191 
-3.95677 1.63738 
1.40178 3.31974 
1.45182 -1.45667 
3.19883 3.29133 
0.73771 2.62213 
-2.37104 -2.79801 
2.51620 4.69416 
5.80584 1.99797 
2.32004 1.54230 
5.24436 1.35945 
0.26166 -1.56503 
3.38849 3.38437 
2.38960 4.21602 
7.37759 0.36932 
-0.95712 0.34844 
-3.25179 0.06311 
4.49316 0.53992 
2.14954 1.54667 
-2.91973 -3.33740 
0.55532 -0.44203 
4.69144 2.75473 
1.30477 3.38279 
3.08956 2.05285 
5.21179 1.84996 
1.43659 2.75237 
2.03799 1.52036 
1.97068 3.07887 
4.47650 0.87264 
-0.08738 -0.83044 
-0.04987 0.38564 
-2.06299 -2.84173 
4.54850 0.67169 
4.95299 1.95827 
-3.48472 -3.42818 
-3.67562 -3.28394 
-2.58145 -2.40011 
-3.14874 -3.02865 
1.10466 2.67980 
7.64710 1.42015 
5.27788 0.79950 
0.17674 -2.18236 
0.72096 3.67807 
6.04160 -0.07005 
-3.45469 -3.01911 
2.51988 3.31522 
-3.41208 -2.27684 
4.99714 1.32261 
-2.83667 -3.39372 
4.54866 4.86127 
2.26265 2.03968 
1.79222 4.14220 
6.46083 2.92935 
1.38616 2.42249 
5.09128 1.02703 
1.42615 2.13458 
-2.58493 -2.73789 
-2.94305 -2.59797 
2.54110 3.15923 
3.40415 2.90013 
1.48705 1.60925 
-1.98684 -3.65549 
-1.94565 -3.67386 
3.83642 4.69773 
3.06431 3.50813 
2.64420 3.82482 
2.09112 2.20596 
4.66852 1.96904 
-1.38838 -0.84110 
4.36725 2.68861 
3.70157 3.66498 
1.52479 0.71308 
4.18183 1.32085 
1.09628 0.88495 
-0.21707 -1.99664 
1.22169 1.02138 
2.32164 1.50630 
0.29083 1.04985 
5.09650 1.70698 
5.48481 0.75317 
3.97938 -0.07758 
1.51535 1.26781 
-3.31487 -3.73104 
1.35336 2.41861 
-3.45899 -2.61634 
-1.22712 -0.34509 
7.81322 0.51561 
-3.36146 -3.06867 
2.04676 2.75304 
4.42921 3.69138 
2.33281 2.97267 
4.70395 2.47038 
4.81036 2.29803 
4.78826 0.31987 
3.18914 2.78106 
2.41196 0.84013 
-0.08484 0.85915 
1.61050 3.43702 
0.44089 -3.52765 
1.39616 4.53588 
-1.73381 1.72965 
4.02242 2.45972 
4.03240 1.72751 
6.34164 -1.20752 
5.71857 -0.66293 
-1.76135 -2.00884 
4.33065 3.64023 
2.00035 0.67097 
5.45766 2.08701 
-3.19083 -3.29737 
2.68965 1.39190 
7.04708 1.89884 
2.55219 2.27157 
4.48862 4.89248 
6.25842 0.75708 
2.36287 -1.54173 
6.69635 1.19159 
-1.39966 -1.01873 
1.75596 2.43638 
1.80991 1.29292 
4.58422 3.85314 
2.05495 2.08958 
4.28583 2.58189 
0.62555 -3.25633 
2.52443 2.94245 
-0.07605 2.69315 
1.58619 1.77375 
-2.82994 -3.41454 
2.15340 1.82313 
-1.12318 -1.25725 
4.05542 1.95573 
0.96425 0.48945 
-2.47798 -3.04646 
2.73008 1.40903 
4.58175 2.33160 
5.88645 1.29337 
5.32408 1.83956 
0.49464 3.18145 
6.02207 0.13364 
2.99042 1.82150 
0.37919 0.26900 
3.19521 4.22774 
4.10941 1.69120 
4.21257 1.68027 
2.22316 -4.42861 
4.50556 1.27161 
2.72975 3.51712 
1.45818 3.02277 
3.90088 4.12506 
1.05693 1.68095 
3.97956 4.50978 
2.63906 2.93280 
-3.35427 -3.05233 
4.48435 2.58287 
1.68848 0.92988 
3.86184 1.81864 
1.27482 1.49963 
2.76333 0.31712 
-3.50634 -3.32293 
4.73281 1.56689 
6.41560 0.52089 
1.99754 1.43956 
5.27643 0.91439 
1.48155 1.01823 
3.13879 0.61848 
0.28393 -0.30795 
-0.07592 0.86009 
1.13961 2.60056 
4.95270 -0.15184 
1.59284 0.36133 
2.88000 2.40158 
4.30876 2.15715 
4.67675 1.09901 
-3.84155 -2.70074 
2.94206 4.31704 
-3.75241 -3.23176 
5.63724 1.03965 
-0.91028 1.12539 
-2.81788 1.04478 
1.89461 1.29654 
-1.45387 -0.31828 
0.04299 -0.01598 
2.48806 0.21719 
3.68495 0.92528 
-2.13433 0.87803 
5.14987 2.03342 
-2.38032 -2.83043 
-2.11359 -0.26254 
1.52519 4.48462 
-3.50864 -3.35039 
6.74913 1.73002 
4.04167 1.40227 
2.94672 2.25053 
4.35454 -0.35762 
3.89892 1.21723 
0.86970 2.20615 
3.27204 1.59162 
1.66500 4.57283 
4.02881 0.92181 
5.72963 1.86608 
-1.56238 -2.56201 
-2.66070 -2.60272 
3.28444 3.42511 
-0.29330 -0.91455 
2.42407 3.32999 
3.33693 1.42926 
-3.62623 -3.50094 
3.77672 4.27168 
3.74954 0.25553 
2.93763 1.77027 
6.31281 0.93096 
5.31693 2.42556 
-2.62628 -3.04641 
-0.53156 2.83178 
3.93273 3.26525 
-0.15377 1.80836 
3.67413 3.41573 
6.07918 0.42056 
3.29640 2.22695 
-2.71796 -3.05259 
-1.66527 0.38948 
5.55019 1.99361 
1.76517 0.50954 
2.45358 4.79943 
-2.21855 -3.42875 
1.46895 1.09082 
2.00651 4.93824 
3.94866 -0.38863 
5.52849 1.76560 
3.07019 1.04627 
6.06160 -0.57386 
1.10988 1.02048 
3.24988 2.35145 
2.02012 4.01779 
5.39275 0.49058 
-0.12982 -0.25562 
-3.44236 -3.25650 
4.43281 3.10174 
5.13152 0.67447 
1.34330 3.05502 
0.45889 0.33805 
4.32413 3.92242 
4.23194 0.03307 
-0.44606 2.44307 
4.53989 1.87517 
1.28109 -0.52874 
4.63468 1.58426 
3.01782 1.27974 
-2.93010 -2.70549 
1.66885 0.85688 
3.85361 2.50799 
6.47429 1.67361 
2.68722 4.27540 
2.70961 1.48062 
4.40911 1.86326 
-1.44027 -0.16226 
4.17080 -1.00896 
1.41980 2.28424 
-0.67186 0.97258 
5.68095 0.35058 
4.31678 0.98299 
3.70892 3.78958 
0.12651 0.84500 
-1.59937 -0.60741 
-2.19737 -2.80718 
-2.90356 -3.87469 
5.26463 1.61057 
0.03087 1.12197 
-3.29177 -3.33478 
3.62364 1.19955 
-3.27354 -3.09193 
-3.72764 -3.48460 
2.08140 3.33629 
0.96604 -0.63402 
5.87851 3.26672 
0.04041 1.07084 
1.27082 4.15279 
1.80850 3.44221 
4.68534 4.02222 
2.26426 2.19412 
1.85302 2.73223 
-1.41621 -0.10409 
-1.58725 -0.43166 
-0.29137 0.99250 
4.86977 0.65730 
2.92935 3.38903 
1.89736 2.06197 
-2.55322 -2.56859 
-4.59758 -1.87476 
-3.73349 -2.09593 
0.48756 1.08122 
2.16655 4.86417 
5.48553 0.40862 
2.01919 -1.61924 
-2.23860 -2.63355 
3.25096 4.63621 
4.66405 0.70240 
-2.85037 -3.33926 
4.36661 0.28187 
2.40945 0.49160 
6.20470 0.15982 
0.63301 -1.12809 
4.08927 4.16362 
-0.20847 -2.12350 
2.64729 2.35360 
-2.87053 -2.79535 
2.48801 0.52822 
-3.05236 -2.33254 
-1.08044 1.91471 
2.11133 2.59670 
-3.25191 -2.86093 
3.46422 3.12113 
-3.25185 -2.77010 
1.03276 3.88933 
-2.47931 -3.15065 
4.90672 -0.29648 
5.23708 0.62004 
-3.23001 -3.43145 
-0.17292 0.54056 
3.59769 -0.72473 
3.13257 0.20099 
5.36409 3.05384 
5.09939 -0.11176 
4.84663 0.65852 
-0.16689 -0.31421 
4.21432 0.73416 
5.44831 -0.66435 
5.69028 0.09962 
2.09653 -0.05848 
-0.14710 -0.60905 
5.10833 -1.51785 
-2.73641 -2.49926 
-0.57514 -0.18330 
-3.25867 -3.05103 
3.71324 2.42323 
-2.91053 -3.16240 
4.35641 1.05052 
-3.06778 -2.48844 
1.97867 -1.25867 
6.22281 2.24192 
-2.40724 -2.65555 
-2.78173 -3.15657 
0.91627 1.32976 
3.19880 3.06172 
-2.97906 -1.76336 
-0.10302 0.66708 
-0.71854 0.45739 
0.18309 0.16144 
1.83096 0.17215 
1.85541 4.38666 
-2.00736 1.95642 
-2.71779 -2.13606 
5.44656 2.87242 
-2.23495 -3.45496 
-1.36873 0.20545 
6.06802 1.91786 
-2.52437 -3.41642 
0.18183 0.44596 
4.66049 0.64619 
2.94966 1.73821 
5.36846 -0.03790 
2.70441 1.18257 
3.21086 3.70391 
-1.31284 1.35482 
3.14541 1.79467 
5.17295 -0.15207 
1.11246 2.09465 
-1.11322 1.06722 
3.15728 1.84848 
3.69799 1.29800 
-3.04369 -2.61933 
2.41719 -2.00289 
2.01289 0.59605 
2.08831 2.81606 
5.12072 2.54973 
4.46404 3.19720 
-1.47199 -1.52743 
1.00072 4.81258 
1.55664 -0.00897 
3.89002 1.59700 
4.05850 -0.64922 
2.76776 2.69194 
5.47900 2.28975 
-2.56089 -2.57386 
1.08746 4.79228 
4.62590 2.33804 
-1.23205 0.32871 
2.11755 1.53975 
-0.40747 0.12139 
-0.34753 1.05533 
-2.18954 -2.28626 
5.70295 -0.15876 
3.33149 -0.88248 
-3.87376 -2.90552 
-0.47508 -0.65987 
-3.21958 -3.93411 
4.32136 0.18482 
3.02821 0.45052 
3.37717 2.49714 
4.29639 2.29046 
6.88405 1.83767 
4.91048 2.20567 
4.58541 1.12996 
4.62374 1.47227 
3.95504 2.05482 
3.09091 3.45166 
3.02587 1.26113 
-0.81407 0.58413 
-3.01996 -3.32308 
0.19246 2.47694 
-0.64342 -0.15772 
-2.55575 -3.43466 
-2.08105 0.92451 
3.36506 1.30127 
4.34500 1.87816 
1.92549 1.98556 
5.24069 0.74377 
3.73663 0.71079 
5.06019 0.92395 
1.32101 -1.79437 
2.54362 2.91896 
2.62904 2.22397 
-0.67027 0.23323 
3.93662 1.88710 
4.15077 0.05610 
4.99348 4.56947 
-3.04890 -2.85561 
1.51783 2.92495 
2.58301 1.31292 
2.74985 1.02020 
-3.78283 -2.99361 
1.56493 2.60445 
4.22114 2.65460 
1.78963 3.74053 
2.77862 2.28490 
5.24590 2.67600 
5.13888 -1.00132 
1.21633 2.44797 
-0.43463 1.63811 
5.89485 1.43319 
5.19868 1.87258 
4.02236 1.09601 
4.59807 3.12321 
-0.38660 -1.14747 
-1.78195 2.29272 
1.12923 1.02379 
-3.98281 -4.69803 
4.41065 1.70935 
-1.56517 -1.95353 
4.11857 1.91031 
2.96839 3.83871 
-3.57441 -2.66380 
2.49935 3.09249 
1.35086 4.78665 
5.55176 1.00616 
2.17191 -1.20914 
3.45704 1.15585 
0.82037 -1.17215 
1.78788 4.63022 
4.95189 1.66054 
-1.99211 -3.65038 
-3.34027 -2.86317 
3.22293 2.25578 
-1.35589 -0.45474 
4.66191 4.72883 
-2.89941 -3.54515 
3.60625 3.35553 
-2.72201 -3.04396 
4.33664 2.83099 
5.94321 0.56381 
4.72072 1.23129 
5.67523 -0.51324 
-3.77995 -2.06883 
-1.98628 2.35468 
2.79712 -1.38319 
0.40337 3.26819 
1.80565 1.01121 
1.58521 3.10813 
1.58050 1.78221 
6.03030 3.85797 
-3.35833 -3.39527 
1.75768 -0.10509 
-1.35900 0.48135 
1.18254 1.19380 
2.02956 2.01177 
4.31542 1.50059 
4.07850 2.52443 
4.58804 -0.06190 
6.21472 1.61583 
-2.67017 -3.85801 
-0.80433 0.67559 
5.07679 0.22260 
6.24945 -0.27652 
1.20088 -2.89052 
-2.69831 -3.03335 
-2.67149 -2.69394 
2.59765 4.92801 
3.00762 2.37595 
-1.04655 -0.98196 
4.57232 1.52482 
3.01154 0.30798 
-3.44315 -2.99985 
0.73464 0.18381 
3.08569 1.32585 
0.98234 -1.34498 
5.76751 1.62013 
-2.73263 -3.09401 
-2.32901 -2.53973 
-2.72541 -1.85656 
-1.22126 0.50642 
3.96410 1.08358 
1.34581 1.14810 
1.02931 4.48306 
-2.45577 1.40962 
3.68895 2.43007 
5.32258 0.38301 
2.09777 2.19434 
3.69002 0.93335 
4.39998 3.95785 
4.61575 1.55111 
4.29745 1.21890 
-2.47700 -3.32097 
4.31718 2.53992 
-0.73947 0.44017 
1.77457 3.20955 
-0.73657 0.54188 
4.03432 0.97827 
3.71357 1.82414 
4.31529 2.75942 
4.79882 2.24940 
-0.70630 2.65119 
1.21480 2.00380 
-3.29830 -2.88518 
2.49252 -0.03822 
-2.16669 -3.12013 
4.81212 0.57985 
0.92847 -1.78802 
-0.13152 0.27612 
-2.17311 -0.63850 
6.32866 0.59658 
4.98592 1.68525 
4.65169 4.10840 
3.95911 0.45557 
-0.49400 -1.44370 
6.64632 0.93936 
2.57969 3.73837 
4.71008 4.25913 
-3.90866 -3.00475 
2.73297 1.45864 
2.26128 1.97863 
-3.45913 -3.06352 
1.97774 3.50421 
4.31286 -0.60869 
-2.61023 -3.06196 
-4.09528 -3.18143 
1.12668 2.18002 
-0.95972 -0.56614 
-3.14160 -3.58744 
0.65392 0.48978 
-2.93929 -3.47033 
-0.03611 2.60162 
1.80085 2.63561 
6.12998 1.84513 
5.03647 2.27637 
5.41582 0.08561 
5.48884 1.16176 
1.71309 3.76401 
1.30692 0.54164 
6.18248 0.04854 
5.29714 -0.09020 
-3.44787 0.85015 
-3.04380 -4.26325 
-1.55088 -2.24077 
2.62043 -0.33638 
-1.46305 2.96354 
0.44843 2.15438 
2.43674 1.06375 
1.93154 2.26101 
-0.14860 2.68568 
4.91616 2.35207 
-0.05008 1.09715 
2.67079 1.19960 
5.43960 1.05148 
-3.54773 -2.62217 
2.69293 3.93388 
3.15944 -0.43692 
3.01324 -0.60465 
5.38004 0.74176 
2.20084 1.77671 
3.17010 3.28389 
2.69725 0.66882 
5.26853 3.23803 
5.43135 0.37555 
0.32526 0.19607 
2.91140 4.68526 
0.75876 0.36130 
3.12316 1.09489 
4.41039 1.11386 
5.83784 0.43069 
4.77087 -0.08825 
4.38453 0.74283 
5.60187 2.24402 
2.08611 2.26832 
-0.52495 0.34121 
3.71977 1.34129 
1.19398 2.81330 
2.44896 4.34771 
2.89228 3.39644 
2.02878 2.03919 
5.39318 1.51319 
3.02555 2.11264 
-3.55484 -2.56277 
2.36876 1.96232 
2.65724 2.08645 
-1.37795 0.41500 
2.11582 3.71478 
4.58333 0.80654 
0.37044 0.94324 
-1.56771 -0.65386 
1.37865 -1.10291 
-3.46476 -1.73170 
4.82660 1.56319 
5.31922 1.16311 
4.89097 2.26766 
1.77101 0.84134 
5.34963 0.39935 
0.07598 1.04821 
-3.15445 -3.00127 
0.05686 1.05875 
6.23157 2.13270 
2.38875 1.58161 
0.73415 3.01300 
1.33492 3.18070 
5.43916 0.20235 
4.05058 -1.65790 
1.67893 2.03705 
-3.66127 -2.07011 
0.83602 -0.51296 
4.90011 1.58303 
4.49374 4.30099 
-2.97927 -1.38317 
-1.73967 0.44727 
-2.76356 -3.02321 
5.32353 0.16307 
-3.31103 -1.32272 
-4.35931 -2.56122 
0.42133 0.36507 
2.00338 -0.19070 
-3.71186 -3.07140 
4.99069 2.86524 
-2.30591 -2.78388 
2.52232 3.62712 
1.14001 -0.79944 
0.02932 1.69486 
-3.38593 -2.86438 
6.20822 0.96811 
4.59938 2.51454 
-1.85989 -2.24738 
-0.70778 -0.63126 
1.56430 2.14446 
-0.52193 0.07755 
4.88356 1.44000 
4.29822 2.76467 
2.08461 -2.26192 
-2.45868 -2.58773 
-3.48915 -3.39933 
4.83027 1.18638 
-0.90728 -1.45982 
-0.63423 0.77158 
-2.88329 -3.25302 
-2.76458 -0.68627 
1.92019 1.99344 
1.16015 0.55702 
1.46920 1.90139 
-1.25691 2.70790 
1.75407 0.45054 
2.44274 4.04181 
6.04722 2.68422 
4.34055 1.09404 
-2.76444 0.61878 
-1.37968 1.06282 
4.56219 1.01019 
-2.14510 -3.26549 
2.52736 4.06313 
0.68246 -1.03825 
3.07840 2.03813 
2.45384 2.31315 
1.97789 2.01044 
-1.13953 -2.96409 
-3.20460 -1.44893 
-0.12375 -0.33977 
-0.79100 0.29574 
6.17371 0.92744 
2.98726 1.31157 
-2.75276 -3.17476 
4.57593 4.18090 
6.69458 0.18143 
2.26226 0.60654 
-3.63857 -3.09356 
4.67424 1.70277 
5.45100 2.87353 
4.63746 1.80168 
-2.99369 -2.97511 
0.32217 1.43224 
-2.55421 -3.17007 
-3.35119 -2.65049 
-3.07611 -2.49947 
2.46995 2.05309 
-3.34318 -3.88328 
4.46374 1.48838 
-0.57740 0.88593 
4.28872 1.70361 
4.99704 4.15986 
3.36315 1.06778 
1.92242 3.29129 
1.52972 2.18215 
4.42002 1.46922 
-0.81789 0.14045 
5.76336 1.82299 
-2.79362 -2.90882 
3.54172 1.98481 
1.94565 1.44150 
-3.18738 -2.78965 
5.89546 1.64098 
1.55172 1.94713 
3.96208 1.01740 
2.05305 0.49487 
4.87715 2.25898 
1.11746 1.92299 
1.14662 2.93772 
-0.42033 -2.23257 
-3.24445 -3.86817 
-2.91699 -3.38053 
1.34198 2.24112 
3.71527 0.76274 
-2.29287 -2.74530 
3.97328 2.14807 
5.45443 -1.08618 
3.89372 2.51008 
-0.32359 -0.00975 
4.21797 1.50628 
2.89866 4.55112 
-2.86599 2.68896 
4.59990 2.02790 
4.92432 1.65063 
3.92141 2.29813 
3.11545 2.29364 
1.85243 3.66667 
-3.23533 -3.42889 
1.45206 3.12397 
3.04130 4.21483 
0.67003 1.04803 
-3.19184 -3.16238 
2.90536 3.33129 
0.81243 0.12595 
1.79223 3.11629 
5.83128 1.19009 
0.39776 1.80308 
4.05995 1.24944 
4.93178 3.62329 
4.84936 2.87261 
1.96238 1.60128 
-2.87825 -2.28316 
3.75750 2.63609 
1.36832 3.44750 
4.91659 3.81101 
-0.31108 -1.01026 
3.49252 0.28115 
-2.55329 0.37688 
2.86789 1.17734 
2.18258 1.31207 
5.17361 1.42902 
5.05988 2.05372 
1.83310 2.37717 
0.56180 0.75731 
1.34812 2.69936 
3.03921 -0.11527 
1.41015 1.35961 
1.76266 1.74751 
-2.76187 -2.84136 
0.39878 1.97673 
2.61163 1.64599 
1.27176 3.06490 
4.17267 1.92550 
-2.04900 3.34107 
0.68568 -0.76359 
4.74040 1.65839 
0.01143 1.12373 
1.48971 1.58570 
2.77395 1.80788 
3.38985 1.10941 
2.58208 3.60983 
5.92082 0.55659 
4.49131 1.45350 
3.12432 4.69648 
2.76263 1.66593 
2.49875 0.76880 
1.79230 1.80937 
-0.21463 2.51019 
-1.40048 0.86812 
5.67298 0.26983 
5.46828 0.05853 
-1.95591 -0.69434 
-2.80954 -3.20311 
2.14484 2.16724 
-3.35003 -2.77347 
4.27824 2.81051 
1.40493 3.80782 
3.64508 -0.18324 
3.82115 3.17858 
2.08325 2.10695 
3.85931 2.20968 
6.03744 1.16198 
3.60964 1.13783 
-1.51334 -0.56107 
-0.65219 -0.74951 
-3.03401 -2.77092 
2.55574 -0.13601 
-2.64850 -2.68432 
-2.25226 -0.76109 
2.31484 2.56396 
3.30349 0.50488 
3.57520 -0.10611 
4.39565 1.78111 
3.66566 2.34572 
-2.75447 -2.34243 
-3.31011 -3.51554 
1.20473 2.47472 
-3.29352 -2.71551 
-2.69604 -3.22219 
4.79611 -0.39245 
1.02324 -0.56671 
0.56933 -0.93661 
1.22657 0.16193 
3.36696 3.12958 
-2.19569 -3.79969 
-2.98116 -2.76580 
-3.76663 1.02223 
-0.17453 -0.29292 
-3.16397 -2.64322 
2.46385 2.95961 
4.75817 1.74703 
-3.48051 -3.47661 
5.12446 0.15432 
1.28808 -1.79530 
-0.20623 1.92301 
3.96207 -0.33615 
2.73445 2.86668 
1.82082 2.95994 
4.75724 3.23405 
1.75802 -0.36890 
-1.71795 -1.25631 
6.15615 1.80483 
-1.61644 -0.67228 
4.78864 1.37203 
-3.08073 -3.53090 
-3.23948 -2.69175 
1.27266 2.87251 
1.73841 0.63262 
2.58443 2.33483 
-0.29024 3.06487 
3.60131 0.67545 
1.98883 -0.39998 
1.04716 2.04984 
2.65268 4.43890 
-2.72526 -3.08316 
5.92636 -1.26797 
6.11273 1.94041 
2.64323 1.22545 
3.34474 1.82633 
-1.55270 -1.48821 
2.09605 1.48204 
0.56793 1.08131 
2.45981 1.52359 
0.82160 -2.89802 
-2.58917 -3.14411 
3.98039 4.55139 
5.23394 0.79037 
3.35972 1.02579 
-2.54273 -3.38660 
2.10466 2.07999 
6.10512 1.05406 
4.61978 2.21523 
4.50663 2.60565 
-2.91920 -3.12527 
-0.75300 0.64783 
-2.39958 -2.84319 
-2.95179 -2.03402 
1.74362 4.86839 
-2.29155 -2.74614 
4.84668 3.14959 
5.16043 2.01283 
3.26627 2.06391 
3.33207 2.40933 
2.33961 1.81281 
-1.63247 -3.20574 
5.39600 0.50061 
2.56632 1.45165 
1.42845 4.20083 
5.16624 2.69495 
0.38034 0.98611 
-0.09436 1.58384 
1.74105 1.63078 
4.13511 4.12319 
4.86736 4.59706 
4.73349 -0.16345 
2.06035 1.04628 
2.33274 1.59224 
1.41099 3.09905 
4.88918 2.29447 
6.28508 1.52940 
1.84169 3.68624 
5.36948 1.70395 
-1.90646 1.05509 
1.74835 3.93519 
5.25483 1.02040 
1.49008 1.53770 
4.22908 1.32009 
4.57078 1.10900 
-3.81864 -3.41666 
-2.80924 -2.23829 
0.69897 3.22516 
1.11785 2.06775 
4.80624 2.05659 
4.39053 4.99825 
-2.28732 -3.59451 
6.12734 -0.14913 
1.78881 0.64160 
1.08580 3.23909 
2.22860 -1.35885 
4.29690 2.29552 
4.85842 2.33742 
3.16217 0.82295 
4.40437 1.43119 
-3.19500 -3.12563 
3.06557 4.46994 
5.33180 1.23433 
3.88275 1.07676 
1.05278 -0.45285 
4.77765 3.06883 
-3.27020 -2.87757 
4.98164 2.55439 
6.33833 -0.06502 
3.42713 2.30399 
-1.13272 0.84930 
1.35478 -2.46711 
-0.16991 1.24485 
6.57438 1.29331 
1.06840 0.74335 
4.85571 2.66013 
1.24539 3.65372 
3.88633 -0.38514 
1.98613 3.77080 
4.58167 3.32558 
2.60094 4.95388 
5.47957 2.87651 
1.68096 4.92390 
0.47674 -0.58095 
3.50920 3.17572 
6.13086 -0.04227 
-0.46743 0.69723 
-2.36627 -3.99289 
4.65520 0.46014 
-2.75453 -2.97431 
0.66979 1.33815 
2.97197 -0.16257 
-0.01562 -0.68719 
-3.32515 -3.33736 
4.41483 1.31929 
2.39114 3.41046 
3.79933 1.89424 
-3.16752 -2.47566 
5.56411 -0.66329 
1.35851 4.90982 
-0.10133 -0.74728 
-3.06399 -3.35478 
4.26733 0.55831 
3.17788 0.15897 
2.72186 2.18089 
4.91797 0.18596 
4.52084 1.54165 
-3.40168 -3.58128 
-0.94616 -0.53885 
2.63340 2.15762 
-1.11770 -0.27274 
1.51194 4.61287 
2.52169 3.09274 
-0.53504 -0.22374 
5.50853 1.54905 
-0.74372 -0.73865 
0.82079 2.95650 
5.54485 -0.34910 
2.02169 3.52354 
2.25064 -2.09896 
2.53489 3.79791 
-2.77732 -2.91629 
-0.06133 -0.97664 
-2.63831 -3.89042 
-3.86007 -2.59920 
3.63470 4.30001 
2.43496 0.69910 
5.36059 0.23624 
-2.27648 -2.74180 
-0.11556 3.36311 
1.71529 -1.34134 
3.19646 4.08208 
-0.29642 1.48812 
4.16139 1.97505 
5.02223 1.74396 
5.15234 2.40334 
2.25776 1.20943 
2.31092 4.56943 
6.97674 0.70351 
1.66371 0.53642 
5.63426 0.99499 
0.70969 -2.58168 
5.34751 -0.06533 
-2.50304 -0.48579 
4.35499 1.02474 
-2.55152 -1.95265 
-0.19246 1.00507 
2.20467 0.50971 
0.60423 0.11827 
3.04426 1.64709 
5.73141 1.04282 
0.19739 0.39896 
2.07788 4.35310 
-2.90138 -4.25200 
6.02722 0.20972 
4.52988 1.10904 
-2.98911 -1.33526 
-2.17709 -0.58571 
-0.57483 -0.27086 
0.01185 -0.52349 
1.84082 0.78856 
-3.95108 -2.68597 
4.67043 2.88863 
2.09674 1.41044 
-2.89550 -3.49482 
4.18200 -0.67267 
0.76362 0.52198 
1.62597 4.81496 
-1.57290 2.52360 
-1.76674 -2.65136 
-2.15208 -3.13345 
4.62950 1.44383 
5.59759 0.41595 
-3.25627 -3.27198 
0.92693 2.74416 
-3.11895 -3.48442 
1.71673 3.00496 
3.72464 2.41661 
-2.73736 -3.21265 
-0.16228 -0.17352 
2.25598 1.00804 
-2.89944 -2.80712 
-0.37107 0.80315 
3.21414 3.09706 
1.56231 -1.52322 
5.90318 1.46005 
2.69263 1.28051 
1.50889 1.92669 
1.60747 1.21649 
2.63361 2.41685 
-2.78220 -2.02925 
-0.62726 2.32104 
3.69796 0.94796 
1.15858 -0.10560 
3.84851 1.33553 
-0.12811 1.18469 
-4.27157 -4.44794 
1.21550 3.17766 
1.43852 3.46873 
-3.53654 -3.18309 
5.54416 1.83673 
4.69170 1.60402 
2.69908 4.53279 
0.59459 2.82095 
-1.41624 -1.61008 
-1.85699 1.75457 
-0.28721 0.17936 
1.08825 1.29441 
4.77120 4.99989 
2.06616 1.81767 
-1.09946 -0.23906 
2.95786 -0.27392 
0.30683 -0.96272 
-2.12572 -2.58306 
5.79111 1.76874 
0.25539 0.18302 
0.03184 -0.30763 
1.26622 3.49741 
-2.90426 -2.85497 
4.92279 2.85053 
4.29267 0.54932 
6.12001 2.12818 
5.45870 1.71294 
-2.96600 -2.64743 
2.18226 1.93455 
-2.90712 -2.61620 
3.32939 3.43105 
-4.34233 -3.02686 
5.58885 0.97246 
-0.02722 0.13989 
-2.81888 -2.86687 
4.95977 1.48561 
5.06581 -1.65355 
4.45801 0.84358 
-2.42017 -3.32142 
1.87568 1.36402 
6.04487 1.03679 
5.34022 1.19715 
3.82033 2.34614 
5.45998 -0.62243 
-2.10594 -4.00647 
1.78313 -3.85841 
-0.79329 -0.38498 
5.37861 2.30939 
2.18741 0.12415 
4.99052 3.87864 
2.44976 3.07378 
-3.69592 -3.41975 
0.57690 0.57298 
-1.78446 0.85457 
2.19570 0.54643 
4.18152 0.13489 
0.43745 2.65003 
-2.86765 -3.24788 
7.12339 1.66930 
2.64865 2.37363 
-0.48420 -0.25746 
-1.44164 -2.12356 
-2.06784 -3.35112 
-3.63829 -3.85258 
3.48330 1.43993 
1.64848 -0.38485 
3.60065 2.97355 
-3.12914 -3.03270 
4.91133 -0.26763 
4.50012 0.67639 
4.99532 0.99418 
2.09017 0.81701 
5.56046 1.25934 
5.05154 1.20441 
3.79500 2.15900 
4.22277 0.34118 
4.62155 2.29952 
2.37134 2.95840 
-2.72564 -2.04816 
1.83924 3.09602 
1.38634 4.13018 
5.14425 -0.17081 
-2.88385 -2.66512 
2.07631 1.33217 
-2.04037 -0.13102 
2.97072 4.38134 
-2.16136 0.83576 
-1.84105 -3.10176 
3.79677 1.65386 
-1.82169 0.09840 
-3.37952 -3.10491 
-3.37393 -3.42691 
4.87791 -0.18829 
0.33403 -0.66904 
-2.41396 -2.68620 
-1.30023 0.68851 
2.25600 1.92557 
3.30452 3.16194 
0.25290 0.30895 
3.32535 3.94999 
4.24346 2.61419 
4.30019 0.13817 
5.31303 1.85513 
-2.38783 -2.73791 
3.90633 1.98646 
2.68725 2.93064 
-2.92833 -1.96040 
5.55812 2.64706 
1.88579 2.54706 
2.15317 -1.35659 
4.06569 0.50426 
-0.45100 -2.53360 
-1.20232 0.48247 
4.08039 1.15720 
0.72659 2.91282 
3.53863 2.01202 
-3.36644 -2.84767 
-2.84836 -3.05928 
-0.08743 1.13541 
1.86600 1.17794 
5.74049 0.61857 
0.99630 1.24269 
3.71380 1.35846 
6.05719 0.57659 
3.39120 4.83976 
-3.24077 -3.51895 
0.15502 0.95917 
4.53449 0.40395 
-2.05682 0.30438 
5.78677 1.12850 
6.34546 1.33370 
0.50695 -1.32647 
3.68452 4.28247 
1.90886 -0.05542 
1.52135 2.02742 
-2.68694 -2.07653 
4.29536 3.34759 
-2.44906 -2.21433 
-2.74784 -2.78953 
-3.00734 -3.91029 
5.26480 -2.01430 
2.02489 -0.34715 
-3.07988 -4.03886 
6.27842 1.33240 
-2.68657 -3.79279 
2.07499 0.84981 
-1.76964 -0.85782 
5.76348 0.24061 
-3.89428 -2.74144 
4.04694 -0.25235 
1.23541 3.36789 
-0.90344 -0.62026 
2.99852 3.82826 
-2.91616 -2.83418 
4.33615 1.96420 
-2.01991 -2.92861 
3.90555 2.24150 
2.83388 1.03531 
3.91336 0.40839 
0.98051 0.27507 
3.24552 2.84766 
2.97460 0.17511 
-3.56161 -2.95941 
2.21958 -2.29134 
4.55472 0.87269 
1.73555 3.52580 
5.35218 3.23857 
1.03271 -2.18136 
-0.84575 -2.99323 
4.44264 4.74470 
5.72554 1.02768 
1.70363 2.57708 
-3.30764 -2.10253 
2.00604 2.06927 
-3.56010 -2.46817 
3.70591 3.91213 
-3.13618 -1.04058 
0.84854 0.25989 
-1.14884 0.90345 
-2.92251 -3.47203 
0.91279 -0.83291 
0.44764 3.25104 
1.41786 4.26451 
4.48583 0.17480 
5.06970 0.88828 
-3.40496 -2.72222 
6.50704 3.25337 
3.02772 2.56026 
1.79248 4.00145 
-2.42925 -2.26867 
2.65641 1.01221 
3.46337 3.80888 
4.75997 0.16342 
-2.80083 -2.79300 
-3.28250 0.48518 
2.59398 0.77678 
1.32379 3.08659 
4.07893 4.12351 
3.89542 4.77916 
1.60539 -2.17038 
-2.78731 -3.24682 
-2.53885 -3.66222 
5.58221 1.10945 
2.28276 3.36791 
0.91537 -0.05261 
4.40269 0.37247 
4.71920 1.88904 
6.81717 -0.75486 
-3.27274 -3.00643 
3.03595 3.73673 
-2.66254 -2.94928 
4.68751 2.23821 
0.48755 0.15959 
2.35362 0.66450 
0.55448 -0.59403 
-0.13428 1.47741 
1.27663 1.98469 
2.34192 2.54410 
-3.52230 -3.13435 
5.19030 0.91344 
-2.58907 -0.57449 
1.54274 -0.98073 
2.15117 2.26985 
-2.99883 -2.72568 
-2.79752 -3.85246 
1.66809 -0.92287 
-3.58105 -3.29336 
2.74776 0.58992 
5.37396 1.05347 
2.10341 2.21907 
-1.76610 0.78648 
1.37514 1.16050 
3.38989 1.86854 
5.00705 1.34538 
-4.02394 -2.36813 
5.05096 0.61437 
2.17511 0.40603 
-3.45337 -2.73623 
-0.10995 2.29342 
5.19670 0.11506 
4.87784 3.35180 
-2.98820 -2.68098 
3.62199 1.26402 
1.85764 1.42112 
3.32941 2.20335 
-1.78201 -2.40872 
-2.36729 -3.42110 
-0.74826 -1.26983 
1.85636 2.31920 
3.60845 2.75096 
-3.24136 -2.71323 
1.19760 1.33163 
4.41728 4.34241 
3.46552 -1.92562 
5.22571 1.26899 
-2.25531 -2.91204 
5.97017 1.03856 
4.45226 1.96106 
3.98380 -0.18620 
3.47210 1.20299 
3.78762 0.72234 
6.57596 1.21739 
2.78922 1.71141 
-3.13993 -3.53602 
2.28277 2.44154 
-2.04649 0.68751 
-3.34787 -3.45211 
-0.60561 2.31370 
4.94753 0.74605 
3.19390 3.11872 
-3.61819 -2.95872 
2.77946 4.27224 
5.97220 -0.15966 
-2.51775 -2.43925 
4.42759 0.92802 
4.75460 4.45028 
4.78020 1.28113 
5.15348 0.95603 
4.77732 1.27070 
1.94701 0.79374 
6.21006 1.40676 
2.83835 3.01594 
-3.13863 -3.42226 
-2.65283 -3.14153 
5.37208 2.01351 
4.50555 4.10203 
-3.30395 -3.41557 
1.44488 1.63932 
-2.87820 -2.51713 
1.13955 1.78207 
2.03894 0.92927 
-2.31270 0.89716 
-3.71133 -2.86921 
-3.18390 -2.60486 
6.32108 1.40307 
2.88701 1.49068 
2.34472 -1.37797 
3.81720 1.00310 
5.03781 1.80130 
1.69204 0.47630 
-0.22323 1.56699 
2.24182 1.51710 
-0.06582 0.81001 
5.83484 3.28401 
3.79960 -0.29437 
1.79646 2.08166 
-2.39828 -3.03376 
5.79164 0.82826 
2.95465 1.45007 
4.96813 0.83297 
1.48464 1.48215 
2.99508 -0.34627 
3.40048 4.03952 
4.50233 3.35043 
-2.72757 -2.80795 
2.09482 1.35599 
5.76263 -0.21454 
-3.46653 -2.71438 
4.46219 0.11773 
6.01164 -0.39185 
-3.49990 -3.56541 
4.51240 3.17391 
1.68104 2.68233 
-2.82681 -3.82222 
4.73482 0.96628 
3.69776 4.29505 
1.50439 1.04328 
1.53589 2.99151 
3.14476 3.26251 
5.16784 1.29608 
-3.30118 -3.30243 
-1.14248 3.15567 
2.49295 2.31677 
2.31839 2.98878 
4.60236 2.30984 
4.90273 0.85016 
3.18913 1.99691 
4.93956 1.65234 
-2.79415 -2.84236 
5.27546 0.31509 
-3.17940 -3.71928 
5.76045 0.93693 
-3.34720 1.80225 
5.25920 0.45312 
4.37875 1.59912 
3.90313 0.16318 
0.13414 1.43314 
-2.90423 -3.14833 
7.55451 -0.49960 
1.11213 3.56094 
1.39725 2.43517 
4.23040 3.37010 
-3.19458 -2.95521 
1.80013 2.86218 
-0.15611 0.97487 
-3.07960 -2.92297 
5.00544 1.28045 
4.44521 0.49081 
1.04636 1.78624 
-2.75694 -3.21272 
6.61798 2.00269 
2.66415 -1.34053 
2.08909 0.76658 
1.74451 4.24613 
1.29735 2.33462 
2.74443 1.11040 
4.15843 0.71063 
3.73491 2.72245 
-3.70186 -2.17331 
2.03890 3.56285 
1.88360 1.88706 
2.47816 3.16167 
0.05963 1.59481 
-0.32552 0.62394 
2.56889 3.96814 
2.11174 0.58874 
-3.34377 -2.10445 
4.30227 2.54021 
5.93247 0.40146 
0.76197 -0.68865 
5.91145 0.62913 
-0.52731 -3.98958 
-0.52081 0.71095 
5.17975 0.95322 
-2.32394 1.12912 
-1.18412 1.69792 
1.45864 2.70585 
0.34586 1.16514 
-1.55482 -1.97842 
1.00100 2.54342 
2.19570 0.15027 
4.04841 2.45092 
4.82575 3.92398 
4.09084 2.46745 
4.82634 4.74200 
-0.71600 -1.33817 
0.46072 2.53108 
2.78966 1.27975 
-1.18967 -2.86475 
4.67140 1.45231 
2.38560 1.43569 
-0.06127 1.62348 
0.24555 -0.98959 
2.47718 3.37302 
0.14298 4.18596 
1.94174 1.30052 
5.64548 -0.10236 
0.17274 -0.12135 
-1.58368 -0.01255 
2.05798 0.70041 
-1.39060 2.35841 
4.56253 0.14017 
-1.12529 -1.29664 
-1.38049 1.61210 
-2.88837 -3.07837 
-2.57885 -2.54689 
2.30848 2.37003 
7.10352 0.82385 
-0.73336 -2.25526 
-3.65257 -3.41046 
0.66599 2.84645 
4.30124 0.22738 
0.06669 2.44421 
-3.44212 -2.69274 
1.19350 1.02020 
-0.20598 2.14861 
-3.67114 -3.88583 
1.07635 -0.27128 
-2.69898 -2.86834 
1.86450 3.88201 
5.25002 1.13495 
2.40801 0.64189 
0.18263 0.77076 
-3.00725 -3.64544 
6.04873 1.49057 
3.71115 3.39622 
-1.49737 -2.05829 
-2.26735 -2.54844 
1.32468 2.12497 
-3.02023 -3.87271 
-2.73465 -2.17886 
4.27909 1.90206 
6.49142 1.04674 
4.61836 3.90392 
-3.15941 -2.68302 
2.36596 -0.65858 
2.07758 3.69827 
7.16506 0.27252 
6.29886 0.40746 
2.71414 4.22894 
-4.19460 -3.07395 
5.42987 1.81900 
-0.23431 -0.84332 
-2.97829 -3.19946 
-0.97449 -1.07814 
-0.76828 0.34788 
1.17918 -0.08529 
3.84115 1.51990 
4.46540 1.28266 
-2.93191 0.59501 
-0.79447 -0.36758 
2.91835 1.81067 
5.46802 0.40915 
2.12411 2.56471 
0.02752 -1.01444 
-1.17632 0.45549 
1.30305 4.41813 
-2.13461 -2.56813 
4.09928 3.49360 
5.83253 -0.73315 
4.97901 0.93210 
3.28950 1.48068 
-2.89029 -2.54545 
6.59428 2.07860 
4.78012 1.41228 
3.79493 0.23494 
0.45773 -1.64371 
1.11296 3.69730 
3.16463 -0.06379 
2.16117 -1.33228 
5.59799 1.88312 
1.33531 2.76848 
3.05260 3.49960 
0.67218 0.37483 
0.77233 0.58353 
-2.82607 -2.66770 
-1.73831 -1.71607 
4.00393 2.38656 
3.44849 0.52835 
2.99108 3.92451 
4.62368 4.15393 
3.49340 1.54783 
-3.07332 -3.14374 
4.54126 1.59802 
5.31102 1.10351 
4.29361 0.88614 
-2.99157 -2.79246 
4.04411 0.96645 
1.41964 1.81963 
6.17247 1.69647 
2.80027 1.43645 
0.16513 -4.26228 
6.05075 1.34792 
2.25637 -1.04355 
-3.31234 -1.75907 
6.60695 0.79802 
-3.38362 -2.70169 
1.10579 3.97512 
-0.28722 2.66959 
1.94144 2.31592 
4.49352 1.24801 
2.71517 -0.56777 
0.92138 1.22135 
4.40602 4.99012 
0.84333 2.84287 
1.16797 1.84081 
-3.12618 -2.35818 
4.27327 0.13910 
5.68102 0.62562 
1.08421 3.60405 
1.35877 3.12455 
-0.88854 -0.56763 
4.29876 3.07422 
-3.39198 -3.24286 
2.00920 1.56872 
1.83925 2.81415 
4.21976 0.82759 
1.88936 3.04361 
1.57416 -1.67179 
3.73634 0.04539 
-0.50277 -0.03802 
4.72899 0.57849 
-3.66817 -3.30616 
4.92649 0.44617 
2.47751 0.14819 
2.48750 4.45894 
1.43407 1.58015 
1.14948 2.66916 
-0.98148 3.24662 
-3.33848 -3.43860 
-3.04757 -2.02548 
-2.89816 -2.83864 
3.79912 -0.47315 
2.22729 3.39509 
1.19227 -1.78406 
-2.14052 -2.13857 
-0.31004 -2.21125 
1.32847 2.85406 
5.51414 0.10889 
-2.04787 -0.70219 
-0.48052 0.21035 
2.42184 1.06734 
0.09791 -2.65668 
-3.47708 -2.64802 
-3.41947 -3.96912 
2.13099 2.92164 
-3.11439 -2.87622 
0.16411 -3.05153 
-0.68303 -0.98113 
-3.23385 -2.99551 
-3.89585 -3.34438 
6.04620 0.10135 
4.13307 1.53766 
0.32547 -0.59915 
-2.63782 -3.12363 
2.95404 1.19876 
-3.66266 1.51730 
1.66404 3.45186 
-2.36128 -0.27631 
4.60261 -0.26681 
4.96947 0.12428 
4.25354 1.93083 
-0.41691 -0.05030 
4.80030 1.16293 
5.03217 0.44239 
3.69599 0.14360 
2.06117 -0.15294 
7.79606 0.68052 
-0.72305 -0.49242 
-2.80661 -2.49619 
1.90151 1.45421 
-3.52510 -2.56982 
4.94130 3.66820 
1.37839 0.17918 
4.42115 0.88473 
-3.47636 -2.00028 
-1.66215 1.14150 
3.88398 -0.15251 
-1.94970 0.65383 
0.36585 1.15266 
4.37943 0.76743 
3.98102 2.38985 
5.33497 0.70507 
-0.55025 -0.19180 
-1.16939 -2.36154 
0.66892 -0.87326 
1.29033 1.49464 
3.38665 -0.34315 
3.72705 1.34023 
0.40900 1.05856 
4.76087 0.44516 
6.04750 1.16127 
4.73657 1.97079 
0.02278 -2.12884 
-2.56750 -3.04933 
2.24050 2.22718 
0.80702 0.59831 
5.93495 2.16032 
4.61261 3.76243 
6.86265 0.68840 
5.29086 0.96012 
1.40991 2.10972 
3.07442 0.02662 
1.02452 1.66295 
2.41948 3.52316 
2.38688 1.07009 
-0.68659 0.13706 
-1.99680 1.03325 
5.17230 0.71109 
-2.57149 -2.37091 
-3.81872 -2.24184 
3.50675 0.36316 
-0.66095 -1.59499 
-0.38768 -0.06843 
-1.76772 2.12245 
3.46830 2.27453 
-0.60416 -0.75637 
6.70353 2.04077 
4.93680 -0.14397 
-2.70162 -2.93938 
3.30454 2.32865 
1.90256 2.39459 
-0.66000 2.32178 
-2.83955 -3.53468 
5.08655 0.02831 
1.83642 3.06281 
-3.07918 -3.05563 
-3.38544 -3.31428 
3.97418 3.45581 
5.19466 0.86173 
-2.82502 -3.47523 
-3.26320 -3.03773 
1.55809 -1.38349 
1.47252 0.26482 
5.03934 0.40582 
6.24167 -0.15670 
4.28742 2.07476 
-3.44581 -2.44500 
-0.72391 -1.57782 
0.99269 -0.21495 
-1.11311 -0.89571 
5.44098 -0.23855 
6.00363 0.88300 
3.37138 3.67660 
2.50979 1.66390 
2.87790 3.15918 
-2.51703 -3.75871 
1.95588 2.13387 
4.10477 1.57143 
0.02095 0.34448 
3.79993 0.40209 
4.02669 3.99890 
-3.28465 -2.61474 
3.31825 1.17697 
-1.74106 2.23485 
-0.69474 -1.96153 
1.74828 2.86891 
1.34560 0.66711 
4.05237 1.89731 
-0.28466 2.81326 
0.18243 -0.02872 
-2.23080 0.03209 
1.07539 1.41107 
3.91504 3.45899 
-0.02481 -1.18026 
4.30425 2.53297 
4.90484 0.20704 
0.66804 -0.25988 
4.79339 3.78708 
3.23690 1.22009 
-0.58575 1.33400 
-1.02408 0.30655 
5.56279 1.51396 
2.05374 2.07828 
2.03340 0.87099 
-2.49315 -2.69630 
-3.15290 -1.83386 
-2.92252 -2.52473 
4.00876 1.78673 
3.87040 2.04857 
2.64611 -0.90050 
-1.25342 0.24822 
4.34199 0.83216 
1.80164 1.25084 
3.15802 2.39663 
2.19773 2.92656 
-3.27957 -3.16127 
-2.23818 -3.77676 
5.63808 0.99855 
-2.99558 0.76169 
-3.49101 -3.52632 
-2.52656 -3.37152 
4.63080 -1.53504 
1.25760 1.17164 
6.15858 -1.43229 
2.83121 1.64879 
-2.52855 -3.53694 
-0.49013 0.98377 
-3.60061 -2.77204 
2.65253 0.76323 
4.73587 2.21435 
-2.41061 -3.09037 
4.76506 0.30660 
1.77216 2.73925 
1.78440 0.62061 
5.91282 2.01825 
-3.57735 -2.72711 
-1.06538 2.78665 
0.38952 -0.00409 
5.20095 0.84494 
-0.02728 -0.15918 
1.99017 3.33115 
-3.59968 -3.64765 
4.62999 3.92905 
-0.25794 2.38717 
-0.94876 2.33509 
-0.27393 -0.82870 
-2.90279 -3.12201 
1.56031 0.25182 
4.46402 -0.02805 
0.37862 0.75392 
-3.30626 -3.28400 
-2.96320 -3.08009 
4.21260 1.42674 
4.66908 1.20686 
-2.65011 -3.82182 
0.57551 -1.28473 
0.35668 0.47799 
1.63679 4.09007 
-2.69191 -3.02952 
5.82469 2.31694 
4.59137 1.68207 
0.31154 0.24447 
-3.25826 -2.60006 
1.41632 2.48028 
-2.83862 -2.25810 
1.31033 1.11337 
-3.35723 -1.98264 
-1.25077 -1.63401 
0.58649 1.51645 
-3.44605 -3.29988 
2.32821 -0.93878 
2.27485 3.08223 
1.66082 3.32553 
-0.69784 -0.76060 
-4.07245 -2.84133 
-3.41121 -3.58552 
1.82319 2.49480 
2.63429 2.51724 
3.15782 -1.08565 
-2.28033 -3.35082 
2.41741 2.28055 
2.80073 0.39951 
4.03079 -0.45406 
5.58100 0.45651 
5.80015 1.89307 
6.29732 0.75846 
1.28234 2.25075 
0.45864 0.07630 
6.54099 2.66364 
-2.58729 -3.52843 
1.79530 2.70565 
4.63586 3.21617 
1.78201 3.95551 
-3.08254 -3.66098 
-1.51850 -1.57759 
-3.25283 -3.69347 
-3.87612 -3.27390 
4.13401 0.03370 
5.48722 1.46283 
4.84488 4.62121 
2.62726 3.32920 
4.98733 -0.36279 
-3.32138 -2.99942 
5.59809 1.09891 
4.26765 3.07616 
3.16144 3.93839 
-2.80067 -3.04595 
2.41477 4.92869 
4.93617 0.13415 
1.52768 2.29520 
-0.09816 -2.39262 
-3.39470 -2.98319 
4.96060 2.22796 
1.70310 2.46777 
-0.01653 -1.76894 
4.01570 1.56731 
6.13058 1.65123 
0.84256 2.26723 
3.47595 2.66826 
-3.34176 -2.38486 
2.26810 1.25658 
5.81157 -1.19328 
4.77444 2.11520 
-0.37770 -1.67360 
1.33845 3.01763 
1.22578 1.96850 
0.60017 -1.45889 
2.45803 1.58836 
6.11845 0.12443 
-0.52851 1.60522 
5.25326 2.29572 
4.89167 2.19818 
-3.63091 -1.69549 
-0.55280 -0.21555 
0.39879 2.78998 
0.99799 -1.00718 
1.45392 1.89590 
-3.33835 -2.37509 
-3.08612 -3.53443 
2.06628 2.72365 
5.00847 1.35495 
-0.28237 -1.07179 
5.67154 -0.22932 
1.03132 2.71712 
-2.21922 -2.78532 
4.75440 1.64076 
6.31008 -0.16022 
-2.73838 -2.63962 
3.22700 3.90323 
5.89460 -0.96623 
6.00411 0.20908 
-2.87070 -2.73110 
0.76238 -1.27185 
1.98516 2.58103 
5.40715 -0.34094 
2.79015 3.92241 
0.88771 0.82583 
3.66205 1.75820 
5.03198 0.48812 
0.92990 1.95480 
-3.41587 -2.55956 
3.57837 2.72277 
4.73220 1.02582 
-0.56199 -0.25525 
2.13630 1.40237 
-0.81127 -0.65544 
4.27641 4.88722 
-3.11418 -3.64242 
-2.64730 -2.15004 
-3.47268 -3.90696 
1.64528 2.27599 
-1.27508 -0.43402 
1.47928 3.56283 
1.07775 -2.01545 
-3.10583 -2.05840 
0.01239 -0.65599 
4.25442 0.43416 
4.82451 0.77495 
5.34118 1.28282 
4.98443 1.79334 
4.73422 1.49187 
3.91515 0.09953 
2.67468 0.65246 
4.65126 3.33049 
-2.16028 -3.49318 
-2.05903 0.98503 
2.05321 1.77216 
2.17641 4.16954 
-0.33379 -0.02596 
-0.28865 2.34245 
3.45884 2.63115 
2.92217 3.28984 
2.26106 1.34149 
5.80667 0.72259 
3.64210 1.22997 
-2.68748 -3.06876 
-3.20401 -3.21199 
2.34619 3.11452 
3.49779 4.06513 
1.58828 1.63798 
0.01066 0.20867 
-1.65441 -0.23319 
3.86444 1.44264 
-2.96998 -3.83364 
1.42329 2.98340 
-3.16484 -3.87472 
2.69448 2.14084 
1.28084 4.04567 
-0.78313 -1.69656 
-3.20832 -3.46336 
2.78963 2.27851 
-3.38207 0.04315 
3.98839 -0.31538 
-2.84347 -2.84182 
0.01769 1.37828 
4.15549 0.67999 
3.84641 2.25859 
-0.61025 -0.17172 
0.21037 0.42874 
-2.78379 -4.12394 
-1.31956 2.21586 
1.87947 1.68939 
2.18651 2.64794 
-2.83667 -2.69409 
6.06507 2.29915 
0.88748 -1.44783 
-2.40909 -2.65367 
-3.74277 -3.25422 
1.01436 3.12152 
2.73222 0.65220 
0.17565 2.65758 
1.27342 4.91584 
0.24475 1.89297 
-4.06771 -2.84436 
2.80391 2.58758 
6.50703 1.16618 
4.26835 2.56927 
-2.95333 -2.52229 
-1.62456 -1.29161 
1.43342 1.75598 
-0.17032 -0.56348 
4.13375 1.00291 
-1.48023 -1.57975 
4.89508 2.05876 
4.93079 2.06815 
5.68177 0.30594 
6.05422 0.70921 
2.90280 2.23249 
1.67225 -3.05595 
3.92265 1.95441 
0.98297 -2.36362 
4.34638 3.52546 
3.90067 0.75942 
1.93430 1.10618 
0.73072 1.21196 
0.98245 -0.54508 
5.24173 2.76165 
3.77386 2.32830 
-2.76931 -2.86422 
-3.45548 -2.75257 
4.93862 1.00826 
1.16566 3.15639 
2.09717 2.62783 
-2.36975 -3.13383 
5.25681 1.14052 
2.74440 4.28977 
5.45703 1.96355 
-1.26602 1.95740 
2.85923 3.59373 
-1.00662 0.12201 
0.48598 -2.15782 
3.58751 1.31491 
4.62877 0.73174 
2.08264 2.60567 
-1.79292 2.45332 
-3.44282 -3.25210 
1.49951 -0.46395 
-2.87188 -2.71017 
4.63016 0.97260 
0.44196 -0.71585 
2.87038 3.72166 
4.65824 3.84465 
1.83124 2.95163 
7.16739 2.44062 
4.78714 1.78572 
-1.10955 2.67151 
1.37260 2.30047 
-1.88005 -2.61108 
3.47204 1.21856 
5.72151 1.94855 
-3.11747 -2.96463 
4.13039 -1.48882 
-0.11359 4.51854 
4.24602 1.67160 
1.06446 4.24330 
0.37992 -0.84655 
5.66518 2.74719 
5.26095 0.02958 
3.59362 1.02351 
-2.77721 -2.81462 
-2.46825 0.61114 
3.49081 2.13179 
1.50867 2.30134 
3.07279 -2.15472 
2.46488 -1.45786 
-0.73776 1.91587 
2.84885 0.66969 
5.09068 2.84520 
5.82934 0.97143 
5.24005 0.50482 
5.54980 1.16588 
1.36177 -2.80791 
-2.99238 -3.57803 
6.15068 2.25365 
1.09529 2.31557 
-2.79322 -3.20567 
-2.29717 -2.18146 
3.70908 1.19621 
2.36632 3.37177 
2.13529 1.05020 
-2.55990 -2.98281 
-0.82202 0.45167 
4.45317 3.83414 
3.88901 0.80482 
-3.05256 -3.42712 
-0.82619 -2.29012 
1.14878 4.66554 
0.18645 -1.54673 
-2.61166 -3.80454 
-1.62671 1.34193 
4.07858 1.19073 
4.10055 2.64049 
5.36567 1.90829 
2.60005 1.26392 
3.41513 2.30810 
5.43690 2.01741 
-0.14358 0.25227 
4.75784 1.36661 
1.37040 0.81128 
-0.26891 -0.74311 
5.94141 0.01049 
1.80469 1.41769 
5.71870 1.27145 
6.22592 0.48270 
6.26106 1.79790 
-1.53474 1.70328 
-2.91078 -2.90544 
1.48386 1.19814 
5.24160 0.44801 
3.39369 1.09088 
1.64571 2.77635 
5.31471 2.53080 
-3.13824 -2.11034 
-3.35429 -3.23203 
-2.73018 -2.61566 
-1.17333 0.57790 
4.20226 2.49749 
-1.57857 -1.99011 
1.85037 2.80801 
4.47651 0.86721 
-3.29431 -2.99316 
5.43594 2.84907 
4.75052 2.24347 
3.16068 3.87773 
-2.49273 -3.49327 
1.94560 1.84676 
5.02585 1.71158 
4.68777 -0.71724 
4.97856 1.05933 
-2.23299 -2.45631 
-2.82277 -2.37871 
-3.61396 -3.92421 
4.49262 1.14314 
-1.79351 0.35158 
6.05928 -0.43363 
3.74856 2.77450 
6.54333 1.95545 
1.36993 3.15409 
0.70761 1.09989 
-0.30136 -1.68668 
-2.36594 -2.99632 
0.46133 -0.94396 
0.38469 -0.15614 
-0.72920 -2.56610 
0.57365 -0.94986 
2.31435 1.67426 
-3.32170 -3.21039 
1.46595 2.18984 
-2.24984 -3.24906 
1.31351 1.67193 
-1.23885 1.40538 
-0.16623 1.99353 
3.40856 1.08154 
-3.81744 -2.78630 
-2.11122 -3.27520 
2.85775 4.75911 
0.96656 0.66114 
-3.02909 -2.27529 
-4.37186 -4.15300 
3.59544 1.44061 
2.69997 0.84074 
2.62313 0.98665 
1.16032 1.27201 
4.26684 -0.99989 
-2.75813 -2.66497 
0.17978 -1.03433 
5.48153 1.76855 
3.11080 0.64049 
-2.76593 -3.23958 
1.98968 2.17693 
4.77218 1.59618 
-3.19770 -3.43098 
6.55818 1.09323 
1.91155 -2.69694 
6.29574 1.62263 
6.41744 0.87985 
5.73603 1.86357 
2.00160 2.80123 
4.76439 1.62877 
0.56263 -0.13473 
0.88143 2.26036 
2.80487 3.16856 
0.04848 1.54222 
-2.28022 -2.50118 
-2.13602 3.80284 
4.33528 0.01854 
4.01080 0.23711 
3.08197 1.20318 
2.21300 3.43808 
2.32166 0.35331 
2.03013 2.59038 
4.27800 0.57865 
-3.17958 -3.21838 
5.26492 -1.03636 
2.15106 1.77408 
5.30635 1.05483 
5.89316 -0.08114 
3.42003 2.66067 
5.69096 1.51112 
4.21752 1.90100 
-2.71096 -2.72876 
-1.94813 1.64748 
4.20656 -0.75597 
-3.14067 -3.57434 
4.96380 4.17046 
2.72062 0.07210 
-1.97561 0.85677 
1.20541 3.12570 
-0.18133 -0.33411 
2.26049 1.71204 
-2.99428 -2.91496 
-0.03252 -1.86948 
-2.84479 -2.71231 
1.09668 1.43688 
1.27759 2.77207 
4.33873 4.72585 
2.90194 -0.18470 
-1.22588 1.76545 
-3.67135 -2.65473 
1.95460 2.71724 
3.91391 2.13083 
5.80336 1.88623 
1.13859 2.08320 
5.79295 1.71821 
0.52318 1.77485 
-2.10909 0.01772 
-0.29459 -2.13256 
3.63812 4.23204 
3.16880 3.70994 
4.64849 1.32713 
1.48307 2.53734 
3.93563 0.89760 
5.75475 0.68553 
-0.41416 0.23773 
4.54850 0.62495 
3.34242 4.35967 
2.82827 2.56455 
1.03481 0.30047 
4.13183 2.09686 
2.51851 2.58670 
-2.42464 1.75546 
1.87189 2.29996 
3.22433 2.38360 
1.44062 3.82975 
3.26883 3.49944 
-3.34881 -2.35390 
2.49596 2.51317 
5.83648 1.86594 
5.31915 1.23688 
4.43125 2.65920 
-0.43621 0.56549 
-2.29797 -3.29997 
3.09586 4.59840 
3.30780 3.34636 
3.56409 0.84370 
3.67348 0.89761 
2.22942 2.88390 
2.97555 0.43623 
4.97663 3.05493 
0.05074 -0.90516 
-2.52010 -3.43235 
2.87898 -0.11169 
5.21365 2.87132 
-0.60291 -1.10950 
2.27900 0.91017 
6.27372 0.48794 
-2.71316 -1.17186 
3.93872 4.58438 
2.52156 2.67166 
5.08260 -0.22585 
1.93818 1.79785 
3.17052 4.38782 
0.73182 1.06039 
5.41086 0.04071 
-0.73687 3.20428 
-0.75190 2.09729 
4.26084 1.24457 
2.84506 1.92120 
-2.89097 -3.70400 
3.05749 0.47073 
0.19185 0.59680 
5.55342 -0.26529 
2.79918 1.72912 
0.41246 -0.08585 
3.74870 1.97431 
4.09930 1.20658 
2.27525 1.11440 
1.28966 2.41333 
1.04682 1.21014 
4.45669 4.97942 
1.74715 1.46978 
0.22771 -1.34856 
1.37624 3.31161 
3.46805 0.15809 
6.24741 2.27152 
1.45150 0.26405 
-4.11250 -2.99824 
-2.29787 -3.03132 
-3.46230 -3.30957 
-2.42658 -2.65918 
-1.29094 -0.04339 
4.79430 3.45638 
0.59104 -2.76911 
1.75928 1.68131 
1.03993 3.22221 
2.69446 2.22454 
4.84569 4.84565 
4.24651 3.03368 
-0.00248 -1.02795 
-3.03430 -2.99123 
4.80666 0.86072 
4.22362 2.98912 
5.75453 0.76218 
-0.18993 -0.05910 
-3.15921 -2.69945 
1.43640 -0.03547 
0.97307 2.44267 
0.29475 0.46672 
3.25237 3.42534 
1.60275 1.11702 
4.98745 -0.51398 
3.31721 2.02146 
-2.84625 -3.38259 
0.15238 -0.25201 
-1.98490 2.89741 
4.16793 2.93964 
-2.93961 -2.87260 
-1.23054 -0.16236 
2.34962 4.38465 
-2.75134 -2.87467 
-3.11267 -2.89096 
4.24891 3.70074 
-3.85489 -2.19672 
4.65708 2.67155 
6.77497 1.29936 
4.97039 1.04683 
0.54538 -1.79411 
3.86088 0.90437 
-2.59593 -3.67485 
1.98506 -0.19855 
1.12787 1.05524 
0.77996 1.13174 
-1.62741 0.08758 
0.45858 0.49683 
4.50720 1.38400 
1.17524 1.21676 
2.06410 -0.75890 
1.23981 -0.61194 
-0.49472 -0.90932 
0.40852 -2.71959 
-1.50970 2.51971 
-0.36502 1.15001 
-2.02221 -3.06972 
-2.83780 -2.87945 
2.71741 3.69472 
6.03291 0.63724 
-2.94919 -3.10480 
-2.66508 -2.40111 
1.61751 -0.96349 
2.38954 2.90189 
5.75304 0.00134 
4.30079 0.02078 
-3.54163 -3.03487 
-2.14067 -3.15967 
2.19184 2.86478 
2.81151 4.84924 
1.30491 2.18082 
-2.57052 -2.73616 
-0.97261 1.40575 
3.77336 1.50790 
-2.41559 1.49622 
-2.29096 -3.25214 
3.07884 2.57924 
-1.89207 1.73186 
3.46824 1.58074 
-2.99705 -2.92477 
3.46987 -0.45762 
3.59928 2.14002 
2.79302 1.66069 
-3.04539 -2.85296 
-3.59606 -1.97101 
3.19085 1.70277 
-0.33525 0.10643 
4.22715 0.18550 
1.99350 2.62279 
3.91397 0.23998 
-2.71180 -2.55469 
0.49077 -1.52232 
1.16997 -1.02992 
-2.14776 -2.36479 
4.02863 4.43807 
-3.33141 -3.32117 
4.56333 0.56554 
4.82347 1.54630 
4.06273 1.46710 
-1.64741 0.21116 
-1.74608 -3.15878 
0.71062 -3.74573 
-0.41233 -2.16044 
-1.20422 -2.64050 
6.33541 1.39666 
-0.05791 -2.00428 
-1.69627 -0.03230 
2.34532 3.06208 
-3.56278 -2.98035 
3.08319 -0.63100 
5.82085 -0.44941 
1.18098 -0.79767 
3.29044 4.29780 
2.57448 0.67196 
1.34780 0.52131 
-2.75427 -3.29453 
-3.33193 -3.43875 
2.58247 2.55478 
3.29633 2.70470 
-0.19063 -1.47295 
0.33692 -1.50162 
3.14318 1.18526 
1.70830 1.94303 
4.25123 3.47266 
-2.97777 -2.30131 
2.09506 3.42014 
1.60580 2.98886 
-0.96307 -3.09404 
1.62925 3.31998 
3.01540 1.95489 
-3.05727 -3.26825 
4.05649 1.82382 
5.27379 0.98167 
2.69366 0.51225 
-2.17319 -3.17505 
3.53508 0.67747 
-0.57554 -2.52997 
6.11828 2.21171 
3.65694 1.71260 
-0.28494 2.71979 
-2.94634 -3.49083 
5.42147 -0.62664 
3.36606 -0.00903 
0.28239 -0.60675 
-2.24101 -3.43038 
4.81036 0.31771 
-2.82777 -3.24465 
1.45559 0.89888 
4.83652 2.20225 
-0.02883 -0.11513 
0.36856 2.17465 
6.13535 0.71273 
1.43987 2.72852 
-3.58238 -3.69801 
5.61283 0.06432 
0.92409 -1.61972 
4.35039 2.57458 
-2.75913 -3.35933 
-2.10818 -1.12244 
4.43224 1.48063 
2.06977 2.99797 
5.30492 -0.03911 
0.13955 -0.07165 
1.44112 3.17167 
1.20103 4.48638 
-1.88462 -0.04713 
-2.76452 -3.23205 
-2.21006 -3.07804 
0.70726 -1.12725 
-1.21286 -1.06131 
1.43296 1.75965 
3.43700 1.15537 
2.73612 2.14938 
1.08579 -1.02785 
0.31824 -0.17595 
5.00984 3.25573 
3.34729 4.69781 
0.69205 2.12286 
-1.06661 -1.31584 
-0.95115 -1.14574 
3.50100 1.32055 
-3.54981 -3.45592 
5.05116 1.20597 
1.38269 3.51724 
2.94648 1.29751 
3.70656 3.25708 
6.42837 0.70356 
1.32098 1.63189 
3.55814 0.12837 
4.30557 0.44274 
5.72744 -0.16573 
-3.42380 -3.34883 
-2.32091 -3.43657 
2.01760 4.63549 
5.24389 0.97370 
3.22833 1.12455 
6.14217 1.23944 
2.35959 -1.65938 
6.33763 2.01993 
3.36606 2.97708 
2.79098 -0.28980 
-1.17934 -0.76959 
1.00769 4.86503 
-0.03591 0.38580 
2.21825 1.90411 
-0.27645 0.11613 
1.01644 1.49054 
2.09773 1.89122 
0.72875 -0.15060 
3.90705 -0.47097 
-1.69144 -0.12363 
5.87962 1.58978 
-0.72878 -1.23426 
1.79058 1.41448 
1.98376 2.77066 
-3.85790 -3.56997 
1.30704 -0.49354 
-3.83698 -3.27032 
-2.65405 -2.85934 
2.32641 0.87353 
1.01542 0.83594 
0.92323 -1.14979 
-2.59551 -2.31740 
-2.35663 -2.56352 
1.28290 -2.18406 
3.36217 0.93634 
0.14298 0.65459 
4.90707 -0.23038 
1.03781 -0.92060 
1.85136 2.76310 
1.52395 -1.54368 
0.59655 -1.65933 
-2.97861 -2.99244 
4.46076 1.55974 
1.76786 0.40345 
2.76196 1.50717 
-2.74623 -2.53063 
2.73569 2.91920 
2.20052 1.52236 
6.15352 0.25506 
1.74783 0.50868 
-2.65224 -2.87795 
4.62519 4.02336 
6.51560 -0.31151 
2.98288 1.60913 
2.87031 -2.73454 
0.68391 0.53423 
2.29524 3.23384 
5.47378 0.54465 
-2.60738 -2.92368 
-2.63080 -3.09908 
-0.35204 1.69225 
3.14567 2.18996 
-1.86292 -0.88052 
4.68881 2.91394 
-3.43053 -4.07753 
0.62997 0.74638 
2.10397 3.45668 
3.87171 4.27860 
4.69309 4.66051 
1.18828 2.79466 
2.70991 3.20203 
4.78387 2.92461 
2.82097 4.82658 
-1.86846 -2.25242 
1.85644 3.12062 
2.00500 3.65922 
-0.55010 -1.43222 
-1.37846 2.41299 
-2.70561 -3.29054 
5.09422 1.42740 
3.55354 3.64006 
4.96327 1.78017 
6.00176 1.81742 
-3.24915 -3.02376 
-0.83124 -1.13380 
2.28188 2.48184 
5.11973 -1.60739 
2.15522 2.30776 
-3.15707 -3.39691 
0.00664 -2.82494 
4.31972 0.35548 
6.49687 0.24240 
1.41313 2.37237 
1.21909 -1.70687 
2.58816 3.18607 
-3.61022 -3.18767 
3.90764 4.94863 
-0.88888 0.60758 
-3.07004 -2.95992 
1.58726 1.89692 
-1.80109 -2.39060 
-2.67169 -2.80332 
-0.83004 -1.30932 
1.26666 3.61785 
0.36341 1.59571 
-2.53197 -2.93396 
-2.41850 -2.87332 
1.11074 1.02023 
2.01876 2.58664 
2.63387 1.73410 
0.56944 0.41859 
3.48356 4.64094 
1.12107 2.55506 
-0.54999 -1.05039 
-2.44609 -4.18422 
2.08297 -1.82432 
-3.10479 -2.68464 
4.79155 1.49825 
4.17541 2.21819 
-3.19493 -2.90317 
0.04065 0.42714 
5.03186 -0.58747 
-3.26718 -3.60571 
1.51837 -2.01169 
3.98094 0.81395 
4.25554 2.09636 
1.57807 1.08951 
1.94608 3.41878 
3.39646 0.80646 
-3.19153 -2.86294 
4.68466 2.53680 
1.34973 0.13843 
2.74720 2.37108 
6.91198 2.91816 
1.90571 2.82029 
5.67059 -0.43531 
6.48267 -0.05980 
2.72236 2.49404 
4.56232 0.97665 
